/*--------------------------------*- C++ -*----------------------------------*\
| =========                 |                                                 |
| \\      /  F ield         | OpenFOAM: The Open Source CFD Toolbox           |
|  \\    /   O peration     | Version:  v1612+                                |
|   \\  /    A nd           | Web:      www.OpenFOAM.com                      |
|    \\/     M anipulation  |                                                 |
\*---------------------------------------------------------------------------*/
FoamFile
{
    version     2.0;
    format      ascii;
    class       volVectorField;
    location    "50";
    object      wallShearStress;
}
// * * * * * * * * * * * * * * * * * * * * * * * * * * * * * * * * * * * * * //

dimensions      [0 2 -2 0 0 0 0];

internalField   uniform (0 0 0);

boundaryField
{
    WALL
    {
        type            calculated;
        value           nonuniform List<vector> 
1511
(
(0.00199888 -0.0116556 0.00420252)
(0.00205664 -0.0117292 0.00439636)
(0.0020135 -0.0116066 0.00426551)
(0.00223627 -0.0118983 0.00422348)
(0.00194838 -0.0116486 0.0041381)
(0.00213766 -0.0115523 0.00410017)
(0.00177219 -0.0104605 0.00391642)
(0.00151457 -0.0105525 0.00429045)
(0.00196759 -0.0119084 0.0044952)
(0.00192132 -0.0116612 0.00431741)
(0.00195001 -0.0110161 0.00417673)
(0.0018435 -0.0106368 0.003598)
(0.00183386 -0.010948 0.00403963)
(0.00198955 -0.0109771 0.00393966)
(0.00183897 -0.0110655 0.00417459)
(0.00190231 -0.0108519 0.00405619)
(0.0018576 -0.0109598 0.00401723)
(0.00192171 -0.0114351 0.00421912)
(0.00180733 -0.0110102 0.00440844)
(0.00186104 -0.0120113 0.0044816)
(0.00224211 -0.012371 0.00445974)
(0.00175413 -0.0106857 0.00368509)
(0.00173445 -0.0106759 0.00343598)
(0.00203769 -0.0120038 0.0044092)
(0.00205079 -0.0116451 0.00467971)
(0.00189191 -0.0109336 0.00397649)
(0.00174514 -0.0105494 0.00398374)
(0.0018838 -0.0109258 0.00396429)
(0.00172944 -0.0109061 0.00417506)
(0.00188511 -0.0106485 0.00387177)
(0.00212886 -0.0116019 0.00458542)
(0.00179352 -0.0110136 0.00390022)
(0.00216883 -0.0120554 0.0048208)
(0.00210691 -0.0117291 0.00464375)
(0.00179833 -0.0117053 0.00420923)
(0.00193073 -0.0117099 0.00439814)
(0.00180671 -0.0103573 0.00389409)
(0.00176715 -0.0107414 0.00416394)
(0.00203454 -0.0115649 0.00406285)
(0.00209556 -0.0117492 0.00398434)
(0.00237576 -0.0124144 0.00441669)
(0.0020286 -0.0114273 0.00398748)
(0.00219076 -0.0118245 0.00424773)
(0.00201779 -0.0116367 0.00404253)
(0.00203356 -0.0119332 0.00437893)
(0.0022627 -0.0120195 0.00462078)
(0.00186378 -0.0117009 0.00437508)
(0.00175469 -0.0115202 0.00426772)
(0.0018194 -0.0115808 0.00418817)
(0.00211261 -0.0118364 0.00455279)
(0.00218905 -0.0119102 0.00454669)
(0.00179351 -0.0114016 0.0041297)
(0.00202639 -0.0118717 0.00452564)
(0.00175818 -0.0115644 0.00410856)
(0.00168149 -0.0114046 0.00385555)
(0.00181032 -0.0122653 0.00435884)
(0.0021894 -0.0117784 0.00434068)
(0.00195733 -0.0115886 0.00411835)
(0.00223252 -0.0111453 0.00354698)
(0.00199079 -0.0107191 0.00359011)
(0.00207143 -0.0104368 0.00325211)
(0.00207888 -0.0108544 0.00364265)
(0.0021569 -0.0110436 0.00344797)
(0.00214422 -0.0109121 0.00339144)
(0.00186419 -0.010655 0.0039141)
(0.00196419 -0.0108737 0.00401245)
(0.00189105 -0.0104719 0.00384343)
(0.00182356 -0.0104126 0.00381955)
(0.00193549 -0.0107326 0.00396012)
(0.00191176 -0.0106066 0.00396341)
(0.00190384 -0.0113935 0.00429343)
(0.00180636 -0.0107948 0.00403072)
(0.0020002 -0.0113207 0.00393691)
(0.00184751 -0.011465 0.00446242)
(0.0019097 -0.0113501 0.00400609)
(0.00187172 -0.0109763 0.00401809)
(0.00183669 -0.0108652 0.00403557)
(0.00168943 -0.0107196 0.00418213)
(0.0018942 -0.0108934 0.00379868)
(0.00170995 -0.0107023 0.00411628)
(0.00188295 -0.0106517 0.00390898)
(0.00169103 -0.0109047 0.00415313)
(0.00212826 -0.0118651 0.00391863)
(0.00193154 -0.0110543 0.00377785)
(0.00199115 -0.0114963 0.00383318)
(0.00187718 -0.0110452 0.0037387)
(0.00196399 -0.0110432 0.00390322)
(0.00205938 -0.0117529 0.0040991)
(0.00185287 -0.0106036 0.00368605)
(0.00170586 -0.0114125 0.00354416)
(0.00186229 -0.0111829 0.00401134)
(0.00172949 -0.0107168 0.00378096)
(0.00168818 -0.0107409 0.00364041)
(0.00200713 -0.0125294 0.0044207)
(0.00200002 -0.011974 0.00455385)
(0.00213435 -0.0122051 0.00448424)
(0.00180756 -0.0110592 0.00387934)
(0.00227617 -0.0128876 0.00449487)
(0.00210647 -0.0118598 0.00395529)
(0.00202355 -0.0119496 0.00422736)
(0.00190515 -0.0106091 0.00390346)
(0.0019218 -0.0103797 0.00358828)
(0.00179526 -0.0107989 0.00388122)
(0.00167202 -0.0106661 0.00403375)
(0.00184365 -0.0108025 0.0039945)
(0.00195601 -0.0107254 0.00398965)
(0.0018675 -0.0113944 0.00413931)
(0.00179646 -0.0107693 0.00407618)
(0.00185892 -0.0109143 0.00395217)
(0.00193314 -0.0111981 0.00418601)
(0.00195557 -0.0110868 0.00401737)
(0.00173918 -0.0107485 0.00399073)
(0.00187408 -0.0108959 0.00408253)
(0.00190047 -0.0111255 0.00418518)
(0.00185192 -0.0109311 0.00409954)
(0.00179876 -0.0107329 0.00408149)
(0.00176561 -0.01101 0.00414988)
(0.00169803 -0.010949 0.00410016)
(0.00199101 -0.0113716 0.0042623)
(0.00179971 -0.0117456 0.00433923)
(0.00183669 -0.0120672 0.00461278)
(0.00189871 -0.0116131 0.00436301)
(0.00192684 -0.0123155 0.00461865)
(0.00193967 -0.0118062 0.00442179)
(0.00174039 -0.0119609 0.00435546)
(0.00184567 -0.0123212 0.00436017)
(0.00155719 -0.0119625 0.00427893)
(0.00182708 -0.0114481 0.00416751)
(0.00205503 -0.0116859 0.00429083)
(0.0016301 -0.0121206 0.00442483)
(0.00168896 -0.0117294 0.00427086)
(0.00181248 -0.0114266 0.00424096)
(0.00200363 -0.0114424 0.00428256)
(0.00186758 -0.0116958 0.00437928)
(0.00185297 -0.0110415 0.00405902)
(0.00192329 -0.0113581 0.00447536)
(0.00198595 -0.0115168 0.00420531)
(0.00202947 -0.0119787 0.00442302)
(0.00206423 -0.0118389 0.0045518)
(0.00213135 -0.0117725 0.00447548)
(0.00188672 -0.0119837 0.00425434)
(0.00195381 -0.0116119 0.00420353)
(0.0018484 -0.0108759 0.00392165)
(0.00186734 -0.0111111 0.00415714)
(0.00195342 -0.0113364 0.00465345)
(0.00184681 -0.0110253 0.00412428)
(0.00188867 -0.0114379 0.00440787)
(0.00186173 -0.0112144 0.0041338)
(0.00162414 -0.00948373 0.00352676)
(0.00161697 -0.0097263 0.0036086)
(0.00142006 -0.00993263 0.00347459)
(0.0013392 -0.0103147 0.00358752)
(0.00130446 -0.00965349 0.00349914)
(0.0015318 -0.00941885 0.00366861)
(0.00160716 -0.00992143 0.00368198)
(0.00191765 -0.0102678 0.00415043)
(0.00180528 -0.0104494 0.00402631)
(0.00172925 -0.00971886 0.00375289)
(0.0020157 -0.00999504 0.00397966)
(0.00202006 -0.0104825 0.00412226)
(0.00176248 -0.010026 0.00390265)
(0.00187959 -0.0097962 0.00393877)
(0.00191809 -0.00973105 0.0037538)
(0.00172454 -0.00955823 0.00383905)
(0.00185196 -0.0100549 0.00401185)
(0.00180104 -0.0101445 0.00396809)
(0.00170692 -0.0104534 0.00395814)
(0.00155304 -0.00988981 0.00368756)
(0.00163728 -0.0106593 0.0037281)
(0.0016822 -0.0109127 0.00359318)
(0.00154379 -0.00982785 0.00339581)
(0.00146776 -0.0102367 0.00356897)
(0.00164015 -0.0105962 0.00364454)
(0.00155834 -0.0111435 0.00368285)
(0.00154764 -0.0103584 0.00348406)
(0.00156815 -0.0108462 0.00367096)
(0.0015254 -0.0106246 0.00355788)
(0.00153266 -0.0107385 0.00350053)
(0.00166445 -0.0103502 0.00351029)
(0.00163458 -0.0107075 0.00374472)
(0.0017714 -0.0103861 0.0035104)
(0.00170762 -0.0103635 0.00353121)
(0.00164599 -0.0108708 0.00362645)
(0.0017085 -0.0107151 0.00372017)
(0.00160336 -0.0109516 0.00356483)
(0.00184808 -0.0102955 0.00388946)
(0.00179527 -0.0107788 0.00362027)
(0.00217026 -0.0116896 0.00420718)
(0.00216929 -0.0117688 0.00414013)
(0.00218912 -0.0115667 0.00417826)
(0.00225478 -0.0122752 0.00447537)
(0.00215654 -0.0117283 0.00427677)
(0.0019831 -0.0120862 0.00447789)
(0.00192182 -0.0114401 0.00425809)
(0.00226321 -0.0119826 0.00407621)
(0.00211887 -0.0116645 0.00410418)
(0.00192937 -0.0118129 0.00450879)
(0.00227056 -0.0119887 0.0041132)
(0.00192715 -0.0114817 0.00444331)
(0.00207461 -0.0114352 0.00411984)
(0.0019725 -0.0119772 0.00438255)
(0.00169519 -0.011645 0.00424895)
(0.00212978 -0.0121908 0.00444713)
(0.00207911 -0.011926 0.00441188)
(0.00209815 -0.0119418 0.00438895)
(0.00159137 -0.0107774 0.00396906)
(0.00177071 -0.0110296 0.00412579)
(0.00165496 -0.0107634 0.00407634)
(0.00181829 -0.0109201 0.00397738)
(0.00173075 -0.0104694 0.00389411)
(0.00162815 -0.0108494 0.00397014)
(0.00168024 -0.0104333 0.00379898)
(0.00192757 -0.0104974 0.00389779)
(0.00163375 -0.0107426 0.00389593)
(0.00167691 -0.0107992 0.00409047)
(0.00161064 -0.0107364 0.00397022)
(0.0017908 -0.0118083 0.00453189)
(0.00196055 -0.012026 0.00437992)
(0.00199217 -0.0120897 0.00440391)
(0.00191571 -0.011758 0.00447552)
(0.00183589 -0.0120329 0.00454898)
(0.00176365 -0.0116843 0.00443485)
(0.00169817 -0.011167 0.00427267)
(0.00170899 -0.0110735 0.00414246)
(0.00191485 -0.0114746 0.00423593)
(0.001876 -0.0115655 0.00428495)
(0.00175572 -0.0113479 0.00435643)
(0.00189381 -0.0116311 0.00428004)
(0.00193594 -0.0113834 0.00406522)
(0.00203297 -0.011204 0.00385618)
(0.0020905 -0.0116342 0.00409879)
(0.00209755 -0.0121353 0.00422106)
(0.00196129 -0.0115838 0.00413175)
(0.00204323 -0.0117976 0.00413338)
(0.00202523 -0.0118479 0.00427263)
(0.00208717 -0.0119056 0.00426961)
(0.00185962 -0.0116251 0.0046995)
(0.00186887 -0.010968 0.00423655)
(0.00205374 -0.0114763 0.00403164)
(0.00197392 -0.0115577 0.00438076)
(0.0022842 -0.0125502 0.00498578)
(0.00188032 -0.0111117 0.004146)
(0.00183892 -0.0116296 0.00422553)
(0.00204811 -0.0116346 0.00447679)
(0.00184537 -0.0116071 0.00402224)
(0.00176372 -0.0104978 0.00335856)
(0.00172631 -0.0107061 0.0034138)
(0.00169865 -0.010802 0.00328689)
(0.0017288 -0.0106829 0.00333903)
(0.0016019 -0.0100791 0.00334087)
(0.00162634 -0.0105295 0.00337943)
(0.00189725 -0.0104247 0.00349269)
(0.0018635 -0.0102918 0.00346906)
(0.00196137 -0.0106515 0.00369587)
(0.00197627 -0.0112127 0.00400312)
(0.00198723 -0.0108105 0.003858)
(0.00186751 -0.0111004 0.00390164)
(0.00190639 -0.0109137 0.00396729)
(0.00197793 -0.0110669 0.0039195)
(0.00205901 -0.0109673 0.00391594)
(0.00195029 -0.0107865 0.00395291)
(0.00190238 -0.010455 0.00359149)
(0.00215495 -0.0105932 0.00367114)
(0.00197746 -0.0104742 0.00361441)
(0.00204015 -0.0108763 0.00386563)
(0.00180489 -0.0119188 0.00427302)
(0.00202492 -0.0118578 0.00454807)
(0.00202779 -0.0115645 0.00426647)
(0.00210219 -0.0122589 0.00464807)
(0.00197916 -0.0120582 0.00437959)
(0.0020996 -0.0121285 0.00453513)
(0.00177289 -0.0119575 0.00414192)
(0.00194525 -0.0118993 0.00451654)
(0.00186689 -0.01176 0.00424366)
(0.00192289 -0.0118344 0.00422182)
(0.00196558 -0.0119271 0.00440405)
(0.00200538 -0.0128031 0.00471978)
(0.00180833 -0.0112852 0.00426569)
(0.00192627 -0.011188 0.00415262)
(0.0020066 -0.0114529 0.0042205)
(0.00193172 -0.0112555 0.00414749)
(0.00183396 -0.0111122 0.0042337)
(0.00187335 -0.0110666 0.00415568)
(0.00190341 -0.011217 0.00405273)
(0.00174175 -0.0110641 0.00401401)
(0.00162651 -0.0116545 0.00422235)
(0.00175456 -0.0112177 0.00404875)
(0.00181125 -0.0112665 0.00412862)
(0.00179441 -0.0113603 0.00416169)
(0.00158741 -0.0114673 0.00413319)
(0.00176051 -0.0112903 0.00409533)
(0.00145421 -0.0114441 0.00419554)
(0.0015299 -0.0113683 0.00409004)
(0.00195855 -0.0115107 0.0042945)
(0.00155871 -0.0113018 0.00403203)
(0.00166884 -0.0109879 0.00415188)
(0.00170057 -0.0107821 0.00408715)
(0.00181112 -0.0104929 0.00386743)
(0.00180964 -0.0111978 0.00414642)
(0.0017603 -0.0103667 0.00406946)
(0.00197801 -0.0107046 0.00421628)
(0.00232325 -0.0104594 0.00395696)
(0.00185009 -0.0106087 0.00394468)
(0.00210783 -0.0104619 0.00383547)
(0.00211102 -0.0103669 0.00389821)
(0.00202059 -0.010811 0.00409867)
(0.00175734 -0.0108594 0.00395974)
(0.00163519 -0.0110568 0.00408396)
(0.00176585 -0.01133 0.00430735)
(0.00192484 -0.0110976 0.00417864)
(0.0016934 -0.0108494 0.00400178)
(0.00151538 -0.0109012 0.00403334)
(0.00184422 -0.0114098 0.00431983)
(0.00172034 -0.0111337 0.00418489)
(0.00186141 -0.0107007 0.00403422)
(0.00184079 -0.0112145 0.00417634)
(0.00194603 -0.0111717 0.00419036)
(0.00184307 -0.0112981 0.00419883)
(0.00211706 -0.0120351 0.00433945)
(0.00195665 -0.011922 0.00456974)
(0.00193463 -0.0115175 0.00421395)
(0.00219349 -0.0121552 0.00452504)
(0.00213468 -0.0118164 0.00462591)
(0.0020201 -0.0117267 0.00428344)
(0.00167826 -0.0106542 0.00396968)
(0.00197802 -0.0110479 0.00416406)
(0.00194431 -0.0113471 0.0041927)
(0.00173413 -0.0109033 0.00413752)
(0.00168351 -0.0108922 0.00399308)
(0.00207624 -0.0116346 0.00430045)
(0.00185842 -0.0105911 0.00400229)
(0.00197969 -0.0112004 0.00403426)
(0.00187205 -0.0109367 0.00401134)
(0.00180514 -0.0104969 0.00389087)
(0.00192237 -0.0110278 0.00399388)
(0.00234933 -0.0111308 0.00395812)
(0.00175275 -0.0108272 0.00393925)
(0.00187607 -0.0111936 0.00415732)
(0.00178541 -0.0108764 0.004036)
(0.00192937 -0.0108856 0.0041418)
(0.00192789 -0.0110312 0.0038023)
(0.00187783 -0.0112018 0.0042146)
(0.00199529 -0.0110785 0.00413727)
(0.00206008 -0.0111421 0.00408273)
(0.00203001 -0.0112895 0.0040912)
(0.0020394 -0.0109849 0.00392486)
(0.00197552 -0.0111631 0.00410163)
(0.00205716 -0.0110924 0.00402591)
(0.0021239 -0.0112093 0.00380182)
(0.00213313 -0.0113725 0.00390052)
(0.00193682 -0.0111357 0.00392038)
(0.0020853 -0.0111326 0.00383644)
(0.00207867 -0.0114192 0.00406455)
(0.00197964 -0.0110727 0.00394077)
(0.00197863 -0.0114923 0.00415652)
(0.00202684 -0.0113784 0.00423286)
(0.002117 -0.0116704 0.00425512)
(0.00174675 -0.0115079 0.00440109)
(0.00203704 -0.011665 0.00433777)
(0.00188252 -0.0116748 0.00433863)
(0.00151941 -0.0114497 0.00414755)
(0.00165975 -0.0116375 0.00433349)
(0.00148598 -0.0115613 0.00399401)
(0.00167582 -0.0120993 0.00431672)
(0.00182182 -0.0115119 0.00421992)
(0.00205797 -0.011685 0.0042803)
(0.00204764 -0.0123726 0.00463528)
(0.00183196 -0.0116577 0.004363)
(0.00208224 -0.0117793 0.00440678)
(0.00203938 -0.0118688 0.00447344)
(0.00212581 -0.0118373 0.00437891)
(0.00180813 -0.0119552 0.00454794)
(0.00137305 -0.0111222 0.00393371)
(0.00146203 -0.0112703 0.00397118)
(0.00174833 -0.0111475 0.00408698)
(0.00166993 -0.0108258 0.0039785)
(0.00155414 -0.011321 0.00412479)
(0.00147467 -0.0107681 0.00398156)
(0.00186383 -0.0115781 0.00411784)
(0.00205104 -0.0116198 0.00453324)
(0.00204466 -0.0123028 0.00450925)
(0.00188477 -0.0119441 0.00410882)
(0.00206669 -0.0114017 0.00427146)
(0.0018816 -0.0121513 0.00446369)
(0.00183135 -0.0107476 0.00394108)
(0.00190878 -0.0110182 0.00408154)
(0.00171576 -0.0106237 0.00394596)
(0.00169419 -0.010809 0.0038618)
(0.00173357 -0.0113096 0.00409009)
(0.0019773 -0.0113475 0.00431931)
(0.00167521 -0.0114282 0.00422059)
(0.0016169 -0.0122303 0.00438831)
(0.00190729 -0.0122052 0.00443174)
(0.00175914 -0.0121818 0.00432054)
(0.00182268 -0.0124898 0.00460239)
(0.00207279 -0.0119757 0.00466287)
(0.00177637 -0.0114582 0.00430728)
(0.00198728 -0.0113349 0.00427247)
(0.00154263 -0.0114541 0.00422753)
(0.00172299 -0.0116601 0.00418324)
(0.00176169 -0.0116419 0.00414494)
(0.00162633 -0.0113269 0.00399959)
(0.00162281 -0.0113969 0.00411592)
(0.00170693 -0.0112449 0.00390939)
(0.00167261 -0.0119636 0.00428332)
(0.00190046 -0.0112418 0.00407655)
(0.00179227 -0.010768 0.00396401)
(0.00178294 -0.0110914 0.00406006)
(0.00168008 -0.0114995 0.00430333)
(0.00154848 -0.0110704 0.00401389)
(0.00154471 -0.0112971 0.00410955)
(0.00150741 -0.0114906 0.00429914)
(0.00159707 -0.0113269 0.0041375)
(0.00157026 -0.0114658 0.00433461)
(0.00157515 -0.010978 0.00401563)
(0.0016286 -0.0109745 0.00414193)
(0.001709 -0.0115304 0.00425799)
(0.00152402 -0.0111656 0.00419751)
(0.00165999 -0.0110711 0.00414909)
(0.00165183 -0.0112625 0.00419377)
(0.00174742 -0.0112071 0.00414414)
(0.00162846 -0.0113915 0.00426001)
(0.00179567 -0.0114097 0.00433218)
(0.00185643 -0.011332 0.00425578)
(0.00153248 -0.0112768 0.00425459)
(0.00193468 -0.0116478 0.00438148)
(0.00147056 -0.010882 0.00414973)
(0.0015402 -0.011006 0.00429961)
(0.00166637 -0.0110437 0.00414747)
(0.00166729 -0.0107662 0.00407555)
(0.00163444 -0.0105921 0.00397688)
(0.00144531 -0.0110201 0.00421843)
(0.00186213 -0.0115161 0.00424663)
(0.00199666 -0.0116791 0.00427619)
(0.0019752 -0.0119809 0.00431916)
(0.00196309 -0.0117555 0.00444527)
(0.00220115 -0.011709 0.00435456)
(0.00194242 -0.0120822 0.0042901)
(0.00179294 -0.0104044 0.00391517)
(0.00156455 -0.0103371 0.00400462)
(0.00159807 -0.0101347 0.00403789)
(0.00191019 -0.0105242 0.00391573)
(0.00191341 -0.0105582 0.00378667)
(0.00181015 -0.0103338 0.00373349)
(0.0018993 -0.0120929 0.00425881)
(0.00189732 -0.0120905 0.00446066)
(0.00229491 -0.0133236 0.00439391)
(0.00175943 -0.0110556 0.00423329)
(0.00232095 -0.0131537 0.00466454)
(0.00192331 -0.0113143 0.00426533)
(0.00188585 -0.0113752 0.00414893)
(0.00201299 -0.0113501 0.00419073)
(0.00198183 -0.011429 0.00419773)
(0.00195883 -0.0114222 0.00408554)
(0.00186405 -0.0113074 0.00420728)
(0.00189195 -0.0111115 0.00421724)
(0.00189688 -0.0109666 0.00408598)
(0.00195841 -0.011207 0.0041704)
(0.00198306 -0.0110739 0.00411418)
(0.00211057 -0.0111275 0.00411001)
(0.00206723 -0.0110703 0.00404669)
(0.00165084 -0.0109018 0.00429054)
(0.00181889 -0.0109371 0.00406964)
(0.00175579 -0.0108987 0.00410133)
(0.00177213 -0.0108368 0.00398386)
(0.0018473 -0.0111584 0.00420709)
(0.00203168 -0.0113663 0.00413987)
(0.00194073 -0.0112109 0.00405428)
(0.00191354 -0.0111057 0.00399865)
(0.00194977 -0.010926 0.00396708)
(0.00196763 -0.0110821 0.00395558)
(0.00186773 -0.0111946 0.00410159)
(0.0016863 -0.0117696 0.0038166)
(0.00183475 -0.0117961 0.00399569)
(0.00206678 -0.0121128 0.0044454)
(0.00196676 -0.0121205 0.00416283)
(0.0019977 -0.0112674 0.00430465)
(0.00173472 -0.0115577 0.00401549)
(0.00172548 -0.0117459 0.00402114)
(0.00181118 -0.0112125 0.00405367)
(0.0018441 -0.0116737 0.00413613)
(0.00181677 -0.0118908 0.00420023)
(0.00197228 -0.0117875 0.00427772)
(0.00184957 -0.012086 0.00414357)
(0.00189419 -0.0106672 0.00382658)
(0.00182191 -0.0106065 0.0039038)
(0.00192166 -0.0110125 0.00414429)
(0.00190186 -0.0108591 0.00392512)
(0.00195039 -0.01115 0.00400109)
(0.00183205 -0.010943 0.0040959)
(0.00188972 -0.0109129 0.0041436)
(0.00203347 -0.0112942 0.00412112)
(0.00198674 -0.0112059 0.00418237)
(0.00188226 -0.0112386 0.00454207)
(0.00185228 -0.0107018 0.00403272)
(0.00182044 -0.0110413 0.00433335)
(0.0015895 -0.0110433 0.00388077)
(0.00139242 -0.0110923 0.00379452)
(0.00160274 -0.0111081 0.00383417)
(0.00143863 -0.011429 0.00382501)
(0.00192284 -0.0112005 0.00391737)
(0.0016529 -0.0107212 0.00373325)
(0.00173975 -0.0108511 0.00378783)
(0.0017979 -0.0108662 0.00387603)
(0.00178801 -0.0106774 0.00388491)
(0.00178513 -0.0108372 0.00396629)
(0.00187434 -0.0110061 0.00397731)
(0.00190923 -0.0109465 0.00394899)
(0.00203424 -0.0111723 0.00426472)
(0.00192502 -0.0106624 0.00413185)
(0.00176324 -0.0107733 0.00379576)
(0.00173495 -0.0104713 0.00375454)
(0.00182715 -0.0109075 0.0038831)
(0.00174395 -0.0110171 0.00383893)
(0.00181761 -0.0108244 0.00383357)
(0.00166482 -0.0107579 0.0036527)
(0.00183369 -0.0105094 0.00373049)
(0.00182643 -0.010519 0.00390669)
(0.0016513 -0.0102936 0.00348208)
(0.00173063 -0.0102523 0.00355896)
(0.00187355 -0.0117912 0.00415213)
(0.00202605 -0.012334 0.00459321)
(0.00203331 -0.0121506 0.00447916)
(0.00187613 -0.0124738 0.00429206)
(0.00204081 -0.0121706 0.00460915)
(0.0020728 -0.012576 0.00446591)
(0.00205689 -0.0114841 0.00412953)
(0.00182214 -0.0111381 0.00399124)
(0.00181077 -0.0114499 0.00435605)
(0.00185432 -0.0118069 0.00423925)
(0.00187834 -0.0111145 0.00398117)
(0.00178214 -0.0108753 0.00436643)
(0.00183666 -0.0118494 0.00419673)
(0.00201902 -0.0113305 0.00418064)
(0.00180502 -0.0117585 0.0041793)
(0.00187093 -0.0113072 0.00406943)
(0.00178537 -0.0114684 0.00442911)
(0.00181464 -0.0106285 0.00386268)
(0.00202038 -0.0107579 0.00386718)
(0.00186175 -0.0104444 0.00392923)
(0.0018556 -0.0106449 0.00397747)
(0.00171351 -0.0107235 0.00395449)
(0.00194819 -0.0103988 0.0037567)
(0.00172087 -0.0102341 0.00364239)
(0.00165565 -0.0102285 0.00338323)
(0.00194963 -0.0111865 0.00389657)
(0.00170606 -0.0103955 0.00384861)
(0.00171814 -0.0107392 0.00391186)
(0.00187396 -0.0110692 0.00397282)
(0.00182634 -0.010661 0.00386679)
(0.00183077 -0.0110395 0.00411381)
(0.00198641 -0.0109128 0.00424269)
(0.00171506 -0.0112683 0.0042153)
(0.00198949 -0.0110183 0.00409672)
(0.00166426 -0.0108401 0.00409967)
(0.00183151 -0.0114174 0.00425457)
(0.00188995 -0.0111917 0.00427261)
(0.00154197 -0.0122111 0.00420605)
(0.00166408 -0.0110837 0.00391823)
(0.00169052 -0.0121456 0.00428908)
(0.00175828 -0.0116973 0.00412808)
(0.00181025 -0.0117438 0.00438214)
(0.0016587 -0.0115707 0.00400702)
(0.00174889 -0.0108311 0.00409732)
(0.00160061 -0.010529 0.00418016)
(0.00183365 -0.0108026 0.00409165)
(0.00165672 -0.0106691 0.00405371)
(0.00152464 -0.0105478 0.00417425)
(0.001835 -0.0109937 0.00423348)
(0.00205675 -0.0118896 0.00455762)
(0.00204991 -0.0121882 0.00456166)
(0.002078 -0.0123574 0.00451392)
(0.00193718 -0.0118337 0.0043523)
(0.00203747 -0.0121604 0.00446899)
(0.00212948 -0.0118594 0.00439662)
(0.00213766 -0.011851 0.00438343)
(0.00219705 -0.0117215 0.0043281)
(0.00211614 -0.0116573 0.00425834)
(0.00214505 -0.0117462 0.00430971)
(0.00204521 -0.0116991 0.00440609)
(0.00219866 -0.0117508 0.00433057)
(0.00218901 -0.0116467 0.00419918)
(0.00202815 -0.011447 0.00416087)
(0.00197309 -0.0118157 0.00434463)
(0.0017706 -0.0116654 0.00429591)
(0.00200932 -0.0121832 0.00442385)
(0.00203479 -0.0120463 0.00442939)
(0.00185114 -0.0116023 0.00418353)
(0.00186736 -0.0118792 0.00449744)
(0.00201326 -0.0117157 0.00425168)
(0.00182236 -0.0105998 0.00392828)
(0.00148655 -0.0106262 0.00384707)
(0.00200725 -0.0109883 0.00409158)
(0.00171362 -0.0111146 0.0039995)
(0.00189675 -0.0105346 0.00385828)
(0.0018354 -0.0107451 0.0040713)
(0.00201203 -0.0105617 0.0038059)
(0.00194609 -0.0104798 0.00384362)
(0.00196664 -0.0107342 0.00398672)
(0.00190316 -0.0106918 0.00396354)
(0.00212945 -0.0106732 0.0038827)
(0.00196461 -0.01182 0.00441455)
(0.00182439 -0.0111046 0.00391317)
(0.00186078 -0.0113524 0.00424047)
(0.00182466 -0.0112033 0.00409283)
(0.00193265 -0.0111647 0.00400098)
(0.0019643 -0.0111302 0.00403152)
(0.00192699 -0.0110254 0.00393866)
(0.00189437 -0.0108731 0.00393246)
(0.00181245 -0.0110598 0.00406772)
(0.00197893 -0.0114693 0.00429807)
(0.00191807 -0.0101102 0.00368992)
(0.00190883 -0.010282 0.00374688)
(0.001912 -0.0103726 0.00381861)
(0.00175397 -0.0119188 0.00425005)
(0.00182863 -0.0120348 0.00412923)
(0.00149749 -0.0119412 0.00389844)
(0.0020745 -0.0121106 0.0044498)
(0.00183739 -0.0118696 0.0043561)
(0.00183057 -0.0123188 0.0039341)
(0.0016601 -0.0118996 0.00412998)
(0.00166923 -0.0121114 0.00410051)
(0.00207384 -0.0119866 0.00442378)
(0.00179463 -0.011909 0.00441274)
(0.00167991 -0.0120594 0.00424528)
(0.00193431 -0.0119377 0.00438792)
(0.00166223 -0.0115346 0.00405813)
(0.00208563 -0.012133 0.00449704)
(0.00199106 -0.0121646 0.00444813)
(0.00184994 -0.0116763 0.00436508)
(0.00168853 -0.0104342 0.00380155)
(0.00163821 -0.0104207 0.00372052)
(0.00167007 -0.0106123 0.00369239)
(0.00157455 -0.0106057 0.00352591)
(0.00172425 -0.0104733 0.00380496)
(0.00179299 -0.0106321 0.00380964)
(0.00145468 -0.0106462 0.00375913)
(0.00145935 -0.0106815 0.00355957)
(0.00151723 -0.0105291 0.00370342)
(0.0013361 -0.0105462 0.00366846)
(0.00174395 -0.010896 0.00364886)
(0.00176611 -0.0111058 0.00399267)
(0.00178825 -0.0109794 0.00386299)
(0.00176241 -0.0108505 0.00377599)
(0.00196579 -0.0107113 0.00368188)
(0.00195953 -0.010785 0.00374453)
(0.0017132 -0.0101904 0.00409895)
(0.00186567 -0.0109036 0.0039543)
(0.00199959 -0.0114838 0.00412292)
(0.00178175 -0.0107835 0.00416203)
(0.00206064 -0.0112606 0.0040185)
(0.00205325 -0.0105683 0.00392614)
(0.0017392 -0.0105609 0.00373004)
(0.00194323 -0.0101767 0.0039654)
(0.00177375 -0.0100485 0.00372731)
(0.00171364 -0.00986775 0.00379489)
(0.00168343 -0.0101483 0.00395645)
(0.0019869 -0.0109769 0.00399291)
(0.00189049 -0.0109559 0.00431597)
(0.00190155 -0.0111876 0.00418169)
(0.00178325 -0.0107078 0.00379513)
(0.00170379 -0.010491 0.00407173)
(0.00196268 -0.0105489 0.00442489)
(0.00203401 -0.0109951 0.00420225)
(0.00196253 -0.0109824 0.00407141)
(0.00199408 -0.0111105 0.00415429)
(0.00190624 -0.010948 0.00409213)
(0.0018989 -0.0108249 0.00406517)
(0.0019267 -0.0109881 0.00419214)
(0.0017345 -0.01068 0.00403942)
(0.00173934 -0.0107435 0.00411716)
(0.00186323 -0.0105544 0.00408201)
(0.00183308 -0.0116896 0.00394514)
(0.0017683 -0.0120738 0.0040624)
(0.00140406 -0.0108882 0.00356383)
(0.00164896 -0.0115132 0.00373929)
(0.00184656 -0.0124947 0.00445205)
(0.0016403 -0.0122457 0.0044024)
(0.00183089 -0.0118404 0.00447687)
(0.00179512 -0.0120126 0.00437936)
(0.00163658 -0.0120383 0.00422325)
(0.00201613 -0.0122213 0.00434705)
(0.00161356 -0.0120497 0.00421025)
(0.00166909 -0.0122889 0.00416909)
(0.00167394 -0.0122532 0.00422944)
(0.00180353 -0.0119807 0.00429389)
(0.00182367 -0.0113883 0.00397447)
(0.00182271 -0.01188 0.00401779)
(0.00209029 -0.0119892 0.00444626)
(0.00171754 -0.0110303 0.00437012)
(0.00191673 -0.011454 0.00434859)
(0.00184391 -0.0110631 0.00429342)
(0.00191911 -0.0111512 0.00416902)
(0.00193237 -0.011089 0.00405928)
(0.00193575 -0.0114309 0.00424857)
(0.00193476 -0.0111173 0.00423414)
(0.00196171 -0.0112405 0.00430307)
(0.00191975 -0.0112139 0.0042009)
(0.00191929 -0.0112806 0.00425131)
(0.00188732 -0.011169 0.00437002)
(0.0017651 -0.0105548 0.00404804)
(0.00174045 -0.0108952 0.00424994)
(0.0017721 -0.0106001 0.0040944)
(0.00179347 -0.0107409 0.00415615)
(0.00181013 -0.0106352 0.00402164)
(0.00195061 -0.0107438 0.0039527)
(0.0019066 -0.0108299 0.00391954)
(0.00152402 -0.0112363 0.00372804)
(0.0019335 -0.0111394 0.00415977)
(0.00199649 -0.0110926 0.00409761)
(0.00189133 -0.0109147 0.00415072)
(0.00190004 -0.0113019 0.00422358)
(0.00192037 -0.0113167 0.00414878)
(0.002055 -0.011334 0.00408418)
(0.00187361 -0.0110764 0.00402823)
(0.00190272 -0.0114709 0.00381784)
(0.00198005 -0.0121146 0.00435765)
(0.00176386 -0.0107923 0.00420911)
(0.0017399 -0.0105523 0.00409813)
(0.00176822 -0.0104683 0.00392156)
(0.00158972 -0.0108068 0.00423212)
(0.00171759 -0.0105185 0.00397108)
(0.00171756 -0.0106302 0.00407406)
(0.00151623 -0.01057 0.00399806)
(0.00149353 -0.0102743 0.00403907)
(0.00154671 -0.0110264 0.00382196)
(0.00193806 -0.0115128 0.00422926)
(0.00149352 -0.0116105 0.00400148)
(0.00180161 -0.0109452 0.00381997)
(0.00176861 -0.0111151 0.00395025)
(0.00197667 -0.0115584 0.00426035)
(0.00200436 -0.0114214 0.00415953)
(0.00165032 -0.0108771 0.00373767)
(0.0018353 -0.011799 0.00395141)
(0.00178504 -0.0115652 0.00420385)
(0.00182609 -0.0113952 0.00397049)
(0.00170334 -0.011765 0.00412698)
(0.00178246 -0.0105581 0.00371967)
(0.00186267 -0.0108719 0.00380558)
(0.00184833 -0.0112182 0.00397307)
(0.00169508 -0.0112374 0.00415195)
(0.00165904 -0.0104055 0.00376092)
(0.00152964 -0.0103974 0.00375544)
(0.00142659 -0.0109142 0.00378372)
(0.00158534 -0.0108217 0.00389472)
(0.00150507 -0.0106462 0.00377297)
(0.00144667 -0.0109677 0.00398694)
(0.00146336 -0.0104078 0.00375051)
(0.0015902 -0.0103927 0.00373277)
(0.00153344 -0.0102411 0.00341749)
(0.00178551 -0.0104536 0.00368818)
(0.00156108 -0.0109394 0.00380992)
(0.00201689 -0.0115621 0.00425977)
(0.001703 -0.0117398 0.00394111)
(0.00178347 -0.0112384 0.00393399)
(0.00143383 -0.0107044 0.00359874)
(0.00170195 -0.0106995 0.00385851)
(0.00152016 -0.0102135 0.00368994)
(0.00187448 -0.0105962 0.00401695)
(0.00169666 -0.0105082 0.00369497)
(0.0017466 -0.0106475 0.00378627)
(0.00175803 -0.010408 0.00382768)
(0.00210102 -0.0122624 0.00444559)
(0.00201143 -0.0114611 0.00430847)
(0.00164065 -0.0119685 0.00418962)
(0.00176143 -0.0117212 0.00422298)
(0.00155456 -0.0108026 0.00408176)
(0.00174587 -0.0110053 0.00426843)
(0.00163041 -0.0107605 0.0040697)
(0.00169554 -0.0107761 0.00408487)
(0.00167766 -0.010978 0.00421654)
(0.00177784 -0.0108529 0.00405893)
(0.00172098 -0.0110607 0.00425475)
(0.00174678 -0.0109121 0.00409449)
(0.00172333 -0.0110394 0.00425888)
(0.00178417 -0.0109644 0.00407616)
(0.00163148 -0.011089 0.00421622)
(0.00176161 -0.0112303 0.00426161)
(0.00180429 -0.0118154 0.00439295)
(0.00152378 -0.0115821 0.00416315)
(0.00133058 -0.0115641 0.00420279)
(0.00166421 -0.0110958 0.00404928)
(0.00165524 -0.0111632 0.0042325)
(0.00162276 -0.0109488 0.00408964)
(0.00155511 -0.0109212 0.00422494)
(0.00146054 -0.0110249 0.00416952)
(0.00157755 -0.0110928 0.00422535)
(0.0016534 -0.0112441 0.00429664)
(0.00164719 -0.0108369 0.00414487)
(0.00171114 -0.0108234 0.00413051)
(0.001684 -0.0109875 0.0041977)
(0.00153473 -0.0111628 0.00421293)
(0.00168044 -0.0111801 0.00401238)
(0.00167904 -0.0113996 0.00415199)
(0.00172658 -0.0116965 0.0043443)
(0.00163297 -0.0113087 0.00405546)
(0.00181804 -0.0114814 0.00425826)
(0.00180774 -0.0113675 0.00408222)
(0.00193597 -0.0117307 0.00438225)
(0.00195876 -0.0115348 0.00414188)
(0.00180739 -0.0113388 0.00408602)
(0.00157105 -0.011155 0.00413802)
(0.00158036 -0.011323 0.00422735)
(0.00172657 -0.0116214 0.00438683)
(0.00171978 -0.011679 0.00413939)
(0.00161556 -0.0115912 0.0041496)
(0.00186176 -0.0120604 0.00421711)
(0.00190564 -0.0121165 0.00452729)
(0.00160614 -0.0118838 0.00434847)
(0.00187934 -0.0114872 0.00407213)
(0.00194499 -0.0115237 0.00430747)
(0.00210746 -0.0119109 0.00450954)
(0.00210377 -0.0123835 0.00454435)
(0.00229101 -0.0124792 0.00458144)
(0.00215468 -0.0120063 0.00452838)
(0.001903 -0.0118073 0.00433674)
(0.00184908 -0.0122702 0.00444808)
(0.00213069 -0.0120615 0.0045)
(0.00193408 -0.0124485 0.00465861)
(0.00203917 -0.0126434 0.00452145)
(0.0018121 -0.01218 0.00447648)
(0.00171331 -0.0124296 0.00439279)
(0.00165458 -0.0120838 0.00431596)
(0.00181452 -0.0110842 0.00408336)
(0.00163072 -0.0108251 0.00393089)
(0.00179118 -0.0114877 0.00398561)
(0.00202356 -0.0117338 0.00441316)
(0.00193773 -0.0116454 0.00435196)
(0.00205025 -0.0117827 0.00432157)
(0.00200893 -0.0119151 0.00443868)
(0.00184315 -0.0113038 0.00419011)
(0.00192223 -0.0112311 0.00414359)
(0.00173481 -0.0108591 0.00415345)
(0.00172806 -0.0108383 0.00401676)
(0.00157634 -0.0110153 0.00386778)
(0.001632 -0.0115268 0.00404623)
(0.00196414 -0.0120995 0.00453712)
(0.00194072 -0.0117207 0.00434361)
(0.00201525 -0.0121127 0.00444256)
(0.00194775 -0.0117834 0.00444493)
(0.00205504 -0.0118749 0.0044122)
(0.00212414 -0.0120578 0.00442277)
(0.00190106 -0.0119291 0.00445618)
(0.00166414 -0.0117531 0.00436865)
(0.00186796 -0.0120693 0.00447859)
(0.00193381 -0.0117747 0.00442942)
(0.0020699 -0.0121603 0.00455397)
(0.00170001 -0.0123793 0.00429664)
(0.00167501 -0.0122495 0.00436014)
(0.00144714 -0.0118008 0.00410103)
(0.00152554 -0.0114891 0.00401421)
(0.00138131 -0.0113546 0.00380144)
(0.00160834 -0.0112394 0.00381056)
(0.0019067 -0.0121349 0.00422706)
(0.00190312 -0.0121289 0.00445898)
(0.00234954 -0.0121516 0.00440293)
(0.00218404 -0.0120441 0.00435731)
(0.00220168 -0.0119774 0.00445309)
(0.00220139 -0.0120582 0.00435866)
(0.00205908 -0.0116604 0.00385964)
(0.00190739 -0.0114772 0.00401927)
(0.00221317 -0.0116044 0.00409894)
(0.00202383 -0.0117537 0.00415754)
(0.00204955 -0.0114344 0.00400764)
(0.00202389 -0.0110947 0.00405171)
(0.0019123 -0.0110352 0.00400341)
(0.00198544 -0.0112712 0.00407268)
(0.00212874 -0.0113969 0.00402426)
(0.00221789 -0.0116746 0.0041444)
(0.00200249 -0.0112662 0.00402184)
(0.00204061 -0.0112851 0.00404669)
(0.00195075 -0.0113945 0.00424893)
(0.0019193 -0.0108231 0.00382348)
(0.00215713 -0.011344 0.00386911)
(0.00182159 -0.0108063 0.00404245)
(0.00200409 -0.0109918 0.00386872)
(0.00216747 -0.0110919 0.00385368)
(0.00191433 -0.0116836 0.00446384)
(0.00185651 -0.0109724 0.00396143)
(0.00199295 -0.0112507 0.00391423)
(0.00191208 -0.0111823 0.00385435)
(0.00183784 -0.0113658 0.00389085)
(0.00193869 -0.0109731 0.00384396)
(0.00187435 -0.0111053 0.0043239)
(0.00198276 -0.011506 0.00410443)
(0.00190461 -0.01122 0.00425732)
(0.00189946 -0.0114221 0.00404127)
(0.00195113 -0.0114451 0.00390051)
(0.00200461 -0.0116404 0.00389096)
(0.00194993 -0.0111981 0.00383191)
(0.00187292 -0.0115382 0.00413402)
(0.00189584 -0.0112017 0.00417734)
(0.00198258 -0.0109845 0.00411681)
(0.00173259 -0.0113058 0.00405499)
(0.00201548 -0.0107788 0.00399105)
(0.00182043 -0.0107481 0.0039647)
(0.00224032 -0.0115211 0.00426271)
(0.00213763 -0.0111693 0.00402316)
(0.00236185 -0.0115355 0.00401867)
(0.00194493 -0.0119099 0.00459442)
(0.00179392 -0.0114839 0.00410694)
(0.00189347 -0.0126227 0.00469296)
(0.00195257 -0.011836 0.00443481)
(0.00145073 -0.0123805 0.00420209)
(0.0014744 -0.0112078 0.00392527)
(0.00174072 -0.0111153 0.00405864)
(0.00173177 -0.0111399 0.00400895)
(0.00209864 -0.0121005 0.00491428)
(0.00181256 -0.0119093 0.00439603)
(0.00203215 -0.0115352 0.0042294)
(0.00191108 -0.0109173 0.00411235)
(0.00203318 -0.0108408 0.00403138)
(0.00198766 -0.0108205 0.00395974)
(0.00212388 -0.0106383 0.00411668)
(0.00183418 -0.0113007 0.00433262)
(0.00194556 -0.0105402 0.00401409)
(0.00204168 -0.010172 0.00390407)
(0.00224314 -0.0105049 0.00415416)
(0.00198857 -0.010452 0.00400934)
(0.00185244 -0.0108969 0.0041526)
(0.00178756 -0.0115842 0.00417629)
(0.00188372 -0.011711 0.00441227)
(0.00177943 -0.011643 0.00408694)
(0.0017751 -0.011409 0.00416955)
(0.0014403 -0.0104028 0.00389402)
(0.00212265 -0.0111709 0.00404584)
(0.00198279 -0.0110046 0.00400915)
(0.00207584 -0.0113192 0.00407076)
(0.00203823 -0.011291 0.00412417)
(0.00198257 -0.0113384 0.004169)
(0.00207565 -0.0113742 0.00418344)
(0.00194103 -0.0112619 0.00411372)
(0.00195936 -0.0113292 0.004205)
(0.00168128 -0.0111819 0.00407718)
(0.00178955 -0.010884 0.0040199)
(0.00191679 -0.0113577 0.00427093)
(0.00154269 -0.0112536 0.00431864)
(0.00159995 -0.0109358 0.00412582)
(0.00175288 -0.0113382 0.00422222)
(0.00179015 -0.0112037 0.00420667)
(0.0016379 -0.0112645 0.00414701)
(0.00195846 -0.0108798 0.00394516)
(0.00168103 -0.0112531 0.00410237)
(0.0017231 -0.0108389 0.00403917)
(0.0019313 -0.0111588 0.00406199)
(0.00189715 -0.0109862 0.00409908)
(0.00182775 -0.0113506 0.00419576)
(0.00191282 -0.0113105 0.00423506)
(0.00175591 -0.0110869 0.00406264)
(0.0018656 -0.0109059 0.00394115)
(0.00196309 -0.0109469 0.00402431)
(0.00170519 -0.0110968 0.00416843)
(0.00204 -0.0115587 0.00421038)
(0.00225664 -0.0123417 0.00471566)
(0.0020056 -0.0120035 0.00450659)
(0.00202999 -0.0118869 0.00446518)
(0.00191605 -0.0118999 0.00439781)
(0.00200664 -0.0121495 0.00465548)
(0.00216437 -0.012056 0.00462468)
(0.00206444 -0.0117271 0.00436692)
(0.00165555 -0.0115826 0.00416526)
(0.00174215 -0.0116131 0.00426653)
(0.00168986 -0.0115623 0.00421512)
(0.00154828 -0.0119373 0.00427872)
(0.00165681 -0.0119109 0.0043059)
(0.00195843 -0.0117528 0.00433334)
(0.00183433 -0.0122636 0.00445417)
(0.00180053 -0.0119343 0.00426157)
(0.00164892 -0.0117486 0.00415598)
(0.00187256 -0.0118976 0.00442625)
(0.00194165 -0.0124032 0.00461579)
(0.00177033 -0.0123351 0.00433353)
(0.00201286 -0.0121175 0.00425041)
(0.00194549 -0.0117199 0.00441251)
(0.00182619 -0.0105866 0.00372896)
(0.0019695 -0.0107254 0.00391276)
(0.00189857 -0.0108473 0.00357934)
(0.00193474 -0.0107476 0.00349129)
(0.00199565 -0.0108676 0.00367641)
(0.00187966 -0.0109895 0.0035403)
(0.00182052 -0.0109646 0.00429618)
(0.0020353 -0.0110011 0.00334753)
(0.00212532 -0.0112785 0.00389215)
(0.00204768 -0.0110542 0.00359465)
(0.00194529 -0.0109224 0.00392902)
(0.00181055 -0.0107547 0.00363535)
(0.00187082 -0.0111987 0.00407861)
(0.00185476 -0.0107787 0.00369655)
(0.00187963 -0.0109883 0.00377019)
(0.00191815 -0.011102 0.0039914)
(0.00178593 -0.0106033 0.00359594)
(0.00182012 -0.0105563 0.00349601)
(0.00188378 -0.0106617 0.00364333)
(0.00183561 -0.0108549 0.00349131)
(0.00173801 -0.0102861 0.00344199)
(0.00181257 -0.0107862 0.00382155)
(0.00174774 -0.0109768 0.00383066)
(0.00188208 -0.0107156 0.00336146)
(0.00179094 -0.0105961 0.00335555)
(0.00174946 -0.0104866 0.00317401)
(0.00190822 -0.0109465 0.00337575)
(0.00166283 -0.0107405 0.00401956)
(0.00161532 -0.0107183 0.00408953)
(0.00172548 -0.0109684 0.00391722)
(0.00170613 -0.0109141 0.00397629)
(0.00186336 -0.0108858 0.00398476)
(0.00142917 -0.0108885 0.00391809)
(0.00179316 -0.0109242 0.00398003)
(0.00198019 -0.0105597 0.00395326)
(0.00225427 -0.0121728 0.00467583)
(0.00203029 -0.0118821 0.00412101)
(0.00173437 -0.0118497 0.00438796)
(0.00183172 -0.0115748 0.00404477)
(0.00186905 -0.0115589 0.0040268)
(0.00192317 -0.0113548 0.00415876)
(0.00187887 -0.0112232 0.00415153)
(0.0019486 -0.0120214 0.00433934)
(0.00172653 -0.0108392 0.00389107)
(0.0018623 -0.0112328 0.00407681)
(0.00181766 -0.0111656 0.00411705)
(0.00187124 -0.0112528 0.00408977)
(0.00180983 -0.0109509 0.00408574)
(0.00185661 -0.0111282 0.00408823)
(0.00173812 -0.0112574 0.00409039)
(0.00179936 -0.0109177 0.00410617)
(0.00160095 -0.0108456 0.00403541)
(0.00163162 -0.0105843 0.00393276)
(0.00159164 -0.0110254 0.00403249)
(0.00181469 -0.0115103 0.00421786)
(0.00158759 -0.0110542 0.00402941)
(0.00189629 -0.0112154 0.00410307)
(0.00184026 -0.0113626 0.00413239)
(0.00173769 -0.0110207 0.00399842)
(0.00218784 -0.0118432 0.00430043)
(0.00189621 -0.0115912 0.00423914)
(0.00189409 -0.0118907 0.00431927)
(0.00166608 -0.0116108 0.00421985)
(0.00211455 -0.0117874 0.00434748)
(0.00204387 -0.0119227 0.00435584)
(0.0022477 -0.0115069 0.0043233)
(0.00219761 -0.0116036 0.00442542)
(0.00204939 -0.011202 0.0041534)
(0.00200988 -0.0116758 0.00415756)
(0.00178384 -0.0113885 0.00445858)
(0.00196275 -0.0114357 0.00416996)
(0.00187832 -0.0114427 0.00425776)
(0.00173891 -0.0115705 0.00431741)
(0.00185454 -0.0116435 0.00441119)
(0.00195844 -0.0119095 0.00438432)
(0.00183594 -0.0113948 0.00432)
(0.00189002 -0.011714 0.0043178)
(0.00214404 -0.0118284 0.00389931)
(0.00210591 -0.0119647 0.00427278)
(0.00211674 -0.0124297 0.00445815)
(0.0021048 -0.011597 0.0040548)
(0.00198906 -0.0117379 0.00443217)
(0.00215183 -0.011733 0.00432574)
(0.00196833 -0.0117098 0.0044323)
(0.0020935 -0.0120443 0.00444322)
(0.00174471 -0.0116752 0.00435867)
(0.00191204 -0.0119011 0.00452015)
(0.00196933 -0.0120501 0.00442242)
(0.00198928 -0.0120848 0.00444807)
(0.00212601 -0.0120971 0.00434851)
(0.00202395 -0.0121683 0.00443623)
(0.00178529 -0.0117644 0.00423428)
(0.00175599 -0.0110784 0.00391505)
(0.0018041 -0.0106913 0.00382341)
(0.00196923 -0.0112028 0.00428864)
(0.00167721 -0.0108745 0.00397784)
(0.00173585 -0.0107226 0.00385822)
(0.00177619 -0.0112201 0.00399622)
(0.00151316 -0.010428 0.00351521)
(0.00197864 -0.0098562 0.00392492)
(0.00176308 -0.0107749 0.00421451)
(0.00196588 -0.0108446 0.00426266)
(0.00170997 -0.0114168 0.00425089)
(0.00196222 -0.0109457 0.00417759)
(0.00180131 -0.0113097 0.00422349)
(0.00178947 -0.0123381 0.00437263)
(0.00194183 -0.0111867 0.00436533)
(0.00174115 -0.0110233 0.00401149)
(0.00185064 -0.0107032 0.00411682)
(0.00177953 -0.0113942 0.00433658)
(0.00174734 -0.0108553 0.00396006)
(0.0017364 -0.0112745 0.00415961)
(0.00204501 -0.0110789 0.00442271)
(0.0015795 -0.0109042 0.00402834)
(0.00179109 -0.0111049 0.0042622)
(0.00173676 -0.00934306 0.00365418)
(0.00148681 -0.0100623 0.00363838)
(0.00154549 -0.0101848 0.00349733)
(0.00155786 -0.0101702 0.00363674)
(0.00143378 -0.00988331 0.00326881)
(0.00142049 -0.0101457 0.00339508)
(0.00156258 -0.00969049 0.0037269)
(0.00161385 -0.00978792 0.00358608)
(0.0018648 -0.0100691 0.00381685)
(0.00198049 -0.0103927 0.00396744)
(0.00196128 -0.0102899 0.0040485)
(0.00194146 -0.0103046 0.00397574)
(0.00185995 -0.010083 0.00380987)
(0.00188492 -0.0103002 0.00399916)
(0.00177969 -0.010037 0.00386803)
(0.00186343 -0.0101859 0.00399485)
(0.00197724 -0.0101917 0.00385473)
(0.00194739 -0.00989506 0.0037474)
(0.0019739 -0.0103884 0.00405351)
(0.00183659 -0.0109281 0.0043533)
(0.00201797 -0.0113668 0.00409556)
(0.00189654 -0.0112479 0.00433773)
(0.00209079 -0.0117267 0.0046757)
(0.00189724 -0.011178 0.00449855)
(0.00197009 -0.0117758 0.00436467)
(0.00189211 -0.0116626 0.00433022)
(0.00200136 -0.0120129 0.00468337)
(0.00215566 -0.0121002 0.00442969)
(0.00200643 -0.0123812 0.00459471)
(0.00201176 -0.0115881 0.0042984)
(0.00203096 -0.0118745 0.00455835)
(0.00194355 -0.0116781 0.00437314)
(0.00188125 -0.0109317 0.00404294)
(0.00195213 -0.011161 0.00429504)
(0.00191438 -0.0113957 0.00414)
(0.00194128 -0.011813 0.00469028)
(0.00191509 -0.0121407 0.00458785)
(0.00194638 -0.011282 0.00423849)
(0.00174485 -0.0118298 0.00424849)
(0.00197587 -0.0118318 0.00443134)
(0.00193142 -0.0121711 0.00459419)
(0.00168409 -0.0117871 0.0043822)
(0.00160472 -0.0116948 0.00440069)
(0.00151515 -0.0117377 0.00433186)
(0.00160954 -0.0120163 0.00435038)
(0.00157383 -0.0116146 0.00422162)
(0.00191121 -0.0114298 0.00412914)
(0.0019268 -0.0111963 0.00413515)
(0.00218933 -0.0114637 0.00422045)
(0.00220222 -0.0116191 0.00430847)
(0.00203121 -0.0113853 0.00407795)
(0.0021781 -0.0115138 0.00414968)
(0.00210006 -0.0112532 0.00414822)
(0.0019144 -0.0113174 0.00410023)
(0.00206546 -0.0115348 0.00428922)
(0.00188457 -0.0114273 0.00432075)
(0.00195122 -0.0119221 0.00442487)
(0.00194813 -0.0118762 0.0044808)
(0.00203933 -0.011831 0.00437305)
(0.00169736 -0.0114709 0.00425444)
(0.00169248 -0.0118568 0.00441434)
(0.00183527 -0.0114909 0.00421099)
(0.00182637 -0.012385 0.0044705)
(0.00174505 -0.0117684 0.00435415)
(0.00196364 -0.0117388 0.00443273)
(0.00165681 -0.0113128 0.00431257)
(0.00194301 -0.0116276 0.00427211)
(0.00199283 -0.0111917 0.00420518)
(0.00165882 -0.0109153 0.00417289)
(0.00161781 -0.0107552 0.00413003)
(0.0015206 -0.0110635 0.00413438)
(0.00160396 -0.0108553 0.00403924)
(0.00164866 -0.0107281 0.00397671)
(0.00170843 -0.0111268 0.00408669)
(0.00173477 -0.0112595 0.0041498)
(0.00166683 -0.0107979 0.00402901)
(0.00160116 -0.0108014 0.00401545)
(0.00188502 -0.0110456 0.00411399)
(0.00165923 -0.0108028 0.00398855)
(0.00151546 -0.0111433 0.00430303)
(0.00172204 -0.0108954 0.0040663)
(0.00192627 -0.010962 0.00404616)
(0.00175848 -0.0105219 0.00383555)
(0.0017041 -0.0112374 0.00397931)
(0.00200415 -0.0113013 0.00382334)
(0.00187463 -0.0102346 0.00367655)
(0.00185949 -0.0108564 0.00395425)
(0.00199187 -0.0112042 0.00369608)
(0.0018348 -0.0105611 0.0037878)
(0.00190685 -0.0107278 0.00379816)
(0.00181541 -0.0106219 0.00417472)
(0.00181066 -0.0105689 0.00391361)
(0.00174692 -0.0104481 0.00393842)
(0.00181296 -0.0104864 0.00371473)
(0.00189143 -0.0106958 0.00365154)
(0.0019487 -0.0110723 0.00414375)
(0.00198918 -0.0106823 0.00388139)
(0.00207454 -0.01152 0.00395299)
(0.00191937 -0.0113062 0.00405233)
(0.00209312 -0.011267 0.00388156)
(0.00183879 -0.0107067 0.0040291)
(0.00187725 -0.0111767 0.00418805)
(0.00189901 -0.0110957 0.00422139)
(0.00198927 -0.0112707 0.00411334)
(0.0017529 -0.0109361 0.00415524)
(0.00192828 -0.0109756 0.00392542)
(0.00183902 -0.0107623 0.00396148)
(0.00184965 -0.0111545 0.0043259)
(0.00171372 -0.0110968 0.00426599)
(0.00166715 -0.0106268 0.00397737)
(0.00177439 -0.0107606 0.00404484)
(0.00176975 -0.0114297 0.00388492)
(0.0020201 -0.0114113 0.00386392)
(0.00182179 -0.011353 0.00377456)
(0.00191654 -0.0110272 0.00393667)
(0.00203702 -0.0114697 0.00412568)
(0.00192611 -0.0116969 0.00381353)
(0.00190739 -0.0113114 0.00400315)
(0.00195185 -0.0113725 0.00414027)
(0.00224851 -0.0124582 0.00475581)
(0.00206092 -0.0121446 0.00446072)
(0.00184378 -0.0119442 0.00434568)
(0.00195801 -0.0120304 0.00429746)
(0.0021211 -0.012369 0.00491308)
(0.00200601 -0.0117622 0.00463007)
(0.00180447 -0.011043 0.00397515)
(0.00187212 -0.0110586 0.00397876)
(0.00173418 -0.0107288 0.00379889)
(0.00174183 -0.010696 0.00363297)
(0.00176817 -0.0106812 0.00367433)
(0.00176492 -0.0110267 0.00387718)
(0.00190912 -0.0107645 0.00362068)
(0.00207529 -0.0117957 0.00387541)
(0.00210426 -0.0115252 0.0042294)
(0.001687 -0.0118707 0.00372677)
(0.00184778 -0.0111116 0.00370059)
(0.00178197 -0.0115584 0.0039779)
(0.00199208 -0.0118341 0.0045415)
(0.00225535 -0.0122006 0.00492393)
(0.00165963 -0.0125946 0.00432623)
(0.00186261 -0.0110489 0.00372778)
(0.00156487 -0.0110816 0.00342091)
(0.00199685 -0.0104641 0.00387025)
(0.00198709 -0.0104152 0.00385148)
(0.00196603 -0.0104717 0.00389127)
(0.00202042 -0.0105863 0.00384365)
(0.00194077 -0.0109215 0.00398495)
(0.00194054 -0.0108766 0.00404453)
(0.00188857 -0.0111338 0.0043173)
(0.0018975 -0.0112055 0.00390768)
(0.00174786 -0.0110393 0.00413116)
(0.00202359 -0.0124882 0.00439363)
(0.00199913 -0.0116894 0.00424901)
(0.00198467 -0.0118719 0.00429437)
(0.00186684 -0.0112302 0.00411158)
(0.00186439 -0.0109352 0.00377238)
(0.00183049 -0.0112582 0.00392741)
(0.00200908 -0.0108955 0.00395415)
(0.00206613 -0.0109063 0.00400103)
(0.00188239 -0.0108154 0.00396128)
(0.00199915 -0.0111331 0.00411481)
(0.00178169 -0.0106008 0.00405664)
(0.00176261 -0.0104832 0.0039491)
(0.00181529 -0.0111851 0.00425373)
(0.00183419 -0.0109742 0.00414472)
(0.00171213 -0.0107731 0.0043338)
(0.00186038 -0.0119077 0.00447536)
(0.00190904 -0.0120711 0.00442696)
(0.00198266 -0.0118191 0.00435183)
(0.0021651 -0.0121205 0.00462757)
(0.00192809 -0.0113333 0.00426898)
(0.00193292 -0.0115608 0.00427429)
(0.00180678 -0.0115336 0.00422721)
(0.00200117 -0.0115514 0.00431062)
(0.0019992 -0.0112893 0.00427436)
(0.00225973 -0.0117811 0.00441578)
(0.00208272 -0.0118227 0.0043975)
(0.00199528 -0.0122244 0.00426881)
(0.00208936 -0.0116011 0.00469599)
(0.00225125 -0.0121537 0.00450862)
(0.00213843 -0.0120105 0.00465504)
(0.00210728 -0.0127687 0.00496645)
(0.00219301 -0.0118097 0.00453176)
(0.00210882 -0.0113888 0.00457697)
(0.00198405 -0.0114515 0.00407994)
(0.00199143 -0.0117201 0.00473385)
(0.00211049 -0.0121106 0.00489963)
(0.00165666 -0.0105372 0.00381054)
(0.0016812 -0.0109654 0.00377218)
(0.00161579 -0.0102411 0.00354825)
(0.0017905 -0.011496 0.00406186)
(0.001698 -0.0103619 0.00374827)
(0.00180253 -0.0107942 0.0037326)
(0.00178554 -0.0117288 0.00450642)
(0.00208875 -0.0121617 0.00448265)
(0.00193593 -0.011556 0.00424091)
(0.00174508 -0.0116759 0.00444264)
(0.0019924 -0.0122536 0.00458542)
(0.00210198 -0.0117511 0.00429217)
(0.00215421 -0.0120194 0.00443324)
(0.00199243 -0.0121909 0.0044455)
(0.00196525 -0.0121351 0.00477325)
(0.00192044 -0.0118714 0.00462132)
(0.00196602 -0.0117667 0.00457152)
(0.00201459 -0.0122392 0.00464475)
(0.00198517 -0.0115556 0.00441854)
(0.00193545 -0.0121248 0.0046641)
(0.00203642 -0.0116331 0.00423699)
(0.00193511 -0.0115608 0.0043687)
(0.00186176 -0.0113095 0.00425919)
(0.0016025 -0.0112734 0.00419289)
(0.00190324 -0.0113031 0.0041156)
(0.00197929 -0.011458 0.00424682)
(0.00179231 -0.011089 0.00416556)
(0.0019918 -0.010942 0.00396542)
(0.00177149 -0.0109862 0.00406502)
(0.00170558 -0.0110707 0.00410741)
(0.00181239 -0.01076 0.00394263)
(0.00174397 -0.0110886 0.00414359)
(0.00169952 -0.0110254 0.00403727)
(0.00176357 -0.0106312 0.00397539)
(0.00187259 -0.0111541 0.00410566)
(0.00190425 -0.0107401 0.00406826)
(0.00193236 -0.0109103 0.003935)
(0.00178934 -0.0107576 0.00398847)
(0.00188429 -0.0111087 0.00405776)
(0.00189 -0.0112496 0.0041823)
(0.001941 -0.0105313 0.00384303)
(0.00180577 -0.0109432 0.00402335)
(0.00188395 -0.0103999 0.00383285)
(0.00195821 -0.0107596 0.00396029)
(0.00196287 -0.0105202 0.00384492)
(0.00200817 -0.0108303 0.00402165)
(0.00177555 -0.0107013 0.00403009)
(0.00195695 -0.0111925 0.00397916)
(0.00194719 -0.0115038 0.00407551)
(0.00204138 -0.011196 0.003795)
(0.00199444 -0.0116195 0.00435743)
(0.00164271 -0.0112433 0.0042423)
(0.00188599 -0.0110655 0.00404302)
(0.00190211 -0.0117277 0.00444526)
(0.00200106 -0.0112402 0.00406219)
(0.00190053 -0.0115897 0.00422985)
(0.00188598 -0.0116205 0.00413619)
(0.00192965 -0.0118475 0.00459138)
(0.00193884 -0.0106996 0.00409776)
(0.00188343 -0.0111661 0.00396367)
(0.0018159 -0.0110305 0.00412639)
(0.00183601 -0.011253 0.00429253)
(0.00191932 -0.0119015 0.00453768)
(0.00190711 -0.0118353 0.0042393)
(0.00185755 -0.0118732 0.0042301)
(0.00204319 -0.0116297 0.00387513)
(0.00197389 -0.011731 0.00412222)
(0.00193394 -0.011331 0.00420805)
(0.00222157 -0.0108342 0.00369899)
(0.00226526 -0.0107999 0.00357416)
(0.00218894 -0.0107832 0.00373081)
(0.00210991 -0.0111577 0.00390919)
(0.00182428 -0.0116021 0.00421708)
(0.00181559 -0.011904 0.00440377)
(0.00165143 -0.0115506 0.00410536)
(0.00173434 -0.0109057 0.00395902)
(0.00174921 -0.0108225 0.00395022)
(0.00189898 -0.0105935 0.00398077)
(0.0020207 -0.0104506 0.00398378)
(0.002045 -0.0108505 0.00409504)
(0.00201433 -0.0106037 0.00404095)
(0.002207 -0.0106748 0.00417929)
(0.00187044 -0.0103069 0.00378364)
(0.00182099 -0.0104144 0.00388704)
(0.0018379 -0.0100656 0.00380331)
(0.0020243 -0.0110934 0.00415065)
(0.00200924 -0.0108591 0.00408267)
(0.00162611 -0.0105807 0.00393044)
(0.00174548 -0.0112528 0.00432451)
(0.00187679 -0.0112524 0.00413179)
(0.0020623 -0.0106617 0.0039588)
(0.00210436 -0.0108971 0.00407798)
(0.00192771 -0.0118351 0.00433076)
(0.00197031 -0.0113897 0.00430568)
(0.00181994 -0.0114139 0.00415079)
(0.00213751 -0.0124023 0.00433096)
(0.00192758 -0.012514 0.00451225)
(0.00225948 -0.0121308 0.00471862)
(0.00204698 -0.0123889 0.00459698)
(0.00203534 -0.0119895 0.00426761)
(0.00190081 -0.0115438 0.00413566)
(0.00183169 -0.0117842 0.0041978)
(0.00185832 -0.011944 0.00429493)
(0.00191257 -0.0120593 0.00432048)
(0.00194591 -0.0120146 0.00433252)
(0.00193263 -0.0122244 0.00443028)
(0.0022013 -0.0110781 0.00398703)
(0.00225679 -0.0111849 0.00417949)
(0.00188853 -0.0117348 0.00444546)
(0.00186152 -0.0112108 0.00420368)
(0.00183423 -0.011335 0.00444094)
(0.0019933 -0.0115682 0.00435833)
(0.00216576 -0.0122588 0.00465633)
(0.00195038 -0.0114563 0.00427498)
(0.00207492 -0.0120884 0.00451672)
(0.00178508 -0.0116603 0.00440736)
(0.00212555 -0.0121304 0.00449154)
(0.00218804 -0.0127978 0.00463911)
(0.00191337 -0.0105621 0.0039495)
(0.0017817 -0.0105369 0.00401393)
(0.0017546 -0.0108771 0.00405793)
(0.00144039 -0.0109119 0.0040115)
(0.00221618 -0.0122462 0.00449204)
(0.00193414 -0.0120409 0.00444925)
(0.00202147 -0.0121712 0.00442792)
(0.00209877 -0.0123707 0.00458111)
(0.00193816 -0.0119633 0.0045764)
(0.00187119 -0.0125323 0.00465761)
(0.00186376 -0.0120231 0.00438881)
(0.00160423 -0.0126018 0.00444193)
(0.00170113 -0.0129341 0.00459883)
(0.00154528 -0.0122864 0.00436267)
(0.00159832 -0.0112384 0.0040608)
(0.00153624 -0.0114438 0.00415534)
(0.00167438 -0.0113362 0.00412901)
(0.00169447 -0.010843 0.00397557)
(0.00147991 -0.0112188 0.00419474)
(0.00151903 -0.0109832 0.00396367)
(0.00163508 -0.0115919 0.00421867)
(0.00159647 -0.0112199 0.00401121)
(0.00161237 -0.0113228 0.00409962)
(0.00161602 -0.0112838 0.00416214)
(0.00163512 -0.0110107 0.00393589)
(0.00173304 -0.0111073 0.00423301)
(0.00165787 -0.0114468 0.00415443)
(0.00165545 -0.0111246 0.00409073)
(0.00147443 -0.0114677 0.00442427)
(0.00173636 -0.0114747 0.00435545)
(0.00157157 -0.0113045 0.00429567)
(0.00167907 -0.0112479 0.00427369)
(0.00171688 -0.0116628 0.00447117)
(0.00174629 -0.0117568 0.0043275)
(0.00175873 -0.0115531 0.00429322)
(0.00163417 -0.0118155 0.00445876)
(0.00170543 -0.0110385 0.00417804)
(0.00171798 -0.0119005 0.00456476)
(0.00206672 -0.0116378 0.00421861)
(0.00200424 -0.0117656 0.00463361)
(0.00184219 -0.0114308 0.00408092)
(0.00216007 -0.0123806 0.00440308)
(0.00206859 -0.0113705 0.00404055)
(0.00203639 -0.0117339 0.00422871)
(0.00184669 -0.0114213 0.00409703)
(0.00201754 -0.0115555 0.00422867)
(0.00195211 -0.0114292 0.00406747)
(0.00195342 -0.0112608 0.00421846)
(0.00193267 -0.011299 0.00413343)
(0.00189452 -0.0114212 0.00424375)
(0.00196801 -0.0111644 0.00415225)
(0.0019654 -0.0111574 0.00413333)
(0.0018448 -0.0114145 0.00424436)
(0.00198904 -0.011208 0.00412524)
(0.00184778 -0.010941 0.00401834)
(0.00187553 -0.0113132 0.00421291)
(0.00192894 -0.0110183 0.00408979)
(0.00193705 -0.0113688 0.00428237)
(0.00185426 -0.0109406 0.00402691)
(0.00176861 -0.0108996 0.00404398)
(0.00199402 -0.0110345 0.00398504)
(0.00196246 -0.0109944 0.00405634)
(0.00180097 -0.0108732 0.00407184)
(0.00213133 -0.0123586 0.00448327)
(0.00191385 -0.0112083 0.00417996)
(0.00174778 -0.0116675 0.00372562)
(0.00194907 -0.0118075 0.00439533)
(0.00167296 -0.0113956 0.00378292)
(0.00171465 -0.0117499 0.00409373)
(0.00196312 -0.0103489 0.00396023)
(0.00191234 -0.0103536 0.00383458)
(0.0019076 -0.0102644 0.00379122)
(0.00212166 -0.0104948 0.00392753)
(0.00186363 -0.0100534 0.00363083)
(0.00185467 -0.00979046 0.00363724)
(0.00188529 -0.0100575 0.00376723)
(0.0018185 -0.0111151 0.00399457)
(0.00189676 -0.0111902 0.00387421)
(0.0019009 -0.0106989 0.00378971)
(0.00197344 -0.0112244 0.00394632)
(0.00190443 -0.0110466 0.00396515)
(0.00188961 -0.0111637 0.00411297)
(0.0020261 -0.0107689 0.00407458)
(0.00193394 -0.0102882 0.00424275)
(0.00169595 -0.0104756 0.00334461)
(0.00172517 -0.0103484 0.00382001)
(0.00190214 -0.0105282 0.00376126)
(0.00177735 -0.010569 0.00389057)
(0.0018317 -0.010654 0.00388091)
(0.00187887 -0.0106236 0.0038234)
(0.00194778 -0.0110313 0.00397653)
(0.00187204 -0.0108186 0.00414083)
(0.00180387 -0.0107908 0.00396088)
(0.00190357 -0.011247 0.00414319)
(0.00195433 -0.0110915 0.00406154)
(0.00172586 -0.0110829 0.00388454)
(0.00180688 -0.011264 0.00397562)
(0.00201685 -0.0119373 0.00455681)
(0.00196276 -0.0111682 0.00440151)
(0.0023144 -0.0115848 0.00417129)
(0.00225155 -0.0115645 0.00420885)
(0.0023095 -0.0118083 0.00411357)
(0.00202037 -0.0114426 0.00423422)
(0.00192815 -0.0115193 0.004266)
(0.00206583 -0.011022 0.00393221)
(0.00207039 -0.0114306 0.00419091)
(0.00228406 -0.0111947 0.00383097)
(0.00226619 -0.0113602 0.00389206)
(0.00193172 -0.0120552 0.00432981)
(0.00215689 -0.011771 0.0042555)
(0.00192538 -0.011239 0.00417453)
(0.00217043 -0.0114724 0.0039686)
(0.00212176 -0.0116349 0.00420353)
(0.00174976 -0.0113214 0.00402832)
(0.00177768 -0.0109723 0.00392595)
(0.00177056 -0.01099 0.00394709)
(0.00180958 -0.0110132 0.00409666)
)
;
    }
    INLET
    {
        type            calculated;
        value           nonuniform 0();
    }
    OUTLET
    {
        type            calculated;
        value           nonuniform 0();
    }
    procBoundary25to24
    {
        type            processor;
        value           uniform (0 0 0);
    }
    procBoundary25to26
    {
        type            processor;
        value           uniform (0 0 0);
    }
}


// ************************************************************************* //
