/*--------------------------------*- C++ -*----------------------------------*\
| =========                 |                                                 |
| \\      /  F ield         | OpenFOAM: The Open Source CFD Toolbox           |
|  \\    /   O peration     | Version:  v1612+                                |
|   \\  /    A nd           | Web:      www.OpenFOAM.com                      |
|    \\/     M anipulation  |                                                 |
\*---------------------------------------------------------------------------*/
FoamFile
{
    version     2.0;
    format      ascii;
    class       volVectorField;
    location    "206";
    object      wallShearStress;
}
// * * * * * * * * * * * * * * * * * * * * * * * * * * * * * * * * * * * * * //

dimensions      [0 2 -2 0 0 0 0];

internalField   uniform (0 0 0);

boundaryField
{
    WALL
    {
        type            calculated;
        value           nonuniform List<vector> 
1686
(
(-0.0153313 0.0147825 0.000855788)
(-0.0157558 0.0129972 0.000846154)
(-0.0223603 0.0350299 0.0141309)
(-0.0240622 0.0323577 0.0106598)
(-0.0245998 0.0124303 0.00200503)
(-0.0251505 0.0126382 0.00194831)
(-0.0134332 0.00682427 0.00974014)
(-0.0111076 0.00721068 0.0124049)
(-0.0124199 0.0156779 0.00591979)
(-0.0120614 0.0140168 0.00449856)
(-0.0136546 0.0117638 0.0019501)
(-0.0140892 0.0145638 0.00274038)
(-0.011045 0.0305397 0.0131649)
(-0.0119569 0.0348497 0.0128407)
(-0.0252882 0.030181 0.00850619)
(-0.0233394 0.0284217 0.00633311)
(-0.0218215 0.0266562 0.00800438)
(-0.0227053 0.028061 0.00990399)
(-0.0160387 0.0251657 0.01092)
(-0.017603 0.023982 0.0139133)
(-0.016152 0.0175316 -0.00123072)
(-0.0159864 0.0152065 -0.000764869)
(-0.0150231 0.0308536 -0.000378604)
(-0.0114029 0.029023 -0.000334386)
(-0.0186414 0.0281077 -0.00295777)
(-0.0208568 0.0256778 -0.00261053)
(-0.0191592 0.0211017 -0.00265592)
(-0.0199409 0.0211866 -0.00276003)
(-0.0169147 0.0303303 0.000192372)
(-0.0205564 0.0176374 -0.00205129)
(-0.0207471 0.0181538 -0.00234731)
(-0.0253735 0.0176457 7.88564e-05)
(-0.0263479 0.0208354 0.00135551)
(-0.0233847 0.026385 -0.00158275)
(-0.0202432 0.0288269 -0.00226752)
(-0.0126817 0.0195642 0.009788)
(-0.0276369 0.0349332 0.00470787)
(-0.0262519 0.0344234 0.000706678)
(-0.0272111 0.0388205 0.000310812)
(-0.0278642 0.0388399 0.0061718)
(-0.00402317 0.0200178 0.00239628)
(-0.00108229 0.0186775 0.0027511)
(-0.0194002 0.0238609 0.00838141)
(-0.016402 0.0207508 0.00746381)
(-0.00679837 0.0125607 0.00758344)
(-0.00968277 0.0161983 0.00831257)
(-0.0114958 0.0183027 0.00564595)
(-0.0109397 0.0172031 0.00611184)
(-0.0126774 0.0197718 0.00836145)
(-0.0120547 0.0183341 0.00583286)
(-0.00647116 0.0119881 0.00448098)
(-0.0073783 0.0140679 0.00359471)
(-0.0131722 0.0192835 0.00270797)
(-0.0132076 0.0175912 0.00132533)
(-0.0170517 0.014983 -0.00126364)
(-0.0164727 0.0130317 -0.000422022)
(-0.0132823 0.0196545 0.000846865)
(-0.0132487 0.0213559 0.00228767)
(-0.0131407 0.0118494 0.0031129)
(-0.00954408 0.0304596 -0.000295205)
(-0.000292968 -0.0011859 0.000847933)
(-0.000279511 -0.00155043 0.000701743)
(-0.00114994 -0.000349726 0.00165442)
(-0.000638167 -0.000720402 0.00123693)
(-0.00136833 -0.000617276 0.00188056)
(-0.000764301 -0.00105992 0.00128788)
(-0.0162284 0.00470443 0.00395462)
(-0.0150945 0.00286488 0.00560042)
(-0.0165368 0.00457472 0.00488867)
(-0.0156377 0.00261397 0.00531703)
(-0.0163938 0.00424385 0.00513845)
(-0.0169169 0.00450088 0.00425777)
(-0.0144769 0.0196955 0.0112985)
(-0.0130147 0.017396 0.0114355)
(-0.0134136 0.0176736 0.0121515)
(-0.0123226 0.01701 0.0103553)
(-0.0129368 0.0183264 0.00953529)
(-0.0134387 0.0192241 0.0101601)
(-0.0138587 0.018001 0.0124573)
(-0.0172637 0.0281433 -0.00227121)
(-0.0144126 0.029067 -0.00167326)
(-0.0174905 0.0291902 -0.0022927)
(-0.0157156 0.0295956 -0.00232252)
(-0.0128848 0.0290933 -0.00250818)
(-0.0173835 0.0229652 -0.00250919)
(-0.0184587 0.0206163 -0.00229218)
(-0.0191346 0.0200057 -0.00239856)
(-0.0178002 0.0221535 -0.00272251)
(-0.0177472 0.0216806 -0.0026525)
(-0.0191301 0.0209914 -0.00318909)
(-0.0247177 0.0116818 0.000518199)
(-0.0251024 0.0149486 -0.000822964)
(-0.0238287 0.0106575 0.00171018)
(-0.0241248 0.0140286 -1.65952e-05)
(-0.0242991 0.0128583 -0.000165693)
(-0.024406 0.0112116 0.00121834)
(-0.0265508 0.03345 0.00449011)
(-0.0267487 0.0330931 0.0059118)
(-0.0265165 0.0321157 0.0020048)
(-0.0270769 0.0339439 0.00619603)
(-0.0266929 0.0324746 0.00667341)
(-0.0258913 0.0336492 0.00303353)
(-0.0209668 0.0308588 0.0122592)
(-0.0197314 0.0315586 0.0137967)
(-0.02135 0.0342691 0.014072)
(-0.0205931 0.033551 0.0145048)
(-0.0199392 0.0323526 0.0137452)
(-0.0125542 0.00126262 0.00512508)
(-0.00732451 0.000505204 0.00450321)
(-0.0114581 0.0019067 0.00522894)
(-0.00878075 0.000793399 0.00510224)
(-0.0108033 0.000845279 0.00533044)
(-0.00903181 0.00153315 0.0047977)
(-0.00809992 0.00180949 0.00579292)
(-0.00879135 0.00133843 0.00537984)
(-0.00917079 0.00164639 0.00598397)
(-0.00579237 0.0012079 0.00494081)
(-0.00642026 0.000990044 0.00537262)
(-0.00670453 0.0010162 0.00501911)
(-0.00559812 0.0101758 0.00512504)
(-0.00811593 0.0142334 0.00493369)
(-0.00574617 0.0105281 0.0056383)
(-0.00651984 0.0121984 0.00474816)
(-0.00831378 0.0141071 0.00589198)
(-0.00197825 0.00157824 0.00327441)
(-0.0017538 0.00175164 0.00313765)
(-0.0017116 0.00101656 0.00272641)
(-0.00153168 0.00132595 0.00250196)
(-0.00199808 0.0011579 0.00319267)
(-0.00159747 0.00166624 0.00273297)
(-0.0128972 0.0235401 0.00562781)
(-0.0134233 0.0224492 0.00597166)
(-0.0131034 0.0232867 0.0050218)
(-0.0136104 0.0242744 0.00670053)
(-0.0138263 0.0233004 0.007526)
(-0.0148977 0.02485 0.0069577)
(-0.014034 0.00713221 0.00273467)
(-0.0146717 0.00825066 0.00355099)
(-0.015049 0.00686877 0.00342449)
(-0.014682 0.00672949 0.0019473)
(-0.0145499 0.00716681 0.00219663)
(-0.0135308 0.00574185 0.00291876)
(-0.0166004 0.010573 0.00055512)
(-0.0169471 0.00973707 0.00123325)
(-0.0163046 0.00868535 0.00128486)
(-0.0161314 0.0111231 0.00115524)
(-0.0168695 0.0095872 0.0011591)
(-0.0162231 0.0111757 0.000638728)
(-0.0153287 0.0165318 0.000210586)
(-0.0154516 0.0194685 0.000119278)
(-0.0134993 0.0168459 0.00189787)
(-0.0157049 0.0195023 0.00200072)
(-0.014352 0.0151779 -3.20967e-05)
(-0.0145865 0.0128226 0.00110827)
(-0.0146679 0.0119286 0.000885862)
(-0.0150664 0.0147288 0.000602737)
(-0.014509 0.0142331 0.00136628)
(-0.0152063 0.0145768 8.54721e-05)
(-0.0142293 0.0132352 0.000288248)
(-0.0149399 0.0131709 0.00104441)
(-0.0158132 0.0133634 0.000607069)
(-0.0145825 0.0163214 -0.000263268)
(-0.0148528 0.0189343 -0.000192503)
(-0.0136929 0.018241 -4.09079e-06)
(-0.0139442 0.0175851 0.000547769)
(-0.0167149 0.0189138 0.00116287)
(-0.0153243 0.0157622 -0.000653183)
(-0.012835 0.0104571 0.00281938)
(-0.0140199 0.0109101 0.00273682)
(-0.0137905 0.0102576 0.00325844)
(-0.00256758 0.00106901 0.00339878)
(-0.00466174 0.00100498 0.00500477)
(-0.0041175 0.00115957 0.00468528)
(-0.00286928 0.000587805 0.00368435)
(-0.00374393 0.000978847 0.00428801)
(-0.00298701 0.00109756 0.00374178)
(-0.00299712 0.00170006 0.00436012)
(-0.00466397 0.0016672 0.00580215)
(-0.00338524 0.00168785 0.00485975)
(-0.00432175 0.00168584 0.00573821)
(-0.0031459 0.00130351 0.00457002)
(-0.00369746 0.00138632 0.00479946)
(-0.00360794 0.0062841 0.00446178)
(-0.00223941 0.00337475 0.00366956)
(-0.00274932 0.00520229 0.00368095)
(-0.00258402 0.004112 0.00395629)
(-0.0023068 0.0039274 0.00330492)
(-0.00367831 0.00724872 0.00383353)
(-0.00416142 0.00806886 0.00414594)
(-0.0149918 0.0290834 0.0114446)
(-0.0160802 0.0295284 0.0122514)
(-0.0148711 0.0307726 0.0107362)
(-0.0154168 0.0314717 0.0112366)
(-0.015541 0.0290203 0.011443)
(-0.0146319 0.029812 0.0109918)
(-0.0218873 0.0263045 0.00938496)
(-0.0208907 0.0255527 0.00971209)
(-0.0232983 0.0294221 0.0115584)
(-0.0223169 0.0280737 0.0104112)
(-0.0193898 0.0251366 0.0105881)
(-0.0200146 0.0270343 0.0117763)
(-0.0234982 0.0279368 0.0113789)
(-0.0211813 0.0303383 0.0133642)
(-0.0213418 0.0312156 0.0137842)
(-0.0217709 0.0270497 0.0126264)
(-0.0216119 0.0330009 0.0131225)
(-0.0238696 0.0324534 0.0130656)
(-0.0208487 0.0313727 0.0139722)
(-0.0177285 0.0284041 0.0125091)
(-0.0207938 0.0302918 0.0134939)
(-0.0187458 0.0313091 0.0130122)
(-0.0171141 0.0288166 0.0126907)
(-0.0168474 0.0299019 0.0125969)
(-0.0151468 0.0306456 0.0131214)
(-0.0145894 0.0309138 0.013177)
(-0.0151275 0.0300354 0.0126259)
(-0.0172049 0.0288711 0.0128751)
(-0.0172596 0.0323858 0.013034)
(-0.0131027 0.0287341 0.0112336)
(-0.0199034 0.0230275 0.0127682)
(-0.02104 0.0260023 0.0141506)
(-0.0216094 0.0269533 0.0127378)
(-0.0199502 0.0240577 0.0108492)
(-0.0206886 0.0264733 0.0120766)
(-0.0205353 0.0248236 0.0117786)
(-0.01915 0.0247594 0.0116837)
(-0.0156075 0.0238356 0.0115209)
(-0.0176202 0.0246319 0.0132744)
(-0.0175477 0.0266473 0.0128058)
(-0.0170785 0.0269989 0.0123564)
(-0.0160323 0.0254938 0.0121929)
(-0.0160542 0.0238137 0.0123245)
(-0.0175882 0.0263627 0.0131281)
(-0.0170728 0.0245853 0.0127654)
(-0.0170364 0.0224571 0.012414)
(-0.0176892 0.0257549 0.0126038)
(-0.0191114 0.0240344 0.0132205)
(-0.0187494 0.0250216 0.0133899)
(-0.0184875 0.0260571 0.0129133)
(-0.0191095 0.0296923 0.0134263)
(-0.0164892 0.0261661 0.0120483)
(-0.0178739 0.0275775 0.0129037)
(-0.0183514 0.0303596 0.0136049)
(-0.0173664 0.0272135 0.0128021)
(-0.0166749 0.0279976 0.0114345)
(-0.0135238 0.0275819 0.00841043)
(-0.0137964 0.0264932 0.00972061)
(-0.0148223 0.0265626 0.00976685)
(-0.0161496 0.0272555 0.0115436)
(-0.0161176 0.0282583 0.011521)
(-0.0188783 0.0231004 0.0100016)
(-0.0205304 0.0251247 0.010632)
(-0.018635 0.0237972 0.0102737)
(-0.0207334 0.0255861 0.0114085)
(-0.0196127 0.0253068 0.0113866)
(-0.0207513 0.0266998 0.0109507)
(-0.00986422 0.00219965 0.00581306)
(-0.00599668 0.000935348 0.00450519)
(-0.00646312 0.000846748 0.00452646)
(-0.00971574 0.00246306 0.00635539)
(-0.00724868 0.0016841 0.00501046)
(-0.00820461 0.00193956 0.00549038)
(-0.000231244 0.000536418 0.00127064)
(-0.000607852 -0.00340125 0.000368502)
(-0.000244649 -0.000636429 0.000765089)
(-0.000237563 -0.00242112 0.000620857)
(-1.83581e-05 -0.00299516 -0.000249664)
(-0.000419952 -0.000756212 0.000889932)
(-0.0120142 0.0404154 -0.000418411)
(-0.00446009 0.0348485 0.000606893)
(-0.0087435 0.039527 -0.000150205)
(-0.00448233 0.0105309 0.0024348)
(-0.00568602 0.0129157 0.00186103)
(-0.00329698 0.00834548 0.00222247)
(-0.00469537 0.0110275 0.0018205)
(-0.00299718 0.00689662 0.00285236)
(-0.0126096 0.000975681 0.00629304)
(-0.0149562 0.00244376 0.00668167)
(-0.0140587 0.00167709 0.00597984)
(-0.0108043 0.00157357 0.00617274)
(-0.0126765 0.00121275 0.00675192)
(-0.0152951 0.00208896 0.00613572)
(-0.00303055 0.00870923 0.0022801)
(-0.00327548 0.0114844 0.00159858)
(-0.00224907 0.00707975 0.00229541)
(-0.0024965 0.00923664 0.00180796)
(-0.00635689 0.0174004 0.000357964)
(-0.00504102 0.0129253 0.00196307)
(-0.0051582 0.0161357 0.00112151)
(-0.0038272 -0.000444949 0.00318849)
(-0.00547155 0.000543653 0.00411351)
(-0.0036907 -0.000199167 0.00294331)
(-0.0068547 0.00110513 0.00456198)
(-0.00543421 0.00043321 0.00418985)
(-0.00665299 0.00101833 0.00478179)
(-0.00971971 0.00139001 0.00586445)
(-0.00764057 0.000826293 0.00479552)
(-0.00997188 0.000957894 0.00545267)
(-0.00761927 0.000876103 0.00533725)
(-0.0061297 0.00102415 0.00467829)
(-0.0104608 0.00155693 0.00566779)
(-0.00571121 0.0329035 0.0136931)
(-0.00571215 0.033 0.0114265)
(-0.00450357 0.0317019 0.0121618)
(-0.00662538 0.0332069 0.0134556)
(-0.00445499 0.033741 0.0114014)
(-0.00634486 0.0346522 0.0124567)
(-0.0045269 0.0345275 0.00918495)
(-0.00350677 0.0334354 0.00819008)
(-0.00486436 0.0316478 0.00854172)
(-0.00444242 0.0320306 0.00529152)
(-0.00567525 0.0341355 0.00774988)
(-0.00452844 0.0329174 0.00785556)
(-0.00452075 0.031502 0.00226792)
(-0.00301759 0.031302 0.00121843)
(-0.0037952 0.0313386 0.00183767)
(-0.0057327 0.0327794 0.000399028)
(-0.00550608 0.0305344 -0.000553243)
(-0.00600863 0.03132 0.0166478)
(-0.00638487 0.0312434 0.0161115)
(-0.00442912 0.0342693 0.0148737)
(-0.00552847 0.0325303 0.0150929)
(-0.00512317 0.0324293 0.0153744)
(-0.00416529 0.0278809 0.0144515)
(0.00163757 0.0291363 0.0061685)
(-0.00100515 0.0312914 0.00503704)
(-0.00154253 0.0308563 0.00463751)
(0.00142329 0.0279593 0.00526808)
(0.000222583 0.0281401 0.00314552)
(0.00103077 0.0288638 0.00672949)
(-0.016029 0.0279878 0.0153189)
(-0.0173937 0.0298955 0.0158687)
(-0.0132779 0.0277163 0.0170728)
(-0.0145162 0.0293605 0.0179018)
(-0.0180474 0.0304449 0.0157851)
(-0.0132612 0.0275276 0.0175211)
(-0.00881461 0.0330389 0.0150205)
(-0.0116661 0.0359708 0.0172214)
(-0.0109083 0.0318478 0.0169409)
(-0.00868101 0.0314334 0.0162578)
(-0.00765272 0.0323595 0.0153004)
(-0.0112033 0.0320448 0.016143)
(-0.00598911 0.022473 0.0162786)
(-0.0115368 0.0250259 0.0166641)
(-0.00807446 0.0259564 0.018663)
(-0.0115814 0.0258095 0.0169105)
(-0.00886406 0.0225567 0.0155315)
(-0.00974794 0.025175 0.017664)
(-0.012799 0.0295997 0.00884646)
(-0.0139794 0.0309202 0.0103469)
(-0.0137668 0.0324602 0.0112077)
(-0.013911 0.0297332 0.0115326)
(-0.0115716 0.0311177 0.0092412)
(-0.0113065 0.0310929 0.00768032)
(-0.00920083 0.0299261 0.0133529)
(-0.00954047 0.0316502 0.0147864)
(-0.00984408 0.0344843 0.0156501)
(-0.00955138 0.0330816 0.0144498)
(-0.00827426 0.0307737 0.0124935)
(-0.0078662 0.031964 0.0127057)
(-0.00789497 0.0326648 0.00408215)
(-0.00702235 0.0332531 0.00619575)
(-0.0063079 0.0321098 0.00451844)
(-0.00682125 0.0323764 0.00512107)
(-0.00890362 0.0344939 0.00492326)
(-0.00596384 0.0299612 0.00169888)
(-0.00735096 0.0343037 0.0116897)
(-0.00802926 0.0315902 0.0123192)
(-0.00681037 0.0324218 0.00775557)
(-0.006439 0.0331124 0.0103837)
(-0.00781025 0.0298929 0.00960201)
(-0.00651506 0.0334732 0.00864765)
(-0.00918982 0.0314602 0.00727842)
(-0.00841967 0.0315929 0.00716526)
(-0.00952717 0.0334627 0.00497223)
(-0.00888753 0.032223 0.00482994)
(-0.00924423 0.0319294 0.00837823)
(-0.0105798 0.0350439 0.00668055)
(-0.00885114 0.0190789 0.00047877)
(-0.0108151 0.023036 -0.000878754)
(-0.0158604 0.0271344 -0.00154688)
(-0.0133166 0.0239585 -0.000234746)
(-0.00957378 0.0192586 -0.000234978)
(-0.0144098 0.0263616 -0.00147955)
(-0.0207243 0.041635 -0.00253446)
(-0.0175197 0.0423777 -0.00286795)
(-0.020177 0.043591 -0.000815475)
(-0.0151013 0.0356393 -0.00136293)
(-0.0150721 0.0412867 -0.00245593)
(-0.0226475 0.044458 -0.00176273)
(-0.0250822 0.0362267 0.00991625)
(-0.0256135 0.0374004 0.0114598)
(-0.0268997 0.0379356 0.00883314)
(-0.0262615 0.0378571 0.00887264)
(-0.0266152 0.0375928 0.00735615)
(-0.0258388 0.040588 0.00393566)
(-0.0259608 0.0423951 0.00675298)
(-0.0261629 0.040203 0.0070884)
(-0.0252609 0.0442803 0.00574313)
(-0.0246095 0.043232 0.00188205)
(-0.0250321 0.0407473 0.00188213)
(-0.0262454 0.0347115 0.0012353)
(-0.0245742 0.0340237 0.000214635)
(-0.0257414 0.0355802 -7.53738e-05)
(-0.0233228 0.0345461 -0.00154719)
(-0.0224925 0.0322956 -0.00230819)
(-0.0204858 0.0319896 -0.00178278)
(-0.0201712 0.0358436 0.0154546)
(-0.0185688 0.0298415 0.0146231)
(-0.0190038 0.0341672 0.0154899)
(-0.0185323 0.0336197 0.015665)
(-0.017268 0.0327987 0.0161568)
(-0.0172852 0.0349456 0.0168907)
(-0.0231308 0.0357079 0.0134738)
(-0.0247583 0.0351811 0.0121284)
(-0.0231007 0.0350043 0.0138542)
(-0.0219705 0.0347225 0.0152459)
(-0.0226274 0.0325326 0.0131133)
(-0.0248563 0.0356906 0.0117548)
(-0.0262283 0.0349886 0.010792)
(-0.0269583 0.0358249 0.0102508)
(-0.0266312 0.0355753 0.00906606)
(-0.0272753 0.0357669 0.00722111)
(-0.0264512 0.034566 0.00886813)
(-0.0250167 0.0341103 0.0101513)
(-0.0244018 0.0371075 0.0137469)
(-0.0235859 0.0304796 0.0108059)
(-0.0255758 0.0225718 0.00288681)
(-0.0245033 0.0211539 0.00655592)
(-0.024803 0.0213245 0.00554038)
(-0.0239682 0.0248094 0.00252577)
(-0.0112727 0.00158706 0.00590399)
(-0.0132904 0.00182586 0.00628752)
(-0.0149822 0.0025461 0.0058653)
(-0.0129205 0.00183827 0.00548131)
(-0.0144151 0.00202857 0.00495302)
(-0.0157899 0.00252395 0.00510165)
(-0.0182244 0.0142296 -0.00111645)
(-0.018772 0.0163488 -0.00123661)
(-0.0202776 0.0152741 -0.00126558)
(-0.018004 0.0156131 -0.00149601)
(-0.019494 0.0145347 -0.000766188)
(-0.0180877 0.0171264 -0.00113199)
(-0.0209558 0.0121278 -7.18235e-05)
(-0.0208813 0.0130493 -0.000309338)
(-0.0216546 0.0109103 0.00127068)
(-0.0212913 0.00943538 0.00116473)
(-0.0204634 0.00982522 0.000646622)
(-0.0199938 0.0116104 -0.000139278)
(-0.0192401 0.00646345 0.00242723)
(-0.0176324 0.00441526 0.0034803)
(-0.0189573 0.00632112 0.00205757)
(-0.0183829 0.00546304 0.00273214)
(-0.01924 0.00590602 0.00361606)
(-0.0184103 0.00431055 0.00391382)
(-0.0199313 0.00625391 0.0052977)
(-0.0216479 0.0073674 0.00385744)
(-0.0232996 0.00836278 0.00301393)
(-0.0192975 0.00619519 0.00476288)
(-0.0214712 0.00834487 0.00458326)
(-0.0261014 0.0166592 -1.56304e-05)
(-0.0247409 0.0149814 -0.000512016)
(-0.0243954 0.0172913 -0.00183131)
(-0.0246137 0.0196568 -0.00159754)
(-0.0256006 0.018889 -0.00120508)
(-0.0253118 0.0144271 0.000673336)
(-0.024045 0.0111644 0.0027796)
(-0.0257727 0.0153512 0.000692028)
(-0.0140888 0.0299532 -0.00209196)
(-0.0130048 0.0312868 -0.00190899)
(-0.0159666 0.0282069 -0.00261043)
(-0.013184 0.0322129 -0.00236646)
(-0.0158333 0.0294194 -0.00195043)
(-0.0136889 0.032181 -0.00126442)
(-0.0125781 0.0359655 -0.000366324)
(-0.00966635 0.0308816 0.00114978)
(-0.0105563 0.0344113 0.00059578)
(-0.0104049 0.0349777 0.00179951)
(-0.00969803 0.0290407 -8.23188e-05)
(-0.0125359 0.0346415 -0.00100814)
(-0.0225348 0.0176581 -0.00175312)
(-0.0224094 0.0197377 -0.00255609)
(-0.0226774 0.0158352 -0.001566)
(-0.0223987 0.0170446 -0.00184472)
(-0.0149239 0.0242652 -0.00195206)
(-0.0147852 0.0281855 -0.00127007)
(-0.0168717 0.0257784 -0.00250109)
(-0.0165897 0.0268882 -0.00269818)
(-0.0144363 0.0263125 -0.00187056)
(-0.0149919 0.0265447 -0.00229613)
(-0.0248649 0.024028 4.30934e-05)
(-0.0219376 0.0269883 -0.00181292)
(-0.0221735 0.0261767 -0.00190193)
(-0.0217791 0.0275238 -0.00214187)
(-0.0242065 0.0245638 -0.000542662)
(-0.0227511 0.0254791 -0.000427431)
(-0.0046705 0.032558 0.000512148)
(-0.00785281 0.0298244 -0.000887334)
(-0.00456048 0.0297213 -0.000587587)
(-0.00757382 0.0287378 -0.000558537)
(-0.00548447 0.0306202 0.000431188)
(-0.00698131 0.0309121 -0.000824623)
(-0.0194685 0.0260458 -0.00211081)
(-0.017899 0.0288525 -0.0031259)
(-0.0175024 0.0251813 -0.00197849)
(-0.0162557 0.0258903 -0.00268378)
(-0.0208833 0.0250811 -0.00323668)
(-0.0209002 0.0240632 -0.00316458)
(-0.0112129 0.0292931 0.00628843)
(-0.0121806 0.0309264 0.00756613)
(-0.0111727 0.0289245 0.00480681)
(-0.0129986 0.0318559 0.00581025)
(-0.0121925 0.0307301 0.00484485)
(-0.0118362 0.0303335 0.00608356)
(-0.0110133 0.0296277 0.00378819)
(-0.00933151 0.028769 0.00322154)
(-0.0104864 0.030867 0.00519223)
(-0.0107801 0.0289026 0.00268896)
(-0.0105168 0.0299483 0.00249537)
(-0.0104785 0.0300632 0.0045909)
(-0.0113846 0.0272994 -0.000509832)
(-0.0117378 0.0282107 0.000976482)
(-0.0123564 0.0276351 -0.000153669)
(-0.0118577 0.0295591 0.00100019)
(-0.0129122 0.0282684 -0.000551031)
(-0.0125148 0.0257679 -0.00114774)
(-0.0135641 0.0277544 -0.00119797)
(-0.0132232 0.0230989 -0.000158439)
(-0.012977 0.0260355 0.000822748)
(-0.014031 0.0252837 0.00112053)
(-0.0132173 0.024807 0.000581549)
(-0.0129191 0.0247442 0.00201937)
(-0.0171709 0.00821351 0.00217736)
(-0.0166443 0.00721929 0.00224514)
(-0.0177147 0.00771328 0.00241485)
(-0.0177751 0.00598668 0.00336647)
(-0.0171016 0.00637546 0.00298735)
(-0.0174884 0.00622739 0.00353594)
(-0.0146157 0.0201361 -0.00054931)
(-0.0136911 0.022426 0.000639773)
(-0.0141814 0.0206781 -0.0006706)
(-0.0153117 0.0221429 0.000521675)
(-0.0137027 0.0215469 0.0008945)
(-0.0141163 0.0223126 -0.000125292)
(-0.01494 0.0293612 0.00993721)
(-0.0136654 0.0286134 0.00755547)
(-0.0133851 0.0291486 0.00928086)
(-0.0133767 0.0304405 0.00906673)
(-0.0136045 0.0276623 0.00999367)
(-0.013399 0.0289601 0.00775389)
(-0.0134884 0.0257679 0.00445807)
(-0.0134324 0.0234496 0.00259168)
(-0.013001 0.0245082 0.0045365)
(-0.0133697 0.0236616 0.00365991)
(-0.0134445 0.024288 0.00223626)
(-0.0133624 0.0253663 0.00318387)
(-0.0157004 0.00473812 0.00416694)
(-0.015385 0.00484396 0.00510041)
(-0.0155586 0.00290057 0.00538273)
(-0.0151376 0.00310189 0.00482046)
(-0.0156761 0.00252992 0.00648667)
(-0.0155952 0.0033743 0.00472456)
(-0.0142298 0.0020754 0.00638404)
(-0.0148598 0.00313486 0.0057)
(-0.0158492 0.0251972 0.0112603)
(-0.0147324 0.0247053 0.00933481)
(-0.0151222 0.0260597 0.0102649)
(-0.0151738 0.0241154 0.0113013)
(-0.0146105 0.0252448 0.00919191)
(-0.0154193 0.0263308 0.0105578)
(-0.0187066 0.0231915 0.0139771)
(-0.0165518 0.0250556 0.0133118)
(-0.0181944 0.0259065 0.0133993)
(-0.0201805 0.0257502 0.0152431)
(-0.0179887 0.0232133 0.0129852)
(-0.0184784 0.0238076 0.0139919)
(-0.013172 0.019668 0.00471275)
(-0.0183271 0.0244013 0.0045644)
(-0.0129794 0.0195829 0.00431635)
(-0.0162477 0.0225129 0.00527331)
(-0.0168997 0.0230043 0.00424286)
(-0.0148633 0.0216144 0.00367834)
(-0.0209236 0.0289439 0.00226997)
(-0.0183305 0.0261482 0.0005617)
(-0.0154137 0.0226625 0.00319179)
(-0.0221063 0.029339 0.00313928)
(-0.0193769 0.0260653 0.00320224)
(-0.0158557 0.0240159 0.00266839)
(-0.0259816 0.0327179 0.00580802)
(-0.0240613 0.030693 0.00582179)
(-0.0275539 0.0348296 0.00779195)
(-0.0263801 0.0320129 0.00650009)
(-0.0269042 0.0318184 0.00300753)
(-0.0250141 0.0321262 0.00421305)
(-0.0204067 0.0267572 0.00851328)
(-0.0217838 0.0270391 0.00761506)
(-0.0185389 0.0244907 0.00654548)
(-0.0192778 0.0250202 0.00698416)
(-0.0202823 0.0257005 0.00661618)
(-0.0256827 0.033903 0.0111567)
(-0.0258335 0.0332046 0.0102919)
(-0.023742 0.0313081 0.0115008)
(-0.0232874 0.0308723 0.0107135)
(-0.025575 0.0296817 0.00886846)
(-0.0174602 0.0325412 0.0143116)
(-0.0171179 0.0310513 0.0141077)
(-0.0162637 0.0320326 0.0143155)
(-0.0164231 0.0335811 0.0143111)
(-0.0185518 0.0349824 0.015114)
(-0.0157515 0.0342812 0.0145185)
(-0.0125382 0.0312482 0.0136372)
(-0.0118978 0.030838 0.0124598)
(-0.0149555 0.0348859 0.0143195)
(-0.0113937 0.0305558 0.0137196)
(-0.0101722 0.0295891 0.0126859)
(-0.0148493 0.03176 0.0138384)
(-0.00476369 0.0335276 0.0134563)
(-0.00193547 0.0326142 0.0101009)
(-0.00238649 0.0337044 0.00871379)
(-0.00476008 0.0341987 0.0117264)
(-0.00334544 0.0328489 0.00880547)
(-0.00262769 0.0349928 0.0117488)
(-0.000630968 -0.00275055 0.000632034)
(-0.000318083 -0.00212085 0.000658876)
(-0.000740354 -0.00152903 0.00117751)
(-0.000246398 -0.00255445 0.00062277)
(-0.000862901 -0.00173904 0.000927585)
(-0.00149714 -0.00141489 0.00162836)
(-0.00513718 0.000212166 0.00391016)
(-0.00309683 -0.00035402 0.00322176)
(-0.00207896 -0.000512391 0.0023259)
(-0.00439882 0.000207684 0.00363801)
(-0.00426691 0.000489695 0.00395268)
(-0.00291261 -0.000241598 0.00269528)
(-6.11945e-05 -0.000626068 0.00078698)
(0.000100853 -0.00112298 0.000396665)
(-0.000249986 0.000113277 0.000781593)
(-0.00060418 0.00140421 0.00112894)
(-0.000581847 0.00229836 0.00129529)
(9.05649e-05 -0.00173461 0.000476415)
(-0.00365527 0.000708556 0.00370856)
(-0.00274675 0.000342144 0.00327827)
(-0.0041742 0.00056293 0.00389258)
(-0.00440612 0.000446056 0.00378118)
(-0.00204186 0.000277789 0.00254835)
(-0.0027309 0.000463375 0.0027922)
(-0.00125504 0.000100577 0.00195407)
(-0.000870341 4.53365e-05 0.00167898)
(-0.00141822 0.000628685 0.00225366)
(-0.000946319 0.000389063 0.00189674)
(-0.00155126 0.000361493 0.00225218)
(-0.000779943 0.000187796 0.0017875)
(-0.0108002 0.00582485 0.00917722)
(-0.0138418 0.00880705 0.0122084)
(-0.0101477 0.0050163 0.0100444)
(-0.00972763 0.00405817 0.00772186)
(-0.00685168 0.00303245 0.00832844)
(-0.00712637 0.00450255 0.00891822)
(-0.00576403 0.00283608 0.00616189)
(-0.00790314 0.00191306 0.00600627)
(-0.0031857 0.00577031 0.00495927)
(-0.00265781 0.0038801 0.00490961)
(-0.00401639 0.00727324 0.0053811)
(-0.00279449 0.00447581 0.00544936)
(-0.0036916 0.00627661 0.00552977)
(-0.00266109 0.00444673 0.0045761)
(-0.00448515 0.00160042 0.00616464)
(-0.00297287 0.00187421 0.00499128)
(-0.00340851 0.00188869 0.00583937)
(-0.00416134 0.00169965 0.00583019)
(-0.00343415 0.00189358 0.00516967)
(-0.00408982 0.00201637 0.00625637)
(-0.00431015 0.00180173 0.0071465)
(-0.00482331 0.00139582 0.00808958)
(-0.00335733 0.00244039 0.00620101)
(-0.00387389 0.00249809 0.00701628)
(-0.00470568 0.00233804 0.00777503)
(-0.00381192 0.00248826 0.00635079)
(-0.0145393 0.0145187 0.00194751)
(-0.0142609 0.012308 0.00128305)
(-0.0137809 0.0118644 0.00193807)
(-0.0133721 0.012827 0.00132687)
(-0.013659 0.0128167 0.00252195)
(-0.0124009 0.0137089 0.00321261)
(-0.0123614 0.0158569 0.00525414)
(-0.0138587 0.0164486 0.00576597)
(-0.0121999 0.0176926 0.00706831)
(-0.0126169 0.017129 0.00748015)
(-0.0119257 0.0167283 0.00855558)
(-0.0117487 0.0160074 0.00629181)
(-0.0120013 0.0171024 0.00813161)
(-0.012012 0.0170442 0.00661178)
(-0.0034427 0.00255708 0.00585101)
(-0.00250723 0.00247117 0.00459392)
(-0.00286169 0.00259952 0.00536894)
(-0.00257743 0.00208024 0.00453063)
(-0.00245913 0.00207036 0.0043642)
(-0.00239032 0.00276408 0.00464798)
(-0.00218449 0.00245508 0.00401291)
(-0.00233157 0.00282446 0.00436345)
(-0.00254415 0.00348405 0.00513431)
(-0.002487 0.00386364 0.00528195)
(-0.00287202 0.00294633 0.00563622)
(-0.00270792 0.00351745 0.00551293)
(-0.00287549 0.00409108 0.00577138)
(-0.00295154 0.00380763 0.00624125)
(-0.00313145 0.00296834 0.00600282)
(-0.00292452 0.00311141 0.00613146)
(-0.00317685 0.00302875 0.00690172)
(-0.00350498 0.00253782 0.00713919)
(-0.0189868 0.0266871 0.0132972)
(-0.0206824 0.0285479 0.0132623)
(-0.0191763 0.02694 0.0130068)
(-0.019233 0.0264378 0.0131091)
(-0.000857969 0.0010887 0.0017292)
(-0.000823658 0.000883521 0.00167896)
(0.00123704 0.0273667 0.00563692)
(0.000971014 0.0239227 0.00668826)
(0.000585958 0.0284316 0.00452048)
(0.000791155 0.0286193 0.00536171)
(-0.00145866 0.0292947 0.0100782)
(-0.00498444 0.0367872 0.00862294)
(-0.000271279 0.0272042 0.0045869)
(-0.00389409 0.0324538 0.007257)
(-0.00320539 0.0320305 0.00396317)
(-0.00197168 0.0303872 0.00680066)
(-7.50318e-05 0.0312311 0.00518216)
(-0.002023 0.0296379 0.00459985)
(-0.0155297 0.0341208 0.0143662)
(-0.0250003 0.0289271 0.00674031)
(-0.02648 0.0332299 0.00891491)
(-0.022427 0.0281854 0.00412909)
(-0.0193691 0.0248126 0.00345999)
(-0.0199381 0.025636 0.00589613)
(-0.0157672 0.0192112 0.0136274)
(-0.0161675 0.0220988 0.0128321)
(-0.0166561 0.020093 0.0139658)
(-0.0192041 0.025328 0.0152128)
(-0.0180839 0.0207301 0.0149492)
(-0.0162379 0.0194277 0.0136522)
(-0.0154412 0.0176574 0.013654)
(-0.0155322 0.0187052 0.0133963)
(-0.0154257 0.0186147 0.0138366)
(-0.0154663 0.0190001 0.0138477)
(-0.0142114 0.017697 0.013262)
(-0.0147502 0.0190876 0.0130453)
(-0.0152264 0.0188844 0.01376)
(-0.0148669 0.0184485 0.0135389)
(-0.013657 0.0181995 0.0120755)
(-0.0166072 0.0207999 0.013487)
(-0.0157778 0.0233165 0.0124607)
(-0.014785 0.0207234 0.0122041)
(-0.0186865 0.024363 0.0146145)
(-0.0148109 0.0213314 0.0110682)
(-0.0110231 -0.000286197 0.00938244)
(-0.0113817 0.000866251 0.00804625)
(-0.0117732 0.00058649 0.00764953)
(-0.0122021 0.000678625 0.00917617)
(-0.0115527 0.000572231 0.00801589)
(-0.0108143 0.000718691 0.00860025)
(-0.013112 0.00180323 0.00735169)
(-0.0137944 0.00166787 0.00700663)
(-0.0160954 0.0180204 -0.00110068)
(-0.0160195 0.00427366 0.00321844)
(-0.0158507 0.00448135 0.00420496)
(-0.0138349 0.024202 0.00116751)
(-0.0101196 0.0284915 0.00143511)
(-0.0110356 0.0254369 0.0036881)
(-0.011735 0.027129 0.00575547)
(-0.0126722 0.0283716 0.00524073)
(-0.014556 0.0305972 0.00689653)
(-0.0130905 0.0275079 0.00573928)
(-0.0125041 0.0270669 0.00291012)
(-0.0129265 0.0265177 0.00359213)
(-0.0135357 0.0266535 0.00562691)
(-0.0138899 0.0281902 0.00477721)
(-0.0136429 0.026656 0.00273402)
(-0.0131819 0.0247801 -0.00127025)
(-0.013387 0.0247942 -0.00186028)
(-0.0144347 0.0247544 -0.00100954)
(-0.0146041 0.0237282 -0.00100307)
(-0.0154932 0.0228904 -0.00118233)
(-0.0150053 0.0191336 -0.00148644)
(-0.0166518 0.0208256 -0.00204812)
(-0.0158281 0.0194021 -0.00142856)
(-0.0156158 0.0214115 -0.00155994)
(-0.0143229 0.0239957 -0.000335371)
(-0.0152351 0.0211109 -0.00136145)
(-0.0154396 0.0222945 -0.00125084)
(-0.0143609 0.0230412 -0.00059456)
(-0.0142407 0.0234837 3.06519e-05)
(-0.0142029 0.0238929 -0.00180956)
(-0.0147559 0.02569 -0.00135295)
(-0.0151789 0.0246144 -0.00187883)
(-0.0153398 0.0217506 -0.00146448)
(-0.0153213 0.023055 -0.00163955)
(-0.0158429 0.0271665 -0.00264664)
(-0.0185238 0.0241652 -0.00371601)
(-0.0174371 0.0268376 -0.00182203)
(-0.0242723 0.0178212 -0.00270199)
(-0.0229069 0.0200969 -0.00254611)
(-0.0189886 0.022782 -0.00308691)
(-0.0217774 0.0214121 -0.00260117)
(-0.0221902 0.0212141 -0.00242613)
(-0.0213142 0.0247523 -0.00266274)
(-0.0178618 0.0304012 -0.00221847)
(-0.016783 0.0304896 -0.00164866)
(-0.0179108 0.0242096 -0.00385588)
(-0.017216 0.0207681 -0.00199943)
(-0.0173613 0.022226 -0.00147221)
(-0.0101889 0.0299582 0.00168586)
(-0.0158352 0.0247893 -0.00251392)
(-0.0145618 0.0260258 -0.00223068)
(-0.0151253 0.0277579 -0.0033132)
(-0.00929678 0.0280269 -0.002026)
(-0.0126138 0.0274837 -0.0015747)
(-0.0154911 0.0314213 -0.00222478)
(-0.013711 0.0319454 -0.00107836)
(-0.0109481 0.0298196 -0.00128079)
(-0.0102289 0.0312294 -0.000739726)
(-0.0117172 0.0326475 -0.000194713)
(-0.0119623 0.0309835 -0.00127306)
(-0.0221838 0.0155197 -0.00160106)
(-0.0222338 0.0138323 -0.000702538)
(-0.0160786 0.00302984 0.00451022)
(-0.0197345 0.00558132 0.00407095)
(-0.0225653 0.0101858 0.00111695)
(-0.0186615 0.00478254 0.00428868)
(-0.0221112 0.00741758 0.00278418)
(-0.021513 0.00826493 0.00226002)
(-0.0200969 0.00589442 0.00365779)
(-0.0151826 0.00335314 0.00532898)
(-0.0193809 0.00464582 0.00371013)
(-0.0205157 0.00589845 0.00290847)
(-0.0211126 0.0146798 -0.001263)
(-0.0214103 0.00956538 0.000259779)
(-0.0220139 0.0118887 -0.000650977)
(-0.0218175 0.0128016 -0.000832878)
(-0.0222176 0.00796714 0.00307225)
(-0.0197746 0.00758869 0.00311533)
(-0.0211143 0.00860331 0.00108618)
(-0.0202341 0.00689474 0.0016959)
(-0.0191466 0.00953288 0.000786782)
(-0.0195577 0.00992535 -2.40879e-05)
(-0.0167507 0.017535 -0.00154888)
(-0.0172257 0.0190644 -0.00151348)
(-0.0183369 0.0191406 -0.00162599)
(-0.0189119 0.0171546 -0.00182276)
(-0.0202926 0.0139943 -0.00126535)
(-0.0194788 0.0165101 -0.00192825)
(-0.0203295 0.0156667 -0.00115008)
(-0.0190849 0.0114397 -0.000188131)
(-0.0195801 0.0123951 -0.000560088)
(-0.0177223 0.0129261 -0.000721187)
(-0.0189334 0.0120014 -0.000454459)
(-0.0189899 0.00938799 0.000856966)
(-0.0192247 0.00715237 0.00115936)
(-0.0194611 0.00836443 0.00131074)
(-0.0189305 0.00527469 0.00389551)
(-0.0146958 0.00293289 0.00492299)
(-0.0150572 0.00378836 0.00518567)
(-0.0137977 0.00162281 0.00543518)
(-0.0176072 0.00393666 0.00485455)
(-0.0168643 0.00358949 0.00430154)
(-0.0183966 0.00871373 0.00193487)
(-0.0194372 0.00785705 0.00209717)
(-0.0178974 0.00630178 0.00302272)
(-0.0179351 0.00771672 0.00183258)
(-0.0182162 0.00692548 0.00190485)
(-0.0172266 0.00463249 0.00342031)
(-0.0158846 0.0034606 0.00461955)
(-0.0122189 0.00235842 0.00579674)
(-0.022754 0.0257652 0.000736853)
(-0.0252128 0.0202671 -0.00214078)
(-0.0235202 0.0214938 -0.00249666)
(-0.0238727 0.0223867 -0.00242354)
(-0.022963 0.0233018 -0.00249998)
(-0.0224424 0.024026 -0.00258858)
(-0.0214406 0.0282134 -0.00262954)
(-0.0235998 0.0241278 -0.00222513)
(-0.0180781 0.0282442 -0.00292894)
(-0.0195524 0.0273067 -0.0025196)
(-0.0259565 0.0200198 -0.00125559)
(-0.0262096 0.0179265 0.00138654)
(-0.0259358 0.0181757 0.00346093)
(-0.0254473 0.0183967 0.00510386)
(-0.0239313 0.0166072 0.00720907)
(-0.0254868 0.0220703 0.00123038)
(-0.0264405 0.0208336 0.00269406)
(-0.0261855 0.022321 -0.000466724)
(-0.0251941 0.0228954 -0.000959338)
(-0.0234277 0.012021 0.00515908)
(-0.0257621 0.0167132 0.00505523)
(-0.0253321 0.0166163 0.00361122)
(-0.0251021 0.0130972 0.00336093)
(-0.0231951 0.0121339 0.00680809)
(-0.0242868 0.0136499 0.00573264)
(-0.0230955 0.0138883 0.00727478)
(-0.0212958 0.0329345 0.0136932)
(-0.0209008 0.0267767 0.00927974)
(-0.0217674 0.0286138 0.0123027)
(-0.023973 0.0307098 0.0113756)
(-0.0265184 0.033053 0.00947107)
(-0.0246754 0.0326722 0.0108032)
(-0.0225845 0.0297235 0.00216734)
(-0.0244764 0.0335498 0.00118304)
(-0.0212297 0.0288271 0.00127192)
(-0.0239176 0.0305729 0.00136344)
(-0.0265573 0.036035 0.0123194)
(-0.0250583 0.0309553 0.00952375)
(-0.0241113 0.0327548 0.0115829)
(-0.0208686 0.0354624 0.0158806)
(-0.0199585 0.035601 0.0165097)
(-0.0245845 0.0405317 0.00990984)
(-0.0241122 0.0380992 0.0105734)
(-0.0275012 0.0363934 0.00782562)
(-0.024072 0.0372011 0.0125311)
(-0.0248668 0.0385511 0.0114596)
(-0.0266322 0.0388888 0.00786706)
(-0.022363 0.0342683 0.0138197)
(-0.0228926 0.0345919 0.0134993)
(-0.0233174 0.035919 0.0128911)
(-0.0242255 0.0365156 0.0128217)
(-0.0267239 0.037991 0.0107531)
(-0.0130955 0.0220054 0.00102652)
(-0.0169699 0.0256441 0.000683745)
(-0.0195327 0.0284906 0.000182442)
(-0.0222657 0.0428754 0.00103595)
(-0.0273354 0.0367039 0.00390824)
(-0.0271831 0.0392592 0.00773862)
(-0.0271959 0.03792 0.00249545)
(-0.0276787 0.040318 0.000925407)
(-0.0271464 0.0396664 0.00586809)
(-0.0253691 0.03687 -0.00287745)
(-0.0283145 0.0390481 0.0017248)
(-0.0274785 0.0405397 0.00473226)
(-0.0262175 0.0426933 0.00132313)
(-0.0239082 0.0386623 -0.00268854)
(-0.0243113 0.0428197 0.000383887)
(-0.0229698 0.0365228 -0.00182998)
(-0.0191047 0.0343521 -0.0024198)
(-0.00639194 0.0200455 0.000799241)
(-0.00797182 0.0257982 -0.00357551)
(-0.0112842 0.0275355 -0.00152096)
(-0.00726259 0.0200329 -0.000314077)
(-0.0141935 0.0324408 -0.00318717)
(-0.0119339 0.031852 -0.00153237)
(-0.01997 0.0349267 -0.00288851)
(-0.0167913 0.0327947 -0.00215775)
(-0.0163373 0.0306804 -0.00241263)
(-0.0118973 0.0248412 -0.00259281)
(-0.0173294 0.0291958 -0.00321214)
(-0.0121855 0.0219122 0.00141617)
(-0.00897941 0.0181021 0.00158321)
(-0.00767403 0.0162348 0.00170858)
(-0.017917 0.0276674 -0.000136231)
(-0.0147428 0.0244518 -0.000970992)
(-0.0195666 0.0306677 -0.000916353)
(-0.0204415 0.0300382 -0.000487005)
(-0.00927345 0.0214627 -0.000323384)
(-0.011227 0.0315523 0.00538104)
(-0.0121847 0.0324931 0.0109745)
(-0.0111233 0.0336508 0.0104102)
(-0.0118485 0.0320415 0.0108593)
(-0.0116291 0.0313634 0.00780622)
(-0.0116068 0.0313084 0.00962338)
(-0.010927 0.0338239 0.00331965)
(-0.0089894 0.0313422 0.00866458)
(-0.0103519 0.0317483 0.00817118)
(-0.0096466 0.0292961 0.00649429)
(-0.00961954 0.0320851 0.00794632)
(-0.0092967 0.0306462 0.00350511)
(-0.00964296 0.0300188 0.00646489)
(-0.010128 0.0334321 0.0109114)
(-0.0095613 0.0331921 0.0100592)
(-0.00824561 0.0332113 0.00855837)
(-0.00798187 0.0282998 0.0100909)
(-0.00960285 0.0333072 0.0111717)
(-0.00823861 0.0339364 0.00963743)
(-0.0067811 0.0330315 0.005867)
(-0.00637112 0.0339149 0.00761415)
(-0.010936 0.0346398 0.00275231)
(-0.00814242 0.0289899 0.00364359)
(-0.00735671 0.0281642 0.000897572)
(-0.00824584 0.0273786 -6.34551e-05)
(-0.0232791 0.0339804 0.0134795)
(-0.023207 0.0298278 0.0126571)
(-0.0192459 0.0283427 0.0128417)
(-0.0163693 0.0275009 0.0130842)
(-0.0195578 0.0335646 0.0149015)
(-0.0158997 0.0333496 0.0148537)
(-0.017267 0.0332484 0.0145523)
(-0.0177638 0.0339011 0.0150905)
(-0.0202661 0.0338259 0.0164463)
(-0.0191422 0.0320675 0.0150998)
(-0.0157583 0.0327351 0.0166415)
(-0.0178121 0.0341198 0.0163325)
(-0.0170005 0.0330336 0.0170534)
(-0.0161634 0.0333073 0.0174851)
(-0.0138732 0.0318752 0.0166496)
(-0.0156448 0.033399 0.0171969)
(-0.0155176 0.0279714 0.0143664)
(-0.0151761 0.0322846 0.0160544)
(-0.0145775 0.0343842 0.0169397)
(-0.0146904 0.0311512 0.0159244)
(-0.0130103 0.0337253 0.0165555)
(-0.0138354 0.0339802 0.0173423)
(-0.0129544 0.0282545 0.0133018)
(-0.0139944 0.0278513 0.0146776)
(-0.0068097 0.0296068 0.0108604)
(-0.00756123 0.033604 0.0124429)
(-0.012594 0.0304774 0.0151865)
(-0.0108986 0.0333877 0.0156419)
(-0.0106342 0.0348133 0.0164079)
(-0.01167 0.0303769 0.0145468)
(-0.0114124 0.0294656 0.00771767)
(-0.0126168 0.0317059 0.00753457)
(-0.0132305 0.0304395 0.00951237)
(-0.0183915 0.0318243 0.0139831)
(-0.0194934 0.0334803 0.0147437)
(-0.0199763 0.0339509 0.014489)
(-0.00537785 0.0210976 0.0140088)
(-0.0090006 0.0271797 0.0174847)
(-0.00866867 0.0294432 0.0171977)
(-0.0105246 0.0322155 0.0177973)
(-0.0142473 0.0325987 0.0174581)
(-0.0113649 0.0311215 0.0169913)
(-0.0129421 0.0325371 0.017461)
(-0.011169 0.027403 0.0186325)
(-0.0219351 0.0347636 0.0138397)
(-0.0204325 0.0335891 0.0150653)
(-0.0209268 0.0346137 0.015786)
(-0.00234538 0.0209757 0.0143038)
(-0.000377117 0.0239682 0.0146277)
(0.000226365 0.0229267 0.00897374)
(0.000581244 0.0237402 0.0120877)
(-0.000777377 0.026259 0.010934)
(-0.000362716 0.0250742 0.0122849)
(-0.00215744 0.0286243 0.0109571)
(-0.00440713 0.0285939 0.0162881)
(-0.00151722 0.0275918 0.0137795)
(-0.00159892 0.0232383 0.0128881)
(-0.00888914 0.0308138 0.0172644)
(-0.00639264 0.0303213 0.0170555)
(-0.0079895 0.0314475 0.0177432)
(-0.0078326 0.0312862 0.0166444)
(-0.0077666 0.0312834 0.00230817)
(-0.00656939 0.0321273 0.00260401)
(-0.00563122 0.0343555 0.00413399)
(-0.00478133 0.0356737 0.00320729)
(-0.00802011 0.0292433 3.04761e-05)
(-0.00698684 0.0294339 8.62457e-05)
(-0.00654733 0.0295257 -0.00125846)
(-0.00153756 0.0282768 0.00173102)
(-0.000234436 0.0269555 0.0040168)
(-0.00553995 0.0335355 0.005357)
(-0.0045528 0.0348201 0.00574177)
(-0.00570766 0.0323668 0.00416632)
(-0.0055961 0.0334641 0.00444709)
(-0.00426444 0.0365736 0.00929613)
(-0.00615207 0.034163 0.010695)
(-0.00429036 0.0343515 0.0107616)
(-0.00831751 0.03691 0.0151383)
(-0.00396505 0.0328023 0.0130379)
(-0.00621896 0.0323223 0.0148452)
(-0.0119367 0.00243206 0.00546834)
(-0.0129467 0.00276427 0.00586967)
(-0.00794885 0.00133628 0.00522136)
(-0.00527457 0.000680133 0.00461645)
(-0.0102473 0.00153124 0.0060697)
(-0.00641684 0.000994802 0.00494408)
(-0.00578764 0.000415648 0.00414084)
(-0.00906969 0.00167169 0.00534986)
(-0.0180528 0.00474776 0.00493469)
(-0.0164165 0.00351718 0.00515637)
(-0.0137958 0.00313638 0.00549957)
(-0.0176429 0.00475788 0.00537605)
(-0.00254415 -0.000382774 0.00254679)
(-0.00308789 -0.000826648 0.00269852)
(-0.0128942 0.00312812 0.00579612)
(-0.0107718 0.00202102 0.00553863)
(-0.0150164 0.00313656 0.00537517)
(-0.0147568 0.00382668 0.00593872)
(-0.00100764 0.00188082 0.00159541)
(-0.00110435 0.00309657 0.00187789)
(-0.0166906 0.00364353 0.00464336)
(-0.0158569 0.00363185 0.00406895)
(-0.0149816 0.00307697 0.00545422)
(-0.0159284 0.00431207 0.00534205)
(-0.0116522 0.00119311 0.00620676)
(-0.00161062 0.00554187 0.00229675)
(-0.00122674 0.00494631 0.00141561)
(-0.00233386 0.00918275 0.0015011)
(-0.00357343 0.0138661 0.00128365)
(-0.00155819 0.00343669 0.00202998)
(-0.00125922 0.00248783 0.00184541)
(-0.00209597 0.00470607 0.00232521)
(-0.00251217 0.00607465 0.00216822)
(-0.0057586 0.0138751 0.00132277)
(-0.00708122 0.0280476 -0.00111445)
(-0.00304188 0.0289892 0.00213179)
(-0.00231821 0.0127777 0.00291462)
(-0.0102701 0.0376856 -0.000230991)
(-0.000591721 0.00214671 0.000881921)
(-3.93733e-05 -0.00195752 0.000336412)
(-0.000682901 0.00233138 0.00202356)
(-0.00146754 0.00739342 0.00224257)
(-0.000856401 0.011837 0.00337112)
(-0.000502918 0.00542058 0.00155891)
(0.000331066 0.00829412 0.00540541)
(-0.0156492 0.0432388 -0.00132169)
(0.000247147 0.00408057 0.00239894)
(-0.000699174 -0.000199875 0.000939629)
(0.000958949 0.00542235 0.00383196)
(-0.000327731 0.000277695 0.00248031)
(-0.0011295 -0.00215595 0.000379225)
(-0.0172932 0.00504357 0.00577406)
(-0.0231834 0.00898578 0.00408179)
(-0.0215409 0.00819344 0.00502179)
(-0.0161487 0.00739033 0.00893586)
(-0.0203138 0.00994895 0.00730653)
(-0.0183663 0.00734068 0.005769)
(-0.0169864 0.00645317 0.00674084)
(-0.0155312 0.00667203 0.0077017)
(-0.018812 0.00806624 0.00722667)
(-0.0121045 0.00330472 0.00574993)
(-0.00997616 0.00213088 0.00557715)
(-0.00828565 0.0015567 0.00514311)
(-0.00393016 -0.000655903 0.00327578)
(-0.0054884 0.000647904 0.00428066)
(-0.0124476 0.00393202 0.00673507)
(-0.0133087 0.00537149 0.0074942)
(-0.0141916 0.00436004 0.00641676)
(-0.0116208 0.00298717 0.00684308)
(-0.00439193 -2.64217e-05 0.00350917)
(-0.00352076 -0.000794261 0.00320538)
(-0.0042473 0.000175877 0.00414143)
(-0.0216928 0.0116875 0.00783269)
(-0.0181038 0.00994485 0.00944569)
(-0.0200628 0.01062 0.00852652)
(-0.019654 0.0139406 0.0111219)
(-0.0142365 0.0105209 0.0120226)
(-0.0178691 0.0104397 0.00985318)
(-0.0211813 0.0158424 0.0119628)
(-0.0241054 0.0172713 0.00917107)
(-0.0236511 0.018417 0.00841575)
(-0.0185541 0.0224822 0.00807313)
(-0.0174857 0.0241243 0.0104529)
(-0.0159177 0.0213723 0.00956495)
(-0.0195775 0.0257599 0.00998184)
(-0.0151858 0.0221956 0.0108692)
(-0.0167898 0.0215068 0.00951058)
(-0.0140099 0.0279833 0.0101754)
(-0.0134248 0.0287108 0.00824021)
(-0.0147411 0.0280333 0.00854679)
(-0.0166436 0.0277748 0.0122808)
(-0.0187206 0.0247447 0.0126668)
(-0.0194689 0.0263328 0.0130456)
(-0.0205298 0.0275262 0.0141474)
(-0.0170008 0.0224541 0.012129)
(-0.0140511 0.0224255 0.0106047)
(-0.0176056 0.025157 0.0129196)
(-0.0154289 0.0238786 0.0119111)
(-0.0158265 0.0270391 0.0109504)
(-0.0185426 0.0276709 0.0138645)
(-0.0171927 0.0288008 0.0120445)
(-0.0207525 0.0250555 0.0121943)
(-0.0194111 0.0261761 0.0124562)
(-0.0204207 0.0269891 0.0129871)
(-0.0197881 0.0255781 0.0127331)
(-0.0209332 0.0258751 0.0112481)
(-0.0202779 0.0265447 0.012114)
(-0.0206011 0.0249919 0.0120733)
(-0.0203395 0.0263566 0.0126562)
(-0.0181751 0.0234258 0.0120267)
(-0.0190447 0.0248228 0.0119794)
(-0.0198582 0.0247359 0.0116239)
(-0.0172633 0.0238141 0.0109194)
(-0.0179449 0.0239636 0.0114145)
(-0.0198679 0.0249989 0.0132212)
(-0.0195891 0.024239 0.0126853)
(-0.0198541 0.0237703 0.0127741)
(-0.0186387 0.0229663 0.012023)
(-0.0210205 0.0236324 0.0151704)
(-0.0199938 0.0223931 0.0140657)
(-0.0195743 0.025146 0.0143039)
(-0.0187059 0.0240845 0.0137869)
(-0.0184401 0.0231017 0.0130733)
(-0.0186483 0.0233749 0.0130652)
(-0.0194125 0.0248375 0.0132523)
(-0.0196331 0.0234095 0.0128617)
(-0.0200828 0.0241029 0.013597)
(-0.0190045 0.0245408 0.0132145)
(-0.0197695 0.022858 0.0129946)
(-0.0206547 0.0239063 0.0145286)
(-0.0131565 0.0298234 0.0115701)
(-0.0136621 0.0313215 0.0108826)
(-0.0145391 0.0335205 0.0127745)
(-0.0162483 0.0288741 0.0129274)
(-0.0173555 0.0328602 0.0146908)
(-0.0168122 0.0312383 0.0130292)
(-0.0183786 0.0323337 0.0130353)
(-0.0195035 0.0279466 0.0128623)
(-0.0191892 0.0292118 0.0133735)
(-0.0189912 0.029942 0.0135992)
(-0.0198316 0.0292432 0.0139521)
(-0.0219877 0.0294251 0.0136813)
(-0.0201745 0.0254104 0.0114187)
(-0.0242131 0.032066 0.0118577)
(-0.0242752 0.0315518 0.0113841)
(-0.0237255 0.0302186 0.0101518)
(-0.0234952 0.0283021 0.00770817)
(-0.0219068 0.0278185 0.00945761)
(-0.0231254 0.029125 0.00954298)
(-0.0232565 0.0325461 0.0127661)
(-0.0215024 0.0306683 0.0132575)
(-0.0182458 0.0324571 0.0138602)
(-0.0186212 0.0300251 0.0137153)
(-0.0182398 0.0260995 0.0117402)
(-0.0216326 0.0271183 0.0120689)
(-0.0195014 0.0311693 0.0137742)
(-0.0197707 0.0274875 0.0130586)
(-0.0205221 0.025536 0.0118349)
(-0.00289716 0.00406837 0.00673717)
(-0.00618935 0.00114546 0.00763176)
(-0.00564732 0.00164651 0.00752325)
(-0.00493542 0.00209423 0.00727768)
(-0.00603232 0.00127257 0.00779389)
(-0.0065059 0.00119705 0.00946256)
(-0.00616365 0.00131733 0.00947865)
(-0.00494291 0.00183486 0.00826168)
(-0.00542777 0.00137472 0.00810045)
(-0.00314056 0.00496379 0.00690548)
(-0.00315918 0.00507628 0.00650231)
(-0.00410046 0.00750256 0.00771934)
(-0.00326523 0.00575919 0.00722708)
(-0.0173999 0.0245222 0.00980554)
(-0.0134973 0.0202732 0.0101453)
(-0.0144684 0.0217354 0.0103381)
(-0.0156717 0.0230937 0.0101002)
(-0.0117063 0.0187523 0.00936568)
(-0.00490045 0.00891787 0.00568388)
(-0.00440567 0.0086717 0.00782598)
(-0.00610347 0.0118114 0.00884841)
(-0.00585896 0.0111882 0.0084343)
(-0.00538114 0.00142523 0.00667693)
(-0.00619319 0.00127252 0.00688725)
(-0.00732356 0.0146013 0.00241969)
(-0.00471618 0.0102634 0.0029869)
(-0.00392609 0.00795444 0.00333839)
(-0.00557225 0.0101955 0.0063773)
(-0.00655799 0.0117692 0.00743231)
(-0.00305465 0.00536671 0.00586911)
(-0.00352609 0.00636951 0.00624608)
(-0.00504935 0.0088217 0.00637182)
(-0.00466331 0.00884185 0.00698396)
(-0.00415405 0.00771887 0.00712903)
(-0.003229 0.00576279 0.00622144)
(-0.00958528 0.0162701 0.00520996)
(-0.0067147 0.0120267 0.00661899)
(-0.0075518 0.0135756 0.00744128)
(-0.017127 0.0237234 0.00870844)
(-0.0195616 0.0243872 0.00862214)
(-0.00907615 0.015426 0.00823049)
(-0.00835738 0.01481 0.00951482)
(-0.0112665 0.0184509 0.00908388)
(-0.0136761 0.0197217 0.00767533)
(-0.0133475 0.019381 0.00800696)
(-0.0103419 0.0170788 0.00792955)
(-0.00815984 0.0140707 0.00628048)
(-0.0127636 0.0198398 0.00609214)
(-0.0141793 0.0216383 0.0078084)
(-0.00974138 0.0164497 0.00750064)
(-0.0164926 0.0222547 0.00525705)
(-0.0147156 0.0212943 0.00636667)
(-0.0172338 0.0240368 0.00783982)
(-0.0139255 0.0207408 0.006954)
(-0.00296821 0.0058977 0.00384724)
(-0.00217398 0.00270909 0.00387727)
(-0.00212562 0.00215958 0.00358454)
(-0.00197196 0.0021535 0.00359755)
(-0.00372876 0.00707309 0.00515799)
(-0.00222509 0.00329345 0.00391925)
(-0.00465343 0.00976976 0.0035303)
(-0.00397698 0.00792822 0.00374007)
(-0.00455202 0.00879119 0.00445524)
(-0.0105798 0.0188087 0.00243263)
(-0.00635921 0.0126428 0.00353603)
(-0.00788665 0.0151765 0.00265884)
(-0.00534272 0.0102925 0.00462607)
(-0.00959602 0.015897 0.00410856)
(-0.0110467 0.0184666 0.00316937)
(-0.0118506 0.0199051 0.00235407)
(-0.0132972 0.0201609 0.00348534)
(-0.0092889 0.0157429 0.00415023)
(-0.00979879 0.017159 0.00332582)
(-0.00618922 0.0116271 0.00424034)
(-0.00616514 0.000786976 0.00629989)
(-0.00643188 0.00163787 0.00672765)
(-0.00567592 0.00164165 0.0065084)
(-0.00563147 0.00170692 0.00617933)
(-0.00470706 0.00172288 0.00604086)
(-0.00226654 0.00186847 0.00372473)
(-0.0023883 0.0017447 0.00377003)
(-0.00258896 0.00196583 0.00423595)
(-0.00304833 0.00196401 0.00459289)
(-0.00249696 0.00120818 0.00359487)
(-0.00223486 0.000515326 0.00296133)
(-0.00620728 0.00131624 0.00563569)
(-0.00540786 0.00105851 0.00547835)
(-0.00428337 0.00116782 0.00482278)
(-0.00445511 0.000763086 0.00440318)
(-0.00567876 0.00128836 0.00528355)
(-0.00115998 0.00176877 0.00208199)
(-0.00187434 0.00376381 0.00227486)
(-0.00268648 0.0056107 0.00264704)
(-0.00238715 0.00434658 0.00323696)
(-0.00726846 0.00110383 0.00801419)
(-0.00995755 0.000610318 0.00829975)
(-0.0152351 0.00302191 0.00620371)
(-0.0145294 0.00221935 0.00686998)
(-0.0138587 0.0020269 0.00725393)
(-0.0132383 0.00254497 0.00826029)
(-0.0119905 0.000577774 0.00810629)
(-0.0102241 0.000479014 0.00934419)
(-0.00742795 0.000844821 0.00864506)
(-0.00825234 0.000602278 0.00880404)
(-0.00925243 0.000335574 0.00873752)
(-0.00419725 0.000753987 0.00524112)
(-0.000776344 -0.00257208 0.000469137)
(-0.00222863 -0.00242257 0.00139242)
(-0.00149137 -0.00226576 0.000482321)
(-0.00158355 -0.000402705 0.00318749)
(-0.00149781 0.000385098 0.00263539)
(-0.00203148 -0.0020068 0.00171276)
(-0.00310272 -0.000640721 0.00309272)
(-0.00370868 -0.000875097 0.00423891)
(-0.00116557 0.00117728 0.00418546)
(-0.000479923 -0.00298784 -0.000125359)
(-0.00153867 -0.00197612 0.00121322)
(-0.00140335 -0.00288108 0.000961604)
(-0.00705235 0.000927787 0.0065521)
(-0.00971537 0.00123392 0.00667056)
(-0.0112412 0.00205985 0.0076136)
(-0.0134303 0.00199007 0.00665432)
(-0.0142206 0.00266782 0.00610178)
(-0.0115212 0.0013993 0.00666202)
(-0.0116611 0.00106751 0.00653629)
(-0.0101044 0.00092891 0.0065521)
(-0.00812278 0.00110834 0.0059587)
(-0.00677787 0.000945928 0.00571322)
(-0.00913824 0.00114747 0.00675487)
(-0.00756481 0.00106732 0.00618054)
(-0.0137468 0.0145771 0.00418782)
(-0.0134085 0.0119528 0.00229794)
(-0.0131024 0.0117966 0.00299188)
(-0.0130587 0.0128693 0.00382688)
(-0.0141336 0.0115731 0.00310964)
(-0.0130698 0.0173115 0.00298026)
(-0.016319 0.0167287 -0.00138606)
(-0.0159937 0.0165639 -0.0010931)
(-0.0146171 0.0178488 -0.00116831)
(-0.0157902 0.0198673 -0.000927688)
(-0.0135694 0.015215 0.00139573)
(-0.0137348 0.0142635 0.00166237)
(-0.0146644 0.0119488 0.000943413)
(-0.0140585 0.0168401 0.00249818)
(-0.0145525 0.0183162 0.00207907)
(-0.0155744 0.0171428 0.0014447)
(-0.0178873 0.0143553 -0.000588457)
(-0.0173634 0.0158496 -0.00158851)
(-0.0167096 0.014922 -0.000987115)
(-0.016341 0.0140059 -0.00113419)
(-0.0176281 0.0132608 -0.000726617)
(-0.0154445 0.00497845 0.00402911)
(-0.0133166 0.0101817 0.00166758)
(-0.0134397 0.00989596 0.00224338)
(-0.0163326 0.00609525 0.00348562)
(-0.0165856 0.0065403 0.00344544)
(-0.0170339 0.00623485 0.00369974)
(-0.0157386 0.00510227 0.00450813)
(-0.0157494 0.00425063 0.00343747)
(-0.0158101 0.00597105 0.00238322)
(-0.0159813 0.00639904 0.0030219)
(-0.0157965 0.00558653 0.00295883)
(-0.0153337 0.00681784 0.00254737)
(-0.0172478 0.00932382 0.00141064)
(-0.0157145 0.0117321 0.00144223)
(-0.0165076 0.00792916 0.00207247)
(-0.0170357 0.00845835 0.0023442)
(-0.0150413 0.019459 0.00270863)
(-0.0131619 0.0197771 0.00431375)
(-0.0146737 0.0206299 0.00368494)
(-0.0141468 0.0198132 0.00376902)
(-0.0132112 0.0184542 0.00284989)
(-0.0147505 0.0205136 0.00158875)
(-0.0139989 0.0220047 0.00169367)
(-0.0143229 0.0229485 0.001937)
(-0.0138441 0.0193906 0.00145234)
(-0.0149486 0.021067 0.000288414)
(-0.0154826 0.0200105 0.000577029)
(-0.0180847 0.0160901 -0.000400658)
(-0.0172343 0.0130875 -0.00111311)
(-0.0164366 0.0130125 0.000106899)
(-0.0161076 0.0118918 -0.000176905)
(-0.0165736 0.0116188 0.0005686)
(-0.0143848 0.00877577 0.00181615)
(-0.0140549 0.00841341 0.00178552)
(-0.0142957 0.00941449 0.00313226)
(-0.0158622 0.0085608 0.00319369)
(-0.0149819 0.00878521 0.00275756)
(-0.0148258 0.00537004 0.00412083)
(-0.0143313 0.00586581 0.00314019)
(-0.015856 0.00749514 0.00318395)
(-0.0154137 0.00655884 0.00437917)
(-0.0127904 0.0176019 0.0101715)
(-0.0155855 0.0228918 0.0119635)
(-0.0147619 0.0219701 0.00556657)
(-0.0141409 0.0214571 0.00579847)
(-0.0126226 0.0182822 0.00497127)
(-0.012165 0.0184664 0.00712906)
(-0.0127109 0.0188552 0.00721576)
(-0.0130917 0.0192658 0.0073542)
(-0.013944 0.0205939 0.0102319)
(-0.0118448 0.0178043 0.00831109)
(-0.012828 0.0189453 0.00843354)
(-0.0127139 0.0182913 0.00923115)
(-0.0142742 0.0227389 0.0094861)
(-0.0140141 0.0219968 0.00772183)
(-0.0130158 0.0198216 0.00889872)
(-0.0129537 0.0202536 0.00638361)
(-0.0149228 0.0230425 0.00763016)
(-0.0127976 0.0197589 0.00833902)
(-0.0155876 0.024031 0.00996155)
(-0.0140476 0.0224224 0.010004)
(-0.0156971 0.0235626 0.0110809)
(-0.0134126 0.0205479 0.0099381)
(-0.0146514 0.0242317 0.0103766)
(-0.013178 0.0218066 0.00886819)
(-0.0126451 0.0208479 0.00830478)
(-0.0141171 0.0240121 0.00904064)
(-0.0140749 0.0233844 0.00767354)
(-0.0128769 0.0209046 0.00679103)
(-0.0155127 0.0259453 0.00899294)
(-0.0134638 0.0250834 0.00551653)
(-0.0135502 0.0243798 0.00752433)
(-0.0151959 0.0216709 0.00225119)
(-0.0135466 0.0208034 0.0027595)
(-0.0138118 0.0240783 0.00375394)
(-0.0140944 0.0229535 0.00520948)
(-0.0129683 0.0203398 0.00428416)
(-0.0139141 0.0211716 0.00311167)
(-0.0144813 0.0224806 0.00357946)
(-0.0143459 0.0233983 0.00515112)
(-0.0131462 0.0225286 0.00419354)
(-0.0129093 0.0209326 0.00392342)
(-0.0154969 0.00828768 0.00279015)
(-0.0144923 0.00659119 0.00206255)
(-0.0145708 0.0106855 0.00182755)
(-0.0149889 0.0115077 0.00203947)
(-0.0145867 0.00924837 0.00243328)
(-0.0142961 0.010131 0.00262876)
(-0.0143557 0.0103481 0.000929325)
(-0.0144325 0.00972621 0.00134175)
(-0.0151325 0.00855262 0.001051)
(-0.0151314 0.0107981 0.0011644)
(-0.0167429 0.00806415 0.00150014)
(-0.0146299 0.00780448 0.00178837)
(-0.0156698 0.00799514 0.00216261)
(-0.0153755 0.00851574 0.0010559)
(-0.0165369 0.00962902 0.00179355)
(-0.0155406 0.0100732 0.00170888)
(-0.00999616 0.00023266 0.00952888)
(-0.00976474 0.000477212 0.00966969)
(-0.00719218 0.000925773 0.00920886)
(-0.0079131 0.000399803 0.0090134)
(-0.00883319 0.000706623 0.00718325)
(-0.0115138 0.00111769 0.00894233)
(-0.0084212 0.000790053 0.00757699)
(-0.00780144 0.00147098 0.0074767)
(-0.00983286 0.000938921 0.00735729)
(-0.01094 0.00160547 0.00867846)
(-0.00718231 0.000976765 0.00728391)
(-0.00829533 0.00161919 0.00745349)
(-0.00789271 0.000840447 0.00779502)
(-0.0084786 0.000875213 0.00736692)
(-0.00118614 0.00149807 0.00216382)
(-0.00192324 0.0031279 0.00276186)
(-0.00191394 0.00272442 0.00293269)
(-0.00189071 0.000962167 0.00280444)
(-0.00125415 0.00111199 0.00213759)
(-0.023219 0.0282229 0.0110618)
(-0.0228493 0.0287622 0.0112528)
(-0.0220009 0.0272996 0.0103081)
(-0.0218134 0.026674 0.0110027)
(-0.0210559 0.0339416 0.0137823)
(-0.0223657 0.0358019 0.0127617)
(-0.0188846 0.0322814 0.0157886)
(-0.00269329 0.0326845 0.00299664)
(-0.00349589 0.0293165 0.00136078)
(-0.00916365 0.0306753 0.00126977)
(-0.0101858 0.0339181 0.000462322)
(-0.00681136 0.0325176 0.00145465)
(-0.00824244 0.0313664 0.000205076)
(-0.00702192 0.0339355 0.00365413)
(-0.00818904 0.0307296 0.000144728)
(-0.00749961 0.0326183 0.00316691)
(0.00248238 0.0278556 0.00959789)
(0.00177972 0.0274266 0.00601359)
(0.00276136 0.0273842 0.00978646)
(0.00228454 0.024123 0.00886134)
(0.00172101 0.0249779 0.00997149)
(0.00176869 0.0259596 0.0119818)
(0.00269944 0.025725 0.0110915)
(0.00179289 0.0260873 0.0128492)
(-0.0138871 0.0264103 0.0164517)
(-0.0180703 0.0330106 0.0164025)
(-0.0145482 0.027462 0.0155117)
(-0.0178036 0.0314299 0.0166858)
(-0.0197272 0.0347226 0.0169698)
(-0.0173372 0.0340186 0.0175998)
(-0.0105883 0.031881 0.0182121)
(-0.0152947 0.0334954 0.0181113)
(-0.0116373 0.0317601 0.0178146)
(-0.0135931 0.0330095 0.0181278)
(-0.0137938 0.0325306 0.0182114)
(-0.0111748 0.0277636 0.016499)
(-0.00274867 0.0235123 0.0169707)
(-0.00356362 0.019909 0.0145609)
(-0.00503255 0.0248172 0.0182802)
(-0.0189951 0.0301221 0.013289)
(-0.0180017 0.0319685 0.0138364)
(-0.0217625 0.0297582 0.0124813)
(-0.0218025 0.0319673 0.0126892)
(-0.020834 0.0335819 0.0138374)
(-0.0226731 0.0318375 0.0120222)
(-0.0237714 0.0333144 0.0129491)
(-0.0210835 0.0316953 0.013132)
(-0.0209091 0.0324288 0.0136776)
(-0.0278712 0.0356307 0.00460918)
(-0.0273371 0.0359627 0.00372594)
(-0.0267814 0.0330118 0.00713817)
(-0.0265677 0.0320029 0.00778171)
(-0.0256546 0.0325798 0.00972118)
(-0.0243049 0.031354 0.00860095)
(-0.0182079 0.00579528 0.00336309)
(-0.0187779 0.0063347 0.00265782)
(-0.0176843 0.00483166 0.0043594)
(-0.0169171 0.00397289 0.00451632)
(-0.021159 0.00674278 0.00314768)
(-0.0239128 0.0103599 0.00222907)
(-0.022973 0.0089147 0.00219318)
(-0.022742 0.00769573 0.00241943)
(-0.0234829 0.0172386 -0.00132094)
(-0.0235708 0.0115436 0.000675444)
(-0.0237605 0.010217 0.00100271)
(-0.0237352 0.0141216 -0.00110951)
(-0.0228628 0.0131667 -0.000244114)
(-0.00822685 0.0279732 0.000504423)
(-0.0130116 0.0289055 -0.00184664)
(-0.0140918 0.028138 -0.00217398)
(-0.0108368 0.0277472 -0.000990061)
(-0.0117456 0.029671 -0.00116668)
(-0.0112529 0.0314389 0.000884032)
(-0.0114492 0.0328289 -6.79095e-06)
(-0.00948414 0.0267555 -0.000808149)
(-0.012829 0.0266996 -0.00157501)
(-0.0131708 0.0308548 -0.000809882)
(-0.0114484 0.0274178 -1.36833e-05)
(-0.0110465 0.0288379 -0.000173882)
(-0.0121819 0.0256228 -0.000961742)
(-0.017404 0.0206052 -0.00218223)
(-0.0187084 0.0197433 -0.0026962)
(-0.0213235 0.0155085 -0.00203172)
(-0.0197244 0.0182109 -0.00203307)
(-0.0185144 0.0188195 -0.002518)
(-0.0201532 0.0186329 -0.00238715)
(-0.0196428 0.0227884 -0.00264235)
(-0.0185146 0.0240441 -0.00268398)
(-0.0207753 0.0194727 -0.00269235)
(-0.0158478 0.0239947 -0.00245334)
(-0.0166139 0.0215126 -0.00227145)
(-0.0161356 0.0232001 -0.00197114)
(-0.0152383 0.022778 -0.00228748)
(-0.0170455 0.0236804 -0.00211803)
(-0.019492 0.0294332 -0.00205026)
(-0.0196231 0.028686 -0.000666652)
(-0.0210061 0.027739 0.000744557)
(-0.0153154 0.0312202 -0.000819032)
(-0.0194167 0.0279641 -0.0019394)
(-0.0126789 0.0291368 -0.00196066)
(-0.0137047 0.0300605 -0.0019004)
(-0.0158516 0.030284 -0.00218002)
(-0.0104634 0.0294979 -0.000717505)
(-0.0107748 0.0296129 -0.00140044)
(-0.0111278 0.0273978 0.00347137)
(-0.0114442 0.0290456 0.00335267)
(-0.0140526 0.0262694 -0.000363906)
(-0.0138595 0.0270307 -0.000258511)
(-0.0114349 0.0289669 0.00128178)
(-0.0122801 0.0261913 0.000260401)
(-0.0118703 0.0254174 0.00186)
(-0.013738 0.0255772 0.000700597)
(-0.013179 0.0255981 0.000689285)
(-0.011998 0.0262476 0.0026576)
(-0.0130394 0.0311953 0.00295931)
(-0.0122097 0.0291115 0.00356399)
(-0.011811 0.0281741 0.00162136)
(-0.0130594 0.0287746 0.000949025)
(-0.0128113 0.0272905 0.00131391)
(-0.0193396 0.0108933 0.00105715)
(-0.018851 0.00988527 0.0010343)
(-0.0177194 0.0120738 0.000140882)
(-0.0184909 0.0117075 0.000397652)
(-0.0175542 0.00943914 0.000594887)
(-0.0176214 0.0100082 0.00117566)
(-0.0170442 0.00851639 0.0010656)
(-0.016894 0.0107676 0.000491549)
(-0.0172628 0.011363 0.000154757)
(-0.0175085 0.0103103 -5.52214e-05)
(-0.0126515 0.024662 0.00621084)
(-0.013385 0.0254433 0.0069902)
(-0.0122324 0.024159 0.00730666)
(-0.0126584 0.0266007 0.00733596)
(-0.0132519 0.025872 0.00694777)
(-0.0137305 0.0281335 0.00783771)
(-0.0151198 0.00338914 0.00415375)
(-0.0158805 0.00375982 0.00435665)
(-0.0157157 0.00281131 0.0058635)
(-0.015884 0.00278458 0.0065561)
(-0.0161008 0.004504 0.00561896)
(-0.0152232 0.00307264 0.00506248)
(-0.0150615 0.0019774 0.00563682)
(-0.0129963 0.00176971 0.00672319)
(-0.0146434 0.00139719 0.00651529)
(-0.0118992 0.000245057 0.00731136)
(-0.0141505 0.000813839 0.0059567)
(-0.0129776 0.000406543 0.00815063)
(-0.0133645 0.00054076 0.00873958)
(-0.0136065 0.000528865 0.00797919)
(-0.0148204 0.00210603 0.0073371)
(-0.0145249 0.000770419 0.00777594)
(-0.0135704 0.00142085 0.00699734)
(-0.01376 0.0181108 0.0121358)
(-0.0146378 0.0193566 0.0124703)
(-0.0135193 0.0189108 0.0113761)
(-0.0136189 0.0196345 0.0100378)
(-0.024692 0.0305353 0.00929207)
(-0.0242585 0.029378 0.00475694)
(-0.0246531 0.0301444 0.00775376)
(-0.0220534 0.0264666 0.00521748)
(-0.0234881 0.0288132 0.00690213)
(-0.0224191 0.0275556 0.0047231)
(-0.0106852 0.0325489 0.0117034)
(-0.0104706 0.0311199 0.012444)
(-0.011345 0.0323079 0.0109087)
(-0.00955706 0.0338337 0.0104611)
(-0.0152248 0.0316182 0.0133471)
(-0.0121034 0.0334879 0.0114057)
(-0.0136489 0.0323418 0.0130934)
(-0.0132086 0.0335361 0.0132402)
(-0.0133219 0.0339193 0.0121558)
(-0.0132159 0.0323352 0.0127729)
(-0.00115045 -0.00118148 0.00159518)
(-8.00765e-05 -0.00196631 0.000580183)
(-0.0025826 0.000175479 0.00284189)
(-0.00148298 -6.11783e-06 0.00211769)
(-0.000578406 0.000112148 0.00126708)
(-8.16282e-05 -0.000880158 0.00073828)
(-0.000495078 0.000218808 0.00116743)
(-0.000651476 -0.000230735 0.0013779)
(-0.0139398 0.0167266 0.00402173)
(-0.012992 0.0164852 0.0031776)
(-0.0134337 0.015392 0.00202781)
(-0.013713 0.0154049 0.00297496)
(-0.0121956 0.0120813 0.00245492)
(-0.0134455 0.0155478 0.00292401)
(-0.0118909 0.0140751 0.00346998)
(-0.0122744 0.0155703 0.00443414)
(-0.0138647 0.0140539 0.00320392)
(-0.0126347 0.0177857 0.00494596)
(-0.0134387 0.0187215 0.00575209)
(-0.0132602 0.0169188 0.00418152)
(-0.0135922 0.0175377 0.00393131)
(-0.0128019 0.0179207 0.00561308)
(-0.012605 0.0167571 0.00530165)
)
;
    }
    INLET
    {
        type            calculated;
        value           nonuniform 0();
    }
    OUTLET
    {
        type            calculated;
        value           nonuniform 0();
    }
    procBoundary0to1
    {
        type            processor;
        value           uniform (0 0 0);
    }
    procBoundary0to4
    {
        type            processor;
        value           uniform (0 0 0);
    }
}


// ************************************************************************* //
