/*--------------------------------*- C++ -*----------------------------------*\
| =========                 |                                                 |
| \\      /  F ield         | OpenFOAM: The Open Source CFD Toolbox           |
|  \\    /   O peration     | Version:  v1612+                                |
|   \\  /    A nd           | Web:      www.OpenFOAM.com                      |
|    \\/     M anipulation  |                                                 |
\*---------------------------------------------------------------------------*/
FoamFile
{
    version     2.0;
    format      ascii;
    class       volVectorField;
    location    "50";
    object      wallShearStress;
}
// * * * * * * * * * * * * * * * * * * * * * * * * * * * * * * * * * * * * * //

dimensions      [0 2 -2 0 0 0 0];

internalField   uniform (0 0 0);

boundaryField
{
    WALL
    {
        type            calculated;
        value           nonuniform List<vector> 
1635
(
(0.00920939 0.00306058 0.00755395)
(0.00947762 0.00297655 0.0078598)
(0.0149557 0.00388308 0.00801142)
(0.0155998 0.0048624 0.00841973)
(0.00957943 0.00533894 0.011468)
(0.00934925 0.00411609 0.0117008)
(0.00781601 0.00258883 0.0035444)
(0.00857024 0.00410708 0.00329235)
(0.0155611 0.00459136 0.007966)
(0.0162736 0.00551567 0.00834536)
(0.00847433 0.0058024 0.00771675)
(0.00888366 0.00605281 0.0077979)
(0.00786328 0.00566736 0.00881445)
(0.00744279 0.00527512 0.00897604)
(0.0144777 0.00530715 0.00461333)
(0.0150464 0.00443628 0.00445384)
(0.0149096 0.00374826 0.00575885)
(0.0153036 0.00373058 0.00517266)
(0.0156724 0.00350084 0.00631756)
(0.0150899 0.00370712 0.00645626)
(0.0102126 0.00470466 0.00935148)
(0.00907234 0.00401634 0.00910548)
(0.00900567 0.00305168 0.0024071)
(0.00966589 0.00277824 0.00264503)
(0.00992043 0.00453269 0.00213417)
(0.0100852 0.00501293 0.00308293)
(0.00902141 0.00632496 0.00408229)
(0.00935026 0.00626349 0.00297487)
(0.00854339 0.00464732 0.00284058)
(0.00896914 0.00585275 0.0029568)
(0.00898808 0.00492965 0.0120119)
(0.00842724 0.00619261 0.0116735)
(0.0107124 0.00214233 0.00887516)
(0.0107098 0.00252073 0.00877482)
(0.00892341 0.00555458 0.00940387)
(0.00824841 0.00441604 0.00863534)
(0.00901178 0.00365934 0.00955087)
(0.0082723 0.00445188 0.00925835)
(0.00850609 0.0039965 0.00915588)
(0.00822849 0.00481686 0.00935043)
(0.00831298 0.00555737 0.00416181)
(0.00855114 0.00644695 0.00497291)
(0.0147806 0.00735407 0.00785423)
(0.0149719 0.00684223 0.00869747)
(0.0161716 0.00600135 0.00918668)
(0.0157789 0.00561852 0.00837446)
(0.0067851 0.000156762 0.00643628)
(0.0069626 0.000129678 0.00561363)
(0.00696032 0.00010044 0.00497978)
(0.00996239 0.00256131 0.00698176)
(0.00885846 0.00285467 0.00688316)
(0.00903611 0.00648589 0.0038182)
(0.0133956 -6.74957e-05 0.01081)
(0.013675 -4.84148e-05 0.0111478)
(0.00829883 0.00213232 0.00335895)
(0.00796235 0.00218429 0.002853)
(0.00712897 0.000335295 0.00468628)
(0.00763171 0.000237268 0.00624799)
(0.00960927 0.0040561 0.0103295)
(0.0100086 0.00480603 0.0105953)
(0.00854611 0.0034602 0.0112625)
(0.00788245 0.00337863 0.0117286)
(0.00921234 0.00485206 0.0131515)
(0.00643739 0.000452162 0.00792269)
(0.00689729 0.000565553 0.00832263)
(0.0160863 0.00197534 0.00907498)
(0.0166253 0.00276853 0.00892929)
(0.015671 0.00559271 0.00675071)
(0.016053 0.00377939 0.00776526)
(0.0128027 0.00571039 0.00615105)
(0.0128417 0.00564786 0.00593662)
(0.0099103 0.00518384 0.0016589)
(0.0086157 0.00522438 0.00421999)
(0.00874386 0.00510409 0.00270724)
(0.00857139 0.00316247 0.00390259)
(0.00848079 0.00240456 0.00397444)
(0.0135008 0.00119338 0.00571356)
(0.0143466 0.00144243 0.00508451)
(0.0133509 0.00152039 0.0063821)
(0.00890775 0.00384524 0.0131389)
(0.00930505 0.00473809 0.0126277)
(0.00896496 0.00447655 0.0128921)
(0.00762788 0.0066515 0.0077298)
(0.00776514 0.00618392 0.00774295)
(0.00793127 0.00551173 0.00782806)
(0.00770185 0.00665077 0.00824132)
(0.00762046 0.00562211 0.00730601)
(0.00909967 0.00546073 0.00903761)
(0.010035 0.00160363 0.00237107)
(0.0100955 0.00202593 0.00197815)
(0.00938842 0.0033836 0.00629892)
(0.0104103 0.00424699 0.00663824)
(0.0105797 0.00543879 0.00676483)
(0.00855818 0.0063204 0.00433715)
(0.0091656 0.00541897 0.00431621)
(0.00904053 0.00528795 0.00397668)
(0.00797838 0.00561206 0.00402543)
(0.0090728 0.00569921 0.00344669)
(0.0085523 0.00506447 0.0032372)
(0.0084224 0.00633853 0.00559428)
(0.0080117 0.00671833 0.00570659)
(0.00787575 0.00602972 0.00510822)
(0.00813089 0.00636778 0.00618097)
(0.00764761 0.00612056 0.00543478)
(0.00889424 0.00197593 0.0080185)
(0.0094386 0.00191667 0.00796636)
(0.00910978 0.00227179 0.00822476)
(0.00886325 0.00127529 0.00702387)
(0.00891679 0.00224835 0.00796627)
(0.00890538 0.00168352 0.00764644)
(0.0106631 0.00133777 0.006775)
(0.010431 0.00226768 0.00760478)
(0.00908314 0.0028293 0.00730328)
(0.00991627 0.00270675 0.00793447)
(0.0102367 0.0015982 0.00744735)
(0.0108907 0.00168363 0.00756126)
(0.0105557 0.00199648 0.00726978)
(0.00940603 0.00325784 0.00802625)
(0.0153015 0.00386417 0.00391121)
(0.0157651 0.00356534 0.00426052)
(0.0158622 0.00395381 0.00377195)
(0.0159064 0.00340195 0.00394341)
(0.015426 0.00436665 0.00371052)
(0.0145019 0.00395503 0.00365813)
(0.0122613 0.0063651 0.00725567)
(0.012936 0.00663281 0.00774087)
(0.0119094 0.00551432 0.00736322)
(0.0122629 0.0066836 0.00716793)
(0.0125391 0.00615485 0.00782205)
(0.0152636 0.00320291 0.00701332)
(0.0153332 0.00336485 0.00723841)
(0.0157349 0.00327423 0.00718303)
(0.0156875 0.00404914 0.00740275)
(0.0151784 0.00210471 0.00879381)
(0.0169417 0.00279748 0.00928511)
(0.0163293 0.00464601 0.00831545)
(0.0164946 0.00291591 0.00846881)
(0.0171486 0.00324925 0.0100889)
(0.0156463 0.00364806 0.00862986)
(0.0106023 0.00596059 0.0108771)
(0.00945792 0.00558262 0.0117976)
(0.00918592 0.00589363 0.0117803)
(0.00992288 0.00604606 0.0116666)
(0.0102135 0.00614183 0.0116859)
(0.0106879 0.00684764 0.011542)
(0.0154672 0.0055444 0.0092965)
(0.0141625 0.00661626 0.00869226)
(0.0159436 0.00539176 0.00904211)
(0.0158602 0.00479276 0.00889528)
(0.0145424 0.00649958 0.00873582)
(0.0147071 0.0064576 0.00823957)
(0.0153706 0.00499248 0.00754191)
(0.0153859 0.00404973 0.00774832)
(0.0147834 0.00434541 0.00778486)
(0.0162318 0.00436914 0.00830072)
(0.0153559 0.00338918 0.0079046)
(0.0157578 0.00383124 0.00787788)
(0.015365 0.0044471 0.00754199)
(0.0158912 0.0050224 0.00907897)
(0.0159082 0.00212929 0.00825172)
(0.015438 0.00256826 0.00780143)
(0.0160277 0.0015381 0.00861679)
(0.0166523 0.00310921 0.00854962)
(0.00745369 0.00135873 0.00952317)
(0.00785128 0.000521526 0.00852701)
(0.00750784 0.00127642 0.00907784)
(0.00705372 0.000919802 0.00897002)
(0.00699359 0.000399146 0.00781452)
(0.0144803 -0.000248024 0.00966125)
(0.015247 0.000261886 0.00928507)
(0.0153613 -0.000602968 0.0103221)
(0.0141684 -0.000388453 0.0113146)
(0.0149439 0.000159563 0.0109021)
(0.0154317 -0.000412294 0.0111557)
(0.0151534 0.000201671 0.0104564)
(0.015054 0.000488953 0.00978062)
(0.0146516 -4.25345e-05 0.0106982)
(0.0164682 0.00462309 0.00843716)
(0.0153512 0.00451041 0.00829162)
(0.0163861 0.00502035 0.00847838)
(0.0157902 0.00382332 0.00857105)
(0.0164062 0.00553202 0.0091379)
(0.015774 0.00455278 0.00885935)
(0.0135996 0.00684744 0.00927334)
(0.0138359 0.00610981 0.00828953)
(0.0141522 0.00632933 0.00906794)
(0.0149726 0.00594253 0.00966162)
(0.0147404 0.00705065 0.0084411)
(0.0132728 0.00690066 0.00887262)
(0.0103993 0.0074291 0.0105816)
(0.0102254 0.00619429 0.0106617)
(0.011946 0.0068644 0.0108004)
(0.0106973 0.00721647 0.0115925)
(0.0109467 0.00734506 0.0108934)
(0.0120772 0.00745866 0.0108884)
(0.00701897 0.00118305 0.00912384)
(0.00639277 0.0002438 0.00777543)
(0.00671022 0.000698719 0.00862313)
(0.00675561 0.000117522 0.00773492)
(0.00710604 0.00115579 0.00964277)
(0.00728551 0.0031535 0.0115491)
(0.00784282 0.00366226 0.0109178)
(0.00744671 0.0026023 0.01088)
(0.00729625 0.00340432 0.0115215)
(0.00678413 0.00336776 0.010997)
(0.00760017 0.00430878 0.0122193)
(0.00866129 0.00455978 0.0114114)
(0.00933474 0.0052946 0.0113831)
(0.0087375 0.00326455 0.011066)
(0.00973523 0.00378158 0.0116812)
(0.00876053 0.00441125 0.0106256)
(0.00933843 0.00397778 0.0110887)
(0.00840618 0.00365771 0.0112329)
(0.00910388 0.00398498 0.0104986)
(0.00927307 0.00482176 0.0112919)
(0.00918789 0.0036365 0.0098546)
(0.00962708 0.00330076 0.0109298)
(0.00960177 0.00350454 0.0107868)
(0.0101532 0.00408349 0.0111509)
(0.00959542 0.00484692 0.0108339)
(0.00752364 0.00215115 0.0102812)
(0.00812502 0.00331252 0.0114107)
(0.00804249 0.00278093 0.0110254)
(0.00753648 0.00272332 0.010726)
(0.00770562 0.00221464 0.010503)
(0.0080445 0.00314378 0.0111398)
(0.00776361 0.00131587 0.00309754)
(0.00766939 0.000921371 0.00332352)
(0.00764396 0.000767109 0.00377587)
(0.00756488 0.000609005 0.00422352)
(0.00760109 0.000724016 0.00373658)
(0.00760247 0.000969496 0.00336947)
(0.00839099 0.00047677 0.00633662)
(0.00728075 0.000400587 0.00428357)
(0.00772719 0.000507382 0.00675965)
(0.00756615 0.000495349 0.00602621)
(0.00833124 0.00040795 0.00586798)
(0.0071912 5.83025e-05 0.00482983)
(0.00694015 0.000215624 0.00473251)
(0.0073063 0.000384799 0.00463764)
(0.00697681 0.000670041 0.00403584)
(0.00840275 0.00332935 0.00346096)
(0.00773508 0.00217678 0.00324933)
(0.00854519 0.00350571 0.00353818)
(0.00862376 0.00388137 0.00349102)
(0.00769595 0.00169228 0.00353795)
(0.00770009 0.00196193 0.00318333)
(0.00805016 0.00209685 0.00380722)
(0.00809815 0.00295165 0.00342482)
(0.0084594 0.00322827 0.00218551)
(0.00780423 0.00194429 0.0027027)
(0.00780215 0.00221159 0.00244455)
(0.0083564 0.00283841 0.00222476)
(0.00779372 0.00207696 0.00252916)
(0.00818341 0.00278986 0.00238003)
(0.00831659 0.00421252 0.00311672)
(0.00876577 0.00476821 0.00361408)
(0.00868306 0.00510226 0.00399814)
(0.00854084 0.0048069 0.0035763)
(0.00831827 0.00456152 0.00292904)
(0.00830441 0.00518254 0.00400256)
(0.00730633 0.00120126 0.00347639)
(0.00739681 0.00162909 0.00317875)
(0.00756834 0.00131579 0.00349964)
(0.00773411 0.00153225 0.00327854)
(0.00743195 0.00120052 0.00341646)
(0.0089206 0.00276569 0.00983187)
(0.00864704 0.00221501 0.00901747)
(0.00892304 0.00250021 0.00920679)
(0.00910137 0.00303114 0.00941879)
(0.0088847 0.00230181 0.00945593)
(0.00950176 0.00279762 0.00973635)
(0.0162626 0.00486257 0.00871056)
(0.0151447 0.00460264 0.00831316)
(0.0162264 0.00378547 0.0089856)
(0.0164458 0.00434891 0.0084656)
(0.0161558 0.00523553 0.00851945)
(0.0160998 0.00467882 0.00847327)
(0.0160845 0.00370399 0.00810611)
(0.0159688 0.0030154 0.00837765)
(0.0154486 0.0027475 0.00803736)
(0.0155065 0.00487933 0.00815614)
(0.0163723 0.00421233 0.00837411)
(0.0162724 0.00306321 0.00900921)
(0.0161245 0.00500858 0.00831952)
(0.0163356 0.00382274 0.00915373)
(0.0158631 0.0017028 0.00931892)
(0.0157739 0.0015698 0.00945776)
(0.0149876 0.000654715 0.0100665)
(0.0151189 0.000549301 0.0106269)
(0.0151657 0.00102689 0.00992054)
(0.0152491 0.00105639 0.00945529)
(0.00951733 0.00175878 0.0103464)
(0.00906822 0.00232231 0.0104443)
(0.00995505 0.0014127 0.0100027)
(0.0101741 0.00189739 0.0103474)
(0.00895772 0.00235712 0.0103154)
(0.0101608 0.00142639 0.00992127)
(0.00975372 0.00128904 0.0108673)
(0.00953911 0.00125654 0.0113996)
(0.0100498 0.00142745 0.0117257)
(0.00933007 0.00186088 0.0109455)
(0.00972287 0.00192389 0.0110775)
(0.00907589 0.00227 0.0112321)
(0.0118451 0.000973864 0.00951379)
(0.0121843 0.00121502 0.00913557)
(0.0111492 0.00160727 0.0099209)
(0.0121023 0.000751097 0.00870515)
(0.0112493 0.000911181 0.00922122)
(0.011394 0.00118278 0.00950707)
(0.0156266 0.00270837 0.00707301)
(0.015253 0.00199849 0.00812907)
(0.0156529 0.00269436 0.00762516)
(0.0146473 0.00184647 0.00815493)
(0.0154952 0.00233563 0.00771079)
(0.0160192 0.00243908 0.00802898)
(0.0138591 0.0012912 0.00895016)
(0.0136995 0.00152608 0.00785446)
(0.01447 0.00146111 0.00730464)
(0.0148742 0.00188576 0.00804014)
(0.0123072 0.00102035 0.00865923)
(0.0126842 0.00103868 0.00747794)
(0.0126994 0.000965894 0.0080071)
(0.0136256 0.00162921 0.00600186)
(0.0141131 0.00152465 0.00736743)
(0.0136965 0.00167296 0.00576943)
(0.0130591 0.00150623 0.00605392)
(0.013053 0.00140284 0.00648546)
(0.015697 0.00258191 0.0062955)
(0.014619 0.00186745 0.00649022)
(0.0146849 0.00204797 0.00709948)
(0.0156908 0.00276626 0.00603091)
(0.0160943 0.00287239 0.00681055)
(0.0153875 0.00223148 0.00665074)
(0.0113717 0.00163724 0.00991583)
(0.0104847 0.00209511 0.00978124)
(0.0102187 0.00204283 0.00956111)
(0.0109002 0.00182253 0.00932759)
(0.0108967 0.00134675 0.00871293)
(0.0119368 0.00160386 0.00879354)
(0.0132938 0.00152491 0.00760844)
(0.0131059 0.0012796 0.00761062)
(0.0117659 0.00159026 0.00861436)
(0.012881 0.00151387 0.00799236)
(0.012386 0.00110978 0.00837241)
(0.00971951 0.00216283 0.00894141)
(0.0104047 0.00304435 0.00884447)
(0.0103686 0.00191135 0.0088619)
(0.00929945 0.00253316 0.00889897)
(0.00960292 0.00208018 0.00816579)
(0.0106428 0.00171925 0.00846574)
(0.0122928 0.00556284 0.0071514)
(0.013194 0.00617469 0.00705365)
(0.0131279 0.00642043 0.00550669)
(0.0138375 0.00657619 0.00688799)
(0.0124855 0.00668722 0.00688251)
(0.0136411 0.00603904 0.00714215)
(0.0154083 0.00368455 0.00572398)
(0.0156373 0.00335745 0.00576057)
(0.0164011 0.00447526 0.00669645)
(0.0162481 0.00356127 0.00609266)
(0.0156828 0.00454356 0.00637823)
(0.0156887 0.00420512 0.0057939)
(0.0158088 0.00544898 0.00728201)
(0.0163185 0.00497135 0.00749353)
(0.016182 0.00595889 0.00712289)
(0.0158174 0.00541439 0.008139)
(0.0142567 0.00495226 0.00704787)
(0.0156941 0.00561748 0.00876097)
(0.0135102 0.00637929 0.00782848)
(0.0158474 0.00535641 0.00840174)
(0.0147612 0.00743493 0.00822489)
(0.0142189 0.00585726 0.00795453)
(0.0146554 0.00611062 0.0085722)
(0.0150635 0.00725077 0.00837818)
(0.0147718 0.00573461 0.00741138)
(0.0141643 0.00658101 0.0070164)
(0.0145073 0.00647279 0.00737629)
(0.0161431 0.00587151 0.00796269)
(0.0156752 0.00534075 0.00737341)
(0.0152397 0.00645936 0.00749611)
(0.0145166 0.00567622 0.0044302)
(0.0144373 0.00568993 0.00326247)
(0.013951 0.00586666 0.00404839)
(0.0134216 0.00581977 0.0035264)
(0.0142332 0.00596408 0.00341845)
(0.0157079 0.00325651 0.00337228)
(0.0156453 0.00355075 0.00324368)
(0.0094128 0.00212833 0.00659911)
(0.00906648 0.00268619 0.00718231)
(0.0085794 0.00301937 0.00701391)
(0.00936253 0.00246765 0.00678417)
(0.00974058 0.00274664 0.00723373)
(0.00936171 0.00298492 0.00676018)
(0.00907704 0.0072722 0.00244979)
(0.00907203 0.00728824 0.0042519)
(0.00861253 0.00737173 0.00295882)
(0.00851456 0.00517601 0.0070973)
(0.00835289 0.00558907 0.00709122)
(0.00818908 0.00488125 0.00704285)
(0.0087228 0.00355616 0.0067564)
(0.0084549 0.00466383 0.00685575)
(0.00912281 0.0044321 0.00729874)
(0.00899094 0.00397221 0.00831553)
(0.00961611 0.00500587 0.0088586)
(0.00948873 0.00437803 0.0086489)
(0.00901809 0.00538516 0.0079821)
(0.00861632 0.00540258 0.00788299)
(0.00887968 0.00562944 0.00786132)
(0.00834684 0.0050496 0.00703393)
(0.00874787 0.00449965 0.00749924)
(0.0086501 0.000597234 0.00610039)
(0.00918644 0.00098028 0.00713454)
(0.00886609 0.00104034 0.00694323)
(0.00893376 0.000677402 0.00560289)
(0.00866121 0.000891044 0.00669565)
(0.00959211 0.000633286 0.00637363)
(0.00792324 0.000944858 0.00318827)
(0.00806876 0.00109274 0.00271723)
(0.00813105 0.000874074 0.00340566)
(0.00816602 0.00101158 0.00320365)
(0.00826736 0.000759051 0.0041638)
(0.00839064 0.000819456 0.00400327)
(0.00713037 0.000401261 0.00773204)
(0.00679551 9.40193e-05 0.00515014)
(0.00700657 9.11397e-05 0.00574581)
(0.00703914 -2.80754e-05 0.00676493)
(0.00663213 -1.61233e-05 0.0055452)
(0.0097879 0.00458242 0.00917463)
(0.0101894 0.00410233 0.00915692)
(0.00989855 0.0028971 0.00824384)
(0.0100769 0.00341798 0.00925402)
(0.00975505 0.00412882 0.00881935)
(0.0094106 0.0035849 0.00877929)
(0.0105318 0.00504683 0.00906312)
(0.010987 0.00625644 0.00956603)
(0.00986659 0.00501958 0.00974516)
(0.0106046 0.00515393 0.00917756)
(0.0111576 0.00504862 0.0101667)
(0.0103869 0.00456732 0.00992424)
(0.00912389 0.00229722 0.00182539)
(0.00879989 0.00181345 0.00214747)
(0.00874576 0.0021366 0.0024322)
(0.0091285 0.00260315 0.00231324)
(0.00907601 0.00162222 0.00254334)
(0.00915384 0.0018133 0.00221467)
(0.00925067 0.00486425 0.00271418)
(0.00938547 0.00522272 0.00271488)
(0.00839924 0.00516994 0.00271226)
(0.00849296 0.00639053 0.00252989)
(0.00839547 0.00641536 0.0028846)
(0.0084471 0.00607726 0.00226449)
(0.00964257 0.00312926 0.00192074)
(0.0102163 0.00273265 0.00193131)
(0.0096463 0.00352327 0.00237777)
(0.00980997 0.00343407 0.00231419)
(0.010187 0.0028782 0.00180323)
(0.00987895 0.00314926 0.00219379)
(0.0082811 0.0055715 0.00566013)
(0.00805755 0.00603861 0.00407061)
(0.00836299 0.00627193 0.00429885)
(0.00844202 0.00630751 0.0047382)
(0.00851812 0.00563624 0.00549138)
(0.0094037 0.000951477 0.00548366)
(0.0101513 0.000962922 0.0057125)
(0.0095331 0.00129064 0.00588581)
(0.00999913 0.00109332 0.00556345)
(0.0098798 0.001046 0.00583807)
(0.0100242 0.00105025 0.00513786)
(0.0128265 0.00533803 0.00839637)
(0.0108401 0.00455941 0.00721955)
(0.0108027 0.00481166 0.00683939)
(0.0112115 0.00601681 0.00777008)
(0.0114986 0.00569979 0.0078895)
(0.0128827 0.00527565 0.00762923)
(0.0115219 0.00524407 0.00631271)
(0.0108333 0.00536561 0.00550948)
(0.0107982 0.00521762 0.00585099)
(0.0111368 0.00645974 0.00540173)
(0.0115501 0.00651744 0.00550578)
(0.0112048 0.00513458 0.00677592)
(0.0096365 0.000877056 0.00583252)
(0.00987859 0.000754812 0.00529418)
(0.00956757 0.000843693 0.00545533)
(0.00956913 0.000764302 0.00552482)
(0.00969127 0.000814305 0.00467002)
(0.0100966 0.000731603 0.00510048)
(0.00970665 0.00238066 0.00185878)
(0.00909114 0.00183338 0.00208876)
(0.00944382 0.00173444 0.00237044)
(0.00997136 0.00211979 0.00245797)
(0.00986692 0.00236626 0.0020743)
(0.0093853 0.00158048 0.00251062)
(0.00858522 0.00648933 0.00858128)
(0.00891827 0.00658906 0.00841629)
(0.00838806 0.00558556 0.00780059)
(0.00887935 0.00593123 0.00925456)
(0.0085169 0.00689517 0.00933868)
(0.00841833 0.00682468 0.00865895)
(0.0105021 0.00209966 0.0127235)
(0.00930622 0.00254113 0.0119453)
(0.00989282 0.00201552 0.0124123)
(0.00959349 0.00267256 0.0127654)
(0.00952158 0.00305067 0.0124314)
(0.00901456 0.00312244 0.0122025)
(0.00887486 0.00653183 0.00672783)
(0.00878495 0.0057222 0.00675525)
(0.00973257 0.00523336 0.00618323)
(0.00944907 0.00518197 0.00635822)
(0.00868492 0.00639657 0.00623512)
(0.00872189 0.00522529 0.00627537)
(0.00799407 0.00665139 0.00773009)
(0.00776427 0.00689015 0.00596119)
(0.00782822 0.00527688 0.00711023)
(0.00759431 0.00588493 0.00589911)
(0.00857758 0.00594926 0.00692551)
(0.00827068 0.00608433 0.00729801)
(0.00822242 0.00607058 0.00628599)
(0.00877448 0.00574044 0.00550506)
(0.00805485 0.00645015 0.00590459)
(0.00800205 0.00582077 0.00550726)
(0.00775508 0.00655083 0.00615459)
(0.00822804 0.00561604 0.00556858)
(0.00801503 0.00305345 0.0101277)
(0.00792592 0.0032809 0.00962402)
(0.00754879 0.0030585 0.00933404)
(0.00792431 0.00302641 0.00970263)
(0.00802496 0.00368607 0.00958697)
(0.00787932 0.00321866 0.00927936)
(0.00775065 0.00490809 0.00860156)
(0.00787448 0.0043592 0.00982139)
(0.007241 0.00564557 0.00943652)
(0.00722005 0.00485195 0.00870153)
(0.00761518 0.00527932 0.00985966)
(0.00814966 0.00408096 0.00958092)
(0.00731758 0.00503922 0.00895232)
(0.00751052 0.00468937 0.00906633)
(0.00778226 0.00547428 0.0103956)
(0.00751834 0.00557307 0.00981027)
(0.00755998 0.0049954 0.00914528)
(0.00839135 0.00531635 0.010683)
(0.00826966 0.00445795 0.010218)
(0.00787324 0.00618974 0.0101843)
(0.00685157 2.93022e-05 0.00470016)
(0.00695892 -5.54036e-05 0.00518675)
(0.00690947 -4.52715e-05 0.00464738)
(0.00721695 0.000244025 0.00457248)
(0.00742335 4.07574e-05 0.00487556)
(0.00670198 -4.5894e-05 0.00519447)
(0.00689986 -0.000210508 0.00601657)
(0.00636638 6.47855e-05 0.00693208)
(0.00685872 -0.000120595 0.00675068)
(0.00654071 -8.46249e-05 0.00607552)
(0.00655682 3.51402e-05 0.00694015)
(0.00910466 0.00427697 0.00514034)
(0.00886602 0.00535831 0.0051195)
(0.00941575 0.00280448 0.00998277)
(0.00954496 0.00299235 0.0093529)
(0.00883657 0.00276478 0.00925691)
(0.00835262 0.00407031 0.00888356)
(0.00907129 0.00358321 0.00920427)
(0.00936369 0.00234652 0.00921844)
(0.00836432 0.00414325 0.00891781)
(0.00910669 0.00413654 0.00888428)
(0.00895917 0.00370401 0.00877678)
(0.00896073 0.00315764 0.00850223)
(0.00806431 0.00377054 0.00781677)
(0.00791557 0.00471409 0.00864827)
(0.00849111 0.00190495 0.00435963)
(0.00827759 0.00154966 0.00411413)
(0.0083652 0.00271585 0.00381693)
(0.00818712 0.00234949 0.00386742)
(0.00871072 0.00294943 0.00400463)
(0.00817028 0.00186309 0.00398516)
(0.0073829 0.000567871 0.00428762)
(0.00762127 0.000393028 0.00458167)
(0.00756402 0.00079569 0.00414602)
(0.00765274 0.000602642 0.00437961)
(0.00770449 0.000919216 0.0040903)
(0.00760141 0.00105155 0.00375113)
(0.00842367 0.00619768 0.00432786)
(0.00820571 0.00591521 0.00419285)
(0.00815205 0.0055423 0.00383579)
(0.00809236 0.00621874 0.00467293)
(0.00786366 0.00571008 0.00442118)
(0.00840503 0.00570921 0.00392573)
(0.0106817 0.00112886 0.013705)
(0.00986499 0.00274074 0.0140365)
(0.0107801 0.00197338 0.0137458)
(0.00975513 0.00211107 0.006838)
(0.00918198 0.00197342 0.00663911)
(0.00952822 0.00142005 0.00582997)
(0.00931936 0.00247789 0.00684694)
(0.0096668 0.00184063 0.00661052)
(0.00947168 0.00211258 0.00636068)
(0.00957576 0.00323972 0.0073185)
(0.00958639 0.00297033 0.00728804)
(0.00945061 0.00273981 0.00736533)
(0.0096608 0.00243559 0.00746737)
(0.0101805 0.00303363 0.00780211)
(0.00971034 0.0040563 0.00783748)
(0.00909868 0.00380211 0.00208003)
(0.00904988 0.00349979 0.00207194)
(0.00876402 0.00333324 0.00215773)
(0.00919732 0.00399253 0.00188449)
(0.00930073 0.00435268 0.00210356)
(0.00911276 0.00412285 0.00244337)
(0.00916583 0.00546959 0.00301819)
(0.0098994 0.00486744 0.00226455)
(0.00965662 0.00447065 0.00223162)
(0.00953077 0.00487618 0.00297828)
(0.0087693 0.00515824 0.00299957)
(0.00904688 0.00424149 0.00254794)
(0.0127747 0.0063285 0.0100103)
(0.0130271 0.00766993 0.00980265)
(0.0130455 0.00672205 0.00944603)
(0.0126698 0.00670391 0.00970351)
(0.0131849 0.00665908 0.0106953)
(0.0130309 0.00781636 0.00951842)
(0.0132872 0.0079662 0.00945072)
(0.0137521 0.00595333 0.00846803)
(0.0131058 0.00633634 0.00931297)
(0.015044 0.00672333 0.0101288)
(0.0149135 0.00730645 0.00884543)
(0.0149806 0.00653407 0.00979877)
(0.013521 0.00723662 0.00930069)
(0.0130952 0.00728286 0.00948802)
(0.0130589 0.00639206 0.0088669)
(0.0121013 0.00601907 0.00875097)
(0.0134277 0.00738167 0.0088562)
(0.0131348 0.00631325 0.0100206)
(0.0131159 0.00655472 0.0106198)
(0.0133019 0.00657528 0.0107786)
(0.010972 0.00633028 0.00987021)
(0.0110585 0.00631167 0.00998392)
(0.0119144 0.00725184 0.0106065)
(0.0130672 0.00607361 0.00990827)
(0.0116366 0.0059861 0.00969161)
(0.00815824 0.000636921 0.00805396)
(0.00794263 0.000871583 0.00824898)
(0.00779489 0.00106244 0.00847337)
(0.00711377 0.000466828 0.00702623)
(0.00749277 0.00077864 0.00814316)
(0.00833834 0.00155173 0.00871442)
(0.00819257 0.00191499 0.00957761)
(0.00811218 0.00225509 0.00969851)
(0.00862251 0.00280755 0.0105066)
(0.00857265 0.00207418 0.00949371)
(0.00859282 0.00247302 0.00994297)
(0.00841474 0.000707135 0.0063525)
(0.00892766 0.000450174 0.0061785)
(0.00781827 0.000590473 0.00465177)
(0.00801141 0.000484054 0.00520493)
(0.00776113 0.000545987 0.0055942)
(0.00819742 0.00631794 0.00587609)
(0.00907896 0.0069244 0.00597566)
(0.00846378 0.00734878 0.00594464)
(0.00841388 0.0067525 0.00604163)
(0.00826194 0.0057723 0.00610576)
(0.00924817 0.00694121 0.00570015)
(0.0109188 0.00531035 0.00758003)
(0.00952395 0.00658417 0.00691514)
(0.0104794 0.00142073 0.00646364)
(0.0106097 0.00139678 0.00629904)
(0.0118619 0.00156571 0.00690937)
(0.0122971 0.00130776 0.00657057)
(0.0104351 0.00172644 0.00703138)
(0.0116675 0.00156672 0.00661361)
(0.0144973 0.00571736 0.00612156)
(0.0153975 0.00544253 0.00564569)
(0.0150889 0.00530218 0.00653316)
(0.0151773 0.00564298 0.0056328)
(0.0148239 0.00547451 0.00589448)
(0.0148802 0.00480935 0.0061947)
(0.0147695 0.00131379 0.0093959)
(0.0148679 0.00173161 0.00861979)
(0.0151092 0.0016692 0.00895123)
(0.0150866 0.00217287 0.0080697)
(0.0151221 0.00198027 0.00864985)
(0.0144174 0.00122926 0.00896333)
(0.0151999 0.00174529 0.00889139)
(0.0158032 0.00207862 0.00900549)
(0.015664 0.00253405 0.00782766)
(0.0154128 0.00271446 0.00772325)
(0.0155648 0.00233521 0.00821949)
(0.0153467 0.00254167 0.00793746)
(0.0151554 0.00189684 0.00871538)
(0.0158708 0.00229443 0.00884752)
(0.0157011 0.00234533 0.0086935)
(0.0149497 0.00115571 0.00945666)
(0.0153206 0.00155368 0.00945009)
(0.014829 9.5215e-05 0.0108918)
(0.0145919 0.000807642 0.00985529)
(0.0151581 0.00132509 0.00930156)
(0.012728 0.000345061 0.0102055)
(0.0143167 0.000596606 0.0100309)
(0.0131112 0.0003328 0.00995908)
(0.0146521 0.000781113 0.0104899)
(0.0103256 0.00115736 0.0108784)
(0.0139287 0.000641832 0.00984463)
(0.0122228 0.000331558 0.00958756)
(0.010956 0.000689662 0.0103755)
(0.0120185 0.00064366 0.0109263)
(0.0122348 0.000396743 0.00990943)
(0.0120084 0.000435076 0.0095745)
(0.0129594 0.000359258 0.00982642)
(0.0122706 0.000703264 0.00906755)
(0.012594 0.000736224 0.00874698)
(0.0130889 0.000956403 0.00843012)
(0.0142452 0.000855149 0.0091684)
(0.0149667 0.00186229 0.0084561)
(0.0143273 0.00148698 0.00873755)
(0.0141518 0.00102124 0.00945071)
(0.0151688 0.00147578 0.00936197)
(0.0154668 0.00221341 0.00793998)
(0.0149755 0.00186486 0.00810372)
(0.0138728 0.00645414 0.00644762)
(0.0145485 0.00619984 0.00662762)
(0.0144772 0.00570174 0.00574428)
(0.0149992 0.00452328 0.00530795)
(0.0140443 0.00569728 0.00493846)
(0.0144418 0.00552494 0.00511593)
(0.0144169 0.00482776 0.00528359)
(0.0146232 0.00559861 0.00484227)
(0.0145988 0.00562373 0.00549457)
(0.0157189 0.00567064 0.00614114)
(0.0156645 0.00608794 0.00617817)
(0.0154382 0.00253144 0.00376326)
(0.011815 0.00127451 0.00592999)
(0.0121366 0.001884 0.00675891)
(0.0132038 0.00144682 0.00615853)
(0.0162891 0.00242682 0.0047952)
(0.0158126 0.00265145 0.00452106)
(0.0153328 0.00203082 0.00471241)
(0.014529 0.00153538 0.00510753)
(0.0145031 0.00187497 0.00562142)
(0.0130202 0.00129801 0.00562522)
(0.0145093 0.00178331 0.00457517)
(0.00880676 0.00100728 0.00865807)
(0.0132748 0.00785048 0.00956088)
(0.0152964 0.00644126 0.00941384)
(0.0121577 0.00633878 0.00923831)
(0.00999744 0.00487684 0.0018586)
(0.0101052 0.00468976 0.00222218)
(0.0099202 0.0047955 0.00221408)
(0.00929903 0.00497571 0.00304477)
(0.00961624 0.00507168 0.00317324)
(0.00912651 0.00577912 0.00415133)
(0.00874583 0.0055939 0.00313886)
(0.00942218 0.00412999 0.00182898)
(0.00924423 0.00214939 0.00683804)
(0.00993203 0.00285583 0.00715984)
(0.0094211 0.000773208 0.00372853)
(0.0092557 0.0010276 0.0028717)
(0.010014 0.0021448 0.0135596)
(0.00959173 0.00610117 0.0112882)
(0.00892209 0.00557237 0.0106752)
(0.00789739 0.00519989 0.00976397)
(0.00834179 0.00467716 0.0119253)
(0.0083524 0.00544346 0.0109761)
(0.00947916 0.00293271 0.0130385)
(0.00978095 0.00276002 0.0132342)
(0.00910766 0.0035546 0.0129789)
(0.00889661 0.00386177 0.0127027)
(0.00857072 0.00639623 0.00430533)
(0.00899808 0.00325723 0.00413258)
(0.00926967 0.00313154 0.00435576)
(0.00781553 0.00139123 0.00376658)
(0.0075703 0.00572308 0.00722769)
(0.00816749 0.00610676 0.00722314)
(0.0077156 0.00501032 0.00737606)
(0.00794486 0.0060279 0.00773202)
(0.00938961 0.00495313 0.00838567)
(0.00906051 0.00378829 0.00837187)
(0.00791908 0.00584151 0.00764806)
(0.00874585 0.00517284 0.00836344)
(0.00859345 0.00572154 0.00875212)
(0.00808458 0.00426426 0.00854445)
(0.00874528 0.00493013 0.00882655)
(0.00833849 0.00450306 0.00854433)
(0.00833398 0.00466756 0.0090961)
(0.00925496 0.00262892 0.00897059)
(0.00777084 0.00023039 0.00479154)
(0.00763224 3.15264e-05 0.00512764)
(0.00756296 0.000267836 0.00455586)
(0.00764413 0.000215492 0.004783)
(0.00734261 0.000158145 0.00471906)
(0.00829954 0.00347048 0.0112364)
(0.00878517 0.00309529 0.011633)
(0.00794622 0.00387459 0.01087)
(0.00816193 0.00368357 0.0110013)
(0.00861778 0.00300241 0.0111395)
(0.00828644 0.003052 0.0105328)
(0.00873166 0.00265992 0.0109612)
(0.0083582 0.0027154 0.0107246)
(0.00832024 0.00277355 0.0104371)
(0.007983 0.00310405 0.0103143)
(0.00826143 0.0027374 0.0102839)
(0.00813308 0.0058905 0.00544852)
(0.00729099 0.00617429 0.00533565)
(0.00858514 0.0062463 0.00710037)
(0.00753039 0.00544911 0.00786577)
(0.00735085 0.00608586 0.00746005)
(0.00728142 0.00616675 0.00802916)
(0.00752627 0.00619033 0.00716856)
(0.00787955 0.00627161 0.00632469)
(0.00768275 0.00587049 0.00628571)
(0.00704265 0.00578415 0.00705289)
(0.00710149 0.0051948 0.00660504)
(0.00899138 0.00358166 0.00990389)
(0.00800086 0.00400779 0.00897715)
(0.00811545 0.00288595 0.00904443)
(0.00886056 0.0033521 0.00989513)
(0.00921275 0.00372586 0.00969008)
(0.00780899 0.00583744 0.00799314)
(0.00847017 0.00608619 0.00750646)
(0.00770976 0.00612032 0.00794156)
(0.00758254 0.0065538 0.00797579)
(0.00826002 0.00573184 0.00872047)
(0.00803813 0.00617089 0.00890125)
(0.00742364 0.00555282 0.00712862)
(0.00779724 0.00679745 0.00779226)
(0.00767051 0.00585672 0.00740506)
(0.00824483 0.00698125 0.00820915)
(0.00889952 0.00629575 0.00743438)
(0.00894585 0.00605012 0.00737235)
(0.0090132 0.00557913 0.00469006)
(0.00920171 0.00455552 0.00445685)
(0.00841304 0.0049051 0.00439045)
(0.0084017 0.00514581 0.0046265)
(0.00863958 0.00624792 0.00439078)
(0.00869663 0.00461266 0.00437418)
(0.00813224 0.00556819 0.00399209)
(0.00873239 0.00585634 0.0043683)
(0.00801352 0.00163196 0.00358781)
(0.00756801 0.000915026 0.00391983)
(0.00795012 0.00141584 0.00368804)
(0.00929382 0.00591423 0.00497941)
(0.00888701 0.00672612 0.00706859)
(0.00894333 0.006366 0.00798552)
(0.00966046 0.00640174 0.00813183)
(0.00858538 0.00628764 0.00635447)
(0.00937032 0.00594088 0.00641137)
(0.00858482 0.00551936 0.00608224)
(0.00827647 0.00679032 0.00594202)
(0.00968329 0.00559415 0.0060329)
(0.00890928 0.00563387 0.00598369)
(0.0084395 0.00584741 0.00643217)
(0.0083987 0.006994 0.0063831)
(0.0091652 0.00501931 0.00545255)
(0.0092474 0.00548975 0.00505736)
(0.00929226 0.00565909 0.00566985)
(0.00920715 0.00340441 0.00459142)
(0.00871725 0.00368841 0.00497512)
(0.00873427 0.00508073 0.00455946)
(0.00843091 0.00390207 0.0116233)
(0.00884995 0.00356409 0.0124594)
(0.00936406 0.00421874 0.0125809)
(0.00883007 0.00353782 0.011994)
(0.00939028 0.00595703 0.00803216)
(0.0108139 0.00172184 0.0137344)
(0.0101888 0.0017544 0.0132229)
(0.010116 0.00238179 0.012934)
(0.00906033 0.00162732 0.0026783)
(0.00917606 0.00132849 0.00266161)
(0.00930204 0.00114064 0.00341173)
(0.00911233 0.00138958 0.00302521)
(0.0101756 0.00191635 0.00227825)
(0.0101892 0.00133636 0.00326976)
(0.0102517 0.00167969 0.00298413)
(0.0101778 0.00229249 0.00217004)
(0.0104983 0.00221775 0.00213649)
(0.0104495 0.00265241 0.00172982)
(0.0104466 0.00280237 0.0016661)
(0.0104284 0.00266954 0.0018192)
(0.0102221 0.000831508 0.0045475)
(0.00957995 0.00117279 0.00300137)
(0.00952179 0.000998085 0.00356885)
(0.00982847 0.00111386 0.0033052)
(0.0120967 0.00592541 0.00541701)
(0.010133 0.00549967 0.0064018)
(0.0119975 0.0064458 0.00647933)
(0.0108934 0.00442202 0.00750804)
(0.0102182 0.00376466 0.00777374)
(0.0103702 0.00376325 0.00778789)
(0.0111803 0.00391993 0.00812392)
(0.0100624 0.0038532 0.00778191)
(0.010175 0.00264931 0.00669356)
(0.00998691 0.00229139 0.00679508)
(0.00975657 0.00110518 0.00401893)
(0.0104628 0.000824919 0.00439755)
(0.00946819 0.00139043 0.00600491)
(0.00967261 0.000793293 0.00475972)
(0.0100908 0.000950171 0.00456927)
(0.00985476 0.00129629 0.00595726)
(0.0112299 0.00502814 0.0081369)
(0.0111494 0.00456706 0.00829042)
(0.00982996 0.00367084 0.00825422)
(0.0109997 0.00487324 0.00923682)
(0.0101079 0.00411344 0.00855304)
(0.00972958 0.00392696 0.00814084)
(0.0117209 0.00492155 0.0093419)
(0.0111265 0.00479707 0.00830286)
(0.0110639 0.00448035 0.00866211)
(0.0097329 0.004639 0.00814512)
(0.0108155 0.00445474 0.00775133)
(0.0110787 0.00652248 0.00842224)
(0.0102812 0.00393644 0.00808135)
(0.00989767 0.00292644 0.00802942)
(0.00941976 0.000938858 0.00582838)
(0.00926359 0.00134164 0.00615937)
(0.00948133 0.00151832 0.0064647)
(0.0089953 0.00158604 0.00627473)
(0.00928351 0.00217649 0.0073338)
(0.00882619 0.00242778 0.00722663)
(0.00908643 0.00208339 0.00687388)
(0.00947527 0.000755857 0.00433103)
(0.00954649 0.000860908 0.00553303)
(0.00961767 0.000739537 0.00470619)
(0.00980778 0.00129319 0.00686215)
(0.00935941 0.000874421 0.00602514)
(0.00951319 0.000891041 0.00581881)
(0.00928937 0.000973304 0.00598782)
(0.0089036 0.00138318 0.00598832)
(0.00938556 0.00114413 0.00615625)
(0.00912915 0.000986371 0.00592067)
(0.00941965 0.000846055 0.0058628)
(0.00920035 0.00158752 0.00711363)
(0.00901197 0.00176956 0.0067757)
(0.00906264 0.00208076 0.0073409)
(0.0089967 0.00121963 0.0060522)
(0.00809444 0.00546791 0.00453808)
(0.00790134 0.00662029 0.00575245)
(0.00750423 0.00562825 0.00540903)
(0.00883959 0.00543681 0.0044746)
(0.00880748 0.0052777 0.00366855)
(0.00880258 0.00562541 0.00367553)
(0.00910616 0.00530885 0.00390959)
(0.00880368 0.00588979 0.00422886)
(0.00886175 0.00558054 0.00310403)
(0.00897424 0.00537282 0.0029242)
(0.00861871 0.00390223 0.00277945)
(0.00846955 0.00341546 0.00213038)
(0.00881598 0.00473 0.00280938)
(0.00909698 0.00403865 0.00212703)
(0.00825979 0.00441551 0.0027967)
(0.00899459 0.00551702 0.00319039)
(0.00902505 0.0055119 0.00308976)
(0.00903614 0.00432919 0.00319475)
(0.00885487 0.00514973 0.00289939)
(0.0091252 0.0041675 0.00293317)
(0.00951498 0.00400797 0.00211399)
(0.00944856 0.0039779 0.00185318)
(0.00941685 0.00592778 0.00308685)
(0.0093887 0.0061254 0.00298717)
(0.00958831 0.00385927 0.00213834)
(0.00922005 0.00314461 0.00236207)
(0.00913158 0.00614376 0.0031637)
(0.00846601 0.00617101 0.00412772)
(0.00902269 0.00671468 0.00430252)
(0.00838205 0.00639391 0.0045748)
(0.00800662 0.00582721 0.00713945)
(0.0083731 0.00643268 0.00783736)
(0.0149982 0.0068591 0.0104196)
(0.0140529 0.00641645 0.00771424)
(0.0144394 0.00612916 0.00857315)
(0.014569 0.00664865 0.00918968)
(0.0140821 0.0070597 0.00860375)
(0.0156798 0.00583653 0.00921265)
(0.0152345 0.00688193 0.00906344)
(0.0135667 0.00728971 0.0086577)
(0.0140391 0.006526 0.00900993)
(0.0121811 0.00590384 0.00826706)
(0.0137499 0.00661927 0.00895225)
(0.0127662 0.00722896 0.00871215)
(0.0132848 0.00742427 0.00898336)
(0.012411 0.00619105 0.00884576)
(0.0108333 0.00659949 0.00833328)
(0.0128661 0.00710015 0.00809153)
(0.0111715 0.00516992 0.00865343)
(0.0113257 0.00534256 0.0082604)
(0.0136541 0.00639697 0.0101035)
(0.0137323 0.00609842 0.00922287)
(0.0116612 0.0054441 0.0095085)
(0.0110303 0.00698023 0.00962501)
(0.0101307 0.00276574 0.00852315)
(0.00945669 0.00306999 0.00787825)
(0.0110317 0.00458072 0.00951369)
(0.0112398 0.00489839 0.0096601)
(0.00937483 0.00318382 0.00905163)
(0.00879735 0.00239857 0.00893237)
(0.00920179 0.00239336 0.00882012)
(0.00944704 0.00411736 0.00923071)
(0.00957447 0.00379796 0.00940746)
(0.00976655 0.00428474 0.00935156)
(0.00948819 0.00296507 0.00850697)
(0.00887537 0.00277682 0.00899376)
(0.00995882 0.00269925 0.00920227)
(0.00875151 0.00113363 0.00303956)
(0.00858613 0.00123633 0.00286635)
(0.00963562 0.0013131 0.00766444)
(0.00938867 0.000832381 0.0061497)
(0.0095393 0.000671302 0.00534212)
(0.00808542 0.00644513 0.00572717)
(0.00846169 0.00550627 0.00733525)
(0.00956017 0.0063886 0.00766833)
(0.0085023 0.0062214 0.00627726)
(0.00938294 0.00593475 0.00777661)
(0.00894644 0.00651256 0.00695974)
(0.00842645 0.00648361 0.00616765)
(0.00904249 0.00580466 0.00683426)
(0.00853438 0.00707713 0.00634843)
(0.00899101 0.00558353 0.00714138)
(0.00873462 0.00552304 0.00709013)
(0.00884588 0.00555501 0.00638006)
(0.00830572 0.00455035 0.00716111)
(0.00833893 0.00480364 0.00708024)
(0.00926533 0.0069587 0.00581768)
(0.00857399 0.00737849 0.00457444)
(0.00819738 0.00617417 0.00571897)
(0.00850529 0.0073879 0.00619027)
(0.0087659 0.0066885 0.0053534)
(0.00812463 0.00724228 0.00462176)
(0.00911669 0.00663205 0.00597286)
(0.0095697 0.00431611 0.00799444)
(0.00949522 0.00430016 0.00825689)
(0.00841252 0.00664973 0.00196829)
(0.0083058 0.00742979 0.00416)
(0.00881607 0.0077875 0.00507301)
(0.010723 0.00232703 0.00709182)
(0.0105487 0.00251733 0.00711337)
(0.0107129 0.00191302 0.00649052)
(0.0104193 0.00272376 0.00714309)
(0.0101294 0.00194846 0.00732883)
(0.00967414 0.00384998 0.0072318)
(0.00904969 0.00364236 0.00764959)
(0.00878435 0.00289408 0.00701894)
(0.00944226 0.00334413 0.00842827)
(0.00976333 0.00256746 0.00781636)
(0.00867889 0.00395115 0.00826246)
(0.00927112 0.00342965 0.00830568)
(0.00878693 0.00321625 0.00750735)
(0.0109528 0.00140363 0.00694602)
(0.0111486 0.00160113 0.00751346)
(0.0127901 0.00151508 0.00761302)
(0.0115073 0.00152247 0.00767546)
(0.0118474 0.00151174 0.00782589)
(0.0114533 0.00169884 0.00794011)
(0.0117175 0.00164925 0.00815936)
(0.0102014 0.00219629 0.00826031)
(0.0106987 0.00174522 0.00788232)
(0.0101867 0.00210363 0.00808593)
(0.0103246 0.00299615 0.00910851)
(0.0106971 0.0020225 0.00839932)
(0.0109496 0.00186683 0.00818913)
(0.0123209 0.00138706 0.00764616)
(0.0121097 0.00146592 0.00755877)
(0.0131801 0.00137472 0.00622708)
(0.0122787 0.00122648 0.00638626)
(0.012903 0.00134286 0.00722018)
(0.0132989 0.00124023 0.00580501)
(0.0130618 0.00150186 0.00650775)
(0.0149555 0.0021158 0.00517839)
(0.0137312 0.00150812 0.00549812)
(0.0158828 0.00289666 0.00404698)
(0.0159084 0.00302194 0.00364028)
(0.0143513 0.00603387 0.00313093)
(0.0138225 0.00605269 0.00312227)
(0.0130494 0.00568024 0.00368601)
(0.0152512 0.00442861 0.00383118)
(0.0143538 0.00538062 0.00330946)
(0.0151006 0.00563307 0.00287255)
(0.0152825 0.00470024 0.00350194)
(0.015516 0.00427871 0.00311738)
(0.0156354 0.00380535 0.00339483)
(0.0165196 0.00358353 0.00371939)
(0.0159781 0.00324816 0.00387051)
(0.0146723 0.00379206 0.00319957)
(0.0152387 0.00365809 0.00291033)
(0.0142696 0.00382867 0.00448807)
(0.0152446 0.00403129 0.00577202)
(0.0145186 0.00598123 0.00821752)
(0.0145916 0.00648221 0.00879354)
(0.0147671 0.00721294 0.00773993)
(0.0151127 0.00574365 0.00826292)
(0.0152017 0.00408088 0.00491339)
(0.0151172 0.00345756 0.00480862)
(0.0140464 0.0066868 0.00693213)
(0.0130423 0.00552706 0.0066991)
(0.0142188 0.00584735 0.00777056)
(0.0149498 0.00449473 0.00678859)
(0.0149671 0.00511716 0.00679885)
(0.0136436 0.00562178 0.00636349)
(0.0132732 0.00596803 0.00629449)
(0.0138704 0.0057581 0.00697052)
(0.0114697 0.00181667 0.008456)
(0.00979826 0.00233425 0.0099221)
(0.00977382 0.00226985 0.00944265)
(0.0107393 0.0015489 0.00889277)
(0.0157381 0.00317936 0.00578832)
(0.0155274 0.00303085 0.00536698)
(0.013275 0.00141583 0.00860411)
(0.0129106 0.00125534 0.00700119)
(0.0143898 0.00187932 0.00548043)
(0.0152634 0.00219274 0.00551175)
(0.0143494 0.00182399 0.00737645)
(0.0132795 0.00131373 0.00712249)
(0.0125025 0.00135437 0.00837929)
(0.0156252 0.00277415 0.00515638)
(0.0154814 0.00225017 0.00627452)
(0.0147732 0.00201243 0.00574629)
(0.0152258 0.00273624 0.00526562)
(0.015498 0.0024072 0.00559137)
(0.0154705 0.00234644 0.00738926)
(0.0165161 0.00369839 0.00759599)
(0.015912 0.00267194 0.00702017)
(0.0159996 0.00300025 0.00619415)
(0.0160973 0.00327956 0.0066509)
(0.0159937 0.00338272 0.00673766)
(0.0154901 0.00399691 0.00608108)
(0.016553 0.00473409 0.00735193)
(0.0156627 0.00345326 0.00674385)
(0.0150424 0.00343846 0.00571866)
(0.0147586 0.0011018 0.0095853)
(0.01321 0.00114037 0.00828834)
(0.0157264 0.00269523 0.00716551)
(0.0154454 0.00306915 0.00723873)
(0.0166656 0.00336218 0.00725285)
(0.0139495 0.00151166 0.00842661)
(0.0155727 0.00220628 0.007722)
(0.0115032 0.000642806 0.00955159)
(0.0128038 0.000866778 0.00936847)
(0.0115309 0.000670579 0.00878636)
(0.0128946 0.00083761 0.00860386)
(0.0105655 0.00104855 0.00819048)
(0.0125649 0.000922674 0.00856624)
(0.0121119 0.000802404 0.008858)
(0.00923625 0.00256502 0.011687)
(0.0099473 0.0012748 0.0104793)
(0.00936466 0.00182866 0.0103874)
(0.0100156 0.00154988 0.011276)
(0.00889282 0.00232565 0.0108212)
(0.00916526 0.00199297 0.0110143)
(0.00868634 0.00234163 0.0107033)
(0.0108484 0.000803662 0.0113731)
(0.00960231 0.00118427 0.010622)
(0.0103532 0.000784702 0.00924859)
(0.0108329 0.000780533 0.0100216)
(0.0113036 0.00119953 0.00999471)
(0.00863749 0.00289946 0.0103488)
(0.00891036 0.00300715 0.0101152)
(0.00891797 0.00255501 0.0101826)
(0.00876283 0.00293714 0.00973357)
(0.00971718 0.00256447 0.0102172)
(0.0159601 0.00201689 0.00927473)
(0.012894 0.000145016 0.0108724)
(0.0106099 0.000699657 0.010987)
(0.0117811 0.000310962 0.0110883)
(0.012371 0.000350175 0.0107749)
(0.0122338 0.00025528 0.0122499)
(0.0124903 0.000393224 0.0120652)
(0.0111054 0.00138852 0.0134453)
(0.0129346 0.000188989 0.0131267)
(0.0121994 0.000294508 0.0129882)
(0.0110627 0.000822875 0.0121213)
(0.010593 0.000858805 0.0117656)
(0.0108397 0.000870722 0.012238)
(0.0111154 0.00099638 0.0131161)
(0.0108511 0.000960659 0.0118562)
(0.0105951 0.00168191 0.012503)
(0.015473 0.00295845 0.00736419)
(0.0157233 0.00295701 0.00755906)
(0.0156035 0.00604453 0.00852979)
(0.0155846 0.0050351 0.00755129)
(0.0158513 0.00319485 0.00765254)
(0.0155811 0.0033375 0.0079528)
(0.0158531 0.00321155 0.00777931)
(0.0163921 0.00411453 0.00853979)
(0.015244 0.00519674 0.00811459)
(0.0157472 0.00536073 0.00785535)
(0.0156144 0.00581948 0.00739629)
(0.0156825 0.00547297 0.00760896)
(0.0163895 0.00544884 0.0096252)
(0.0161746 0.00517457 0.00911479)
(0.0162413 0.00275735 0.00866784)
(0.017163 0.00290581 0.00962156)
(0.0153779 0.00241097 0.00863698)
(0.0167117 0.00344081 0.00929803)
(0.00849874 0.00176891 0.00877774)
(0.00846555 0.00200421 0.00877319)
(0.00924035 0.000716254 0.00704001)
(0.00799951 0.00074202 0.00647823)
(0.0084951 0.00112433 0.0077005)
(0.00890305 0.00131328 0.00785667)
(0.0089115 0.00122626 0.00746576)
(0.00842667 0.00146701 0.0076154)
(0.00887133 0.002124 0.00862884)
(0.00964427 0.00318816 0.00950929)
(0.00844072 0.00506203 0.00365455)
(0.00875721 0.0036334 0.00268106)
(0.00828083 0.00333879 0.00261832)
(0.00769608 0.00177868 0.00301824)
(0.00862337 0.0041455 0.00378441)
(0.00768259 0.00134954 0.00366863)
(0.00753839 0.00119336 0.00375715)
(0.00703342 0.000213198 0.00636722)
(0.007858 0.000587096 0.00428998)
(0.00741132 0.000196668 0.00515971)
(0.00703927 0.000279132 0.00620998)
(0.00721029 0.000263034 0.00523272)
(0.00779237 0.00204676 0.00276717)
(0.00760648 0.00135021 0.00336896)
(0.00738365 0.00145824 0.0030718)
(0.00745154 0.000794484 0.00384004)
(0.00797889 0.000903259 0.00409109)
(0.00766671 0.00110193 0.00348798)
(0.00741981 0.00133786 0.00322889)
(0.00781052 0.000543649 0.00505383)
(0.00686573 7.90656e-05 0.00521486)
(0.0116328 0.00600528 0.00910093)
(0.0124656 0.0077858 0.00960871)
(0.0111962 0.00635324 0.0103185)
(0.0114126 0.00759538 0.0109518)
(0.0134695 0.00661485 0.0116498)
(0.0130814 0.00628239 0.0107223)
(0.0120167 0.00627629 0.00954778)
(0.0141519 0.00642302 0.0101096)
(0.0131506 0.00659126 0.00986401)
(0.0128797 0.00771771 0.00973903)
(0.0143932 0.00686304 0.00982579)
(0.0118049 0.00696554 0.00918369)
(0.0128057 0.00785972 0.00994667)
(0.0124691 0.0067532 0.0101804)
(0.0125775 0.00723406 0.0105361)
(0.012972 0.00702147 0.00949342)
(0.0129826 0.00772178 0.00977053)
(0.0114702 0.00626924 0.0110678)
(0.0112372 0.00493696 0.00992708)
(0.0109502 0.00619339 0.0103361)
(0.0119524 0.0056989 0.0104051)
(0.01131 0.00613066 0.010224)
(0.0111862 0.00646829 0.0109991)
(0.0111287 0.00704057 0.0111956)
(0.0130444 0.00669829 0.0115116)
(0.0106176 0.00741262 0.0104862)
(0.0130802 0.00694576 0.0110901)
(0.0125002 0.00652531 0.011039)
(0.012685 0.00704729 0.0110592)
(0.0113115 0.00630893 0.0103761)
(0.00843457 0.00315506 0.0111132)
(0.00805314 0.0026797 0.0106059)
(0.00774278 0.00181367 0.00922153)
(0.00770706 0.00223177 0.0100403)
(0.011084 0.00526296 0.0110297)
(0.0104235 0.00449945 0.0106576)
(0.00908622 0.00290451 0.0102953)
(0.0106328 0.00571903 0.0118781)
(0.00829448 0.00391719 0.0115107)
(0.0101272 0.00561197 0.0108566)
(0.0111703 0.00687618 0.0110697)
(0.0104127 0.00589319 0.0103809)
(0.0103774 0.00539944 0.0116683)
(0.0114509 0.00591796 0.0103535)
(0.0107746 0.00696392 0.0105669)
(0.0106781 0.00571931 0.0103441)
(0.0114765 0.00535616 0.0116743)
(0.0100884 0.00556341 0.0113697)
(0.00974406 0.00367434 0.0108877)
(0.0100327 0.00516854 0.011628)
(0.00931322 0.00441421 0.0107413)
(0.00986572 0.00470697 0.0110202)
(0.0111292 0.00479715 0.0111925)
(0.0108211 0.00685441 0.0107259)
(0.0104404 0.00491137 0.00975188)
(0.00972903 0.00469496 0.0103327)
(0.00927925 0.00525203 0.010589)
(0.011135 0.00545857 0.0108868)
(0.00895599 0.00555494 0.0116482)
(0.00945222 0.00414088 0.0115443)
(0.00764923 0.00283525 0.0110209)
(0.0073458 0.00225613 0.0104245)
(0.00788083 0.00340052 0.011673)
(0.00665105 0.00190905 0.00986079)
(0.0104482 0.00658068 0.0118308)
(0.00762803 0.00407084 0.0116003)
(0.0093266 0.00442427 0.0123443)
(0.00828876 0.00545795 0.0111669)
(0.00905818 0.00587339 0.0114797)
(0.0143909 0.00666453 0.0101656)
(0.0163455 0.00251917 0.00939673)
(0.0153394 0.000960086 0.00964508)
(0.0158698 0.00133976 0.00919167)
(0.016021 0.00220093 0.00887531)
(0.0158649 0.00209669 0.00918239)
(0.017133 0.00316539 0.00983993)
(0.0161313 0.0031458 0.00890209)
(0.0154961 0.00180482 0.00877449)
(0.0160112 0.00335313 0.00822563)
(0.0164146 0.00232889 0.00903129)
(0.0161556 0.0022425 0.00840414)
(0.0156193 0.00130585 0.00933691)
(0.0134191 -0.000274502 0.0119451)
(0.0128038 9.91411e-05 0.0112656)
(0.013189 -8.66689e-05 0.0113263)
(0.015759 0.000771427 0.00973647)
(0.0135922 -0.000208722 0.0124003)
(0.0133736 -0.000630283 0.0120519)
(0.0144154 -0.00055861 0.0122036)
(0.0152846 -0.000424524 0.0125512)
(0.013716 -0.000470882 0.0101147)
(0.0148662 -0.000757277 0.0119689)
(0.0132428 0.000132767 0.0112297)
(0.015141 0.000636686 0.010599)
(0.0145714 0.000122438 0.010793)
(0.0147099 0.000156288 0.0111277)
(0.00766403 0.00121386 0.00880475)
(0.00820129 0.00138832 0.00886137)
(0.00810936 0.00143979 0.00933306)
(0.00742899 0.000681981 0.00820003)
(0.00716608 0.000390125 0.0073962)
(0.00776648 0.000808844 0.00853806)
(0.00744525 0.00139719 0.0087507)
(0.00755886 0.00169946 0.00968403)
(0.00691913 0.000712487 0.00820474)
(0.00687617 -6.29989e-05 0.00573345)
(0.00664051 0.000190563 0.00699379)
(0.0145043 0.00678765 0.00866244)
(0.0162164 0.00571884 0.00926493)
(0.0161757 0.00539186 0.0100236)
(0.0166995 0.0048912 0.00887482)
(0.0154981 0.00451861 0.00858553)
(0.0158148 0.00471132 0.00851792)
(0.0161722 0.00557203 0.00847147)
(0.0165829 0.00581069 0.00979087)
(0.016605 0.00513857 0.00947775)
(0.0138033 0.00618069 0.00874251)
(0.0152568 0.00601635 0.00906165)
(0.015414 0.00687231 0.00918592)
(0.0156334 0.00661412 0.0089024)
(0.0148889 0.00730156 0.00920696)
(0.012855 0.00643067 0.00954624)
(0.0145594 0.00677998 0.00969497)
(0.0127725 0.00615079 0.00993766)
(0.0130621 0.00838365 0.01035)
(0.0128247 0.00784817 0.00957793)
(0.0131852 0.00692504 0.00994284)
(0.0147404 0.00698047 0.00857531)
(0.0145962 0.0056085 0.00881594)
(0.0145959 0.00631299 0.0103969)
(0.0140217 0.00571414 0.00890346)
(0.0151945 0.00640935 0.0101802)
(0.0144671 0.00678467 0.0102594)
(0.0145785 0.00691523 0.00923945)
(0.0139252 0.00693802 0.00941648)
(0.0146399 0.00678533 0.00906253)
(0.0150378 0.00708628 0.00915021)
(0.0151034 0.00653971 0.00863554)
(0.0147273 0.00166616 0.00820502)
(0.015505 0.000918155 0.00893673)
(0.00714655 0.0015179 0.00947606)
(0.00736661 0.00166898 0.00974189)
(0.00648966 0.000190711 0.00732993)
(0.0071846 0.00126388 0.0091643)
(0.0074879 0.000626428 0.0088389)
(0.00681661 0.00294747 0.0107791)
(0.00718524 0.00247557 0.0107075)
(0.00657868 0.0019866 0.00989563)
(0.00664389 0.00182109 0.0096569)
(0.00692404 0.000916625 0.00883033)
(0.00678076 0.00162567 0.00961551)
(0.0160916 0.00109024 0.00951108)
(0.0155664 0.00142313 0.00869699)
(0.0156111 0.00153298 0.00870146)
(0.0155104 0.000988649 0.00871905)
(0.0156491 0.000633138 0.0094463)
(0.0163394 0.000161811 0.0115356)
(0.0145791 -0.000379121 0.0113457)
(0.0150914 -0.000220948 0.0108612)
(0.015073 0.000193724 0.00946419)
(0.0157446 0.000590511 0.00954796)
(0.0136771 0.00583027 0.00877731)
(0.0143305 0.0053027 0.00829906)
(0.0161835 0.004232 0.00850401)
(0.0146499 0.00635864 0.00873378)
(0.0148299 0.00698375 0.00937672)
(0.0141285 0.00589599 0.00906907)
(0.0159032 0.0047325 0.00837013)
(0.0158592 0.00619651 0.00896181)
(0.0105592 0.00676921 0.0106057)
(0.0079548 0.00612787 0.0117305)
(0.00780092 0.00487013 0.0106965)
(0.00873128 0.0065709 0.0120233)
(0.0101486 0.00605894 0.0119441)
(0.0128277 0.00645478 0.00989922)
(0.0122527 0.00716012 0.00918055)
(0.00822287 0.00231484 0.0100442)
(0.00837184 0.00280574 0.0105073)
(0.00834116 0.00318557 0.0105106)
(0.00880121 0.00289016 0.010275)
(0.0072668 0.000367254 0.00475268)
(0.00768238 0.000475348 0.00458049)
(0.00722711 0.00044398 0.00405232)
(0.00743949 0.000580019 0.00407137)
(0.00752632 0.000826078 0.00380323)
(0.00803377 0.00277863 0.00270515)
(0.00758719 0.0016219 0.00315478)
(0.00814093 0.00253742 0.00296581)
(0.00791013 0.00239776 0.00246013)
(0.00797338 0.00340042 0.0031362)
(0.00818095 0.00279183 0.0032448)
(0.00805401 0.00315428 0.00295101)
(0.00828859 0.00417473 0.00284115)
(0.0161257 0.00382458 0.00736213)
(0.0151948 0.00458635 0.00736669)
(0.0161245 0.00389272 0.00799226)
(0.017519 0.00467721 0.00861055)
(0.00992445 0.00227771 0.010291)
(0.0102193 0.00188453 0.0102653)
(0.0100761 0.00203967 0.0100767)
(0.0109312 0.00173152 0.00991016)
(0.0116317 0.00511796 0.00703386)
(0.0107941 0.00513012 0.0075644)
(0.0113823 0.00494271 0.00760782)
(0.0113828 0.00491673 0.00786781)
(0.0132989 0.00575338 0.00873466)
(0.0125852 0.00553324 0.00767931)
(0.0131866 0.00607832 0.00946093)
(0.0115949 0.00533766 0.00745184)
(0.0138758 0.00639362 0.00792934)
(0.0128547 0.00586548 0.00726591)
(0.0132972 0.00674802 0.00781838)
(0.0135833 0.00604617 0.00742353)
(0.0122199 0.00662327 0.00468034)
(0.0121687 0.00641819 0.00438873)
(0.011429 0.00612937 0.00442806)
(0.0133652 0.00615378 0.00450977)
(0.0136393 0.00614776 0.00406353)
(0.0146695 0.00624146 0.00544628)
(0.0140924 0.00559533 0.00501804)
(0.0139261 0.00631219 0.00557008)
(0.0130056 0.00671008 0.00498593)
(0.0134083 0.00612477 0.00506119)
(0.0157827 0.0034951 0.0046739)
(0.0156504 0.00395263 0.00441448)
(0.015814 0.00316964 0.00507011)
(0.0152672 0.00243217 0.00466174)
(0.0159694 0.00308475 0.00478694)
(0.0157814 0.00268342 0.0052245)
(0.015831 0.00307043 0.00438418)
(0.013905 0.00512999 0.00402173)
(0.0152201 0.00483057 0.00422092)
(0.0100875 0.00431441 0.00737261)
(0.00894178 0.00429565 0.00660806)
(0.00840788 0.00748855 0.00400497)
(0.00896262 0.00586272 0.00386093)
(0.00890509 0.007471 0.00470681)
(0.00855138 0.00718563 0.00418917)
(0.00921745 0.00634897 0.00351829)
(0.00907792 0.00240772 0.00870118)
(0.00885173 0.0018943 0.00803798)
(0.00886532 0.0014067 0.00705752)
(0.00885317 0.00154589 0.00783479)
(0.00921378 0.00241212 0.00794647)
(0.00916985 0.00186884 0.00760099)
(0.00926939 0.00277162 0.0082352)
(0.0097385 0.00299138 0.00897662)
(0.00971387 0.00217943 0.00807023)
(0.00934243 0.000822236 0.00434573)
(0.00917066 0.000957004 0.00370763)
(0.00852264 0.000668232 0.0039474)
(0.00942268 0.000961466 0.00398916)
(0.00955932 0.000754226 0.00512001)
(0.00852109 0.000737293 0.00423338)
(0.00845768 0.000616033 0.00530514)
(0.00870429 0.000623262 0.00437159)
(0.0094658 0.000521816 0.00510658)
(0.00842389 0.0028236 0.00213581)
(0.00851057 0.00313027 0.00196546)
(0.00812702 0.00175724 0.00280253)
(0.00790344 0.00194596 0.00275542)
(0.00830165 0.00289731 0.00199942)
(0.0092348 0.00371955 0.00212325)
(0.00853618 0.00261369 0.00237819)
(0.0088027 0.00251845 0.00236282)
(0.00806946 0.00152378 0.00268601)
(0.00789751 0.00115724 0.00278322)
(0.00820142 0.0014523 0.00225992)
(0.00830032 0.00193918 0.00238263)
(0.00975467 0.00454728 0.0101296)
(0.0105473 0.00494217 0.0102226)
(0.0106756 0.00469708 0.0103755)
(0.0101015 0.0034922 0.00991374)
(0.00938785 0.00327153 0.00885139)
(0.00757707 0.000800672 0.00407113)
(0.00725906 0.000791454 0.00384682)
(0.0070373 0.000424807 0.00408893)
(0.00681243 0.000189464 0.00448252)
(0.00718927 0.000358939 0.00427339)
(0.00749412 0.00075529 0.00406063)
(0.0078714 0.000472039 0.00473744)
(0.00730934 0.000238335 0.00467915)
(0.011586 0.00680836 0.00939458)
(0.0116821 0.0053787 0.008993)
(0.0118698 0.00643539 0.00953811)
(0.0112318 0.00586268 0.00931002)
(0.0113337 0.00573336 0.00969806)
(0.0110719 0.00491128 0.00887085)
(0.00841778 0.00652337 0.00429493)
(0.0085679 0.00693508 0.00434025)
(0.00796462 0.00582896 0.0044991)
(0.00943405 0.00640131 0.00568887)
(0.00828438 0.00752355 0.00614523)
(0.00854417 0.0061442 0.00647952)
(0.00886083 0.0073079 0.00695048)
(0.00873973 0.00637196 0.00574377)
(0.00906877 0.00266749 0.00202916)
(0.00910564 0.00327616 0.00243629)
(0.0101972 0.00281318 0.00235601)
(0.00957916 0.00256619 0.00188373)
(0.00925629 0.0047561 0.00216152)
(0.00969017 0.00522442 0.0020663)
(0.00979973 0.0045144 0.0017948)
(0.0102705 0.00321565 0.00132225)
(0.0101569 0.00359877 0.00170347)
(0.0093802 0.0044595 0.00154061)
(0.00998265 0.004064 0.00193404)
(0.00849761 0.00392485 0.0027859)
(0.0082959 0.00462757 0.00298507)
(0.00813387 0.00425376 0.00268773)
(0.00883978 0.00498011 0.00288534)
(0.00835635 0.00403172 0.00283106)
(0.00873011 0.00636228 0.00474032)
(0.00876127 0.00529778 0.00304439)
(0.00986062 0.00360388 0.00678404)
(0.00916618 0.00293405 0.00615382)
(0.0107447 0.00440829 0.00769042)
(0.0109223 0.00438183 0.00752475)
(0.0108067 0.00164795 0.00337718)
(0.0102138 0.00182119 0.00236013)
(0.0103891 0.00217527 0.00203536)
(0.00993586 0.00138178 0.00298154)
(0.010502 0.000722579 0.0124236)
(0.0114581 0.000281846 0.0131156)
(0.0118168 0.000726643 0.0136268)
(0.0139498 -0.000500482 0.0136012)
(0.0127534 -0.00046357 0.0123445)
(0.0134466 6.66043e-05 0.0143321)
(0.0111841 0.000374686 0.0137945)
(0.0108147 0.000988057 0.0143083)
(0.00872509 0.00489673 0.0107738)
(0.00823245 0.00558003 0.0104284)
(0.00836114 0.00562441 0.00952486)
(0.00899149 0.00409888 0.0120401)
(0.00918688 0.00630923 0.0100132)
(0.00768857 0.00615897 0.00955449)
(0.00828976 0.00690404 0.00874742)
(0.0083219 0.00599059 0.00805642)
(0.00908719 0.00603375 0.0102494)
(0.00922182 0.00603796 0.0101452)
(0.00848963 0.00599122 0.00863225)
(0.00924731 0.00375044 0.00459131)
(0.00912281 0.00452677 0.00463406)
(0.00848342 0.00440777 0.00435253)
(0.00893672 0.0039076 0.00365774)
(0.00909531 0.00420983 0.00473906)
(0.00937923 0.00384899 0.00466667)
(0.00838715 0.00185115 0.00395016)
(0.00879217 0.00338026 0.0038004)
(0.0086877 0.00425572 0.00360923)
(0.00852652 0.00377636 0.00382236)
(0.0085988 0.00348905 0.0036664)
(0.00811022 0.00457383 0.00947604)
(0.00829268 0.00519442 0.00909622)
(0.00817674 0.0045921 0.00903572)
(0.00760298 0.00443214 0.00833052)
(0.00725725 0.00591305 0.00685672)
(0.0072957 0.00640413 0.00742992)
(0.00761528 0.00555245 0.00795144)
(0.00782043 0.00559656 0.00651199)
(0.00862723 0.0059969 0.00722221)
(0.00781201 0.00334145 0.0101197)
(0.00814124 0.0033005 0.00987906)
(0.00815825 0.00569359 0.00931439)
(0.00780473 0.00518813 0.00899488)
(0.00778808 0.00501208 0.00969839)
(0.00739226 0.00502484 0.0090356)
(0.00839095 0.00447825 0.0108672)
(0.00846515 0.00377659 0.0105088)
(0.00799547 0.00317883 0.0100241)
(0.00827816 0.00327688 0.0107743)
(0.00851862 0.00424171 0.0103301)
(0.00806302 0.00318953 0.0100905)
(0.00716099 -0.000156403 0.00529376)
(0.00748794 -0.000217028 0.00579051)
(0.00758689 4.35648e-05 0.0050637)
(0.00664415 -0.000194178 0.00544439)
(0.00826289 0.00226844 0.00388298)
(0.00891465 0.0018954 0.00431045)
(0.00831854 0.00149527 0.00398698)
(0.00793297 0.000589276 0.00447722)
(0.00793812 0.000692047 0.00431376)
(0.00823249 0.000986461 0.0043022)
(0.00810209 0.00123279 0.00390165)
(0.00826366 0.00605898 0.00720755)
(0.00849992 0.00612017 0.00709458)
(0.00887288 0.00587121 0.00545619)
(0.00754984 0.00580665 0.00536896)
(0.00794297 0.00690134 0.00606048)
(0.00787542 0.00601711 0.00609171)
(0.0080939 0.00581796 0.00445572)
(0.00797911 0.00677619 0.00583975)
(0.00858553 0.00584801 0.00582179)
(0.00845152 0.00645268 0.00471432)
(0.0074912 0.00656336 0.00544234)
(0.00778583 0.00673348 0.00591728)
(0.00780065 0.00595354 0.00600964)
(0.00751015 0.00586015 0.00536569)
(0.00867091 0.00587101 0.0055668)
(0.00830999 0.00567682 0.00565246)
(0.00917821 0.00503693 0.0119736)
(0.00825973 0.00625117 0.011101)
(0.0089326 0.00403955 0.0129713)
(0.00927248 0.00334695 0.0134076)
(0.0087249 0.00391071 0.0119504)
(0.00858804 0.00583718 0.011038)
(0.00918739 0.00508661 0.0115221)
(0.00922587 0.00347617 0.0137102)
(0.00847848 0.00111542 0.0083888)
(0.00885935 0.00155912 0.00831303)
(0.00901066 0.00147722 0.00910413)
(0.00876142 0.000816206 0.00717201)
(0.00812577 0.000656983 0.00747882)
(0.00865626 0.000728547 0.00787818)
(0.00847728 0.00052729 0.00674097)
(0.00850454 0.000802873 0.00726872)
)
;
    }
    INLET
    {
        type            calculated;
        value           nonuniform 0();
    }
    OUTLET
    {
        type            calculated;
        value           nonuniform 0();
    }
    procBoundary19to18
    {
        type            processor;
        value           uniform (0 0 0);
    }
    procBoundary19to24
    {
        type            processor;
        value           uniform (0 0 0);
    }
}


// ************************************************************************* //
