/*--------------------------------*- C++ -*----------------------------------*\
| =========                 |                                                 |
| \\      /  F ield         | OpenFOAM: The Open Source CFD Toolbox           |
|  \\    /   O peration     | Version:  v1612+                                |
|   \\  /    A nd           | Web:      www.OpenFOAM.com                      |
|    \\/     M anipulation  |                                                 |
\*---------------------------------------------------------------------------*/
FoamFile
{
    version     2.0;
    format      ascii;
    class       volVectorField;
    location    "50";
    object      wallShearStress;
}
// * * * * * * * * * * * * * * * * * * * * * * * * * * * * * * * * * * * * * //

dimensions      [0 2 -2 0 0 0 0];

internalField   uniform (0 0 0);

boundaryField
{
    WALL
    {
        type            calculated;
        value           nonuniform List<vector> 
1490
(
(-0.00309811 -0.0136876 0.00373852)
(-0.00308588 -0.0140237 0.00390853)
(-0.00307417 -0.0135435 0.003718)
(-0.00301632 -0.0146178 0.00407174)
(-0.00352458 -0.01512 0.00409194)
(-0.00307978 -0.0146309 0.00414635)
(-0.00323653 -0.014739 0.00401062)
(-0.00357893 -0.0151595 0.00396988)
(-0.00297945 -0.014805 0.00429018)
(-0.00342627 -0.0146094 0.00385921)
(-0.00332164 -0.0146624 0.00398937)
(-0.0033624 -0.0146089 0.00396252)
(-0.0030728 -0.0136815 0.0037997)
(-0.00295431 -0.0135564 0.0037157)
(-0.00333122 -0.0149283 0.00409874)
(-0.00340253 -0.0146922 0.00397466)
(-0.00317161 -0.0147403 0.00406254)
(-0.00327587 -0.0138044 0.00400829)
(-0.00345649 -0.0139275 0.00417947)
(-0.00314781 -0.0140228 0.00382108)
(-0.00281649 -0.0135304 0.00384)
(-0.00334077 -0.0145037 0.00428322)
(-0.00345481 -0.0141 0.00434143)
(-0.00348541 -0.0143374 0.00387889)
(-0.00353609 -0.0146095 0.00399255)
(-0.00318512 -0.0143613 0.00382145)
(-0.00382056 -0.0148241 0.00407661)
(-0.00339984 -0.0145108 0.0039817)
(-0.00317954 -0.0141336 0.00384026)
(-0.00344786 -0.014406 0.00411679)
(-0.00340944 -0.0150074 0.00397166)
(-0.00317002 -0.0146291 0.00408876)
(-0.00327767 -0.0149376 0.00439073)
(-0.00337096 -0.0145348 0.00424937)
(-0.00341474 -0.0148456 0.00401627)
(-0.0033359 -0.0147065 0.00426822)
(-0.00317026 -0.0142338 0.0037762)
(-0.00310256 -0.0138455 0.00395844)
(-0.00328331 -0.0147906 0.00413632)
(-0.00331301 -0.0139473 0.00414057)
(-0.00282154 -0.0130956 0.0035793)
(-0.00311027 -0.0132941 0.00415098)
(-0.00302993 -0.014564 0.00399438)
(-0.00314637 -0.0142185 0.00433487)
(-0.00345409 -0.0145817 0.00396212)
(-0.00336978 -0.0145578 0.00397604)
(-0.00325691 -0.0145723 0.00403391)
(-0.00308216 -0.0146608 0.00418326)
(-0.00310051 -0.0146007 0.00409178)
(-0.00357292 -0.014748 0.00394417)
(-0.00298624 -0.0138953 0.00388152)
(-0.00291746 -0.0133452 0.00389263)
(-0.00269112 -0.0136157 0.00412621)
(-0.00290377 -0.0134772 0.00384054)
(-0.00273721 -0.0135694 0.00424823)
(-0.00307043 -0.0138183 0.00387463)
(-0.00355955 -0.0146496 0.00391274)
(-0.00299639 -0.0133888 0.00368694)
(-0.00331889 -0.0139267 0.00399499)
(-0.00344768 -0.0136529 0.00399581)
(-0.00357749 -0.0137749 0.00394616)
(-0.00309357 -0.0141393 0.00377956)
(-0.00316162 -0.0135884 0.00361394)
(-0.00312565 -0.0135656 0.00367792)
(-0.00294803 -0.0135887 0.00371809)
(-0.00323729 -0.0136018 0.00373846)
(-0.00298882 -0.0136014 0.00378708)
(-0.00302274 -0.0135693 0.00366055)
(-0.00316826 -0.0137466 0.00383445)
(-0.00313679 -0.0140612 0.00379187)
(-0.00311015 -0.0139759 0.00377846)
(-0.00317148 -0.0136585 0.00363766)
(-0.00299211 -0.0138768 0.0038431)
(-0.00328474 -0.0136987 0.00373936)
(-0.00317814 -0.0138459 0.00382762)
(-0.00324854 -0.0143079 0.00396362)
(-0.00338483 -0.0141649 0.00452351)
(-0.00316756 -0.014799 0.00425633)
(-0.00326702 -0.014091 0.004042)
(-0.00367118 -0.0148973 0.0047727)
(-0.00332903 -0.0135848 0.00407241)
(-0.00322623 -0.0136846 0.00396352)
(-0.00343451 -0.0139673 0.00402588)
(-0.00317497 -0.0137176 0.00383442)
(-0.00347227 -0.0141292 0.00406235)
(-0.00330564 -0.0140518 0.0040542)
(-0.00344505 -0.0135719 0.00394987)
(-0.00290938 -0.0137525 0.00372506)
(-0.0035164 -0.0141195 0.00401276)
(-0.00303794 -0.0143243 0.00397681)
(-0.00280694 -0.0138298 0.00375535)
(-0.0028478 -0.0138797 0.00388617)
(-0.00349534 -0.0146339 0.00396757)
(-0.00345778 -0.0147079 0.0040957)
(-0.00358266 -0.0139818 0.00380627)
(-0.0032558 -0.0139702 0.00376391)
(-0.00338388 -0.0143151 0.00391066)
(-0.00307148 -0.0138812 0.00407124)
(-0.00316673 -0.0144251 0.00432054)
(-0.00287348 -0.0136831 0.00399152)
(-0.00301837 -0.0142829 0.00372572)
(-0.00309985 -0.0140036 0.00394117)
(-0.00301574 -0.0144339 0.00410569)
(-0.00310788 -0.0138226 0.00391606)
(-0.00302278 -0.0143501 0.00422835)
(-0.00309312 -0.0135651 0.00361269)
(-0.00298178 -0.0133724 0.00368762)
(-0.00296797 -0.0135416 0.0037236)
(-0.00299288 -0.013737 0.00380748)
(-0.00298611 -0.0135736 0.00406184)
(-0.00306036 -0.0144805 0.00387411)
(-0.00292859 -0.0139262 0.00391284)
(-0.00285078 -0.0141011 0.00409644)
(-0.00280719 -0.0134176 0.00366295)
(-0.00280129 -0.0132767 0.0038536)
(-0.00279713 -0.0134602 0.00384021)
(-0.0030532 -0.0139395 0.0038286)
(-0.00317039 -0.0140818 0.00412351)
(-0.00303458 -0.0136413 0.00401384)
(-0.00314484 -0.0142474 0.00412446)
(-0.00313876 -0.0142879 0.00389518)
(-0.00328261 -0.0133922 0.00391884)
(-0.00321832 -0.013594 0.00390433)
(-0.0031626 -0.0143934 0.00389451)
(-0.0034039 -0.0143711 0.00409632)
(-0.00315522 -0.014875 0.00419049)
(-0.00316922 -0.0142639 0.00375856)
(-0.0030103 -0.0136538 0.00374269)
(-0.00322707 -0.0139977 0.0039427)
(-0.00322422 -0.0135188 0.00379099)
(-0.00303121 -0.0134137 0.00381258)
(-0.00315291 -0.0133878 0.00384846)
(-0.0031628 -0.0135848 0.0040521)
(-0.00342694 -0.0137902 0.00417344)
(-0.00306255 -0.0133398 0.00369445)
(-0.00349062 -0.0137878 0.00401892)
(-0.00311218 -0.0142159 0.00394845)
(-0.00333648 -0.0136305 0.00388147)
(-0.00326916 -0.0135439 0.00396561)
(-0.00307761 -0.0131747 0.00375026)
(-0.00313279 -0.0130166 0.003695)
(-0.00288455 -0.0131324 0.00363931)
(-0.00270809 -0.0128774 0.00347348)
(-0.00301574 -0.0126344 0.00367958)
(-0.00328577 -0.0132281 0.00402393)
(-0.00367709 -0.0136904 0.00448907)
(-0.00319442 -0.01355 0.00388038)
(-0.00289303 -0.0131476 0.00376133)
(-0.00327846 -0.0149659 0.00400116)
(-0.00329688 -0.0134581 0.00420016)
(-0.00299408 -0.0136095 0.0036958)
(-0.00300614 -0.013624 0.0037206)
(-0.00297596 -0.0137211 0.00388972)
(-0.00298299 -0.0138264 0.00380948)
(-0.00293719 -0.0135673 0.00386392)
(-0.00310158 -0.0140153 0.00388372)
(-0.00309281 -0.0139023 0.00407042)
(-0.00306157 -0.014216 0.00407629)
(-0.00312683 -0.0142696 0.00418431)
(-0.00288417 -0.0135478 0.00391349)
(-0.00294355 -0.01367 0.00410743)
(-0.00330243 -0.0150283 0.00422364)
(-0.00301613 -0.0143416 0.00411671)
(-0.0029391 -0.0143572 0.00434373)
(-0.00326308 -0.0147461 0.00412509)
(-0.00323089 -0.0145736 0.00457679)
(-0.00323933 -0.0146573 0.00431048)
(-0.00317415 -0.0148183 0.00425594)
(-0.00298491 -0.0143352 0.00436655)
(-0.00300932 -0.0134661 0.00368916)
(-0.00308576 -0.0134724 0.00374475)
(-0.00293366 -0.0134369 0.00369001)
(-0.00309342 -0.0137436 0.00385394)
(-0.00327941 -0.0132792 0.00383409)
(-0.00362651 -0.0138242 0.00403723)
(-0.00285342 -0.0132646 0.00377182)
(-0.00307954 -0.013618 0.00375504)
(-0.00321667 -0.013737 0.00394591)
(-0.00321665 -0.0138784 0.00384396)
(-0.00349952 -0.0142821 0.00401019)
(-0.00306907 -0.0138832 0.00376122)
(-0.00310245 -0.0141919 0.00380223)
(-0.00300264 -0.0136852 0.00363113)
(-0.00313934 -0.0135355 0.00372634)
(-0.00338239 -0.0138215 0.00409682)
(-0.0031852 -0.0137803 0.00388225)
(-0.00308524 -0.0133346 0.00381803)
(-0.00331263 -0.0142133 0.00395038)
(-0.00336033 -0.0135429 0.00396027)
(-0.00298 -0.0140972 0.0039235)
(-0.00304628 -0.0135588 0.00373267)
(-0.003335 -0.0140464 0.0038944)
(-0.00330258 -0.013461 0.00372952)
(-0.00288252 -0.0139698 0.00379464)
(-0.0031445 -0.0141483 0.00391683)
(-0.00309235 -0.0137999 0.00375977)
(-0.00355174 -0.0148778 0.00395138)
(-0.00318721 -0.0143647 0.0038467)
(-0.00327528 -0.0145001 0.00389476)
(-0.00351854 -0.0150034 0.00403586)
(-0.00302869 -0.0150842 0.00426599)
(-0.00331959 -0.015107 0.00432314)
(-0.00332852 -0.0144524 0.00389527)
(-0.00339558 -0.0147711 0.0039883)
(-0.0034914 -0.0149694 0.00406008)
(-0.00334107 -0.0147208 0.00402099)
(-0.0034048 -0.0146206 0.0039809)
(-0.00348479 -0.0147999 0.00399166)
(-0.00324774 -0.0140066 0.00414391)
(-0.00334807 -0.014063 0.00418935)
(-0.00316432 -0.0137261 0.00396277)
(-0.00330296 -0.0137444 0.00425409)
(-0.00304726 -0.0135836 0.00380255)
(-0.00335732 -0.0141366 0.00440448)
(-0.00319151 -0.0140374 0.00392024)
(-0.00347361 -0.0138628 0.00450443)
(-0.00326359 -0.0143865 0.00392793)
(-0.00394408 -0.0148169 0.00469274)
(-0.00300549 -0.0137431 0.00405707)
(-0.00320642 -0.0144541 0.00410057)
(-0.00350214 -0.0152973 0.00445544)
(-0.00312831 -0.014187 0.00420925)
(-0.00347063 -0.0151439 0.00390593)
(-0.00348616 -0.014887 0.00404417)
(-0.00326067 -0.0146393 0.00440098)
(-0.00326961 -0.0150876 0.00430976)
(-0.0032179 -0.0145721 0.00391411)
(-0.00310049 -0.014773 0.00426809)
(-0.00302657 -0.0145842 0.00424547)
(-0.00339753 -0.0145437 0.00387073)
(-0.00309438 -0.0143823 0.0039401)
(-0.00328001 -0.0146708 0.00407716)
(-0.00313452 -0.0143719 0.00437108)
(-0.00320727 -0.0145027 0.00442795)
(-0.00314067 -0.0140014 0.0040236)
(-0.00330355 -0.0145954 0.00397064)
(-0.00293396 -0.0139399 0.00413957)
(-0.00333501 -0.0147558 0.00428615)
(-0.00356583 -0.0150366 0.00438843)
(-0.00363263 -0.0153435 0.00449644)
(-0.00320642 -0.0146075 0.00404095)
(-0.00309393 -0.014212 0.00404229)
(-0.00336674 -0.014287 0.00453451)
(-0.00360884 -0.014973 0.00460358)
(-0.00344187 -0.0146726 0.00459214)
(-0.00335121 -0.0144931 0.00444743)
(-0.0033498 -0.0147914 0.00385499)
(-0.00339384 -0.0142906 0.00438723)
(-0.00340133 -0.013717 0.00433929)
(-0.00397542 -0.0150788 0.00473578)
(-0.00332967 -0.0142167 0.00428588)
(-0.00317363 -0.0141242 0.00433475)
(-0.00327167 -0.0141346 0.00379815)
(-0.00305152 -0.0137241 0.00378705)
(-0.00305271 -0.0137054 0.00368927)
(-0.00314528 -0.0138822 0.00375802)
(-0.00306628 -0.0143025 0.00402597)
(-0.00300764 -0.0136636 0.00378355)
(-0.00289436 -0.0137297 0.00372704)
(-0.00286107 -0.0135257 0.00386629)
(-0.00293055 -0.0136073 0.0039337)
(-0.00278148 -0.0132943 0.00374937)
(-0.00285936 -0.0133289 0.0038305)
(-0.00285205 -0.01344 0.00396619)
(-0.003083 -0.0135456 0.00368161)
(-0.0030951 -0.0135713 0.00371396)
(-0.00295214 -0.0136333 0.00381356)
(-0.00313086 -0.0137455 0.00371562)
(-0.00303172 -0.0135708 0.00366708)
(-0.00314123 -0.0139162 0.00357484)
(-0.00320657 -0.0139605 0.0037126)
(-0.0031304 -0.0142357 0.00381036)
(-0.00313882 -0.0135866 0.00352545)
(-0.0030782 -0.0135761 0.00362164)
(-0.00324674 -0.0136714 0.00343789)
(-0.00314861 -0.013634 0.00363439)
(-0.00304748 -0.0133663 0.00361321)
(-0.00303953 -0.0138487 0.00378682)
(-0.00305898 -0.0133534 0.00363263)
(-0.00324308 -0.0137565 0.00369991)
(-0.00302305 -0.0136244 0.00373238)
(-0.00317939 -0.0136911 0.00377362)
(-0.00324051 -0.0135915 0.00360618)
(-0.00323199 -0.0136248 0.00367229)
(-0.00319463 -0.013836 0.00371953)
(-0.00319247 -0.0139255 0.00372474)
(-0.0032885 -0.0138854 0.00378416)
(-0.00298808 -0.0138488 0.00380803)
(-0.00317291 -0.0141386 0.00395881)
(-0.00317758 -0.0137119 0.00379058)
(-0.00300363 -0.0135498 0.00370978)
(-0.00313335 -0.0139375 0.00381817)
(-0.00319603 -0.0136823 0.00347061)
(-0.00310428 -0.0141795 0.00387965)
(-0.00300284 -0.0138463 0.00381467)
(-0.0031379 -0.0140523 0.00383921)
(-0.00289417 -0.0135756 0.00382439)
(-0.00290553 -0.0136951 0.00393412)
(-0.00323579 -0.0139429 0.00375469)
(-0.00316984 -0.0139713 0.00391117)
(-0.00310425 -0.0137876 0.0037029)
(-0.00351521 -0.0145117 0.00410467)
(-0.00329325 -0.0140063 0.00391433)
(-0.00340275 -0.0140548 0.00378278)
(-0.00286472 -0.0136744 0.00392632)
(-0.0033694 -0.0137926 0.00377454)
(-0.0033336 -0.0140659 0.0039745)
(-0.00299175 -0.0133366 0.00374552)
(-0.00340003 -0.0135592 0.00400937)
(-0.00298068 -0.0136336 0.00381626)
(-0.00325001 -0.0136097 0.00386861)
(-0.00324341 -0.0135194 0.00378127)
(-0.00326389 -0.0132887 0.003925)
(-0.0036786 -0.0142572 0.00394657)
(-0.00336118 -0.0137981 0.00406394)
(-0.00302811 -0.0141875 0.00381808)
(-0.00303185 -0.0134516 0.00377442)
(-0.00332394 -0.0138511 0.00388289)
(-0.00355661 -0.0138356 0.00396688)
(-0.00330528 -0.0140427 0.00391039)
(-0.00345084 -0.0136983 0.00408387)
(-0.00298115 -0.0136182 0.00386358)
(-0.00335072 -0.0137044 0.00390697)
(-0.00325607 -0.0141961 0.00393757)
(-0.00337978 -0.0136794 0.00396087)
(-0.00382493 -0.0142235 0.00419853)
(-0.00329389 -0.0144471 0.0038912)
(-0.00313232 -0.0134598 0.00382591)
(-0.00358898 -0.0134937 0.00410995)
(-0.00330119 -0.0142513 0.00396338)
(-0.00338834 -0.0134059 0.00384325)
(-0.00310659 -0.0139635 0.00382128)
(-0.00335612 -0.0134748 0.0039517)
(-0.00335271 -0.0138633 0.00389676)
(-0.00345206 -0.0136613 0.00387089)
(-0.00313032 -0.0136459 0.00373534)
(-0.00316162 -0.0144411 0.00385341)
(-0.00369529 -0.0150084 0.00462014)
(-0.00348825 -0.0142322 0.0044272)
(-0.00320587 -0.0143673 0.00401418)
(-0.00345642 -0.0146067 0.00455509)
(-0.00342413 -0.0143539 0.0041548)
(-0.00295669 -0.0138127 0.00407638)
(-0.00306338 -0.0147538 0.00419588)
(-0.00330523 -0.0149049 0.00406278)
(-0.00303205 -0.0145222 0.00383266)
(-0.00303511 -0.0143054 0.00398632)
(-0.00299244 -0.0137288 0.00398617)
(-0.00316838 -0.0139922 0.00367388)
(-0.00297796 -0.013664 0.00368453)
(-0.00289658 -0.0134456 0.00368776)
(-0.0029268 -0.0139741 0.00382019)
(-0.00296094 -0.0135194 0.00366368)
(-0.00293402 -0.0135093 0.00367397)
(-0.00290682 -0.0135556 0.00412288)
(-0.0030371 -0.0139772 0.00403958)
(-0.00296019 -0.0135986 0.00405674)
(-0.0029932 -0.0140978 0.00397598)
(-0.00288238 -0.0136149 0.00379517)
(-0.00297183 -0.0135171 0.00396248)
(-0.00278335 -0.0134363 0.00378204)
(-0.00306151 -0.0135345 0.00367352)
(-0.00294319 -0.0133126 0.00375422)
(-0.00303378 -0.0133038 0.00358528)
(-0.0030165 -0.013326 0.00365936)
(-0.00295246 -0.0135329 0.00374507)
(-0.00268958 -0.013555 0.00389604)
(-0.00290757 -0.0137194 0.00372409)
(-0.00333104 -0.0148318 0.0040087)
(-0.00342838 -0.0148965 0.00402121)
(-0.00361049 -0.0153508 0.00404222)
(-0.00328193 -0.0148366 0.00406101)
(-0.00332243 -0.0147786 0.00391103)
(-0.00325214 -0.0146655 0.00407826)
(-0.00337441 -0.0145475 0.00394336)
(-0.00346879 -0.0150116 0.00406284)
(-0.003465 -0.0147052 0.00401392)
(-0.00351625 -0.0145471 0.00391186)
(-0.00334671 -0.0151028 0.00410505)
(-0.00330251 -0.0143576 0.00392295)
(-0.00329775 -0.0152921 0.00444414)
(-0.00308099 -0.0146505 0.00404268)
(-0.00319702 -0.0148911 0.00422809)
(-0.00328446 -0.0147421 0.00401475)
(-0.00304921 -0.0151469 0.00434317)
(-0.00329962 -0.0152141 0.00439271)
(-0.00314419 -0.0142379 0.00427641)
(-0.00320838 -0.0142823 0.00415645)
(-0.00339493 -0.0148465 0.00423839)
(-0.00308966 -0.0142252 0.00414684)
(-0.00310019 -0.0138889 0.00436397)
(-0.00304593 -0.014001 0.00415265)
(-0.00323908 -0.014509 0.00401003)
(-0.00321267 -0.0146405 0.00410392)
(-0.00327843 -0.0145132 0.00381807)
(-0.0032244 -0.0146236 0.00405002)
(-0.00320947 -0.0145456 0.00401971)
(-0.00329686 -0.0146846 0.00400753)
(-0.00345283 -0.014167 0.00372163)
(-0.00361982 -0.0149656 0.00401754)
(-0.00350573 -0.0147402 0.0038413)
(-0.0036201 -0.0152679 0.00414259)
(-0.0035748 -0.0148832 0.00393636)
(-0.00361888 -0.015026 0.00395372)
(-0.00340877 -0.0149392 0.00415542)
(-0.00327833 -0.01477 0.00396186)
(-0.00302601 -0.0146893 0.00443768)
(-0.00344979 -0.0149788 0.00394875)
(-0.00319987 -0.0143969 0.00389165)
(-0.00317513 -0.0147667 0.00395761)
(-0.00352547 -0.0151402 0.00399658)
(-0.00318865 -0.0151235 0.00415242)
(-0.00340077 -0.0146606 0.00398254)
(-0.00330097 -0.0147885 0.00403861)
(-0.0033357 -0.015169 0.00428367)
(-0.0032122 -0.0141963 0.00402598)
(-0.00304694 -0.0143056 0.00439906)
(-0.00312084 -0.0141967 0.00421586)
(-0.00289078 -0.0136709 0.00409971)
(-0.00301568 -0.0134639 0.00387701)
(-0.00305756 -0.0140768 0.00424266)
(-0.00340481 -0.0143154 0.0039914)
(-0.00315786 -0.0140981 0.0039425)
(-0.00306931 -0.0137655 0.00395945)
(-0.00291194 -0.013479 0.00365484)
(-0.00297739 -0.013026 0.0039057)
(-0.00313886 -0.0141193 0.00385814)
(-0.00342991 -0.0148263 0.00404537)
(-0.00361172 -0.0146273 0.00397998)
(-0.00297732 -0.0147502 0.00428467)
(-0.00330817 -0.0149064 0.00399345)
(-0.00334062 -0.0136929 0.00390132)
(-0.00318923 -0.0135773 0.00377954)
(-0.00299219 -0.0139246 0.00370098)
(-0.00311655 -0.014268 0.00370838)
(-0.00287765 -0.0140753 0.00377568)
(-0.00333044 -0.0143504 0.00415634)
(-0.00326872 -0.0140898 0.00394224)
(-0.00302405 -0.0146741 0.00394603)
(-0.00337603 -0.0141469 0.00384615)
(-0.00295973 -0.0136239 0.00358313)
(-0.00349629 -0.0148539 0.00388466)
(-0.00331772 -0.0133345 0.00371129)
(-0.00308687 -0.0140481 0.00393498)
(-0.00306988 -0.0139565 0.00379315)
(-0.00338811 -0.0140884 0.00419499)
(-0.00324146 -0.0137905 0.00395976)
(-0.00324222 -0.01436 0.00420772)
(-0.00330012 -0.0139358 0.00410691)
(-0.00332498 -0.0139512 0.00424726)
(-0.00342957 -0.0142262 0.00411866)
(-0.00309886 -0.014538 0.00396239)
(-0.00346138 -0.0144737 0.00430541)
(-0.00341053 -0.014712 0.0041205)
(-0.00355621 -0.0150272 0.00442131)
(-0.00322614 -0.0144522 0.00393225)
(-0.00330304 -0.0147379 0.00399034)
(-0.00346235 -0.0153251 0.004344)
(-0.00376538 -0.0149797 0.00445667)
(-0.00352505 -0.014705 0.00424873)
(-0.00361662 -0.014697 0.0040402)
(-0.00320613 -0.0142674 0.00393473)
(-0.0030123 -0.0135035 0.00406442)
(-0.00308502 -0.0135086 0.00386035)
(-0.0030671 -0.0135168 0.00400488)
(-0.00340237 -0.0143095 0.00396005)
(-0.0032912 -0.013541 0.00393179)
(-0.0033553 -0.0143425 0.00428465)
(-0.00336853 -0.0143412 0.00431791)
(-0.00332287 -0.0145078 0.00410636)
(-0.00341898 -0.0140568 0.00426512)
(-0.00328602 -0.014129 0.00410258)
(-0.00325645 -0.0142579 0.00403081)
(-0.00293745 -0.0140755 0.00464313)
(-0.00301135 -0.0146252 0.00474948)
(-0.00304747 -0.0134611 0.00387706)
(-0.00309855 -0.0136835 0.00398091)
(-0.00294216 -0.0136485 0.00407215)
(-0.0029016 -0.0132864 0.00407593)
(-0.00355562 -0.0146658 0.0041112)
(-0.00368536 -0.0148796 0.00442948)
(-0.00349314 -0.0145112 0.00422654)
(-0.00346222 -0.0140526 0.00413219)
(-0.0036299 -0.0144673 0.00412474)
(-0.0034926 -0.0146751 0.00424166)
(-0.00345506 -0.014797 0.0039837)
(-0.00322365 -0.014237 0.00385903)
(-0.00347142 -0.0144216 0.00388529)
(-0.00329805 -0.0145638 0.00404563)
(-0.00332443 -0.0141087 0.0038589)
(-0.00327849 -0.0137833 0.00393077)
(-0.00325244 -0.014032 0.00399252)
(-0.00328266 -0.0138478 0.00394375)
(-0.00348968 -0.0143899 0.00425757)
(-0.00343604 -0.0138213 0.00396647)
(-0.0033286 -0.0139542 0.00408578)
(-0.00357834 -0.0141846 0.00392262)
(-0.00347435 -0.01373 0.00380893)
(-0.00353334 -0.014556 0.00397723)
(-0.00330889 -0.0137408 0.00378302)
(-0.00356687 -0.0146826 0.00412417)
(-0.00330253 -0.0139803 0.00397831)
(-0.00339446 -0.0140299 0.00402488)
(-0.00360042 -0.014081 0.00425271)
(-0.00357961 -0.0141492 0.00414611)
(-0.00351472 -0.0138277 0.00393887)
(-0.00343726 -0.0134781 0.0039198)
(-0.00355555 -0.0148458 0.00397773)
(-0.00341793 -0.0146833 0.0040689)
(-0.00337582 -0.0144962 0.00387345)
(-0.0033746 -0.0145062 0.00397962)
(-0.00326707 -0.0142294 0.00389978)
(-0.00362215 -0.0148286 0.00398272)
(-0.0032115 -0.0137203 0.00382957)
(-0.00312555 -0.014159 0.00388632)
(-0.00290465 -0.0148303 0.00399073)
(-0.00342426 -0.0140204 0.00386309)
(-0.00349559 -0.0141752 0.00407232)
(-0.00317124 -0.014017 0.00387884)
(-0.00333197 -0.014665 0.00425918)
(-0.00292923 -0.0145986 0.00398619)
(-0.00349183 -0.014059 0.0040032)
(-0.00290294 -0.0136753 0.00366856)
(-0.00331222 -0.0140941 0.00394981)
(-0.00334902 -0.0142811 0.00395842)
(-0.00306299 -0.0143977 0.00381938)
(-0.00302109 -0.0137843 0.00371105)
(-0.00306486 -0.0141418 0.00388214)
(-0.00336243 -0.013843 0.00398356)
(-0.00302801 -0.0141333 0.00386572)
(-0.00341389 -0.0143713 0.00422201)
(-0.00341685 -0.0140362 0.00421979)
(-0.00330239 -0.0140243 0.00424787)
(-0.00309346 -0.0135748 0.0039993)
(-0.00336673 -0.0141709 0.00434459)
(-0.00306078 -0.0137501 0.00420933)
(-0.00300715 -0.014063 0.00376542)
(-0.00311614 -0.0144714 0.00406742)
(-0.00337848 -0.0140737 0.00434616)
(-0.00332519 -0.0138171 0.00405716)
(-0.00312895 -0.0141523 0.00399759)
(-0.00304881 -0.013604 0.0039538)
(-0.00317507 -0.0141863 0.00403874)
(-0.00334633 -0.0141548 0.00399273)
(-0.00331179 -0.0142331 0.00418884)
(-0.00322778 -0.0141626 0.00428269)
(-0.00319857 -0.0138467 0.00395413)
(-0.00315475 -0.0140849 0.00402211)
(-0.00310628 -0.0142644 0.003961)
(-0.00328938 -0.0143367 0.00422557)
(-0.00323838 -0.0138136 0.0040098)
(-0.00338431 -0.0142237 0.00411259)
(-0.0032963 -0.0143656 0.004219)
(-0.00325739 -0.0144422 0.00423241)
(-0.00311326 -0.0141932 0.00412675)
(-0.00325979 -0.0145872 0.00431602)
(-0.00298476 -0.014068 0.00385768)
(-0.0034282 -0.0146992 0.00441724)
(-0.00307224 -0.0144635 0.00400806)
(-0.00308947 -0.0150472 0.00416473)
(-0.00296973 -0.0139157 0.00388287)
(-0.00357588 -0.0145847 0.00389156)
(-0.00340441 -0.014102 0.00380408)
(-0.00323656 -0.0138352 0.00372822)
(-0.00339344 -0.0137298 0.0037347)
(-0.0032212 -0.0138886 0.00377629)
(-0.00308242 -0.0137503 0.00383005)
(-0.00317002 -0.0136137 0.00366325)
(-0.00309219 -0.0138418 0.00379083)
(-0.00293041 -0.0135843 0.00376889)
(-0.00320013 -0.0138181 0.00380899)
(-0.00326996 -0.0139828 0.00371942)
(-0.00302339 -0.0136475 0.00376334)
(-0.00306314 -0.0136959 0.00360441)
(-0.00298612 -0.0135096 0.00370535)
(-0.00290223 -0.013613 0.00365531)
(-0.00308548 -0.0143419 0.00429762)
(-0.00310403 -0.0141013 0.00394863)
(-0.00318936 -0.0149654 0.00447277)
(-0.00296033 -0.0140812 0.00384915)
(-0.00309889 -0.0138191 0.00419974)
(-0.00303047 -0.0149277 0.0042373)
(-0.00277185 -0.0138897 0.00367803)
(-0.00297599 -0.013733 0.00363746)
(-0.0027161 -0.0132086 0.00344192)
(-0.00321773 -0.0131767 0.00391904)
(-0.00294313 -0.0133995 0.00358207)
(-0.00301621 -0.0133243 0.0036151)
(-0.00277853 -0.012641 0.00344191)
(-0.00284015 -0.0132558 0.00344817)
(-0.00268766 -0.0133454 0.00342852)
(-0.00295801 -0.0138739 0.00359756)
(-0.00289623 -0.013361 0.00374061)
(-0.00310243 -0.0141142 0.00401164)
(-0.00311865 -0.0137484 0.00427291)
(-0.00308703 -0.0141545 0.0037299)
(-0.00314924 -0.0144408 0.00400728)
(-0.0030382 -0.0134136 0.00403121)
(-0.0030072 -0.0137425 0.00387957)
(-0.00324354 -0.0138381 0.00399867)
(-0.00304952 -0.0140698 0.00391539)
(-0.00302128 -0.0139798 0.00435484)
(-0.00328179 -0.0138965 0.00373771)
(-0.00305918 -0.0135649 0.00366943)
(-0.00314157 -0.0135632 0.00354018)
(-0.00303961 -0.0133906 0.00350505)
(-0.00309773 -0.0143297 0.00424115)
(-0.00303955 -0.0139857 0.00373742)
(-0.00306253 -0.0132988 0.00355714)
(-0.00304751 -0.0137771 0.00374701)
(-0.00300313 -0.0138576 0.00355057)
(-0.00305315 -0.0132603 0.00346627)
(-0.00279639 -0.0131868 0.00335473)
(-0.00303023 -0.0135357 0.00371281)
(-0.00297293 -0.0140767 0.0039076)
(-0.00289231 -0.0138549 0.00372494)
(-0.00304542 -0.0138667 0.00399035)
(-0.00312798 -0.0140698 0.00421388)
(-0.00314557 -0.0139726 0.0039468)
(-0.00320206 -0.0145601 0.00455541)
(-0.00313469 -0.0133553 0.00388377)
(-0.00321984 -0.0141573 0.00423477)
(-0.00326432 -0.0138102 0.00397655)
(-0.00313107 -0.0146689 0.00397337)
(-0.00306865 -0.0134491 0.00341387)
(-0.00299768 -0.0139501 0.00389018)
(-0.00306773 -0.0136303 0.00377628)
(-0.00278222 -0.0135245 0.00377711)
(-0.00324313 -0.0135613 0.00346647)
(-0.00289455 -0.0136399 0.00372799)
(-0.00313764 -0.0138626 0.00369122)
(-0.00274137 -0.0126859 0.00385395)
(-0.00303208 -0.0130924 0.00351278)
(-0.00310666 -0.0138896 0.00389478)
(-0.00266532 -0.0130057 0.00407757)
(-0.00332819 -0.0139071 0.00414146)
(-0.00312261 -0.0142075 0.00409733)
(-0.00297408 -0.0136813 0.00422287)
(-0.00332425 -0.0148061 0.00477545)
(-0.00316861 -0.0141213 0.00416514)
(-0.00323721 -0.01402 0.00413368)
(-0.0030501 -0.0133461 0.00383038)
(-0.00306031 -0.0140323 0.00424526)
(-0.00311005 -0.0138566 0.00427375)
(-0.00315852 -0.0138523 0.00373867)
(-0.00303017 -0.0136202 0.00409249)
(-0.00311228 -0.01425 0.00404258)
(-0.00300485 -0.0142131 0.00407896)
(-0.00316395 -0.0145582 0.00420001)
(-0.00324993 -0.0136564 0.00408209)
(-0.00330105 -0.0143149 0.00432155)
(-0.0031731 -0.0145889 0.0040129)
(-0.00325988 -0.0145541 0.00413225)
(-0.00336304 -0.0144485 0.0044465)
(-0.00312355 -0.0146187 0.00402561)
(-0.00312576 -0.0143036 0.00384197)
(-0.00314776 -0.0144729 0.00405657)
(-0.00311714 -0.0137145 0.00401204)
(-0.00293874 -0.0138575 0.00370803)
(-0.00351424 -0.0141289 0.00391)
(-0.00351111 -0.0142038 0.00413307)
(-0.00303577 -0.0139795 0.00378852)
(-0.00346355 -0.0137566 0.00384361)
(-0.00325701 -0.0140617 0.00397529)
(-0.00337456 -0.0136951 0.00382689)
(-0.00340821 -0.0140235 0.00383235)
(-0.00338645 -0.0141315 0.00398433)
(-0.00320985 -0.0136073 0.00373027)
(-0.00325479 -0.0140394 0.00408601)
(-0.00325855 -0.0138921 0.00395011)
(-0.00309872 -0.0144162 0.00398477)
(-0.00317911 -0.0143424 0.00385195)
(-0.00336736 -0.0143242 0.00408404)
(-0.00340118 -0.0149406 0.00429041)
(-0.00315685 -0.0139283 0.00381841)
(-0.00326727 -0.0143714 0.00402663)
(-0.00337165 -0.0147485 0.00419682)
(-0.00333761 -0.0147715 0.00409837)
(-0.00325642 -0.014327 0.00394594)
(-0.0033567 -0.0141335 0.00386831)
(-0.00311917 -0.014265 0.00413578)
(-0.00321369 -0.0149565 0.00458083)
(-0.00291018 -0.0134408 0.00387533)
(-0.0032103 -0.0140131 0.00415487)
(-0.00319558 -0.0144511 0.00403421)
(-0.00302943 -0.0137927 0.00403079)
(-0.00297331 -0.0146008 0.00418807)
(-0.00284394 -0.0134953 0.0038139)
(-0.00308298 -0.0143841 0.0041131)
(-0.00320771 -0.0136856 0.00416184)
(-0.00347709 -0.0145151 0.00434588)
(-0.00301047 -0.0135279 0.0039971)
(-0.00339937 -0.0147689 0.0044204)
(-0.00360666 -0.0145152 0.00413905)
(-0.00333899 -0.014596 0.00414789)
(-0.00326666 -0.0145933 0.00411734)
(-0.00338492 -0.0139492 0.00395458)
(-0.00326641 -0.0142724 0.00409554)
(-0.00312743 -0.0147034 0.00429481)
(-0.00347969 -0.0140727 0.00427114)
(-0.0031715 -0.0140589 0.00394773)
(-0.00325085 -0.0143546 0.00394025)
(-0.00380495 -0.0145785 0.0042327)
(-0.00310536 -0.0141453 0.00393764)
(-0.00326393 -0.0137104 0.00387589)
(-0.0030788 -0.0146432 0.00406067)
(-0.00306301 -0.0144458 0.00400745)
(-0.00307666 -0.0134682 0.00364739)
(-0.00285171 -0.013638 0.00364062)
(-0.00348605 -0.014126 0.00399248)
(-0.00299617 -0.0145625 0.00393035)
(-0.00330551 -0.0147889 0.00410587)
(-0.00339459 -0.014311 0.00385922)
(-0.00333264 -0.0146286 0.00427334)
(-0.00319622 -0.0143638 0.00412059)
(-0.00326576 -0.0145781 0.00408604)
(-0.00324561 -0.0140336 0.004236)
(-0.00308807 -0.0141871 0.00425841)
(-0.00358993 -0.0147128 0.00392002)
(-0.00368569 -0.0148832 0.00404249)
(-0.0035277 -0.0151647 0.00412872)
(-0.00344138 -0.0150313 0.00412772)
(-0.00320682 -0.0146158 0.00394826)
(-0.00323596 -0.0146321 0.00418381)
(-0.00337456 -0.0145139 0.00397713)
(-0.00348969 -0.014939 0.00409085)
(-0.00363398 -0.0144925 0.00387101)
(-0.00338687 -0.0148973 0.00396372)
(-0.00331668 -0.0147976 0.00391752)
(-0.00329402 -0.0147167 0.0040004)
(-0.00327438 -0.0146846 0.00391185)
(-0.00343194 -0.0151914 0.00416596)
(-0.00323813 -0.0149968 0.0040854)
(-0.00317818 -0.0146156 0.00399697)
(-0.00312398 -0.0151593 0.00425584)
(-0.0032339 -0.0151035 0.004064)
(-0.00334054 -0.0152494 0.00424647)
(-0.00350149 -0.0152483 0.00410878)
(-0.00325612 -0.0146784 0.00399145)
(-0.00339533 -0.0146692 0.0039633)
(-0.0030993 -0.0147162 0.00415436)
(-0.00304885 -0.0145959 0.00428924)
(-0.00289196 -0.013864 0.0041681)
(-0.0032299 -0.0148329 0.00409432)
(-0.00307657 -0.0143141 0.00411952)
(-0.0033079 -0.0145617 0.0038706)
(-0.00339441 -0.0150772 0.00442983)
(-0.0030756 -0.0142825 0.00396411)
(-0.00320103 -0.014423 0.0041071)
(-0.00309233 -0.0143627 0.00401699)
(-0.00301623 -0.0142774 0.00407527)
(-0.00305017 -0.0143926 0.00406637)
(-0.00307624 -0.014495 0.0042415)
(-0.00323946 -0.0149642 0.00438639)
(-0.00305076 -0.0145119 0.00446313)
(-0.00295931 -0.0141612 0.00416304)
(-0.0033497 -0.0147113 0.00396761)
(-0.00335916 -0.0150524 0.00418074)
(-0.00348699 -0.0151991 0.00413107)
(-0.00309619 -0.0140603 0.00416946)
(-0.00348597 -0.0150212 0.00431829)
(-0.00336196 -0.015144 0.00430092)
(-0.00338234 -0.0143649 0.00415319)
(-0.0029541 -0.0141644 0.00385892)
(-0.00297998 -0.013571 0.00374796)
(-0.00344466 -0.0146831 0.00402188)
(-0.00322951 -0.0138299 0.0040411)
(-0.00316486 -0.0136828 0.00396741)
(-0.00334987 -0.0147533 0.00369509)
(-0.00338824 -0.0145696 0.0038989)
(-0.00301059 -0.0136736 0.00430345)
(-0.00314783 -0.0145326 0.00394791)
(-0.0034656 -0.0152046 0.00420514)
(-0.00309972 -0.0138425 0.00381462)
(-0.00326237 -0.0144278 0.00400508)
(-0.00298822 -0.0137251 0.00393813)
(-0.00315294 -0.0139788 0.00371768)
(-0.00310056 -0.0141793 0.00386078)
(-0.00295219 -0.0137523 0.00407018)
(-0.00318815 -0.0146706 0.00443716)
(-0.00318478 -0.0144203 0.00424542)
(-0.00338999 -0.0149107 0.00413919)
(-0.00338695 -0.0144118 0.00378386)
(-0.00331664 -0.015079 0.00432493)
(-0.00300404 -0.0143524 0.00416292)
(-0.00327058 -0.0148121 0.00413924)
(-0.00324484 -0.014339 0.00388847)
(-0.00318472 -0.0145909 0.00408522)
(-0.00329201 -0.0146824 0.00408973)
(-0.00337228 -0.0147397 0.00404239)
(-0.00353238 -0.0146681 0.00394304)
(-0.00339176 -0.0150944 0.00427478)
(-0.00346033 -0.0144821 0.00382168)
(-0.00333563 -0.0142468 0.00392067)
(-0.00345613 -0.0148821 0.00401139)
(-0.0035684 -0.0152801 0.00414869)
(-0.00346418 -0.0148905 0.003967)
(-0.00338831 -0.015081 0.00412775)
(-0.00331979 -0.014605 0.00392557)
(-0.00327984 -0.0145891 0.00396554)
(-0.0033662 -0.0145592 0.00399987)
(-0.00336847 -0.0147061 0.00383985)
(-0.00322949 -0.014682 0.00396779)
(-0.00321358 -0.0145605 0.0039012)
(-0.0034431 -0.0151416 0.0041272)
(-0.00289043 -0.0140221 0.00399409)
(-0.00295197 -0.0138634 0.00389644)
(-0.00291635 -0.0138058 0.00387235)
(-0.00284153 -0.0135488 0.00376823)
(-0.00296924 -0.0135114 0.00363265)
(-0.00302262 -0.014029 0.00390225)
(-0.00292481 -0.0136884 0.00393279)
(-0.0029521 -0.0139242 0.00378979)
(-0.00281725 -0.0137407 0.00375946)
(-0.00299847 -0.0138381 0.00423272)
(-0.00314332 -0.0140021 0.00378091)
(-0.00303575 -0.0138515 0.00379262)
(-0.00296583 -0.013606 0.00387744)
(-0.00294385 -0.013586 0.00388693)
(-0.00284583 -0.0135858 0.00394638)
(-0.00300694 -0.0138601 0.00387362)
(-0.00295301 -0.0138756 0.00380887)
(-0.00305308 -0.0140145 0.00380797)
(-0.00291724 -0.0136061 0.00405081)
(-0.00308184 -0.0139091 0.00394538)
(-0.00307753 -0.0143007 0.00411062)
(-0.00288389 -0.0134695 0.00378266)
(-0.00297819 -0.0135615 0.00374341)
(-0.00314048 -0.0138155 0.00374828)
(-0.00302295 -0.0139272 0.00397178)
(-0.00282274 -0.0135491 0.00403268)
(-0.00301355 -0.0133615 0.00373956)
(-0.00289276 -0.0134568 0.00407662)
(-0.00322456 -0.0137328 0.00397493)
(-0.0033188 -0.0146501 0.00421032)
(-0.00329755 -0.0150172 0.00422653)
(-0.00313982 -0.0140662 0.004034)
(-0.00336298 -0.0140948 0.00415055)
(-0.0032604 -0.0137431 0.00412093)
(-0.00316154 -0.0135261 0.0039044)
(-0.00329327 -0.0137581 0.00393033)
(-0.00333704 -0.0138331 0.00403942)
(-0.00341367 -0.0148863 0.00451003)
(-0.00334064 -0.0141328 0.00415739)
(-0.00288291 -0.0141908 0.00356075)
(-0.00305975 -0.013372 0.00400674)
(-0.00312787 -0.0140867 0.00416155)
(-0.00340868 -0.0144587 0.00431365)
(-0.00307523 -0.0140021 0.00396877)
(-0.00343334 -0.0142335 0.00417943)
(-0.00334475 -0.0146178 0.00419529)
(-0.00340443 -0.0145772 0.00423602)
(-0.00352157 -0.0151331 0.00441182)
(-0.00368962 -0.0144247 0.00452016)
(-0.00350227 -0.0143047 0.00430919)
(-0.00324565 -0.0133231 0.00387688)
(-0.00343472 -0.0138758 0.00404939)
(-0.00318269 -0.0136618 0.00397307)
(-0.00329194 -0.0136175 0.00403173)
(-0.00346029 -0.0136465 0.00401742)
(-0.00321717 -0.0142116 0.00405363)
(-0.00293105 -0.0135754 0.00377529)
(-0.00323462 -0.0134241 0.0037035)
(-0.00315766 -0.0138319 0.00381576)
(-0.00325584 -0.0132414 0.00377647)
(-0.00330739 -0.0139866 0.00412012)
(-0.00365651 -0.0149785 0.00440641)
(-0.00324683 -0.0147567 0.00407718)
(-0.00361263 -0.0144759 0.00461129)
(-0.00343465 -0.0143232 0.00463427)
(-0.00351722 -0.0147629 0.00436125)
(-0.00335891 -0.0139002 0.00426785)
(-0.00329719 -0.0139751 0.00414138)
(-0.00342248 -0.0145892 0.00423044)
(-0.00321669 -0.0141901 0.00394392)
(-0.00344427 -0.0135985 0.00396414)
(-0.0037332 -0.0147441 0.00425285)
(-0.00314919 -0.0136611 0.00374667)
(-0.00320537 -0.0134537 0.00373633)
(-0.00313828 -0.0132277 0.0037462)
(-0.00317117 -0.01409 0.00384527)
(-0.00312223 -0.0136815 0.00362787)
(-0.00320815 -0.0136517 0.00375452)
(-0.00303795 -0.0138849 0.00389397)
(-0.00297342 -0.0138331 0.00372873)
(-0.00332491 -0.0132213 0.00366325)
(-0.00341716 -0.0138365 0.0038278)
(-0.00326397 -0.0138038 0.00367577)
(-0.0031526 -0.0135099 0.00373423)
(-0.00335845 -0.0136884 0.00391141)
(-0.00353652 -0.0133512 0.00370157)
(-0.0032597 -0.013515 0.00367669)
(-0.00349059 -0.0144081 0.00423425)
(-0.00328906 -0.0136716 0.00386844)
(-0.0029585 -0.0136108 0.00389776)
(-0.00333506 -0.0137687 0.00383427)
(-0.00348748 -0.013172 0.00372089)
(-0.00297782 -0.0139749 0.00403079)
(-0.00288978 -0.0137162 0.00418658)
(-0.00297823 -0.0137633 0.00402602)
(-0.00286212 -0.0139141 0.00427917)
(-0.00285261 -0.0137383 0.00411216)
(-0.00281143 -0.0132869 0.00394901)
(-0.00288347 -0.0137299 0.00403035)
(-0.00295797 -0.013729 0.00390993)
(-0.00292117 -0.0135437 0.0037465)
(-0.00282742 -0.0133715 0.00378526)
(-0.00310422 -0.0139266 0.00371091)
(-0.00317741 -0.0136951 0.00363777)
(-0.00297603 -0.013622 0.0037512)
(-0.00297348 -0.013405 0.00372175)
(-0.00305604 -0.0133934 0.00364143)
(-0.00328931 -0.0134169 0.00360151)
(-0.00305619 -0.0131845 0.0035049)
(-0.00310022 -0.0136571 0.00366374)
(-0.00290919 -0.0137945 0.00384323)
(-0.00296235 -0.0135535 0.00376672)
(-0.00296911 -0.0132901 0.00369233)
(-0.00309671 -0.0134699 0.00378814)
(-0.00341457 -0.0139236 0.00386757)
(-0.00297914 -0.0137926 0.00396651)
(-0.00295171 -0.0134759 0.00399174)
(-0.00298897 -0.0134075 0.00376237)
(-0.00297494 -0.0135584 0.00371818)
(-0.00287198 -0.0135652 0.00379904)
(-0.00297171 -0.0134338 0.00368206)
(-0.00297617 -0.0136294 0.00373415)
(-0.00308762 -0.0134815 0.00363002)
(-0.00288227 -0.0142008 0.00395907)
(-0.00314462 -0.0134569 0.00362782)
(-0.0030894 -0.0136062 0.00361372)
(-0.00313238 -0.0137412 0.00371394)
(-0.00317506 -0.0138083 0.00376247)
(-0.00314208 -0.0132064 0.00377382)
(-0.00308165 -0.0131209 0.00361178)
(-0.00311557 -0.0137967 0.00381778)
(-0.0029478 -0.0137499 0.00375459)
(-0.00323356 -0.0137983 0.00381269)
(-0.00327697 -0.0135481 0.00370671)
(-0.00305946 -0.0136053 0.00374746)
(-0.00301796 -0.0136172 0.003749)
(-0.00299272 -0.0137657 0.00384599)
(-0.00299713 -0.0133581 0.00364643)
(-0.00318049 -0.0136289 0.00377832)
(-0.00303477 -0.0135218 0.00372008)
(-0.00294527 -0.014041 0.00387521)
(-0.00344974 -0.0151333 0.00396911)
(-0.0034541 -0.0152234 0.00428595)
(-0.00333958 -0.0149185 0.00428784)
(-0.00323515 -0.014942 0.00425211)
(-0.00298758 -0.0136341 0.00402874)
(-0.00301821 -0.0143625 0.00432773)
(-0.00317312 -0.0145854 0.00409865)
(-0.00328202 -0.0148062 0.00412535)
(-0.00313527 -0.0143122 0.00438543)
(-0.00296713 -0.0133676 0.00390759)
(-0.00336234 -0.0138629 0.00418466)
(-0.00354611 -0.0145785 0.00427593)
(-0.0035375 -0.0142255 0.00429498)
(-0.00339868 -0.014052 0.00405219)
(-0.00347437 -0.014056 0.00425779)
(-0.00307626 -0.0136977 0.00384147)
(-0.00342968 -0.0140166 0.0041982)
(-0.00333929 -0.014855 0.00417985)
(-0.00330852 -0.0143355 0.00417155)
(-0.00319031 -0.0142416 0.00420978)
(-0.00334519 -0.0142687 0.00426998)
(-0.00329986 -0.0139215 0.0040288)
(-0.00352162 -0.0150005 0.00459621)
(-0.00366599 -0.0150094 0.00403849)
(-0.00329312 -0.0143947 0.00393693)
(-0.00316783 -0.0146887 0.00396861)
(-0.00352358 -0.014892 0.0039046)
(-0.00338564 -0.0147029 0.00384481)
(-0.00314492 -0.0146412 0.00410594)
(-0.00341692 -0.0148822 0.0040123)
(-0.00362466 -0.0150392 0.00383782)
(-0.00324641 -0.0147288 0.00395909)
(-0.00327294 -0.014637 0.00385955)
(-0.00355166 -0.0152621 0.0042006)
(-0.00343796 -0.0147347 0.0040317)
(-0.003518 -0.0147806 0.00386756)
(-0.00336004 -0.0145996 0.00380418)
(-0.00326928 -0.0147595 0.00428766)
(-0.0034909 -0.0151539 0.00417243)
(-0.00351637 -0.0152988 0.00415251)
(-0.00351889 -0.015343 0.00415318)
(-0.00335826 -0.0150706 0.00390767)
(-0.00324471 -0.0150143 0.00408866)
(-0.00296696 -0.0140699 0.00397999)
(-0.00310521 -0.0145924 0.00443226)
(-0.00294116 -0.0133818 0.0039522)
(-0.00317953 -0.0145292 0.00449212)
(-0.00298024 -0.0141822 0.0045304)
(-0.00327535 -0.0149973 0.00445672)
(-0.00310876 -0.0139235 0.00410072)
(-0.00332807 -0.0142754 0.00474004)
(-0.00295913 -0.0137976 0.00389738)
(-0.00333426 -0.0149574 0.00447114)
(-0.00309545 -0.0139185 0.00388014)
(-0.00300798 -0.0137109 0.00378502)
(-0.00324184 -0.0136574 0.00379413)
(-0.00329562 -0.0139843 0.00394279)
(-0.00301304 -0.0134363 0.00365468)
(-0.00297493 -0.0136311 0.00372567)
(-0.00316917 -0.0136159 0.00372484)
(-0.00325649 -0.0137896 0.00374566)
(-0.00352581 -0.0134354 0.00408243)
(-0.00335899 -0.0139747 0.00401437)
(-0.00331177 -0.0136924 0.00405699)
(-0.00322318 -0.0140123 0.00398753)
(-0.00329798 -0.0143038 0.00390047)
(-0.0031981 -0.0140493 0.0040061)
(-0.00329836 -0.0138837 0.00394403)
(-0.00338575 -0.015468 0.00432311)
(-0.00355801 -0.0148998 0.00477951)
(-0.00313874 -0.0136884 0.00384395)
(-0.00313912 -0.0139601 0.00385555)
(-0.00333052 -0.0138905 0.00395987)
(-0.00286336 -0.013713 0.00375308)
(-0.00331421 -0.0137034 0.00369087)
(-0.00304329 -0.0131506 0.00361114)
(-0.00309093 -0.0133018 0.00371746)
(-0.00326973 -0.013515 0.00368852)
(-0.00318323 -0.0135335 0.00371184)
(-0.00301469 -0.0134388 0.00364796)
(-0.00315596 -0.0135273 0.00370682)
(-0.00334885 -0.0135904 0.00377583)
(-0.00340969 -0.013877 0.00375764)
(-0.00305666 -0.0129335 0.0035931)
(-0.00297207 -0.0137523 0.00434597)
(-0.00310327 -0.0150552 0.00411442)
(-0.00317248 -0.0144966 0.00433657)
(-0.00305609 -0.0142607 0.00407117)
(-0.00312654 -0.0146135 0.00426692)
(-0.00287662 -0.0139192 0.00406152)
(-0.00310596 -0.0144619 0.0043293)
(-0.0031454 -0.0145805 0.00417569)
(-0.00303059 -0.0142853 0.00415484)
(-0.00321428 -0.0147973 0.00402574)
(-0.00326086 -0.01511 0.00416759)
(-0.00325371 -0.0146943 0.00389941)
(-0.00317784 -0.014701 0.00398644)
(-0.00347426 -0.0145162 0.00395227)
(-0.00309604 -0.0147194 0.00408342)
(-0.00325026 -0.0149741 0.00415989)
(-0.00325168 -0.0147218 0.00398303)
(-0.00333754 -0.0148402 0.00402282)
(-0.00330849 -0.0144539 0.00384297)
(-0.00334075 -0.0147148 0.00399089)
(-0.00330445 -0.0145706 0.00395283)
(-0.00298584 -0.0133784 0.00382864)
(-0.00303286 -0.0136515 0.00387551)
(-0.00345933 -0.0138931 0.00415252)
(-0.00324722 -0.0131488 0.00369626)
(-0.00304028 -0.0135542 0.00379108)
(-0.00341611 -0.0133323 0.00374264)
(-0.00308448 -0.0135264 0.00390902)
(-0.00338687 -0.0138342 0.00386609)
(-0.00352764 -0.0141412 0.00380619)
(-0.00320051 -0.0132079 0.00380889)
(-0.00298163 -0.0135214 0.00377393)
(-0.00325366 -0.0138726 0.00380978)
(-0.00319011 -0.0134424 0.00376845)
(-0.00306366 -0.0129161 0.00371906)
(-0.00306424 -0.0142045 0.00390352)
(-0.00314086 -0.0135907 0.00368135)
(-0.00295043 -0.0136748 0.0037962)
(-0.00336941 -0.0139187 0.00409023)
(-0.00310667 -0.0141228 0.00379957)
(-0.0030725 -0.0137405 0.00395128)
(-0.00298641 -0.0136361 0.00381959)
(-0.00298637 -0.0136411 0.00430087)
(-0.00299274 -0.0135975 0.0039376)
(-0.00290433 -0.0135837 0.00389437)
(-0.00293449 -0.0136477 0.00406175)
(-0.00344838 -0.0148963 0.0040424)
(-0.00317354 -0.0145122 0.00396027)
(-0.0035262 -0.0148057 0.00393889)
(-0.00332743 -0.014464 0.00395517)
(-0.00319917 -0.0148744 0.00416616)
(-0.00317314 -0.0143824 0.00391141)
(-0.00347689 -0.0146779 0.0039981)
(-0.00331558 -0.0144665 0.00397001)
(-0.00370731 -0.0146869 0.00417458)
(-0.00345637 -0.0137589 0.00385071)
(-0.00331114 -0.0144144 0.00398598)
(-0.00337595 -0.0148934 0.00413115)
(-0.0032324 -0.0143358 0.00396762)
(-0.00347862 -0.0146406 0.00418154)
(-0.00304481 -0.0138973 0.00386245)
(-0.0034224 -0.0143755 0.00396586)
(-0.00372235 -0.0140049 0.00403863)
(-0.00328311 -0.0141335 0.00390088)
(-0.00339074 -0.014529 0.00406917)
(-0.00347105 -0.0147559 0.00437273)
(-0.00316667 -0.0149563 0.0041787)
(-0.00363391 -0.0147161 0.00427158)
(-0.00317367 -0.0145415 0.00385832)
(-0.00314768 -0.0143459 0.00395882)
(-0.00359018 -0.015 0.00442872)
(-0.00340681 -0.0148422 0.00404267)
(-0.00332976 -0.0146883 0.00397496)
(-0.00340045 -0.0147401 0.00394143)
(-0.00330816 -0.0145449 0.00391246)
(-0.0033398 -0.0137089 0.00404702)
(-0.00275951 -0.0145398 0.00358775)
(-0.0030866 -0.0129505 0.00381377)
(-0.00341269 -0.0135076 0.00375673)
(-0.00327584 -0.0140868 0.00391813)
(-0.00331003 -0.0145583 0.00416253)
(-0.00319253 -0.013727 0.0038571)
(-0.0034159 -0.0140386 0.00378899)
(-0.00344462 -0.0140261 0.00374073)
(-0.00341728 -0.0137266 0.00374381)
(-0.00374187 -0.0143435 0.00425196)
(-0.00342422 -0.0146864 0.00414792)
(-0.00310109 -0.0137961 0.00386261)
(-0.00354424 -0.0140525 0.0039537)
(-0.00316467 -0.0137271 0.0038049)
(-0.003391 -0.0140968 0.00380649)
(-0.00313014 -0.0131052 0.00367498)
(-0.00333007 -0.0133676 0.00380837)
(-0.0033091 -0.0141197 0.00390182)
(-0.00327141 -0.0139317 0.00384854)
(-0.00302691 -0.0140507 0.00379343)
(-0.0031404 -0.0135936 0.00370296)
(-0.00334138 -0.0129401 0.00402888)
(-0.00323898 -0.0134196 0.00392247)
(-0.00337487 -0.0135252 0.00420205)
(-0.00334906 -0.0139044 0.00403477)
(-0.0032686 -0.0137299 0.00393054)
(-0.00344815 -0.0146126 0.00407577)
(-0.00314994 -0.0141715 0.00435573)
(-0.00315442 -0.0146278 0.00395152)
(-0.00314226 -0.0141242 0.00420689)
(-0.00326346 -0.0144739 0.00457097)
(-0.0031047 -0.0139454 0.00375303)
(-0.00302184 -0.0129779 0.00405292)
(-0.00308811 -0.0134782 0.00378042)
(-0.00301282 -0.0144893 0.00384142)
(-0.00307665 -0.0140209 0.00415059)
(-0.00309939 -0.0143276 0.00414057)
(-0.00319207 -0.0139297 0.0039753)
(-0.00317032 -0.0138462 0.00439812)
(-0.00318223 -0.0152335 0.00447238)
(-0.00312932 -0.0143224 0.00409334)
(-0.00316705 -0.0140635 0.00427321)
(-0.00293124 -0.0138559 0.00374808)
(-0.002963 -0.0137116 0.00377907)
(-0.00304426 -0.0138144 0.00398067)
(-0.00304182 -0.013968 0.00359142)
(-0.00306 -0.0141076 0.00444078)
(-0.00308075 -0.0141603 0.00393563)
(-0.00300156 -0.0135586 0.0038288)
(-0.00306781 -0.0144545 0.00383805)
(-0.00299394 -0.0141781 0.00421783)
(-0.00321362 -0.0140241 0.00419935)
(-0.00307717 -0.0138021 0.00408886)
(-0.00304352 -0.0139934 0.00425427)
(-0.00296178 -0.0136894 0.00389843)
(-0.00291815 -0.0135569 0.00400422)
(-0.00296982 -0.0140586 0.00404589)
(-0.00310194 -0.0144282 0.00438046)
(-0.00317099 -0.0137793 0.00347262)
(-0.0030975 -0.0137489 0.00376575)
(-0.00315139 -0.0142764 0.00384667)
(-0.00300562 -0.0136672 0.00372691)
(-0.00299976 -0.0138251 0.00387093)
(-0.00299717 -0.0133918 0.0037493)
(-0.00304808 -0.0135395 0.00381202)
(-0.00298735 -0.0133352 0.00374676)
(-0.00301388 -0.0139062 0.00371969)
(-0.0029739 -0.0134478 0.00354466)
(-0.00301807 -0.013659 0.00418059)
(-0.00310093 -0.0141204 0.00374238)
(-0.00285003 -0.0134017 0.00395325)
(-0.00295989 -0.0136528 0.00391053)
(-0.00299266 -0.0141401 0.0038992)
(-0.00282904 -0.0135782 0.00341731)
(-0.0028837 -0.0133287 0.00362626)
(-0.00318272 -0.0142945 0.004242)
(-0.00304888 -0.0133961 0.0041084)
(-0.00324885 -0.0139238 0.00391358)
(-0.00304784 -0.013841 0.00391905)
(-0.00292139 -0.013509 0.00348686)
(-0.00291061 -0.0139255 0.00391231)
(-0.00295985 -0.0138952 0.00369412)
(-0.00306068 -0.0137446 0.00351174)
(-0.00312511 -0.0139744 0.00389345)
(-0.00271732 -0.0134588 0.00401628)
(-0.00281376 -0.0133436 0.00394873)
(-0.00299273 -0.0136552 0.00359624)
(-0.00292585 -0.0142974 0.00430003)
(-0.00297446 -0.0139512 0.00398555)
(-0.00281699 -0.0129249 0.00360042)
(-0.00316046 -0.014002 0.00391016)
(-0.00302587 -0.0138419 0.00394083)
(-0.00291526 -0.0137053 0.00394448)
(-0.00294861 -0.0137844 0.00388445)
(-0.00306162 -0.0136102 0.00367545)
(-0.00297568 -0.0135817 0.00370103)
(-0.00320273 -0.0140529 0.00379191)
(-0.00330812 -0.0140364 0.00374053)
(-0.00300882 -0.0136467 0.00382591)
(-0.0029836 -0.0138676 0.00384063)
(-0.00322891 -0.0140873 0.00369872)
(-0.00317266 -0.0139023 0.00357185)
(-0.00305131 -0.0134103 0.00359576)
(-0.00304048 -0.013553 0.00373581)
(-0.00296657 -0.0137385 0.00369794)
(-0.00331652 -0.0138318 0.00396948)
(-0.00325081 -0.0137002 0.0037919)
(-0.00335071 -0.0135742 0.00382448)
(-0.0034381 -0.014057 0.00407822)
(-0.00320712 -0.013887 0.00379756)
(-0.00298277 -0.0148213 0.00403331)
(-0.00333314 -0.0148241 0.00403595)
(-0.00387425 -0.0152534 0.00423876)
(-0.00347476 -0.0145738 0.00400294)
(-0.00366212 -0.0145768 0.00400094)
(-0.00344251 -0.0143917 0.00396706)
(-0.00336282 -0.0139991 0.00393668)
(-0.00361334 -0.0145712 0.00397706)
(-0.003303 -0.0143403 0.00385397)
(-0.00345285 -0.0145334 0.00400294)
(-0.00335995 -0.0150325 0.00414511)
(-0.00330499 -0.0144422 0.00387985)
(-0.00348268 -0.0147517 0.00404677)
(-0.00329538 -0.0144878 0.00396995)
(-0.00337694 -0.0139147 0.00395975)
(-0.00317118 -0.0139284 0.00375999)
(-0.00281559 -0.0133664 0.00365076)
(-0.00310882 -0.0131952 0.00357247)
(-0.00289536 -0.0142043 0.00374507)
(-0.00311307 -0.0140053 0.00394)
(-0.003319 -0.0138525 0.00395581)
(-0.00301559 -0.014197 0.00385981)
(-0.00344483 -0.0137795 0.00389018)
(-0.00319149 -0.0136502 0.0038133)
(-0.00316439 -0.0149876 0.00433515)
(-0.00361992 -0.0152168 0.003961)
(-0.0032401 -0.0138766 0.00377867)
(-0.00312976 -0.0134527 0.00373584)
(-0.00295872 -0.0137087 0.00378162)
(-0.00320005 -0.0134571 0.00385497)
(-0.00318757 -0.0138542 0.00380679)
(-0.00332179 -0.0137613 0.00374596)
(-0.00319693 -0.0137884 0.00425902)
(-0.00369246 -0.0143357 0.00444679)
(-0.00319291 -0.0136086 0.0039485)
(-0.00354129 -0.0152099 0.00420937)
(-0.00342281 -0.0144723 0.00439546)
(-0.00310867 -0.014553 0.00444989)
(-0.00362802 -0.0152268 0.00444066)
(-0.00325523 -0.0141605 0.00413294)
(-0.00335038 -0.0145748 0.00402028)
(-0.00355087 -0.014141 0.00421833)
(-0.00343322 -0.0144516 0.00402353)
(-0.00286779 -0.0136233 0.00368337)
(-0.0033698 -0.013869 0.00424637)
(-0.00299137 -0.0141398 0.00405896)
(-0.0032648 -0.0145036 0.00422565)
(-0.00328961 -0.0150334 0.00412823)
(-0.00313703 -0.0142393 0.0039201)
(-0.00298802 -0.0142462 0.00393633)
(-0.00300012 -0.0140723 0.00392042)
(-0.00312853 -0.0141849 0.00406356)
(-0.00297281 -0.0143502 0.00446232)
(-0.003166 -0.0147413 0.0043459)
(-0.00311046 -0.0145718 0.00424293)
(-0.00324758 -0.0149246 0.00448227)
(-0.0030101 -0.0144925 0.00436594)
(-0.00301828 -0.0142961 0.00397516)
(-0.00306435 -0.0149666 0.00451303)
(-0.00327899 -0.0149982 0.00452175)
(-0.00297402 -0.0144257 0.00421335)
(-0.00296784 -0.0137242 0.00410941)
(-0.00313056 -0.0136175 0.004212)
(-0.00343788 -0.0148458 0.00459576)
(-0.00361266 -0.0151496 0.00478313)
(-0.00343755 -0.0148927 0.00430146)
(-0.00306535 -0.0137324 0.00383339)
(-0.00297544 -0.0143971 0.00388924)
(-0.00327711 -0.0134481 0.00361435)
(-0.00327154 -0.0136718 0.00362578)
(-0.00307009 -0.0137643 0.00371168)
(-0.00316292 -0.0139101 0.00383229)
(-0.00322744 -0.0138913 0.00381546)
(-0.00325451 -0.013796 0.00370194)
(-0.00318681 -0.0136794 0.00369686)
(-0.00288212 -0.0136437 0.00389492)
(-0.00283557 -0.013761 0.00385065)
(-0.00310131 -0.0139807 0.00381588)
(-0.00312345 -0.0137039 0.0037314)
(-0.00315102 -0.0136171 0.00351126)
(-0.00296144 -0.0133449 0.00374689)
(-0.0030512 -0.0137879 0.00358511)
(-0.00300461 -0.0138715 0.00374359)
(-0.00296352 -0.013336 0.00370087)
(-0.00291828 -0.0136033 0.00372442)
(-0.00319661 -0.0139823 0.0037766)
(-0.00286713 -0.0134967 0.00396142)
(-0.0028124 -0.0137235 0.00399406)
(-0.00304794 -0.01372 0.0037251)
(-0.00305684 -0.0134965 0.00366849)
(-0.00311613 -0.0136059 0.00370964)
(-0.00307662 -0.0137472 0.00369816)
(-0.00300905 -0.013571 0.00362416)
(-0.00308126 -0.0134724 0.00370992)
(-0.00297471 -0.0136181 0.00375325)
(-0.00328383 -0.0135794 0.0036903)
(-0.00322179 -0.013699 0.00375118)
(-0.00330502 -0.0134794 0.00379624)
(-0.00306557 -0.0136586 0.00372993)
(-0.00314475 -0.0135346 0.0037067)
(-0.00280431 -0.0133544 0.00402134)
(-0.00290108 -0.013168 0.0036)
(-0.00277296 -0.013804 0.0040236)
(-0.00301529 -0.0132563 0.00368892)
(-0.00286773 -0.0138485 0.00406232)
(-0.00289499 -0.0138674 0.00406062)
(-0.00278059 -0.0131364 0.00378367)
(-0.00302645 -0.0141395 0.0038401)
(-0.00299374 -0.0137499 0.0037051)
(-0.00300081 -0.0140863 0.00375401)
(-0.00336389 -0.0134412 0.00393253)
(-0.00325408 -0.013972 0.00388635)
(-0.00331774 -0.0139598 0.00386642)
(-0.0031005 -0.0134522 0.00384869)
(-0.00306889 -0.0132924 0.00373332)
(-0.00320522 -0.0132571 0.00369041)
(-0.00316299 -0.0132389 0.00380465)
(-0.0031617 -0.0132934 0.00362817)
(-0.00332532 -0.013275 0.00359993)
(-0.00331814 -0.0134902 0.00366993)
(-0.00287363 -0.0136855 0.00381171)
(-0.00358277 -0.0143578 0.00429698)
(-0.0032755 -0.0137673 0.00398666)
(-0.00340349 -0.014142 0.00428684)
(-0.00325616 -0.0139037 0.00395742)
(-0.00323827 -0.0134239 0.00389726)
(-0.00334905 -0.0140338 0.00406134)
(-0.00328639 -0.0135495 0.00399244)
(-0.00289414 -0.0135347 0.00371363)
(-0.00343237 -0.0143605 0.00397708)
(-0.00343226 -0.0138924 0.00399594)
(-0.00325802 -0.0139701 0.00388587)
(-0.00310961 -0.013712 0.00386508)
(-0.00318953 -0.0136521 0.00388399)
(-0.00329997 -0.0138263 0.00404894)
(-0.00323344 -0.0138872 0.00393516)
(-0.00304836 -0.0137467 0.00380025)
(-0.00313131 -0.0136705 0.00395005)
(-0.00325475 -0.0141474 0.00396128)
(-0.00329411 -0.0138914 0.00395174)
(-0.00369368 -0.0141114 0.00402515)
(-0.00335963 -0.0137317 0.00408333)
(-0.00349011 -0.0138046 0.00397379)
(-0.00329018 -0.014114 0.00401072)
(-0.00342855 -0.0136307 0.00389753)
(-0.00334359 -0.01428 0.00399323)
(-0.00320368 -0.0139591 0.00393846)
(-0.00308488 -0.0138915 0.00382949)
(-0.00341923 -0.0152069 0.00389176)
(-0.0028731 -0.0144453 0.00357908)
(-0.00312082 -0.0139482 0.00367453)
(-0.00317389 -0.0146708 0.00386802)
(-0.00336688 -0.0146759 0.00400734)
(-0.00315347 -0.0140183 0.00386374)
(-0.00327591 -0.0145125 0.00414081)
(-0.0030732 -0.0140964 0.00394447)
(-0.00316425 -0.014075 0.00398984)
(-0.00319979 -0.0141952 0.00385619)
(-0.00367015 -0.01508 0.0042418)
(-0.00353908 -0.0143449 0.00423877)
(-0.00330383 -0.0140553 0.00401412)
(-0.00355473 -0.0139858 0.00409801)
(-0.00326268 -0.0145908 0.00394718)
(-0.00285909 -0.0136693 0.00384491)
(-0.00293878 -0.0132714 0.0036515)
(-0.00302735 -0.0137169 0.0036549)
(-0.00299529 -0.0139357 0.00403828)
(-0.00301128 -0.0139301 0.00383897)
(-0.00308312 -0.013927 0.00375187)
(-0.00327315 -0.0138626 0.00370754)
(-0.00302193 -0.0134947 0.00357619)
(-0.00285154 -0.013677 0.00381678)
(-0.00283481 -0.0135646 0.00383279)
(-0.00308135 -0.0134604 0.00362796)
(-0.00300052 -0.0136706 0.00363883)
(-0.0032662 -0.0148441 0.00400301)
(-0.00318511 -0.0145301 0.00399939)
(-0.00347507 -0.0152878 0.0042167)
(-0.00307884 -0.0147076 0.00408437)
(-0.00330451 -0.0144952 0.0038885)
(-0.00328088 -0.0146281 0.00380837)
(-0.00333235 -0.0148958 0.00452426)
(-0.00324534 -0.0143928 0.00408995)
(-0.00299381 -0.0143679 0.0042226)
(-0.00318141 -0.0146576 0.00416972)
(-0.00293755 -0.0143112 0.00435467)
(-0.00309425 -0.0143198 0.00395157)
(-0.0031061 -0.0144712 0.00419155)
(-0.00328383 -0.0150106 0.00413509)
(-0.00337113 -0.0152801 0.00425942)
(-0.00364885 -0.0149989 0.00408527)
(-0.00350013 -0.01469 0.00426572)
(-0.00342584 -0.0145763 0.0044232)
(-0.00325651 -0.014219 0.00416395)
(-0.00337073 -0.0154662 0.00423214)
(-0.00356785 -0.0147254 0.00428647)
(-0.00313494 -0.0135045 0.00399792)
(-0.00338647 -0.0142671 0.00423302)
(-0.00317215 -0.0139153 0.00393934)
(-0.00348153 -0.0147912 0.00409604)
(-0.00317783 -0.0147347 0.00406458)
(-0.00324783 -0.0147849 0.00405083)
(-0.00323635 -0.0146954 0.00421392)
(-0.00343556 -0.0148422 0.00411035)
(-0.0033965 -0.0147813 0.00398065)
(-0.00362245 -0.01523 0.00403545)
(-0.00326095 -0.0148139 0.00399139)
(-0.00336967 -0.0146496 0.00392338)
(-0.00325844 -0.0151174 0.00411514)
(-0.00313697 -0.0136399 0.00431091)
(-0.00290653 -0.0137858 0.00401211)
(-0.00305559 -0.0137893 0.00412986)
(-0.00311089 -0.0140092 0.00410979)
(-0.0029719 -0.0137664 0.00409796)
(-0.00287118 -0.0133213 0.00412353)
(-0.00297727 -0.0138313 0.00400576)
(-0.0036318 -0.0151163 0.00450651)
(-0.00309406 -0.0142607 0.00419462)
(-0.00307639 -0.0145671 0.00407125)
(-0.00356678 -0.0146427 0.00428233)
(-0.00343081 -0.0140079 0.00405401)
(-0.00343715 -0.014184 0.00405368)
(-0.003305 -0.0139472 0.00411382)
(-0.0034836 -0.0142098 0.00411457)
(-0.00353645 -0.0142581 0.00406052)
(-0.0031615 -0.0139884 0.00402608)
(-0.0033992 -0.014446 0.00418091)
(-0.00327398 -0.0142723 0.00378144)
(-0.00315722 -0.0143874 0.00397441)
(-0.00320872 -0.0144702 0.00406566)
(-0.00345383 -0.0148052 0.00391215)
(-0.00327393 -0.0144935 0.00388845)
(-0.00325435 -0.0145805 0.00394774)
(-0.00343375 -0.0151973 0.00399648)
(-0.00323108 -0.0150808 0.00412015)
(-0.00306648 -0.0146083 0.00400056)
(-0.00346762 -0.0143553 0.00376536)
(-0.00340188 -0.0139856 0.0036921)
(-0.00344376 -0.0140699 0.00380728)
(-0.00331081 -0.0140549 0.0038557)
(-0.00345058 -0.0146607 0.00416461)
(-0.00324468 -0.0142681 0.00391923)
(-0.00311826 -0.0144696 0.00389415)
(-0.0033542 -0.0138767 0.00418449)
(-0.00329183 -0.0143088 0.00410553)
(-0.00324462 -0.0138496 0.00376424)
(-0.00318221 -0.0139107 0.00419014)
(-0.00357506 -0.0142162 0.00407764)
(-0.00336309 -0.0138307 0.00388569)
(-0.00360948 -0.0140911 0.00382359)
(-0.00365672 -0.0146816 0.00403496)
(-0.00321421 -0.0145632 0.00400185)
(-0.00326089 -0.0141057 0.00396002)
(-0.00334316 -0.014518 0.00417877)
(-0.00366569 -0.0146519 0.00427453)
(-0.00348913 -0.0141022 0.00392729)
(-0.00354614 -0.0145231 0.00388157)
(-0.00360402 -0.0145597 0.00396526)
(-0.00314989 -0.0136059 0.00364092)
(-0.00323442 -0.0141289 0.0037201)
(-0.00302189 -0.0133387 0.00365044)
(-0.00318661 -0.0141914 0.00391009)
(-0.00317305 -0.0139487 0.0037619)
(-0.00304943 -0.0136264 0.00373017)
(-0.00319776 -0.0140206 0.00375462)
(-0.00287732 -0.0135034 0.00383757)
(-0.00343562 -0.0140378 0.00376894)
(-0.00338189 -0.0135981 0.00357524)
(-0.00302497 -0.0137722 0.0037073)
(-0.00312116 -0.013546 0.00375592)
(-0.00293812 -0.0133439 0.00373562)
(-0.00296961 -0.0133307 0.00369462)
(-0.00302539 -0.0134712 0.00369934)
(-0.00282833 -0.0135566 0.00370331)
)
;
    }
    INLET
    {
        type            calculated;
        value           nonuniform 0();
    }
    OUTLET
    {
        type            calculated;
        value           nonuniform 0();
    }
    procBoundary13to14
    {
        type            processor;
        value           uniform (0 0 0);
    }
    procBoundary13to15
    {
        type            processor;
        value           uniform (0 0 0);
    }
}


// ************************************************************************* //
