/*--------------------------------*- C++ -*----------------------------------*\
| =========                 |                                                 |
| \\      /  F ield         | OpenFOAM: The Open Source CFD Toolbox           |
|  \\    /   O peration     | Version:  v1612+                                |
|   \\  /    A nd           | Web:      www.OpenFOAM.com                      |
|    \\/     M anipulation  |                                                 |
\*---------------------------------------------------------------------------*/
FoamFile
{
    version     2.0;
    format      ascii;
    class       labelList;
    location    "constant/polyMesh";
    object      pointProcAddressing;
}
// * * * * * * * * * * * * * * * * * * * * * * * * * * * * * * * * * * * * * //


7374
(
103
122
157
158
159
160
161
162
163
305
306
307
308
309
310
311
312
512
513
514
515
516
590
591
592
593
594
596
597
598
599
600
601
602
603
604
2144
2146
2147
2149
2150
2151
2152
2153
2154
2155
2156
2157
2158
2159
2160
2161
2162
2163
2164
2165
2166
2167
2168
2169
2170
2171
2172
2173
2174
2175
2176
2177
2178
2179
2180
2181
2182
2183
2197
2202
2203
2204
2205
2206
2211
2233
3267
3268
3269
3270
3271
3272
3273
3274
3275
3276
3277
3278
3279
3280
3281
3282
3283
3284
3285
3286
3287
3288
3289
3405
3406
3407
3408
3409
3410
3411
3412
3413
3414
3415
3416
3417
3622
3623
3624
3625
3626
3627
3628
3629
3630
3631
3632
3633
3634
3635
3636
3637
3638
3639
3640
3641
3642
3643
3644
3645
3646
3647
3648
3649
3650
3651
3652
3653
3654
3655
3656
3657
3658
3659
3660
3661
3662
3663
3664
3665
3666
3667
3668
3669
3670
3671
3672
3673
3674
3675
3676
3677
3678
3679
3680
3681
3682
3683
4433
4434
4435
4436
4437
4438
4439
4440
4441
4442
4443
4444
4445
4446
4447
4448
4449
4450
4451
4452
4453
4454
4455
4456
4457
4458
4459
4460
4461
4462
4463
4464
4465
4466
4467
4468
4469
4470
4471
4472
4473
4474
4475
4476
4477
4478
4479
4480
4481
4482
4483
4484
4485
4486
4487
4488
4489
4490
4491
4492
4493
4494
4495
4496
4497
4498
4499
4500
4501
4502
4503
4504
4505
4506
4507
4508
4509
4510
4511
4512
4513
4514
4515
4516
4517
4518
4519
4520
4521
4522
4523
4524
4525
4526
4527
4528
4529
4530
4531
4532
4533
4534
4535
4536
4537
4540
4544
4547
4548
4549
4550
4551
4552
4553
4554
4555
4556
4557
4558
4559
4560
4561
4562
4563
4564
4567
4568
4569
4570
4571
4572
4573
4574
4575
4576
4577
4579
4580
4589
4590
4594
4595
4596
4597
4598
4599
4600
4601
4602
4603
12048
12231
12232
12251
12252
12285
12286
12287
12288
12289
12303
12305
12306
12307
12308
12309
12310
12311
12312
12313
12317
12318
12319
12320
12321
12322
12323
12324
12325
12326
12327
12328
12329
12330
12383
12423
12424
12425
12426
12427
12428
12430
12431
12432
12433
12434
12435
12440
12450
12451
12452
12458
12459
12460
12461
12462
12463
12464
12465
12466
12467
12468
12469
12470
12471
12472
12473
12474
12475
12476
12477
12478
12479
12480
12481
12482
12483
12484
12485
12486
12487
12488
12489
12490
12491
12492
12493
12494
12495
12496
12497
12498
12499
12500
12501
12502
12503
12504
12505
12506
12507
12508
12509
12510
12511
12512
12513
12514
12515
12516
12517
12518
12519
12520
12521
12522
12523
12524
12525
12526
12527
12528
12531
12533
12534
12535
12536
12537
12538
12539
12540
12541
12542
12543
12544
12546
12547
12548
12549
12550
12551
12552
12553
12554
12555
12556
12557
12558
12559
12560
12561
12562
12563
12564
12566
12567
12568
12569
12570
12571
12572
12576
12578
12579
12580
12584
12585
12586
12587
12591
12592
12593
12594
12595
12596
12597
12598
12599
12600
12601
12602
12603
12604
12605
12606
12607
12608
12609
12610
12611
12612
12613
12614
12615
12616
12617
12618
12619
12620
12621
12622
12623
12624
12625
12626
12627
12628
12629
12630
12631
12632
12633
12634
12635
12636
12638
12639
22583
22584
22585
22586
22587
22588
22589
22590
22591
22592
22593
22594
22595
22596
22597
22598
22599
22600
22601
22602
22603
22604
22605
22606
22607
22608
22609
22610
22611
22612
22613
22614
22615
22616
22617
22618
22619
22620
22621
22622
22623
22624
22625
22626
22627
22628
22629
22631
22632
22633
22634
22635
22636
22637
22638
22639
22640
22641
22642
22643
22644
22645
22646
22647
22648
22649
22650
22651
22652
22653
22654
22655
22656
22657
22658
22659
22660
22661
22662
22663
22664
22665
22666
22667
22668
22669
22670
22671
22672
22673
22674
22675
22676
22677
22678
22679
22680
22681
22682
22683
22684
22685
22686
22699
22700
22701
22702
22703
22704
22705
22706
22707
22708
22709
22710
22711
22712
22713
22714
22719
23201
23202
23205
23211
23217
23218
23226
23227
23228
23229
23230
23231
23232
23233
23234
23235
23236
23237
23238
23239
23240
23241
23242
23243
23244
23245
23246
23247
23248
23249
23250
23251
23252
23253
23254
23255
23256
23257
23258
23259
23260
23261
23262
23263
23264
23265
23266
23267
23268
23269
23270
23271
23272
23273
23274
23275
23276
23277
23278
23279
23280
23281
23282
23283
23284
23285
23286
23287
23288
23289
23290
23291
23292
24634
24635
24636
24637
24638
24639
24640
24641
24643
24644
24645
24646
24647
24648
24649
24650
24651
24652
24653
24654
24655
24656
24657
25764
25939
25940
25941
25942
25943
25944
26144
26145
26146
26147
26148
26222
26223
26224
26226
26227
26228
26229
26230
26231
26232
26233
26234
26235
26236
26237
26238
27718
27719
27720
27721
27722
27723
27724
27725
27727
27728
27729
27730
27731
27732
27733
27734
27735
27736
27737
27738
27739
27740
27741
27742
27743
27744
27745
27747
27752
27754
27769
27770
28891
28892
28895
28896
28898
28899
28901
28902
28903
28904
28905
28906
28907
28908
28909
28910
28911
28912
28913
28914
28915
28916
29009
29010
29011
29012
29013
29014
29015
29016
29017
29018
29019
29057
29214
29218
29219
29220
29426
29427
29428
29429
29430
29432
29433
29443
29553
29606
29646
29677
29678
29679
29897
29898
29899
30178
30179
30180
30181
30182
30196
30198
30199
30308
30397
30399
30424
30888
30929
30940
30955
30973
30978
30981
31017
31028
31042
31062
31106
31109
31130
31153
31161
31183
31186
31212
31241
31251
31273
31276
31287
31310
31315
31333
31411
31413
31428
31447
31512
31515
31537
31551
31559
31569
31570
31573
31605
31619
31633
31635
31641
31711
31740
31743
31752
31798
31842
31893
31896
31897
31943
31949
31955
31968
32013
32033
32044
32058
32070
32076
32097
32115
32137
32205
32324
32354
32358
32363
32386
32405
32546
32650
32662
32673
32675
32679
32694
32780
32788
32799
32823
32944
32961
32975
32995
33005
33031
33057
33062
33082
33086
33101
33121
33145
33180
33181
33203
33278
33288
33301
33318
33331
33371
33374
33379
33403
33418
33455
33521
33527
33540
33556
33566
33655
33685
33705
33706
33716
33757
33762
33764
33771
33787
33801
33843
33898
33904
33928
33933
33949
34009
34024
34038
34044
34095
34125
34128
34163
34176
34193
34271
34279
34330
34336
34365
34382
34387
34416
34448
34452
34473
34502
34530
34548
34571
34639
34640
34809
34853
34880
34882
34895
34899
34912
34917
34945
34960
34975
35013
35033
35058
35106
35109
35120
35135
35164
35185
35242
35248
35256
35262
35286
35298
35322
35337
35345
35390
35434
35450
35486
35488
35536
35547
35548
35596
35600
35620
35635
35656
35662
35670
35689
35692
35720
35734
35735
35737
35801
35832
35933
36014
36020
36021
36028
36041
36044
36077
36099
36121
36139
36145
36148
36151
36174
36184
36225
36238
36277
36333
36335
36358
36439
36451
36466
36469
36514
36518
36560
36574
36594
36596
36601
36631
36677
36714
36724
36754
36762
36765
36772
36782
36804
36808
36809
36842
36865
36878
36901
36902
36936
36962
36989
37048
37057
37066
37109
37158
37204
37209
37211
37230
37232
37264
37283
37284
37312
37333
37345
37350
37357
37429
37430
37479
37498
37526
37533
37541
37544
37556
37580
37606
37641
37681
37754
37780
37785
37822
37853
37940
37956
37998
38015
38087
38090
38126
38132
38145
38173
38214
38238
38241
38257
38299
38311
38316
38319
38416
38425
38432
38443
38447
38535
38540
38547
38549
38580
38614
38670
38672
38703
38707
38712
38715
38749
38775
38788
38805
38822
38825
38845
38848
38911
38983
39015
39018
39021
39058
39076
39183
39194
39220
39229
39232
39248
39269
39310
39334
39338
39378
39390
39401
39444
39448
39480
39498
39504
39514
39559
39560
39584
39588
39606
39688
39736
39741
39871
39891
39904
39943
39948
39951
39986
39996
40036
40039
40058
40064
40073
40098
40139
40189
40224
40274
40284
40286
40305
40306
40317
40329
40347
40354
40362
40384
40424
40466
40489
40513
40537
40544
40569
40593
40608
40664
40708
40723
40730
40737
40841
40868
40894
40943
40948
40949
40958
40982
41005
41024
41098
41103
41162
41204
41215
41221
41340
41370
41374
41401
41414
41438
41471
41481
41482
41504
41510
41527
41596
41685
41697
41700
41716
41730
41766
41811
41935
41957
41973
42007
42029
42030
42037
42039
42043
42074
42092
42162
42243
42299
42305
42317
42324
42329
42371
42383
42396
42414
42420
42496
42499
42501
42518
42544
42600
42601
42614
42618
42650
42673
42691
42699
42728
42778
42793
42808
42849
42850
42851
42899
42926
42933
42945
43072
43099
43132
43134
43141
43156
43166
43214
43235
43239
43264
43278
43281
43283
43304
43341
43354
43374
43430
43441
43454
43467
43473
43486
43541
43581
43652
43679
43693
43741
43775
43782
43792
43812
43813
43875
43883
43905
43922
43927
43965
44023
44040
44053
44066
44077
44103
44115
44154
44164
44203
44212
44249
44256
44283
44303
44327
44345
44366
44410
44416
44439
44444
44453
44468
44559
44604
44610
44614
44626
44643
44652
44756
44769
44793
44804
44868
44873
44907
44910
44922
44929
44942
45060
45099
45119
45141
45159
45180
45202
45203
45219
45312
45313
45397
45402
45415
45463
45471
45476
45480
45484
45555
45567
45576
45625
45655
45665
45672
45694
45743
45755
45777
45785
45812
45818
45845
45856
45913
45960
45988
46012
46073
46160
46213
46288
46299
46389
46394
46406
46431
46486
46493
46498
46507
46534
46561
46592
46615
46672
46729
46766
46788
46816
46822
46851
46855
46872
46883
46887
46931
46934
46978
46993
47104
47186
47237
47253
47262
47274
47331
47340
47355
47389
47413
47458
47460
47464
47467
47489
47525
47535
47546
47551
47578
47601
47614
47697
47714
47738
47788
47820
47875
47885
47887
47902
47903
47946
47954
47968
47988
48013
48041
48057
48093
48131
48136
48227
48251
48292
48317
48350
48352
48377
48404
48407
48415
48423
48477
48563
48678
48690
48703
48712
48722
48742
48758
48810
48866
48875
48901
48950
48970
48973
49006
49021
49045
49081
49115
49116
49157
49162
49172
49174
49176
49198
49219
49245
49250
49261
49294
49338
49346
49353
49371
49374
49404
49442
49468
49537
49551
49555
49593
49669
49689
49733
49836
49859
49896
49909
50001
50037
50041
50058
50097
50120
50128
50130
50139
50194
50276
50297
50311
50343
50369
50394
50396
50409
50413
50425
50469
50583
50593
50695
50700
50718
50773
50849
50898
50919
50933
50976
51010
51053
51057
51110
51114
51140
51303
51352
51405
51406
51423
51469
51475
51496
51528
51608
51611
51625
51649
51672
51724
51725
51822
51876
51897
51989
52031
52032
52043
52090
52105
52107
52111
52186
52188
52190
52207
52214
52230
52244
52272
52296
52306
52310
52315
52351
52453
52503
52508
52540
52542
52553
52573
52582
52619
52640
52674
52678
52689
52702
52716
52746
52824
52838
52848
52885
52905
52968
53005
53106
53119
53151
53183
53194
53195
53304
53310
53317
53366
53396
53432
53481
53491
53495
53529
53607
53647
53713
53803
53824
53876
53893
53943
54041
54053
54060
54087
54091
54096
54106
54198
54213
54245
54268
54276
54341
54355
54378
54383
54465
54485
54491
54518
54559
54593
54597
54600
54674
54708
54774
54824
54937
54948
54978
55004
55011
55029
55054
55058
55076
55191
55220
55222
55230
55243
55306
55332
55406
55413
55441
55459
55461
55468
55497
55524
55535
55555
55584
55617
55620
55672
55694
55699
55775
55827
55836
55845
55863
55874
55898
55965
56002
56008
56009
56017
56037
56076
56125
56132
56155
56207
56208
56216
56260
56263
56281
56290
56301
56310
56326
56332
56336
56354
56374
56385
56474
56565
56604
56620
56663
56665
56669
56674
56729
56735
56811
56826
56868
56900
56962
56995
57036
57073
57099
57139
57164
57172
57314
57326
57339
57346
57376
57404
57408
57461
57474
57531
57545
57584
57625
57635
57662
57700
57701
57702
57803
57804
57805
57806
57807
58256
58257
58258
58259
58260
58261
58262
58263
58264
58265
58266
58267
58268
58280
58620
58621
58622
58623
58624
58625
58626
58627
58628
58629
58630
58674
58675
58676
58677
58678
58679
58767
58768
58769
58770
58771
58772
58773
58774
58775
58776
58777
58778
58779
58780
59044
59045
59046
59047
59048
59049
59050
59051
59052
59053
59054
59055
59056
59057
59058
59059
59060
59061
59062
59063
59064
59065
59066
59067
59068
59069
59070
59071
59072
59073
59074
59075
59076
59077
59078
59079
59080
59084
59085
59086
59087
59088
59089
59090
59092
59097
59098
59101
59102
59103
59104
59105
61665
61666
61667
61668
61673
61675
61685
61686
61689
61691
61692
61693
61694
61695
61700
61701
61702
61703
61704
61705
61727
61728
61729
61734
61735
61736
61737
61738
61739
61740
61741
61742
61743
61744
61745
61746
61747
61748
61749
61750
61751
61752
61753
61754
61755
61756
61758
61759
61760
61761
61762
61763
61764
61765
61766
61767
61768
61769
61773
61774
61775
61776
61777
61778
61779
61780
61781
61782
61783
61784
65052
65053
65054
65055
65056
65057
65058
65059
65060
65061
65062
65063
65064
65065
65066
65067
65068
65069
65070
65071
65072
65073
65074
65075
65076
65077
65078
65079
65080
65081
65082
65083
65084
65085
65086
65087
65088
65089
65090
65091
65092
65099
65100
65101
65102
65259
65260
65261
65262
65263
65264
65265
65266
65267
65268
65269
65270
65271
65272
65273
65274
65275
65276
65277
65278
65279
65280
65281
65574
65575
65576
65577
65578
65579
65580
66423
66424
66425
66426
66427
66428
66429
66430
66431
66432
66433
66434
66435
66436
66437
66440
66441
66442
66443
66444
66445
66446
66447
66448
66449
67208
67209
67210
67211
67212
67213
67214
67215
67216
67217
67218
67219
67220
67221
67547
67548
67549
67550
67551
67552
67553
67554
67555
67556
67558
67561
67562
67563
67564
67565
67566
67567
67568
67569
67570
67571
67572
67573
67574
67575
67576
67577
67578
67579
67580
67581
67582
67584
67585
67586
67587
67588
67589
67590
67591
67592
67593
67594
67595
67596
67597
67598
67599
67600
67601
67602
67603
67604
67605
67606
67607
67608
67609
67610
67611
67612
67613
67614
67615
67616
67617
67618
67619
67620
67621
67622
74471
74472
74473
74474
74475
74476
74477
74478
74479
74480
74481
74482
74483
74484
74485
74486
74487
74488
74489
74490
74491
74492
74493
74494
74495
74496
74497
74498
74499
74500
74501
74502
74503
74506
74507
74508
74509
74510
74511
74512
74514
74516
74517
74518
74519
74520
74521
74522
74523
74524
74525
74526
74527
74528
74529
74530
74531
74532
74533
74534
74535
74536
74537
74538
74539
74540
74541
74542
74543
74544
74545
74546
74547
74548
74549
74550
74551
74552
74553
74554
74555
74556
74557
74558
74559
74560
74561
74562
74563
74564
74565
74566
74567
74568
74569
74570
74571
74572
74573
74574
74575
74576
74577
74578
74579
74580
74581
74582
74583
74584
74585
74586
74587
74588
74589
74590
74591
74592
74593
74594
74595
74596
74597
74598
74599
74600
74607
74608
74609
74610
74611
74612
74613
74640
74641
74642
74643
74646
74650
74651
74652
74653
74654
74656
74659
74715
74716
74717
74718
74719
74720
74721
74722
74723
74724
74725
74726
74727
74737
74739
74740
74773
74789
74903
79972
79973
79974
79975
79976
79977
79978
79990
79991
79992
79993
79994
79995
79996
79997
80000
80001
80002
80003
80004
80005
80006
80007
80008
80009
80010
80013
80016
80017
80018
80019
80020
80021
80022
80023
80024
80025
80026
80027
80028
80029
80030
80031
80032
80033
80034
80035
80036
80037
80038
80039
80040
80041
80042
80043
80044
80045
80046
80047
80048
80049
80050
80051
80052
80053
80054
80055
80056
80057
80058
80059
80060
80061
80062
80063
80064
80065
80066
80067
80068
80069
80070
80071
80072
80073
80074
80075
80076
80077
80078
80079
80080
80081
80082
80083
80084
80085
80086
80087
80088
80089
80090
80091
80092
80093
80094
80095
80096
80097
80098
80099
80100
80101
80102
80103
80563
80564
80565
80566
80567
80568
80569
80570
80571
80572
80573
80574
80575
80576
80577
80578
80579
80580
80581
80582
80583
80584
80585
80586
80587
80588
80589
80590
80591
80592
80593
80594
80595
80596
80597
80598
80599
80600
80601
80602
80603
80604
80605
80606
80607
80608
80609
80610
80611
80612
80613
80614
80615
80616
80617
80618
80770
80808
80809
80810
80911
80912
80913
80914
80915
81364
81365
81366
81367
81368
81369
81370
81371
81372
81373
81374
81375
81376
81388
81728
81729
81730
81731
81732
81733
81734
81735
81736
81737
81738
81782
81783
81784
81785
81786
81787
81875
81876
81877
81878
81879
81880
81881
81882
81883
81884
81885
81886
81887
81888
82152
82153
82154
82155
82156
82157
82158
82159
82160
82161
82162
82163
82164
82165
82166
82167
82168
82169
82170
82171
82172
82173
82174
82175
82176
82177
82178
82179
82180
82181
82182
82183
82184
82185
82186
82187
82188
82192
82193
82194
82195
82196
82197
82198
82200
82205
82206
82209
82210
82211
82212
82213
84773
84774
84775
84776
84781
84783
84793
84794
84797
84799
84800
84801
84802
84803
84808
84809
84810
84811
84812
84813
84835
84836
84837
84842
84843
84844
84845
84846
84847
84848
84849
84850
84851
84852
84853
84854
84855
84856
84857
84858
84859
84860
84861
84862
84863
84864
84866
84867
84868
84869
84870
84871
84872
84873
84874
84875
84876
84877
84881
84882
84883
84884
84885
84886
84887
84888
84889
84890
84891
84892
88160
88161
88162
88163
88164
88165
88166
88167
88168
88169
88170
88171
88172
88173
88174
88175
88176
88177
88178
88179
88180
88181
88182
88183
88184
88185
88186
88187
88188
88189
88190
88191
88192
88193
88194
88195
88196
88197
88198
88199
88200
88207
88208
88209
88210
88367
88368
88369
88370
88371
88372
88373
88374
88375
88376
88377
88378
88379
88380
88381
88382
88383
88384
88385
88386
88387
88388
88389
88682
88683
88684
88685
88686
88687
88688
89531
89532
89533
89534
89535
89536
89537
89538
89539
89540
89541
89542
89543
89544
89545
89548
89549
89550
89551
89552
89553
89554
89555
89556
89557
90316
90317
90318
90319
90320
90321
90322
90323
90324
90325
90326
90327
90328
90329
90655
90656
90657
90658
90659
90660
90661
90662
90663
90664
90666
90669
90670
90671
90672
90673
90674
90675
90676
90677
90678
90679
90680
90681
90682
90683
90684
90685
90686
90687
90688
90689
90690
90692
90693
90694
90695
90696
90697
90698
90699
90700
90701
90702
90703
90704
90705
90706
90707
90708
90709
90710
90711
90712
90713
90714
90715
90716
90717
90718
90719
90720
90721
90722
90723
90724
90725
90726
90727
90728
90729
90730
97579
97580
97581
97582
97583
97584
97585
97586
97587
97588
97589
97590
97591
97592
97593
97594
97595
97596
97597
97598
97599
97600
97601
97602
97603
97604
97605
97606
97607
97608
97609
97610
97611
97614
97615
97616
97617
97618
97619
97620
97622
97624
97625
97626
97627
97628
97629
97630
97631
97632
97633
97634
97635
97636
97637
97638
97639
97640
97641
97642
97643
97644
97645
97646
97647
97648
97649
97650
97651
97652
97653
97654
97655
97656
97657
97658
97659
97660
97661
97662
97663
97664
97665
97666
97667
97668
97669
97670
97671
97672
97673
97674
97675
97676
97677
97678
97679
97680
97681
97682
97683
97684
97685
97686
97687
97688
97689
97690
97691
97692
97693
97694
97695
97696
97697
97698
97699
97700
97701
97702
97703
97704
97705
97706
97707
97708
97715
97716
97717
97718
97719
97720
97721
97748
97749
97750
97751
97754
97758
97759
97760
97761
97762
97764
97767
97823
97824
97825
97826
97827
97828
97829
97830
97831
97832
97833
97834
97835
97845
97847
97848
97881
97897
98011
103078
103116
103117
103118
103219
103220
103221
103222
103223
103672
103673
103674
103675
103676
103677
103678
103679
103680
103681
103682
103683
103684
103696
104036
104037
104038
104039
104040
104041
104042
104043
104044
104045
104046
104090
104091
104092
104093
104094
104095
104183
104184
104185
104186
104187
104188
104189
104190
104191
104192
104193
104194
104195
104196
104460
104461
104462
104463
104464
104465
104466
104467
104468
104469
104470
104471
104472
104473
104474
104475
104476
104477
104478
104479
104480
104481
104482
104483
104484
104485
104486
104487
104488
104489
104490
104491
104492
104493
104494
104495
104496
104500
104501
104502
104503
104504
104505
104506
104508
104513
104514
104517
104518
104519
104520
104521
107081
107082
107083
107084
107089
107091
107101
107102
107105
107107
107108
107109
107110
107111
107116
107117
107118
107119
107120
107121
107143
107144
107145
107150
107151
107152
107153
107154
107155
107156
107157
107158
107159
107160
107161
107162
107163
107164
107165
107166
107167
107168
107169
107170
107171
107172
107174
107175
107176
107177
107178
107179
107180
107181
107182
107183
107184
107185
107189
107190
107191
107192
107193
107194
107195
107196
107197
107198
107199
107200
110468
110469
110470
110471
110472
110473
110474
110475
110476
110477
110478
110479
110480
110481
110482
110483
110484
110485
110486
110487
110488
110489
110490
110491
110492
110493
110494
110495
110496
110497
110498
110499
110500
110501
110502
110503
110504
110505
110506
110507
110508
110515
110516
110517
110518
110675
110676
110677
110678
110679
110680
110681
110682
110683
110684
110685
110686
110687
110688
110689
110690
110691
110692
110693
110694
110695
110696
110697
110990
110991
110992
110993
110994
110995
110996
111839
111840
111841
111842
111843
111844
111845
111846
111847
111848
111849
111850
111851
111852
111853
111856
111857
111858
111859
111860
111861
111862
111863
111864
111865
112624
112625
112626
112627
112628
112629
112630
112631
112632
112633
112634
112635
112636
112637
112963
112964
112965
112966
112967
112968
112969
112970
112971
112972
112974
112977
112978
112979
112980
112981
112982
112983
112984
112985
112986
112987
112988
112989
112990
112991
112992
112993
112994
112995
112996
112997
112998
113000
113001
113002
113003
113004
113005
113006
113007
113008
113009
113010
113011
113012
113013
113014
113015
113016
113017
113018
113019
113020
113021
113022
113023
113024
113025
113026
113027
113028
113029
113030
113031
113032
113033
113034
113035
113036
113037
113038
119887
119888
119889
119890
119891
119892
119893
119894
119895
119896
119897
119898
119899
119900
119901
119902
119903
119904
119905
119906
119907
119908
119909
119910
119911
119912
119913
119914
119915
119916
119917
119918
119919
119922
119923
119924
119925
119926
119927
119928
119930
119932
119933
119934
119935
119936
119937
119938
119939
119940
119941
119942
119943
119944
119945
119946
119947
119948
119949
119950
119951
119952
119953
119954
119955
119956
119957
119958
119959
119960
119961
119962
119963
119964
119965
119966
119967
119968
119969
119970
119971
119972
119973
119974
119975
119976
119977
119978
119979
119980
119981
119982
119983
119984
119985
119986
119987
119988
119989
119990
119991
119992
119993
119994
119995
119996
119997
119998
119999
120000
120001
120002
120003
120004
120005
120006
120007
120008
120009
120010
120011
120012
120013
120014
120015
120016
120023
120024
120025
120026
120027
120028
120029
120056
120057
120058
120059
120062
120066
120067
120068
120069
120070
120072
120075
120131
120132
120133
120134
120135
120136
120137
120138
120139
120140
120141
120142
120143
120153
120155
120156
120189
120205
120319
125032
125070
125071
125072
125173
125174
125175
125176
125177
125626
125627
125628
125629
125630
125631
125632
125633
125634
125635
125636
125637
125638
125650
125990
125991
125992
125993
125994
125995
125996
125997
125998
125999
126000
126044
126045
126046
126047
126048
126049
126137
126138
126139
126140
126141
126142
126143
126144
126145
126146
126147
126148
126149
126150
126414
126415
126416
126417
126418
126419
126420
126421
126422
126423
126424
126425
126426
126427
126428
126429
126430
126431
126432
126433
126434
126435
126436
126437
126438
126439
126440
126441
126442
126443
126444
126445
126446
126447
126448
126449
126450
126454
126455
126456
126457
126458
126459
126460
126462
126467
126468
126471
126472
126473
126474
126475
129035
129036
129037
129038
129043
129045
129055
129056
129059
129061
129062
129063
129064
129065
129070
129071
129072
129073
129074
129075
129097
129098
129099
129104
129105
129106
129107
129108
129109
129110
129111
129112
129113
129114
129115
129116
129117
129118
129119
129120
129121
129122
129123
129124
129125
129126
129128
129129
129130
129131
129132
129133
129134
129135
129136
129137
129138
129139
129143
129144
129145
129146
129147
129148
129149
129150
129151
129152
129153
129154
132422
132423
132424
132425
132426
132427
132428
132429
132430
132431
132432
132433
132434
132435
132436
132437
132438
132439
132440
132441
132442
132443
132444
132445
132446
132447
132448
132449
132450
132451
132452
132453
132454
132455
132456
132457
132458
132459
132460
132461
132462
132469
132470
132471
132472
132629
132630
132631
132632
132633
132634
132635
132636
132637
132638
132639
132640
132641
132642
132643
132644
132645
132646
132647
132648
132649
132650
132651
132944
132945
132946
132947
132948
132949
132950
133793
133794
133795
133796
133797
133798
133799
133800
133801
133802
133803
133804
133805
133806
133807
133810
133811
133812
133813
133814
133815
133816
133817
133818
133819
134578
134579
134580
134581
134582
134583
134584
134585
134586
134587
134588
134589
134590
134591
134917
134918
134919
134920
134921
134922
134923
134924
134925
134926
134928
134931
134932
134933
134934
134935
134936
134937
134938
134939
134940
134941
134942
134943
134944
134945
134946
134947
134948
134949
134950
134951
134952
134954
134955
134956
134957
134958
134959
134960
134961
134962
134963
134964
134965
134966
134967
134968
134969
134970
134971
134972
134973
134974
134975
134976
134977
134978
134979
134980
134981
134982
134983
134984
134985
134986
134987
134988
134989
134990
134991
134992
141841
141842
141843
141844
141845
141846
141847
141848
141849
141850
141851
141852
141853
141854
141855
141856
141857
141858
141859
141860
141861
141862
141863
141864
141865
141866
141867
141868
141869
141870
141871
141872
141873
141876
141877
141878
141879
141880
141881
141882
141884
141886
141887
141888
141889
141890
141891
141892
141893
141894
141895
141896
141897
141898
141899
141900
141901
141902
141903
141904
141905
141906
141907
141908
141909
141910
141911
141912
141913
141914
141915
141916
141917
141918
141919
141920
141921
141922
141923
141924
141925
141926
141927
141928
141929
141930
141931
141932
141933
141934
141935
141936
141937
141938
141939
141940
141941
141942
141943
141944
141945
141946
141947
141948
141949
141950
141951
141952
141953
141954
141955
141956
141957
141958
141959
141960
141961
141962
141963
141964
141965
141966
141967
141968
141969
141970
141977
141978
141979
141980
141981
141982
141983
142010
142011
142012
142013
142016
142020
142021
142022
142023
142024
142026
142029
142085
142086
142087
142088
142089
142090
142091
142092
142093
142094
142095
142096
142097
142107
142109
142110
142143
142159
142273
147342
147343
147344
147345
147346
147347
147348
147360
147361
147362
147363
147364
147365
147366
147367
147370
147371
147372
147373
147374
147375
147376
147377
147378
147379
147380
147383
147386
147387
147388
147389
147390
147391
147392
147393
147394
147395
147396
147397
147398
147399
147400
147401
147402
147403
147404
147405
147406
147407
147408
147409
147410
147411
147412
147413
147414
147415
147416
147417
147418
147419
147420
147421
147422
147423
147424
147425
147426
147427
147428
147429
147430
147431
147432
147433
147434
147435
147436
147437
147438
147439
147440
147441
147442
147443
147444
147445
147446
147447
147448
147449
147450
147451
147452
147453
147454
147455
147456
147457
147458
147459
147460
147461
147462
147463
147464
147465
147466
147467
147468
147469
147470
147471
147472
147473
147933
147934
147935
147936
147937
147938
147939
147940
147941
147942
147943
147944
147945
147946
147947
147948
147949
147950
147951
147952
147953
147954
147955
147956
147957
147958
147959
147960
147961
147962
147963
147964
147965
147966
147967
147968
147969
147970
147971
147972
147973
147974
147975
147976
147977
147978
147979
147980
147981
147982
147983
147984
147985
147986
147987
147988
148188
148189
148190
148191
148192
148193
148194
149126
149127
149150
149151
149152
149153
149154
149155
149156
149178
149179
149180
149181
149182
149183
149184
149185
149186
149187
149188
149189
149190
149191
149192
149193
149194
149195
149197
149198
150427
150428
150429
150430
150431
150432
150433
150434
150435
150436
150437
150438
150439
150440
150441
150442
150443
150444
150445
150446
150447
150448
150449
150450
150451
150452
150453
150454
150455
150456
150457
150458
150459
150464
150468
150469
150471
150472
150473
150474
150475
150476
150477
150478
150479
150524
150527
150529
150530
150531
150532
150533
150978
150979
150980
150981
150982
151216
151217
151218
151219
151220
151399
151400
151401
151402
151403
151512
151550
151551
151552
151653
151654
151655
151656
151657
152106
152107
152108
152109
152110
152111
152112
152113
152114
152115
152116
152117
152118
152130
152470
152471
152472
152473
152474
152475
152476
152477
152478
152479
152480
152524
152525
152526
152527
152528
152529
152617
152618
152619
152620
152621
152622
152623
152624
152625
152626
152627
152628
152629
152630
152894
152895
152896
152897
152898
152899
152900
152901
152902
152903
152904
152905
152906
152907
152908
152909
152910
152911
152912
152913
152914
152915
152916
152917
152918
152919
152920
152921
152922
152923
152924
152925
152926
152927
152928
152929
152930
152934
152935
152936
152937
152938
152939
152940
152942
152947
152948
152951
152952
152953
152954
152955
155515
155516
155517
155518
155523
155525
155535
155536
155539
155541
155542
155543
155544
155545
155550
155551
155552
155553
155554
155555
155577
155578
155579
155584
155585
155586
155587
155588
155589
155590
155591
155592
155593
155594
155595
155596
155597
155598
155599
155600
155601
155602
155603
155604
155605
155606
155608
155609
155610
155611
155612
155613
155614
155615
155616
155617
155618
155619
155623
155624
155625
155626
155627
155628
155629
155630
155631
155632
155633
155634
158902
158903
158904
158905
158906
158907
158908
158909
158910
158911
158912
158913
158914
158915
158916
158917
158918
158919
158920
158921
158922
158923
158924
158925
158926
158927
158928
158929
158930
158931
158932
158933
158934
158935
158936
158937
158938
158939
158940
158941
158942
158949
158950
158951
158952
159109
159110
159111
159112
159113
159114
159115
159116
159117
159118
159119
159120
159121
159122
159123
159124
159125
159126
159127
159128
159129
159130
159131
159424
159425
159426
159427
159428
159429
159430
160273
160274
160275
160276
160277
160278
160279
160280
160281
160282
160283
160284
160285
160286
160287
160290
160291
160292
160293
160294
160295
160296
160297
160298
160299
161058
161059
161060
161061
161062
161063
161064
161065
161066
161067
161068
161069
161070
161071
161397
161398
161399
161400
161401
161402
161403
161404
161405
161406
161408
161411
161412
161413
161414
161415
161416
161417
161418
161419
161420
161421
161422
161423
161424
161425
161426
161427
161428
161429
161430
161431
161432
161434
161435
161436
161437
161438
161439
161440
161441
161442
161443
161444
161445
161446
161447
161448
161449
161450
161451
161452
161453
161454
161455
161456
161457
161458
161459
161460
161461
161462
161463
161464
161465
161466
161467
161468
161469
161470
161471
161472
168321
168322
168323
168324
168325
168326
168327
168328
168329
168330
168331
168332
168333
168334
168335
168336
168337
168338
168339
168340
168341
168342
168343
168344
168345
168346
168347
168348
168349
168350
168351
168352
168353
168356
168357
168358
168359
168360
168361
168362
168364
168366
168367
168368
168369
168370
168371
168372
168373
168374
168375
168376
168377
168378
168379
168380
168381
168382
168383
168384
168385
168386
168387
168388
168389
168390
168391
168392
168393
168394
168395
168396
168397
168398
168399
168400
168401
168402
168403
168404
168405
168406
168407
168408
168409
168410
168411
168412
168413
168414
168415
168416
168417
168418
168419
168420
168421
168422
168423
168424
168425
168426
168427
168428
168429
168430
168431
168432
168433
168434
168435
168436
168437
168438
168439
168440
168441
168442
168443
168444
168445
168446
168447
168448
168449
168450
168457
168458
168459
168460
168461
168462
168463
168490
168491
168492
168493
168496
168500
168501
168502
168503
168504
168506
168509
168565
168566
168567
168568
168569
168570
168571
168572
168573
168574
168575
168576
168577
168587
168589
168590
168623
168639
168753
173822
173823
173824
173825
173826
173827
173828
173840
173841
173842
173843
173844
173845
173846
173847
173850
173851
173852
173853
173854
173855
173856
173857
173858
173859
173860
173863
173866
173867
173868
173869
173870
173871
173872
173873
173874
173875
173876
173877
173878
173879
173880
173881
173882
173883
173884
173885
173886
173887
173888
173889
173890
173891
173892
173893
173894
173895
173896
173897
173898
173899
173900
173901
173902
173903
173904
173905
173906
173907
173908
173909
173910
173911
173912
173913
173914
173915
173916
173917
173918
173919
173920
173921
173922
173923
173924
173925
173926
173927
173928
173929
173930
173931
173932
173933
173934
173935
173936
173937
173938
173939
173940
173941
173942
173943
173944
173945
173946
173947
173948
173949
173950
173951
173952
173953
174413
174414
174415
174416
174417
174418
174419
174420
174421
174422
174423
174424
174425
174426
174427
174428
174429
174430
174431
174432
174433
174434
174435
174436
174437
174438
174439
174440
174441
174442
174443
174444
174445
174446
174447
174448
174449
174450
174451
174452
174453
174454
174455
174456
174457
174458
174459
174460
174461
174462
174463
174464
174465
174466
174467
174468
174668
174669
174670
174671
174672
174673
174674
175606
175607
175630
175631
175632
175633
175634
175635
175636
175658
175659
175660
175661
175662
175663
175664
175665
175666
175667
175668
175669
175670
175671
175672
175673
175674
175675
175677
175678
176907
176908
176909
176910
176911
176912
176913
176914
176915
176916
176917
176918
176919
176920
176921
176922
176923
176924
176925
176926
176927
176928
176929
176930
176931
176932
176933
176934
176935
176936
176937
176938
176939
176944
176948
176949
176951
176952
176953
176954
176955
176956
176957
176958
176959
177004
177007
177009
177010
177011
177012
177013
177458
177459
177460
177461
177462
177696
177697
177698
177699
177700
177879
177880
177881
177882
177883
178021
178022
178023
178024
178025
178026
178027
178028
178029
178030
178031
178032
178033
178034
178035
178036
179081
179082
179083
179084
179085
179086
179087
179088
179089
179090
179091
179092
179093
179094
179095
180411
180412
180413
180414
180415
180416
180419
180421
180422
180423
180424
180425
180426
180427
180428
180429
180430
180431
180432
180433
180434
180435
180502
180503
180504
180505
180506
180512
180513
180514
180515
180516
180517
180518
180519
180520
180521
181053
181054
181055
181056
181057
181323
181324
181500
181501
181502
181503
181504
181510
181511
181512
181513
181514
181645
181683
181684
181685
181786
181787
181788
181789
181790
182239
182240
182241
182242
182243
182244
182245
182246
182247
182248
182249
182250
182251
182263
182603
182604
182605
182606
182607
182608
182609
182610
182611
182612
182613
182657
182658
182659
182660
182661
182662
182750
182751
182752
182753
182754
182755
182756
182757
182758
182759
182760
182761
182762
182763
183027
183028
183029
183030
183031
183032
183033
183034
183035
183036
183037
183038
183039
183040
183041
183042
183043
183044
183045
183046
183047
183048
183049
183050
183051
183052
183053
183054
183055
183056
183057
183058
183059
183060
183061
183062
183063
183067
183068
183069
183070
183071
183072
183073
183075
183080
183081
183084
183085
183086
183087
183088
185648
185649
185650
185651
185656
185658
185668
185669
185672
185674
185675
185676
185677
185678
185683
185684
185685
185686
185687
185688
185710
185711
185712
185717
185718
185719
185720
185721
185722
185723
185724
185725
185726
185727
185728
185729
185730
185731
185732
185733
185734
185735
185736
185737
185738
185739
185741
185742
185743
185744
185745
185746
185747
185748
185749
185750
185751
185752
185756
185757
185758
185759
185760
185761
185762
185763
185764
185765
185766
185767
189035
189036
189037
189038
189039
189040
189041
189042
189043
189044
189045
189046
189047
189048
189049
189050
189051
189052
189053
189054
189055
189056
189057
189058
189059
189060
189061
189062
189063
189064
189065
189066
189067
189068
189069
189070
189071
189072
189073
189074
189075
189082
189083
189084
189085
189242
189243
189244
189245
189246
189247
189248
189249
189250
189251
189252
189253
189254
189255
189256
189257
189258
189259
189260
189261
189262
189263
189264
189557
189558
189559
189560
189561
189562
189563
190406
190407
190408
190409
190410
190411
190412
190413
190414
190415
190416
190417
190418
190419
190420
190423
190424
190425
190426
190427
190428
190429
190430
190431
190432
191191
191192
191193
191194
191195
191196
191197
191198
191199
191200
191201
191202
191203
191204
191530
191531
191532
191533
191534
191535
191536
191537
191538
191539
191541
191544
191545
191546
191547
191548
191549
191550
191551
191552
191553
191554
191555
191556
191557
191558
191559
191560
191561
191562
191563
191564
191565
191567
191568
191569
191570
191571
191572
191573
191574
191575
191576
191577
191578
191579
191580
191581
191582
191583
191584
191585
191586
191587
191588
191589
191590
191591
191592
191593
191594
191595
191596
191597
191598
191599
191600
191601
191602
191603
191604
191605
198454
198455
198456
198457
198458
198459
198460
198461
198462
198463
198464
198465
198466
198467
198468
198469
198470
198471
198472
198473
198474
198475
198476
198477
198478
198479
198480
198481
198482
198483
198484
198485
198486
198489
198490
198491
198492
198493
198494
198495
198497
198499
198500
198501
198502
198503
198504
198505
198506
198507
198508
198509
198510
198511
198512
198513
198514
198515
198516
198517
198518
198519
198520
198521
198522
198523
198524
198525
198526
198527
198528
198529
198530
198531
198532
198533
198534
198535
198536
198537
198538
198539
198540
198541
198542
198543
198544
198545
198546
198547
198548
198549
198550
198551
198552
198553
198554
198555
198556
198557
198558
198559
198560
198561
198562
198563
198564
198565
198566
198567
198568
198569
198570
198571
198572
198573
198574
198575
198576
198577
198578
198579
198580
198581
198582
198583
198590
198591
198592
198593
198594
198595
198596
198623
198624
198625
198626
198629
198633
198634
198635
198636
198637
198639
198642
198698
198699
198700
198701
198702
198703
198704
198705
198706
198707
198708
198709
198710
198720
198722
198723
198756
198772
198886
203955
203956
203957
203958
203959
203960
203961
203973
203974
203975
203976
203977
203978
203979
203980
203983
203984
203985
203986
203987
203988
203989
203990
203991
203992
203993
203996
203999
204000
204001
204002
204003
204004
204005
204006
204007
204008
204009
204010
204011
204012
204013
204014
204015
204016
204017
204018
204019
204020
204021
204022
204023
204024
204025
204026
204027
204028
204029
204030
204031
204032
204033
204034
204035
204036
204037
204038
204039
204040
204041
204042
204043
204044
204045
204046
204047
204048
204049
204050
204051
204052
204053
204054
204055
204056
204057
204058
204059
204060
204061
204062
204063
204064
204065
204066
204067
204068
204069
204070
204071
204072
204073
204074
204075
204076
204077
204078
204079
204080
204081
204082
204083
204084
204085
204086
204546
204547
204548
204549
204550
204551
204552
204553
204554
204555
204556
204557
204558
204559
204560
204561
204562
204563
204564
204565
204566
204567
204568
204569
204570
204571
204572
204573
204574
204575
204576
204577
204578
204579
204580
204581
204582
204583
204584
204585
204586
204587
204588
204589
204590
204591
204592
204593
204594
204595
204596
204597
204598
204599
204600
204601
204801
204802
204803
204804
204805
204806
204807
205739
205740
205763
205764
205765
205766
205767
205768
205769
205791
205792
205793
205794
205795
205796
205797
205798
205799
205800
205801
205802
205803
205804
205805
205806
205807
205808
205810
205811
207040
207041
207042
207043
207044
207045
207046
207047
207048
207049
207050
207051
207052
207053
207054
207055
207056
207057
207058
207059
207060
207061
207062
207063
207064
207065
207066
207067
207068
207069
207070
207071
207072
207077
207081
207082
207084
207085
207086
207087
207088
207089
207090
207091
207092
207137
207140
207142
207143
207144
207145
207146
207591
207592
207593
207594
207595
207829
207830
207831
207832
207833
208012
208013
208014
208015
208016
208154
208155
208156
208157
208158
208159
208160
208161
208162
208163
208164
208165
208166
208167
208168
208169
209214
209215
209216
209217
209218
209219
209220
209221
209222
209223
209224
209225
209226
209227
209228
210544
210545
210546
210547
210548
210549
210552
210554
210555
210556
210557
210558
210559
210560
210561
210562
210563
210564
210565
210566
210567
210568
210635
210636
210637
210638
210639
210645
210646
210647
210648
210649
210650
210651
210652
210653
210654
211186
211187
211188
211189
211190
211456
211457
211633
211634
211635
211636
211637
211643
211644
211645
211646
211647
211770
211771
211772
211773
211774
212702
212708
212709
212710
212719
212720
212722
212723
212725
212726
212729
212731
212736
212738
212739
212741
212743
212744
212745
212747
212751
212753
212755
212757
212758
212759
212763
212764
212767
212768
212773
212774
212775
212776
212780
212781
212783
212784
212787
212791
212793
212794
212796
212798
212803
212805
212806
212807
212808
212809
212811
212812
212815
212816
212817
212821
212822
212824
212825
212827
212830
212833
212834
212836
212837
212838
212839
212840
212841
212842
212844
212848
212853
212855
212860
212864
212869
219880
219908
219909
219919
219920
219921
219928
219929
219932
219938
219949
219950
219952
219955
219956
219957
219966
219967
219978
219979
219982
219983
219984
219985
219986
219987
219988
219989
219990
219991
219992
219993
219994
219995
219996
219997
219998
219999
220000
220001
220002
220003
220007
220008
220009
220010
220011
220012
220028
220029
220030
220035
220036
220037
220038
220039
220040
220041
220045
220046
220047
220048
220049
220050
220051
220052
220062
220063
220064
220065
220066
220067
220068
220069
220076
220077
220078
220079
220080
220081
220082
220085
220086
220087
220088
220089
220090
220091
220092
220093
220094
220095
220096
220097
220098
220099
220103
220104
220105
220119
220120
220121
220124
220125
220126
220130
220131
220132
220133
220134
220135
220136
220140
220141
220142
220143
220153
220154
220155
220156
220157
220163
220164
220165
220166
220167
220169
220170
220171
220172
220173
220174
220175
220185
220186
220187
220188
220189
220190
220191
220192
220193
220194
220195
220196
220197
220198
220210
220211
220212
220213
220214
220215
220223
220224
220225
220226
220227
220228
220229
220230
220239
220240
220241
220242
220243
220244
220245
220248
220249
220250
220251
220252
220253
220258
220259
220260
220265
220266
220267
220268
220269
220278
220279
220283
220284
220285
220286
220287
220288
220289
220290
220291
220292
220293
220294
220295
220300
220301
220302
220303
220304
220310
220311
220312
220313
220317
220318
220336
220337
220338
220339
220340
220343
220344
220345
220346
220347
220355
220356
220357
220358
220359
220360
220365
220366
220367
220368
220369
220370
220371
220372
220376
220377
220379
220391
220404
220406
220407
220408
220409
220413
220443
220456
220461
223679
223680
223682
223687
223688
223697
223701
223702
223709
223710
223715
223716
223720
223721
223722
223723
223724
223725
223726
223736
223739
223740
223741
223742
223743
223744
223751
223752
223753
223759
223760
223761
223770
223771
223772
223776
223777
223778
223779
223780
223781
223782
223783
223785
223786
223789
223790
223791
223792
223793
223794
223796
223797
223798
223799
223800
223804
223805
223806
223807
223808
223810
223811
223815
223821
223822
223823
223824
223825
223826
223831
223832
223835
223836
223837
223838
223840
223848
223854
223858
223869
225845
225847
225849
225850
225854
225855
225948
225959
225965
225996
227926
227927
227930
227934
227936
227940
227941
227948
227949
227950
227951
227952
227953
227954
227955
227956
227959
227968
227969
227970
227971
227972
227973
227974
227977
227978
227979
227980
227981
227986
227987
227988
227989
227990
227991
227993
227994
227995
228001
228002
228003
228005
228006
228009
228010
228011
228012
228016
228017
228023
228024
228025
228030
228033
228034
228037
228038
228040
228041
228045
228051
228052
228053
228056
228057
228058
228062
228063
228069
228070
228071
228075
228076
228077
228080
228081
228082
228083
228084
228088
228089
228099
228102
228119
228121
228129
229347
229348
229352
229357
229358
229359
229360
229361
229364
229366
229367
229371
229373
229374
229380
229381
229383
229384
229385
229387
229388
229389
229390
229391
229392
229394
229395
229398
229399
229400
229406
229407
229411
229414
229416
229417
229418
229421
230313
230314
230316
230317
230347
230362
230363
230364
230365
230446
230447
230448
230449
230450
230451
230454
230455
232149
232150
232155
232157
232160
232161
232162
232167
232177
232178
232179
232180
232181
232182
232193
232194
232195
232196
232198
232199
232200
232205
232206
232207
232208
232209
232210
232211
232212
232213
232217
232218
232219
232220
232221
232222
232223
232224
232225
232234
232235
232238
232239
232247
232248
232249
232250
232255
232256
232257
232258
232259
232260
232261
232262
232263
232264
232273
232274
232281
232282
232283
232284
232296
233693
233700
233704
233708
233713
233714
233724
233725
233726
233727
233728
233730
233733
233734
233742
233747
233748
233749
233757
233758
233759
233761
233766
233768
233769
233770
233775
233776
233777
233778
233779
233781
233782
233783
233787
233788
233794
233795
233796
233798
233799
233800
233801
233802
233803
233804
233805
233807
233808
233809
233810
233811
233813
233814
233815
233816
233823
233825
233826
233827
233828
233829
233841
235280
235295
237279
237283
237296
237297
237298
237299
237300
237303
237304
237317
237318
237319
237320
237321
237322
237323
237325
237326
237327
237328
237329
237330
237331
237332
237333
237334
237335
237336
237337
237338
237339
237340
237341
237342
237343
237353
237354
237355
237359
237360
237361
237362
237363
237365
237366
237367
237368
237369
237370
237371
237377
237378
237379
237380
237381
237382
237383
237390
237391
237392
237407
237408
237409
237410
237411
237420
237432
237433
237434
237435
237436
237441
237443
237444
237445
237446
237447
237448
237461
237462
237463
237472
237477
238784
238793
238794
238795
238797
238802
238804
238805
238806
238807
238809
238810
238811
238818
238819
238823
238824
238829
238830
238831
238832
238833
238834
238835
238836
238837
238838
238839
238840
238841
238842
238844
238845
238847
238848
238849
238850
238857
238858
238859
238860
238861
238866
238869
238870
238878
238879
238880
239774
239776
239777
239778
239851
239852
239853
239854
239855
239856
240956
240959
240960
240961
240962
240971
240974
240975
240979
240987
240988
240989
240990
240996
240997
240998
240999
241000
241001
241002
241003
241006
241007
241008
241009
241010
241011
241012
241013
241014
241015
241016
241017
241018
241019
241020
241021
241022
241029
241031
241032
241039
241042
241043
241045
241048
241049
241053
241054
241055
241056
241057
242052
242053
242061
242062
242070
242071
242072
242074
242075
242079
242080
242081
242082
242095
242096
242097
242101
242102
242103
242111
242112
242113
242114
242115
242116
242117
242118
242119
242120
242121
242125
242132
242133
242134
242135
242136
242137
242138
242140
242141
242142
242143
242150
242151
242152
242153
242165
244330
244344
244345
244346
244347
244348
244349
244350
244357
244358
244359
244360
244361
244362
244363
244364
244365
244366
244367
244373
244374
244377
244378
244379
244380
244381
244382
244383
244384
244391
244392
244393
244394
244402
244403
244416
244417
244418
244420
244421
244422
244425
244426
244427
244428
244429
244438
244439
244440
244441
244445
244453
245204
245205
245206
245207
245208
245210
245215
245216
245217
245222
245223
245224
245225
245226
245227
245228
245230
245233
245234
245235
245238
245242
246238
246239
246240
246244
246245
246246
246247
246251
246252
246253
246256
246257
246258
246259
246260
246261
246262
246263
246264
246265
246266
246267
246268
246273
246274
246275
246281
246282
246283
246284
246285
246761
246762
246763
246765
246766
246767
246776
246777
246785
246786
246790
246793
246798
246799
246800
246801
246805
246806
246807
246814
247655
247658
247661
247662
247666
247668
247672
247673
247674
247677
247683
247684
247892
247894
247895
247896
247897
247900
247901
247902
247903
247905
247906
248065
248066
248117
248123
248124
248126
248224
248543
248549
248551
248555
248559
248565
248567
248570
248585
248592
248593
248595
248598
248609
248610
248613
248615
248625
249093
249095
249098
249099
249101
249104
249105
249112
249113
249200
249201
249202
249253
249254
249255
249256
249276
249331
249333
249408
249410
249462
249482
249564
249737
249746
249752
249753
249754
249755
249757
249758
249761
249763
249767
249971
249976
250020
250057
250088
250089
250139
250142
250143
250206
250220
250257
250269
)


// ************************************************************************* //
