/*--------------------------------*- C++ -*----------------------------------*\
| =========                 |                                                 |
| \\      /  F ield         | OpenFOAM: The Open Source CFD Toolbox           |
|  \\    /   O peration     | Version:  v1612+                                |
|   \\  /    A nd           | Web:      www.OpenFOAM.com                      |
|    \\/     M anipulation  |                                                 |
\*---------------------------------------------------------------------------*/
FoamFile
{
    version     2.0;
    format      ascii;
    class       volVectorField;
    location    "50";
    object      wallShearStress;
}
// * * * * * * * * * * * * * * * * * * * * * * * * * * * * * * * * * * * * * //

dimensions      [0 2 -2 0 0 0 0];

internalField   uniform (0 0 0);

boundaryField
{
    WALL
    {
        type            calculated;
        value           nonuniform List<vector> 
1697
(
(0.0105273 -0.0156438 -0.00309702)
(0.0108035 -0.015254 -0.0029333)
(0.00605588 -0.00879812 -0.0027185)
(0.0056844 -0.00777594 -0.00132749)
(-0.00281302 -0.0197749 -0.0063121)
(-0.00349876 -0.0203742 -0.00882779)
(0.0111362 -0.0192759 -0.00234924)
(0.0112243 -0.0183832 -0.00444123)
(-0.00160007 -0.018902 0.000467959)
(0.000725152 -0.0175101 0.00178798)
(-0.00453419 -0.0186762 0.00286669)
(-0.00293793 -0.0219055 0.00272883)
(0.012298 -0.0173685 0.00295748)
(0.0122488 -0.0177657 0.00425127)
(-0.00131175 -0.0174539 -0.00742198)
(-0.00198053 -0.0183165 -0.00696812)
(-0.00395291 -0.019678 0.00117292)
(-0.00357203 -0.0197355 0.000880125)
(0.00611457 -0.0237319 -0.00592745)
(0.00728112 -0.0225974 -0.00655504)
(0.010478 -0.0173664 -0.00610413)
(0.0105368 -0.0168504 -0.00627979)
(0.00542977 -0.00845803 0.00313787)
(0.00512362 -0.00810644 0.00277068)
(0.00617438 -0.00781852 0.00120913)
(0.00576353 -0.00739822 0.00208751)
(0.00440763 -0.00781577 -0.000719014)
(0.00422059 -0.00875591 -0.000126676)
(0.00250699 -0.0197753 -8.73112e-05)
(0.000709076 -0.0178952 -0.000696769)
(-0.00264753 -0.0182496 -0.00265058)
(-0.00203204 -0.0219903 -0.00417035)
(0.0056068 -0.00780122 0.00048785)
(0.00526166 -0.00739564 1.50055e-05)
(0.0100808 -0.0170105 0.00288135)
(0.0103742 -0.017204 0.00342064)
(-0.00536268 -0.0186017 -0.00608308)
(-0.00484771 -0.0200402 -0.00473565)
(0.00595444 -0.0164636 0.00173259)
(0.00799131 -0.0168663 0.000193168)
(0.00748076 -0.0165063 0.00146686)
(0.00450974 -0.0161523 0.0022059)
(0.00383368 -0.0166772 0.00271047)
(0.00484471 -0.0165842 0.00282964)
(0.0064921 -0.0169189 0.00216771)
(0.00802837 -0.0163501 0.000790153)
(-0.00255565 -0.0178472 -0.00413075)
(-0.00288288 -0.0179212 -0.00466165)
(0.000321496 -0.0161685 -0.00476599)
(-0.000501305 -0.0173741 -0.00579723)
(-0.00118655 -0.0165222 -0.00415681)
(-0.00161343 -0.018725 -0.00521802)
(0.000903813 -0.0179754 0.0088819)
(0.00138976 -0.0180764 0.00959339)
(0.00309698 -0.0222284 -0.00743653)
(0.00228663 -0.0230363 -0.00521469)
(0.00354639 -0.0218504 -0.00642642)
(0.00227012 -0.0221535 -0.00563651)
(0.00227844 -0.0223372 -0.00716344)
(0.00269223 -0.0220679 -0.00610032)
(0.0133614 -0.0203667 -0.000880043)
(0.0117179 -0.0180427 -0.00175304)
(0.0116493 -0.0182794 -0.00315577)
(0.0126006 -0.021375 -0.00296445)
(0.0132057 -0.0200302 -0.00202768)
(0.0128996 -0.0220502 -0.00257171)
(0.000492505 -0.0188278 0.00532997)
(0.000938013 -0.0169775 0.00508377)
(-0.00081622 -0.0182622 0.00440025)
(-0.00143776 -0.0184095 0.00374182)
(-0.000221404 -0.0167333 0.00405857)
(-0.00158743 -0.0174644 0.0036597)
(0.00405658 -0.0205333 -0.00990207)
(0.00585913 -0.0189806 -0.0104676)
(0.00588319 -0.0192991 -0.00976568)
(0.00408206 -0.0195308 -0.00988177)
(0.00480661 -0.0191879 -0.0106682)
(0.00477673 -0.019119 -0.00988917)
(0.0111258 -0.0166647 -0.00436588)
(0.010497 -0.0146719 -0.00425837)
(0.0102716 -0.0146695 -0.00483752)
(0.0108986 -0.0164026 -0.00652296)
(0.0107618 -0.0156839 -0.00508159)
(0.0104204 -0.0158713 -0.00222159)
(0.0100175 -0.0151708 -0.00729447)
(0.0101572 -0.0154891 -0.00595026)
(-0.000145775 -0.0187352 -0.000264403)
(-8.05158e-05 -0.0173021 0.00138995)
(-0.00073036 -0.0171545 0.000643103)
(-0.000284965 -0.0183539 0.000312501)
(-0.000715199 -0.0198987 -0.000156308)
(0.000164908 -0.0161835 0.000893006)
(0.00500007 -0.0079465 -0.00428274)
(0.00491703 -0.00821335 -0.00540236)
(0.00522311 -0.00917869 -0.00707467)
(0.00494442 -0.00849455 -0.00646476)
(0.00544452 -0.00869802 -0.00548817)
(0.00493077 -0.00745053 -0.00414601)
(-0.00450446 -0.0204858 -0.00557863)
(-0.00435362 -0.0196461 -0.00697461)
(-0.00413428 -0.0198258 -0.00788451)
(-0.00377327 -0.0210475 -0.0065174)
(-0.00450397 -0.0194005 -0.00845887)
(0.00469084 -0.00741154 -0.00280588)
(0.00436074 -0.00722384 -0.00198444)
(0.00467771 -0.00705545 -0.00305832)
(0.00410949 -0.00726958 -0.00194598)
(0.00436871 -0.00708944 -0.00245692)
(0.00430086 -0.00709427 -0.00211161)
(0.00436285 -0.00930797 0.0025153)
(0.00336789 -0.0105203 0.00282615)
(0.00368558 -0.0106664 0.0032108)
(0.00430282 -0.00903102 0.00223993)
(0.00386676 -0.00948928 0.0028562)
(0.00353602 -0.0104449 0.00268523)
(0.00517711 -0.018197 0.00989874)
(0.00588684 -0.0173001 0.00877496)
(0.00496887 -0.018073 0.00962809)
(0.00412348 -0.0183511 0.0100255)
(0.00770253 -0.0183938 0.00970764)
(0.00796873 -0.0177293 0.00903548)
(0.0134283 -0.0192659 0.00138174)
(0.0117368 -0.0160759 0.000296921)
(0.012461 -0.0174115 0.00286556)
(0.0131747 -0.0183766 -0.000307957)
(0.0122797 -0.0165417 0.000815171)
(0.00221117 -0.019369 0.00642075)
(0.00229126 -0.0197932 0.00664937)
(0.000555151 -0.0210122 0.00616122)
(0.000100998 -0.0189051 0.00622304)
(-0.000157818 -0.020259 0.00609629)
(0.0018786 -0.0178821 0.00869788)
(0.000890286 -0.0192814 0.00846101)
(0.00187469 -0.0183085 0.00854844)
(-0.000209567 -0.019474 0.00783593)
(0.00075911 -0.018886 0.00794271)
(0.0029465 -0.0183466 0.00885885)
(0.0107486 -0.0190732 -0.00483344)
(0.0110622 -0.0178027 -0.00295439)
(0.0115345 -0.0199981 -0.00307822)
(0.0117849 -0.018791 -0.00286823)
(0.0112302 -0.0191649 -0.0049314)
(0.0114758 -0.0179076 -0.00195842)
(0.0109951 -0.0167884 -0.00148144)
(0.00991453 -0.0158123 6.57079e-05)
(0.00973673 -0.0159162 0.000470103)
(0.00999946 -0.0150922 -0.000933376)
(0.0100737 -0.0149314 -0.00189578)
(0.0108267 -0.0161687 -0.00233477)
(0.00373174 -0.0164671 0.00532571)
(0.00382719 -0.0158238 0.00393017)
(0.00190392 -0.0169514 0.00438733)
(0.00269275 -0.0154774 0.00496607)
(0.00440671 -0.0147007 0.00411084)
(0.00133921 -0.0159114 0.00440668)
(0.00929467 -0.0168408 0.00301233)
(0.00798975 -0.0155081 0.00296455)
(0.00788439 -0.0162137 0.00375041)
(0.00789401 -0.017047 0.00422321)
(0.00681405 -0.0171795 0.00465542)
(0.00932077 -0.016471 0.00244609)
(0.0119308 -0.0181316 -0.00073508)
(0.011301 -0.0176185 0.00143694)
(0.0119465 -0.0182324 0.000586398)
(0.0112119 -0.0169611 0.00171731)
(0.0121851 -0.0186827 -3.47138e-06)
(0.00661301 -0.0175805 0.00659791)
(0.00532231 -0.0181046 0.00697367)
(0.00357504 -0.0181824 0.0070006)
(0.00439298 -0.0176013 0.00725124)
(0.00586972 -0.0172058 0.00683035)
(0.00408 -0.0179588 0.00696275)
(0.0101626 -0.0160642 0.00345158)
(0.0097502 -0.0168219 0.00504085)
(0.00785477 -0.0163233 0.00600161)
(0.00858732 -0.0165046 0.00524699)
(0.00996463 -0.0167997 0.00393112)
(0.00884773 -0.015861 0.00573428)
(0.00465953 -0.017387 -0.0123273)
(0.00401267 -0.018527 -0.0121884)
(0.00410554 -0.0184634 -0.0124412)
(0.0023751 -0.0176941 -0.0123811)
(0.0046988 -0.0173172 -0.0125636)
(0.002767 -0.0181012 -0.0128408)
(0.00214257 -0.0188101 -0.0119318)
(0.000663825 -0.0180866 -0.01095)
(0.00193565 -0.0192092 -0.0117014)
(0.000176745 -0.0187584 -0.0102763)
(0.00138868 -0.018741 -0.0112823)
(0.000484183 -0.0180104 -0.0101923)
(-0.00025452 -0.0183739 -0.00745218)
(0.00035429 -0.0197354 -0.00869863)
(-0.000209974 -0.0191081 -0.00630562)
(-0.000480837 -0.0186517 -0.00701035)
(-0.000677171 -0.0182401 -0.00853192)
(0.000432358 -0.0189605 -0.00919123)
(0.00565915 -0.00788196 -0.00164379)
(0.00584512 -0.00872394 -0.00251297)
(0.00572089 -0.00789382 -0.00195486)
(0.00558327 -0.00763814 -0.000515192)
(0.0059905 -0.00815403 -0.00116906)
(0.00544171 -0.00769136 -0.000941642)
(0.00550484 -0.00778943 -0.000240377)
(0.00556844 -0.00804635 -0.00167916)
(0.00580507 -0.00861903 -0.00314681)
(0.00626259 -0.0098212 -0.00394978)
(0.00595177 -0.00954085 -0.00385668)
(0.00595296 -0.00862057 -0.00231191)
(0.00628146 -0.00886035 -0.00244803)
(0.00582533 -0.00888032 -0.00300352)
(0.00172169 -0.0147967 -0.00858021)
(2.6497e-05 -0.0166535 -0.0088009)
(0.00228412 -0.0148658 -0.00807197)
(0.00110224 -0.015025 -0.00833578)
(0.000263832 -0.0156728 -0.00812032)
(0.000633366 -0.0158825 -0.00927989)
(0.00592133 -0.0100415 -0.0041989)
(0.00517935 -0.00988944 -0.00481565)
(0.00514303 -0.0107706 -0.00532697)
(0.0053337 -0.00974836 -0.00463067)
(0.0057407 -0.00960343 -0.00394494)
(0.00533803 -0.011292 -0.00560068)
(0.00467685 -0.00979565 0.00359052)
(0.00485982 -0.00953583 0.00402685)
(0.0055012 -0.00900945 0.00281842)
(0.00461856 -0.0103329 0.00438816)
(0.00483224 -0.0087598 0.00372376)
(0.00569226 -0.0078348 0.00130001)
(0.00553141 -0.00796646 0.00179001)
(0.00551212 -0.00795759 0.00177403)
(0.00527834 -0.00731545 0.00109224)
(0.00515972 -0.00754351 0.00130228)
(0.00549023 -0.00845594 0.00242019)
(0.00115889 -0.0156841 0.00275411)
(0.00209672 -0.0132242 0.00247362)
(0.000125971 -0.0155169 0.00217882)
(0.00207224 -0.0128344 0.00291903)
(0.00101597 -0.013549 0.00198951)
(0.0022472 -0.0112664 0.00238938)
(0.00504637 -0.00771336 0.000885385)
(0.0046235 -0.00812288 0.0017333)
(0.0050284 -0.00793097 0.00128009)
(0.00467117 -0.00821573 0.00171752)
(0.00490747 -0.00771588 0.0009348)
(0.00505733 -0.00852682 0.00139773)
(0.00319749 -0.0105032 0.00191175)
(0.00325375 -0.00993164 0.00171529)
(0.00282202 -0.0105887 0.00177103)
(0.00227951 -0.0110478 0.00183714)
(0.00341684 -0.00923762 0.00156949)
(0.00526785 -0.00787837 -0.00146668)
(0.0052392 -0.00798381 -0.000749749)
(0.00560087 -0.00805 -0.00171367)
(0.00540627 -0.00794342 -0.00209952)
(0.00541076 -0.00808896 -0.00226601)
(0.00520872 -0.00755932 -0.00108142)
(0.00573018 -0.00991035 -0.00455662)
(0.00529513 -0.0105785 -0.00583155)
(0.00499943 -0.0101574 -0.00620461)
(0.0053955 -0.00977874 -0.00534463)
(0.00544465 -0.0094787 -0.00433027)
(0.00525593 -0.00974727 -0.00516583)
(0.00449883 -0.00796306 0.000530128)
(0.00443846 -0.00840487 0.000882165)
(0.00367424 -0.00909259 0.0014664)
(0.00384901 -0.00866159 0.00121514)
(0.00446147 -0.00943496 0.000993238)
(0.0043642 -0.00825154 0.000562244)
(0.00485949 -0.00770369 -0.000863662)
(0.00479138 -0.0075868 -0.000507399)
(0.00502456 -0.00772032 -0.000851492)
(0.00480837 -0.00776422 -0.000142884)
(0.00474998 -0.00770161 -0.000128773)
(0.00521195 -0.00810374 -0.000524946)
(-0.00327288 -0.0193674 -0.00797439)
(-0.00374206 -0.019479 -0.00989795)
(-0.00342461 -0.0201788 -0.00707496)
(-0.00284714 -0.0192164 -0.0107214)
(-0.00292309 -0.0191626 -0.0102257)
(-0.00270725 -0.0183868 -0.0114623)
(-0.00260511 -0.0181126 -0.0116088)
(-0.00367169 -0.0191657 -0.00945778)
(-0.00239763 -0.0209985 -0.00802179)
(-0.00257689 -0.0200175 -0.0082769)
(-0.00214975 -0.0202898 -0.00686784)
(-0.00200909 -0.0199694 -0.00547046)
(-0.00224438 -0.0205211 -0.0057166)
(-0.00202764 -0.0202155 -0.00626085)
(-0.00127884 -0.0205644 -0.00364916)
(-0.000498992 -0.0191978 -0.0027116)
(-0.000455915 -0.0219451 -0.00285065)
(-0.00112157 -0.022214 -0.00330681)
(-0.00177652 -0.0223386 -0.00450743)
(-0.000768005 -0.018196 -0.0013189)
(0.00126861 -0.0191453 -0.000280141)
(0.000982059 -0.020223 -0.000461796)
(-0.000375638 -0.022077 -0.00197579)
(0.000402986 -0.0201832 -0.000658227)
(0.000986674 -0.0201295 -0.00165549)
(0.00163797 -0.0201369 -0.00131707)
(0.0037486 -0.0217884 -0.00100912)
(0.00154177 -0.0217481 -0.00179544)
(0.0015716 -0.019045 -0.00111834)
(0.00034524 -0.0226074 -0.00205216)
(0.00388258 -0.0209968 -0.00134024)
(0.00462606 -0.0169912 0.000190007)
(0.00352935 -0.0204245 -7.06933e-05)
(0.00387777 -0.0186801 0.000547593)
(0.00291487 -0.0192667 -0.000147996)
(0.00437586 -0.0181771 -6.81263e-05)
(0.00386218 -0.00734771 -0.00131376)
(0.00366433 -0.00765229 -0.000828248)
(0.0036324 -0.00748476 -0.000802484)
(0.00366679 -0.00703741 -0.00123607)
(0.00345176 -0.00752551 -0.000921457)
(0.0039615 -0.00776168 -0.00103422)
(-0.00096678 -0.0148546 -0.00269418)
(-0.000849078 -0.0151577 -0.00320731)
(-0.000832889 -0.0151566 -0.00357783)
(-0.000975098 -0.0143298 -0.00221124)
(-0.00064982 -0.0134474 -0.00223314)
(-0.00137088 -0.0154259 -0.00416212)
(0.00254585 -0.0118939 -0.0118444)
(0.00215351 -0.01357 -0.0121803)
(0.00363725 -0.0121029 -0.0112765)
(0.00248424 -0.0136276 -0.0121582)
(0.00173079 -0.014218 -0.0127397)
(0.00346996 -0.0125953 -0.0113757)
(0.00449496 -0.010586 -0.00958951)
(0.00492641 -0.00935554 -0.00833663)
(0.00413415 -0.0105513 -0.00975334)
(0.00501597 -0.0109351 -0.00917817)
(0.00478608 -0.0094096 -0.00896175)
(0.00886529 -0.0172924 -0.0117347)
(0.00804629 -0.018661 -0.0127207)
(0.00958448 -0.017995 -0.0107175)
(0.00946446 -0.0168504 -0.0114984)
(0.00814469 -0.0160898 -0.0124467)
(0.00777276 -0.0175372 -0.012904)
(0.0107737 -0.018064 -0.0101227)
(0.0109884 -0.0173148 -0.00882073)
(0.010682 -0.0177776 -0.0075937)
(0.0103081 -0.0179959 -0.00970662)
(0.00996403 -0.0163378 -0.00795423)
(0.0100611 -0.0178711 -0.010271)
(0.0107123 -0.0183888 -0.003842)
(0.0106622 -0.0169514 -0.00527614)
(0.0105906 -0.0190585 -0.00315208)
(0.0113909 -0.0176694 -0.00614918)
(0.0116436 -0.0193125 -0.00438974)
(0.0116617 -0.0187767 -0.00564973)
(0.00639985 -0.0180462 0.000237535)
(0.00899985 -0.017778 -0.00185035)
(0.00832 -0.0188422 -0.000813294)
(0.00672871 -0.0162592 -0.000488297)
(0.00763669 -0.017229 -0.00117484)
(0.00821349 -0.0198066 -0.000182643)
(-0.00513368 -0.0198124 -0.00397677)
(-0.00423899 -0.0217002 -0.00392554)
(-0.00160014 -0.0223207 -0.00238615)
(-0.0031007 -0.0198925 -0.00158108)
(-0.00351209 -0.0207136 -0.00218748)
(0.00415634 -0.00751131 -0.000780269)
(0.00379801 -0.00832089 -0.000375283)
(0.00406858 -0.00824688 -0.000372983)
(0.00419801 -0.0079693 -0.000660585)
(0.00423898 -0.0079842 -0.000668621)
(0.0037169 -0.00933478 0.000113017)
(0.0043143 -0.0078307 -0.00102341)
(0.00455197 -0.00773807 -0.00162724)
(0.0041795 -0.00758966 -0.00129837)
(0.0042704 -0.00747529 -0.00122539)
(0.00432401 -0.00776986 -0.00101587)
(0.00431177 -0.00742469 -0.0017227)
(-0.00346909 -0.0195316 -0.010651)
(-0.00269325 -0.0172527 -0.0125201)
(-0.00238093 -0.0169112 -0.0127914)
(-0.00379242 -0.0187766 -0.0112284)
(-0.00302448 -0.0195421 -0.0119631)
(-0.00343758 -0.0173403 -0.0127555)
(0.00192114 -0.0121676 -0.0120773)
(0.00266245 -0.0119556 -0.0116388)
(0.00118922 -0.0140804 -0.0127187)
(0.00145835 -0.0133758 -0.0121957)
(0.000484321 -0.0140999 -0.0126836)
(0.00294958 -0.0112927 -0.0111963)
(0.00428557 -0.0113948 -0.00773195)
(0.00329092 -0.0120142 -0.00820303)
(0.00398326 -0.0111329 -0.0084788)
(0.00333466 -0.0125665 -0.00959036)
(0.00243925 -0.0127276 -0.00917059)
(0.00203271 -0.0126801 -0.009921)
(-0.000861879 -0.0154692 -0.011786)
(0.00152995 -0.0135955 -0.0112115)
(0.000595794 -0.0142278 -0.0114445)
(-0.000486101 -0.0147369 -0.0123024)
(-0.00146405 -0.0159399 -0.0120977)
(0.000924802 -0.0136161 -0.0114606)
(-0.00101608 -0.0170422 -0.00827592)
(-0.000766472 -0.0169793 -0.00981759)
(-0.00187022 -0.0172842 -0.00936624)
(-0.00247179 -0.0184207 -0.00871728)
(1.92485e-05 -0.0160326 -0.00868894)
(-0.00302136 -0.0175073 -0.00859375)
(0.00529268 -0.00804981 -0.00471623)
(0.00462503 -0.00723401 -0.00280781)
(0.00497856 -0.00754916 -0.00354165)
(0.00504169 -0.00767735 -0.00439445)
(0.00505846 -0.00787217 -0.00355097)
(0.00474249 -0.00765191 -0.00257202)
(0.00375485 -0.0110172 -0.0107617)
(0.00435982 -0.0106107 -0.00938229)
(0.00438731 -0.0108022 -0.0101144)
(0.00217317 -0.013676 0.0045952)
(0.00089761 -0.0152664 0.00380371)
(0.00172686 -0.0151551 0.00462035)
(0.00174289 -0.0141235 0.00478782)
(0.00174803 -0.0141832 0.00425501)
(0.000800245 -0.0168031 0.00412636)
(-0.000245995 -0.0207422 0.00259799)
(-0.000299689 -0.0187096 0.00312772)
(0.000433567 -0.0193764 0.00250961)
(0.00109535 -0.017636 0.0035086)
(0.00100853 -0.0161463 0.00379832)
(-0.000547772 -0.0177587 0.00357585)
(0.00399863 -0.0114259 0.00494109)
(0.00250472 -0.0130664 0.00515243)
(0.00316317 -0.0134232 0.00566004)
(0.00299455 -0.0112882 0.00444703)
(0.0039737 -0.0108168 0.00432452)
(0.00331515 -0.011502 0.00523889)
(0.000995603 -0.0225312 -0.00352326)
(-0.000371043 -0.0215161 -0.00191112)
(0.000131735 -0.0206886 -0.00202816)
(0.00100421 -0.0212687 -0.00380584)
(0.000262984 -0.0204112 -0.00301926)
(-0.000338461 -0.0207102 -0.00298242)
(-0.00111012 -0.0200323 -0.000519467)
(-0.000570359 -0.021768 -0.000300479)
(-0.000305818 -0.0212211 -0.00187596)
(-0.000626369 -0.0201682 -0.00102271)
(-0.000113665 -0.0221821 -0.00157998)
(0.00638086 -0.00808951 0.00078447)
(0.00665108 -0.00876022 0.000154731)
(0.00572765 -0.00752523 0.00127671)
(0.00583733 -0.00772145 0.000678709)
(0.00578291 -0.00763479 9.42112e-05)
(0.00586065 -0.007801 8.10982e-05)
(0.00578342 -0.00765243 0.00123796)
(0.00599054 -0.00795355 0.000677434)
(0.00600854 -0.0082835 -0.000437918)
(0.00593332 -0.00882736 -0.00141575)
(0.00615265 -0.00810101 8.62833e-05)
(0.00583759 -0.00870603 -0.00103959)
(0.0062521 -0.00830427 0.000235507)
(0.0059767 -0.00847528 -0.000415727)
(0.00620987 -0.0109534 -0.00176416)
(0.00575452 -0.00952007 -0.00154672)
(0.00638002 -0.00969636 -0.000954123)
(0.00562166 -0.0104309 -0.00212684)
(0.00620081 -0.0100436 -0.00145227)
(0.0067915 -0.0100548 -0.00108232)
(0.00501576 -0.0109388 -0.00402622)
(0.00447764 -0.0114673 -0.00423821)
(0.00549494 -0.00978606 -0.00233307)
(0.00431289 -0.0111359 -0.00442069)
(0.00518673 -0.0095596 -0.00292773)
(0.00464293 -0.0100443 -0.0033003)
(0.00389882 -0.0126288 -0.0071589)
(0.0023948 -0.0141382 -0.00774056)
(0.00292984 -0.0136856 -0.00786961)
(0.00228833 -0.014196 -0.00783733)
(0.00285941 -0.012456 -0.00738218)
(0.00399991 -0.0121159 -0.00667361)
(0.00255264 -0.0136985 -0.00697234)
(0.00106919 -0.0162247 -0.00694955)
(0.00136575 -0.0162538 -0.00721637)
(0.00329646 -0.0144268 -0.00681172)
(0.00132342 -0.0147892 -0.0077959)
(0.00203894 -0.0147791 -0.00753046)
(-0.000422374 -0.017454 -0.00793773)
(0.000420235 -0.0156707 -0.0078763)
(0.000705103 -0.0156259 -0.0076886)
(-0.000649989 -0.0158683 -0.00764486)
(-0.00203707 -0.0180879 -0.00662903)
(-0.00144614 -0.0173574 -0.00751493)
(-0.000301688 -0.0177737 -0.00963568)
(0.000747898 -0.0180729 -0.0108074)
(8.22262e-05 -0.0185762 -0.00997457)
(0.000218166 -0.0182739 -0.0108331)
(0.000848626 -0.0183669 -0.0117163)
(-0.000531935 -0.0182197 -0.00940171)
(-0.00152608 -0.0162429 -0.00570072)
(-0.0012644 -0.0176057 -0.00855036)
(-0.0012454 -0.0167524 -0.00689907)
(-0.00165506 -0.0166721 -0.00643968)
(-0.00134645 -0.017314 -0.00886817)
(-0.00102406 -0.0181139 -0.00766677)
(0.00984378 -0.0184721 -0.00635719)
(0.00895345 -0.0186423 -0.00658696)
(0.00966097 -0.0194417 -0.00598909)
(0.00826904 -0.018493 -0.0069402)
(0.00825566 -0.0188557 -0.00727529)
(0.00868079 -0.0176774 -0.0105794)
(0.00933253 -0.0172509 -0.00873815)
(0.00765986 -0.0175746 -0.0100458)
(0.00818569 -0.0179704 -0.00854708)
(0.00902366 -0.0161791 -0.00882813)
(0.0095755 -0.0161878 -0.00803634)
(0.00830993 -0.0231936 -0.00655117)
(0.00804916 -0.0223554 -0.00662039)
(0.00991568 -0.021313 -0.00553332)
(0.00865905 -0.0213544 -0.00680817)
(0.00842099 -0.0202458 -0.00629025)
(0.00986799 -0.0214619 -0.00512913)
(0.00260507 -0.0198992 0.000995879)
(0.00207325 -0.020395 0.000419668)
(0.00201699 -0.0198054 0.00115823)
(0.000607933 -0.0208217 7.25968e-05)
(0.00120807 -0.019002 0.000954747)
(0.000523615 -0.0211108 7.64838e-05)
(-0.00374582 -0.0177043 0.000627871)
(-0.00486799 -0.0181875 -0.000839168)
(-0.00121689 -0.018323 0.00147808)
(-0.00216677 -0.0179365 0.00133946)
(-0.0032849 -0.0169775 -0.000457918)
(0.0101606 -0.0189516 -0.0108964)
(0.0112225 -0.0190085 -0.00923732)
(0.00987108 -0.0192013 -0.011441)
(0.010608 -0.0195838 -0.0108386)
(0.0111396 -0.0189281 -0.00853775)
(0.00996004 -0.0165271 -0.00911865)
(0.0114206 -0.017359 -0.00412837)
(0.0113708 -0.0168901 -0.00726712)
(0.0111842 -0.016702 -0.00630438)
(0.0111873 -0.0161744 -0.00502222)
(0.011647 -0.0173661 -0.00475736)
(0.0113336 -0.0170267 -0.00682266)
(0.00810668 -0.0203574 0.000144602)
(0.00867809 -0.0194275 -0.000485464)
(0.0108556 -0.0185065 -0.00329318)
(0.0099095 -0.019128 -0.00142029)
(0.00934808 -0.0198354 -0.000609811)
(0.00938355 -0.0198478 -0.00111815)
(0.0111609 -0.0199082 -0.00349884)
(0.0100627 -0.0193591 -0.00171628)
(0.00850782 -0.0224358 -0.00515009)
(0.00897383 -0.0210016 -0.00517569)
(0.00881471 -0.0236782 -0.00582367)
(0.0110426 -0.0224414 -0.00432976)
(0.00305139 -0.0197741 -0.00865067)
(0.00463595 -0.0209449 -0.0087884)
(0.00329364 -0.0222013 -0.00745079)
(0.00397067 -0.0219638 -0.00774702)
(0.00304097 -0.0203465 -0.00735315)
(0.00493763 -0.0218247 -0.00799222)
(0.00157663 -0.0218644 -0.00448121)
(0.00148126 -0.0217697 -0.00573824)
(0.000879183 -0.0222652 -0.00341138)
(0.00107284 -0.0219638 -0.00471274)
(0.00181042 -0.022971 -0.00559038)
(0.000750959 -0.022056 -0.00376586)
(-0.00235787 -0.019882 0.00386895)
(-0.00175991 -0.0208411 0.00467698)
(-0.00252075 -0.02094 0.00260172)
(-0.00134825 -0.0215567 0.00486825)
(-0.002822 -0.0191774 0.00302036)
(-0.00344157 -0.0219095 0.00258254)
(-0.0038056 -0.0196669 -0.00399723)
(-0.0044442 -0.020208 -0.00315144)
(-0.00441753 -0.0194134 -0.00103616)
(-0.00454081 -0.0201393 -0.00443115)
(-0.00417545 -0.0194178 -0.00207275)
(-0.00463026 -0.0189041 -0.00146651)
(0.00103658 -0.0150678 -0.00389883)
(-0.000107886 -0.0159649 -0.00436914)
(0.0018067 -0.0148818 -0.00421158)
(0.000690832 -0.014999 -0.00477758)
(0.00163179 -0.0144856 -0.00446399)
(0.000406539 -0.0156983 -0.00366694)
(-0.0028025 -0.0193425 -0.00322598)
(-0.00407987 -0.0186703 -0.00194843)
(-0.00193419 -0.0170723 -0.00330152)
(-0.00312298 -0.018955 -0.00202922)
(-0.00226831 -0.0176826 -0.00403449)
(-0.00268298 -0.0181237 -0.00222222)
(-0.00405147 -0.0200847 -0.00108443)
(-0.00373381 -0.020174 0.000505277)
(-0.0045536 -0.0190759 -0.00162981)
(-0.00332161 -0.0185384 0.00227054)
(-0.00410621 -0.0193058 0.000124986)
(-0.004251 -0.0216119 0.00179239)
(-0.00201236 -0.0194214 0.00493739)
(-0.00350616 -0.0189196 0.00411399)
(-0.00399004 -0.0196696 0.00385717)
(-0.00494006 -0.0200553 0.00216226)
(-0.00264329 -0.0193752 0.00665326)
(-0.00404549 -0.0194456 0.00501696)
(-0.000622544 -0.0209419 0.00749211)
(-0.00425719 -0.0228782 0.00537873)
(-0.00247107 -0.0211135 0.00703109)
(0.0102758 -0.0153724 -0.00242036)
(0.00974945 -0.0161345 -0.00131537)
(0.0100449 -0.0150708 -0.0019036)
(0.00868569 -0.0160489 0.000456634)
(0.00913476 -0.0163241 0.00012757)
(0.0097704 -0.0158927 -0.000486442)
(0.00495516 -0.0170156 0.00333582)
(0.00732652 -0.0161268 0.00200774)
(0.00758513 -0.0161977 0.00188529)
(0.00596945 -0.0163979 0.00285562)
(0.00649435 -0.0168668 0.00286921)
(0.00662637 -0.016201 0.00233659)
(-0.00046429 -0.0176928 0.00189224)
(0.00197367 -0.0179849 0.00242455)
(0.0013582 -0.0166288 0.00258052)
(0.000268611 -0.0170685 0.00246987)
(0.00182352 -0.0189288 0.00212365)
(-0.00102418 -0.0182854 -0.00465233)
(-0.00092678 -0.0159251 -0.00402539)
(-0.000249942 -0.0170682 -0.00286161)
(-0.000957108 -0.0171565 -0.00487225)
(-0.000506611 -0.0148126 -0.00258466)
(-0.000277881 -0.0156502 -0.00215618)
(0.00345582 -0.0182387 -0.0123322)
(0.00238383 -0.018204 -0.0121739)
(0.0022828 -0.0179776 -0.0116145)
(0.00413859 -0.0183506 -0.0126485)
(0.00153722 -0.0182357 -0.0118873)
(0.00324445 -0.0176477 -0.0124438)
(0.0056154 -0.0177424 -0.0134775)
(0.00893602 -0.0177977 -0.0115439)
(0.00847816 -0.0189255 -0.0119463)
(0.0069462 -0.0174566 -0.0123508)
(0.00662172 -0.0169405 -0.0121767)
(0.00811563 -0.0174297 -0.0115372)
(0.00359005 -0.0128943 -0.00646609)
(0.00384039 -0.0111121 -0.00544153)
(0.00354325 -0.0122514 -0.00566408)
(0.00263562 -0.0129406 -0.00629696)
(0.00412082 -0.0114718 -0.00519256)
(0.00260537 -0.0131571 -0.006687)
(-0.00386369 -0.0186962 -0.00686333)
(-0.00519372 -0.0200785 -0.00505303)
(-0.00473824 -0.0189049 -0.00583621)
(-0.00462506 -0.0210836 -0.0057765)
(-0.00517624 -0.0184434 -0.00529583)
(-0.00443658 -0.0194803 -0.00709516)
(-0.00311481 -0.0199046 -0.00615455)
(-0.00224692 -0.0181276 -0.00706092)
(-0.00310749 -0.0183351 -0.00556196)
(-0.00256785 -0.0171845 -0.00859589)
(-0.00202155 -0.0175087 -0.00803798)
(-0.00232909 -0.0190825 -0.00726904)
(0.000975972 -0.0148417 0.00341317)
(0.000873218 -0.0154431 0.00339512)
(-0.000869418 -0.0191034 0.00202167)
(0.000331589 -0.015836 0.00286254)
(-0.00113004 -0.0181531 0.000933655)
(-0.00113919 -0.0192085 0.00123165)
(0.000555198 -0.0169818 0.00334822)
(2.61373e-05 -0.0175916 0.00227125)
(0.00974539 -0.017099 -0.00981995)
(0.0091317 -0.0178325 -0.00816296)
(0.00936525 -0.0180471 -0.00789675)
(0.00838614 -0.0181995 -0.00965095)
(0.000681027 -0.0176783 0.00294702)
(0.000363998 -0.017727 0.00332454)
(0.000877657 -0.0161335 0.00287807)
(0.000380952 -0.016308 0.00240413)
(0.00679083 -0.0207786 0.000857349)
(0.00348234 -0.0191778 0.00226688)
(0.00426154 -0.0188126 0.0014044)
(0.00328298 -0.0186303 0.00190709)
(0.00313714 -0.0167902 0.00353273)
(0.00244021 -0.0172642 0.00327447)
(0.00713207 -0.0190751 0.000787453)
(0.00865605 -0.0198932 -0.00014929)
(0.00858954 -0.0178791 -0.00040005)
(0.0106498 -0.0171361 -0.00259142)
(0.0106345 -0.0188657 -0.0020163)
(0.00908988 -0.0161779 0.000339624)
(0.0102478 -0.0207373 -0.00500253)
(0.00863245 -0.0218885 -0.00595578)
(0.00878584 -0.0202175 -0.00601811)
(0.00889859 -0.0223607 -0.00567082)
(0.00812062 -0.0221905 -0.0055784)
(0.00780168 -0.0221213 -0.00626032)
(0.00710458 -0.0214274 -0.00661685)
(0.00655936 -0.0212008 -0.00681794)
(0.00673247 -0.0235883 -0.00666384)
(0.00668177 -0.0228033 -0.00657931)
(0.00570984 -0.0234744 -0.00611896)
(-0.00484485 -0.0200839 0.000103771)
(-0.00495996 -0.0194323 0.00101449)
(-0.00353617 -0.0210038 0.00276797)
(-0.00482298 -0.022113 0.00252528)
(-0.00511244 -0.0188765 0.00341389)
(-0.00361312 -0.0189395 -0.002078)
(-0.00438195 -0.0177858 -5.19345e-05)
(-0.00387849 -0.0188042 -0.000413553)
(-0.00317665 -0.0198064 -0.00215346)
(-0.00328995 -0.0199615 -0.00132094)
(-0.00480328 -0.0199518 -0.000594006)
(-0.00103116 -0.0177888 0.00620172)
(-0.00391791 -0.0222925 0.00499339)
(-0.00184738 -0.0195419 0.00702944)
(-0.00166723 -0.0192943 0.00625801)
(-0.00444631 -0.0186494 0.00104273)
(-0.0043268 -0.0207028 -4.83425e-05)
(-0.00405841 -0.0190671 -0.00100322)
(-0.00550384 -0.0203853 -0.000567698)
(-0.00418989 -0.0215465 -0.000910912)
(0.0105276 -0.0169673 0.00697975)
(-0.00473731 -0.0183884 -0.0023513)
(-0.00410542 -0.0194568 -0.000352545)
(-0.00258879 -0.0195862 -0.00300877)
(-0.00110512 -0.017643 -0.00434227)
(-0.00269875 -0.0172435 -0.00499004)
(-0.00332273 -0.0194559 -0.00227052)
(-0.00330077 -0.0184351 -0.00223395)
(-0.00264884 -0.0180105 -0.0039185)
(-0.000682447 -0.0160602 -0.00327274)
(-0.00401842 -0.0198323 -0.00370127)
(-0.00359286 -0.0196276 -0.00492224)
(-0.00377535 -0.0209006 -0.00229065)
(-0.0039421 -0.0191461 -0.00500776)
(-0.00475227 -0.0191239 -0.00581089)
(-0.00236869 -0.0183313 0.00255796)
(-0.00302177 -0.0189477 0.00216831)
(-0.00388721 -0.0198886 0.000577152)
(-0.00327519 -0.019009 0.00215067)
(-0.0039325 -0.0192864 0.00126259)
(-0.00369942 -0.0184948 0.00110759)
(-0.00405764 -0.0190084 -0.000474023)
(-0.00436138 -0.0188923 -0.000637954)
(-0.005565 -0.0195664 -0.00252601)
(-0.00459962 -0.0200683 -0.00336754)
(-0.00569269 -0.0199583 -0.000240744)
(-0.00474577 -0.0198447 0.00131198)
(-0.00337913 -0.0204494 0.000591686)
(-0.00260498 -0.0194679 0.00457002)
(-0.00221941 -0.0177535 0.00551957)
(-0.00292016 -0.018765 0.00281681)
(0.00281843 -0.0230194 -0.00618509)
(0.00267319 -0.0195538 -0.00956202)
(0.00417787 -0.0220575 -0.0073734)
(0.00475695 -0.0218161 -0.00676347)
(0.00693875 -0.0220181 -0.00687319)
(0.00411006 -0.0228886 -0.00627767)
(0.00507869 -0.0227305 -0.00650588)
(0.00632194 -0.0237999 -0.0068158)
(0.0063485 -0.022892 -0.0065179)
(0.00597701 -0.0209955 -0.00813875)
(0.0053051 -0.0210034 -0.00713662)
(0.00473445 -0.0206025 -0.00775)
(0.00642456 -0.0208208 -0.00724035)
(0.00692753 -0.0199518 -0.00753132)
(0.00622577 -0.0217788 -0.00797733)
(0.00666092 -0.0199987 -0.00792495)
(0.0067109 -0.022074 -0.00604194)
(0.00408873 -0.022276 -0.00666589)
(0.000694033 -0.0229535 -0.00340629)
(0.00103691 -0.0233681 -0.00293675)
(0.000689779 -0.0224872 -0.00477718)
(0.00206274 -0.0230104 -0.00563243)
(0.00314207 -0.0240378 -0.00643163)
(-0.000114376 -0.0229629 -0.00496435)
(0.00110095 -0.0247497 -0.00521755)
(0.00456495 -0.0219364 -0.00699197)
(0.00384482 -0.0238068 -0.00688459)
(0.0029371 -0.0237955 -0.00614567)
(0.00500709 -0.0220213 -0.00666922)
(0.00241048 -0.0256239 -0.0052019)
(0.00254843 -0.024596 -0.00436741)
(0.00351406 -0.023567 -0.00508259)
(0.00367244 -0.0226757 -0.00517379)
(0.00496581 -0.0242344 -0.00576063)
(0.00455383 -0.0224806 -0.00570311)
(-0.000671864 -0.0198042 0.000119456)
(-0.000229653 -0.0208597 -0.00267063)
(0.00050226 -0.0250263 -0.00356707)
(-0.000283787 -0.0211272 -0.00120568)
(0.00123122 -0.0233371 -0.00328166)
(-5.51743e-05 -0.0218561 -0.00260326)
(0.00206936 -0.0228131 -0.00396849)
(0.00292387 -0.0232673 -0.00470027)
(0.00258608 -0.0236736 -0.0054098)
(0.00168938 -0.0242528 -0.00471628)
(0.004811 -0.0252639 -0.00513159)
(0.00452407 -0.0241859 -0.00537348)
(0.00415351 -0.0226275 -0.00581878)
(0.00565582 -0.0232535 -0.00550396)
(0.00583552 -0.0236657 -0.0059901)
(0.00724928 -0.0225489 -0.00568618)
(0.00443336 -0.0226463 -0.0067718)
(0.00624026 -0.0230091 -0.00652066)
(0.00704607 -0.0227189 -0.00483146)
(0.0101064 -0.0190301 -0.00439843)
(0.00787665 -0.0204838 -0.00604807)
(0.0105236 -0.021006 -0.00464069)
(0.00926663 -0.0202476 -0.00523116)
(0.0097767 -0.0189711 -0.00497939)
(0.00958866 -0.0214893 -0.00499617)
(0.0093438 -0.0207082 -0.00475225)
(0.0112951 -0.0199092 -0.00362045)
(0.00989441 -0.020258 -0.00455592)
(0.00892268 -0.0180104 -0.0109131)
(0.0113656 -0.0174496 -0.00420746)
(0.0104156 -0.0181232 -0.00985667)
(0.0101704 -0.0186704 -0.0103608)
(0.0110539 -0.0171279 -0.00680245)
(0.00726931 -0.0211199 0.000942866)
(0.00592211 -0.0198316 0.00100262)
(-0.000917788 -0.0172741 0.00224144)
(-0.000877981 -0.017122 0.00250925)
(-0.00348338 -0.0194919 0.000289371)
(0.000231032 -0.0177112 0.003234)
(-0.00307067 -0.0184845 0.00172824)
(-0.00314289 -0.0183731 0.00177289)
(-0.00199511 -0.0184136 0.00281104)
(-0.00212226 -0.0186752 0.00290975)
(-0.00162194 -0.0186416 0.00255559)
(-0.000733485 -0.0192147 0.00285963)
(0.00550401 -0.0208262 0.00121487)
(0.00420266 -0.0210541 0.0015685)
(0.00235512 -0.018582 0.0017711)
(0.00142296 -0.0211343 -0.00643909)
(0.000575513 -0.020945 -0.00617951)
(0.00210932 -0.0204657 -0.00675429)
(0.00059748 -0.0192918 -0.00601434)
(0.00216795 -0.0203699 -0.00911881)
(0.00171016 -0.0205443 -0.00791786)
(0.000526666 -0.0195808 -0.00728654)
(0.00485382 -0.0192626 -0.00952238)
(0.0048952 -0.0183264 -0.0111736)
(0.00639011 -0.0190717 -0.0116902)
(0.00742404 -0.0177999 -0.00953199)
(0.00656236 -0.0181149 -0.00959471)
(0.00625786 -0.0176385 -0.0108837)
(0.00725298 -0.018635 -0.0114655)
(0.0064275 -0.0178353 -0.00898923)
(0.00777702 -0.018766 -0.00882936)
(0.0065373 -0.0195564 -0.00868772)
(0.00677933 -0.020324 -0.00831064)
(0.00818408 -0.017795 -0.0112508)
(0.00915299 -0.0184068 -0.0102338)
(0.00975205 -0.0169887 -0.00958617)
(0.0101492 -0.0173594 -0.00858705)
(0.0106619 -0.0175595 -0.00902481)
(0.00908174 -0.0167114 -0.010314)
(0.0104354 -0.0161803 -0.00877949)
(0.0101774 -0.0169523 -0.00933648)
(0.00977756 -0.0180086 -0.00774757)
(0.010335 -0.0162583 -0.00710454)
(0.0100868 -0.0171702 -0.00678023)
(0.010901 -0.0164669 -0.00512743)
(0.00894655 -0.018607 -0.00775601)
(0.00838905 -0.0193429 -0.00830777)
(0.00785718 -0.0200227 -0.00765158)
(0.00799502 -0.0208886 -0.00761157)
(0.00832194 -0.0200539 -0.00680058)
(0.00990244 -0.0194211 -0.00624652)
(0.00722458 -0.0173217 -0.0119208)
(0.00633553 -0.0177635 -0.0117042)
(0.00698384 -0.0177064 -0.0120139)
(0.00034947 -0.0176041 -0.0109476)
(-0.000852146 -0.0177052 -0.00797053)
(-0.0016243 -0.0161942 -0.0111481)
(-0.00286763 -0.0164838 -0.010979)
(-0.003019 -0.0187225 -0.00607576)
(-0.00112568 -0.0179403 -0.00551208)
(-0.000391513 -0.0149322 -0.00645316)
(-0.000917964 -0.0163959 -0.00580864)
(8.93399e-05 -0.0166029 -0.00694087)
(-0.000949873 -0.016538 -0.00609336)
(0.000743411 -0.0146038 -0.00693796)
(0.00176617 -0.0136204 -0.00605105)
(0.000934908 -0.0145721 -0.00630016)
(0.00230196 -0.0145085 -0.00672559)
(-0.00133884 -0.0177421 -0.00564411)
(-0.00040872 -0.0166967 -0.00637768)
(0.000323019 -0.0162026 -0.00645906)
(-0.000311858 -0.01648 -0.00748075)
(-0.00119155 -0.0171452 -0.00726251)
(-0.00262628 -0.0190502 -0.00584081)
(-0.00186216 -0.017765 -0.00634451)
(0.0046052 -0.0123493 -0.00581226)
(0.0036112 -0.0128622 -0.00615645)
(0.00424146 -0.0120374 -0.0057781)
(0.00467998 -0.0114241 -0.00543706)
(0.00428537 -0.0108803 -0.00597552)
(0.00138565 -0.0152606 -0.00810538)
(0.00323333 -0.0124053 -0.00652165)
(0.0011745 -0.01425 -0.00767943)
(0.00231458 -0.0137235 -0.00467232)
(0.00218068 -0.0134092 -0.00534683)
(0.00227706 -0.0136389 -0.0050795)
(0.00306215 -0.0125846 -0.00410347)
(0.00385682 -0.0120824 -0.00404883)
(0.00311332 -0.0129461 -0.00526088)
(0.00379433 -0.0121176 -0.00453242)
(0.00336768 -0.0135933 -0.00511369)
(0.00396461 -0.0124002 -0.00495193)
(0.00449521 -0.0113317 -0.00361581)
(0.00496317 -0.0115943 -0.0026417)
(0.00495053 -0.0106602 -0.00304993)
(0.00544065 -0.0110563 -0.00225227)
(0.00538209 -0.00895477 -0.00186782)
(0.00514626 -0.00791764 0.00260802)
(0.00483566 -0.0086407 0.00363293)
(0.00485232 -0.00905716 0.00419602)
(0.00611787 -0.00793535 0.000708381)
(0.0058092 -0.00769258 0.00155067)
(0.00563489 -0.00774119 0.00200398)
(0.00567387 -0.00805256 0.00252069)
(0.00571672 -0.00765891 0.00175058)
(0.00635431 -0.00897877 -0.000492777)
(0.00597069 -0.00763167 0.00166341)
(0.00637909 -0.00792728 0.00118233)
(0.00605913 -0.00776931 0.000740644)
(0.00597934 -0.00808297 -0.000332937)
(0.00583992 -0.00806309 -0.0009979)
(0.00591692 -0.00801484 -0.000508265)
(0.0059006 -0.00824671 -0.0010195)
(0.0055357 -0.00880089 -0.00197952)
(0.00553615 -0.00871089 -0.00175972)
(0.0054478 -0.00933177 -0.00225171)
(0.00554944 -0.0083326 -0.00155872)
(0.00518841 -0.00898898 -0.00269906)
(-0.000417903 -0.0212511 -0.00314172)
(0.000988314 -0.0214105 -0.00464761)
(0.000317676 -0.0205153 -0.00471861)
(0.000574782 -0.0213153 -0.00438876)
(-7.89228e-05 -0.0189961 -0.00386102)
(0.000229548 -0.0184886 -0.00277408)
(-1.53296e-05 -0.0179601 -0.00196741)
(-5.32395e-05 -0.0202502 -0.00287318)
(-9.28314e-05 -0.0200224 -0.00345766)
(0.000882426 -0.0164194 0.00305813)
(0.000561949 -0.016978 0.00197308)
(0.00455619 -0.00996183 0.00469435)
(0.00439149 -0.00988695 0.00432921)
(0.00410796 -0.0101049 0.00493045)
(0.00430999 -0.0100389 0.00499593)
(-0.00107069 -0.0207325 8.49963e-05)
(-0.000711429 -0.0224757 -0.00096831)
(-0.000539262 -0.0218465 -0.00251075)
(-0.000221346 -0.020659 0.000725542)
(-0.000254903 -0.0207162 -0.000859467)
(-0.000276433 -0.0218798 -0.00217257)
(-0.0009915 -0.0187054 0.00119193)
(-0.00017784 -0.0190039 0.00252144)
(-0.000474087 -0.0199383 0.00117303)
(0.000305279 -0.0167274 0.00299499)
(0.00252578 -0.0120478 0.00449863)
(0.00365665 -0.010776 0.00508523)
(0.00457964 -0.0103387 -0.009845)
(0.00451743 -0.00768907 -0.00195213)
(-0.00257004 -0.0192898 -0.00731466)
(-0.00477783 -0.0185264 -0.00820132)
(-0.00410792 -0.0186782 -0.00801357)
(-0.0040172 -0.0177393 -0.010041)
(0.00113441 -0.0140821 -0.0108651)
(0.00365607 -0.0106566 -0.010294)
(-0.0027771 -0.0164616 -0.0122227)
(-0.00370359 -0.0176049 -0.0115463)
(0.00297005 -0.0127957 -0.0103087)
(0.0026236 -0.011428 -0.0103367)
(0.0034413 -0.012389 -0.00987755)
(0.00325093 -0.0106316 -0.00961026)
(0.00402939 -0.0104253 -0.008941)
(0.00455864 -0.00963714 -0.00754996)
(0.00455474 -0.00779762 -0.00146953)
(0.00468858 -0.00746206 -0.00183579)
(0.00492913 -0.00772294 -0.00228036)
(0.0046689 -0.00777113 -0.00207093)
(0.00287625 -0.00966452 0.000260979)
(0.00383327 -0.00948263 0.000204095)
(0.00307625 -0.00891133 0.000338213)
(0.00461219 -0.00762345 -0.001427)
(0.00111538 -0.011229 -0.00030166)
(-0.00462777 -0.0187667 -0.00664418)
(-0.00529052 -0.0184302 -0.00953263)
(-0.00529084 -0.0186153 -0.00334481)
(-0.00585225 -0.0176233 -0.00365103)
(-0.00625216 -0.0179697 -0.00397931)
(-0.00358902 -0.0195919 -0.00226946)
(-0.00536028 -0.0188112 -0.00834455)
(-0.00497142 -0.0180605 -0.00432178)
(-0.00484991 -0.0177098 -0.00593666)
(-0.00508693 -0.0189813 -0.00788606)
(-0.00454811 -0.0193588 -0.00617247)
(-0.00482004 -0.0195638 -0.00469301)
(0.00838563 -0.0171452 -0.00234336)
(0.00586607 -0.0195758 0.00080284)
(0.00821592 -0.0203232 -0.000263004)
(0.00963308 -0.0192113 -0.00174889)
(0.00969432 -0.0176763 -0.003035)
(0.0109869 -0.0174367 -0.00821965)
(0.00987025 -0.0168905 -0.00897704)
(0.00942104 -0.0164586 -0.0100573)
(0.010751 -0.0168318 -0.00716137)
(0.0106001 -0.0170355 -0.00567155)
(0.0115419 -0.0186978 -0.00829612)
(0.0115826 -0.0188631 -0.00835883)
(0.00404095 -0.0201503 0.00106903)
(0.0108567 -0.0177138 -0.00950243)
(0.0103319 -0.0173829 -0.00989008)
(0.00398614 -0.0103186 -0.0101694)
(0.00449357 -0.0102789 -0.00952343)
(0.00552887 -0.00941713 -0.00753773)
(0.00423094 -0.0109963 -0.0106512)
(0.00305 -0.0114721 -0.0110427)
(0.00376709 -0.0116205 -0.0106701)
(0.00568343 -0.00833285 -0.00596323)
(0.00513929 -0.00805748 -0.00656226)
(0.00503086 -0.00916881 -0.00797608)
(0.005367 -0.00954098 -0.00865976)
(0.00509904 -0.00788532 -0.00562991)
(0.00508412 -0.00807733 -0.00685266)
(0.00536007 -0.00824207 -0.00573095)
(0.00521369 -0.00838905 -0.0069907)
(0.00015102 -0.0116257 -0.000777366)
(0.000352152 -0.0119539 -0.000827233)
(0.000249267 -0.0134274 -0.00128519)
(4.7455e-05 -0.0133011 -0.00134286)
(-0.00154572 -0.0153418 -0.00457525)
(-0.000767668 -0.0173037 -0.00877286)
(-0.000861542 -0.0168511 -0.00725388)
(-0.00107271 -0.0172685 -0.00689907)
(-0.0015318 -0.0166052 -0.00583195)
(-0.00150161 -0.0165847 -0.00526947)
(-0.000366261 -0.0143279 -0.00192383)
(0.000220319 -0.0132551 -0.000667857)
(-3.47051e-05 -0.0146292 -0.00115436)
(0.000419751 -0.0149127 -0.0010278)
(0.00268413 -0.0106 0.000203156)
(0.00147825 -0.0097323 -5.0624e-05)
(0.00259903 -0.00914565 -0.000195886)
(0.000795917 -0.0114827 -0.00027014)
(0.00419563 -0.00794319 -0.000942052)
(0.00371374 -0.0080682 -0.000653489)
(0.003051 -0.00766438 -0.00072096)
(0.00220819 -0.00902625 -0.000276042)
(0.00271985 -0.00905533 -0.000264387)
(0.00191368 -0.011207 -0.000424152)
(0.0012901 -0.0107468 -0.000760272)
(0.00184168 -0.00962283 -0.00068893)
(0.00269197 -0.00864721 -0.000468266)
(0.00298641 -0.00837354 -0.000675326)
(-0.000849371 -0.0145883 -0.00355872)
(-0.00145223 -0.0156525 -0.00490517)
(0.000614963 -0.0124273 -0.00132746)
(-0.000791619 -0.0138235 -0.00250109)
(0.000174109 -0.0123681 -0.00188438)
(-0.00011308 -0.0140119 -0.0017024)
(-0.00166135 -0.0156133 -0.00529345)
(-0.00123554 -0.0165582 -0.00645752)
(-0.000701972 -0.0136873 -0.00289357)
(-0.000845414 -0.0152854 -0.00430972)
(-0.000784724 -0.0148549 -0.00317145)
(-0.00106307 -0.0164225 -0.00701983)
(0.00322091 -0.0232086 -0.00491542)
(0.00150803 -0.0234514 -0.00291382)
(0.00103854 -0.0221001 -0.00155116)
(-0.000386894 -0.0214868 -0.00228105)
(-8.24266e-05 -0.0219371 0.000475449)
(-0.000263762 -0.0220586 -0.000945936)
(0.000917624 -0.0152901 -0.000496358)
(3.2251e-06 -0.0154085 -0.000348359)
(0.000548725 -0.0148839 0.000474102)
(-5.23157e-05 -0.0169625 -0.00139055)
(-0.000210803 -0.0174856 -0.0021902)
(-2.47717e-05 -0.0174028 -0.00100306)
(0.0084214 -0.019009 -0.00227654)
(0.00742344 -0.0201803 -0.00132604)
(0.00660058 -0.017386 -0.00101924)
(0.00557757 -0.0201875 0.000811703)
(0.00637989 -0.0185536 0.000418596)
(0.00464279 -0.0199388 0.000971169)
(0.00530154 -0.0197348 -0.000663908)
(0.00574546 -0.0198325 -0.00068759)
(0.00554761 -0.0194317 -0.000949611)
(0.0087639 -0.0190044 -0.00278503)
(0.00901659 -0.0189874 -0.00307352)
(0.00761141 -0.0204214 -0.00195319)
(0.0112472 -0.0182599 -0.0072004)
(0.0111918 -0.0190492 -0.00618443)
(0.0102609 -0.0192073 -0.00504542)
(0.00922349 -0.0187477 -0.00356815)
(0.00846863 -0.020039 -0.00284351)
(0.00747347 -0.0200607 -0.00190976)
(0.00243718 -0.0205265 -0.00141918)
(0.00464467 -0.0206489 -0.00153282)
(0.00394119 -0.0194317 -0.000999319)
(0.00515315 -0.0195222 -0.00091362)
(0.00665675 -0.0202644 -0.0016925)
(-0.00105107 -0.0225635 -0.00169514)
(-0.000362551 -0.0213895 -0.000805094)
(0.00226523 -0.0200269 0.000566375)
(0.00295022 -0.0195547 0.000868938)
(0.00100568 -0.0196327 -0.000500035)
(0.000373799 -0.0195404 -0.000778711)
(0.000499351 -0.0185451 -0.00180873)
(-0.00269396 -0.0217682 -0.00302953)
(-0.00239921 -0.0206941 -0.00284491)
(-0.00225523 -0.0226531 -0.00402355)
(0.00104554 -0.0138127 -0.0128619)
(0.000308281 -0.0157053 -0.0131806)
(0.0002708 -0.0160864 -0.012669)
(-0.000243952 -0.017231 -0.0120187)
(0.000978974 -0.0157737 -0.0127202)
(-0.00290217 -0.0214836 -0.0056394)
(-0.00188899 -0.0208555 -0.00482849)
(-0.000761717 -0.0157419 -0.0128973)
(-0.000909773 -0.01693 -0.0121081)
(-0.000554764 -0.0154803 -0.0129261)
(-0.00277145 -0.0197506 -0.00611166)
(-0.00206181 -0.0178688 -0.0118974)
(-0.00250086 -0.0187029 -0.00585248)
(-0.00292902 -0.0190344 -0.00506691)
(-0.00350942 -0.0209824 -0.0049056)
(-0.00343158 -0.0206839 -0.00571509)
(-0.00268173 -0.0197874 -0.00744434)
(0.00330151 -0.00935767 0.000375536)
(0.00453361 -0.00753729 0.000208049)
(0.00479443 -0.00843687 0.000197128)
(0.00407112 -0.00923058 0.000282811)
(0.0052063 -0.0101519 -0.00544401)
(0.00541884 -0.0100395 -0.00451528)
(0.00542645 -0.00938732 -0.00447108)
(0.00554448 -0.0102386 -0.00544505)
(0.00494925 -0.00797692 -0.00234057)
(0.0051709 -0.00820706 -0.00284207)
(0.00525263 -0.00852421 -0.00345425)
(0.00513272 -0.0089113 -0.0050658)
(0.00477693 -0.00906173 -0.00629079)
(0.00507576 -0.00974505 -0.00603024)
(0.00516062 -0.00876421 -0.00409487)
(0.0053574 -0.00870067 -0.00270414)
(0.00503684 -0.00757611 -0.000670141)
(0.0052598 -0.00812138 -0.00138413)
(0.00559842 -0.0089154 -0.00373128)
(0.00554457 -0.00855345 -0.00299211)
(0.00509795 -0.00826007 -0.000556115)
(0.00501866 -0.00836801 -0.00185479)
(0.00533319 -0.00865694 -0.000956434)
(0.00544542 -0.00879162 -0.00169871)
(0.00539546 -0.00867719 -0.0021755)
(0.00543048 -0.00852909 -0.00122828)
(0.00544895 -0.00842577 -0.00125)
(0.00123725 -0.0148176 0.000996965)
(0.00378583 -0.00925178 0.00156567)
(0.00402625 -0.00925531 0.00156472)
(0.00410775 -0.00973518 0.00186429)
(0.00113403 -0.0132661 0.00180207)
(0.00194524 -0.0124314 0.00201962)
(0.00355826 -0.0116958 0.00238898)
(0.00467767 -0.00780489 0.000210715)
(0.00521344 -0.00796017 -0.000276927)
(0.00541189 -0.00809341 -1.62676e-05)
(0.00513175 -0.00772471 -0.000317968)
(0.00444988 -0.00853096 0.00139135)
(0.00479498 -0.0082292 0.000761187)
(0.00448406 -0.00854229 0.00101836)
(0.00429686 -0.00854669 0.00132048)
(0.00513824 -0.0076204 0.000387552)
(0.00502485 -0.00823624 0.00104402)
(0.0052447 -0.00799778 0.000607245)
(0.00343838 -0.0120157 0.00134552)
(0.00360895 -0.0098425 0.00164677)
(0.00317173 -0.0110622 0.00194122)
(0.00295298 -0.0127153 0.00190748)
(0.00153222 -0.0129384 0.00136046)
(0.00242747 -0.0125752 0.00159954)
(0.00218723 -0.0124892 0.00157298)
(0.00299662 -0.0113183 0.00183907)
(0.00266669 -0.0112052 0.00164341)
(0.0047776 -0.00851289 0.000147672)
(0.00491123 -0.00841755 -0.000265532)
(0.00373121 -0.0106946 0.00133937)
(0.00388124 -0.0100474 0.000899792)
(0.00457516 -0.00930703 0.000664585)
(0.00441683 -0.00890988 0.000192979)
(0.00397943 -0.00995937 0.000607573)
(0.00468766 -0.00913559 0.000371697)
(0.00540771 -0.00905603 -0.00437428)
(0.0053754 -0.00879193 -0.00357384)
(0.00507717 -0.00914688 -0.00510341)
(0.00561867 -0.00926315 -0.00349155)
(0.00345275 -0.0116027 0.00427038)
(0.00293744 -0.0123261 0.0042449)
(0.00228173 -0.0138943 0.00428986)
(0.00113281 -0.0138853 0.00377607)
(0.00174714 -0.0125416 0.00363338)
(0.00136629 -0.0137629 0.00364404)
(0.00566885 -0.00769649 0.000503087)
(0.00562792 -0.00760918 -5.0817e-05)
(0.00579989 -0.00788794 -0.00047677)
(0.00517983 -0.00813236 0.00162052)
(0.00520477 -0.008419 0.00200267)
(0.00525906 -0.00801869 0.00124694)
(0.00540475 -0.00815417 0.00153587)
(0.00573593 -0.00801303 0.000820415)
(0.00542435 -0.00750536 0.000204229)
(0.0051441 -0.00784538 0.00109593)
(0.00556612 -0.00912845 0.00330652)
(0.00506317 -0.00823049 0.00226128)
(0.00490236 -0.00827434 0.00235503)
(0.00497676 -0.00889113 0.00265384)
(0.00397927 -0.0112272 0.00436541)
(0.0041146 -0.0102168 0.00414657)
(0.0040558 -0.0107877 0.00392314)
(0.00445122 -0.00909289 0.00308775)
(-0.000693578 -0.0181164 -0.00851785)
(-0.000654013 -0.0166651 -0.00754345)
(0.00561461 -0.00981434 -0.00450318)
(0.00540881 -0.00951202 -0.00463046)
(0.00220624 -0.0132509 -0.0086059)
(0.000503717 -0.0152659 -0.0092426)
(0.00193309 -0.0155071 -0.00897735)
(0.00493029 -0.0111251 -0.00602065)
(0.00456886 -0.0103162 -0.00669857)
(0.00463683 -0.0116156 -0.0069542)
(0.00346687 -0.0134599 -0.00830656)
(0.00380533 -0.0126945 -0.0080501)
(0.00327334 -0.0134298 -0.00840485)
(0.00472243 -0.0106315 -0.00407125)
(0.0050909 -0.00985883 -0.00345844)
(0.00486111 -0.00945263 -0.00381641)
(0.0046005 -0.0105368 -0.00494378)
(0.00473739 -0.0107211 -0.0049272)
(0.00564813 -0.00884535 -0.0030134)
(0.00526162 -0.00735504 1.45274e-05)
(0.00569661 -0.00799226 -0.000342717)
(0.00549812 -0.00771622 -0.000487882)
(0.00389219 -0.0188075 -0.0109424)
(0.00196299 -0.0192959 -0.00908533)
(0.00287889 -0.0191018 -0.0104696)
(0.00294274 -0.0196639 -0.00984838)
(0.00474051 -0.0174172 -0.0122047)
(0.00398126 -0.0181621 -0.0115571)
(0.00621232 -0.0186431 -0.0127824)
(0.0070148 -0.0193367 -0.0122691)
(0.00500444 -0.0178555 -0.0125244)
(-0.00103065 -0.0176355 -0.00626404)
(0.00204648 -0.0195882 -0.0101215)
(-6.22844e-06 -0.0196533 -0.00822396)
(0.00128946 -0.0201533 -0.00852679)
(0.00135602 -0.01997 -0.0092589)
(-0.000204749 -0.0183392 -0.00936335)
(-0.000708344 -0.0182508 -0.00927888)
(0.0019861 -0.0188089 -0.0107221)
(0.00257158 -0.0179596 -0.0114723)
(0.000824582 -0.0183473 -0.0103016)
(0.00260795 -0.0181273 -0.0122361)
(0.00425962 -0.0193629 -0.0125826)
(0.00164588 -0.0181266 -0.0115112)
(0.00204561 -0.0190846 -0.0125725)
(0.00454873 -0.0183079 -0.0121368)
(0.00617233 -0.0196425 -0.0126247)
(0.00468882 -0.0190033 -0.0123615)
(0.00354262 -0.019204 -0.0126126)
(0.00624319 -0.0183278 -0.0118959)
(0.00979704 -0.0168306 -0.00629652)
(0.010143 -0.0158132 -0.00470985)
(0.010203 -0.0170192 -0.00504614)
(0.0101893 -0.0175069 -0.00576948)
(0.00253292 -0.017819 0.00384734)
(0.0017719 -0.0188707 0.0036615)
(0.000533317 -0.0191253 0.00339115)
(0.00435703 -0.0176873 0.00586032)
(0.00511541 -0.0170346 0.00536304)
(0.0014954 -0.0181429 0.00384206)
(-0.00110627 -0.0178489 0.00352897)
(-0.000768605 -0.0177112 0.0034411)
(0.000452647 -0.0178301 0.00393522)
(-0.000279603 -0.0168693 0.004074)
(0.00559299 -0.0150211 0.00374072)
(0.00445248 -0.0182115 0.00383797)
(0.00539497 -0.0175559 0.00361567)
(0.00453801 -0.016611 0.00379567)
(0.00365949 -0.0180587 0.00376751)
(0.00959705 -0.0151798 -0.000829164)
(0.0106663 -0.0166049 -0.0041473)
(0.00885862 -0.0165639 0.00137549)
(0.00909251 -0.0158486 0.000331573)
(0.0109563 -0.0171508 -0.000503977)
(0.0101921 -0.0159246 0.000644587)
(0.00968361 -0.0161868 0.0013596)
(0.0111775 -0.0172577 -0.0033194)
(0.0107347 -0.0166942 -0.00427869)
(0.0104828 -0.0159117 -0.00337468)
(0.0110959 -0.0167639 -0.0021226)
(0.0099017 -0.0149955 -0.00258218)
(0.00985827 -0.015684 -0.000699297)
(0.0102536 -0.0159721 -0.00182223)
(0.0117417 -0.0201607 -0.00320376)
(0.0102786 -0.018041 -0.00373547)
(0.0110483 -0.0167797 0.00255106)
(0.0120084 -0.0177529 0.00192058)
(0.0102091 -0.0192997 -0.00505899)
(0.0111116 -0.0185114 -0.00298576)
(0.0107507 -0.0187742 -0.00362549)
(0.0123819 -0.0191827 -0.00219845)
(0.0110169 -0.0168182 9.45504e-05)
(0.0109667 -0.0166474 -0.00121915)
(0.0113221 -0.0178778 -0.0037941)
(0.0107565 -0.0179671 -0.00481948)
(0.0114342 -0.0182197 -0.00265387)
(0.0122083 -0.0184984 -0.000756334)
(0.0100719 -0.0192987 -0.00497692)
(0.0106632 -0.0188467 -0.00516563)
(0.0101201 -0.0201018 -0.00571295)
(0.00184579 -0.0174904 0.0057672)
(0.00342692 -0.0179525 0.00595739)
(-5.56944e-05 -0.0184112 0.0078874)
(0.00610882 -0.0164239 0.00713426)
(0.00691926 -0.016575 0.00662802)
(-1.03578e-05 -0.0183395 0.0073805)
(0.00265567 -0.0187247 0.00619878)
(0.00359272 -0.0183821 0.00645372)
(0.00302164 -0.0185043 0.00663012)
(0.00250365 -0.0179155 0.00648746)
(-0.000521131 -0.0195382 0.00566383)
(0.000781982 -0.0182219 0.00590757)
(-0.00134121 -0.0184848 0.00469496)
(-0.00138238 -0.0185393 0.00423657)
(0.0123204 -0.0182099 0.000788287)
(0.0112282 -0.0173493 -0.00217289)
(0.0124608 -0.0192965 -0.00125487)
(0.0114428 -0.0165727 -0.000174218)
(0.0120578 -0.0171586 0.000429255)
(0.011868 -0.0170795 -0.00123835)
(0.00549847 -0.0173623 0.00839916)
(0.00431694 -0.0181306 0.00906008)
(0.00231973 -0.0174066 0.00929065)
(0.0101445 -0.0170558 0.00605623)
(0.00640915 -0.0181806 0.00920146)
(0.00704036 -0.0160083 0.00709037)
(0.00826425 -0.0165324 0.00679508)
(0.00835206 -0.0169738 0.00818012)
(0.00939385 -0.017441 0.00727867)
(0.00683303 -0.0180371 0.00880951)
(0.0102305 -0.0161769 0.00463968)
(0.011612 -0.0166668 0.00197275)
(0.0103711 -0.0169859 0.00449226)
(0.011638 -0.0176948 0.00295185)
(0.0110133 -0.016812 0.0048776)
(0.010887 -0.0161133 0.00520295)
(0.0115692 -0.0165614 0.00253328)
(0.00137564 -0.0183613 0.00688486)
(0.000369212 -0.0188638 0.00640569)
(7.21961e-05 -0.0166999 0.00682265)
(-0.000300981 -0.0178481 0.00621476)
(0.00380709 -0.0170909 0.0081746)
(0.00146055 -0.0171499 0.00747107)
(0.00241933 -0.0171296 0.00793316)
(0.00195936 -0.0169399 0.00718139)
(0.00356844 -0.0172334 0.00737373)
(0.00416816 -0.0165275 0.00755139)
(0.0107918 -0.0193719 -0.00402115)
(0.0121974 -0.0192258 -0.00186728)
(0.0112301 -0.0189504 -0.00386421)
(0.0113968 -0.0192973 -0.00317625)
(0.0112697 -0.0197479 -0.00371796)
(0.0116681 -0.0187184 -0.00250342)
(0.0120399 -0.0186229 -0.00185155)
(0.0118894 -0.0176376 -0.00168694)
(0.0113378 -0.0177182 -0.00224598)
(0.0123536 -0.0179129 -0.000501272)
(0.0118797 -0.0171599 0.000285834)
(0.0117729 -0.0176087 -0.000282917)
(0.00845283 -0.0146388 0.00157524)
(0.0096831 -0.0153654 -0.00018779)
(0.00592144 -0.016454 0.00331366)
(0.006291 -0.0149933 0.0031512)
(0.00823111 -0.0156569 0.00198048)
(0.00871721 -0.0156977 0.00114909)
(0.00664929 -0.0168157 0.00289225)
(0.00807948 -0.0167275 0.00178163)
(0.0114083 -0.0184128 0.00194693)
(0.0114468 -0.0174385 0.000872404)
(0.00990886 -0.0182233 0.00365142)
(0.0104589 -0.0172067 0.00227919)
(0.0103354 -0.0161157 0.00132587)
(0.0082962 -0.0179067 0.00493899)
(0.00526801 -0.0185719 0.00648259)
(0.00643756 -0.0183241 0.00608013)
(0.00739381 -0.0181886 0.00552931)
(0.00775184 -0.0174867 0.00536612)
(0.00638776 -0.0177763 0.00625972)
(0.00902903 -0.0174499 0.00498984)
(0.00815694 -0.0177284 0.00582869)
(0.00955642 -0.017316 0.00419022)
(0.0110132 -0.0173695 0.00233409)
(0.00503867 -0.0102933 -0.00504284)
(0.00565255 -0.00892808 -0.00331895)
(0.00566088 -0.00915991 -0.00344151)
(0.00544747 -0.0103749 -0.00462662)
(0.0055937 -0.0103586 -0.00402672)
(0.00562775 -0.00792457 -0.000955025)
(0.0058849 -0.00811851 -0.00109643)
(0.0057228 -0.0081664 -0.00174884)
(0.0057595 -0.00867918 -0.00259101)
(0.00538867 -0.00843606 -0.00234704)
(0.00546319 -0.00933163 -0.0031429)
(0.00540987 -0.00904869 -0.00340539)
(0.00587269 -0.00895606 -0.00274726)
(0.00591164 -0.00853514 -0.00159445)
(0.00575282 -0.00819904 -0.00184411)
(0.00488539 -0.0103299 -0.0058705)
(0.00500655 -0.0119032 -0.00671495)
(0.00396399 -0.0121309 -0.00714759)
(0.00385656 -0.0119083 -0.00759219)
(0.00571145 -0.0109047 -0.00549453)
(0.00471665 -0.0118226 -0.0066152)
(0.00501483 -0.0108137 -0.00593214)
(0.00549991 -0.010597 -0.00520099)
(0.00443835 -0.010677 -0.00598379)
(0.00493355 -0.0121717 -0.00651818)
(0.00474484 -0.0104405 -0.00612659)
(0.00231834 -0.0135341 -0.0083343)
(0.0032962 -0.0130762 -0.00748198)
(0.00371131 -0.013526 -0.00752766)
(0.00365026 -0.0114581 -0.0071706)
(0.00405817 -0.0118171 -0.00651313)
(0.00273194 -0.0134229 -0.00779776)
(0.00440684 -0.00918621 0.00197951)
(0.00411149 -0.00954798 0.00203936)
(0.00246209 -0.012436 0.00302368)
(0.00352287 -0.0103061 0.00250289)
(0.00280344 -0.0112933 0.0026508)
(0.00477736 -0.00895299 0.00196863)
(0.00473843 -0.00839587 0.00203673)
(0.00470612 -0.00894072 0.00253446)
(0.00446472 -0.00841936 0.00205604)
(0.00308921 -0.0115884 0.00375946)
(0.00267652 -0.0114347 0.00357015)
(0.00395703 -0.00956869 0.00296243)
(0.00367207 -0.0102798 0.00347663)
(0.00533589 -0.0080917 -0.00197103)
(0.00555816 -0.00879307 -0.00291966)
(0.00559253 -0.00883613 -0.00219854)
(0.0051705 -0.00802897 -0.00164651)
(0.00555886 -0.00876408 -0.00331449)
(0.00566366 -0.00861463 -0.00271713)
(0.00579321 -0.00877385 -0.00273809)
(0.00564435 -0.00929776 -0.00396435)
(0.0057598 -0.00901154 -0.0033836)
(0.00570504 -0.00946737 -0.00386045)
(-0.00310963 -0.0194802 -0.0089218)
(-0.00287042 -0.0191497 -0.00979388)
(-0.00311355 -0.0204162 -0.00887646)
(-0.00258533 -0.0202597 -0.00723133)
(-0.00334672 -0.0192694 -0.0094797)
(-0.00320266 -0.0196229 -0.00978991)
(-0.00204428 -0.0171508 -0.011105)
(-0.00211647 -0.0190574 -0.0104448)
(-0.000919775 -0.0172963 -0.0117865)
(-0.00084006 -0.0176357 -0.0112642)
(-0.00176636 -0.0175194 -0.0104766)
(-0.00217197 -0.0186446 -0.00972982)
(-0.00105546 -0.0211922 -0.00181299)
(-0.00242098 -0.0183572 -0.00372306)
(-0.0015219 -0.0207393 -0.0031709)
(-0.00398392 -0.0205034 -0.00518373)
(-0.00364158 -0.0182974 -0.00450368)
(0.00338688 -0.0133946 -0.00395612)
(0.0029625 -0.0144924 -0.00382206)
(0.00437376 -0.0125319 -0.0030947)
(0.00128836 -0.0215056 -0.000243404)
(-0.000775529 -0.0192756 0.00117374)
(0.000874588 -0.0218973 0.00128175)
(0.00414144 -0.00702242 -0.00156045)
(0.00442084 -0.00719925 -0.00227351)
(0.00379543 -0.00694811 -0.00156666)
(0.00478253 -0.00741014 -0.00347382)
(0.00492834 -0.00749235 -0.00442137)
(0.00515082 -0.0074445 -0.00410185)
(0.0050874 -0.00728655 -0.00472626)
(0.00335669 -0.00799656 -0.000537882)
(0.00307818 -0.00797934 -0.000383224)
(0.0038457 -0.00818049 -0.000669355)
(0.00320182 -0.00836543 -0.000295681)
(0.00926787 -0.0178493 -0.00354269)
(0.0100303 -0.0172679 -0.00476395)
(0.0103299 -0.0177572 -0.00593119)
(0.00978052 -0.0172533 -0.00362243)
(0.010294 -0.0192627 -0.00504756)
(0.0094122 -0.0175605 -0.00359543)
(-0.00491952 -0.0194057 -0.00772236)
(-0.00467514 -0.018874 -0.010578)
(-0.00527291 -0.018502 -0.00916734)
(-0.00544086 -0.0199739 -0.00502226)
(-0.00426472 -0.0185783 -0.00963038)
(-0.00362695 -0.0201696 -0.00930362)
(-0.00291251 -0.0219018 -0.00380779)
(-0.00348676 -0.020823 -0.00479561)
(-0.00326498 -0.0202952 -0.00572619)
(-0.00406255 -0.0231111 -0.00473362)
(-0.00471007 -0.0200779 -0.00581501)
(0.0041582 -0.00788838 -0.000470448)
(0.00417888 -0.00872391 2.27715e-05)
(0.00418628 -0.00860438 3.70475e-06)
(0.00417054 -0.00761515 -0.000752129)
(0.00448514 -0.00777468 -0.00108087)
(0.00448648 -0.00783768 -0.0012806)
(0.00486956 -0.00845071 -0.000962756)
(0.00435307 -0.00745564 -0.00116942)
(0.00462632 -0.00782067 -0.00105018)
(0.00465173 -0.00841314 -0.000149016)
(0.00450586 -0.00831026 -0.000526605)
(0.00451486 -0.00861526 -4.14857e-05)
(0.00426516 -0.00859738 -0.00011601)
(0.00437907 -0.00806995 -0.000522928)
(0.00456596 -0.00777561 -0.000817165)
(0.0029875 -0.0101535 0.000486316)
(0.00321483 -0.0120076 0.00105694)
(0.000811346 -0.0126392 -7.2236e-05)
(0.0018494 -0.0120669 4.02318e-05)
(0.0024367 -0.0111638 0.000584043)
(0.00245703 -0.0105187 0.000242614)
(0.0017814 -0.0144817 0.000685907)
(0.00232632 -0.0134484 0.000917139)
(0.00194141 -0.0119215 0.000553787)
(0.00112107 -0.0144569 0.00010474)
(0.00218961 -0.0139442 0.00133596)
(0.0013908 -0.0131079 0.000308056)
(0.00488103 -0.0112547 -0.00783691)
(0.00455785 -0.0103919 -0.00723916)
(0.00419342 -0.0112157 -0.00923156)
(0.00164532 -0.0122152 -0.011117)
(0.000969316 -0.0122911 -0.0122175)
(0.000212092 -0.0140612 -0.0123883)
(-0.00118351 -0.0147256 -0.012308)
(-0.000152583 -0.0152769 -0.0126633)
(-0.000884719 -0.0163139 -0.0126675)
(-0.00162266 -0.0169609 -0.0127541)
(-0.00190192 -0.0166781 -0.0120449)
(0.00294457 -0.0102663 -0.0101933)
(0.00252894 -0.0119051 -0.0113761)
(0.000797864 -0.0144854 -0.0128444)
(0.000145996 -0.0150116 -0.0132661)
(0.00245499 -0.0131411 -0.0120451)
(0.00282559 -0.0126222 -0.0113301)
(-0.000492433 -0.0142726 -0.0111045)
(-0.00135881 -0.0158051 -0.0109288)
(0.00145531 -0.0151875 -0.00890596)
(0.00215359 -0.0141234 -0.00894453)
(0.000309141 -0.0139441 -0.00977946)
(0.0015732 -0.0137624 -0.00940796)
(-0.00364778 -0.0186341 -0.00884122)
(-0.00446011 -0.0178744 -0.00895149)
(-0.00271581 -0.0157513 -0.0105163)
(-0.00325168 -0.0175008 -0.00978117)
(-0.00224661 -0.016552 -0.0105828)
(-0.002493 -0.0181489 -0.0099589)
(-0.000709836 -0.0154139 -0.00979607)
(8.089e-05 -0.0163935 -0.00986427)
(0.0049388 -0.00818851 -0.00332119)
(0.00463532 -0.00722656 -0.00256934)
(0.00456907 -0.00759607 -0.00249097)
(0.00529346 -0.0082021 -0.0034225)
(0.00545001 -0.00891313 -0.00720742)
(0.00481163 -0.00894762 -0.00846571)
(0.00539266 -0.00845462 -0.00568439)
(0.00504674 -0.00956253 -0.00818457)
(0.00453929 -0.00915228 -0.00814254)
(0.00195433 -0.0161253 0.00510252)
(0.00130422 -0.0128018 0.00445941)
(0.00166392 -0.0125862 0.00511579)
(0.000651344 -0.014178 0.00148411)
(0.000724868 -0.0157228 0.00120867)
(0.000243051 -0.0197629 -0.00144259)
(0.000961096 -0.0163844 0.000494359)
(0.000254648 -0.0168336 -0.000364054)
(-0.000406245 -0.0179592 -0.00153977)
(0.000687724 -0.0151792 0.00167278)
(-0.000168385 -0.0193876 -0.00112033)
(-0.000489545 -0.0176847 0.00102607)
(-0.00112321 -0.0195109 -0.00118503)
(0.00490654 -0.00875755 0.00406152)
(0.00433179 -0.00881063 0.00437564)
(0.00525306 -0.00750125 0.00279909)
(0.00458953 -0.00757055 0.00335731)
(0.00550183 -0.00802283 0.00311042)
(0.00543813 -0.00716057 0.00221347)
(-0.000751231 -0.0166364 -0.0081272)
(6.02582e-05 -0.0174807 -0.0100426)
(-0.000665571 -0.0167972 -0.00906814)
(0.00853617 -0.0168188 -0.0108969)
(0.0082998 -0.0189779 -0.0125472)
(0.00782961 -0.0188737 -0.0120518)
(0.00885499 -0.0196644 -0.0118021)
(0.0106766 -0.0159144 -0.0040978)
(0.0107954 -0.0165658 -0.00754535)
(-0.00167534 -0.0195169 -0.000273456)
(-0.00269063 -0.0179693 0.000345633)
(0.000558325 -0.019496 0.001137)
(-0.00280409 -0.0204138 -0.00040501)
(-0.0026847 -0.0189974 0.000841892)
(-0.00290766 -0.0191554 0.00192641)
(-0.0018988 -0.0186064 0.00247811)
(-0.000763033 -0.0186901 0.00235444)
(-0.00433312 -0.0202244 -0.00303631)
(-0.00430947 -0.0211947 -0.00260399)
(-0.00447364 -0.0192884 -0.00477495)
(-0.00524021 -0.0204022 -0.00367498)
(-0.00383095 -0.0176671 0.00034983)
(-0.00429938 -0.0181227 -0.00218701)
(-0.00482634 -0.0186583 -0.00178613)
(-0.00339481 -0.0182336 -0.000347918)
(0.011504 -0.0189608 -0.00569719)
(0.0110048 -0.0179155 -0.00398162)
(0.011497 -0.0189086 -0.00858369)
(0.0114243 -0.0183684 -0.00774894)
(0.0115904 -0.0196126 -0.00833617)
(0.0116388 -0.0189528 -0.00674436)
(0.01193 -0.0195262 -0.00611808)
(0.0117916 -0.0189487 -0.00657514)
(0.000967179 -0.0210704 -0.00515428)
(0.000565596 -0.0205158 -0.00538794)
(0.00160633 -0.0214583 -0.00598549)
(0.00238704 -0.0209975 -0.0067185)
(-0.00270375 -0.0195431 -0.00343485)
(-0.00245997 -0.0195143 -0.00350515)
(-0.00143499 -0.0175757 -0.00475591)
(-0.00273296 -0.0185307 -0.00483092)
(0.00189762 -0.0154474 -0.00532322)
(0.00139107 -0.0145344 -0.00507166)
(0.000432527 -0.0149898 -0.00558279)
(-7.85338e-05 -0.0158348 -0.00617961)
(-0.00475288 -0.0190754 -0.00251185)
(-0.00379968 -0.0199423 -0.000636123)
(-0.0039382 -0.0209275 -0.000641432)
(-0.00352 -0.0187473 -0.00472348)
(-0.00390426 -0.0195445 -0.00364793)
(-0.00291809 -0.0177769 -0.00558833)
(-0.00274567 -0.0185246 -0.00551412)
(-0.0036492 -0.0199334 -0.00346413)
(-0.00380642 -0.0197557 -0.00369172)
(-0.00382398 -0.0203536 -0.00200443)
(-0.00376717 -0.0198062 -0.00190786)
(-0.00343752 -0.0188986 -0.00477238)
(-0.00329616 -0.0195597 -0.00481422)
(0.00715412 -0.0155786 0.00157825)
(0.00982651 -0.0172302 -0.00131996)
(0.0104257 -0.0164687 -0.00223328)
(0.00849641 -0.0160135 -0.000100964)
(0.00622466 -0.0184158 0.00137972)
(0.00655805 -0.0166266 0.00128008)
(0.00460653 -0.0193682 0.0020559)
(0.00158936 -0.0170152 0.00339193)
(0.00317507 -0.0173977 0.00328719)
(0.00456263 -0.0167227 0.00296903)
(0.00244952 -0.0161694 0.00296694)
(0.00413447 -0.0173269 0.00187065)
(-0.00019951 -0.0175127 -0.00225538)
(-7.51907e-07 -0.0196474 -0.00733672)
(-0.00107202 -0.0185916 -0.00549219)
(0.000179964 -0.0195768 -0.00507171)
(0.000151143 -0.0191516 -0.00559146)
(-0.000715537 -0.0181962 -0.00419839)
(-0.000457486 -0.0176866 -0.00337589)
(-0.000655989 -0.0182362 -0.00473201)
(-8.14932e-06 -0.0184212 -0.0029083)
(0.00499869 -0.0170597 -0.0122186)
(0.00503238 -0.0175853 -0.0128967)
(0.00590111 -0.0180966 -0.0131115)
(0.00637765 -0.0187727 -0.012268)
(0.00879424 -0.0180964 -0.0107807)
(0.00651242 -0.018242 -0.0121149)
(0.00916629 -0.0180057 -0.0110509)
(0.00694728 -0.0177887 -0.0129678)
(0.00751129 -0.0181799 -0.0128595)
(0.00766836 -0.018164 -0.0124366)
(0.00683226 -0.0173286 -0.0126041)
(0.0083646 -0.0174341 -0.0116253)
(0.0089361 -0.0175717 -0.0118103)
(0.00848422 -0.0174884 -0.0117952)
(0.000520615 -0.0207118 -0.0023855)
(-0.00165067 -0.0202378 -0.00451741)
(-0.000486957 -0.0205681 -0.00264327)
(-0.000835224 -0.0207642 -0.00321502)
(-0.00145641 -0.0205934 -0.00430823)
(-0.00094404 -0.0200393 -0.00334691)
(0.00520171 -0.00777685 -0.000378181)
(0.00513386 -0.0077026 6.25976e-05)
(0.00503699 -0.00774367 0.000508936)
(0.00549203 -0.00774856 0.000445393)
(0.00542976 -0.00762143 -0.000193664)
(0.00529526 -0.00755954 0.00036125)
(0.00510211 -0.00758395 0.000941764)
(0.00567152 -0.00814008 -0.000988014)
(0.00565051 -0.00821029 -0.00157552)
)
;
    }
    INLET
    {
        type            calculated;
        value           nonuniform 0();
    }
    OUTLET
    {
        type            calculated;
        value           nonuniform 0();
    }
    procBoundary7to8
    {
        type            processor;
        value           uniform (0 0 0);
    }
    procBoundary7to23
    {
        type            processor;
        value           uniform (0 0 0);
    }
}


// ************************************************************************* //
