#pt3d 400
2.705432 32.715530 -10.228734
2.628119 32.491508 -10.105993
2.550807 32.267487 -9.983253
2.473494 32.043468 -9.860513
2.396181 31.819447 -9.737772
2.318869 31.595427 -9.615031
2.241556 31.371405 -9.492290
2.164243 31.147385 -9.369551
2.086931 30.923363 -9.246810
2.009618 30.699343 -9.124069
1.932305 30.475321 -9.001328
1.854993 30.251301 -8.878588
1.777680 30.027279 -8.755847
1.700368 29.803259 -8.633107
1.623055 29.579237 -8.510366
1.545742 29.355217 -8.387626
1.468430 29.131197 -8.264885
1.391117 28.907175 -8.142144
1.313805 28.683155 -8.019403
1.236492 28.459133 -7.896663
1.159179 28.235113 -7.773923
1.081867 28.011091 -7.651182
1.004554 27.787071 -7.528441
0.927241 27.563049 -7.405701
0.849929 27.339029 -7.282960
0.772616 27.115007 -7.160220
0.695304 26.890987 -7.037479
0.617991 26.666967 -6.914739
0.540678 26.442945 -6.791998
0.463366 26.218925 -6.669258
0.386053 25.994904 -6.546517
0.308740 25.770884 -6.423777
0.231428 25.546862 -6.301036
0.154115 25.322842 -6.178295
0.076803 25.098820 -6.055555
-0.000510 24.874800 -5.932814
-0.077823 24.650778 -5.810073
-0.155135 24.426758 -5.687333
-0.232448 24.202736 -5.564592
-0.309761 23.978716 -5.441852
-0.387073 23.754696 -5.319111
-0.464386 23.530674 -5.196371
-0.541698 23.306654 -5.073630
-0.619011 23.082632 -4.950890
-0.696324 22.858612 -4.828149
-0.773636 22.634590 -4.705408
-0.850949 22.410570 -4.582668
-0.928261 22.186548 -4.459927
-1.020356 21.965292 -4.343894
-1.130350 21.747383 -4.235982
-1.241749 21.529953 -4.128810
-1.381822 21.322273 -4.036741
-1.521894 21.114594 -3.944673
-1.680171 20.916136 -3.863440
-1.845009 20.721004 -3.786113
-2.018022 20.531424 -3.714012
-2.201184 20.348736 -3.648401
-2.385888 20.167360 -3.583746
-2.581217 19.995012 -3.525689
-2.776546 19.822664 -3.467631
-2.977103 19.655706 -3.411873
-3.179467 19.490614 -3.356910
-3.382684 19.326685 -3.301667
-3.588106 19.165756 -3.245702
-3.793528 19.004829 -3.189737
-3.999052 18.845179 -3.130617
-4.204611 18.685982 -3.070371
-4.409928 18.526819 -3.009256
-4.613701 18.367868 -2.942628
-4.817474 18.208920 -2.876000
-5.019858 18.049788 -2.805776
-5.220938 17.890482 -2.732175
-5.422017 17.731178 -2.658574
-5.620791 17.571508 -2.579709
-5.819405 17.411812 -2.500479
-6.017587 17.251961 -2.420488
-6.215292 17.091940 -2.339658
-6.413505 16.931774 -2.260426
-6.613409 16.771128 -2.186543
-6.815243 16.610092 -2.120061
-7.021636 16.448137 -2.071066
-7.232639 16.287090 -2.069106
-7.431361 16.138975 -2.148138
-7.578207 16.028091 -2.331007
-7.668393 15.951132 -2.567511
-7.727366 15.890121 -2.820504
-7.758711 15.834309 -3.079599
-7.786876 15.776628 -3.338567
-7.804959 15.713031 -3.597133
-7.821966 15.647249 -3.855159
-7.833116 15.569574 -4.110248
-7.844265 15.491900 -4.365336
-7.850739 15.400084 -4.615762
-7.856388 15.305777 -4.865366
-7.859135 15.204526 -5.112092
-7.857649 15.093152 -5.354623
-7.856163 14.981777 -5.597155
-7.845029 14.855771 -5.832070
-7.832809 14.728119 -6.066129
-7.814675 14.594793 -6.296329
-7.787120 14.452429 -6.520385
-7.759565 14.310064 -6.744441
-7.714178 14.156358 -6.957709
-7.666933 14.001470 -7.169854
-7.609159 13.841932 -7.375381
-7.539645 13.677211 -7.573529
-7.468412 13.511929 -7.770455
-7.377079 13.340083 -7.953088
-7.285746 13.168237 -8.135722
-7.181604 12.992729 -8.307341
-7.072037 12.815670 -8.474293
-6.958414 12.637068 -8.636569
-6.836300 12.455235 -8.789058
-6.714187 12.273401 -8.941546
-6.586399 12.086056 -9.082207
-6.458207 11.898319 -9.222027
-6.330226 11.706028 -9.355524
-6.202422 11.509896 -9.483691
-6.075753 11.311762 -9.609696
-5.954528 11.104007 -9.725326
-5.833303 10.896252 -9.840956
-5.722707 10.675917 -9.942777
-5.613975 10.453375 -10.042177
-5.515950 10.220998 -10.127929
-5.425113 9.982021 -10.204522
-5.343430 9.736860 -10.268154
-5.274461 9.483111 -10.313787
-5.212162 9.226737 -10.348440
-5.166103 8.963976 -10.356370
-5.123624 8.701058 -10.357150
-5.097772 8.437413 -10.324738
-5.072451 8.174006 -10.290932
-5.061374 7.917018 -10.219786
-5.050297 7.660028 -10.148640
-5.046538 7.413274 -10.047974
-5.044144 7.168428 -9.941800
-5.043964 6.933125 -9.817050
-5.045277 6.704261 -9.679765
-5.046831 6.481343 -9.533844
-5.048909 6.271409 -9.369067
-5.050990 6.061736 -9.203997
-5.053270 5.872878 -9.015435
-5.055550 5.684021 -8.826874
-5.059114 5.510290 -8.624736
-5.063216 5.342872 -8.416933
-5.069216 5.183086 -8.203578
-5.078089 5.034851 -7.981823
-5.087651 4.887871 -7.759321
-5.104180 4.753593 -7.529269
-5.120709 4.619316 -7.299216
-5.144307 4.490180 -7.066896
-5.169859 4.362466 -6.833950
-5.199229 4.233782 -6.602027
-5.232631 4.104074 -6.371186
-5.266848 3.972146 -6.141787
-5.304107 3.831947 -5.917770
-5.341366 3.691748 -5.693753
-5.376184 3.534232 -5.481169
-5.410931 3.376214 -5.268918
-5.438007 3.200732 -5.070065
-5.462841 3.020147 -4.875129
-5.477760 2.825375 -4.694153
-5.486331 2.621520 -4.522114
-5.486084 2.408593 -4.362374
-5.475267 2.184791 -4.217379
-5.459383 1.957133 -4.079952
-5.429973 1.719183 -3.962723
-5.400089 1.480968 -3.846273
-5.355539 1.234560 -3.753934
-5.310990 0.988153 -3.661594
-5.258445 0.738740 -3.583145
-5.202722 0.488132 -3.510216
-5.144297 0.237049 -3.441508
-5.080441 -0.014989 -3.381284
-5.016585 -0.267028 -3.321061
-4.946702 -0.518601 -3.265851
-4.876169 -0.770125 -3.211179
-4.802647 -1.020629 -3.155882
-4.725598 -1.269930 -3.099845
-4.648360 -1.519122 -3.043608
-4.564295 -1.764344 -2.980151
-4.480231 -2.009567 -2.916694
-4.391667 -2.251054 -2.845877
-4.300385 -2.490284 -2.770613
-4.207537 -2.727696 -2.691936
-4.109962 -2.959624 -2.602962
-4.012388 -3.191552 -2.513988
-3.911220 -3.417070 -2.413432
-3.809614 -3.641807 -2.311465
-3.707586 -3.863724 -2.204050
-3.605190 -4.083194 -2.091908
-3.503249 -4.302318 -1.978710
-3.403532 -4.519746 -1.860349
-3.303816 -4.737175 -1.741987
-3.208388 -4.955581 -1.621929
-3.114106 -5.174249 -1.501418
-3.022533 -5.394353 -1.381495
-2.935073 -5.616638 -1.262465
-2.847613 -5.838923 -1.143435
-2.766168 -6.065512 -1.028319
-2.684742 -6.292115 -0.913215
-2.605021 -6.520776 -0.801075
-2.526456 -6.750834 -0.690944
-2.447377 -6.981143 -0.581729
-2.366279 -7.212430 -0.476102
-2.285181 -7.443717 -0.370476
-2.196318 -7.673227 -0.267313
-2.105879 -7.902376 -0.164651
-2.007423 -8.128240 -0.062464
-1.900692 -8.350712 0.039233
-1.789855 -8.570902 0.141045
-1.661548 -8.781376 0.243347
-1.533241 -8.991850 0.345649
-1.383235 -9.186683 0.449092
-1.231235 -9.380078 0.552639
-1.064878 -9.560385 0.656731
-0.890629 -9.733495 0.761123
-0.709907 -9.899352 0.865448
-0.517169 -10.051741 0.969647
-0.324303 -10.203961 1.073833
-0.117428 -10.337691 1.176530
0.089448 -10.471421 1.279227
0.302748 -10.595688 1.380244
0.520083 -10.714013 1.480208
0.738759 -10.830246 1.579540
0.963880 -10.936432 1.675836
1.189001 -11.042619 1.772132
1.418201 -11.142224 1.865646
1.649158 -11.238996 1.957960
1.881034 -11.334137 2.049583
2.116302 -11.423263 2.138654
2.351569 -11.512389 2.227725
2.588905 -11.596551 2.316076
2.826987 -11.678920 2.404166
3.065386 -11.759368 2.493106
3.304593 -11.834901 2.584224
3.543801 -11.910434 2.675342
3.782040 -11.979324 2.773875
4.020131 -12.047201 2.873540
4.256068 -12.110606 2.980610
4.489897 -12.169641 3.094918
4.722099 -12.226596 3.213137
4.947676 -12.275089 3.347268
5.173254 -12.323582 3.481399
5.387166 -12.361217 3.636330
5.600235 -12.398067 3.792763
5.802650 -12.426466 3.963846
6.000264 -12.451056 4.141531
6.190881 -12.470487 4.326856
6.372614 -12.483367 4.521882
6.552110 -12.494533 4.718919
6.720296 -12.497026 4.926127
6.888482 -12.499521 5.133335
7.048660 -12.494884 5.346697
7.207474 -12.489030 5.561107
7.363956 -12.480100 5.777081
7.518226 -12.468246 5.994540
7.672451 -12.455976 6.212005
7.826428 -12.441402 6.429505
7.980406 -12.426828 6.647005
8.136567 -12.413124 6.862995
8.293315 -12.399654 7.078579
8.451856 -12.388534 7.292951
8.612789 -12.380546 7.505706
8.774042 -12.373371 7.718225
8.938952 -12.375526 7.928053
9.103864 -12.377682 8.137880
9.270702 -12.390684 8.345680
9.438199 -12.407393 8.552788
9.606022 -12.431953 8.758638
9.774285 -12.467154 8.962786
9.942439 -12.504922 9.166437
10.109769 -12.562024 9.366358
10.277098 -12.619126 9.566278
10.442630 -12.696174 9.760694
10.607773 -12.777534 9.953919
10.771369 -12.872383 10.141752
10.933615 -12.979015 10.324874
11.095051 -13.091499 10.504800
11.253967 -13.222197 10.674775
11.412884 -13.352894 10.844751
11.568416 -13.503144 11.001031
11.723722 -13.654703 11.156394
11.876673 -13.816056 11.303669
12.028080 -13.983826 11.445645
12.178512 -14.154180 11.585423
12.325813 -14.332824 11.718148
12.473116 -14.511467 11.850875
12.616405 -14.695096 11.981134
12.758946 -14.879656 12.110933
12.899032 -15.064709 12.242639
13.035909 -15.250407 12.376835
13.172574 -15.436018 12.511349
13.301972 -15.618601 12.656769
13.431372 -15.801185 12.802189
13.554481 -15.979323 12.957898
13.674042 -16.154955 13.119411
13.790265 -16.328054 13.285684
13.897350 -16.494223 13.464984
14.004436 -16.660393 13.644283
14.098142 -16.817905 13.838159
14.190423 -16.974495 14.033586
14.273906 -17.127581 14.235355
14.349812 -17.277647 14.442590
14.422798 -17.427629 14.650815
14.481015 -17.577190 14.864053
14.539232 -17.726751 15.077291
14.582271 -17.882427 15.289592
14.621452 -18.039660 15.501656
14.651033 -18.204512 15.708941
14.668972 -18.378603 15.910429
14.683625 -18.556103 16.108677
14.677813 -18.754814 16.286743
14.672000 -18.953527 16.464809
14.645182 -19.175014 16.609915
14.614298 -19.400911 16.748642
14.572451 -19.636932 16.861912
14.518765 -19.883890 16.947689
14.465080 -20.130848 17.033468
14.411395 -20.377804 17.119246
14.357710 -20.624762 17.205025
14.304025 -20.871717 17.290802
14.250339 -21.118675 17.376581
14.196653 -21.365633 17.462360
14.142968 -21.612589 17.548138
14.089283 -21.859547 17.633917
14.035598 -22.106504 17.719694
13.981913 -22.353460 17.805473
13.928227 -22.600418 17.891251
13.874541 -22.847376 17.977030
13.820856 -23.094332 18.062807
13.767171 -23.341290 18.148586
13.713486 -23.588245 18.234365
13.659801 -23.835203 18.320143
13.606115 -24.082161 18.405922
13.552429 -24.329117 18.491699
13.498744 -24.576075 18.577478
13.445059 -24.823032 18.663256
13.391374 -25.069988 18.749035
13.337688 -25.316946 18.834814
13.284003 -25.563904 18.920591
13.230317 -25.810860 19.006371
13.176632 -26.057817 19.092148
13.122947 -26.304773 19.177927
13.069262 -26.551731 19.263704
13.015576 -26.798689 19.349483
12.961891 -27.045645 19.435261
12.908205 -27.292603 19.521040
12.854520 -27.539560 19.606819
12.800835 -27.786516 19.692596
12.747149 -28.033474 19.778376
12.693464 -28.280432 19.864153
12.639779 -28.527388 19.949932
12.586093 -28.774345 20.035709
12.532408 -29.021301 20.121489
12.478723 -29.268259 20.207268
12.425037 -29.515217 20.293045
12.371352 -29.762173 20.378824
12.317667 -30.009130 20.464602
12.263981 -30.256088 20.550381
12.210296 -30.503044 20.636158
12.156610 -30.750002 20.721937
12.102925 -30.996960 20.807714
12.049240 -31.243916 20.893494
11.995555 -31.490873 20.979273
11.941870 -31.737829 21.065050
11.888184 -31.984787 21.150829
11.834498 -32.231743 21.236607
11.780813 -32.478703 21.322386
11.727128 -32.725658 21.408163
11.673443 -32.972614 21.493942
11.619758 -33.219574 21.579721
11.566072 -33.466530 21.665499
11.512386 -33.713486 21.751278
11.458701 -33.960445 21.837055
11.405016 -34.207401 21.922834
11.351331 -34.454357 22.008612
11.297646 -34.701317 22.094391
11.243959 -34.948273 22.180168
11.190274 -35.195229 22.265947
11.136589 -35.442184 22.351727
11.082904 -35.689144 22.437504
11.029219 -35.936100 22.523283
10.975533 -36.183056 22.609060
10.921847 -36.430016 22.694839
10.868162 -36.676971 22.780617
10.814477 -36.923927 22.866396
10.760792 -37.170887 22.952175
10.707107 -37.417843 23.037952
10.653421 -37.664799 23.123732
10.599735 -37.911758 23.209509
10.546050 -38.158714 23.295288
10.492365 -38.405670 23.381065
10.438680 -38.652630 23.466845
10.384995 -38.899586 23.552622
10.331309 -39.146542 23.638401
10.277623 -39.393501 23.724180
10.223938 -39.640457 23.809958
10.170253 -39.887413 23.895737
10.116568 -40.134373 23.981514
