#pt3d 400
4.064126 28.326820 -7.943620
3.844247 28.122351 -7.861227
3.624368 27.917883 -7.778833
3.404490 27.713415 -7.696439
3.184611 27.508947 -7.614046
2.964733 27.304480 -7.531652
2.744854 27.100010 -7.449258
2.524976 26.895542 -7.366865
2.305097 26.691074 -7.284471
2.085218 26.486607 -7.202077
1.865340 26.282139 -7.119684
1.645461 26.077671 -7.037290
1.425583 25.873201 -6.954896
1.205704 25.668734 -6.872503
0.985825 25.464266 -6.790109
0.765947 25.259798 -6.707716
0.546068 25.055330 -6.625321
0.326190 24.850861 -6.542928
0.106311 24.646393 -6.460534
-0.113568 24.441925 -6.378140
-0.333446 24.237457 -6.295747
-0.553325 24.032990 -6.213353
-0.773203 23.828520 -6.130960
-0.993082 23.624052 -6.048566
-1.212960 23.419584 -5.966172
-1.432839 23.215117 -5.883779
-1.652718 23.010649 -5.801385
-1.872596 22.806181 -5.718991
-2.092475 22.601711 -5.636598
-2.312353 22.397243 -5.554204
-2.532232 22.192776 -5.471810
-2.752111 21.988308 -5.389417
-2.971989 21.783840 -5.307023
-3.191868 21.579370 -5.224629
-3.411747 21.374903 -5.142236
-3.631625 21.170435 -5.059842
-3.851504 20.965967 -4.977448
-4.071382 20.761499 -4.895055
-4.291261 20.557030 -4.812661
-4.511139 20.352562 -4.730268
-4.731018 20.148094 -4.647874
-4.950896 19.943626 -4.565480
-5.158938 19.735424 -4.465055
-5.361345 19.525446 -4.356046
-5.563752 19.315468 -4.247038
-5.753150 19.102577 -4.121681
-5.941535 18.889460 -3.995052
-6.127786 18.675817 -3.866298
-6.306726 18.460371 -3.730261
-6.485666 18.244926 -3.594225
-6.661995 18.027851 -3.457395
-6.836630 17.809719 -3.320049
-7.011382 17.591139 -3.183596
-7.187063 17.369047 -3.054161
-7.362743 17.146954 -2.924725
-7.543187 16.920313 -2.810978
-7.724912 16.692446 -2.701454
-7.912709 16.459995 -2.615916
-8.103622 16.225193 -2.542690
-8.299809 15.986876 -2.510667
-8.497915 15.747278 -2.493649
-8.692985 15.510643 -2.545695
-8.883192 15.277558 -2.618925
-9.059908 15.054249 -2.744811
-9.221994 14.839863 -2.898685
-9.370070 14.634025 -3.079370
-9.498725 14.436992 -3.281852
-9.615492 14.245350 -3.497679
-9.716040 14.057843 -3.724262
-9.802895 13.873828 -3.959926
-9.882127 13.690105 -4.198129
-9.941339 13.507150 -4.443004
-10.000549 13.324194 -4.687879
-10.037957 13.137646 -4.934165
-10.071519 12.950465 -5.180699
-10.097654 12.760860 -5.425994
-10.107131 12.565820 -5.668505
-10.116608 12.370779 -5.911017
-10.110174 12.168949 -6.147703
-10.096787 11.964152 -6.381842
-10.082247 11.758835 -6.615382
-10.046892 11.544134 -6.838084
-10.011538 11.329434 -7.060786
-9.967396 11.111308 -7.278147
-9.910575 10.888240 -7.487800
-9.853754 10.665172 -7.697453
-9.780072 10.437925 -7.896860
-9.701847 10.209554 -8.093506
-9.619305 9.980993 -8.287913
-9.519418 9.751674 -8.473325
-9.419530 9.522354 -8.658737
-9.305546 9.295798 -8.839001
-9.183846 9.070755 -9.016447
-9.059587 8.846891 -9.193445
-8.916675 8.631632 -9.367174
-8.773763 8.416372 -9.540903
-8.619196 8.210017 -9.715054
-8.456992 8.009497 -9.889479
-8.293674 7.810245 -10.064205
-8.115552 7.627837 -10.242929
-7.937429 7.445430 -10.421654
-7.753604 7.272375 -10.603496
-7.563766 7.109183 -10.788623
-7.373927 6.945992 -10.973750
-7.177702 6.797637 -11.164454
-6.980137 6.652398 -11.356329
-6.782207 6.508266 -11.548615
-6.579784 6.377800 -11.745962
-6.377362 6.247334 -11.943310
-6.174057 6.119433 -12.141366
-5.967981 5.999591 -12.341649
-5.761905 5.879749 -12.541932
-5.554324 5.762094 -12.741925
-5.344142 5.648217 -12.941421
-5.133960 5.534339 -13.140915
-4.920582 5.421016 -13.337260
-4.704295 5.308197 -13.530739
-4.488007 5.195378 -13.724218
-4.263942 5.079126 -13.906363
-4.038104 4.962092 -14.085926
-3.807182 4.841331 -14.255592
-3.567111 4.713861 -14.407449
-3.322275 4.581692 -14.544559
-3.064183 4.436451 -14.640663
-2.802731 4.279426 -14.667284
-2.562330 4.120172 -14.589578
-2.393200 3.984316 -14.377598
-2.320640 3.895078 -14.088264
-2.321913 3.847311 -13.782704
-2.339038 3.808559 -13.474569
-2.404883 3.798993 -13.170406
-2.470728 3.789427 -12.866242
-2.566234 3.798615 -12.570431
-2.667033 3.811148 -12.276110
-2.776548 3.829777 -11.985720
-2.904734 3.861462 -11.703750
-3.032920 3.893146 -11.421780
-3.175129 3.936490 -11.148730
-3.327018 3.987882 -10.881839
-3.478907 4.039274 -10.614947
-3.647303 4.108605 -10.362836
-3.820136 4.182760 -10.114698
-3.992975 4.256922 -9.866568
-4.182703 4.358223 -9.641438
-4.372432 4.459524 -9.416307
-4.564978 4.569598 -9.198603
-4.764708 4.702042 -8.999834
-4.964437 4.834486 -8.801065
-5.164240 4.988214 -8.619455
-5.364082 5.153536 -8.447192
-5.562969 5.321533 -8.276777
-5.751694 5.518002 -8.126028
-5.940419 5.714471 -7.975279
-6.116717 5.926039 -7.831084
-6.284012 6.148546 -7.691636
-6.447593 6.373315 -7.551891
-6.585022 6.614016 -7.410050
-6.722452 6.854717 -7.268210
-6.832882 7.100866 -7.113863
-6.933420 7.349010 -6.954932
-7.015754 7.594070 -6.783387
-7.073277 7.834926 -6.594647
-7.120842 8.070210 -6.398160
-7.131058 8.284601 -6.172605
-7.137197 8.494961 -5.944110
-7.099767 8.662254 -5.684198
-7.061492 8.828294 -5.423842
-6.981244 8.932015 -5.141451
-6.900996 9.035736 -4.859060
-6.786861 9.068306 -4.571415
-6.672099 9.099558 -4.283673
-6.533095 9.058864 -4.008537
-6.393008 9.014956 -3.733964
-6.237852 8.900735 -3.490026
-6.081915 8.782866 -3.247676
-5.921233 8.599310 -3.054768
-5.760399 8.413651 -2.863441
-5.607218 8.174030 -2.736779
-5.454054 7.934284 -2.610268
-5.319238 7.660302 -2.549886
-5.184594 7.386000 -2.490122
-5.071280 7.096858 -2.480434
-4.960680 6.805826 -2.477119
-4.865639 6.511078 -2.499753
-4.779327 6.214245 -2.536942
-4.698237 5.917089 -2.580117
-4.633702 5.618903 -2.642270
-4.569167 5.320716 -2.704422
-4.517604 5.022055 -2.775020
-4.471497 4.723193 -2.849169
-4.426455 4.424219 -2.923422
-4.395413 4.123785 -2.999040
-4.364372 3.823350 -3.074659
-4.337871 3.521868 -3.147462
-4.318717 3.218688 -3.215710
-4.299564 2.915508 -3.283957
-4.286363 2.610014 -3.342021
-4.276053 2.303396 -3.395139
-4.265744 1.996778 -3.448256
-4.261097 1.687106 -3.480021
-4.256629 1.377339 -3.511112
-4.252953 1.067126 -3.534282
-4.251271 0.755791 -3.537522
-4.249589 0.444457 -3.540761
-4.247646 0.133949 -3.524016
-4.245543 -0.176054 -3.495104
-4.243440 -0.486058 -3.466192
-4.237513 -0.790958 -3.403614
-4.231497 -1.095740 -3.340257
-4.222750 -1.397200 -3.264880
-4.208870 -1.692414 -3.166909
-4.194991 -1.987629 -3.068937
-4.171992 -2.272631 -2.946853
-4.145642 -2.553882 -2.815910
-4.116840 -2.832613 -2.680860
-4.072607 -3.095480 -2.519967
-4.028375 -3.358347 -2.359073
-3.970233 -3.607799 -2.183280
-3.901981 -3.847498 -1.996656
-3.831529 -4.085115 -1.808579
-3.733023 -4.296185 -1.601966
-3.634517 -4.507254 -1.395353
-3.514038 -4.696808 -1.181123
-3.380387 -4.873465 -0.962325
-3.238389 -5.041257 -0.742963
-3.068002 -5.178902 -0.521683
-2.897616 -5.316546 -0.300403
-2.698458 -5.420019 -0.085426
-2.494252 -5.517495 0.128445
-2.277542 -5.598181 0.335549
-2.045932 -5.658862 0.534590
-1.814165 -5.719305 0.733488
-1.562597 -5.749807 0.914390
-1.311029 -5.780310 1.095293
-1.052922 -5.799863 1.267603
-0.787897 -5.807834 1.430823
-0.522872 -5.815805 1.594043
-0.250208 -5.809968 1.744081
0.023387 -5.802444 1.892511
0.298211 -5.792491 2.038356
0.576908 -5.774881 2.176052
0.855606 -5.757271 2.313749
1.135747 -5.736054 2.447880
1.417022 -5.712008 2.579214
1.698297 -5.687961 2.710548
1.980113 -5.660112 2.839949
2.262005 -5.631721 2.969073
2.543692 -5.602584 3.098470
2.824584 -5.570560 3.228918
3.105476 -5.538537 3.359365
3.385053 -5.504276 3.492016
3.663609 -5.468276 3.626380
3.942163 -5.432275 3.760744
4.217541 -5.391442 3.900167
4.492741 -5.350338 4.039874
4.766570 -5.307056 4.181535
5.037868 -5.259756 4.326801
5.309167 -5.212455 4.472067
5.577516 -5.160092 4.620979
5.844950 -5.106158 4.771021
6.111857 -5.051276 4.921632
6.376156 -4.991692 5.075054
6.640454 -4.932107 5.228477
6.903708 -4.870869 5.383027
7.166119 -4.808298 5.538488
7.428529 -4.745726 5.693949
7.690605 -4.684402 5.850467
7.952650 -4.623193 6.007082
8.214945 -4.563834 6.163959
8.477956 -4.509773 6.321582
8.740968 -4.455712 6.479205
9.004838 -4.409963 6.637868
9.269289 -4.369838 6.797235
9.533741 -4.329713 6.956602
9.798579 -4.309805 7.119034
10.063438 -4.290991 7.281632
10.327365 -4.281848 7.445981
10.589455 -4.291718 7.613771
10.851545 -4.301587 7.781562
11.107007 -4.338809 7.954948
11.360584 -4.383803 8.129924
11.609490 -4.439920 8.307272
11.846446 -4.524490 8.490690
12.083402 -4.609061 8.674109
12.298393 -4.727978 8.864510
12.509177 -4.853474 9.056247
12.704741 -4.995688 9.250667
12.880546 -5.159610 9.448569
13.054716 -5.324835 9.646566
13.189745 -5.521300 9.846844
13.324775 -5.717765 10.047122
13.433558 -5.929804 10.246071
13.526387 -6.151310 10.444213
13.613087 -6.375587 10.641376
13.666332 -6.614978 10.833209
13.719578 -6.854369 11.025041
13.751277 -7.101471 11.210898
13.770069 -7.353192 11.393177
13.787889 -7.605209 11.575052
13.778162 -7.865607 11.745466
13.768436 -8.126004 11.915881
13.749727 -8.388957 12.081021
13.717212 -8.655838 12.238056
13.684696 -8.922719 12.395091
13.639400 -9.193486 12.541604
13.589253 -9.465729 12.684124
13.538498 -9.738189 12.825944
13.475076 -10.015184 12.953198
13.411653 -10.292180 13.080452
13.344656 -10.570787 13.201898
13.271650 -10.852107 13.313576
13.198644 -11.133427 13.425253
13.121027 -11.417527 13.525980
13.041579 -11.702733 13.622357
12.961838 -11.988194 13.717643
12.878586 -12.276733 13.799843
12.795333 -12.565272 13.882043
12.711365 -12.855065 13.958672
12.626534 -13.146368 14.028594
12.541702 -13.437670 14.098516
12.457081 -13.730850 14.160272
12.372499 -14.024386 14.220478
12.288322 -14.318340 14.279120
12.205500 -14.613684 14.332555
12.122677 -14.909027 14.385989
12.041714 -15.205317 14.436917
11.961893 -15.502187 14.486305
11.882079 -15.799059 14.535690
11.806121 -16.097225 14.583334
11.730164 -16.395391 14.630979
11.654205 -16.693558 14.678622
11.578248 -16.991724 14.726267
11.502290 -17.289888 14.773911
11.426332 -17.588055 14.821555
11.350374 -17.886221 14.869200
11.274417 -18.184387 14.916843
11.198459 -18.482553 14.964488
11.122501 -18.780720 15.012132
11.046543 -19.078886 15.059776
10.970586 -19.377050 15.107420
10.894628 -19.675217 15.155065
10.818670 -19.973383 15.202708
10.742712 -20.271549 15.250353
10.666755 -20.569715 15.297997
10.590796 -20.867882 15.345641
10.514839 -21.166048 15.393285
10.438881 -21.464214 15.440929
10.362924 -21.762379 15.488573
10.286965 -22.060545 15.536218
10.211008 -22.358711 15.583861
10.135051 -22.656878 15.631506
10.059093 -22.955044 15.679150
9.983135 -23.253210 15.726794
9.907177 -23.551376 15.774438
9.831220 -23.849541 15.822083
9.755261 -24.147707 15.869726
9.679304 -24.445873 15.917371
9.603346 -24.744040 15.965014
9.527389 -25.042206 16.012659
9.451430 -25.340372 16.060303
9.375473 -25.638538 16.107946
9.299515 -25.936705 16.155592
9.223557 -26.234869 16.203236
9.147599 -26.533035 16.250879
9.071642 -26.831202 16.298523
8.995684 -27.129368 16.346169
8.919726 -27.427534 16.393812
8.843768 -27.725700 16.441456
8.767811 -28.023867 16.489101
8.691853 -28.322031 16.536745
8.615895 -28.620197 16.584389
8.539937 -28.918364 16.632032
8.463980 -29.216530 16.679678
8.388021 -29.514696 16.727322
8.312064 -29.812862 16.774965
8.236106 -30.111029 16.822609
8.160149 -30.409195 16.870255
8.084190 -30.707359 16.917898
8.008233 -31.005526 16.965542
7.932275 -31.303692 17.013186
7.856318 -31.601858 17.060831
7.780360 -31.900024 17.108475
7.704402 -32.198189 17.156118
7.628444 -32.496357 17.203762
7.552486 -32.794521 17.251408
7.476529 -33.092690 17.299051
7.400571 -33.390854 17.346695
7.324613 -33.689022 17.394339
7.248655 -33.987186 17.441984
7.172698 -34.285351 17.489628
7.096740 -34.583519 17.537271
7.020782 -34.881683 17.584915
6.944824 -35.179852 17.632561
6.868866 -35.478016 17.680204
6.792909 -35.776184 17.727848
6.716951 -36.074348 17.775492
6.640993 -36.372513 17.823137
6.565035 -36.670681 17.870781
6.489078 -36.968845 17.918425
6.413120 -37.267014 17.966070
