#pt3d 400
5.398521 25.379143 -2.718474
5.234619 25.174578 -2.750330
5.070717 24.970013 -2.782186
4.906816 24.765446 -2.814043
4.742914 24.560881 -2.845899
4.579012 24.356316 -2.877755
4.415111 24.151749 -2.909611
4.251209 23.947184 -2.941468
4.087307 23.742619 -2.973324
3.923405 23.538054 -3.005180
3.759503 23.333487 -3.037036
3.595602 23.128922 -3.068892
3.431700 22.924356 -3.100749
3.267798 22.719790 -3.132605
3.103896 22.515224 -3.164461
2.939995 22.310659 -3.196318
2.776093 22.106094 -3.228174
2.612191 21.901527 -3.260030
2.448289 21.696962 -3.291886
2.284388 21.492397 -3.323743
2.120486 21.287830 -3.355599
1.956584 21.083265 -3.387455
1.792682 20.878700 -3.419311
1.628781 20.674133 -3.451168
1.464879 20.469568 -3.483024
1.300977 20.265003 -3.514880
1.137075 20.060438 -3.546736
0.973174 19.855871 -3.578593
0.809272 19.651306 -3.610449
0.645370 19.446741 -3.642305
0.481468 19.242174 -3.674161
0.317567 19.037609 -3.706017
0.153665 18.833044 -3.737874
-0.010237 18.628479 -3.769730
-0.174138 18.423912 -3.801586
-0.338040 18.219347 -3.833443
-0.501942 18.014782 -3.865299
-0.665844 17.810215 -3.897155
-0.829745 17.605650 -3.929011
-0.993647 17.401085 -3.960868
-1.157549 17.196520 -3.992724
-1.321451 16.991953 -4.024580
-1.485352 16.787388 -4.056437
-1.649254 16.582823 -4.088293
-1.813156 16.378256 -4.120149
-1.977058 16.173691 -4.152005
-2.140960 15.969126 -4.183861
-2.304861 15.764560 -4.215718
-2.468763 15.559994 -4.247574
-2.637139 15.359195 -4.279983
-2.806073 15.158864 -4.312460
-2.976294 14.959949 -4.346602
-3.150017 14.764883 -4.385273
-3.323740 14.569818 -4.423944
-3.500552 14.379642 -4.471411
-3.678573 14.191381 -4.522322
-3.857384 14.005480 -4.578074
-4.038457 13.826334 -4.647681
-4.219530 13.647188 -4.717287
-4.400928 13.478984 -4.809256
-4.582362 13.312008 -4.903734
-4.761121 13.154695 -5.016722
-4.938326 13.002991 -5.140455
-5.111105 12.858640 -5.277266
-5.278116 12.723866 -5.431114
-5.440919 12.593204 -5.592082
-5.592002 12.473995 -5.772882
-5.741472 12.355670 -5.955398
-5.872674 12.247363 -6.157342
-6.003876 12.139056 -6.359286
-6.116385 12.034447 -6.573845
-6.225737 11.930461 -6.790536
-6.322073 11.825153 -7.012369
-6.408814 11.718872 -7.237992
-6.489920 11.610761 -7.464594
-6.553636 11.497004 -7.694213
-6.617352 11.383246 -7.923833
-6.660568 11.260400 -8.153385
-6.700806 11.136234 -8.382927
-6.729659 11.006923 -8.610950
-6.745780 10.871857 -8.837275
-6.760653 10.736332 -9.063334
-6.751879 10.592120 -9.284358
-6.743106 10.447907 -9.505382
-6.718568 10.300129 -9.722430
-6.684093 10.150102 -9.936975
-6.645267 9.999797 -10.150338
-6.584537 9.848095 -10.357760
-6.523808 9.696394 -10.565184
-6.444622 9.546320 -10.767122
-6.357819 9.396919 -10.966798
-6.265159 9.248724 -11.164407
-6.153685 9.104405 -11.355381
-6.042210 8.960086 -11.546355
-5.914256 8.820079 -11.729758
-5.780860 8.681497 -11.910662
-5.642874 8.543860 -12.088569
-5.491392 8.409006 -12.257665
-5.339910 8.274153 -12.426760
-5.178036 8.138632 -12.585146
-5.012876 8.002901 -12.740145
-4.844995 7.864912 -12.889838
-4.670873 7.721741 -13.027348
-4.496750 7.578570 -13.164858
-4.319168 7.421488 -13.280907
-4.141336 7.263402 -13.395407
-3.965472 7.090305 -13.487727
-3.790457 6.910719 -13.570460
-3.622663 6.715863 -13.625135
-3.458991 6.512288 -13.663790
-3.311560 6.295029 -13.658867
-3.170143 6.073280 -13.638177
-3.058763 5.849891 -13.552052
-2.960898 5.634689 -13.440598
-2.884484 5.432479 -13.288948
-2.833373 5.261796 -13.096559
-2.792874 5.106195 -12.888177
-2.776166 4.994136 -12.649663
-2.767442 4.899556 -12.404701
-2.772288 4.834682 -12.148785
-2.786663 4.789317 -11.889963
-2.810423 4.763164 -11.628282
-2.844172 4.751975 -11.367208
-2.887228 4.754730 -11.106700
-2.939512 4.766241 -10.848557
-3.004026 4.789352 -10.593548
-3.074717 4.816238 -10.340875
-3.162669 4.853670 -10.094727
-3.251347 4.891428 -9.848937
-3.362596 4.939342 -9.614302
-3.473845 4.987255 -9.379666
-3.599854 5.041420 -9.154303
-3.731236 5.097860 -8.932314
-3.867911 5.157167 -8.714519
-4.013761 5.221444 -8.503990
-4.159610 5.285720 -8.293462
-4.312555 5.357324 -8.090495
-4.465988 5.429431 -7.888049
-4.619627 5.505280 -7.687179
-4.773500 5.585364 -7.488093
-4.927286 5.665542 -7.288980
-5.074492 5.752840 -7.087894
-5.221697 5.840137 -6.886809
-5.360124 5.930459 -6.681037
-5.493380 6.022563 -6.472506
-5.618341 6.114468 -6.259166
-5.729767 6.206048 -6.037981
-5.831601 6.294240 -5.811504
-5.912559 6.375056 -5.573513
-5.975762 6.443394 -5.327692
-6.017848 6.496891 -5.072559
-6.026328 6.513154 -4.810477
-6.017612 6.505947 -4.548265
-5.981210 6.452756 -4.292195
-5.932311 6.364255 -4.049986
-5.876857 6.257233 -3.815046
-5.817902 6.112265 -3.602511
-5.759356 5.963496 -3.392580
-5.705553 5.791331 -3.199732
-5.652103 5.618443 -3.007497
-5.606935 5.428618 -2.829587
-5.561767 5.238793 -2.651676
-5.523748 5.037842 -2.484833
-5.487222 4.834569 -2.320298
-5.454084 4.625196 -2.163163
-5.424188 4.409988 -2.013105
-5.394801 4.193087 -1.865592
-5.368378 3.966334 -1.732887
-5.341956 3.739580 -1.600182
-5.315430 3.504443 -1.483396
-5.288875 3.266884 -1.371208
-5.260835 3.025649 -1.268218
-5.230750 2.779346 -1.177910
-5.200165 2.532590 -1.089213
-5.163966 2.280739 -1.018597
-5.127767 2.028888 -0.947981
-5.085815 1.775388 -0.887502
-5.041966 1.521344 -0.830365
-4.994627 1.267559 -0.775079
-4.942593 1.014122 -0.722281
-4.889696 0.761017 -0.668846
-4.829732 0.510635 -0.610202
-4.769769 0.260254 -0.551558
-4.704214 0.014526 -0.480858
-4.637316 -0.230084 -0.407264
-4.567682 -0.470132 -0.322885
-4.495511 -0.705949 -0.228505
-4.422560 -0.939200 -0.129062
-4.347023 -1.163947 -0.012835
-4.271487 -1.388694 0.103392
-4.194202 -1.603169 0.236508
-4.116770 -1.816776 0.371052
-4.038476 -2.025468 0.512434
-3.959527 -2.230425 0.659013
-3.880197 -2.434652 0.806381
-3.798921 -2.635140 0.957788
-3.717645 -2.835629 1.109196
-3.633476 -3.036000 1.259157
-3.548162 -3.236325 1.408546
-3.461299 -3.437365 1.556002
-3.369665 -3.640605 1.697502
-3.278030 -3.843845 1.839002
-3.179547 -4.050011 1.971211
-3.078998 -4.257060 2.100620
-2.974943 -4.464823 2.225762
-2.862748 -4.674244 2.341005
-2.750554 -4.883666 2.456248
-2.625918 -5.092042 2.559788
-2.499153 -5.300240 2.661326
-2.364742 -5.505636 2.758057
-2.220481 -5.707421 2.848594
-2.075011 -5.908430 2.938734
-1.910702 -6.097330 3.022666
-1.746391 -6.286230 3.106598
-1.566611 -6.460504 3.189460
-1.381131 -6.629388 3.271927
-1.186882 -6.786417 3.355956
-0.981690 -6.928645 3.441936
-0.773674 -7.065153 3.529301
-0.553194 -7.176394 3.622787
-0.332714 -7.287636 3.716272
-0.103969 -7.369818 3.819049
0.125477 -7.449533 3.922614
0.356655 -7.511382 4.033227
0.588866 -7.562587 4.148040
0.820544 -7.607234 4.266024
1.050853 -7.635020 4.392165
1.281161 -7.662806 4.518306
1.507425 -7.674701 4.653728
1.733123 -7.684371 4.790450
1.956438 -7.688259 4.931049
2.176550 -7.684374 5.076862
2.396662 -7.680489 5.222674
2.611897 -7.666912 5.375009
2.826842 -7.652760 5.527730
3.040107 -7.634900 5.682328
3.251299 -7.612470 5.839236
3.462492 -7.590040 5.996144
3.672046 -7.560744 6.154107
3.881522 -7.531124 6.312119
4.091225 -7.498424 6.469185
4.301176 -7.462349 6.625215
4.511176 -7.426162 6.781147
4.723560 -7.384599 6.932445
4.935944 -7.343036 7.083744
5.150544 -7.299285 7.231192
5.366713 -7.253984 7.375914
5.583617 -7.208554 7.519458
5.804187 -7.162481 7.657123
6.024758 -7.116408 7.794787
6.248592 -7.072977 7.927925
6.473461 -7.030382 8.059627
6.699588 -6.990889 8.190048
6.927961 -6.956935 8.318182
7.156335 -6.922982 8.446316
7.386580 -6.902753 8.573975
7.616893 -6.883023 8.701616
7.846845 -6.874547 8.830774
8.076533 -6.874284 8.961039
8.305404 -6.878707 9.092295
8.530933 -6.902254 9.227601
8.756462 -6.925800 9.362906
8.975149 -6.970803 9.503464
9.192300 -7.020623 9.645201
9.404042 -7.081952 9.789782
9.608579 -7.158612 9.938152
9.812675 -7.235958 10.086686
10.000732 -7.338348 10.241206
10.188790 -7.440739 10.395725
10.364859 -7.557548 10.553357
10.533188 -7.683666 10.712998
10.697502 -7.813579 10.873328
10.843194 -7.961088 11.036854
10.988886 -8.108598 11.200378
11.115770 -8.270275 11.365594
11.236221 -8.436797 11.531386
11.347813 -8.608632 11.697279
11.440681 -8.791691 11.863384
11.533549 -8.974750 12.029489
11.599967 -9.170398 12.193656
11.663778 -9.367288 12.357633
11.712874 -9.569804 12.519059
11.747880 -9.777709 12.678042
11.779948 -9.986560 12.836148
11.788833 -10.202873 12.987328
11.797718 -10.419187 13.138507
11.791765 -10.640153 13.282521
11.779531 -10.863089 13.423503
11.763463 -11.087638 13.561236
11.737121 -11.316510 13.690268
11.710779 -11.545383 13.819298
11.679516 -11.779276 13.937645
11.647152 -12.014291 14.053603
11.615631 -12.251580 14.164835
11.585711 -12.493187 14.267094
11.555792 -12.734794 14.369351
11.534977 -12.981914 14.459823
11.515561 -13.229882 14.548481
11.503142 -13.479779 14.632181
11.501356 -13.732606 14.708347
11.499570 -13.985432 14.784513
11.519827 -14.239938 14.851694
11.541203 -14.494529 14.918418
11.577707 -14.747571 14.983014
11.626414 -14.999364 15.045894
11.682400 -15.248942 15.110005
11.761823 -15.491396 15.178081
11.842998 -15.732795 15.247128
11.956748 -15.954594 15.334258
12.072112 -16.174437 15.423076
12.221826 -16.352602 15.547848
12.376823 -16.511946 15.684008
12.550107 -16.606142 15.859580
12.717457 -16.648613 16.050777
12.878063 -16.632284 16.259739
13.021164 -16.576534 16.469423
13.143826 -16.474762 16.679951
13.266489 -16.372990 16.890478
13.389152 -16.271215 17.101006
13.511814 -16.169443 17.311533
13.634478 -16.067671 17.522060
13.757140 -15.965897 17.732588
13.879803 -15.864124 17.943115
14.002465 -15.762351 18.153643
14.125128 -15.660578 18.364170
14.247790 -15.558805 18.574697
14.370453 -15.457032 18.785225
14.493116 -15.355259 18.995752
14.615779 -15.253487 19.206280
14.738441 -15.151713 19.416807
14.861104 -15.049940 19.627335
14.983767 -14.948168 19.837862
15.106429 -14.846395 20.048391
15.229093 -14.744621 20.258919
15.351755 -14.642849 20.469446
15.474418 -14.541076 20.679974
15.597080 -14.439302 20.890501
15.719743 -14.337530 21.101028
15.842405 -14.235757 21.311556
15.965069 -14.133984 21.522083
16.087730 -14.032211 21.732611
16.210394 -13.930438 21.943138
16.333057 -13.828665 22.153666
16.455719 -13.726892 22.364193
16.578382 -13.625119 22.574720
16.701044 -13.523346 22.785248
16.823708 -13.421573 22.995775
16.946369 -13.319800 23.206303
17.069033 -13.218027 23.416830
17.191696 -13.116254 23.627357
17.314358 -13.014482 23.837885
17.437021 -12.912708 24.048412
17.559683 -12.810935 24.258940
17.682346 -12.709163 24.469467
17.805010 -12.607389 24.679995
17.927671 -12.505616 24.890522
18.050335 -12.403844 25.101049
18.172997 -12.302071 25.311577
18.295660 -12.200297 25.522104
18.418322 -12.098525 25.732632
18.540985 -11.996752 25.943159
18.663649 -11.894979 26.153687
18.786310 -11.793206 26.364214
18.908974 -11.691433 26.574741
19.031635 -11.589660 26.785269
19.154299 -11.487887 26.995796
19.276960 -11.386114 27.206324
19.399624 -11.284341 27.416851
19.522287 -11.182569 27.627378
19.644949 -11.080795 27.837906
19.767612 -10.979022 28.048435
19.890274 -10.877250 28.258963
20.012938 -10.775476 28.469490
20.135601 -10.673703 28.680017
20.258263 -10.571931 28.890545
20.380926 -10.470158 29.101072
20.503588 -10.368384 29.311600
20.626251 -10.266611 29.522127
20.748913 -10.164839 29.732655
20.871576 -10.063066 29.943182
20.994240 -9.961292 30.153709
21.116901 -9.859520 30.364237
21.239565 -9.757747 30.574764
21.362226 -9.655973 30.785292
21.484890 -9.554201 30.995819
21.607553 -9.452428 31.206347
21.730215 -9.350655 31.416874
21.852879 -9.248882 31.627401
21.975540 -9.147109 31.837929
22.098204 -9.045336 32.048458
22.220865 -8.943563 32.258984
22.343529 -8.841790 32.469513
22.466192 -8.740017 32.680038
22.588854 -8.638245 32.890568
22.711517 -8.536471 33.101093
22.834179 -8.434698 33.311623
22.956842 -8.332926 33.522148
23.079506 -8.231153 33.732677
23.202168 -8.129379 33.943203
23.324831 -8.027607 34.153732
