#pt3d 400
1.495611 26.814663 -17.743698
1.371181 26.613855 -17.601002
1.246751 26.413050 -17.458307
1.122321 26.212242 -17.315611
0.997891 26.011436 -17.172915
0.873461 25.810629 -17.030220
0.749031 25.609823 -16.887524
0.624601 25.409016 -16.744829
0.500171 25.208210 -16.602133
0.375741 25.007402 -16.459438
0.251311 24.806597 -16.316742
0.126881 24.605789 -16.174047
0.002451 24.404984 -16.031351
-0.121978 24.204178 -15.888657
-0.246408 24.003370 -15.745961
-0.370838 23.802565 -15.603266
-0.495268 23.601757 -15.460570
-0.619698 23.400951 -15.317875
-0.744128 23.200144 -15.175179
-0.868558 22.999338 -15.032484
-0.992988 22.798531 -14.889789
-1.117418 22.597725 -14.747093
-1.241848 22.396917 -14.604398
-1.366278 22.196112 -14.461702
-1.490708 21.995304 -14.319007
-1.615138 21.794498 -14.176311
-1.739568 21.593691 -14.033615
-1.863998 21.392885 -13.890920
-1.988428 21.192078 -13.748224
-2.112858 20.991272 -13.605529
-2.237288 20.790466 -13.462833
-2.361717 20.589659 -13.320138
-2.486147 20.388853 -13.177443
-2.610577 20.188046 -13.034747
-2.735007 19.987240 -12.892052
-2.859437 19.786432 -12.749356
-2.983867 19.585627 -12.606661
-3.108297 19.384819 -12.463965
-3.232727 19.184013 -12.321270
-3.357157 18.983206 -12.178575
-3.481587 18.782400 -12.035879
-3.606017 18.581593 -11.893184
-3.730447 18.380787 -11.750488
-3.854877 18.179979 -11.607793
-3.979307 17.979174 -11.465097
-4.103737 17.778368 -11.322402
-4.228866 17.606464 -11.148045
-4.354208 17.443359 -10.964049
-4.480629 17.299978 -10.765441
-4.607377 17.162554 -10.562419
-4.736324 17.033407 -10.355572
-4.867168 16.911394 -10.145427
-4.998973 16.790390 -9.935330
-5.137190 16.676113 -9.725557
-5.275408 16.561834 -9.515785
-5.420355 16.448679 -9.310078
-5.569422 16.336210 -9.106859
-5.719627 16.223492 -8.904689
-5.882885 16.107916 -8.714538
-6.046143 15.992341 -8.524387
-6.218992 15.872495 -8.346229
-6.398931 15.749492 -8.176935
-6.581446 15.624795 -8.012201
-6.778417 15.490593 -7.873061
-6.975389 15.356391 -7.733921
-7.183722 15.210465 -7.628127
-7.394352 15.062170 -7.529073
-7.608413 14.904308 -7.459763
-7.824634 14.740427 -7.409171
-8.037844 14.569287 -7.383412
-8.247691 14.390044 -7.385378
-8.450217 14.205734 -7.406340
-8.640404 14.012885 -7.459314
-8.821801 13.817060 -7.524799
-8.980455 13.613539 -7.622653
-9.132438 13.408918 -7.726509
-9.250621 13.198738 -7.860767
-9.368232 12.988540 -7.995367
-9.440466 12.776899 -8.157103
-9.512699 12.565259 -8.318839
-9.546382 12.357416 -8.496095
-9.570868 12.150479 -8.677052
-9.570830 11.949439 -8.864567
-9.549517 11.753514 -9.057770
-9.520884 11.560521 -9.252226
-9.459103 11.380796 -9.452352
-9.397321 11.201073 -9.652477
-9.311649 11.035260 -9.855081
-9.217092 10.874622 -10.058606
-9.118382 10.717262 -10.262387
-8.999612 10.575738 -10.467405
-8.880842 10.434213 -10.672424
-8.753743 10.301187 -10.877812
-8.618793 10.176173 -11.083549
-8.483842 10.051159 -11.289287
-8.341430 9.935506 -11.495375
-8.196969 9.822424 -11.701558
-8.052382 9.709513 -11.907742
-7.903474 9.602408 -12.113954
-7.754567 9.495304 -12.320166
-7.605385 9.387866 -12.526004
-7.455604 9.279698 -12.731024
-7.305822 9.171531 -12.936045
-7.157159 9.056607 -13.138131
-7.008922 8.939103 -13.339095
-6.861856 8.814946 -13.536613
-6.717045 8.677960 -13.727488
-6.573740 8.533096 -13.912832
-6.435093 8.363871 -14.081081
-6.302932 8.172780 -14.226120
-6.178943 7.956410 -14.342729
-6.085527 7.698362 -14.371938
-6.034097 7.439203 -14.309702
-6.021144 7.202416 -14.178166
-6.034399 6.989230 -14.005184
-6.076705 6.813976 -13.796224
-6.130031 6.655586 -13.577923
-6.196354 6.517086 -13.348604
-6.272871 6.394691 -13.114137
-6.358747 6.287082 -12.874944
-6.451800 6.191150 -12.634068
-6.555582 6.112677 -12.390676
-6.662360 6.039654 -12.147255
-6.783106 5.992042 -11.903695
-6.903853 5.944429 -11.660135
-7.038482 5.928795 -11.419944
-7.174321 5.915948 -11.180046
-7.317613 5.929334 -10.945333
-7.464448 5.955192 -10.713086
-7.613283 5.999853 -10.485964
-7.764394 6.065936 -10.264681
-7.914420 6.142474 -10.046762
-8.061649 6.245951 -9.837516
-8.207810 6.352273 -9.629183
-8.343583 6.486290 -9.429750
-8.479357 6.620306 -9.230318
-8.599919 6.773433 -9.035100
-8.718626 6.928890 -8.840396
-8.823583 7.092134 -8.644487
-8.921775 7.259209 -8.447988
-9.010222 7.427033 -8.247884
-9.086208 7.595813 -8.043171
-9.157409 7.762837 -7.835624
-9.210865 7.923347 -7.617571
-9.264186 8.083742 -7.399416
-9.295820 8.225899 -7.164983
-9.327454 8.368054 -6.930550
-9.342313 8.486621 -6.682199
-9.353743 8.600366 -6.431002
-9.352940 8.688014 -6.170109
-9.346582 8.763810 -5.904811
-9.331782 8.813238 -5.634776
-9.310707 8.843061 -5.361217
-9.284349 8.848701 -5.087791
-9.252132 8.827516 -4.814512
-9.217244 8.787372 -4.544915
-9.177741 8.714479 -4.281676
-9.137451 8.630907 -4.022643
-9.094415 8.510065 -3.778280
-9.051373 8.388612 -3.534291
-9.007981 8.226655 -3.315076
-8.964590 8.064698 -3.095861
-8.922591 7.878737 -2.897267
-8.881124 7.683609 -2.706549
-8.840759 7.479694 -2.525968
-8.802512 7.258895 -2.364869
-8.764265 7.038095 -2.203770
-8.729171 6.800379 -2.068523
-8.694520 6.560282 -1.936915
-8.660953 6.315370 -1.815153
-8.629474 6.061191 -1.712343
-8.597994 5.807011 -1.609533
-8.568091 5.545390 -1.527882
-8.538692 5.281395 -1.452976
-8.509352 5.016491 -1.382003
-8.480355 4.746249 -1.334082
-8.451360 4.476006 -1.286161
-8.421425 4.204135 -1.251679
-8.390628 3.930767 -1.229556
-8.359831 3.657399 -1.207434
-8.325076 3.383714 -1.206946
-8.289859 3.109992 -1.208983
-8.252638 2.836846 -1.217094
-8.210158 2.565212 -1.241139
-8.167679 2.293577 -1.265183
-8.118485 2.024704 -1.301894
-8.065896 1.757228 -1.345014
-8.012564 1.490091 -1.389034
-7.947328 1.228374 -1.447485
-7.882092 0.966657 -1.505936
-7.810135 0.708045 -1.569313
-7.730253 0.453093 -1.638498
-7.650372 0.198141 -1.707683
-7.556646 -0.050637 -1.781534
-7.460768 -0.298455 -1.856110
-7.360139 -0.544299 -1.930514
-7.247554 -0.785176 -2.004481
-7.134968 -1.026052 -2.078449
-7.010126 -1.262253 -2.147129
-6.880704 -1.496706 -2.213834
-6.747786 -1.729879 -2.277432
-6.601986 -1.958331 -2.329590
-6.456187 -2.186782 -2.381747
-6.298860 -2.410467 -2.416974
-6.137871 -2.632638 -2.446823
-5.972016 -2.851847 -2.465355
-5.798155 -3.066184 -2.465273
-5.623620 -3.279716 -2.462560
-5.440500 -3.483002 -2.426362
-5.257381 -3.686288 -2.390164
-5.070403 -3.876641 -2.321458
-4.882638 -4.064357 -2.246125
-4.694732 -4.239398 -2.147180
-4.506742 -4.406859 -2.034111
-4.319753 -4.564106 -1.907301
-4.134114 -4.707596 -1.761985
-3.948949 -4.845749 -1.611691
-3.765621 -4.963218 -1.442103
-3.582294 -5.080687 -1.272514
-3.398923 -5.172741 -1.088066
-3.215551 -5.263386 -0.902793
-3.029787 -5.336607 -0.712738
-2.842743 -5.400494 -0.520122
-2.653304 -5.455995 -0.327662
-2.458836 -5.493887 -0.135531
-2.264367 -5.531779 0.056600
-2.059882 -5.545952 0.241344
-1.855079 -5.559371 0.425853
-1.643283 -5.559758 0.602251
-1.426715 -5.551250 0.773113
-1.207892 -5.539199 0.940495
-0.979765 -5.512520 1.093512
-0.751637 -5.485842 1.246529
-0.515771 -5.448684 1.384485
-0.277512 -5.408286 1.517784
-0.036892 -5.365163 1.645469
0.209403 -5.315494 1.759662
0.455697 -5.265825 1.873855
0.706581 -5.211876 1.975137
0.958736 -5.156742 2.072840
1.211815 -5.100958 2.167574
1.467885 -5.043074 2.252696
1.723955 -4.985189 2.337817
1.981497 -4.926431 2.417643
2.239781 -4.867233 2.494799
2.498123 -4.807946 2.571686
2.757091 -4.747698 2.645672
3.016058 -4.687449 2.719658
3.274637 -4.626424 2.794355
3.532846 -4.564656 2.869729
3.791054 -4.502889 2.945103
4.047197 -4.438795 3.025410
4.303246 -4.374593 3.105944
4.557829 -4.309008 3.189808
4.810415 -4.241534 3.278213
5.063002 -4.174060 3.366618
5.311566 -4.103359 3.463445
5.559731 -4.032337 3.561109
5.805968 -3.960077 3.662527
6.049386 -3.886006 3.769436
6.292803 -3.811935 3.876344
6.532330 -3.736261 3.990626
6.771428 -3.660409 4.105721
7.009306 -3.584619 4.223302
7.245219 -3.508926 4.344891
7.481132 -3.433234 4.466480
7.715579 -3.359679 4.592132
7.949760 -3.286508 4.718516
8.183815 -3.214854 4.845967
8.417566 -3.146820 4.975967
8.651318 -3.078786 5.105967
8.885352 -3.016626 5.238320
9.119490 -2.956589 5.371524
9.353706 -2.898565 5.505400
9.588292 -2.849764 5.642354
9.822877 -2.800963 5.779308
10.057114 -2.761837 5.919711
10.291161 -2.727985 6.061993
10.524785 -2.697124 6.205446
10.756137 -2.682336 6.355198
10.987489 -2.667548 6.504951
11.214282 -2.669731 6.661765
11.439335 -2.678397 6.821278
11.660453 -2.696700 6.984722
11.874381 -2.732606 7.155349
12.087633 -2.769723 7.326416
12.285049 -2.835204 7.507820
12.482466 -2.900685 7.689223
12.663554 -2.988927 7.877203
12.839675 -3.084093 8.067184
13.003572 -3.193166 8.259714
13.155528 -3.315826 8.454732
13.301667 -3.444157 8.649993
13.428812 -3.591006 8.846048
13.555956 -3.737855 9.042104
13.660659 -3.904220 9.235672
13.763862 -4.071889 9.429074
13.853204 -4.250617 9.618904
13.933776 -4.436342 9.806474
14.008632 -4.626303 9.991742
14.067609 -4.828027 10.170620
14.126587 -5.029751 10.349497
14.166648 -5.244226 10.518303
14.204646 -5.460092 10.686012
14.231840 -5.682282 10.846880
14.249387 -5.910118 11.001640
14.264118 -6.139314 11.154408
14.262005 -6.376646 11.295255
14.259891 -6.613976 11.436100
14.244308 -6.856183 11.567078
14.223988 -7.100103 11.694583
14.198660 -7.345206 11.818536
14.162187 -7.592939 11.934579
14.125713 -7.840673 12.050622
14.077621 -8.089631 12.159439
14.027440 -8.338810 12.266955
13.973360 -8.587869 12.372686
13.912056 -8.836706 12.475104
13.850751 -9.085545 12.577523
13.782385 -9.333087 12.678544
13.712478 -9.580347 12.779260
13.642571 -9.827606 12.879975
13.572665 -10.074866 12.980691
13.502758 -10.322126 13.081407
13.432852 -10.569386 13.182123
13.362945 -10.816647 13.282839
13.293038 -11.063907 13.383554
13.223131 -11.311166 13.484270
13.153225 -11.558426 13.584986
13.083318 -11.805686 13.685702
13.013412 -12.052946 13.786418
12.943505 -12.300206 13.887134
12.873598 -12.547465 13.987849
12.803692 -12.794725 14.088565
12.733785 -13.041986 14.189281
12.663878 -13.289246 14.289997
12.593971 -13.536506 14.390713
12.524065 -13.783765 14.491428
12.454159 -14.031025 14.592144
12.384252 -14.278285 14.692860
12.314345 -14.525545 14.793575
12.244438 -14.772805 14.894292
12.174532 -15.020064 14.995008
12.104625 -15.267324 15.095723
12.034719 -15.514585 15.196439
11.964811 -15.761845 15.297154
11.894905 -16.009104 15.397870
11.824999 -16.256365 15.498587
11.755092 -16.503624 15.599302
11.685185 -16.750885 15.700018
11.615278 -16.998144 15.800734
11.545372 -17.245403 15.901449
11.475465 -17.492664 16.002165
11.405559 -17.739923 16.102880
11.335651 -17.987185 16.203596
11.265745 -18.234444 16.304314
11.195839 -18.481703 16.405029
11.125932 -18.728964 16.505745
11.056026 -18.976223 16.606461
10.986118 -19.223484 16.707176
10.916212 -19.470743 16.807892
10.846305 -19.718002 16.908607
10.776399 -19.965263 17.009323
10.706492 -20.212523 17.110039
10.636585 -20.459784 17.210754
10.566679 -20.707043 17.311470
10.496772 -20.954302 17.412186
10.426866 -21.201563 17.512903
10.356958 -21.448822 17.613619
10.287052 -21.696083 17.714334
10.217145 -21.943342 17.815050
10.147239 -22.190601 17.915766
10.077332 -22.437862 18.016481
10.007425 -22.685122 18.117197
9.937519 -22.932383 18.217913
9.867612 -23.179642 18.318628
9.797706 -23.426901 18.419344
9.727798 -23.674162 18.520060
9.657892 -23.921421 18.620777
9.587986 -24.168682 18.721493
9.518079 -24.415941 18.822208
9.448173 -24.663200 18.922924
9.378265 -24.910461 19.023640
9.308359 -25.157721 19.124355
9.238452 -25.404982 19.225071
9.168546 -25.652241 19.325787
9.098639 -25.899500 19.426502
9.028732 -26.146761 19.527218
8.958826 -26.394020 19.627934
8.888919 -26.641281 19.728649
8.819013 -26.888540 19.829367
8.749105 -27.135799 19.930082
8.679199 -27.383060 20.030798
8.609292 -27.630320 20.131514
8.539386 -27.877581 20.232229
8.469480 -28.124840 20.332945
8.399572 -28.372099 20.433661
8.329666 -28.619360 20.534376
8.259759 -28.866619 20.635092
8.189853 -29.113880 20.735807
