#pt3d 400
6.201692 23.828674 -9.307118
5.992684 23.708439 -9.220209
5.783677 23.588202 -9.133301
5.574669 23.467966 -9.046391
5.365661 23.347731 -8.959483
5.156653 23.227493 -8.872574
4.947646 23.107258 -8.785666
4.738638 22.987022 -8.698756
4.529631 22.866787 -8.611848
4.320623 22.746550 -8.524939
4.111615 22.626314 -8.438030
3.902608 22.506079 -8.351121
3.693600 22.385841 -8.264213
3.484592 22.265606 -8.177303
3.275585 22.145370 -8.090395
3.066577 22.025135 -8.003486
2.857569 21.904898 -7.916577
2.648562 21.784662 -7.829669
2.439554 21.664427 -7.742760
2.230547 21.544189 -7.655851
2.021539 21.423954 -7.568942
1.812531 21.303719 -7.482033
1.603524 21.183483 -7.395124
1.394516 21.063246 -7.308216
1.185508 20.943010 -7.221307
0.976501 20.822775 -7.134398
0.767493 20.702538 -7.047490
0.558486 20.582302 -6.960581
0.349478 20.462067 -6.873672
0.140470 20.341831 -6.786763
-0.068537 20.221594 -6.699854
-0.277545 20.101358 -6.612946
-0.486553 19.981123 -6.526037
-0.695560 19.860888 -6.439128
-0.904568 19.740650 -6.352219
-1.113576 19.620415 -6.265310
-1.322583 19.500179 -6.178401
-1.531591 19.379942 -6.091493
-1.740598 19.259706 -6.004584
-1.949606 19.139471 -5.917675
-2.158614 19.019236 -5.830767
-2.367621 18.898998 -5.743858
-2.576629 18.778763 -5.656949
-2.785637 18.658527 -5.570040
-2.994644 18.538290 -5.483131
-3.203652 18.418055 -5.396223
-3.412660 18.297819 -5.309314
-3.621667 18.177584 -5.222405
-3.830675 18.057346 -5.135496
-4.039682 17.937111 -5.048587
-4.241948 17.800047 -4.973393
-4.439259 17.650620 -4.906808
-4.633880 17.496819 -4.843914
-4.814602 17.320431 -4.800088
-4.995325 17.144043 -4.756262
-5.158310 16.948027 -4.732942
-5.318707 16.749146 -4.712614
-5.464874 16.539370 -4.706777
-5.603311 16.323671 -4.708813
-5.732386 16.103041 -4.719564
-5.849507 15.876109 -4.741445
-5.962631 15.647775 -4.766867
-6.060818 15.414195 -4.805519
-6.159005 15.180615 -4.844170
-6.242441 14.943905 -4.895905
-6.324980 14.707005 -4.948436
-6.399922 14.469441 -5.008225
-6.470308 14.231481 -5.072369
-6.538368 13.993643 -5.139150
-6.599796 13.756157 -5.213455
-6.661224 13.518671 -5.287760
-6.717208 13.282583 -5.370255
-6.772272 13.046731 -5.454134
-6.825312 12.812027 -5.542246
-6.875655 12.578853 -5.635999
-6.925991 12.345686 -5.729771
-6.971986 12.116370 -5.834618
-7.017981 11.887055 -5.939466
-7.060578 11.660999 -6.052257
-7.100931 11.437096 -6.170295
-7.138957 11.215192 -6.292488
-7.170388 10.998951 -6.426450
-7.201732 10.782777 -6.560525
-7.218740 10.577559 -6.713139
-7.235749 10.372343 -6.865752
-7.234147 10.180644 -7.035471
-7.229409 9.991223 -7.208073
-7.201034 9.819226 -7.395293
-7.167068 9.651350 -7.585970
-7.104771 9.505487 -7.786640
-7.036984 9.363891 -7.989246
-6.939734 9.246542 -8.194891
-6.838947 9.132103 -8.400901
-6.713157 9.038666 -8.603492
-6.585109 8.947125 -8.805774
-6.440312 8.868421 -9.001884
-6.292944 8.791684 -9.197046
-6.137249 8.718539 -9.386944
-5.978401 8.646752 -9.574848
-5.817348 8.572275 -9.759749
-5.654119 8.495142 -9.941686
-5.491421 8.414506 -10.122445
-5.330505 8.322093 -10.299250
-5.169588 8.229680 -10.476054
-5.016992 8.115035 -10.647004
-4.864966 7.998865 -10.817552
-4.722708 7.863668 -10.981580
-4.585789 7.718071 -11.142044
-4.456298 7.560899 -11.296449
-4.339375 7.384141 -11.440600
-4.225014 7.204101 -11.582047
-4.130795 6.998258 -11.702237
-4.036575 6.792416 -11.822428
-3.962997 6.565238 -11.914280
-3.892284 6.335100 -12.002199
-3.837672 6.092997 -12.061781
-3.790375 5.845458 -12.108489
-3.756567 5.593549 -12.126148
-3.732844 5.338373 -12.122087
-3.722688 5.087052 -12.084721
-3.723238 4.838773 -12.021072
-3.739958 4.608293 -11.915824
-3.765195 4.387188 -11.788664
-3.809644 4.207142 -11.614191
-3.858533 4.037353 -11.429001
-3.925238 3.928909 -11.206550
-3.994099 3.831410 -10.981142
-4.073286 3.786306 -10.741582
-4.153936 3.751322 -10.501742
-4.240774 3.759140 -10.260719
-4.327882 3.769240 -10.020062
-4.419396 3.816530 -9.785365
-4.510910 3.863820 -9.550668
-4.604684 3.932577 -9.322565
-4.699089 4.007322 -9.096302
-4.794051 4.089148 -8.872934
-4.889844 4.181550 -8.653893
-4.985639 4.273952 -8.434851
-5.080812 4.376097 -8.219912
-5.175963 4.478564 -8.005108
-5.269078 4.583078 -7.790414
-5.360435 4.689355 -7.575814
-5.450488 4.795350 -7.360553
-5.533461 4.899815 -7.141700
-5.616435 5.004279 -6.922847
-5.687116 5.102189 -6.696858
-5.755738 5.199000 -6.469675
-5.810575 5.286672 -6.235515
-5.858135 5.369519 -5.997674
-5.891130 5.441320 -5.754480
-5.911818 5.503788 -5.506763
-5.917951 5.553841 -5.256238
-5.908945 5.590981 -5.002795
-5.887000 5.615417 -4.749369
-5.849697 5.624772 -4.495962
-5.802815 5.622858 -4.244638
-5.741821 5.604340 -3.996382
-5.675303 5.577490 -3.750805
-5.596390 5.531946 -3.511238
-5.515407 5.482006 -3.273527
-5.424062 5.410061 -3.045111
-5.332717 5.338117 -2.816694
-5.233732 5.239889 -2.601661
-5.134682 5.141438 -2.386741
-5.032830 5.021707 -2.184683
-4.930274 4.896642 -1.985848
-4.827962 4.756058 -1.798178
-4.725812 4.605180 -1.617914
-4.625213 4.445047 -1.445573
-4.526981 4.270801 -1.285316
-4.429903 4.093168 -1.128469
-4.338283 3.899518 -0.987758
-4.246663 3.705868 -0.847046
-4.162530 3.498599 -0.722085
-4.079009 3.290220 -0.598408
-4.000726 3.075344 -0.483013
-3.925418 2.856782 -0.372319
-3.852416 2.636184 -0.264314
-3.784416 2.411168 -0.162148
-3.716417 2.186152 -0.059981
-3.653781 1.957710 0.037910
-3.591343 1.729141 0.135642
-3.530895 1.499669 0.232488
-3.471786 1.269591 0.328738
-3.412852 1.039479 0.425014
-3.354512 0.809252 0.521379
-3.296172 0.579025 0.617743
-3.236243 0.349285 0.714292
-3.176066 0.119621 0.810869
-3.113703 -0.109637 0.906999
-3.049288 -0.338513 1.002709
-2.983775 -0.567272 1.097919
-2.913347 -0.795507 1.190884
-2.842919 -1.023742 1.283850
-2.766555 -1.251656 1.372786
-2.689250 -1.479519 1.461083
-2.608332 -1.707349 1.546056
-2.524481 -1.935151 1.628329
-2.439387 -2.163002 1.709108
-2.350365 -2.391004 1.785162
-2.261343 -2.619006 1.861216
-2.169562 -2.847452 1.932492
-2.077547 -3.075935 2.003364
-1.985149 -3.304800 2.072464
-1.892484 -3.533930 2.140338
-1.800168 -3.763212 2.208167
-1.708911 -3.992961 2.275854
-1.617655 -4.222711 2.343542
-1.528682 -4.452619 2.413674
-1.439983 -4.682547 2.484099
-1.352607 -4.912098 2.557295
-1.266382 -5.141320 2.632902
-1.180303 -5.370177 2.709722
-1.094895 -5.597361 2.792104
-1.009486 -5.824545 2.874487
-0.922025 -6.048625 2.962933
-0.834159 -6.272092 3.052578
-0.742716 -6.492661 3.145586
-0.647855 -6.710461 3.241808
-0.550374 -6.926543 3.339072
-0.443369 -7.136384 3.440121
-0.336364 -7.346224 3.541170
-0.213456 -7.545986 3.644438
-0.089723 -7.745224 3.747821
0.047751 -7.935078 3.850958
0.190841 -8.121098 3.953994
0.343030 -8.299956 4.055943
0.505185 -8.470976 4.156703
0.671075 -8.638455 4.256879
0.849423 -8.794134 4.355115
1.027771 -8.949812 4.453351
1.217444 -9.091940 4.550832
1.407674 -9.233400 4.648276
1.602604 -9.366899 4.747397
1.800182 -9.495908 4.847464
1.998738 -9.621609 4.949597
2.199578 -9.739575 5.056560
2.400419 -9.857542 5.163523
2.601068 -9.965177 5.281157
2.801708 -10.072295 5.399322
3.000499 -10.172027 5.526386
3.198149 -10.267200 5.658939
3.394304 -10.357944 5.796351
3.587138 -10.438860 5.944545
3.779806 -10.519246 6.093191
3.967393 -10.583553 6.255579
4.154980 -10.647861 6.417967
4.339570 -10.698056 6.588326
4.523292 -10.744168 6.760993
4.706582 -10.780632 6.936155
4.889490 -10.808600 7.113514
5.073313 -10.831786 7.290454
5.259355 -10.843372 7.466375
5.445742 -10.854284 7.641936
5.638654 -10.852414 7.810681
5.831567 -10.850544 7.979427
6.031981 -10.840813 8.138746
6.234251 -10.829136 8.295732
6.441886 -10.814017 8.444954
6.654082 -10.795971 8.587577
6.868550 -10.776970 8.726422
7.089549 -10.755223 8.854409
7.310547 -10.733477 8.982396
7.537810 -10.709589 9.098433
7.765423 -10.685581 9.213801
7.995589 -10.660482 9.323632
8.227419 -10.634671 9.429852
8.459720 -10.608385 9.534894
8.693519 -10.580583 9.636180
8.927319 -10.552781 9.737466
9.161369 -10.523458 9.837735
9.395461 -10.493887 9.937839
9.629175 -10.464022 10.038729
9.862489 -10.433846 10.140454
10.095667 -10.403959 10.242568
10.327950 -10.375984 10.347238
10.560235 -10.348010 10.451906
10.792096 -10.325700 10.558808
11.023864 -10.304655 10.666209
11.255830 -10.291046 10.774173
11.487954 -10.283371 10.882586
11.720312 -10.282934 10.990324
11.953095 -10.295667 11.096831
12.185760 -10.313829 11.202255
12.417967 -10.352783 11.303530
12.649873 -10.394291 11.404120
12.878709 -10.461836 11.497745
13.107546 -10.529382 11.591369
13.330118 -10.622700 11.677507
13.552468 -10.716938 11.763379
13.767973 -10.828654 11.845102
13.981767 -10.944741 11.925789
14.190135 -11.070129 12.006211
14.394457 -11.202456 12.086437
14.595924 -11.338025 12.168130
14.790263 -11.481696 12.253483
14.984602 -11.625368 12.338836
15.168273 -11.776372 12.434463
15.351472 -11.927701 12.530543
15.526307 -12.082141 12.636220
15.695904 -12.238529 12.747907
15.860483 -12.395809 12.865072
16.012281 -12.555359 12.996203
16.164078 -12.714910 13.127334
16.292828 -12.875989 13.279471
16.420979 -13.037108 13.432153
16.527666 -13.198059 13.599805
16.624958 -13.358935 13.774010
16.705826 -13.518579 13.956280
16.764931 -13.676593 14.149237
16.817713 -13.833680 14.344090
16.832943 -13.985267 14.550205
16.848173 -14.136853 14.756321
16.827436 -14.280527 14.966658
16.796747 -14.422012 15.178163
16.766056 -14.563497 15.389667
16.735367 -14.704982 15.601171
16.704676 -14.846467 15.812675
16.673986 -14.987951 16.024179
16.643295 -15.129436 16.235685
16.612606 -15.270921 16.447189
16.581915 -15.412406 16.658693
16.551226 -15.553891 16.870199
16.520535 -15.695375 17.081703
16.489845 -15.836861 17.293207
16.459154 -15.978346 17.504711
16.428465 -16.119831 17.716217
16.397774 -16.261314 17.927721
16.367085 -16.402800 18.139225
16.336393 -16.544285 18.350731
16.305704 -16.685770 18.562235
16.275013 -16.827255 18.773739
16.244324 -16.968740 18.985243
16.213633 -17.110224 19.196749
16.182943 -17.251709 19.408253
16.152252 -17.393194 19.619757
16.121563 -17.534679 19.831263
16.090872 -17.676165 20.042767
16.060183 -17.817648 20.254271
16.029491 -17.959133 20.465775
15.998802 -18.100618 20.677280
15.968112 -18.242104 20.888784
15.937422 -18.383589 21.100288
15.906732 -18.525074 21.311794
15.876041 -18.666557 21.523298
15.845351 -18.808043 21.734802
15.814661 -18.949528 21.946306
15.783971 -19.091013 22.157812
15.753281 -19.232498 22.369316
15.722590 -19.373981 22.580820
15.691900 -19.515467 22.792326
15.661210 -19.656952 23.003830
15.630520 -19.798437 23.215334
15.599830 -19.939922 23.426838
15.569139 -20.081408 23.638344
15.538449 -20.222891 23.849848
15.507759 -20.364376 24.061352
15.477069 -20.505861 24.272858
15.446379 -20.647346 24.484362
15.415689 -20.788832 24.695866
15.384998 -20.930315 24.907370
15.354308 -21.071800 25.118876
15.323618 -21.213285 25.330379
15.292928 -21.354771 25.541883
15.262238 -21.496256 25.753389
15.231547 -21.637741 25.964893
15.200857 -21.779224 26.176397
15.170167 -21.920710 26.387901
15.139477 -22.062195 26.599407
15.108787 -22.203680 26.810911
15.078096 -22.345165 27.022415
15.047406 -22.486649 27.233921
15.016716 -22.628134 27.445425
14.986026 -22.769619 27.656929
14.955336 -22.911104 27.868433
14.924645 -23.052589 28.079939
14.893955 -23.194075 28.291443
14.863265 -23.335558 28.502947
14.832575 -23.477043 28.714453
14.801885 -23.618528 28.925957
14.771194 -23.760014 29.137461
14.740504 -23.901499 29.348965
14.709814 -24.042982 29.560471
14.679124 -24.184467 29.771975
14.648434 -24.325953 29.983479
14.617743 -24.467438 30.194984
14.587053 -24.608923 30.406488
14.556363 -24.750408 30.617992
14.525673 -24.891891 30.829498
14.494983 -25.033377 31.041002
14.464293 -25.174862 31.252506
14.433602 -25.316347 31.464010
14.402912 -25.457832 31.675516
14.372222 -25.599316 31.887020
14.341532 -25.740801 32.098526
14.310842 -25.882286 32.310028
14.280151 -26.023771 32.521534
14.249461 -26.165257 32.733040
14.218771 -26.306742 32.944542
14.188081 -26.448225 33.156048
