/*--------------------------------*- C++ -*----------------------------------*\
| =========                 |                                                 |
| \\      /  F ield         | OpenFOAM: The Open Source CFD Toolbox           |
|  \\    /   O peration     | Version:  v1612+                                |
|   \\  /    A nd           | Web:      www.OpenFOAM.com                      |
|    \\/     M anipulation  |                                                 |
\*---------------------------------------------------------------------------*/
FoamFile
{
    version     2.0;
    format      ascii;
    class       volVectorField;
    location    "50";
    object      wallShearStress;
}
// * * * * * * * * * * * * * * * * * * * * * * * * * * * * * * * * * * * * * //

dimensions      [0 2 -2 0 0 0 0];

internalField   uniform (0 0 0);

boundaryField
{
    WALL
    {
        type            calculated;
        value           nonuniform List<vector> 
1516
(
(-0.0175421 -0.000325599 0.00740471)
(-0.0200043 0.00110784 0.00965008)
(-0.0110399 -0.0258459 0.0203927)
(-0.010682 -0.021834 0.0213326)
(-0.000458572 -0.0125518 0.0188797)
(-0.00319977 -0.0128766 0.0205127)
(-0.0187037 -0.0137031 0.0131352)
(-0.0182624 -0.0117264 0.0150291)
(-0.012746 -0.00426137 0.00443861)
(-0.016668 -0.0219077 0.00783906)
(-0.0167256 -0.0219127 0.00774605)
(-0.00231797 -0.0133725 0.0162853)
(0.000772095 -0.0129176 0.0151841)
(-0.0180009 -0.0132484 0.00334961)
(-0.0184973 -0.0130865 0.00429011)
(-0.0185068 0.00134187 0.011457)
(-0.0186762 0.000362968 0.0123365)
(-0.0150668 0.000245238 0.00503694)
(-0.0225588 -0.0174232 0.00775975)
(-0.0223476 -0.0180758 0.00853162)
(-0.00391781 -0.00713466 0.00119972)
(-0.00396977 -0.00764462 0.00157474)
(0.000605545 -0.0130071 0.0192337)
(0.000306872 -0.0141549 0.0168204)
(-0.00107646 -0.0124632 0.0171974)
(-0.00224855 -0.0122697 0.0138473)
(-0.0044013 -0.00838132 0.00120551)
(-0.00445868 -0.0090433 0.00225209)
(-0.0121918 -0.0180677 0.00366121)
(-0.0143992 -0.0153351 0.00222794)
(0.00244178 -0.0142081 0.00861733)
(0.00367689 -0.0134839 0.0100183)
(-0.00367651 -0.0056299 0.000740574)
(-0.0045063 -0.00577252 0.000918989)
(-0.018657 -0.0187096 0.0101337)
(-0.0196933 -0.0174889 0.0127982)
(-0.00786132 -0.012037 0.0098827)
(-0.00766551 -0.00988882 0.00684815)
(-0.00708894 -0.0147077 0.012652)
(-0.0076756 -0.0126349 0.0110779)
(-0.00792459 -0.0135272 0.0104406)
(-0.00750441 -0.0160065 0.012254)
(-0.00916319 -0.0150406 0.0168223)
(-0.00925198 -0.0185004 0.0184361)
(-0.00644672 -0.019058 0.0147785)
(-0.00707518 -0.0167902 0.0153384)
(-0.00927606 -0.012108 0.0147408)
(-0.00919115 -0.00948227 0.0114299)
(-0.00652585 -0.00531894 0.0025388)
(-0.00584789 -0.00522609 0.00156709)
(-0.00475957 -0.00543673 0.000460537)
(-0.00516698 -0.00526577 0.000956855)
(-0.00920996 -0.00508607 0.0026148)
(-0.00881529 -0.00502285 0.00152324)
(0.00270872 -0.0155109 0.00873701)
(0.00288169 -0.0136599 0.00915155)
(0.00191775 -0.0145436 0.0144776)
(0.000851141 -0.0132464 0.014828)
(-0.00318603 -0.0100622 0.0250293)
(-0.00681063 -0.00988373 0.0254287)
(-0.0228212 -0.00808028 0.0141052)
(-0.0223617 -0.00542802 0.0170072)
(-0.019009 -0.0101669 0.0152143)
(-0.0187169 -0.00922963 0.0176155)
(-0.0186405 -0.00778745 0.0169903)
(-0.0173801 -0.00668402 0.0200046)
(-0.00937165 -0.0207619 0.0186987)
(-0.01016 -0.024247 0.0187746)
(-0.0121476 -0.000531525 0.020555)
(-0.0147011 0.00223652 0.0201097)
(-0.0040454 -0.00618809 0.000676911)
(-0.0048413 -0.00624377 0.0011038)
(-0.00391245 -0.0123824 0.00850337)
(-0.00443822 -0.0123088 0.00925779)
(-0.0200541 -0.000664478 0.0170301)
(-0.0175853 0.000107801 0.0194252)
(-0.0172322 0.00171058 0.0175587)
(-0.0211872 -0.00162244 0.0149217)
(-0.0188366 0.000208194 0.0151056)
(-0.0185384 -0.000748836 0.0182815)
(-0.0153529 -0.0136634 0.00221706)
(-0.016802 -0.011156 0.00244039)
(-0.0180084 -0.00804341 0.00384221)
(-0.0183407 -0.00962158 0.00390002)
(-0.0195698 -0.00891809 0.00474582)
(-0.0166721 -0.00871023 0.00280621)
(-0.0117419 -0.00479976 0.00453493)
(-0.0110674 -0.00461658 0.00475341)
(-0.0102909 -0.00503428 0.00380166)
(-0.00758955 -0.00484619 0.00191983)
(-0.00981885 -0.00516041 0.0023168)
(-0.0109754 -0.00500677 0.00317338)
(-0.00423472 -0.00706437 0.000739123)
(-0.00430529 -0.00684765 0.00044299)
(-0.0046622 -0.00642033 0.000436271)
(-0.00445722 -0.00600228 0.000439009)
(-0.00443905 -0.00733484 0.000762835)
(-0.00423935 -0.00655217 0.000624879)
(-0.00541625 -0.00659403 0.00155269)
(-0.00430764 -0.00635071 0.000782548)
(-0.00448265 -0.00647214 0.000572998)
(-0.0055792 -0.0067332 0.00162776)
(-0.00547779 -0.00713056 0.00115035)
(0.00331756 -0.0140582 0.0117421)
(0.00241489 -0.0138376 0.0123504)
(0.00123126 -0.0143665 0.0152615)
(0.00225092 -0.0140874 0.0126025)
(0.00146965 -0.0133459 0.0137319)
(0.00251209 -0.0138022 0.0113142)
(-0.0150946 -0.0272629 0.00849197)
(-0.0144573 -0.0274164 0.0073117)
(-0.0115145 -0.0294742 0.00845328)
(-0.0110794 -0.0271565 0.00830387)
(-0.0149064 -0.0250003 0.00693305)
(-0.014687 -0.0267934 0.00820502)
(-0.0199212 -0.0191093 0.0101155)
(-0.0198858 -0.01656 0.0106568)
(-0.020124 -0.0165455 0.0119629)
(-0.0197285 -0.0177811 0.00975059)
(-0.0204439 -0.0174696 0.0114244)
(-0.0216435 -0.0192585 0.0115889)
(-0.00855859 -0.0125588 0.0132487)
(-0.00885381 -0.0116433 0.0112067)
(-0.00936757 -0.0117562 0.0119542)
(-0.00788273 -0.0119319 0.0124546)
(-0.00844407 -0.0101948 0.0105171)
(-0.00817194 -0.0100743 0.0101714)
(-0.0110514 -0.0233481 0.0224989)
(-0.0113109 -0.0193495 0.0208674)
(-0.0108083 -0.0203058 0.0219556)
(-0.00838309 -0.0227018 0.0206248)
(-0.00971784 -0.0204725 0.0199612)
(-0.0110156 -0.0245795 0.0185081)
(-0.00904333 -0.0217145 0.0192215)
(-0.0115378 -0.0231232 0.0203767)
(0.00160066 -0.013534 0.00567411)
(-0.000316807 -0.0102182 0.00274389)
(0.000971542 -0.012228 0.00471165)
(0.000606652 -0.0122197 0.00461047)
(-0.000284046 -0.011025 0.00353107)
(5.26192e-05 -0.0115837 0.00353064)
(-0.00784889 -0.00616791 0.00559023)
(-0.00611177 -0.00549954 0.00262277)
(-0.00760455 -0.00605297 0.00515211)
(-0.00693088 -0.00575143 0.00357985)
(-0.00644341 -0.00571433 0.0030229)
(-0.00771538 -0.00660239 0.00434691)
(-0.00907806 -0.0175537 0.0191352)
(-0.00947229 -0.0143507 0.0177335)
(-0.00965157 -0.0180461 0.0201202)
(-0.0104203 -0.0172496 0.0189044)
(-0.0101268 -0.0158712 0.0191008)
(-0.0100673 -0.0141657 0.0179649)
(-0.00872188 -0.00422606 0.0223538)
(-0.0107223 -0.00307191 0.0227677)
(-0.0102576 -0.00172055 0.0240052)
(-0.0116029 -0.000541886 0.0229586)
(-0.0112144 -0.000926797 0.0224769)
(-0.00895204 -0.00356223 0.023643)
(-0.00712641 -0.0065982 0.0192909)
(-0.00863446 -0.00628715 0.0207928)
(-0.00834389 -0.0042784 0.0213551)
(-0.00743421 -0.00745264 0.0208004)
(-0.00940275 -0.00552376 0.0199104)
(-0.0121971 0.000234869 0.0232433)
(-0.0135848 0.00187312 0.0216793)
(-0.0128765 0.0013114 0.0217967)
(-0.0154514 0.00196786 0.0198364)
(-0.0129288 0.000451096 0.0228949)
(-0.0141516 0.00213867 0.0202298)
(-0.0119274 -0.00242645 0.021007)
(-0.0129501 7.85528e-06 0.0216547)
(-0.0134651 0.000888137 0.0198104)
(-0.00353578 -0.0122167 0.0175445)
(-0.0035711 -0.0111199 0.0189966)
(-0.00389135 -0.0102202 0.0214167)
(-0.00240774 -0.0108619 0.0198773)
(-0.00273753 -0.0117173 0.017765)
(-0.00440815 -0.0105648 0.0211214)
(-0.00637789 -0.00857748 0.0202699)
(-0.00526778 -0.00885425 0.0211524)
(-0.0071586 -0.00728041 0.021255)
(-0.00551905 -0.00982219 0.0189503)
(-0.00465071 -0.00959247 0.0191409)
(-0.00626917 -0.00709996 0.0212436)
(-0.0100083 -0.0137324 0.0161002)
(-0.0100322 -0.014286 0.0154912)
(-0.00996664 -0.0119878 0.0131957)
(-0.00887493 -0.0119387 0.0143876)
(-0.00893615 -0.0147411 0.0159253)
(0.00286333 -0.0137758 0.0109023)
(0.00190892 -0.0153352 0.0108236)
(0.0024255 -0.0142969 0.00750133)
(0.00278405 -0.0144468 0.00992069)
(0.00273649 -0.0150641 0.0101535)
(0.00293753 -0.0143031 0.0083856)
(-0.0132902 -0.0284745 0.0111248)
(-0.0117957 -0.0279414 0.0110232)
(-0.0144435 -0.0280277 0.00914631)
(-0.0150569 -0.0287725 0.0107133)
(-0.0173794 -0.0295908 0.0105549)
(-0.0175773 -0.0247662 0.00716834)
(-0.0173414 -0.0244973 0.0070872)
(-0.021273 -0.0220514 0.00681577)
(-0.0211794 -0.0244333 0.00728991)
(-0.0174921 -0.0220037 0.00655841)
(-0.0211176 -0.020538 0.00649909)
(-0.0144833 -0.00859111 0.020244)
(-0.0170842 -0.00904623 0.0174204)
(-0.014077 -0.00812145 0.0212051)
(-0.016209 -0.00875523 0.0200731)
(-0.0163587 -0.00931176 0.0189307)
(-0.00494018 -0.0101516 0.0244765)
(-0.00721966 -0.00982399 0.024871)
(-0.00828539 -0.008493 0.024962)
(-0.00781916 -0.00864251 0.0256928)
(-0.00451425 -0.0104973 0.0251742)
(-0.0118858 -0.00733904 0.0246777)
(-0.0112253 -0.00718345 0.0254135)
(-0.0145054 -0.00583473 0.0232798)
(-0.0122706 -0.00589612 0.0250548)
(-0.0142221 -0.00716026 0.0237794)
(-0.0150818 -0.0062512 0.0223301)
(-0.012825 -0.00905564 0.0237111)
(-0.00990243 -0.00877875 0.024242)
(-0.0111187 -0.00791733 0.023776)
(-0.0123361 -0.00689532 0.0232691)
(-0.00901533 -0.00847835 0.0239046)
(-0.0130288 -0.00755845 0.0225985)
(-0.00905054 -0.00670858 0.0259475)
(-0.00863328 -0.00558402 0.02634)
(-0.00672968 -0.00818793 0.0255586)
(-0.00814702 -0.00715797 0.0252943)
(-0.00558296 -0.0070146 0.0255374)
(-0.00943255 -0.0107385 0.021994)
(-0.010092 -0.0105898 0.0209037)
(-0.00649998 -0.00982252 0.0213107)
(-0.00610152 -0.0116114 0.0216191)
(-0.00724322 -0.011836 0.0212578)
(-0.00845528 -0.0107745 0.02095)
(-0.0111886 -0.00913413 0.0228206)
(-0.00759084 -0.010127 0.022911)
(-0.00914351 -0.00941781 0.022981)
(-0.0115684 -0.00884637 0.0221517)
(-0.00974215 -0.00920332 0.0224276)
(-0.00815505 -0.00986295 0.0223905)
(-0.00591868 -0.0103302 0.0239089)
(-0.00521845 -0.011056 0.02331)
(-0.00334252 -0.0114307 0.0219416)
(-0.00325164 -0.0120458 0.0226159)
(-0.0046306 -0.0113291 0.0235183)
(-0.00672853 -0.0103786 0.0237769)
(0.00114176 -0.0146763 0.0163194)
(0.00265544 -0.0142461 0.0133669)
(0.0016463 -0.0135693 0.0140758)
(0.00107323 -0.0131849 0.0154178)
(0.00244027 -0.0140638 0.0126634)
(0.0015637 -0.0143038 0.0140804)
(-0.00171557 -0.0127916 0.0201656)
(-0.00438667 -0.0115078 0.0219766)
(-0.00249198 -0.0117835 0.0207347)
(-0.00490838 -0.0110055 0.0214916)
(-0.00228949 -0.012408 0.0199546)
(-0.000797684 -0.0125465 0.0193598)
(-0.00311861 -0.011272 0.0211382)
(-0.00285379 -0.0111231 0.0205034)
(-0.0181846 -0.022919 0.00694919)
(-0.0185786 -0.0219568 0.0071699)
(-0.0168706 -0.0232168 0.00693554)
(-0.0196818 -0.0207922 0.00773127)
(-0.0191314 -0.0216031 0.0073154)
(-0.0188548 -0.0238221 0.00777708)
(-0.0203653 -0.0144137 0.010677)
(-0.020932 -0.0181963 0.00950781)
(-0.0208179 -0.0162191 0.0109651)
(-0.0210236 -0.0185002 0.00995025)
(-0.0213686 -0.0144094 0.0122236)
(-0.020617 -0.0196063 0.0090946)
(-0.0229596 -0.0120094 0.0121651)
(-0.0213821 -0.0100087 0.0133891)
(-0.0214823 -0.00838533 0.0145785)
(-0.0209779 -0.00937867 0.0146211)
(-0.0223125 -0.0106834 0.012493)
(-0.0214335 -0.00852075 0.0161632)
(-0.0146218 -0.0323227 0.0147178)
(-0.013143 -0.0281203 0.012453)
(-0.0111223 -0.0299757 0.0151156)
(-0.0119134 -0.0272651 0.0136766)
(-0.0158259 -0.0307553 0.0134407)
(-0.0118712 -0.030481 0.0166459)
(-0.0176502 -0.020273 0.00431978)
(-0.0132638 -0.0231813 0.00565815)
(-0.0149392 -0.0223895 0.00490056)
(-0.0142703 -0.0221603 0.00530935)
(-0.013426 -0.0221125 0.00477237)
(-0.0123097 -0.0205387 0.0139025)
(-0.0108306 -0.0201058 0.0113633)
(-0.0124499 -0.0200236 0.0152626)
(-0.0107309 -0.0175827 0.005213)
(-0.0108901 -0.0192305 0.00593411)
(-0.0102808 -0.0208796 0.00830735)
(-0.0107897 -0.0199979 0.00835562)
(-0.0095838 -0.0188884 0.00691198)
(-0.00972562 -0.0206694 0.00959112)
(-0.00293704 -0.00623215 0.000838693)
(-0.00322187 -0.0059335 0.00105286)
(-0.00293031 -0.00720607 0.000992571)
(-0.00336885 -0.00679143 0.00135486)
(-0.00314728 -0.00603174 0.000774229)
(-0.0034086 -0.00583859 0.000846791)
(-0.0021825 -0.00945271 0.00234081)
(-0.0025496 -0.00854714 0.0019178)
(-0.00305279 -0.00830725 0.00153955)
(-0.00180992 -0.00780394 0.00154504)
(-0.002594 -0.00802847 0.00157582)
(-0.00141286 -0.00883044 0.0018987)
(-0.00237624 -0.00801101 0.00210122)
(-0.00232677 -0.00762019 0.00177758)
(-0.0032485 -0.00725504 0.00189792)
(-0.00954135 -0.0275198 0.0194065)
(-0.0108578 -0.0256716 0.0149503)
(-0.0115421 -0.0298358 0.0176231)
(-0.00954381 -0.0239306 0.0157131)
(-0.00996121 -0.0281482 0.0178656)
(-0.0102777 -0.0272289 0.018204)
(-0.00998549 -0.0254802 0.0214569)
(-0.0110128 -0.0265564 0.0196057)
(-0.0106973 -0.026083 0.0203051)
(-0.011091 -0.0260202 0.0177662)
(-0.0110759 -0.0269363 0.0183761)
(-0.00961624 -0.023194 0.0188192)
(-0.0111232 -0.0202955 0.0219932)
(-0.00978676 -0.0204121 0.0210304)
(-0.00999851 -0.0172591 0.0214232)
(-0.0101034 -0.0184518 0.0211884)
(-0.0093437 -0.0204012 0.0208017)
(-0.0104737 -0.0167722 0.0210008)
(-0.0164491 -0.00993518 0.0165875)
(-0.015821 -0.00986606 0.0168914)
(-0.0153532 -0.007454 0.0145118)
(-0.0157843 -0.00875592 0.016136)
(-0.0162598 -0.00746274 0.0141353)
(-0.0172464 -0.0090084 0.0151097)
(-0.0141081 -0.00571605 0.0105976)
(-0.0151294 -0.00587868 0.0105781)
(-0.0134399 -0.00496391 0.00710555)
(-0.0126864 -0.00474188 0.00737771)
(-0.0144473 -0.00589838 0.00896637)
(-0.0151293 -0.00562512 0.00859274)
(-0.00443825 -0.00563232 0.000591497)
(-0.00354961 -0.0057661 0.000352059)
(-0.00394528 -0.00549176 0.000456043)
(-0.00357587 -0.00553745 0.000594899)
(-0.00402617 -0.00565327 0.000526312)
(-0.00355702 -0.00580613 0.000435888)
(-0.00563195 -0.00530813 0.00172582)
(-0.00518351 -0.00535148 0.00106089)
(-0.00519303 -0.00532221 0.00128944)
(-0.00553164 -0.00515971 0.00150217)
(-0.00634867 -0.00532231 0.0024394)
(-0.0071109 -0.00501676 0.00338512)
(-0.00505785 -0.00548434 0.000677073)
(-0.00436646 -0.00607978 0.000725575)
(-0.00461524 -0.0059143 0.000428177)
(-0.00460592 -0.00585033 0.000619979)
(-0.0044436 -0.00639008 0.000510717)
(-0.00815508 -0.00528991 0.00216591)
(-0.00630835 -0.0049839 0.00171188)
(-0.00760128 -0.00525981 0.00231858)
(-0.00601214 -0.0054354 0.0010275)
(-0.00703385 -0.00474215 0.00164371)
(-0.00674017 -0.00543549 0.00125331)
(-0.00744978 -0.00474697 0.00304889)
(-0.00849646 -0.00524656 0.00415905)
(-0.00828281 -0.00530326 0.00437277)
(-0.00713004 -0.00517524 0.0022264)
(-0.00726778 -0.00501665 0.00332825)
(-0.00354514 -0.00604503 0.000725244)
(-0.00349681 -0.00550911 0.000775951)
(-0.00291526 -0.00589284 0.000562708)
(-0.00335278 -0.00575712 0.000504453)
(-0.00317354 -0.0058803 0.000510094)
(-0.0027312 -0.00632108 0.00115946)
(-0.00230572 -0.00669408 0.00100967)
(-0.00305708 -0.00608555 0.000935762)
(-0.00291395 -0.00692119 0.000937473)
(-0.00288405 -0.00625005 0.000814255)
(-0.00687423 -0.0237364 0.0154624)
(-0.007957 -0.0241306 0.0163243)
(-0.00761975 -0.0218165 0.0159629)
(-0.00798887 -0.0222974 0.0171753)
(-0.0084323 -0.0212006 0.0168772)
(-0.00774883 -0.0231905 0.0161021)
(-0.00752027 -0.0209725 0.0149878)
(-0.00607772 -0.0212095 0.0146853)
(-0.00750332 -0.019328 0.0152573)
(-0.00747306 -0.0183062 0.0149659)
(-0.00713392 -0.0206106 0.0167451)
(-0.00697993 -0.0218535 0.015585)
(-0.00770812 -0.0118627 0.00926499)
(-0.00797082 -0.0143941 0.0119328)
(-0.00791253 -0.0119749 0.0105702)
(-0.00769889 -0.0143871 0.0116008)
(-0.0106494 -0.0292129 0.0103415)
(-0.00837068 -0.0280195 0.0117942)
(-0.00895893 -0.0285123 0.0106049)
(-0.00748313 -0.0273819 0.012435)
(-0.00823705 -0.0281691 0.0120437)
(-0.00876949 -0.0266656 0.00997195)
(-0.0076357 -0.0253014 0.0153437)
(-0.00680238 -0.0262718 0.0139331)
(-0.007521 -0.0275118 0.0136998)
(-0.00727916 -0.0243555 0.014031)
(-0.00766928 -0.0257548 0.0146588)
(-0.00779028 -0.0257818 0.0134416)
(-0.0127515 -0.0262063 0.00679146)
(-0.0121041 -0.0262027 0.00705901)
(-0.0140822 -0.0250697 0.00684845)
(-0.0142819 -0.0243403 0.00669584)
(-0.0132812 -0.0240079 0.00637809)
(-0.0141916 -0.025978 0.00773606)
(-0.0156165 -0.0192566 0.0074874)
(-0.0152703 -0.0236863 0.00686402)
(-0.0155715 -0.0225848 0.0071398)
(-0.0141592 -0.0228048 0.00599429)
(-0.0179408 -0.0222803 0.00738599)
(-0.0183576 -0.023781 0.0075414)
(-0.0182505 -0.0245157 0.00759796)
(-0.0201613 -0.0212587 0.00872297)
(-0.0167658 -0.0225134 0.00682665)
(-0.0189628 -0.0220611 0.00798266)
(-0.0160272 -0.0166737 0.0114828)
(-0.016409 -0.0164396 0.0128773)
(-0.0147719 -0.0154453 0.0148641)
(-0.0149852 -0.0158527 0.0134726)
(-0.0153723 -0.0160618 0.0122545)
(-0.0148201 -0.0144576 0.013574)
(-0.00537971 -0.0129045 0.0203779)
(-0.00956947 -0.01253 0.0194734)
(-0.00601092 -0.0121911 0.0189291)
(-0.00569306 -0.0117852 0.0207155)
(-0.00753546 -0.0120021 0.0192579)
(-0.00893434 -0.0126602 0.0208625)
(-0.0122974 -0.0130904 0.0166146)
(-0.0134231 -0.0132198 0.0175045)
(-0.0136477 -0.0134028 0.0159389)
(-0.0108183 -0.0128031 0.0172417)
(-0.0103225 -0.0127664 0.0185006)
(-0.0110129 -0.0118918 0.0180252)
(-0.0191386 -0.0152068 0.0130012)
(-0.0193823 -0.0145503 0.014557)
(-0.019052 -0.0124804 0.0140444)
(-0.017751 -0.0131401 0.0170833)
(-0.0174558 -0.0135752 0.0151073)
(-0.0179355 -0.0137895 0.0138408)
(-0.0171297 -0.011077 0.0165181)
(-0.0174199 -0.0120765 0.0154701)
(-0.0140188 -0.00950861 0.020061)
(-0.0138564 -0.0106244 0.019463)
(-0.0131938 -0.0102007 0.0212287)
(-0.0148331 -0.0106779 0.0185422)
(-0.0161585 -0.0105478 0.0193385)
(-0.016347 -0.0109147 0.0180215)
(-0.0149006 -0.0121022 0.0185113)
(-0.0152358 -0.0124285 0.0169716)
(-0.0122112 -0.012399 0.0201959)
(-0.0128897 -0.0110075 0.0192362)
(-0.0139077 -0.0120159 0.0179225)
(-0.0126976 -0.012343 0.0187022)
(-0.0177867 -0.0151496 0.0140144)
(-0.0158794 -0.0143863 0.0141787)
(-0.0159549 -0.0139387 0.0160053)
(-0.0174882 -0.0158847 0.0125834)
(-0.0165122 -0.0149795 0.0132585)
(-0.0161128 -0.0132384 0.0148083)
(-0.00588588 -0.00608996 0.0021355)
(-0.00644953 -0.00634805 0.0030394)
(-0.00626799 -0.00678495 0.00250396)
(-0.00532537 -0.00611402 0.00160027)
(-0.00521281 -0.00609637 0.00140293)
(-0.00656249 -0.00651263 0.00311638)
(-0.00479859 -0.0076808 0.000491759)
(-0.0043569 -0.00734178 0.000396288)
(-0.00452418 -0.00709169 0.000631208)
(-0.00406982 -0.00703058 0.000466447)
(-0.00372707 -0.00706524 0.000161729)
(-0.00474846 -0.00713561 0.000510938)
(0.00224239 -0.0149786 0.0109093)
(0.00272547 -0.0139423 0.00944995)
(0.00275319 -0.014196 0.00789504)
(0.0025107 -0.0143862 0.0107504)
(0.00261048 -0.0143791 0.00828844)
(0.00206317 -0.0125179 0.004699)
(0.00209035 -0.0140761 0.0043926)
(0.00287871 -0.0143195 0.00541022)
(0.000896259 -0.0121263 0.00340249)
(0.00112336 -0.0127934 0.00398973)
(0.00267249 -0.0143086 0.00616738)
(0.00149654 -0.0129772 0.00263809)
(0.000736495 -0.0121122 0.00163436)
(-0.00312569 -0.00703354 0.000482865)
(-0.00346169 -0.00716503 0.000310724)
(-0.00301203 -0.0077521 0.000344581)
(-0.00318027 -0.00745706 0.000536621)
(-0.00367761 -0.00724283 0.000629423)
(-0.00292451 -0.00646442 0.000386299)
(0.000910461 -0.0121754 0.00267102)
(-0.000501151 -0.00941279 0.00114672)
(0.00101965 -0.0115932 0.0020571)
(0.000112125 -0.0113038 0.00154526)
(0.000126412 -0.0113457 0.00224688)
(-0.000665227 -0.00999061 0.00158927)
(-0.0113363 -0.0202199 0.00539458)
(-0.0124374 -0.0198294 0.00447033)
(-0.00906771 -0.021735 0.00726552)
(-0.0128132 -0.0223505 0.00656762)
(-0.0124949 -0.0187916 0.00405461)
(-0.00395334 -0.00970547 0.00327443)
(-0.00450437 -0.00890943 0.00176748)
(-0.00423753 -0.00864071 0.00194396)
(-0.00430945 -0.00960264 0.00304427)
(-0.00382989 -0.00907289 0.00257514)
(-0.00480001 -0.00922676 0.0020619)
(-0.00530307 -0.00663592 2.04915e-05)
(-0.00616154 -0.00656995 0.000173602)
(-0.00721216 -0.00607557 0.000232176)
(-0.00658183 -0.00595629 0.000252071)
(-0.00699171 -0.0065862 6.92149e-05)
(-0.015462 -0.0145936 0.0209692)
(-0.0157508 -0.0129847 0.0185436)
(-0.0139494 -0.0160222 0.0204109)
(-0.0132349 -0.0153908 0.0202741)
(-0.0145504 -0.0118188 0.0189383)
(-0.0158692 -0.0143815 0.0189929)
(-0.0087721 -0.00547018 0.000649779)
(-0.0095367 -0.00510385 0.00165778)
(-0.00831995 -0.00530357 0.000850069)
(-0.0105531 -0.00460834 0.00230623)
(-0.01221 -0.00487995 0.00347383)
(-0.00198376 -0.0125841 0.0196111)
(-0.000873053 -0.013083 0.0190718)
(-0.00181202 -0.0127381 0.0210296)
(-0.00190561 -0.0139993 0.01582)
(-0.00160471 -0.0139111 0.0165676)
(0.00066617 -0.0129048 0.0149563)
(0.000421456 -0.0134236 0.018577)
(0.000261465 -0.0145939 0.014632)
(2.72082e-05 -0.0139734 0.0133598)
(-4.95088e-06 -0.0132562 0.0174135)
(0.00133354 -0.0139273 0.0114497)
(0.00151052 -0.013332 0.0129141)
(0.00140107 -0.015021 0.013028)
(0.00196343 -0.0140024 0.0163357)
(0.00148198 -0.0136666 0.0151251)
(0.000990378 -0.0148437 0.0147656)
(0.000758375 -0.0127581 0.0102033)
(0.000371827 -0.0130396 0.00874668)
(-0.000228718 -0.0135408 0.00771022)
(-0.00132874 -0.0120262 0.00776177)
(-0.00103147 -0.0114639 0.00624578)
(-0.000157578 -0.0141404 0.0106049)
(0.000179473 -0.0129126 0.00732503)
(0.000183117 -0.0119199 0.00622384)
(0.000632893 -0.0145135 0.00933704)
(0.000755527 -0.0133715 0.00765159)
(0.00160937 -0.0139151 0.00966061)
(-0.00260117 -0.0107785 0.0044866)
(-0.00297125 -0.0112767 0.00553882)
(-0.00277115 -0.0101963 0.00370388)
(-0.00335978 -0.0102447 0.00428435)
(-0.00334128 -0.0101589 0.00372323)
(-0.0027114 -0.0112478 0.00573674)
(-0.00106713 -0.0107207 0.00421159)
(-0.00230248 -0.0107937 0.00324231)
(-0.00121711 -0.0108466 0.00487152)
(-0.00186132 -0.0104236 0.00425599)
(-0.00257644 -0.00876711 0.00244047)
(-0.00232112 -0.00874938 0.00319114)
(-0.0166904 0.00340692 0.0124404)
(-0.0165227 0.00337768 0.0137827)
(-0.0184621 0.00206111 0.0108944)
(-0.0162069 0.00376702 0.00951722)
(-0.0174077 0.00185738 0.00809748)
(-0.0203701 -0.00177133 0.0109172)
(-0.0207011 -0.00434229 0.00710062)
(-0.0210443 -0.00635218 0.00804488)
(-0.0196072 -0.00702639 0.00553146)
(-0.0205165 -0.00223095 0.00902674)
(-0.0244904 -0.00938044 0.0121542)
(-0.0246409 -0.0100272 0.0131082)
(-0.0223856 -0.00599698 0.0139949)
(-0.0248724 -0.0117436 0.0114056)
(-0.0216028 -0.00709292 0.015143)
(-0.0233746 -0.00634809 0.0156883)
(-0.0236128 -0.0160928 0.00761886)
(-0.0223442 -0.017573 0.00676195)
(-0.0230419 -0.0135309 0.00752401)
(-0.0237012 -0.012729 0.00866606)
(-0.0219703 -0.0153409 0.00659038)
(-0.0228352 -0.0142618 0.00776199)
(-0.0141307 -0.00389255 0.00191977)
(-0.0168715 0.00206249 0.00733408)
(-0.0167103 0.000771639 0.00620779)
(-0.0157115 -0.00251306 0.00241562)
(-0.0151411 -0.000990128 0.00337422)
(-0.0164535 -0.0027881 0.00404537)
(-0.00418652 -0.0134333 0.018427)
(-0.00725136 -0.0129104 0.0183389)
(-0.00778421 -0.0128316 0.0176136)
(-0.00519457 -0.0125486 0.0183462)
(-0.00505879 -0.0132007 0.0174716)
(-0.00654974 -0.0129936 0.0174275)
(-0.0125947 -0.0143769 0.0142897)
(-0.0125322 -0.0146757 0.0164052)
(-0.00925097 -0.0137705 0.0169295)
(-0.0101091 -0.0133451 0.0167936)
(-0.00619273 -0.0130732 0.0161114)
(-0.0035693 -0.0133388 0.0157192)
(-0.00440429 -0.0126278 0.0157266)
(-0.0173306 -0.0222527 0.00766193)
(-0.0175236 -0.0215406 0.00828993)
(-0.0164939 -0.0235877 0.00749432)
(-0.0201072 -0.0232402 0.00892559)
(-0.0187024 -0.0205166 0.00837191)
(-0.0173856 -0.0206151 0.00795051)
(-0.0188808 -0.0214404 0.00900091)
(-0.0194317 -0.0235965 0.00887122)
(-0.0195703 -0.0290002 0.00938043)
(-0.0177643 -0.0233248 0.00807018)
(-0.0161855 -0.0290795 0.00759256)
(-0.0173047 -0.0241706 0.00768773)
(-0.0166793 -0.0243192 0.00747745)
(-0.0153585 -0.0255212 0.00751142)
(-0.0155752 -0.0259082 0.00689627)
(-0.0155599 -0.023292 0.00697983)
(-0.0166899 -0.0255003 0.00801681)
(-0.0168841 -0.0232503 0.00752938)
(-0.016659 -0.0241171 0.00746677)
(-0.00939631 -0.0128534 0.0174225)
(-0.00719222 -0.0129769 0.0166142)
(-0.00155747 -0.0130677 0.0151793)
(-0.00372737 -0.0132341 0.017042)
(-0.000914902 -0.013368 0.0155943)
(-0.00173252 -0.0127062 0.0173137)
(-0.00122628 -0.013439 0.0165593)
(0.001012 -0.0136474 0.0137019)
(0.00109579 -0.0139264 0.0145043)
(-5.90355e-06 -0.0141834 0.0146923)
(-0.0229294 -0.00321629 0.0130535)
(-0.0133293 -0.0083871 0.00087818)
(-0.0144373 -0.00652762 0.00138491)
(-0.0151166 -0.00768847 0.00156659)
(-0.0150134 -0.00893425 0.00153748)
(-0.0143359 -0.0097896 0.00129037)
(-0.0148927 -0.0113365 0.00195958)
(-0.0191433 -0.00592677 0.00490556)
(-0.018742 -0.00306032 0.00583496)
(-0.0167962 -0.00328997 0.00413083)
(-0.0162268 -0.00696936 0.00289878)
(-0.0150846 -0.00762864 0.00199035)
(-0.0163209 -0.0060474 0.00268136)
(-0.0190881 -0.00475873 0.00384289)
(-0.0185362 -0.00117478 0.00536585)
(-0.0155754 0.00297176 0.0106779)
(-0.0229052 -0.0125096 0.0102101)
(-0.0228802 -0.0133282 0.00903296)
(-0.0228109 -0.0113083 0.0109962)
(-0.0214875 -0.0106537 0.00627261)
(-0.0233265 -0.00874245 0.00784761)
(-0.0209601 -0.0126486 0.00586446)
(-0.0229366 -0.0123956 0.00769955)
(-0.0232637 -0.00807768 0.00946841)
(-0.0214714 -0.00480651 0.0109622)
(-0.0226257 -0.00570759 0.0100372)
(-0.0242378 -0.00720101 0.0114302)
(-0.0231678 -0.0102196 0.00932368)
(-0.00997765 -0.00507615 0.0267549)
(-0.00850841 -0.00493302 0.0266713)
(-0.0129675 -0.00486944 0.0250635)
(-0.0166887 -0.0042401 0.0236814)
(-0.0155461 -0.00487887 0.0243275)
(-0.011557 -0.00454669 0.0260087)
(-0.0129478 -0.00263551 0.0241785)
(-0.0135356 -0.00242048 0.0243773)
(-0.012779 -0.0035961 0.0245371)
(-0.011809 -0.00315573 0.0254221)
(-0.0154038 -0.00215847 0.0233914)
(-0.0151786 -0.00182089 0.0236638)
(-0.00210156 -0.0120119 0.00525891)
(-0.000966835 -0.0126239 0.00668296)
(-0.00340094 -0.0101302 0.00324398)
(-0.00361775 -0.00896787 0.00299757)
(0.000847545 -0.0148869 0.0103065)
(0.000856127 -0.0142701 0.0130391)
(-0.016233 -0.00135696 0.0219552)
(-0.0151988 -0.000690999 0.0230089)
(-0.012235 -0.00240565 0.0256036)
(-0.00909365 -0.00266442 0.0261563)
(-0.0121656 -0.000453934 0.0244828)
(-0.000924913 -0.012086 0.0216414)
(-0.00212353 -0.0111075 0.0229667)
(-2.57006e-05 -0.0124855 0.0194794)
(-0.00235803 -0.0115231 0.0228147)
(-0.00156359 -0.010828 0.0211208)
(-0.00813252 -0.00575535 0.000220483)
(-0.00726336 -0.00561387 0.000544253)
(-0.00549218 -0.00727181 0.000297673)
(-0.00490464 -0.00754688 0.000569695)
(-0.00555036 -0.00815699 0.000692911)
(-0.0044342 -0.00838282 0.00102264)
(-0.00473043 -0.00862022 0.00097926)
(-0.00343063 -0.00867858 0.0026112)
(-0.00379438 -0.00958669 0.00285601)
(-0.00234861 -0.0116695 0.00658177)
(-0.00191982 -0.011962 0.00783734)
(-0.00100389 -0.0134006 0.00902202)
(-0.00206746 -0.0130251 0.0078367)
(-0.000847814 -0.0127343 0.00974767)
(-0.000225322 -0.0133519 0.0145538)
(-0.000315479 -0.014805 0.0120281)
(-0.000697652 -0.012374 0.0116341)
(-0.00257655 -0.0125346 0.00947055)
(-0.0017612 -0.014116 0.0125081)
(-0.00361177 -0.0103554 0.00420006)
(-0.00322332 -0.0118844 0.00644191)
(-0.0035841 -0.0108789 0.00514384)
(-0.00420044 -0.0101014 0.00385572)
(-0.0039813 -0.011594 0.00528556)
(-0.00398943 -0.0120405 0.00595929)
(-0.015005 -0.0153084 0.00206715)
(-0.0147923 -0.0174729 0.00238321)
(-0.0143467 -0.0177563 0.0197777)
(-0.0140533 -0.0117547 0.00115179)
(-0.0137899 -0.0122051 0.00125331)
(-0.0142061 -0.0134663 0.00154151)
(-0.0121582 -0.0144661 0.00179158)
(-0.0115455 -0.0156728 0.00216357)
(-0.0118827 -0.0162237 0.00239353)
(-0.0108166 -0.0167165 0.00253876)
(-0.00999959 -0.0179923 0.00479078)
(-0.0164301 -4.12554e-05 0.00686712)
(-0.0158019 0.000832415 0.0067623)
(-0.0183535 -0.000320789 0.00894565)
(-0.0165527 0.00209835 0.0110521)
(-0.0172051 0.0026354 0.0158329)
(-0.0190298 0.00198893 0.0143962)
(-0.0190785 -0.000404419 0.0109977)
(-0.0173598 0.00263726 0.0140138)
(-0.016948 0.00283762 0.0148138)
(-0.0170341 0.00271079 0.0166105)
(-0.00492839 -0.00891563 0.00146236)
(-0.00963631 -0.0265386 0.0154936)
(-0.00143544 -0.00894552 0.00141951)
(-5.75641e-05 -0.0109718 0.00121324)
(-0.000949193 -0.0100546 0.00081875)
(-5.33227e-05 -0.0118537 0.00253309)
(0.00304091 -0.0135937 0.00718493)
(0.002153 -0.014777 0.0135694)
(-0.00351098 -0.00686553 0.000684844)
(-0.00343339 -0.00679176 0.000730048)
(-0.0028388 -0.00642919 0.000579211)
(-0.0026642 -0.00721136 0.000563812)
(-0.00237259 -0.00797877 0.000519758)
(-0.00367929 -0.00656189 0.000807529)
(-0.0034577 -0.00679653 0.000219093)
(-0.00353293 -0.00635773 0.00053777)
(-0.00651321 -0.00701557 0.00296994)
(-0.00302911 -0.00595033 0.000541485)
(-0.00301158 -0.00571207 0.00056939)
(-0.00335587 -0.00612966 0.00047185)
(-0.00316168 -0.00571663 0.000454558)
(-0.00333036 -0.00584587 0.000381765)
(-0.00360686 -0.00584951 0.00049432)
(-0.00410455 -0.00575382 0.000742035)
(-0.00445453 -0.00551357 0.00103963)
(-0.00566263 -0.00810368 0.000640793)
(-0.00585898 -0.00786225 0.00109596)
(-0.00580205 -0.00793539 0.000942201)
(-0.0057985 -0.00730102 0.00128971)
(-0.00678947 -0.00811436 0.0019518)
(-0.00661834 -0.00815999 0.00177441)
(-0.00658521 -0.00710058 0.00293253)
(-0.00744947 -0.00786583 0.00409566)
(-0.00749523 -0.00813531 0.00451347)
(-0.00677886 -0.00764714 0.00266566)
(-0.00678667 -0.00765169 0.00291047)
(-0.00735157 -0.00791055 0.00375922)
(-0.00754787 -0.00847331 0.00366735)
(-0.00742647 -0.0082306 0.00462227)
(-0.007288 -0.00739589 0.00391184)
(-0.00769612 -0.00736465 0.00434565)
(-0.00776378 -0.00700999 0.00548661)
(-0.00744841 -0.00684362 0.00403702)
(-0.00769889 -0.00702898 0.00534425)
(-0.00742366 -0.00760484 0.00505847)
(-0.00736454 -0.00751321 0.00493373)
(-0.00890069 -0.008264 0.00689774)
(-0.00835449 -0.00815654 0.00646149)
(-0.00802317 -0.00851813 0.00782901)
(-0.00800587 -0.00853674 0.00790781)
(-0.00850983 -0.00897072 0.00661268)
(-0.0080832 -0.00874937 0.00582806)
(-0.00792791 -0.00925833 0.00728816)
(-0.00781364 -0.00925079 0.00561697)
(-0.0080558 -0.00922989 0.00580708)
(-0.0077086 -0.00902254 0.00690533)
(-0.0165871 -0.0175736 0.0110072)
(-0.0161397 -0.0156628 0.0120747)
(-0.0139963 -0.0124399 0.0165907)
(-0.0121417 -0.0104656 0.0205737)
(-0.0175614 -0.0144886 0.0127305)
(-0.0152411 -0.0111937 0.0177178)
(-0.0160366 -0.0126853 0.0157321)
(0.00311054 -0.0150441 0.0103403)
(0.00264424 -0.0139834 0.00775563)
(0.00302207 -0.0145449 0.00912127)
(0.00337976 -0.0136708 0.0081373)
(0.00263374 -0.0152316 0.012953)
(0.00278697 -0.0128537 0.0120781)
(0.00306479 -0.0134988 0.0112659)
(0.0022477 -0.0134203 0.0113365)
(0.00330398 -0.0148724 0.0111097)
(-0.00144103 -0.0132834 0.017824)
(-0.0077737 -0.0118192 0.0184769)
(-0.0106038 -0.0117202 0.018994)
(-0.00431694 -0.012295 0.0186297)
(-0.00303464 -0.0134821 0.0187351)
(-0.0125034 -0.0136272 0.0157013)
(-0.0146992 -0.0137299 0.0149959)
(-0.0132138 -0.0141919 0.0138835)
(-0.014275 -0.0264938 0.006976)
(-0.0153714 -0.0256814 0.00735416)
(-0.0145953 -0.0253382 0.00720251)
(-0.0137598 -0.0239512 0.00619421)
(-0.0187204 -0.0203143 0.00828869)
(-0.0189862 -0.020364 0.00934941)
(-0.0185639 -0.016577 0.0115061)
(-0.0190608 -0.0152944 0.0121176)
(-0.0175221 -0.0191487 0.00914653)
(-0.0195711 -0.0206542 0.00967469)
(-0.0178494 -0.016978 0.0113656)
(-0.0185176 -0.018184 0.010624)
(-0.0168464 -0.0183357 0.0101494)
(-0.017722 -0.01918 0.00959157)
(-0.0172758 -0.0178041 0.0110997)
(-0.0171186 -0.0174905 0.0101754)
(-0.0107203 -0.0289477 0.0106345)
(-0.00883268 -0.0274327 0.0114143)
(-0.0105819 -0.0277264 0.00837309)
(-0.00897298 -0.0274905 0.00912406)
(-0.00764627 -0.0266072 0.0119503)
(-0.00631188 -0.0248955 0.0125846)
(-0.00799079 -0.0260541 0.0144678)
(-0.00763835 -0.0269795 0.0149351)
(-0.00766447 -0.0170058 0.0133825)
(-0.00745596 -0.0146407 0.01282)
(-0.0076205 -0.0170477 0.012634)
(-0.00751196 -0.0160455 0.0138477)
(-0.00699631 -0.0193954 0.014054)
(-0.00679337 -0.0176233 0.0138665)
(-0.0072247 -0.0182358 0.0148407)
(-0.00597158 -0.0242073 0.0150772)
(-0.00672506 -0.0228309 0.0144252)
(-0.00720661 -0.0240644 0.0152363)
(-0.00746352 -0.0207883 0.0140132)
(-0.00740261 -0.0216564 0.0126741)
(-0.00689238 -0.0225129 0.0114609)
(-0.00679974 -0.0251879 0.0140502)
(-0.00731153 -0.0190457 0.0136396)
(-0.00642434 -0.0198667 0.0143436)
(-0.00702915 -0.0203252 0.0129888)
(-0.00672815 -0.0208132 0.0116085)
(-0.00676906 -0.0217459 0.0135765)
(-0.00691486 -0.0183162 0.0126371)
(-0.00772963 -0.0173357 0.0120403)
(-0.00716435 -0.0211026 0.0136672)
(-0.00741089 -0.0268058 0.0132213)
(-0.00748726 -0.0293046 0.0149309)
(-0.00985584 -0.0292244 0.0103737)
(-0.00959772 -0.0293206 0.012127)
(-0.0084413 -0.0269505 0.0121991)
(-0.00962128 -0.0303505 0.0105371)
(-0.00582212 -0.0240611 0.0105962)
(-0.0072291 -0.0278663 0.0114351)
(-0.00970866 -0.0277816 0.00896808)
(-0.00799358 -0.0161886 0.0147429)
(-0.0078538 -0.0141081 0.0134661)
(-0.00752385 -0.0234388 0.0157268)
(-0.00996989 -0.0274726 0.015661)
(-0.0111457 -0.0289591 0.0150801)
(-0.00968877 -0.0264419 0.0162062)
(-0.00990542 -0.0280754 0.0123553)
(-0.00996895 -0.0298796 0.0143171)
(-0.00953583 -0.0270326 0.0124102)
(-0.012086 -0.0306379 0.013438)
(-0.0102133 -0.0269679 0.0122847)
(-0.011507 -0.0270016 0.0108995)
(-0.0112537 -0.0280394 0.0137746)
(-0.00894783 -0.028034 0.0144252)
(-0.00940988 -0.0255842 0.0166384)
(-0.00878408 -0.0259507 0.0155687)
(-0.00961788 -0.0274054 0.0147201)
(-0.00842813 -0.0268601 0.0144256)
(-0.00883058 -0.0258116 0.0161705)
(-0.00883559 -0.0278045 0.0155652)
(-0.00800022 -0.026192 0.0152612)
(-0.0107073 -0.0271662 0.00741964)
(-0.0106448 -0.0289018 0.00832233)
(-0.00739131 -0.0159382 0.0118599)
(-0.00866475 -0.0102608 0.0086834)
(-0.00902143 -0.0101713 0.00917291)
(-0.00785117 -0.0105741 0.00808198)
(-0.00828292 -0.0104121 0.00825189)
(-0.0081656 -0.0107879 0.00975817)
(-0.00835288 -0.0117495 0.0111055)
(-0.00811939 -0.0132132 0.0124815)
(-0.00782508 -0.0106745 0.00943855)
(-0.00772358 -0.0130412 0.0118181)
(-0.00756072 -0.0160891 0.0145608)
(-0.00760648 -0.0177996 0.0151)
(-0.00834865 -0.0149687 0.0149927)
(-0.00757975 -0.0147161 0.0145289)
(-0.0082427 -0.0136676 0.0135706)
(-0.00871504 -0.0165986 0.0157162)
(-0.00738957 -0.0197724 0.017847)
(-0.00824144 -0.0190185 0.0172568)
(-0.00840029 -0.00798784 0.00831284)
(-0.00945068 -0.00961682 0.0101573)
(-0.00886371 -0.00955686 0.0094023)
(-0.00882096 -0.00969107 0.0115435)
(-0.00287729 -0.00595277 0.000593344)
(-0.00296859 -0.0064618 0.000857482)
(-0.00334981 -0.00600134 0.000824386)
(-0.00272808 -0.00655338 0.00101156)
(-0.00230488 -0.0072904 0.00103576)
(-0.00587165 -0.0053064 0.00088215)
(-0.00515819 -0.00549656 0.000565383)
(-0.0136979 -0.00662185 0.0113782)
(-0.0135778 -0.00601665 0.00924235)
(-0.0148127 -0.0074103 0.0130123)
(-0.0158611 -0.00725688 0.0128066)
(-0.0167225 -0.00689142 0.0119961)
(-0.0142905 -0.0179433 0.0209754)
(-0.0134848 -0.0180976 0.0214876)
(-0.0096391 -0.0255929 0.0151405)
(-0.0101087 -0.0240409 0.015517)
(-0.00910334 -0.0243438 0.0177615)
(-0.00966323 -0.022668 0.0156593)
(-0.00923492 -0.0216456 0.0169125)
(-0.0133634 -0.0202897 0.0219364)
(-0.0112209 -0.0203924 0.0204711)
(-0.0119464 -0.0224274 0.0194326)
(-0.00784586 -0.0054795 0.00108922)
(-0.00673914 -0.00543407 0.000636188)
(-0.00585025 -0.00562581 0.000495579)
(-0.00557549 -0.00614858 0.000455904)
(-0.00588304 -0.00566155 0.000525898)
(-0.00544728 -0.00563804 0.000364012)
(-0.00358556 -0.00805967 0.0021323)
(-0.00293971 -0.0087245 0.00205997)
(-0.00370257 -0.00562594 0.000546798)
(-0.0037447 -0.00557421 0.000643659)
(-0.00388511 -0.00634252 0.000749868)
(-0.00374077 -0.00580088 0.000861563)
(-0.00335888 -0.00786648 0.00172099)
(-0.00410062 -0.00667544 0.000913747)
(-0.00362725 -0.00766549 0.00149746)
(-0.00377005 -0.00657134 0.000757529)
(-0.00322286 -0.00849534 0.00190586)
(-0.00364646 -0.00718551 0.00162134)
(-0.00376933 -0.0068611 0.00113256)
(-0.00298697 -0.00589876 0.000742203)
(-0.00348869 -0.00575386 0.00069473)
(-0.00275125 -0.00657932 0.00127986)
(-0.00364916 -0.00600777 0.000757166)
(-0.00340462 -0.0057396 0.000734103)
(-0.0177354 -0.0119985 0.0177442)
(-0.0144322 -0.00495289 0.00573108)
(-0.0137861 -0.0202234 0.0173886)
(-0.0104323 -0.0234602 0.0138104)
(-0.00946755 -0.0221674 0.00876737)
(-0.0112661 -0.021614 0.00892359)
(-0.0112867 -0.0240752 0.0111321)
(-0.013211 -0.019197 0.0196193)
(-0.0120537 -0.0197349 0.0185202)
(-0.0125683 -0.0188573 0.0195836)
(-0.0131737 -0.0203507 0.0177321)
(-0.0101411 -0.0241508 0.0113188)
(-0.00948054 -0.0247672 0.0130575)
(-0.00907302 -0.0238742 0.0125082)
(-0.0126837 -0.0231479 0.007114)
(-0.00968424 -0.0237766 0.00980437)
(-0.011465 -0.0279543 0.0164365)
(-0.0120766 -0.0269325 0.015825)
(-0.0165598 -0.0272216 0.00898237)
(-0.0235335 -0.0135649 0.0112676)
(-0.0214525 -0.0113847 0.0132954)
(-0.0224644 -0.0117956 0.0146958)
(-0.0198342 -0.0121104 0.0141565)
(-0.0205046 -0.0126489 0.0118153)
(-0.0209698 -0.0130829 0.011216)
(-0.019704 -0.0120166 0.0129199)
(-0.0204181 -0.0128122 0.0130024)
(-0.0197477 -0.0183301 0.00807506)
(-0.0198295 -0.0212485 0.00822788)
(0.0015882 -0.0150753 0.0116747)
(0.000882129 -0.014289 0.0148005)
(0.00206263 -0.0142271 0.0114906)
(0.00193624 -0.0144407 0.0138351)
(0.00200308 -0.0141867 0.0131837)
(0.00129823 -0.0141995 0.0153894)
(0.00129444 -0.0135321 0.0171812)
(0.000913545 -0.0141465 0.0171476)
(-0.000188385 -0.0142944 0.0187387)
(0.000204186 -0.0136031 0.0186672)
(6.20548e-05 -0.0132371 0.018909)
(-0.00203057 -0.0132953 0.0185364)
(-0.00263939 -0.0120103 0.0190835)
(-0.00213899 -0.012302 0.0192978)
(0.00161675 -0.0141924 0.0134048)
(-0.00161545 -0.0134874 0.0182859)
(-0.000863221 -0.0140695 0.0187045)
(0.000912407 -0.0141678 0.0174597)
(-0.000633081 -0.0137786 0.0165437)
(-0.000134738 -0.0142448 0.0167141)
(0.000305803 -0.0129962 0.0171052)
(0.000302665 -0.0130447 0.0176405)
(-0.00236015 -0.0121173 0.0208635)
(-0.00221595 -0.0129061 0.0212825)
(-0.000820443 -0.0127956 0.0199542)
(-0.000590544 -0.013226 0.0197258)
(-0.00538476 -0.0104473 0.0225344)
(-0.00915959 -0.0110154 0.0201307)
(-0.00400686 -0.012624 0.0202879)
(-0.00511002 -0.0117515 0.0209312)
(-0.0105024 -0.00950078 0.0217603)
(-0.00617399 -0.0100379 0.0220259)
(-0.00318724 -0.0101717 0.0249868)
(-0.00910888 -0.00547815 0.0266162)
(-0.00846169 -0.00590152 0.0266152)
(-0.00524203 -0.00855059 0.0246353)
(-0.00897763 -0.0100447 0.0242506)
(-0.0116383 -0.00600928 0.0257941)
(-0.00282737 -0.0118026 0.0243347)
(-0.00407955 -0.0116848 0.0239926)
(-0.00560885 -0.00957136 0.0260986)
(-0.00956683 -0.00781829 0.025994)
(-0.00773069 -0.00969341 0.0243776)
(-0.01078 -0.00837291 0.0248362)
(-0.0171807 -0.000571187 0.0200915)
(-0.0214959 -0.00507378 0.012839)
(-0.0205719 -0.00223715 0.015869)
(-0.022902 -0.0063371 0.0124679)
(-0.0221459 -0.00534622 0.0140075)
(-0.0144704 -0.00724732 0.0222941)
(-0.0197332 -0.00888914 0.0156145)
(-0.0201617 -0.0097691 0.0149671)
(-0.0171133 -0.00647642 0.0209213)
(-0.0154202 -0.00496094 0.0221759)
(-0.0175786 -0.00527395 0.0196638)
(-0.0173045 -0.00503584 0.0203183)
(-0.02129 -0.00413849 0.0175582)
(-0.0214654 -0.00571262 0.0155453)
(-0.01837 -0.0046423 0.0189617)
(-0.0200793 -0.00503702 0.021765)
(-0.018128 -0.00214198 0.0187391)
(-0.0196247 -0.00290658 0.0233981)
(-0.0197082 -0.00475199 0.0180989)
(-0.0195104 -0.00595857 0.0184173)
(-0.0200513 -0.00719588 0.0175921)
(-0.0197959 -0.00554155 0.0165355)
(-0.0180601 -0.0111126 0.015998)
(-0.0190043 -0.0104411 0.0164304)
(-0.0193742 -0.00920073 0.0163391)
(-0.0186028 -0.0110825 0.0147723)
(-0.016884 -0.0101284 0.0177184)
(-0.0191843 -0.00667742 0.0194125)
(-0.0184354 -0.0085283 0.0187198)
(-0.015262 -0.00634811 0.020888)
(-0.0171614 -0.00827073 0.0189229)
(-0.0157604 -0.00693921 0.0202206)
(-0.0158204 -0.00856792 0.0214671)
(-0.0132663 -0.00894379 0.0221599)
(-0.0137538 -0.00899148 0.021563)
(-0.0236281 -0.0146204 0.00908888)
(-0.0217446 -0.0185988 0.00690306)
(-0.018658 -0.0293174 0.00873717)
(-0.0127489 -0.0288116 0.0147659)
(-0.00967655 -0.0293865 0.0141825)
(-0.0129669 -0.0287123 0.0148355)
(-0.0176055 -0.024933 0.00735748)
(-0.0119281 -0.0265379 0.0116316)
(-0.013342 -0.0271483 0.0101406)
(-0.0189791 -0.0274787 0.0102387)
(-0.0119806 -0.0301121 0.0125947)
(-0.0118588 -0.0286788 0.0122829)
(-0.0199778 -0.0202763 0.0075965)
(-0.0199059 -0.0218417 0.00742208)
(-0.0222212 -0.0188669 0.00818804)
(-0.0211476 -0.0193967 0.00789744)
(-0.0224327 -0.014086 0.0098521)
(-0.02122 -0.0187838 0.00713201)
(-0.0180574 -0.0222794 0.00682481)
(-0.0188964 -0.0199997 0.00663511)
(-0.0192339 -0.0194641 0.00580612)
(-0.0201929 -0.0195873 0.00650349)
(-0.0173841 -0.0258987 0.00766476)
(-0.0173452 -0.0224817 0.00666284)
(-0.0154877 -0.0245614 0.00747316)
(-0.0183004 -0.0251573 0.00765401)
(-0.0182496 -0.0230083 0.00733516)
(-0.0132155 -0.0274267 0.0109166)
(-0.0145895 -0.0268983 0.00803386)
(-0.0159082 -0.0246906 0.00809578)
(-0.016803 -0.0260779 0.00811138)
(-0.0147698 -0.0270547 0.00852469)
(-0.0142086 -0.0271751 0.00923954)
(-0.0189299 -0.025989 0.00774109)
(-0.0202157 -0.0226326 0.00718329)
(-0.0174617 -0.0241872 0.00723863)
(-0.0209051 -0.0199588 0.00618892)
(-0.0197691 -0.0199598 0.00580636)
(-0.0201286 -0.018316 0.00588174)
(-0.0217077 -0.0172837 0.00586745)
(-0.0219768 -0.0147448 0.00600276)
(-0.0193216 -0.0211954 0.0055996)
(-0.016345 -0.0214838 0.00495553)
(-0.0190203 -0.0189694 0.00474257)
(-0.0190769 -0.0106341 0.00462088)
(-0.0192752 -0.0150864 0.00464327)
(0.00184195 -0.01457 0.010134)
(0.000526535 -0.0132882 0.00711969)
(0.00151768 -0.0146101 0.00858112)
(0.000155667 -0.0120419 0.00541308)
(-0.00173724 -0.00922289 0.0020823)
(-0.00127794 -0.00958008 0.00269017)
(-0.00122722 -0.011544 0.00351177)
(0.000259448 -0.0131053 0.00534542)
(-0.000447679 -0.0115362 0.00434285)
(-0.00121998 -0.00964353 0.00144486)
(-0.00199598 -0.008123 0.00129241)
(-0.000808227 -0.0106162 0.00230419)
(-0.000487568 -0.0103436 0.00190857)
(0.00235546 -0.0151701 0.0123772)
(0.00289274 -0.0150582 0.0113006)
(0.00110515 -0.0132712 0.00701164)
(0.00204439 -0.014609 0.00933759)
(0.000842167 -0.0128991 0.00644993)
(0.00192559 -0.0135783 0.00772475)
(0.00197268 -0.0150325 0.0126837)
(0.00273541 -0.0146604 0.0115953)
(0.00196907 -0.014347 0.0128199)
(0.00287745 -0.015387 0.0105705)
(0.00190817 -0.0152613 0.0110106)
(0.00220203 -0.0151246 0.00983445)
(-0.00113546 -0.00947755 0.00185346)
(-0.00200406 -0.00725283 0.00115668)
(-0.00208769 -0.00901084 0.00138761)
(-0.0118819 -0.00543036 0.00749311)
(-0.00976042 -0.00505585 0.00423312)
(-0.0113936 -0.00554397 0.00550778)
(-0.00922147 -0.0048524 0.00441721)
(-0.00806375 -0.00486629 0.0033475)
(-0.010232 -0.00519261 0.00577924)
(-0.0107532 -0.00489537 0.00753889)
(-0.0103944 -0.00573628 0.00771134)
(-0.00935392 -0.00517741 0.00551577)
(-0.0113701 -0.0150497 0.0214354)
(-0.0159154 -0.00912355 0.0155269)
(-0.0162711 -0.00982748 0.0168993)
(-0.0154251 -0.0105853 0.0182721)
(-0.016748 -0.0118845 0.0192366)
(-0.0112801 -0.013737 0.0213843)
(-0.0139658 -0.0123221 0.0193179)
(-0.0156712 -0.0126726 0.0199121)
(-0.0146309 -0.014485 0.0206996)
(-0.012917 -0.0163284 0.0212477)
(-0.0144421 -0.0167233 0.0220994)
(-0.0121196 -0.0139437 0.0209519)
(-0.0131061 -0.010157 0.0170797)
(-0.0133028 -0.00863922 0.0151669)
(-0.0112699 -0.00703004 0.0119254)
(-0.0134228 -0.0132306 0.0207634)
(-0.0132299 -0.00965057 0.0168551)
(-0.012225 -0.012957 0.019449)
(-0.0122329 -0.0102934 0.0183119)
(-0.00798104 -0.00539902 0.00446372)
(-0.00975293 -0.00557982 0.0076717)
(-0.0105807 -0.00637245 0.00978194)
(-0.00901705 -0.00554582 0.00593816)
(-0.00859908 -0.00537647 0.00598861)
(-0.0100363 -0.00655297 0.00990187)
(-0.0095781 -0.00617801 0.00816344)
(-0.00501297 -0.00549071 0.00143658)
(-0.00597432 -0.00592486 0.00233458)
(-0.00406366 -0.00575486 0.000635867)
(-0.00492512 -0.00542777 0.00115328)
(-0.0041532 -0.00520972 0.000623068)
(-0.00372853 -0.00540959 0.00063714)
(-0.00436795 -0.00521219 0.000951254)
(-0.0041572 -0.00562944 0.000595854)
(-0.0105631 -0.00772123 0.0106296)
(-0.00945213 -0.00636593 0.00843088)
(-0.00903826 -0.00711391 0.00863212)
(-0.00999054 -0.00781423 0.0104915)
(-0.00892588 -0.0077629 0.0068659)
(-0.0093501 -0.00768377 0.0073082)
(-0.00880537 -0.00713067 0.0087114)
(-0.0096452 -0.00903142 0.010114)
(-0.0100367 -0.00885212 0.010644)
(-0.00879003 -0.00812782 0.00857221)
(-0.00830113 -0.0236162 0.0182574)
(-0.00895848 -0.0246734 0.0179767)
(-0.0100152 -0.0168436 0.0174412)
(-0.00930295 -0.0141815 0.014607)
(-0.0107351 -0.0137805 0.0170984)
(-0.00985989 -0.0109786 0.0134389)
(-0.00935442 -0.0235728 0.0176595)
(-0.00977838 -0.0246617 0.0166555)
(-0.0106307 -0.0277194 0.0180126)
(-0.0100995 -0.0248293 0.0172329)
(-0.0101912 -0.0254575 0.0160902)
(-0.0102121 -0.00774123 0.0125115)
(-0.0107409 -0.00765346 0.0122061)
(-0.0103243 -0.0146479 0.0203834)
(-0.0107039 -0.0136623 0.0187037)
(-0.0112973 -0.0136521 0.0196314)
(-0.0119825 -0.00945808 0.0161279)
(-0.0109702 -0.00838816 0.0144387)
(-0.011766 -0.00833866 0.0140823)
(-0.0113121 -0.0102676 0.016662)
(-0.0117261 -0.0112939 0.018135)
(-0.0108833 -0.0113323 0.0178698)
(-0.0107058 -0.0111307 0.0143191)
(-0.00972321 -0.00909112 0.0123176)
(-0.010187 -0.00905224 0.0127256)
(-0.00983996 -0.0114855 0.0157241)
(-0.0112772 -0.0125286 0.0178196)
(-0.0106165 -0.0125745 0.0171232)
(-0.0104508 -0.0114521 0.0158932)
(-0.0107839 -0.0104391 0.0161689)
(-0.0112491 -0.00981743 0.0147863)
(-0.0107901 -0.010069 0.0144772)
(-0.0103973 -0.0229782 0.0202117)
(-0.0107297 -0.0226436 0.0199702)
(-0.0101538 -0.0247954 0.0175467)
(-0.0103385 -0.0238231 0.0187874)
(-0.00939772 -0.0214207 0.0176493)
(-0.00961716 -0.0165882 0.016173)
(-0.00831735 -0.0190166 0.0169935)
(-0.00826445 -0.0174071 0.0167214)
(-0.010238 -0.0221248 0.0208099)
(-0.0100213 -0.0195406 0.018803)
(-0.00947185 -0.020102 0.0191205)
(-0.00857675 -0.0222237 0.018243)
(-0.0100556 -0.0221301 0.0190006)
(-0.00938521 -0.0230198 0.0192113)
(-0.00187806 -0.0120615 0.0157678)
(-0.00528811 -0.0111736 0.015293)
(-0.00602817 -0.0108467 0.0170293)
(-0.00207731 -0.0131249 0.0123974)
(-0.00171475 -0.0143926 0.0140763)
(-0.0035949 -0.0125803 0.00765671)
(-0.00389403 -0.0124811 0.00729609)
(-0.00299672 -0.0134021 0.00969057)
(-0.00213457 -0.0132866 0.0110485)
(-0.00309609 -0.0127242 0.0102443)
(-0.00318652 -0.0121963 0.00847448)
(-0.015953 0.00338444 0.0176982)
(-0.0162311 0.00251206 0.0178296)
(-0.014633 0.00124564 0.020987)
(-0.0149656 0.00253809 0.0192969)
(-0.0153115 0.0025383 0.0183349)
(-0.00605819 -0.00926203 0.0179215)
(-0.00720332 -0.00902472 0.020082)
(-0.0106548 -0.000145684 0.0240597)
(-0.0101354 -0.00185085 0.025176)
(-0.00783807 -0.0027114 0.0254814)
(-0.00818073 -0.00511695 0.0254467)
(-0.00764937 -0.005062 0.0243236)
(-0.00634664 -0.00662559 0.0244835)
(-0.00588433 -0.00815602 0.0239463)
(-0.00482311 -0.0088133 0.0218958)
(-0.0141857 0.00300974 0.016875)
(-0.017686 0.00186484 0.016798)
(-0.015364 0.00342151 0.015644)
(-0.0152955 0.0018947 0.0196464)
(-0.00582058 -0.00577929 0.0222282)
(-0.00976831 -0.00248007 0.0246368)
(-0.00718504 -0.00275671 0.0247553)
(-0.00810561 -0.00455654 0.0230804)
(-0.00864956 -0.00605435 0.0210799)
(-0.0102495 -0.00101655 0.0242542)
(-0.0111862 -0.00412039 0.0217682)
(-0.0127083 0.000934756 0.0222726)
(-0.014037 0.00184438 0.0204823)
(-0.0138948 0.0013918 0.0208223)
(-0.00526158 -0.0122182 0.0143006)
(-0.00414133 -0.0117519 0.010552)
(-0.00464653 -0.0117025 0.0139149)
(-0.00413334 -0.012009 0.0123287)
(-0.00322327 -0.0125892 0.0117358)
(-0.00389724 -0.0130676 0.011819)
(-0.00301573 -0.0128153 0.0139563)
(-0.00345112 -0.0124887 0.013016)
(-0.00351089 -0.0125016 0.0153082)
(-0.00396428 -0.0125005 0.0148802)
(-0.00449229 -0.0112562 0.0157951)
(-0.00540345 -0.0107165 0.017256)
(-0.00363459 -0.011108 0.0160419)
(-0.00439192 -0.0110046 0.0179628)
(-0.0109377 -0.0200551 0.0205545)
(-0.0111065 -0.0163147 0.0207475)
(-0.0055178 -0.00530987 0.00174785)
(-0.00806496 -0.00557928 0.00500615)
(-0.00917772 -0.00639102 0.00682066)
(-0.00874507 -0.00652711 0.00675404)
(-0.00731156 -0.00564933 0.00383861)
(0.000325901 -0.0111086 0.00307819)
(0.00234117 -0.0133804 0.00639777)
(0.00161009 -0.0131872 0.00563627)
(0.00226723 -0.0135877 0.00724565)
(-0.000868756 -0.00964498 0.00216678)
(-0.00125507 -0.0106888 0.00325433)
(0.00036268 -0.0139539 0.0179882)
(0.0013635 -0.0135938 0.0163011)
(8.91575e-05 -0.0132652 0.0176123)
(0.00166695 -0.014225 0.0147982)
(0.00133825 -0.0142414 0.0162337)
(0.00211998 -0.0136726 0.014867)
(-0.0214348 -0.0168304 0.00845354)
(-0.0214258 -0.0155452 0.00892769)
(-0.0214847 -0.0166786 0.00925015)
(-0.0206781 -0.017636 0.00825803)
(-0.0221498 -0.0152893 0.0109167)
(-0.022902 -0.0164422 0.0105602)
(-0.0108934 -0.0261908 0.0134263)
(-0.0104659 -0.0272194 0.0126799)
(-0.0101222 -0.0261693 0.0108253)
(-0.0102027 -0.0256581 0.0111652)
(-0.0114126 -0.0244474 0.0113985)
(-0.015949 -0.027193 0.00874613)
(-0.0130484 -0.0287975 0.0111256)
(-0.0155793 -0.0283149 0.00977381)
(-0.0129563 -0.026429 0.00972257)
(-0.011428 -0.0226123 0.00620445)
(-0.0114779 -0.0250893 0.00886313)
(-0.0134496 -0.023687 0.00733241)
(-0.0138221 -0.027787 0.00994603)
(-0.0108221 -0.0244489 0.0142259)
(-0.0100569 -0.0227755 0.0116307)
(-0.00991761 -0.0239747 0.0127671)
(-0.012716 -0.0219536 0.0175262)
(-0.0114574 -0.0209852 0.017368)
(-0.0109719 -0.0233073 0.0153063)
(-0.010143 -0.0224818 0.0170772)
(-0.0113781 -0.0213312 0.0156698)
(-0.0101812 -0.0208596 0.0109601)
(-0.00992751 -0.0212508 0.0119242)
(-0.0112297 -0.0220914 0.0142549)
(-0.00285309 -0.00722223 0.0011545)
(-0.00337154 -0.00670574 0.00108236)
(-0.00306069 -0.00630392 0.00100123)
(-0.00320486 -0.00568711 0.000888703)
(-0.00329406 -0.00593259 0.000928749)
(-0.00293693 -0.00673954 0.00126969)
(-0.00262796 -0.00705326 0.00139527)
(-0.00307898 -0.00667203 0.00136739)
(-0.0105897 -0.0235465 0.0180714)
(-0.0109067 -0.0174787 0.021273)
(-0.0119993 -0.0197821 0.0207636)
(-0.0121377 -0.0172074 0.0218517)
(-0.0102892 -0.0172747 0.0211866)
(-0.0124703 -0.0168377 0.0223717)
(-0.0108302 -0.0225042 0.0204193)
(-0.0111537 -0.0190356 0.022495)
(-0.00471023 -0.00519486 0.000724817)
(-0.00393758 -0.00553809 0.000469247)
(-0.00469402 -0.00528798 0.000745029)
(-0.00443082 -0.00532758 0.000792033)
(-0.00422314 -0.0058151 0.000533721)
(-0.0041671 -0.00520825 0.000572894)
(-0.00578897 -0.00516737 0.00127693)
(-0.00619028 -0.00479689 0.00167839)
(-0.00534785 -0.00535694 0.00105592)
(-0.00683109 -0.00516537 0.00228015)
(-0.0072941 -0.00863702 0.00454434)
(-0.00735061 -0.00846008 0.00353945)
(-0.0067109 -0.00807676 0.002552)
(-0.0110383 -0.0281777 0.00890453)
(-0.0127264 -0.0258601 0.00715578)
(-0.0144148 -0.0274953 0.00789783)
(-0.0116161 -0.0281127 0.00828226)
(-0.0111321 -0.0283656 0.00922471)
(-0.0141555 -0.0265543 0.00775047)
(-0.0129358 -0.0261228 0.00752989)
(-0.0133261 -0.0290106 0.00955521)
(-0.0135824 -0.0276162 0.00799134)
(-0.0125658 -0.0279098 0.00885126)
(-0.0177394 -0.0204165 0.0099176)
(-0.0162669 -0.0200259 0.00762982)
(-0.0168391 -0.0199432 0.00894779)
(-0.0170989 -0.0220719 0.00834041)
(-0.0195168 -0.0230617 0.00847929)
(-0.020494 -0.0195305 0.0091168)
(-0.0194416 -0.0129711 0.0130028)
(-0.0208829 -0.0152601 0.0123062)
(-0.0143689 -0.0278299 0.00867065)
(-0.0147487 -0.02991 0.00808527)
(-0.0124277 -0.0305129 0.011592)
(-0.0131826 -0.0302641 0.00979139)
(-0.00960574 -0.0268179 0.0105653)
(-0.0148983 -0.0305795 0.0113953)
(-0.014772 -0.0281051 0.00934036)
(-0.0101282 -0.0279073 0.00936971)
(-0.0117484 -0.0297782 0.0110878)
(-0.0164233 -0.0245814 0.00675694)
(-0.016621 -0.0294679 0.00905905)
(-0.016096 -0.0248449 0.00781616)
(0.00209433 -0.0144726 0.0121707)
(0.00329124 -0.0140509 0.0102653)
(-0.00658971 -0.00758773 0.0021989)
(-0.00651638 -0.00750235 0.00233175)
(-0.00573984 -0.00722683 0.00153645)
(-0.00530158 -0.00733593 0.00101154)
(-0.00369525 -0.00660292 0.00032508)
(-0.00426815 -0.0059492 0.000718486)
(-0.00390689 -0.00641134 0.000289155)
(-0.00403558 -0.00669062 0.00064619)
(-0.00450314 -0.00706096 0.000632554)
(-0.00614857 -0.00688296 0.00214343)
(-0.00485417 -0.00640819 0.00109169)
(-0.00391425 -0.00721902 0.000611136)
(0.00288089 -0.0140442 0.00640964)
(0.00254536 -0.0141498 0.00476179)
(0.00292568 -0.0138718 0.00560697)
(0.00149271 -0.0132627 0.00297835)
(0.00203602 -0.013141 0.00396941)
(0.00266293 -0.0150835 0.00657981)
(0.00256631 -0.0147834 0.00623434)
(0.00171048 -0.0130279 0.00370547)
(0.00252408 -0.0139427 0.00457625)
(-0.00290448 -0.00696881 0.000616528)
(-0.00258071 -0.00717968 0.000638354)
(-0.0023113 -0.00726062 0.000895883)
(-0.00207488 -0.00812986 0.00107151)
(-0.0030664 -0.00630074 0.000773271)
(-0.00310358 -0.00666093 0.000866603)
(-0.00318535 -0.00657233 0.000662241)
(-0.00270618 -0.00692132 0.000809016)
(-0.00299752 -0.00651496 0.000852016)
(-0.00267603 -0.00674877 0.000881397)
(-0.00143798 -0.00886067 0.000733631)
(-0.0012199 -0.0091023 0.000918306)
(-0.00171581 -0.00816121 0.000807217)
(-0.00220613 -0.00739739 0.000665976)
(-0.00174207 -0.00797722 0.000544964)
(-0.00210706 -0.0075587 0.000749241)
(-0.0044421 -0.0106368 0.0037609)
(-0.00491498 -0.00948388 0.00276972)
(-0.00450312 -0.0103184 0.00523052)
(-0.00402269 -0.0113204 0.00664635)
(-0.00447211 -0.0113907 0.00468152)
(-0.00431191 -0.0113187 0.00544852)
(-0.00542976 -0.0107746 0.00412491)
(-0.00462405 -0.0117444 0.0066879)
(-0.00400455 -0.0125791 0.00972801)
(-0.0041647 -0.0120521 0.0078853)
(-0.0102372 -0.0156637 0.00311902)
(-0.0113101 -0.0161341 0.00274484)
(-0.0132179 -0.0150531 0.00139308)
(-0.00333385 -0.00804762 0.00197356)
(-0.00416447 -0.00743976 0.00114293)
(-0.0042636 -0.00771909 0.00114722)
(-0.0042244 -0.00838949 0.00155097)
(-0.00506477 -0.00583515 0.00049042)
(-0.00421814 -0.00634065 0.000626977)
(-0.0122061 -0.00611387 0.00950825)
(-0.0114452 -0.00621398 0.00954775)
(-0.0121768 -0.00720354 0.012097)
(-0.0133277 -0.00772554 0.013325)
(-0.0122601 -0.00773424 0.013941)
(-0.012396 -0.00643228 0.0111101)
(-0.0133327 -0.00502931 0.00574028)
(-0.0126544 -0.00532987 0.00616348)
(-0.00902409 -0.0050187 0.00307089)
(-0.00688762 -0.00541117 0.000987979)
(-0.00300509 -0.0100036 0.0241956)
(-0.00365497 -0.0106811 0.0234947)
(-0.00656168 -0.00728203 0.0256389)
(-0.00529024 -0.00883493 0.0256467)
(-0.0036615 -0.00845183 0.0241093)
(-0.00335101 -0.00835353 0.0228026)
(-0.00561338 -0.00764782 0.024004)
(-0.00600303 -0.00558649 0.0263272)
(-0.00538983 -0.00566597 0.024898)
(-0.00548469 -0.00766097 0.0258316)
(-0.00100586 -0.0120696 0.0224452)
(-0.00342778 -0.0117237 0.0241534)
(-0.000745906 -0.0135194 0.0212807)
(-0.00159218 -0.0130955 0.0214145)
(-0.00163629 -0.0115636 0.0225171)
(-0.00157494 -0.0119717 0.0227395)
(-0.000939509 -0.0127288 0.0207348)
(0.000800578 -0.0137593 0.0171915)
(0.000376445 -0.013042 0.0196237)
(0.00037392 -0.0144457 0.0186003)
(-0.00122341 -0.0122592 0.00520097)
(-0.00206402 -0.00949645 0.00286266)
(-0.0013161 -0.00972337 0.0031788)
(-0.000951837 -0.0115003 0.00465721)
(-0.0173247 -0.016885 0.00384932)
(-0.018449 -0.0149625 0.00351588)
(-0.0154607 -0.018343 0.00376722)
(-0.0019055 -0.00876351 0.00029099)
(-0.000644867 -0.00966969 0.000280101)
)
;
    }
    INLET
    {
        type            calculated;
        value           nonuniform 0();
    }
    OUTLET
    {
        type            calculated;
        value           nonuniform 0();
    }
    procBoundary8to6
    {
        type            processor;
        value           uniform (0 0 0);
    }
    procBoundary8to7
    {
        type            processor;
        value           uniform (0 0 0);
    }
}


// ************************************************************************* //
