/*--------------------------------*- C++ -*----------------------------------*\
| =========                 |                                                 |
| \\      /  F ield         | OpenFOAM: The Open Source CFD Toolbox           |
|  \\    /   O peration     | Version:  v1612+                                |
|   \\  /    A nd           | Web:      www.OpenFOAM.com                      |
|    \\/     M anipulation  |                                                 |
\*---------------------------------------------------------------------------*/
FoamFile
{
    version     2.0;
    format      ascii;
    class       volVectorField;
    location    "100";
    object      wallShearStress;
}
// * * * * * * * * * * * * * * * * * * * * * * * * * * * * * * * * * * * * * //

dimensions      [0 2 -2 0 0 0 0];

internalField   uniform (0 0 0);

boundaryField
{
    WALL
    {
        type            calculated;
        value           nonuniform List<vector> 
1483
(
(0.00519571 -0.000805096 0.00906224)
(0.0044027 -0.000810021 0.00891983)
(0.00435976 -0.0141494 0.00196973)
(0.00324447 -0.0154276 0.00305684)
(-0.00375087 -0.0158783 0.00947711)
(-0.0046726 -0.0166902 0.00866041)
(0.00824326 -0.0138116 0.0195578)
(0.00873283 -0.014199 0.0201108)
(0.00955931 -0.0224654 0.0215832)
(0.00815517 -0.0228524 0.0216457)
(0.00708483 -0.00536067 0.0142192)
(0.00648226 -0.00651376 0.0151768)
(-0.00176359 -0.0137648 0.0213369)
(-0.00275775 -0.0157148 0.024996)
(-0.00774711 -0.015718 0.0064427)
(-0.00689764 -0.0154041 0.0088558)
(-0.00623827 -0.0149167 0.00430267)
(-0.00526149 -0.0137571 0.00332994)
(-0.00545597 -0.0158479 0.00932936)
(-0.00628525 -0.0163541 0.00799274)
(0.00543234 -0.000112777 0.0093217)
(0.00408585 -0.0010616 0.00890704)
(0.00345643 -0.0044797 0.0125965)
(0.00238778 -0.00686499 0.0148222)
(0.00989775 -0.0040509 0.009974)
(0.0103252 -0.00350003 0.0102963)
(0.00539611 -0.00466482 0.0140058)
(0.00483757 -0.00620893 0.0151668)
(0.00355148 -0.00706988 0.00256394)
(0.00433123 -0.0073068 0.00300045)
(0.00422452 -0.00755023 0.00411378)
(0.00470901 -0.00982724 0.000724338)
(0.00465029 -0.00888748 0.00122109)
(0.00851362 -0.00784485 0.00297195)
(0.00643405 -0.00796873 0.00270414)
(0.00926395 -0.00859764 0.00220583)
(0.0106297 -0.00786481 0.00325318)
(0.00125386 -0.0222649 0.021682)
(-0.00047409 -0.0185828 0.0208545)
(0.00165384 -0.0180302 0.0242223)
(0.00315801 -0.0178767 0.0230726)
(0.000107155 -0.0159162 0.0222319)
(-0.000724965 -0.0170039 0.0244261)
(0.00364587 -0.0160915 0.00224946)
(0.00285356 -0.0158687 0.00359969)
(0.011747 -0.000471271 0.00816717)
(0.00983333 1.78501e-05 0.00825867)
(0.00881762 -0.000123363 0.00895831)
(0.00966982 -0.000956266 0.00879985)
(-0.00263629 -0.0157369 0.0134296)
(-0.00299646 -0.015139 0.0141686)
(-0.00158329 -0.0161776 0.011041)
(-0.00186438 -0.0161477 0.0129567)
(0.00322858 -0.0152538 0.0162093)
(0.00348463 -0.0147858 0.0168335)
(0.0105601 -0.0219251 0.0215719)
(0.0121447 -0.0210506 0.0207266)
(0.0199188 -0.0119062 0.0226348)
(7.51489e-05 -0.00827423 0.00154319)
(0.00065723 -0.00833251 0.00144643)
(0.00521819 -0.0028944 0.0113452)
(0.00653522 -0.00190632 0.0103463)
(0.00543135 -0.000937379 0.00916773)
(0.00449879 -0.00196253 0.0103954)
(0.00440686 -0.0172101 0.0127955)
(0.00231776 -0.0168106 0.00980871)
(0.00254404 -0.0221359 0.00716524)
(0.00325521 -0.0210947 0.00949302)
(0.00662182 -0.000516798 0.00862693)
(0.00591415 -0.000493131 0.00917547)
(0.00652942 -0.000500147 0.00960357)
(0.00674601 -0.000773347 0.00933499)
(0.00452193 -0.000653648 0.00859048)
(0.00475541 -0.000523198 0.00889521)
(0.0056417 -0.000336061 0.00909319)
(0.00551407 -0.000523496 0.00926723)
(0.0110352 -0.00308043 0.00887186)
(0.0113382 -0.00341835 0.0081495)
(0.011735 -0.00424043 0.00766846)
(0.0119656 -0.00387818 0.00799804)
(0.0120103 -0.00462751 0.00766125)
(0.0110796 -0.00313338 0.00829753)
(0.0069719 -0.00795457 0.00569768)
(0.00654675 -0.00798697 0.00607854)
(0.00539997 -0.00786331 0.00431729)
(0.00654732 -0.00810536 0.00490024)
(0.0055274 -0.00815717 0.00449121)
(0.00585214 -0.00792283 0.00517541)
(0.0101403 -0.00697866 0.00666912)
(0.0108024 -0.00729252 0.00679739)
(0.00990878 -0.00585022 0.00850459)
(0.0103648 -0.00568092 0.00800461)
(0.0108303 -0.0061527 0.0070416)
(0.00984261 -0.00653337 0.00787717)
(0.00293608 -0.00989245 0.0134487)
(0.00223381 -0.0126349 0.0150403)
(0.00201247 -0.0105276 0.0144493)
(0.00249811 -0.0071097 0.0112925)
(0.00275332 -0.0118337 0.0135393)
(0.00190051 -0.00836775 0.0132029)
(0.00251497 -0.00658297 0.0124991)
(-0.00109956 -0.0252156 0.0257821)
(-0.00157078 -0.025894 0.0266949)
(-0.00223801 -0.0251887 0.0276236)
(-0.00228932 -0.0246123 0.0274545)
(-0.00117186 -0.0250448 0.026243)
(0.00145892 -0.0203299 0.0258759)
(-0.000700682 -0.0183009 0.0261664)
(-0.000268835 -0.0191533 0.0258934)
(0.00142435 -0.0207938 0.0252708)
(0.000807009 -0.0184152 0.024358)
(0.00021988 -0.0206338 0.0271997)
(0.00390844 -0.0145851 0.00148416)
(0.00310338 -0.0151576 0.00192408)
(0.00118763 -0.0169636 0.0034165)
(0.00172165 -0.0159974 0.00355945)
(0.00135427 -0.0154322 0.00244519)
(0.00273177 -0.0155145 0.00273099)
(0.00269633 -0.0160775 0.00286848)
(0.00424916 -0.015851 0.00272626)
(0.00602531 -0.0101246 0.00040649)
(0.00464521 -0.0107948 0.000119258)
(0.00554759 -0.0108643 0.000270123)
(0.00544833 -0.00929904 0.000632218)
(0.0048312 -0.0112925 0.000209047)
(0.00548043 -0.00837112 0.000770062)
(0.00864076 -0.015882 0.0209418)
(0.00970277 -0.0153537 0.0211575)
(0.00481249 -0.0153464 0.0191677)
(0.00547558 -0.0147243 0.0192671)
(0.00640775 -0.0148076 0.0195624)
(0.00791119 -0.0150366 0.0201141)
(0.00583552 -0.012181 0.0131154)
(0.00745184 -0.0142905 0.0141913)
(0.00844857 -0.0171343 0.0152438)
(0.00689756 -0.0158557 0.0155205)
(0.00644525 -0.0128554 0.0135602)
(0.00621545 -0.0138779 0.0145374)
(0.0224065 -0.0153743 0.0218921)
(0.0210928 -0.0155463 0.0194772)
(0.0230444 -0.0147 0.0199502)
(0.0198246 -0.0143445 0.0211842)
(0.0209057 -0.0135711 0.0210755)
(0.0204959 -0.0164355 0.0229858)
(-0.0112444 -0.0114003 0.0063182)
(-0.0116137 -0.0108938 0.00742548)
(-0.011392 -0.0103885 0.0072416)
(-0.0100237 -0.0112081 0.0054904)
(-0.0100368 -0.0111107 0.00553475)
(-0.0107057 -0.0101662 0.00570575)
(-0.00368006 -0.0166319 0.00604748)
(-0.00324908 -0.0176848 0.00625951)
(-0.00259783 -0.0163496 0.00453484)
(-0.00278565 -0.0164449 0.00477642)
(-0.00339002 -0.0175363 0.00925089)
(-0.00421846 -0.0164875 0.0067006)
(-0.00364942 -0.0163596 0.00682106)
(-0.00449654 -0.0164441 0.00960628)
(0.0138192 -0.00923779 0.00318896)
(0.0138811 -0.00909594 0.00302178)
(0.0124499 -0.0108403 0.002804)
(0.0131933 -0.0098443 0.00280499)
(0.0132127 -0.0113487 0.0028217)
(0.0130405 -0.0101109 0.00323643)
(0.0125069 -0.0101417 0.00228025)
(0.0116459 -0.010623 0.00199848)
(0.0118613 -0.0108907 0.00160304)
(0.0109325 -0.0116651 0.00197517)
(0.0122217 -0.0100355 0.00218279)
(0.0107076 -0.0111317 0.00182209)
(0.01417 -0.00871267 0.00339667)
(0.0137343 -0.00912644 0.00293014)
(0.0141541 -0.00744241 0.00412358)
(0.0141013 -0.0077226 0.00415317)
(0.0136831 -0.00831263 0.00350726)
(0.0134267 -0.00907644 0.00298884)
(0.00461411 -0.00102243 0.00949132)
(0.00568301 0.000282821 0.0091504)
(0.00351546 -0.00187452 0.00951936)
(0.00342618 -0.0026144 0.0102377)
(0.00351282 -0.00158892 0.00948856)
(0.0029845 -0.00300274 0.00977148)
(0.00307512 -0.00220253 0.00922145)
(0.00294425 -0.00325044 0.009516)
(0.0209392 -0.0160121 0.0173624)
(0.0199102 -0.0169918 0.018776)
(0.0172133 -0.0151449 0.0155814)
(0.0180167 -0.017114 0.0170888)
(0.021358 -0.0159385 0.0185366)
(0.0189103 -0.0165877 0.016568)
(0.0102 -0.0156798 0.0147076)
(0.00895272 -0.0142365 0.0147626)
(0.00972781 -0.0145601 0.014044)
(0.00842097 -0.0137687 0.0131618)
(0.00754605 -0.0132687 0.0134756)
(0.00733709 -0.0124547 0.0131348)
(-0.00882037 -0.0128246 0.0187054)
(-0.00692313 -0.0126862 0.0181486)
(-0.00752834 -0.0122684 0.0189559)
(-0.00634349 -0.0136334 0.0213461)
(-0.00494307 -0.0137082 0.0212838)
(-0.0062779 -0.0138611 0.0204016)
(-0.00796931 -0.0143038 0.0169657)
(-0.00719302 -0.013484 0.0177138)
(-0.00596205 -0.0138884 0.0174368)
(-0.00681251 -0.0136742 0.0164823)
(-0.00513815 -0.0145296 0.0200425)
(-0.00643354 -0.0142811 0.0196638)
(-0.00915159 -0.0111664 0.0168231)
(-0.0109187 -0.0103048 0.0151264)
(-0.0114945 -0.010856 0.0138877)
(-0.0103383 -0.0108447 0.0167583)
(-0.010012 -0.0121424 0.0165937)
(-0.0107202 -0.0111249 0.0139976)
(-0.00116398 -0.012506 0.00029934)
(-0.000347313 -0.0118764 0.000649382)
(-0.000242992 -0.0110225 0.000758103)
(-0.00185975 -0.0127413 0.00129473)
(-0.00189558 -0.0124828 0.00126328)
(-0.00110702 -0.0114701 0.000762022)
(-0.0107887 -0.0131314 0.012546)
(-0.00970331 -0.0134652 0.0144674)
(-0.00974488 -0.0127146 0.0155011)
(-0.00917271 -0.0127194 0.0155145)
(-0.00981191 -0.0128891 0.0125425)
(-0.0104513 -0.0123325 0.0136821)
(-0.00828384 -0.0129552 0.00446254)
(-0.00897778 -0.0131138 0.005481)
(-0.00982024 -0.0124574 0.00640585)
(-0.00904179 -0.0115057 0.00382241)
(-0.008513 -0.0127052 0.00402881)
(-0.0096978 -0.0127785 0.0066801)
(0.00053884 -0.0071673 0.00197032)
(-0.000425125 -0.00938018 0.00179024)
(0.00015188 -0.00780357 0.00191955)
(0.00077086 -0.0073939 0.00186298)
(0.000472224 -0.00808723 0.00176709)
(0.00181324 -0.00644594 0.00327011)
(0.00225491 -0.00655745 0.00316346)
(0.00117202 -0.00617835 0.00295234)
(-0.00625708 -0.0119487 0.00255002)
(-0.00510988 -0.0117941 0.00224841)
(-0.00499248 -0.0108165 0.00220946)
(-0.00377898 -0.0105697 0.00207518)
(-0.00412666 -0.0117161 0.00200731)
(-0.00592573 -0.0117078 0.00257277)
(0.00279241 -0.0168498 0.00241728)
(0.000827117 -0.0164928 0.00423277)
(0.00168397 -0.0158317 0.00440728)
(0.00214885 -0.016307 0.00288123)
(0.00253813 -0.0166722 0.00424903)
(0.00102914 -0.0170894 0.00484196)
(0.00483934 -0.0161688 -0.000601752)
(0.00560372 -0.0161098 0.00162341)
(0.00572549 -0.015041 -0.000189985)
(0.00412126 -0.0174606 0.000885788)
(0.00413176 -0.0160295 0.00110812)
(0.00594497 -0.0147736 0.000688356)
(0.0130297 -0.0136865 0.0215199)
(0.0162188 -0.0137335 0.021823)
(0.0170973 -0.0131836 0.0224544)
(0.0113598 -0.0135755 0.0204765)
(0.0125813 -0.0130845 0.0214901)
(0.015559 -0.0129536 0.0218175)
(0.00724691 -0.0141085 0.0185922)
(0.011719 -0.0143973 0.0210178)
(0.0216352 -0.0135054 0.0238108)
(0.0168167 -0.0125085 0.0232396)
(0.00347114 -0.0107415 0.012832)
(0.00351088 -0.01063 0.0127058)
(0.0048871 -0.0140841 0.0135401)
(0.00419069 -0.0129639 0.0155575)
(0.00456067 -0.013905 0.0143895)
(0.0210365 -0.0183285 0.0206322)
(0.0182416 -0.0193064 0.0200006)
(0.0180791 -0.0184414 0.0201757)
(0.0189449 -0.0179855 0.0191763)
(0.0200654 -0.0176122 0.02108)
(0.017406 -0.0175476 0.0205726)
(0.0100547 -0.0172757 0.0161339)
(0.0123968 -0.01883 0.0177022)
(0.012533 -0.0206561 0.0189004)
(0.0103131 -0.0191734 0.0170706)
(0.0113952 -0.0173694 0.0159695)
(0.0105989 -0.018809 0.0166412)
(0.0131559 -0.0206002 0.0194201)
(0.0114842 -0.0208476 0.0189323)
(0.0114154 -0.0210413 0.0197118)
(0.0117106 -0.0201945 0.0213908)
(0.01283 -0.0207031 0.0190336)
(0.0110713 -0.019238 0.0177021)
(0.00055082 -0.0160946 0.0123804)
(-0.00041765 -0.0153952 0.0100462)
(-0.000268355 -0.0158665 0.0125072)
(0.0007236 -0.0151632 0.0136914)
(-0.000734227 -0.0157229 0.0103172)
(0.00018468 -0.0168967 0.00643634)
(-0.000363681 -0.0162435 0.0074604)
(-0.000688397 -0.0156253 0.00767473)
(0.000355892 -0.0163448 0.00669862)
(0.000408921 -0.0161605 0.00545628)
(-0.000546147 -0.0157433 0.00704817)
(-0.00203097 -0.0155604 0.0141799)
(-0.002711 -0.0163494 0.0121388)
(-0.000884753 -0.0151717 0.0145752)
(-0.00263981 -0.0160443 0.0112808)
(0.014023 -0.016106 0.0225488)
(0.0172088 -0.0153242 0.0211813)
(0.0122672 -0.015348 0.0214451)
(0.015688 -0.0158361 0.022234)
(0.0160442 -0.0161534 0.021375)
(0.0132427 -0.0145226 0.0215962)
(0.0121875 -0.0171395 0.0216855)
(0.0131127 -0.017438 0.0213157)
(0.0157475 -0.0177375 0.0219389)
(0.0140103 -0.0170512 0.0221212)
(0.0148363 -0.0186818 0.0218113)
(0.0152308 -0.0175941 0.0209612)
(0.00886335 -0.016082 0.0208235)
(0.00796466 -0.0167951 0.0216601)
(0.00697331 -0.0151384 0.0198796)
(0.00658289 -0.0165721 0.0214305)
(0.0106283 -0.017144 0.0216293)
(0.00905936 -0.000454858 0.00854537)
(0.011031 -0.00111617 0.0081106)
(0.0106211 -0.000585141 0.00808106)
(0.0113031 -0.00100692 0.00777841)
(0.00999305 -0.000436233 0.00897499)
(0.0064101 0.000354 0.00912403)
(0.00820873 0.000280279 0.00928416)
(0.00702967 -2.18189e-05 0.00903701)
(0.00624441 -0.0150455 0.00187451)
(0.00791231 -0.0143881 0.00246813)
(0.00728903 -0.0146371 0.00240142)
(0.00610669 -0.0145427 0.0023456)
(0.00764649 -0.0137852 0.00183408)
(0.00737848 -0.014997 0.00156244)
(0.00779269 -0.0137456 0.00180034)
(0.00886737 -0.0135053 0.00187713)
(0.00956838 -0.0128236 0.00124441)
(0.00703868 -0.0126418 0.00162742)
(0.00945125 -0.0127432 0.0014193)
(0.00892342 -0.0137195 0.00198709)
(0.0146357 -0.00584144 0.00495881)
(0.0144978 -0.00448167 0.00484309)
(0.0144177 -0.0035188 0.00637132)
(0.0147969 -0.00571113 0.00515106)
(0.0141617 -0.00470397 0.0050095)
(0.0147522 -0.00395261 0.00581312)
(0.0144558 -0.00402336 0.00608483)
(0.0139357 -0.00228097 0.00731388)
(0.0128745 -0.001468 0.00753648)
(0.0101406 -0.012191 0.001843)
(0.0113763 -0.012333 0.00282029)
(0.0106096 -0.0128597 0.00209221)
(0.0113084 -0.0124551 0.00304766)
(0.00961358 -0.0133259 0.00245632)
(0.00988393 -0.0134 0.00203443)
(-0.00140249 -0.0161511 0.00422462)
(-0.000592003 -0.0156391 0.00377348)
(-0.00189662 -0.0162109 0.00488017)
(-0.00129744 -0.0163929 0.00497426)
(-0.000206357 -0.0156332 0.00282319)
(-0.000529126 -0.0169787 0.00410567)
(0.0045396 -0.0140883 0.00130078)
(0.00529646 -0.0129006 0.000841905)
(0.00352113 -0.0130285 0.000467674)
(0.00529615 -0.0122941 0.000454704)
(0.00354297 -0.0135559 0.000673593)
(0.00423705 -0.0123536 0.000299995)
(-0.0021113 -0.0154878 0.024188)
(-0.00386132 -0.0142059 0.0226206)
(-0.00316517 -0.0144365 0.0223873)
(-0.00305577 -0.0143609 0.022981)
(-0.000875125 -0.0160471 0.0233488)
(-0.00181069 -0.0166063 0.0246746)
(0.00159915 -0.0236226 0.025674)
(7.5728e-05 -0.0230713 0.028539)
(0.000972655 -0.0256083 0.0254491)
(-0.000578436 -0.0259186 0.0291117)
(0.00187609 -0.0248494 0.0257921)
(-6.00833e-05 -0.023034 0.0266056)
(-0.00259883 -0.0156009 0.0223632)
(0.0017199 -0.0180173 0.024223)
(-0.00131208 -0.0161502 0.0233374)
(-0.00313767 -0.0151244 0.0220502)
(-0.000825867 -0.0168112 0.0236224)
(-0.00191394 -0.0148866 0.0221515)
(0.00524337 -0.0203309 0.0236631)
(0.00503571 -0.0194176 0.023425)
(0.000799887 -0.0167064 0.0227688)
(0.00267686 -0.0183522 0.0237023)
(0.00369358 -0.0178986 0.0228354)
(0.00330423 -0.0204911 0.0255138)
(0.00713711 -0.0209335 0.0218919)
(0.00714231 -0.0215571 0.0236885)
(0.00896929 -0.0212897 0.0213173)
(0.00806242 -0.0218677 0.0214561)
(0.00763472 -0.0227676 0.0232178)
(0.0080886 -0.0212831 0.0226189)
(0.00879093 -0.0220476 0.0201315)
(0.00879082 -0.0225175 0.0227817)
(0.00189055 -0.020536 0.0196553)
(0.00175311 -0.0169434 0.0173327)
(0.000853519 -0.0164528 0.0193367)
(0.00130179 -0.0140247 0.0165597)
(0.00143967 -0.0141448 0.0154583)
(0.000904002 -0.019389 0.0203931)
(0.00678135 -0.00908165 0.0012002)
(0.00773842 -0.00836661 0.00204684)
(0.00755413 -0.00872041 0.00123828)
(0.00738766 -0.00817934 0.00236993)
(0.00645371 -0.0078322 0.00149859)
(0.00611773 -0.00825831 0.00137248)
(0.0102571 -0.00806386 0.00221274)
(0.0104158 -0.00819899 0.00221695)
(0.010097 -0.00892521 0.0020105)
(0.00915022 -0.00929622 0.00156428)
(0.00883654 -0.00902767 0.00173139)
(0.00862404 -0.00810106 0.00235594)
(0.00817965 -0.0065315 0.0132086)
(0.00817962 -0.00693431 0.0124329)
(0.00913413 -0.00647056 0.00922795)
(0.0097041 -0.00600191 0.0104624)
(0.00859346 -0.00580786 0.0113595)
(0.00869045 -0.00665817 0.0105948)
(0.0106487 -0.0079982 0.00456251)
(0.0112839 -0.00730018 0.00490003)
(0.00948156 -0.00798556 0.00437243)
(0.0113526 -0.00722008 0.00526677)
(0.00984551 -0.00778679 0.00496167)
(0.0112052 -0.00712942 0.00657413)
(0.01107 -0.00677785 0.00581261)
(0.00249933 -0.0069435 0.00228325)
(0.00242708 -0.00684661 0.00230886)
(0.00312926 -0.00681961 0.00212653)
(0.00292842 -0.00694484 0.00261337)
(0.00406168 -0.00771624 0.00363668)
(0.00367654 -0.00697003 0.00250803)
(0.00903768 -0.00842779 0.00540214)
(0.00813111 -0.00791741 0.00358592)
(0.00813001 -0.0082217 0.0048242)
(0.00976843 -0.00765318 0.00437593)
(0.00783746 -0.00821098 0.00385822)
(0.00953621 -0.00742845 0.00591902)
(0.00820878 -0.00769892 0.00620655)
(0.00776536 -0.00791468 0.00558436)
(0.00903916 -0.00730071 0.00738611)
(0.00861127 -0.00799548 0.0053551)
(0.00885078 -0.00765877 0.00785109)
(0.00557558 -0.00763049 0.00310362)
(0.00424788 -0.00741564 0.00232809)
(0.00512488 -0.00750698 0.0025208)
(0.00603226 -0.007899 0.00301966)
(0.00427916 -0.00751406 0.00232046)
(0.00462053 -0.00734064 0.00271913)
(0.00315915 -0.00804926 0.00128826)
(0.00321592 -0.00752815 0.00194226)
(0.00304205 -0.00734756 0.00219697)
(0.00276042 -0.00857039 0.00122226)
(0.00240781 -0.00793269 0.00162128)
(0.00257429 -0.00714525 0.00158523)
(0.0120431 -0.00617565 0.00506878)
(0.0113876 -0.00612126 0.0062126)
(0.0117619 -0.00509307 0.00610074)
(0.0121906 -0.00586112 0.00640971)
(0.0122547 -0.00687254 0.0054705)
(0.0110179 -0.00457306 0.00851129)
(0.0115424 -0.00485078 0.00742235)
(0.0105765 -0.00476486 0.00785259)
(0.0111621 -0.00538984 0.00734314)
(0.0107395 -0.00433444 0.00883738)
(0.0112387 -0.00556334 0.00720578)
(0.000920243 -0.00946715 0.0181489)
(0.00145832 -0.00965779 0.0192436)
(0.000407947 -0.0108715 0.0207165)
(0.0032286 -0.00740137 0.0178914)
(0.00245814 -0.00861254 0.0189253)
(0.00536718 -0.0066325 0.0155151)
(0.00498092 -0.00785751 0.0183769)
(0.00292896 -0.00946033 0.0199788)
(0.0055431 -0.00642915 0.0157737)
(0.00725374 -0.00575724 0.0134873)
(0.00452529 -0.00724391 0.0175318)
(0.00228513 -0.0092097 0.0198967)
(0.00357341 -0.00735277 0.0173152)
(0.00884769 -0.00485866 0.0112171)
(0.00975994 -0.00527132 0.0106486)
(0.00987843 -0.0049246 0.0096901)
(0.00864692 -0.00420501 0.0109544)
(0.00866768 -0.00470737 0.0121742)
(0.00142269 -0.00924187 0.0134634)
(0.00182303 -0.00779158 0.0136529)
(0.00195779 -0.00661962 0.0123132)
(0.00171917 -0.00931873 0.0143738)
(0.0017146 -0.00830168 0.0134512)
(-2.62677e-05 -0.0122697 0.0196704)
(-0.000489267 -0.0142567 0.0204397)
(0.000347916 -0.0114145 0.0195658)
(-0.000655798 -0.0132083 0.0226667)
(-0.00164225 -0.0150232 0.0225231)
(-0.00225717 -0.0174334 0.0237951)
(0.00539587 -0.000719366 0.00916906)
(0.00610864 -0.00115099 0.00960641)
(0.00482656 -0.000864531 0.00948985)
(0.00469115 -0.00158418 0.0095013)
(0.00595794 -0.000500746 0.00896193)
(0.00415724 -0.00146521 0.00944058)
(0.00267128 -0.00558947 0.0128266)
(0.00224714 -0.00634221 0.0133212)
(0.00387458 -0.00353522 0.0115842)
(0.00394999 -0.00421373 0.0125758)
(0.00337556 -0.0039818 0.0117734)
(0.00286063 -0.005105 0.0125747)
(0.00652315 -0.00287957 0.0115698)
(0.00690468 -0.00234543 0.0107137)
(0.00540282 -0.00357246 0.012155)
(0.00477943 -0.0035889 0.0122273)
(0.00628232 -0.00242646 0.0112056)
(0.00473868 -0.00297226 0.0115014)
(0.00874316 -0.00106482 0.00956344)
(0.00918293 -0.00110603 0.00921902)
(0.00789117 -0.000194013 0.00917994)
(0.00729016 -0.000422108 0.00931451)
(0.00810449 -0.00086081 0.00968246)
(0.00915394 -0.0012062 0.00892188)
(-0.000918944 -0.0131733 0.0225414)
(-0.00251497 -0.0145485 0.0215796)
(0.000839125 -0.0108417 0.0215481)
(0.000360166 -0.0107257 0.0205692)
(0.00676159 -0.0227448 0.0200592)
(0.00752989 -0.0229257 0.0201788)
(0.00759511 -0.022945 0.0208902)
(0.00709427 -0.023744 0.0224589)
(0.00656304 -0.0241289 0.0217811)
(0.00647154 -0.0222365 0.019905)
(0.00282725 -0.00372843 0.0101095)
(0.00298052 -0.00253738 0.00920326)
(0.00307662 -0.00345738 0.0104967)
(0.00335133 -0.00149681 0.00890129)
(0.00382317 -0.00189677 0.00923559)
(0.00341364 -0.00266639 0.00978018)
(0.00509148 -0.0134759 0.0152425)
(0.00509495 -0.0140759 0.0155007)
(0.0018031 -0.0160452 0.010925)
(0.0040258 -0.014831 0.0133852)
(0.00233522 -0.0165375 0.0118625)
(0.00284625 -0.0146824 0.0130081)
(-0.0090643 -0.0113455 0.0197013)
(-0.00713666 -0.0126702 0.0217679)
(-0.00746668 -0.011599 0.019407)
(-0.00844332 -0.0108844 0.0196764)
(-0.00574586 -0.0127166 0.0220509)
(-0.00689968 -0.0118287 0.0215609)
(0.000473168 -0.0119363 0.000289233)
(0.000324793 -0.0117396 0.000668878)
(0.0013913 -0.0111092 4.43265e-05)
(0.00183307 -0.0101294 0.000409089)
(0.00156145 -0.00928305 0.000840017)
(0.00100627 -0.0099499 0.000612375)
(-0.00575556 -0.0155045 0.0145008)
(-0.0052179 -0.0149054 0.0113875)
(-0.0049006 -0.0159927 0.013623)
(-0.00601841 -0.0155497 0.0134994)
(-0.00462752 -0.0151869 0.0143749)
(-0.00605177 -0.0153116 0.0117175)
(-0.00481327 -0.0153059 0.00349854)
(-0.00564888 -0.0140629 0.00429502)
(-0.00449559 -0.0144225 0.0038331)
(-0.00570217 -0.0163532 0.00501263)
(-0.00768614 -0.0156736 0.00853167)
(-0.00707139 -0.0154189 0.00511912)
(-0.00662866 -0.0161565 0.00757193)
(-0.00629818 -0.0150119 0.0050428)
(-0.00795128 -0.0137924 0.0134648)
(-0.00937507 -0.0141576 0.0134583)
(-0.00972231 -0.0140618 0.0118158)
(-0.0083677 -0.0149209 0.0126679)
(-0.00960403 -0.0141588 0.00987457)
(-0.00879531 -0.0140142 0.0099396)
(-0.00836339 -0.0143915 0.00727677)
(-0.00771155 -0.0152195 0.00622759)
(-0.00900977 -0.0153526 0.00945633)
(-0.00650599 -0.0156869 0.0135126)
(-0.00770852 -0.0146843 0.012775)
(-0.00606379 -0.0152192 0.0106041)
(-0.00518813 -0.0162254 0.0111095)
(-0.0050258 -0.0170796 0.00847574)
(-0.00489224 -0.0154475 0.00526795)
(-0.00570228 -0.0157598 0.00935458)
(-0.00579569 -0.0163776 0.00630693)
(0.000942586 -0.00950903 0.00126493)
(0.00121096 -0.00829366 0.00137861)
(-0.0107341 -0.0101444 0.01786)
(-0.0104375 -0.00986693 0.0168523)
(-0.00983892 -0.0104278 0.0197541)
(-0.00948689 -0.0103835 0.0172176)
(-0.0029898 -0.0163656 0.0262769)
(-0.00329536 -0.0148432 0.0250247)
(-0.00445735 -0.0138042 0.0241788)
(-0.00569614 -0.0117698 0.0215805)
(-0.00480751 -0.0130881 0.0233642)
(0.00203773 -0.0198351 0.00351748)
(0.00199955 -0.0174125 0.00431088)
(0.000738932 -0.0173741 0.00570427)
(0.00156351 -0.0171137 0.00873067)
(0.00543008 -0.0157632 0.0155735)
(0.00265362 -0.0207747 0.00342494)
(0.00250995 -0.0185742 0.00526189)
(0.00370119 -0.00217319 0.0103494)
(0.00364204 -0.00202369 0.0106189)
(0.00369491 -0.00107542 0.00878057)
(0.00356441 -0.000889482 0.00903468)
(0.0028333 -0.00252167 0.00934246)
(0.00636828 -0.000210086 0.00916353)
(0.00579249 -0.000425629 0.00944492)
(0.00729584 -0.000608837 0.00895869)
(0.00684695 -0.0228717 0.0227889)
(0.00690301 -0.0215529 0.0213465)
(0.00595777 -0.0216986 0.0195431)
(0.00340643 -0.0229718 0.0212438)
(0.00535951 -0.0221298 0.0198393)
(0.00403098 -0.0190208 0.0176119)
(0.00498583 -0.0207737 0.0187505)
(0.00455595 -0.0218956 0.0206112)
(0.00381143 -0.0206455 0.0195823)
(-0.00243485 -0.0170497 0.0271362)
(0.00342195 -0.0033203 0.011309)
(0.0032778 -0.002864 0.0103451)
(0.00371633 -0.00263134 0.0103742)
(0.00361506 -0.00212845 0.00978246)
(0.00715831 -0.000635682 0.00950472)
(0.00263074 -0.00417911 0.0110279)
(0.00281592 -0.00393932 0.0108199)
(-0.00301463 -0.0171688 0.0246928)
(0.00254236 -0.00510704 0.0115916)
(0.00276739 -0.00439678 0.0114006)
(0.00241967 -0.00576583 0.0125275)
(0.00217773 -0.00675128 0.0125403)
(0.00785193 -0.00239699 0.0104993)
(0.00403464 -0.00509941 0.0138452)
(0.00532781 -0.00421006 0.0135867)
(0.0070471 -0.00356419 0.0116975)
(0.00753788 -0.00467772 0.0125985)
(0.00425408 -0.00544162 0.0145862)
(0.00257367 -0.00763888 0.0159937)
(0.00149586 -0.00954029 0.0188789)
(-6.24338e-05 -0.0109605 0.0202341)
(0.00413817 -0.00684877 0.016289)
(0.0103683 -0.00390246 0.0095884)
(0.00890821 -0.00335902 0.0108704)
(0.0084854 -0.00229419 0.00981702)
(0.00821619 -0.00290157 0.0107391)
(0.00819761 -0.00392125 0.011682)
(0.0122676 -0.00538571 0.00626645)
(0.00945978 -0.00161251 0.00886014)
(0.0124987 -0.00451793 0.0068383)
(0.0103876 -0.00204225 0.00870447)
(-0.00412456 -0.0192905 0.0270943)
(-0.003412 -0.0170858 0.0227186)
(-0.00233815 -0.0186636 0.0236409)
(-0.0039122 -0.0197012 0.0244837)
(-0.00374148 -0.0224428 0.0262557)
(-0.00361484 -0.0245685 0.0285156)
(-0.00340366 -0.0219316 0.0235532)
(0.00171865 -0.00791721 0.00153663)
(0.00188295 -0.00822812 0.00121434)
(0.0017116 -0.00706235 0.00210136)
(0.00190256 -0.00737237 0.00183513)
(0.00694063 -0.00781863 0.00707416)
(0.00624839 -0.00795973 0.00747462)
(0.00630519 -0.00772302 0.00853506)
(0.00782957 -0.00783198 0.00654196)
(0.00679337 -0.00791912 0.00982313)
(0.00790744 -0.00747328 0.00736824)
(0.00755584 -0.00776669 0.00790083)
(0.00675879 -0.00749867 0.00927419)
(0.00723675 -0.00775838 0.0106543)
(0.00656985 -0.00807 0.00467704)
(0.00619353 -0.00773461 0.00344389)
(0.00500097 -0.00773976 0.00355747)
(0.00295333 -0.0072219 0.00343907)
(0.00564582 -0.00768655 0.00639271)
(0.00415641 -0.00748011 0.00424884)
(0.0046325 -0.0077659 0.00489772)
(0.00546036 -0.00776767 0.00536103)
(0.00328011 -0.00731951 0.00388727)
(0.00387719 -0.00728319 0.00363889)
(0.00481552 -0.00752829 0.00321737)
(0.00306709 -0.00711929 0.00354732)
(0.00269104 -0.00671007 0.0029336)
(0.00513982 -0.00832267 0.00115813)
(0.00529661 -0.00810022 0.00200595)
(0.00511395 -0.00797124 0.0022126)
(0.0037952 -0.0072179 0.00185088)
(0.00354328 -0.00828469 0.000822122)
(0.00410166 -0.00824871 0.00165489)
(0.00438814 -0.00766647 0.00153358)
(0.00536791 -0.00768274 0.00252881)
(0.00708742 -0.00809356 0.00392598)
(0.00618311 -0.0078695 0.00359544)
(0.00661579 -0.00804829 0.00353939)
(0.0081359 -0.00818159 0.0044634)
(0.00998038 -0.00744047 0.00564611)
(0.00711647 -0.00780796 0.00341239)
(0.00377625 -0.00737007 0.00374626)
(0.00301445 -0.00667107 0.00273931)
(0.00194013 -0.00669141 0.00211797)
(0.00252168 -0.00665631 0.00280067)
(0.00504655 -0.00744175 0.00297315)
(0.00229356 -0.00705744 0.00183235)
(0.00341509 -0.00722766 0.00222364)
(0.0114925 -0.00629956 0.00668322)
(0.0114615 -0.00717392 0.0048196)
(0.00734001 -0.00799538 0.00322661)
(0.00734571 -0.00742506 0.0100941)
(0.00830404 -0.00754568 0.00855978)
(0.00904753 -0.0068049 0.00802567)
(0.00938769 -0.00703279 0.00867928)
(0.0082473 -0.0070022 0.0100236)
(0.00792513 -0.00689734 0.0102993)
(0.00852601 -0.00541651 0.0123398)
(0.0124235 -0.00609083 0.00538836)
(0.0118456 -0.00705972 0.00521036)
(0.0123565 -0.00693534 0.0048668)
(0.0115575 -0.00813548 0.00320044)
(0.0107066 -0.00788451 0.00359464)
(0.0123362 -0.00746865 0.0037247)
(0.0118388 -0.00693725 0.00335179)
(0.00811715 -0.00922233 0.00119049)
(0.00662075 -0.00805 0.00263499)
(0.00586912 -0.00762841 0.00176981)
(0.00647319 -0.00776976 0.0124435)
(-0.00128478 -0.0180526 0.0254827)
(0.00448734 -0.0171561 0.0164165)
(0.00345039 -0.0170379 0.0178184)
(0.00241694 -0.0196625 0.0201384)
(0.00628132 -0.0201364 0.0176584)
(0.00545288 -0.0187928 0.016962)
(0.00757095 -0.02121 0.0187535)
(0.00725145 -0.020963 0.0180115)
(0.00158673 -0.0133722 0.0164818)
(0.0012039 -0.011142 0.0147775)
(0.00037108 -0.0155887 0.0190952)
(0.00853935 -0.0220137 0.0196141)
(0.00964377 -0.0213576 0.0202407)
(0.00332053 -0.0233504 0.0217367)
(0.00408279 -0.0235396 0.0249561)
(0.00301902 -0.0243708 0.0258645)
(0.00258078 -0.0244697 0.0230756)
(-0.000420123 -0.0193191 0.0202136)
(-0.00222596 -0.0213819 0.0241431)
(-0.000827709 -0.0178908 0.0219226)
(-0.000144754 -0.0233434 0.0248734)
(-0.0016329 -0.0252365 0.0262139)
(-0.00196003 -0.0224242 0.0248904)
(0.000633831 -0.024673 0.0236955)
(0.00246547 -0.0224145 0.0214038)
(0.00192039 -0.0247832 0.024293)
(0.00034375 -0.0225472 0.0223685)
(0.00593716 -0.0229236 0.0241718)
(0.00625922 -0.0214895 0.0235364)
(0.00613776 -0.0193005 0.022375)
(0.00258403 -0.0245346 0.0282711)
(0.00426457 -0.0239833 0.0258295)
(-0.00283075 -0.0149356 0.0216004)
(-0.0011844 -0.0151229 0.0203488)
(-0.0016974 -0.0150062 0.0205532)
(-0.000614752 -0.0150758 0.0210214)
(0.00181549 -0.0161137 0.0213054)
(7.18679e-05 -0.0160114 0.022218)
(0.000487914 -0.0168878 0.0225364)
(0.00224827 -0.0206717 0.024584)
(0.0015648 -0.0216652 0.0276727)
(0.00468061 -0.0231299 0.0261229)
(0.00475031 -0.0212536 0.0222758)
(0.00334958 -0.0211223 0.0248934)
(0.0042236 -0.0215119 0.0240825)
(0.00389976 -0.0195279 0.0231893)
(0.00370716 -0.0198155 0.023792)
(0.00174659 -0.0259132 0.0248082)
(-0.000264225 -0.0248862 0.0282091)
(0.000996917 -0.0239496 0.0225428)
(0.00250001 -0.0232916 0.0250073)
(0.0019654 -0.0227292 0.0262384)
(0.00277792 -0.0256092 0.0264099)
(0.002276 -0.0235643 0.0237479)
(-0.00091809 -0.0234719 0.0269056)
(-0.000931887 -0.0235887 0.0252092)
(-0.00115169 -0.0237141 0.0273179)
(0.000254706 -0.021601 0.026713)
(-0.00084785 -0.0212718 0.0282947)
(-0.000283042 -0.0229397 0.0271948)
(-0.000784392 -0.0206235 0.0262822)
(-0.00473753 -0.0143638 0.024002)
(-0.0038512 -0.0136089 0.0229109)
(0.00106522 -0.0185626 0.0246276)
(0.000355919 -0.0184911 0.0252971)
(6.77061e-05 -0.018501 0.0256792)
(0.00208688 -0.0182862 0.0236893)
(-0.00512161 -0.0130287 0.0211596)
(-0.00434294 -0.0148486 0.0231599)
(0.000233295 -0.0172164 0.00595486)
(0.000356411 -0.0168577 0.00551452)
(0.00177529 -0.0164145 0.00532945)
(0.00396712 -0.0165955 0.00370765)
(0.0060379 -0.0144708 0.00135397)
(0.00588104 -0.0141145 0.00151255)
(0.00567631 -0.0159662 0.00287453)
(0.00479638 -0.0160577 0.0020405)
(-0.000329008 -0.015254 0.00285861)
(0.000582093 -0.0159516 0.00259387)
(-0.0018461 -0.0168931 0.00437501)
(-0.00111845 -0.0164217 0.00324011)
(0.00615351 -0.0142075 0.00108356)
(0.00709872 -0.0147997 0.00189032)
(0.00622161 -0.0133912 0.00206408)
(0.00703207 -0.0125481 0.00132063)
(0.00544375 -0.0131146 0.000816315)
(0.0025287 -0.00975687 0.000943002)
(0.00142841 -0.0123782 0.000531508)
(0.006261 -0.0130144 0.000813172)
(0.00731614 -0.0128483 0.000640848)
(0.00634589 -0.0131495 0.000752403)
(0.0010655 -0.0151441 0.0013962)
(0.000821685 -0.0150042 0.00131338)
(0.00181945 -0.0148314 0.00122983)
(0.0025203 -0.0133313 0.000965739)
(0.00257611 -0.0128037 0.00110336)
(0.00181251 -0.0138351 0.000557294)
(0.00189099 -0.0139255 0.000692517)
(0.00225139 -0.0125714 0.000707261)
(0.002293 -0.011868 0.000413218)
(0.00269458 -0.0101649 0.000495832)
(0.00341192 -0.00965868 0.000952543)
(0.00775455 -0.00993302 0.000867311)
(0.00693854 -0.0118592 0.000332664)
(0.0116527 -0.00843155 0.0031416)
(0.0119538 -0.00323221 0.00764891)
(0.0128204 -0.00461943 0.00641855)
(0.0127967 -0.00390879 0.0070839)
(0.0129276 -0.00390555 0.0065422)
(0.0143798 -0.00462856 0.00529059)
(0.0137315 -0.00422939 0.00640235)
(0.0144771 -0.00437759 0.00545087)
(0.0145674 -0.00499986 0.00479256)
(0.0143406 -0.00483367 0.00507288)
(0.013742 -0.00415638 0.00580543)
(0.0134049 -0.00334912 0.00624079)
(0.013679 -0.00348974 0.00596117)
(0.0146268 -0.00233984 0.00672445)
(0.0142094 -0.00407306 0.00555632)
(0.0142304 -0.00387313 0.00582655)
(0.0142272 -0.00317061 0.00557564)
(0.0135567 -0.00278898 0.00642316)
(0.0136439 -0.0030757 0.00634021)
(0.013686 -0.00227709 0.00664785)
(0.0141876 -0.00294635 0.00680285)
(0.0140829 -0.0020534 0.00682777)
(0.00858266 -0.0126983 0.00147254)
(0.00934796 -0.0116297 0.000457109)
(0.00863558 -0.0110446 0.000414819)
(0.00791681 -0.0119551 0.000883671)
(0.00782102 -0.0116055 0.00104589)
(0.00910283 -0.0105181 0.00109314)
(0.00827186 -0.0105733 0.000760059)
(0.00913371 -0.0103935 0.00113547)
(0.00990433 -0.0097239 0.00105758)
(0.010632 -0.00947081 0.00195998)
(0.011406 -0.00879742 0.00204442)
(0.0101237 -0.0132907 0.00151855)
(0.009812 -0.0155197 0.000322045)
(0.00866762 -0.0132661 0.00167872)
(0.0094426 -0.0139584 0.00129436)
(0.00853411 -0.0136083 0.00077123)
(0.00700776 -0.0142411 0.00224218)
(0.00854701 -0.0134616 0.00231129)
(0.00527917 -0.0151192 0.00274465)
(0.0129464 -0.0014115 0.00702002)
(0.0122499 -0.00100845 0.00739354)
(0.00481547 -0.000771758 0.00984435)
(0.00538096 3.1553e-05 0.00917802)
(0.00396569 -0.00116611 0.00918637)
(0.0110551 -0.00033905 0.00839854)
(0.00998366 -0.000269672 0.00880016)
(0.00861467 0.000168039 0.00930339)
(0.0064365 -0.000311846 0.00922889)
(0.00731417 6.68754e-05 0.00861406)
(0.00699293 0.000341869 0.00890842)
(0.0129554 -0.00340418 0.00688393)
(0.0126897 -0.00324347 0.00715415)
(0.012609 -0.00270399 0.00734767)
(0.01278 -0.00273996 0.00695892)
(0.0118283 -0.00204954 0.00776384)
(0.0113219 -0.00209217 0.00806769)
(0.0104627 -0.00203109 0.00826717)
(0.0118271 -0.00259037 0.00768133)
(0.0114706 -0.00263178 0.00808442)
(0.0104308 -0.00172578 0.00865345)
(0.00995647 -0.00160979 0.00876748)
(0.00963373 -0.00132611 0.00875004)
(0.00894233 -0.00118874 0.00927582)
(0.00853163 -0.000495409 0.00914586)
(0.0134078 -0.00164517 0.00744928)
(0.0125611 -0.00152125 0.0076734)
(0.00910287 -0.00016727 0.0086378)
(0.0109571 -0.000358757 0.00832366)
(0.0113837 -0.00109441 0.00831401)
(0.0129573 -0.00212605 0.00707391)
(0.0124174 -0.00201727 0.00731306)
(0.0126705 -0.00139819 0.00737126)
(0.00858734 -0.000615065 0.00881385)
(0.00795585 -0.000156968 0.00897321)
(0.00935324 -0.000138201 0.00867848)
(0.00816964 -0.000359096 0.00895688)
(0.0113344 -0.0014326 0.00798077)
(0.0100993 -0.00119937 0.00843201)
(0.00981753 -0.000470988 0.00801765)
(0.0115793 -0.00141171 0.00763029)
(0.00290115 -0.00388736 0.0111947)
(0.0147932 -0.0196342 0.0204309)
(0.01017 -0.0159764 0.0211844)
(0.0031854 -0.015616 0.0198836)
(0.00577616 -0.0154053 0.0198545)
(0.0122334 -0.016613 0.0218047)
(0.00751301 -0.0145055 0.0193758)
(0.00922065 -0.0144832 0.0203872)
(0.00417945 -0.0148817 0.0179793)
(0.00447177 -0.0145546 0.0183378)
(0.00132196 -0.0150262 0.0166412)
(0.00207864 -0.0148418 0.0178375)
(0.00284182 -0.0148181 0.018019)
(0.00153157 -0.0155911 0.017289)
(-0.00251207 -0.0169584 0.00668713)
(-0.00252172 -0.0164575 0.00735804)
(-0.00312013 -0.0170074 0.00896761)
(0.000557815 -0.0148819 0.0170127)
(0.000614459 -0.0147734 0.0155136)
(-0.000768741 -0.0170068 0.00659)
(-0.000780493 -0.0163417 0.00761051)
(-0.0011953 -0.0173922 0.00682424)
(-0.00198575 -0.0159856 0.00691841)
(-0.00316866 -0.0163207 0.0107359)
(-0.00324999 -0.0167773 0.0094973)
(-0.0017798 -0.0159885 0.00999279)
(-0.00151436 -0.0170629 0.0141959)
(-0.0022063 -0.0162204 0.0104806)
(-0.00164913 -0.0163613 0.00901772)
(-0.00141003 -0.0165274 0.00880042)
(-0.00179776 -0.0171946 0.00914821)
(-0.00212959 -0.0157335 0.00954256)
(-0.00120198 -0.0155238 0.00818827)
(-0.000490426 -0.0170947 0.00833335)
(-0.000751008 -0.0165611 0.00672563)
(0.000215509 -0.0170991 0.00610733)
(0.000365327 -0.0164545 0.00540031)
(-0.00148333 -0.015892 0.0105321)
(-0.00124722 -0.0165272 0.0100977)
(-0.00111127 -0.0160086 0.00931767)
(-0.000685262 -0.0161647 0.0128295)
(-0.000250625 -0.0151546 0.0133243)
(0.000303042 -0.0157255 0.0152293)
(0.00156746 -0.0153037 0.0157675)
(-0.00342066 -0.0147977 0.0190147)
(-0.00241451 -0.0157464 0.0205574)
(0.00726882 -0.0182872 0.0227568)
(-0.00461776 -0.0160617 0.0111645)
(-0.00365774 -0.0166023 0.0110651)
(-0.00424527 -0.0157388 0.0120608)
(-0.00324857 -0.0160858 0.0135481)
(-0.00381786 -0.0156897 0.0118378)
(-0.00177415 -0.015524 0.0158375)
(-0.00150522 -0.0153825 0.0158346)
(-0.000146202 -0.0158021 0.0173092)
(-0.00355579 -0.0153838 0.014448)
(-0.00424746 -0.0156359 0.0134103)
(0.0142951 -0.0201121 0.0200827)
(0.0139623 -0.0209419 0.020334)
(0.0126712 -0.0196389 0.0180329)
(0.0143906 -0.0191056 0.0215034)
(0.0128 -0.0197973 0.0224049)
(0.00774509 -0.0175558 0.0221637)
(0.0116062 -0.0184227 0.0221123)
(0.0108573 -0.0190889 0.0226077)
(0.0112404 -0.0177974 0.0219683)
(0.0138432 -0.0211653 0.0212383)
(0.0129001 -0.0189293 0.0201802)
(0.016325 -0.0165671 0.0212655)
(0.0163468 -0.0189096 0.019414)
(0.0162422 -0.0187789 0.0205789)
(0.0190992 -0.0174807 0.0223208)
(0.0112153 -0.0192556 0.0221743)
(0.0120388 -0.0197144 0.021471)
(0.00640565 -0.0185499 0.0229754)
(0.00795147 -0.0174882 0.0217474)
(0.00971238 -0.0200062 0.0233066)
(0.00728275 -0.018652 0.0224604)
(0.00772927 -0.0213183 0.0239193)
(0.00611121 -0.0192491 0.0235291)
(0.00661523 -0.0195095 0.0232229)
(0.00507353 -0.0198211 0.0241807)
(0.0039042 -0.0177927 0.0225699)
(0.00869492 -0.0203057 0.0231999)
(0.00993722 -0.0199792 0.0222434)
(0.00915762 -0.0205511 0.0223591)
(0.00976021 -0.0218661 0.0227374)
(0.0106714 -0.0209173 0.0211073)
(0.0113036 -0.0215857 0.0226873)
(-0.000844265 -0.0155689 0.0202094)
(0.00454296 -0.0173505 0.0225047)
(0.00333622 -0.0175846 0.0226002)
(0.00128399 -0.0156752 0.0205365)
(0.000627635 -0.0160677 0.0209448)
(0.00453321 -0.0172169 0.021881)
(0.00255628 -0.0176935 0.0231004)
(0.00142592 -0.0166984 0.0222975)
(3.6329e-05 -0.0159972 0.0204503)
(0.00349065 -0.0168355 0.0215447)
(0.00470888 -0.0161991 0.0210189)
(0.00159918 -0.0158286 0.0205468)
(0.000178113 -0.0160542 0.0197737)
(-0.00125674 -0.0149927 0.0168384)
(0.000898175 -0.0158134 0.0198946)
(8.83578e-05 -0.0155256 0.0182165)
(0.000548914 -0.0149793 0.0177127)
(0.00288499 -0.0161594 0.0202988)
(0.00434892 -0.0161868 0.0212148)
(0.00270424 -0.0157972 0.0194008)
(0.00718986 -0.0195149 0.0171893)
(0.00847425 -0.0207099 0.0183771)
(0.00824433 -0.0214554 0.0194211)
(0.00793805 -0.0189332 0.0178948)
(0.00960247 -0.0223591 0.0209519)
(0.0101972 -0.0207904 0.0190606)
(0.00940752 -0.0191323 0.0170501)
(0.00852039 -0.0185667 0.0167439)
(0.0104699 -0.0195412 0.0177353)
(0.00891842 -0.0180669 0.015711)
(0.00902476 -0.0177079 0.0156958)
(0.00741114 -0.0172267 0.0151197)
(0.00723306 -0.0178279 0.0166246)
(0.0030427 -0.00780352 0.0116804)
(0.00365961 -0.0100467 0.0139792)
(0.00713665 -0.0179744 0.01674)
(0.00349621 -0.0138165 0.0140921)
(0.00562839 -0.0156087 0.0150873)
(0.00626458 -0.018655 0.0167492)
(0.00445908 -0.0160283 0.0154854)
(0.00654014 -0.0179572 0.0169545)
(0.00544246 -0.0168152 0.0150741)
(0.0176809 -0.014687 0.0226287)
(0.0195208 -0.0142833 0.0223321)
(0.00178934 -0.0176941 0.00246066)
(0.00843704 -0.0149457 -0.000473446)
(0.00704421 -0.0150076 0.000425129)
(0.0073973 -0.0143165 0.000907361)
(0.00456525 -0.0158678 0.00239003)
(0.0055703 -0.0154517 0.00192183)
(0.00288815 -0.0180012 0.00164037)
(0.0120792 -0.019083 -0.00351876)
(0.00898935 -0.0167899 -0.00381559)
(0.0100045 -0.0146351 -0.00367941)
(0.00706836 -0.0169269 -0.00350086)
(0.00890919 -0.0188974 -0.00259473)
(0.00954851 -0.0163929 -0.00103866)
(0.00922385 -0.0172165 -0.000990895)
(0.00858225 -0.0157884 -0.00198536)
(0.00711333 -0.0151361 -0.00168029)
(0.00842224 -0.0194942 -0.00102098)
(0.00649243 -0.0185419 -0.00299862)
(0.00592405 -0.0178975 -0.000528553)
(0.00365374 -0.019647 0.00254298)
(0.00427198 -0.0175896 -0.00120607)
(0.00401528 -0.019216 0.00106636)
(0.005857 -0.0189914 0.000421588)
(0.00430843 -0.0192835 -0.00051266)
(0.00853974 -0.0149849 0.019476)
(0.00112893 -0.0150793 0.0134453)
(0.0045523 -0.0142956 0.0174796)
(0.00336275 -0.0149661 0.016171)
(0.00597213 -0.0138968 0.0173081)
(0.00758476 -0.0139094 0.0188517)
(0.0107875 -0.0133773 0.0202661)
(0.00529481 -0.0144916 0.0166619)
(0.00640354 -0.0141462 0.0179862)
(0.00240272 -0.0141365 0.0134613)
(0.00269412 -0.0138503 0.0136196)
(0.0112906 -0.0130944 0.0215639)
(0.0109948 -0.0122762 0.020642)
(0.00900647 -0.0123178 0.0183235)
(0.014695 -0.0122771 0.0219847)
(0.00107801 -0.0153026 0.0123538)
(0.000599244 -0.015298 0.0101197)
(-4.74904e-05 -0.0164893 0.00917227)
(-0.000184187 -0.0164107 0.00860091)
(0.000299506 -0.0167926 0.00726363)
(-8.61288e-05 -0.0168472 0.00637296)
(0.000675011 -0.0171535 0.00604409)
(0.000258522 -0.0162559 0.00780029)
(0.000267989 -0.0164633 0.00757071)
(0.000611083 -0.0157225 0.0100934)
(0.00204815 -0.0149779 0.0119075)
(0.00377943 -0.0165491 0.00388191)
(0.00170793 -0.0166209 0.00438831)
(0.000272975 -0.0170139 0.00594652)
(0.00139605 -0.0170964 0.0052187)
(0.00105284 -0.0167539 0.0027829)
(0.000430284 -0.016422 0.00456918)
(0.000419905 -0.0160252 0.0039403)
(0.00447218 -0.0159566 0.00229901)
(0.00303742 -0.0165943 0.00298715)
(0.00188672 -0.0169151 0.00203448)
(0.00285653 -0.0163654 -0.00021395)
(0.00355845 -0.0163435 0.00295757)
(-0.00588085 -0.0102118 0.0019471)
(-0.00791208 -0.010732 0.00361117)
(-0.00672524 -0.0108354 0.0028904)
(-0.000276269 -0.00736029 0.00208225)
(0.0021622 -0.0067308 0.00302198)
(0.000680531 -0.00641015 0.00247064)
(0.00104464 -0.00623883 0.00257809)
(-0.0113105 -0.0102378 0.0150638)
(-0.0118056 -0.0101349 0.014103)
(-0.0119691 -0.0100192 0.00995303)
(-0.0123883 -0.010747 0.0124143)
(-0.0128546 -0.0100747 0.0100861)
(-7.98136e-05 -0.00719872 0.0024648)
(0.000506531 -0.00679205 0.00231047)
(0.000679552 -0.00681392 0.00231031)
(-0.000202804 -0.00798899 0.00158603)
(0.00108214 -0.00792701 0.00162562)
(0.00112338 -0.00718541 0.0020516)
(0.00126007 -0.0072566 0.00196667)
(0.000338282 -0.00897563 0.00121069)
(0.000381602 -0.0100238 0.000897763)
(0.00173656 -0.00666979 0.00212744)
(0.00135077 -0.00681725 0.00217215)
(0.00136946 -0.00631209 0.00241755)
(0.00115696 -0.00656426 0.00234422)
(0.00185562 -0.00656716 0.00266491)
(0.00193171 -0.00652464 0.00253438)
(-0.00732211 -0.0146067 0.0137466)
(-0.00615612 -0.0141124 0.0133358)
(-0.00125059 -0.0153266 0.0192475)
(-0.00192655 -0.0158447 0.0196793)
(-0.00330515 -0.0153054 0.0159315)
(-0.00229937 -0.0154981 0.0169286)
(-0.00208185 -0.0157258 0.0184864)
(-0.00151682 -0.0151679 0.0178894)
(-0.00379906 -0.0159694 0.0163479)
(-0.00325434 -0.0151899 0.0170485)
(-0.00331713 -0.0146438 0.0176108)
(-0.00399658 -0.0148735 0.0179068)
(-0.004865 -0.0145147 0.0168579)
(-0.00548244 -0.0150237 0.0157363)
(-0.00516414 -0.0151394 0.0158378)
(-0.00410411 -0.0155736 0.0171555)
(-0.0119655 -0.00994878 0.00862793)
(-0.000370231 -0.014918 0.00204717)
(-0.00127141 -0.0157828 0.00259721)
(-0.00381889 -0.0157891 0.00423783)
(-0.00336042 -0.0148802 0.00213321)
(-0.00355818 -0.014995 0.00264633)
(-0.0088131 -0.0108582 0.00391811)
(-0.00723152 -0.0117919 0.00257815)
(-0.00449633 -0.0141667 0.00228415)
(-0.00416513 -0.0142046 0.00216289)
(-0.00709279 -0.0140891 0.00402456)
(-0.00536446 -0.0142312 0.00339598)
(-0.00923513 -0.0138584 0.00846936)
(-0.0086397 -0.0143908 0.00715383)
(-0.0101843 -0.0144487 0.00842988)
(-0.00634116 -0.0148207 0.016803)
(-0.00703915 -0.0139674 0.0148252)
(-0.0104 -0.0137384 0.00949599)
(-0.0100896 -0.0140415 0.0116661)
(-0.00999474 -0.0126762 0.00702822)
(-0.0107409 -0.0132925 0.00914206)
(-0.0102758 -0.0126556 0.00753227)
(-0.0106682 -0.0124714 0.0104034)
(-0.0100002 -0.0110653 0.00640906)
(-0.0119298 -0.011268 0.00952192)
(-0.00188758 -0.0155887 0.00256487)
(-0.00174083 -0.0151099 0.00228271)
(0.000258349 -0.0145016 0.00104559)
(-0.000392483 -0.0149007 0.00199144)
(0.000629838 -0.0135251 0.00033451)
(-0.00142218 -0.0146104 0.00149649)
(0.000178366 -0.0141298 0.00116347)
(-0.000211118 -0.0136409 0.000806284)
(-0.00386957 -0.0137108 0.00214387)
(-0.00356821 -0.0133909 0.00184357)
(-0.00278636 -0.0133775 0.00165834)
(-0.0117791 -0.0108017 0.0125727)
(-0.011437 -0.0121797 0.0133374)
(-0.0113692 -0.0114872 0.011025)
(-0.0113344 -0.0112163 0.0094703)
(-0.0117816 -0.0112659 0.010908)
(-0.0107347 -0.0118656 0.00845059)
(-0.0108564 -0.0120165 0.00819181)
(-0.0115899 -0.0124004 0.0100234)
(-0.00429184 -0.0147965 0.0202694)
(-0.00372494 -0.0146822 0.0191869)
(-0.00512424 -0.0136905 0.0171664)
(-0.00282313 -0.0138333 0.0188575)
(-0.00864997 -0.0132782 0.014607)
(-0.00706569 -0.0140163 0.0151256)
(-0.00483653 -0.01358 0.0198262)
(-0.00810782 -0.0136706 0.0179831)
(-0.00836859 -0.0119379 0.0188703)
(-0.00915805 -0.0121144 0.0167414)
(-0.00393574 -0.0125966 0.00199152)
(-0.0032298 -0.0109781 0.00162186)
(-0.00411332 -0.0127062 0.00227619)
(-0.0016186 -0.00952844 0.00165107)
(-0.000805325 -0.00875232 0.0016454)
(-0.00244124 -0.0108847 0.00144046)
(-0.00284445 -0.0122564 0.00182482)
(-0.00287481 -0.0126255 0.00153372)
(-0.00038255 -0.00969681 0.00110252)
(-0.00168119 -0.0110618 0.00173724)
(-0.00192921 -0.0115468 0.00127511)
(-0.000910473 -0.0098202 0.0015076)
(-0.00104099 -0.0109856 0.00111729)
(0.00871004 -0.0151768 0.0144629)
(0.018077 -0.0177341 0.017813)
(0.0203009 -0.0162701 0.019516)
(0.0234592 -0.0158306 0.0199776)
(0.00864373 -0.0123658 0.0137243)
(0.00728357 -0.0107386 0.0130501)
(0.0148385 -0.0171288 0.0164005)
(0.0161447 -0.017618 0.0171739)
(0.0160393 -0.0190962 0.0182935)
(0.0151552 -0.0197005 0.0186017)
(0.0142799 -0.0187833 0.0171714)
(0.0140848 -0.017404 0.0158198)
(0.0169284 -0.0198257 0.0190738)
(0.0165323 -0.018428 0.0180965)
(0.0110676 -0.016069 0.0145108)
(0.0131813 -0.0176964 0.016225)
(0.0128683 -0.0163149 0.0152963)
(0.0115134 -0.015743 0.0152709)
(0.00382105 -0.00806094 0.013284)
(0.00344622 -0.0059248 0.0109402)
(0.00498585 -0.000951771 0.0105346)
(0.00412721 -0.00118381 0.00931207)
(0.00509468 -0.000514713 0.0090723)
(0.00546508 -0.000636463 0.00894994)
(0.00368732 -0.00102706 0.00882604)
(0.00460213 -0.000220794 0.00843189)
(0.00340747 -0.00576613 0.0100946)
(0.00330646 -0.00468937 0.0105604)
(0.0062412 -0.0117391 0.0126373)
(0.00624756 -0.0100115 0.0128293)
(0.0066843 -0.0115222 0.0131962)
(0.00411133 -0.00769771 0.0118537)
(0.00551816 -0.00988376 0.0122992)
(0.00457568 -0.00894574 0.0114729)
(0.00550097 -0.0107982 0.0130301)
(0.00405821 -0.00684874 0.0113232)
(0.00489234 -0.00841257 0.0119728)
(0.0147713 -0.00504227 0.00515064)
(0.0147242 -0.00635416 0.00400028)
(0.0136778 -0.00814645 0.00294451)
(0.014553 -0.00664692 0.00382784)
(0.0139613 -0.00897543 0.00217213)
(0.0130865 -0.00983517 0.00260979)
(0.0134496 -0.0101324 0.00252595)
(0.0143003 -0.00681512 0.00381361)
(0.014749 -0.00605999 0.00447609)
(0.0146096 -0.00551113 0.00461729)
(0.0152183 -0.00653344 0.00419035)
(0.0149412 -0.00566107 0.00499268)
(0.0148189 -0.00619464 0.00431819)
(0.0103328 -0.0124945 0.00160516)
(0.00982542 -0.0119505 0.00183334)
(0.010535 -0.0105926 0.00140922)
(0.0101403 -0.0118808 0.00167816)
(0.0133323 -0.00815535 0.0030437)
(0.0116503 -0.010403 0.0018306)
(0.0125812 -0.00874635 0.0025712)
(0.0118798 -0.00915177 0.00184695)
(0.0125978 -0.00891615 0.0026091)
(0.0128827 -0.0100971 0.00316297)
(0.0123424 -0.0112632 0.00180269)
(0.0136306 -0.00851354 0.00304674)
(0.0129196 -0.00938891 0.00254361)
(0.0141471 -0.00774875 0.0035026)
(0.0143783 -0.00860101 0.00380657)
(0.014602 -0.00708233 0.00386073)
(0.0147854 -0.00756121 0.004144)
(0.0140598 -0.00795191 0.00342379)
(0.0120211 -0.0116915 0.00245038)
(0.0102774 -0.0126202 0.00217164)
(0.0122942 -0.011272 0.00168586)
(0.0123474 -0.010652 0.00228181)
(0.0116808 -0.0120582 0.00123317)
(0.0122868 -0.0104245 0.00218627)
(0.0111231 -0.0117436 0.00165788)
(0.0119038 -0.0114194 0.00229536)
(0.00830506 -0.00217998 0.00989951)
(0.00926663 -0.00148419 0.0093335)
(0.0038746 -0.00310306 0.0111379)
(0.00441194 -0.00252811 0.0106708)
(0.00491739 -0.00194267 0.0103419)
(0.00577349 -0.0016501 0.0103202)
(0.00719936 -0.0012486 0.00986203)
(0.00633394 -0.00122193 0.00978453)
(0.00759988 -0.00165216 0.00999033)
(0.00805957 -0.00121928 0.00949629)
(0.00490803 -0.00230879 0.01046)
(0.00582585 -0.00169059 0.0101527)
(0.0151636 -0.015881 0.0152236)
(0.0105627 -0.0133155 0.0133657)
(0.0140188 -0.015538 0.0147514)
(0.0119569 -0.0147828 0.014054)
(-0.00313627 -0.0147472 0.00211945)
(-0.00280552 -0.0142342 0.0022387)
(-0.00145609 -0.0136589 0.00138282)
(-0.00168949 -0.0142173 0.00167885)
(-0.000989284 -0.0136588 0.000929976)
(-0.00237911 -0.0135945 0.00122244)
(-0.00841452 -0.0146631 0.00599645)
(-0.00490414 -0.0134263 0.00239154)
(-0.00633903 -0.0134968 0.00420955)
(-0.00741148 -0.014184 0.00452578)
(-0.00460896 -0.0134947 0.00219883)
(-0.00892055 -0.0133347 0.00668194)
(-0.00818149 -0.0141203 0.0059947)
(-0.00941439 -0.0134943 0.00684429)
(-0.00890063 -0.0132752 0.00548474)
(-0.00715014 -0.0145139 0.00407183)
(-0.00591416 -0.0136293 0.00334903)
(-0.00783536 -0.0138344 0.00428128)
(-0.00797823 -0.0135772 0.00446456)
(-0.00515065 -0.0127682 0.00225434)
(-0.0069344 -0.0127121 0.00350028)
(-0.00582041 -0.0132508 0.00344827)
(-0.00740593 -0.0129732 0.00357481)
(-0.00504504 -0.0161985 0.00636796)
(-0.00372116 -0.0163549 0.00444756)
(-0.00431752 -0.0176218 0.00599898)
(-0.00274906 -0.0166514 0.00325712)
(-0.00235266 -0.0161211 0.00355077)
(-0.00482103 -0.0102825 0.00243249)
(-0.00405638 -0.00979268 0.00215812)
(-0.0017346 -0.00924075 0.00191803)
(-0.00309358 -0.00961833 0.00247595)
(-0.00289282 -0.00974286 0.00174924)
(-0.00111711 -0.00787336 0.00180564)
(0.00486396 -0.0105192 0.0118952)
(0.00463794 -0.00991901 0.011996)
(0.00524829 -0.0129598 0.0149108)
(0.00323544 -0.0039415 0.0107651)
(0.00330891 -0.002953 0.00960841)
(0.00309385 -0.0045325 0.0105209)
(0.00338669 -0.00602536 0.0110464)
(0.0133252 -0.0154245 -0.00187192)
(0.0121175 -0.0154815 -0.00257266)
(0.0133089 -0.0106639 0.00140568)
(0.0131866 -0.0117068 0.000503195)
(0.0130453 -0.0123873 -0.000441641)
(0.0139806 -0.011107 0.000106797)
(0.0143724 -0.0140732 -0.00115685)
(0.0146355 -0.0127852 -0.00124609)
(0.0106055 -0.0117453 0.000567543)
(0.009908 -0.0130381 0.000990808)
(0.0121071 -0.0134247 -0.000528951)
(0.0105486 -0.0132958 -0.0012666)
(0.00945107 -0.0140597 -0.000419578)
(0.0100644 -0.0144079 -2.88565e-05)
(0.013466 -0.00463434 0.00583527)
(0.0138126 -0.00480278 0.00567969)
(0.0137904 -0.00728913 0.00344561)
(0.0143395 -0.00661735 0.00395097)
(0.0142233 -0.00579347 0.0047625)
(0.0138761 -0.0055914 0.00508708)
(0.0130743 -0.00704279 0.00424545)
(0.0127493 -0.00606294 0.00482224)
(0.0128811 -0.0053149 0.00564022)
(0.0132896 -0.00546259 0.00527308)
(0.0128956 -0.00790905 0.00316617)
(0.0124521 -0.00750812 0.00320446)
(0.0135325 -0.00700283 0.00353538)
(0.0135003 -0.0064544 0.00440535)
(0.0128017 -0.00692945 0.00386033)
(0.0133174 -0.00631735 0.00452842)
(0.00371571 -0.0126639 5.04512e-05)
(0.00445381 -0.0126791 0.000344727)
(0.00677698 -0.0113604 0.00045756)
(0.00690654 -0.0101948 0.000678603)
(0.00661632 -0.00978883 0.000673982)
(0.00609217 -0.0118036 0.000272517)
(0.00450158 -0.00960254 0.000720178)
(0.00385763 -0.0101467 0.000340419)
(0.00350217 -0.0115923 0.00046242)
(0.00397747 -0.0117433 0.000462159)
(0.00130264 -0.0163907 0.00427308)
(0.00270337 -0.0154237 0.00305986)
(0.00174574 -0.0161774 0.0040762)
(0.00577543 -0.0158565 0.00285741)
(0.00550668 -0.0147877 0.00236184)
(0.0048772 -0.0158022 0.00225005)
(0.000201792 -0.0171239 0.00451387)
(0.00170042 -0.0144613 0.00166623)
(0.00077867 -0.0159664 0.00243951)
(0.00107866 -0.0157994 0.00168878)
(0.00437195 -0.0136713 0.00133283)
(0.00253992 -0.0139219 0.000821478)
(-0.00310018 -0.0159362 0.0257773)
(-0.00142889 -0.0165677 0.0246684)
(-0.00176742 -0.0185547 0.0273629)
(-0.00223058 -0.0152743 0.024189)
(-0.00214217 -0.0226148 0.0243075)
(0.00256666 -0.00625554 0.0117549)
(0.00305061 -0.00844321 0.0117501)
(0.00239916 -0.00521116 0.0106012)
(0.0026848 -0.00511457 0.010507)
(0.00678299 -0.00772641 0.0132518)
(0.00647284 -0.00733101 0.0149903)
(0.0076493 -0.00717984 0.013588)
(0.00525627 -0.00826138 0.0168456)
(0.00551147 -0.00830952 0.0154263)
(0.00712539 -0.00728515 0.0119933)
(0.00495912 -0.00844162 0.0184122)
(0.00690683 -0.00676649 0.0143651)
(0.00661145 -0.0075395 0.0164563)
(0.0113668 -0.00751849 0.00413826)
(0.011129 -0.00769312 0.0043386)
(0.00950364 -0.00813562 0.00293147)
(0.00835962 -0.00813772 0.0037592)
(0.00753069 -0.00776367 0.00268854)
(0.00803807 -0.00804682 0.00263237)
(0.00938306 -0.00804875 0.00301397)
(0.00968775 -0.00787484 0.00359072)
(0.0100888 -0.00803662 0.00370739)
(0.00954193 -0.00573605 0.00952597)
(0.010515 -0.00496907 0.00846174)
(0.0110412 -0.00621244 0.00699415)
(0.0120757 -0.00380907 0.00741183)
(0.0109185 -0.00249637 0.00845139)
(0.0118246 -0.00320483 0.00809936)
(0.0098011 -0.00193798 0.00893568)
(0.00961264 -0.00212173 0.00953642)
(0.0107068 -0.00251249 0.0088053)
(0.0121553 -0.00532541 0.0069671)
(0.0114584 -0.00490629 0.00709671)
(0.00960712 -0.00267973 0.00971518)
(0.0101472 -0.00267713 0.00944758)
(0.010078 -0.00325766 0.00934588)
(0.0109643 -0.00349358 0.00868974)
(0.005794 -0.00412707 0.0134114)
(0.006967 -0.00452922 0.0131326)
(0.00713718 -0.00393427 0.0120767)
(0.00688896 -0.00390812 0.0129038)
(0.00372169 -0.00615196 0.0154512)
(0.00624484 -0.0044134 0.0130654)
(0.001233 -0.0112911 0.0163068)
(0.000349272 -0.0137909 0.019002)
(0.00342333 -0.00528815 0.0138122)
(0.00181713 -0.00822747 0.0162292)
(0.00202351 -0.00678143 0.013838)
(0.00144579 -0.00868451 0.0147944)
(0.00269108 -0.00641424 0.0145391)
(0.00169973 -0.00922108 0.0161613)
(0.000899113 -0.00985826 0.0167269)
(0.000387549 -0.0118077 0.0178753)
(0.000350008 -0.0128469 0.0190261)
(-0.000679487 -0.0157155 0.0200626)
(0.00541216 -0.0228622 0.021333)
(0.00484935 -0.0252181 0.0261017)
(0.00424119 -0.0243069 0.023047)
(0.00520975 -0.0232421 0.0211892)
(0.00565633 -0.0236033 0.0244933)
(0.00560032 -0.0232626 0.0227085)
(0.00467823 -0.0258608 0.0239168)
(0.00449326 -0.000893216 0.00923403)
(-0.00859254 -0.0104646 0.0206411)
(-0.00787845 -0.0112194 0.0222552)
(-0.00723817 -0.0148652 0.0108895)
(-0.00763409 -0.0145979 0.0095782)
(-0.00764976 -0.0147013 0.010862)
(-0.00740063 -0.0162573 0.0106439)
)
;
    }
    INLET
    {
        type            calculated;
        value           nonuniform 0();
    }
    OUTLET
    {
        type            calculated;
        value           nonuniform 0();
    }
    procBoundary19to18
    {
        type            processor;
        value           uniform (0 0 0);
    }
    procBoundary19to27
    {
        type            processor;
        value           uniform (0 0 0);
    }
}


// ************************************************************************* //
