/*--------------------------------*- C++ -*----------------------------------*\
| =========                 |                                                 |
| \\      /  F ield         | OpenFOAM: The Open Source CFD Toolbox           |
|  \\    /   O peration     | Version:  v1612+                                |
|   \\  /    A nd           | Web:      www.OpenFOAM.com                      |
|    \\/     M anipulation  |                                                 |
\*---------------------------------------------------------------------------*/
FoamFile
{
    version     2.0;
    format      ascii;
    class       volVectorField;
    location    "200";
    object      wallShearStress;
}
// * * * * * * * * * * * * * * * * * * * * * * * * * * * * * * * * * * * * * //

dimensions      [0 2 -2 0 0 0 0];

internalField   uniform (0 0 0);

boundaryField
{
    WALL
    {
        type            calculated;
        value           nonuniform List<vector> 
1517
(
(0.00458458 -0.00582617 0.0102482)
(0.00450842 -0.00551948 0.0102334)
(0.00465677 -0.00547725 0.0104789)
(0.00494101 -0.0057853 0.0110564)
(0.00433514 -0.00582397 0.0100042)
(0.00508912 -0.00577576 0.0112832)
(0.00489865 -0.00560218 0.010541)
(0.00462927 -0.00525006 0.00998482)
(0.00463384 -0.00553223 0.0103381)
(0.00412063 -0.00547047 0.00997422)
(0.00478935 -0.00574566 0.0105476)
(0.00480036 -0.0056376 0.0105352)
(0.00485947 -0.0060784 0.0111387)
(0.0046712 -0.00565963 0.0107205)
(0.00431192 -0.00536593 0.00988729)
(0.00476973 -0.00545379 0.0104273)
(0.00475555 -0.00559463 0.0105568)
(0.00458422 -0.00592775 0.010654)
(0.00512103 -0.00541975 0.0109954)
(0.00437314 -0.00578967 0.0106273)
(0.00464096 -0.00566779 0.0104949)
(0.00447931 -0.00571444 0.0104375)
(0.00484123 -0.0053322 0.0103336)
(0.00437948 -0.00546795 0.0100398)
(0.00515724 -0.00570948 0.0111935)
(0.00478712 -0.00533822 0.010459)
(0.00476861 -0.00568572 0.01074)
(0.00484099 -0.0060033 0.0108445)
(0.00452136 -0.00526874 0.00989201)
(0.00469367 -0.0055045 0.0103957)
(0.00451295 -0.005239 0.00973422)
(0.004407 -0.00550211 0.0101228)
(0.00442105 -0.00591252 0.0112911)
(0.00469655 -0.00577458 0.010699)
(0.00460211 -0.00585363 0.0104426)
(0.00456295 -0.005599 0.0103447)
(0.00470218 -0.00569432 0.0103872)
(0.0046781 -0.00578515 0.0105188)
(0.00483926 -0.00549067 0.0106856)
(0.00489479 -0.00547267 0.0107848)
(0.00489543 -0.00525166 0.010192)
(0.00466542 -0.00541928 0.0101391)
(0.00472998 -0.00592007 0.0106216)
(0.00483004 -0.00559382 0.0105636)
(0.00488978 -0.00566445 0.0106628)
(0.00478005 -0.00573779 0.0105673)
(0.00441731 -0.00558836 0.0102281)
(0.0046942 -0.00551556 0.0102843)
(0.00477627 -0.00580466 0.0108901)
(0.00475249 -0.00517472 0.0103656)
(0.00438782 -0.00529549 0.00980277)
(0.00473297 -0.00549171 0.0102264)
(0.00460634 -0.00538709 0.0100487)
(0.0045881 -0.0054259 0.0101447)
(0.00462625 -0.00537643 0.0100554)
(0.00462532 -0.00532809 0.0100258)
(0.00518249 -0.00650536 0.0112482)
(0.00547483 -0.00645008 0.0117024)
(0.00441972 -0.0055239 0.0104007)
(0.00449605 -0.00556034 0.0103376)
(0.00424866 -0.00536437 0.0101103)
(0.00456628 -0.00564356 0.0104065)
(0.00450171 -0.00555934 0.0101521)
(0.00443804 -0.00546863 0.0102782)
(0.00493215 -0.00571215 0.0107592)
(0.00471257 -0.00544036 0.010179)
(0.00470173 -0.00551593 0.0102635)
(0.00480004 -0.00529587 0.0101518)
(0.00465192 -0.00553149 0.0102858)
(0.0045637 -0.00550829 0.0101167)
(0.00460799 -0.00559203 0.0103667)
(0.0045036 -0.00572859 0.01028)
(0.00485507 -0.00575885 0.0106117)
(0.00464098 -0.00538979 0.0101878)
(0.00471106 -0.0057409 0.0104876)
(0.0043546 -0.00563434 0.0100487)
(0.00452789 -0.0053267 0.0100428)
(0.0046204 -0.0056293 0.0104151)
(0.00464294 -0.00574795 0.0105158)
(0.00473878 -0.00561166 0.0103109)
(0.00488512 -0.00576785 0.0106324)
(0.00465502 -0.0055668 0.0102805)
(0.00474549 -0.00559615 0.0103415)
(0.00446552 -0.00561777 0.0104281)
(0.00474095 -0.00563571 0.0108712)
(0.00518738 -0.00593564 0.0107825)
(0.00487473 -0.00583667 0.0103689)
(0.00456123 -0.00565821 0.0104134)
(0.0047584 -0.00569531 0.0106826)
(0.00454406 -0.0054337 0.0105472)
(0.00440357 -0.00586441 0.0102251)
(0.00466877 -0.00531868 0.0106838)
(0.00459778 -0.00558202 0.0103264)
(0.0047132 -0.0056508 0.0109322)
(0.00466352 -0.00572323 0.0104036)
(0.00475166 -0.00568419 0.010398)
(0.00457699 -0.00557964 0.0103847)
(0.00458504 -0.00564564 0.0101915)
(0.0047082 -0.00561801 0.0103606)
(0.00471405 -0.00567732 0.0104376)
(0.00508949 -0.00585439 0.0112501)
(0.00504017 -0.00606392 0.0107519)
(0.00494828 -0.00585743 0.0110535)
(0.00503998 -0.00613177 0.0113615)
(0.00475472 -0.00565741 0.0107973)
(0.00503957 -0.00599327 0.011174)
(0.0050644 -0.00591985 0.0116958)
(0.00478124 -0.00565287 0.011128)
(0.00495942 -0.00614842 0.0111237)
(0.00469207 -0.00550739 0.0105107)
(0.00513993 -0.00608999 0.0109056)
(0.00516916 -0.00621706 0.0107214)
(0.00485747 -0.0058676 0.0106217)
(0.00457829 -0.0056735 0.0106666)
(0.00459822 -0.0054749 0.0109778)
(0.0046928 -0.00594458 0.0106554)
(0.00483072 -0.00585738 0.0109218)
(0.00480066 -0.00584013 0.010932)
(0.00457829 -0.00560237 0.0103184)
(0.00488554 -0.00645353 0.0111956)
(0.00478025 -0.0059164 0.0108793)
(0.00483031 -0.00589318 0.0105951)
(0.00472526 -0.0058252 0.0104319)
(0.00464653 -0.005844 0.0107479)
(0.00464521 -0.0058033 0.0104345)
(0.00451572 -0.00532848 0.00999622)
(0.00466526 -0.00563714 0.0104865)
(0.00465735 -0.00548946 0.0102764)
(0.00477658 -0.00567415 0.0105543)
(0.00454289 -0.0056351 0.0103416)
(0.00485002 -0.00549009 0.0104019)
(0.00420793 -0.0057474 0.00982937)
(0.00444011 -0.00589959 0.0102879)
(0.00468122 -0.00552126 0.0104152)
(0.00455339 -0.00577098 0.0106635)
(0.00456576 -0.00545261 0.010212)
(0.00451263 -0.00551093 0.0104609)
(0.00451463 -0.00547666 0.0100471)
(0.00455245 -0.00588056 0.0107818)
(0.00463021 -0.00545231 0.010163)
(0.00460671 -0.00536223 0.00991837)
(0.00459192 -0.00560264 0.0103147)
(0.00448572 -0.00560366 0.0103301)
(0.00442167 -0.00525109 0.00974585)
(0.00467367 -0.005596 0.0101518)
(0.00465607 -0.00535643 0.0100865)
(0.00466596 -0.00551517 0.0101173)
(0.00457747 -0.00537162 0.0101008)
(0.0046982 -0.00514155 0.00996139)
(0.00485077 -0.00539898 0.0104236)
(0.00441214 -0.00535688 0.00993533)
(0.00436906 -0.00563811 0.0103774)
(0.0056525 -0.00624143 0.0118035)
(0.00519579 -0.00575935 0.0108247)
(0.00527396 -0.00607716 0.0115019)
(0.00425196 -0.00565803 0.0102694)
(0.00463108 -0.00593608 0.0106591)
(0.00462451 -0.0057281 0.0101901)
(0.00485784 -0.00568529 0.0112573)
(0.00443896 -0.00558158 0.0101407)
(0.00411419 -0.00559933 0.0097115)
(0.00436576 -0.00576574 0.0102629)
(0.00473535 -0.00565106 0.0104817)
(0.0042048 -0.00561215 0.0101733)
(0.00511091 -0.00544153 0.0114838)
(0.00443004 -0.00604985 0.0105377)
(0.00442722 -0.00524292 0.00975815)
(0.00440761 -0.00602958 0.00981442)
(0.00414479 -0.00554643 0.00967441)
(0.00507957 -0.00530809 0.0105808)
(0.00496026 -0.00544707 0.0111075)
(0.00474675 -0.00556934 0.0106182)
(0.00479279 -0.00550491 0.0106166)
(0.00465068 -0.0054143 0.0103102)
(0.00479453 -0.00550601 0.0107001)
(0.00464933 -0.00563174 0.0104163)
(0.004682 -0.00561529 0.0105572)
(0.00464287 -0.00546126 0.0103878)
(0.0045381 -0.00544227 0.0101166)
(0.00461812 -0.00535062 0.010233)
(0.0045189 -0.00548972 0.0102292)
(0.00467057 -0.00534215 0.0103234)
(0.00454319 -0.00526996 0.0100006)
(0.00443267 -0.00586024 0.0102542)
(0.00439012 -0.00563034 0.00999341)
(0.00474212 -0.00543103 0.0102267)
(0.00453698 -0.00577464 0.0105888)
(0.00459261 -0.00566182 0.0102562)
(0.004729 -0.00548061 0.0105103)
(0.00474781 -0.00568963 0.0107928)
(0.00481166 -0.00589042 0.0107519)
(0.00461596 -0.00584902 0.0102311)
(0.00468436 -0.00577279 0.0104702)
(0.00492953 -0.00591069 0.0108859)
(0.00449526 -0.00607491 0.010519)
(0.00494831 -0.00590623 0.0110426)
(0.00477947 -0.00595546 0.010858)
(0.00480227 -0.00577808 0.0107925)
(0.00473989 -0.00572029 0.0108367)
(0.0048759 -0.00621321 0.010884)
(0.00470114 -0.00589825 0.0105103)
(0.00478346 -0.00575839 0.0107876)
(0.00481839 -0.00566357 0.0108556)
(0.00478682 -0.005773 0.0105866)
(0.00466831 -0.00575646 0.0107832)
(0.00488112 -0.00578926 0.0108296)
(0.0045489 -0.00548829 0.0101414)
(0.00469237 -0.005883 0.0106481)
(0.00522755 -0.0063243 0.0115447)
(0.00510105 -0.00594073 0.011212)
(0.00505561 -0.00586358 0.0108546)
(0.00476848 -0.0059158 0.0110528)
(0.004829 -0.00577403 0.0109547)
(0.00480343 -0.00587945 0.0107086)
(0.00473773 -0.00551742 0.0104729)
(0.00475037 -0.00581087 0.0109093)
(0.00478785 -0.00580321 0.0104785)
(0.00478878 -0.005847 0.0107587)
(0.00478824 -0.0056388 0.0109888)
(0.00515984 -0.00612695 0.0109798)
(0.00509132 -0.00599604 0.0109145)
(0.00519684 -0.00609953 0.0108705)
(0.00473563 -0.00566121 0.0104983)
(0.00463937 -0.00565302 0.0104596)
(0.00481982 -0.00577007 0.0102512)
(0.00499182 -0.00593309 0.0103769)
(0.004547 -0.00560512 0.0102456)
(0.0048438 -0.00596626 0.0107991)
(0.00512078 -0.00609564 0.0109657)
(0.00472235 -0.00578735 0.0106233)
(0.00463765 -0.00529792 0.0109661)
(0.00511532 -0.0060597 0.0110153)
(0.00527663 -0.00631506 0.0111242)
(0.00510693 -0.00617643 0.0107234)
(0.00469439 -0.0060986 0.00995385)
(0.00453535 -0.00529789 0.00990669)
(0.00529711 -0.00596886 0.0114048)
(0.0048323 -0.00569586 0.0111151)
(0.00441278 -0.00567925 0.0101816)
(0.00446051 -0.0051745 0.0100524)
(0.00433519 -0.00525849 0.0103245)
(0.00458501 -0.00542875 0.00991821)
(0.00521928 -0.0060602 0.0104547)
(0.00434223 -0.00542179 0.0102941)
(0.00492278 -0.00580163 0.0105271)
(0.00451925 -0.00540383 0.00957604)
(0.00460877 -0.00530973 0.00986703)
(0.00436791 -0.00536551 0.00989518)
(0.00458896 -0.00541263 0.0101577)
(0.00469001 -0.00557997 0.0102515)
(0.00467295 -0.00540922 0.00994816)
(0.00462143 -0.00542222 0.0101239)
(0.00464276 -0.00564135 0.0104113)
(0.00450546 -0.00521406 0.00985293)
(0.00426478 -0.00585641 0.0102288)
(0.00437741 -0.00575919 0.0106544)
(0.00481547 -0.00559345 0.0102218)
(0.00463874 -0.00572201 0.0109771)
(0.0048919 -0.00608108 0.0109717)
(0.00454236 -0.00560439 0.0100541)
(0.00497893 -0.00569292 0.0104664)
(0.00460664 -0.00590552 0.0108007)
(0.00515755 -0.00584701 0.0107465)
(0.00503494 -0.00611608 0.0109133)
(0.00458701 -0.00565817 0.010339)
(0.00468668 -0.00571443 0.0104301)
(0.00482969 -0.00570324 0.0102128)
(0.00462 -0.00563446 0.010345)
(0.00453431 -0.00527457 0.00976755)
(0.00436078 -0.00563323 0.0103392)
(0.00483745 -0.00551903 0.0102874)
(0.00439555 -0.0053986 0.0100189)
(0.00428315 -0.00530166 0.0100859)
(0.00454057 -0.00547585 0.0102711)
(0.00453843 -0.00564212 0.0107654)
(0.00462722 -0.00561404 0.0103601)
(0.00440427 -0.00550174 0.0103105)
(0.00451542 -0.00533536 0.0100542)
(0.00464628 -0.00564812 0.0103488)
(0.00437415 -0.00537837 0.0101683)
(0.0043188 -0.00513967 0.0100217)
(0.00428033 -0.00531843 0.0101569)
(0.00500382 -0.00597615 0.0104288)
(0.00502113 -0.00635405 0.0106976)
(0.00453418 -0.00600763 0.0102404)
(0.0042197 -0.00556731 0.0108061)
(0.004627 -0.00529784 0.010476)
(0.00500682 -0.00635307 0.010589)
(0.00439964 -0.0050142 0.00969339)
(0.00444815 -0.00518188 0.00979842)
(0.00430191 -0.00518452 0.00994003)
(0.00451241 -0.00541564 0.00994817)
(0.00417586 -0.00478604 0.00950573)
(0.00463758 -0.00554237 0.00998715)
(0.00465302 -0.0058697 0.0103824)
(0.00474044 -0.00596901 0.0105944)
(0.00444484 -0.00549661 0.0103793)
(0.00499167 -0.00625178 0.0108685)
(0.00454545 -0.00558005 0.010246)
(0.00491972 -0.00600664 0.0105643)
(0.00462045 -0.00548373 0.00993545)
(0.00467495 -0.00566644 0.0103247)
(0.00457383 -0.00555099 0.0102846)
(0.00480768 -0.00592349 0.0105465)
(0.00492911 -0.00609288 0.0108121)
(0.00459468 -0.00564779 0.0103353)
(0.00453756 -0.00518593 0.0101671)
(0.00453119 -0.00555229 0.0106246)
(0.00440055 -0.00537182 0.00998864)
(0.00464714 -0.00562757 0.00985881)
(0.00478559 -0.00550283 0.0105638)
(0.0044414 -0.00527505 0.00971605)
(0.00454801 -0.00542987 0.0106467)
(0.00447992 -0.00559181 0.0101536)
(0.00450005 -0.00520328 0.0102735)
(0.00453849 -0.00529136 0.0103182)
(0.00449254 -0.00523172 0.00998437)
(0.00456091 -0.00552074 0.0102433)
(0.0043675 -0.00569124 0.00972183)
(0.00482422 -0.005483 0.0105503)
(0.00467688 -0.00565512 0.0104247)
(0.00475091 -0.0053651 0.0102948)
(0.00464995 -0.00557644 0.0104652)
(0.00470843 -0.00565747 0.0107759)
(0.00464966 -0.00514787 0.00998701)
(0.00464903 -0.00546894 0.0105612)
(0.00457559 -0.00555085 0.0101352)
(0.0046804 -0.00583113 0.0106154)
(0.00450428 -0.0057133 0.0101471)
(0.00493944 -0.00553922 0.0106668)
(0.00477086 -0.00581297 0.0106477)
(0.00485494 -0.00524542 0.0106348)
(0.00500055 -0.00557398 0.0107588)
(0.00460152 -0.00572332 0.0105949)
(0.00452326 -0.00586185 0.0100602)
(0.00466558 -0.00541027 0.0106326)
(0.00429554 -0.00530676 0.00983007)
(0.0045323 -0.00575345 0.00999671)
(0.00456259 -0.00576847 0.0101998)
(0.00446192 -0.00549789 0.0101935)
(0.00438756 -0.00559809 0.00961989)
(0.00457534 -0.00566583 0.0102447)
(0.0045804 -0.00609715 0.0103531)
(0.00478939 -0.00638029 0.0108126)
(0.00499011 -0.00585097 0.0112426)
(0.00470154 -0.00522078 0.0106233)
(0.00462118 -0.00528202 0.0100938)
(0.0048897 -0.00616435 0.0113828)
(0.00462447 -0.00567141 0.0101884)
(0.00448865 -0.00508617 0.0100791)
(0.00424882 -0.00519076 0.00992983)
(0.00472815 -0.0059539 0.0109186)
(0.00433201 -0.00506015 0.0106449)
(0.00429662 -0.00484116 0.00977297)
(0.00416126 -0.00485094 0.0100594)
(0.00469992 -0.00590867 0.010523)
(0.00480563 -0.00567108 0.0104896)
(0.00440506 -0.00510195 0.0103907)
(0.00434967 -0.00532126 0.0096618)
(0.00420834 -0.00529046 0.0095317)
(0.00425497 -0.00527219 0.0109852)
(0.00465722 -0.0057999 0.0102341)
(0.00439905 -0.0056873 0.0102164)
(0.00443064 -0.0055394 0.00967336)
(0.00434052 -0.0055115 0.0111367)
(0.0043292 -0.00532052 0.00968696)
(0.00506701 -0.00605968 0.0106168)
(0.00469457 -0.00562194 0.0106584)
(0.00439987 -0.00536684 0.0100299)
(0.00467178 -0.00540337 0.0104521)
(0.00450622 -0.00533999 0.0102386)
(0.00471524 -0.00595629 0.0108953)
(0.00456469 -0.00578984 0.0104164)
(0.00455775 -0.00559015 0.0105676)
(0.00463877 -0.00590982 0.0105288)
(0.00465988 -0.00581486 0.0109552)
(0.00458358 -0.00551446 0.0104472)
(0.00449281 -0.00545995 0.0102989)
(0.00469483 -0.00595291 0.0104512)
(0.00464266 -0.00585672 0.0105808)
(0.00477861 -0.00574069 0.0108882)
(0.00488066 -0.00588214 0.0111)
(0.00467092 -0.00574706 0.0106685)
(0.00471368 -0.0057348 0.0107125)
(0.00431489 -0.00516166 0.00939674)
(0.00462192 -0.00521662 0.0101516)
(0.00449223 -0.00539879 0.00943065)
(0.00456906 -0.00495672 0.0100499)
(0.00467924 -0.00535275 0.0103604)
(0.00474684 -0.00506602 0.0104725)
(0.00471936 -0.00567265 0.0103747)
(0.0047129 -0.00557968 0.0103651)
(0.00474615 -0.00574421 0.0105223)
(0.00477929 -0.00561986 0.0104279)
(0.00465748 -0.00568387 0.0104094)
(0.00455545 -0.00571141 0.0104484)
(0.00464569 -0.00565867 0.0104911)
(0.00486635 -0.00556511 0.01046)
(0.00466772 -0.00558049 0.0102939)
(0.00491701 -0.00565902 0.0105333)
(0.00506261 -0.00583654 0.0109798)
(0.0047666 -0.00568157 0.0103801)
(0.00470242 -0.00571445 0.0106292)
(0.00497183 -0.00608519 0.0111451)
(0.00450835 -0.00571807 0.0107219)
(0.00463559 -0.00565103 0.0103896)
(0.00452606 -0.00548542 0.0106465)
(0.00474361 -0.00594029 0.0108238)
(0.00470015 -0.00564539 0.0100343)
(0.00431699 -0.00545922 0.0102456)
(0.00470069 -0.00562345 0.010543)
(0.00478221 -0.00579218 0.0106258)
(0.00479138 -0.0058247 0.0104352)
(0.00477961 -0.00579679 0.0104554)
(0.00487348 -0.00578044 0.0107908)
(0.00502339 -0.00588118 0.0110925)
(0.00502363 -0.0059073 0.0111624)
(0.0049658 -0.00578162 0.0108607)
(0.00502593 -0.00575977 0.0107936)
(0.00504304 -0.00581464 0.0108792)
(0.00512232 -0.00598128 0.0110667)
(0.00478757 -0.00561984 0.0103611)
(0.00485566 -0.00562427 0.0103646)
(0.00517094 -0.00587199 0.0107691)
(0.00500099 -0.00566144 0.01033)
(0.00469127 -0.00579127 0.0105558)
(0.00475353 -0.00562759 0.0105464)
(0.00465614 -0.005885 0.0105364)
(0.00447831 -0.00538833 0.00999803)
(0.00431092 -0.00555928 0.0101061)
(0.00474855 -0.00529226 0.00997273)
(0.00469196 -0.00552954 0.0103685)
(0.0046179 -0.00534475 0.0101992)
(0.00460916 -0.0059299 0.0106499)
(0.00461966 -0.0056832 0.0104541)
(0.00451429 -0.00565384 0.0105357)
(0.00463558 -0.00570562 0.0105816)
(0.00455122 -0.00572918 0.0103823)
(0.00448013 -0.00581606 0.0106763)
(0.00459872 -0.0057246 0.0106859)
(0.00446739 -0.00545311 0.0101354)
(0.0045366 -0.00558012 0.0104352)
(0.00438802 -0.00541434 0.0103315)
(0.00450697 -0.00560619 0.0104646)
(0.00469283 -0.00571051 0.0106314)
(0.00463392 -0.00546658 0.0101016)
(0.00450234 -0.00554378 0.0103593)
(0.00436916 -0.00561712 0.0103313)
(0.00475744 -0.00572128 0.01071)
(0.00442001 -0.00541976 0.0100663)
(0.00438821 -0.00559218 0.0103029)
(0.00452518 -0.00568608 0.0104602)
(0.00439248 -0.00556904 0.0101192)
(0.00451213 -0.00563392 0.0103911)
(0.00453167 -0.00546214 0.0100985)
(0.00433452 -0.00548563 0.0100087)
(0.00433277 -0.00567826 0.0101752)
(0.00485703 -0.00565661 0.0106551)
(0.00455397 -0.00557638 0.0103376)
(0.0046497 -0.00558825 0.0103674)
(0.0047989 -0.00562574 0.0104995)
(0.00444257 -0.00572148 0.0104656)
(0.0046428 -0.00579538 0.0106815)
(0.00439127 -0.00555158 0.0102385)
(0.00446079 -0.00545713 0.00978673)
(0.00430816 -0.00593556 0.0102001)
(0.00446517 -0.00551573 0.0101303)
(0.0044251 -0.0055082 0.0100177)
(0.00490993 -0.00574514 0.0107483)
(0.00494222 -0.00543002 0.0105512)
(0.00461206 -0.00530462 0.0101391)
(0.00496737 -0.00565911 0.0108276)
(0.00487347 -0.00598018 0.0108922)
(0.00511735 -0.00546105 0.0105604)
(0.00449315 -0.0056046 0.010237)
(0.00473512 -0.00560409 0.0105581)
(0.00487852 -0.00600259 0.0109421)
(0.00470183 -0.00567999 0.0105616)
(0.00494368 -0.00542703 0.0105948)
(0.00494959 -0.00572003 0.010629)
(0.00471235 -0.00559824 0.0104136)
(0.00477086 -0.0052327 0.0100672)
(0.00485002 -0.00560559 0.0105056)
(0.00448495 -0.00540024 0.0101025)
(0.004487 -0.00547683 0.0100073)
(0.00478607 -0.00574869 0.0109128)
(0.00455565 -0.00535328 0.0101115)
(0.00468419 -0.00545544 0.0101158)
(0.00477326 -0.00540301 0.0101789)
(0.00474658 -0.00568459 0.0105644)
(0.00410249 -0.00540533 0.0106149)
(0.004339 -0.00534377 0.0103607)
(0.00482165 -0.00566108 0.0102645)
(0.004573 -0.00574546 0.0108441)
(0.00483297 -0.00569974 0.0107761)
(0.00445235 -0.00558955 0.0103152)
(0.0045139 -0.00552835 0.0101012)
(0.00453584 -0.00616406 0.0104239)
(0.004641 -0.00552701 0.0101499)
(0.00507371 -0.00583259 0.0116918)
(0.00499921 -0.00545632 0.0107697)
(0.00495088 -0.00600112 0.0111123)
(0.0052546 -0.00585864 0.0114027)
(0.00493007 -0.00601661 0.0107857)
(0.00491685 -0.00575683 0.0107703)
(0.00469687 -0.00562901 0.0104025)
(0.00452701 -0.00541239 0.0101856)
(0.00518633 -0.00626987 0.0110908)
(0.00494586 -0.00591291 0.0104195)
(0.00500946 -0.0062198 0.0105312)
(0.0046331 -0.00568645 0.0106426)
(0.0048864 -0.00615963 0.0110815)
(0.00485542 -0.00521441 0.0110539)
(0.00470486 -0.00581722 0.0099979)
(0.00467966 -0.00580988 0.0104562)
(0.00488191 -0.00588049 0.0107395)
(0.00494327 -0.005753 0.0105122)
(0.00520331 -0.00607466 0.0109798)
(0.00498494 -0.00576877 0.0108026)
(0.00457339 -0.0054529 0.0105123)
(0.00456723 -0.00541082 0.0101648)
(0.00515488 -0.00536579 0.0110657)
(0.00464141 -0.00585028 0.0106555)
(0.00480106 -0.00573448 0.0105297)
(0.00464134 -0.00615629 0.0108585)
(0.00449772 -0.00557394 0.0100079)
(0.00486568 -0.00559159 0.0106915)
(0.00481702 -0.00564309 0.0105864)
(0.00467215 -0.00579449 0.01061)
(0.00484624 -0.00572265 0.0106079)
(0.00479352 -0.00563914 0.0106469)
(0.00483748 -0.00559743 0.010536)
(0.00463287 -0.00551196 0.0103754)
(0.00481623 -0.00552122 0.0102723)
(0.0046433 -0.00546777 0.0101441)
(0.00476197 -0.00560638 0.0102893)
(0.004874 -0.0058018 0.010801)
(0.00431571 -0.00545066 0.0106277)
(0.00458683 -0.005796 0.0102546)
(0.00461784 -0.00565653 0.0102791)
(0.00433214 -0.00539892 0.00995633)
(0.00451301 -0.00540571 0.0107444)
(0.00462206 -0.00564131 0.0102982)
(0.0052794 -0.00610785 0.0114943)
(0.00520548 -0.00611141 0.0111602)
(0.00440597 -0.00570117 0.0112156)
(0.00456499 -0.00570906 0.0104956)
(0.00484358 -0.00582501 0.0112847)
(0.00469563 -0.00586325 0.0114941)
(0.005359 -0.00617458 0.0115733)
(0.00492082 -0.00583895 0.0106777)
(0.0050855 -0.0058262 0.0109356)
(0.0051784 -0.00592395 0.0109972)
(0.00476593 -0.00576234 0.0105252)
(0.00486728 -0.00606368 0.0110358)
(0.00446017 -0.00523291 0.00973504)
(0.00432827 -0.00532318 0.0104155)
(0.00461516 -0.00555452 0.00997102)
(0.00502309 -0.0055186 0.0109319)
(0.00431931 -0.00548441 0.00969463)
(0.00419584 -0.00497305 0.00946117)
(0.00478422 -0.00587926 0.010492)
(0.00459087 -0.0054689 0.0101622)
(0.00444624 -0.00540719 0.0104522)
(0.00445986 -0.0054248 0.0103631)
(0.00450932 -0.0054273 0.0102296)
(0.0047408 -0.00572884 0.0102295)
(0.00466499 -0.00579136 0.0104426)
(0.00506438 -0.00586868 0.0107227)
(0.00490913 -0.00609167 0.0110499)
(0.00472053 -0.0059431 0.0112082)
(0.00482096 -0.00562837 0.01091)
(0.00480321 -0.00559188 0.0102141)
(0.00462335 -0.00561018 0.010262)
(0.00479832 -0.00565315 0.0100403)
(0.0047374 -0.00562379 0.0102445)
(0.00476377 -0.00576604 0.0104375)
(0.00453167 -0.00531776 0.00976107)
(0.00507871 -0.00603307 0.0107126)
(0.00443138 -0.00550149 0.0100178)
(0.00473846 -0.0056809 0.0100519)
(0.00457254 -0.00542728 0.0101947)
(0.00451413 -0.00533874 0.0101367)
(0.00435366 -0.00544635 0.0101657)
(0.00485654 -0.00608399 0.010812)
(0.00489376 -0.00583867 0.0104904)
(0.0047965 -0.00557385 0.0101782)
(0.00475277 -0.00570953 0.0104468)
(0.00468299 -0.00542427 0.010144)
(0.00478286 -0.00565225 0.0102206)
(0.00467938 -0.0056233 0.0103867)
(0.0046131 -0.005359 0.00992383)
(0.00430022 -0.00568664 0.0106585)
(0.00442133 -0.00552559 0.0104201)
(0.00453824 -0.00551664 0.0101775)
(0.00469921 -0.00556946 0.00993854)
(0.00473173 -0.00579132 0.0103749)
(0.00512314 -0.00581632 0.0109998)
(0.00472491 -0.00536473 0.0102613)
(0.00463928 -0.00552422 0.0104764)
(0.00486292 -0.00618998 0.0105364)
(0.00469776 -0.00598525 0.0105269)
(0.00502224 -0.0059125 0.0108572)
(0.00492501 -0.00588386 0.0109472)
(0.00483268 -0.00576487 0.0104119)
(0.00503068 -0.00577754 0.0111894)
(0.0050163 -0.0059702 0.0111371)
(0.00453009 -0.00547808 0.010879)
(0.00507992 -0.00549861 0.0111895)
(0.00475134 -0.00532359 0.0106294)
(0.00449973 -0.00567966 0.010357)
(0.00485258 -0.00583579 0.0110165)
(0.00490516 -0.00588106 0.0110807)
(0.00480656 -0.00589006 0.0108869)
(0.00510308 -0.006212 0.01155)
(0.00481101 -0.00551381 0.0108362)
(0.00433855 -0.00512979 0.0103121)
(0.00499847 -0.00610279 0.0109435)
(0.00471698 -0.00563339 0.0109708)
(0.00467114 -0.00590486 0.0107102)
(0.00473694 -0.00523182 0.0112987)
(0.00523818 -0.00635049 0.0113787)
(0.00458162 -0.00581069 0.0111583)
(0.00532761 -0.00626377 0.0111799)
(0.00518034 -0.00604829 0.0112229)
(0.00521207 -0.00651589 0.011239)
(0.00484599 -0.0057953 0.01045)
(0.00502534 -0.00601056 0.0109337)
(0.00486911 -0.00577562 0.0106267)
(0.00475634 -0.00581172 0.0106004)
(0.00468757 -0.00536021 0.0100687)
(0.00444776 -0.00555778 0.0102423)
(0.00468156 -0.00535862 0.0101135)
(0.00450246 -0.00574258 0.0104196)
(0.00441474 -0.0055511 0.0103072)
(0.0045644 -0.00538841 0.00999082)
(0.00498783 -0.00616683 0.0112737)
(0.0050195 -0.00664103 0.0111299)
(0.00477104 -0.00603451 0.0112147)
(0.00446491 -0.00540324 0.00977308)
(0.00443592 -0.00512776 0.0106091)
(0.00466265 -0.00630219 0.0105884)
(0.00432446 -0.00544893 0.0100298)
(0.00478221 -0.0055582 0.0104551)
(0.00477813 -0.00547983 0.0104007)
(0.00456462 -0.00543494 0.0103935)
(0.00471294 -0.00555769 0.0104039)
(0.00471478 -0.00525189 0.0100193)
(0.00440717 -0.00549554 0.00999091)
(0.00447976 -0.00557422 0.0100788)
(0.00448615 -0.00536682 0.00999588)
(0.0045833 -0.00553281 0.010182)
(0.00445094 -0.00572574 0.0105376)
(0.00454162 -0.00554352 0.0102292)
(0.00466166 -0.00555837 0.0102069)
(0.00466168 -0.00551863 0.0101233)
(0.00478619 -0.00565524 0.0104446)
(0.00478514 -0.00528203 0.0100385)
(0.0047432 -0.00544574 0.0101858)
(0.0047594 -0.00522887 0.0101178)
(0.00499013 -0.00572082 0.011173)
(0.00466165 -0.00553922 0.00993407)
(0.00497923 -0.00594198 0.0107875)
(0.00490761 -0.00553823 0.0101904)
(0.00470784 -0.00561787 0.0107179)
(0.00439208 -0.0054501 0.0101966)
(0.00468685 -0.00563922 0.0100715)
(0.00465205 -0.00548003 0.00998473)
(0.00479338 -0.00548436 0.010195)
(0.00450665 -0.00549743 0.0100723)
(0.00459804 -0.00570569 0.0110416)
(0.0049382 -0.0058898 0.0104288)
(0.00447308 -0.00541376 0.0102824)
(0.00473224 -0.00571932 0.0101281)
(0.0045787 -0.00552522 0.0102386)
(0.00478318 -0.0057828 0.0112196)
(0.00441889 -0.00514902 0.010178)
(0.00493481 -0.00558402 0.0106928)
(0.00447171 -0.00545742 0.010495)
(0.0045087 -0.00604243 0.00998645)
(0.00442156 -0.00557305 0.0105095)
(0.00462588 -0.00569907 0.0104124)
(0.00460879 -0.00569099 0.0103832)
(0.00445064 -0.00577887 0.0106659)
(0.00472829 -0.00617589 0.0110596)
(0.00503175 -0.00602245 0.0111194)
(0.0051423 -0.00603179 0.011104)
(0.00515599 -0.00590499 0.0107252)
(0.00418877 -0.00512067 0.00972851)
(0.00450963 -0.0055647 0.0103278)
(0.00434152 -0.00532928 0.0103025)
(0.00437041 -0.00546837 0.0100852)
(0.00471217 -0.00563294 0.010351)
(0.00468399 -0.00574432 0.0103929)
(0.00470975 -0.00557611 0.0104096)
(0.00498467 -0.00575464 0.0108698)
(0.00456793 -0.00548523 0.0101645)
(0.00448666 -0.00548202 0.0101501)
(0.00466878 -0.0054091 0.0106039)
(0.00516287 -0.00600163 0.011312)
(0.00474229 -0.00544921 0.010241)
(0.00451203 -0.00534232 0.00997197)
(0.00467808 -0.00549407 0.0101114)
(0.00474553 -0.00559802 0.0103761)
(0.00453742 -0.0054006 0.0100803)
(0.00461555 -0.00552653 0.00990981)
(0.0046892 -0.00569321 0.0103067)
(0.00463054 -0.00566073 0.0101306)
(0.00510096 -0.00682634 0.0111748)
(0.00469624 -0.00543491 0.0111502)
(0.00494034 -0.00562335 0.0110837)
(0.00478603 -0.00625226 0.0108608)
(0.00502993 -0.00620307 0.0110917)
(0.0045209 -0.00557137 0.0107908)
(0.00436628 -0.0050537 0.0100158)
(0.00430958 -0.0053609 0.00976926)
(0.00433061 -0.0056144 0.0101098)
(0.00471763 -0.00609811 0.00996021)
(0.00453796 -0.00609469 0.010096)
(0.00481495 -0.00575536 0.0112599)
(0.00438291 -0.00516685 0.00978062)
(0.00429524 -0.00499041 0.00969845)
(0.00468309 -0.00648406 0.0102603)
(0.00521312 -0.00683821 0.0112508)
(0.00421203 -0.00531352 0.00953615)
(0.00500124 -0.00610762 0.011275)
(0.00496436 -0.00548014 0.0107711)
(0.0048246 -0.00585299 0.0106374)
(0.00467063 -0.00586916 0.0103535)
(0.00455291 -0.00554653 0.0101545)
(0.00469317 -0.00553872 0.010757)
(0.00453922 -0.00578693 0.0100556)
(0.00476295 -0.00560429 0.0107951)
(0.0051394 -0.0057265 0.0111007)
(0.00455012 -0.00538753 0.0101262)
(0.00443981 -0.00543583 0.0101149)
(0.00460761 -0.00562687 0.010218)
(0.00457756 -0.00563832 0.010342)
(0.00492548 -0.00603784 0.0106184)
(0.0048091 -0.00575529 0.0100851)
(0.00497237 -0.00595662 0.0104059)
(0.00455983 -0.005679 0.0104732)
(0.00452453 -0.00553806 0.00999203)
(0.00461097 -0.00525268 0.0104195)
(0.00437829 -0.00549069 0.00988962)
(0.00433855 -0.00549164 0.0101645)
(0.00494139 -0.00582161 0.010485)
(0.00483839 -0.00554868 0.0100985)
(0.00500293 -0.00565519 0.0103517)
(0.00473073 -0.00565907 0.0103317)
(0.00474927 -0.00552617 0.00998112)
(0.00459099 -0.0058215 0.010524)
(0.00480753 -0.00573173 0.0106894)
(0.00465878 -0.00551168 0.0102001)
(0.0045695 -0.005534 0.00995316)
(0.00449175 -0.00565831 0.0107618)
(0.00447311 -0.00552981 0.010313)
(0.00492415 -0.00558966 0.0104178)
(0.00495659 -0.00575331 0.0109218)
(0.00465551 -0.00570457 0.0105401)
(0.0051762 -0.00544976 0.0106833)
(0.00441794 -0.00601593 0.0106915)
(0.00462285 -0.00571208 0.0102292)
(0.00485598 -0.00591744 0.0108866)
(0.00469265 -0.00558789 0.0104526)
(0.00460601 -0.00550932 0.0103874)
(0.0048819 -0.00568328 0.0107579)
(0.00454434 -0.00552078 0.0102386)
(0.00443139 -0.00525314 0.00990954)
(0.00468118 -0.00547084 0.0103349)
(0.00429673 -0.00570396 0.0102264)
(0.00460824 -0.00554511 0.0102728)
(0.00472833 -0.00567462 0.0104977)
(0.00472023 -0.00574443 0.0102895)
(0.005045 -0.00580512 0.010921)
(0.00485667 -0.00568558 0.0106984)
(0.00431216 -0.00576751 0.0102977)
(0.00449091 -0.00547655 0.0101322)
(0.00457929 -0.00542365 0.0100828)
(0.00447439 -0.00537422 0.00990884)
(0.00477669 -0.00554994 0.0105358)
(0.00489396 -0.00553942 0.010276)
(0.00460955 -0.00539827 0.0100204)
(0.00471791 -0.0057687 0.0109503)
(0.00453619 -0.00560659 0.0101848)
(0.00469222 -0.0057267 0.0103638)
(0.00470825 -0.00574886 0.0105871)
(0.00429488 -0.00534267 0.0100061)
(0.00431427 -0.00539688 0.010118)
(0.00439338 -0.00574987 0.0107619)
(0.00444414 -0.00550279 0.0106649)
(0.00446562 -0.00553745 0.0104192)
(0.00480896 -0.0057371 0.0108533)
(0.00489412 -0.00599022 0.0110314)
(0.00475773 -0.00607317 0.0111757)
(0.00474514 -0.0057652 0.0103552)
(0.00499112 -0.00598732 0.0111787)
(0.00460384 -0.00579684 0.0107391)
(0.00460158 -0.00556607 0.0101652)
(0.00445368 -0.00566616 0.0105398)
(0.00457578 -0.00577331 0.0107993)
(0.00492109 -0.00588103 0.0108456)
(0.00422658 -0.00593911 0.0103701)
(0.00419462 -0.00575122 0.0103207)
(0.00463765 -0.00582374 0.0108251)
(0.00486311 -0.00542842 0.0104171)
(0.00460355 -0.0053401 0.0100905)
(0.00448011 -0.00551928 0.0101574)
(0.00453091 -0.005545 0.0102813)
(0.0044047 -0.00554245 0.0101397)
(0.00441687 -0.00578418 0.0104519)
(0.00462389 -0.00558767 0.0104991)
(0.00468203 -0.00564476 0.0104534)
(0.00471767 -0.00593967 0.0106817)
(0.0046918 -0.00575766 0.0104743)
(0.0046893 -0.00546927 0.0103131)
(0.00483209 -0.0056544 0.0105872)
(0.00480939 -0.00555394 0.0104619)
(0.00446372 -0.00521878 0.00985542)
(0.00451836 -0.00541889 0.0101308)
(0.00414629 -0.00591204 0.0100089)
(0.0045402 -0.00556625 0.0102462)
(0.00488413 -0.00564648 0.0105795)
(0.00464884 -0.00554328 0.0101757)
(0.00443288 -0.00550126 0.0100778)
(0.00456985 -0.00563346 0.0102973)
(0.00450671 -0.0054608 0.0100843)
(0.00435593 -0.00539347 0.00990892)
(0.00457818 -0.0052361 0.0102691)
(0.00466879 -0.00558432 0.0105187)
(0.00485858 -0.00559128 0.0105719)
(0.00466931 -0.00526037 0.0102876)
(0.00460762 -0.00554349 0.0103936)
(0.00455037 -0.00551017 0.0101958)
(0.00453643 -0.00540407 0.0101182)
(0.00488612 -0.00572372 0.0108065)
(0.00474817 -0.0057228 0.0104442)
(0.00448864 -0.00564825 0.0103995)
(0.00471768 -0.00559226 0.0104222)
(0.00471409 -0.00558051 0.0102709)
(0.00478006 -0.00566903 0.0105987)
(0.00479325 -0.00560534 0.0103965)
(0.00492125 -0.00567901 0.0105142)
(0.00507025 -0.00570812 0.0108477)
(0.00488191 -0.00564057 0.0105723)
(0.00465264 -0.00578828 0.010856)
(0.00508281 -0.00599887 0.0111904)
(0.00506464 -0.00549482 0.0105269)
(0.00507763 -0.00591962 0.0111188)
(0.00481414 -0.00564463 0.010393)
(0.00503545 -0.00587021 0.0108257)
(0.004766 -0.00570834 0.0104899)
(0.00468447 -0.00594141 0.0108466)
(0.00464908 -0.00540976 0.00993816)
(0.00449344 -0.00542047 0.0101803)
(0.0044706 -0.00551102 0.010392)
(0.00500813 -0.00600881 0.0114667)
(0.00453768 -0.00599488 0.011061)
(0.00436763 -0.00571488 0.0107491)
(0.00460014 -0.00574662 0.0108484)
(0.00462976 -0.00561973 0.0104406)
(0.00468031 -0.00563374 0.0104645)
(0.00458523 -0.00568887 0.010347)
(0.00482566 -0.00509001 0.0106391)
(0.00487122 -0.00552377 0.0108116)
(0.00460793 -0.00576122 0.0103986)
(0.00497641 -0.00616116 0.0113829)
(0.00476517 -0.00619019 0.010763)
(0.00478483 -0.00567244 0.0105881)
(0.00468277 -0.00508003 0.0102813)
(0.00492256 -0.00556693 0.010641)
(0.00456885 -0.00565435 0.0102476)
(0.00476315 -0.00584053 0.0112461)
(0.0044369 -0.00532917 0.010338)
(0.00468202 -0.0057865 0.0107522)
(0.00484547 -0.00585968 0.010883)
(0.00490017 -0.0056243 0.0108593)
(0.00453554 -0.00541105 0.0105574)
(0.00451322 -0.0052744 0.0099332)
(0.00475608 -0.00585831 0.0104891)
(0.00473844 -0.00580655 0.0104642)
(0.00482954 -0.00588928 0.0104358)
(0.00511043 -0.0063901 0.011385)
(0.00475639 -0.00586535 0.0106218)
(0.00471067 -0.00570308 0.0104973)
(0.00486245 -0.0057883 0.0103521)
(0.00442391 -0.00544485 0.00953068)
(0.004551 -0.0053855 0.0105118)
(0.00467579 -0.00548992 0.0102566)
(0.00464928 -0.00580362 0.0105066)
(0.00464356 -0.0058565 0.0108756)
(0.00476451 -0.00565785 0.0108274)
(0.00479076 -0.00597345 0.0108296)
(0.00431629 -0.00535676 0.0102426)
(0.00488894 -0.00617605 0.010688)
(0.00469959 -0.0055972 0.00993308)
(0.00454963 -0.00503665 0.0103268)
(0.00479835 -0.00566055 0.0104914)
(0.00450218 -0.00536594 0.0100291)
(0.00494883 -0.00533314 0.0105411)
(0.0049209 -0.00578789 0.010634)
(0.00473092 -0.00550258 0.0104214)
(0.00462971 -0.00545899 0.0103272)
(0.00473768 -0.00553504 0.010374)
(0.0052743 -0.00572367 0.0110582)
(0.00459356 -0.00542604 0.0102852)
(0.0045452 -0.00555323 0.0102575)
(0.00438513 -0.00531222 0.0101206)
(0.00465886 -0.00519977 0.0103369)
(0.00494344 -0.00547651 0.0108367)
(0.00495101 -0.00544102 0.0109112)
(0.00471146 -0.00504219 0.0101656)
(0.00486357 -0.00563814 0.0107896)
(0.0047857 -0.00511679 0.0104733)
(0.00452884 -0.00514348 0.00984138)
(0.00487621 -0.00621843 0.0111469)
(0.00445208 -0.00570236 0.0100252)
(0.00478266 -0.00597899 0.0102586)
(0.00465966 -0.00569528 0.0104182)
(0.00487101 -0.00554652 0.0106144)
(0.00462173 -0.00537567 0.0100577)
(0.00447151 -0.0054413 0.0101847)
(0.00457332 -0.00527324 0.010164)
(0.00466914 -0.00564615 0.0106207)
(0.00479568 -0.00549461 0.0102148)
(0.00498356 -0.00603816 0.0106229)
(0.00474132 -0.00533084 0.0100255)
(0.00451052 -0.00589434 0.0100421)
(0.00482235 -0.00539526 0.0105485)
(0.00469517 -0.00599127 0.0100496)
(0.00443937 -0.00558385 0.00995217)
(0.00454836 -0.00523169 0.010548)
(0.00476631 -0.00600457 0.0102814)
(0.00472551 -0.00592937 0.0104046)
(0.0045969 -0.00538007 0.0102258)
(0.00455423 -0.00557039 0.0100218)
(0.00451337 -0.00567177 0.0103481)
(0.00439664 -0.0051938 0.0101111)
(0.00447473 -0.00525494 0.0102744)
(0.0048869 -0.0057777 0.0109771)
(0.00458082 -0.0053343 0.0101693)
(0.00464809 -0.00543816 0.010417)
(0.00474695 -0.00600662 0.0104256)
(0.00488551 -0.00569735 0.0107371)
(0.00455451 -0.00566106 0.00991843)
(0.00438326 -0.00531892 0.0101689)
(0.00461263 -0.00547818 0.00997509)
(0.00479273 -0.00572714 0.0102894)
(0.00483457 -0.00600005 0.0109724)
(0.00446489 -0.00549831 0.0102841)
(0.00447424 -0.0054028 0.0102133)
(0.0046385 -0.00588397 0.0108736)
(0.00447288 -0.00530119 0.00997467)
(0.0048954 -0.00627487 0.0114097)
(0.00453798 -0.00563567 0.0106129)
(0.00459358 -0.00563102 0.010403)
(0.00457315 -0.00588168 0.0109549)
(0.0047816 -0.00573903 0.0106812)
(0.00457812 -0.00570548 0.0105666)
(0.00460346 -0.00515939 0.0100454)
(0.00462355 -0.00544902 0.0104552)
(0.00406132 -0.00506509 0.0100639)
(0.00466268 -0.00593359 0.0108703)
(0.00411979 -0.0050171 0.00971259)
(0.00491654 -0.00577245 0.0104173)
(0.0044777 -0.00546344 0.0099801)
(0.0048157 -0.00550854 0.0102495)
(0.00474935 -0.00550783 0.0103772)
(0.00461851 -0.0055806 0.010345)
(0.00479533 -0.00542467 0.0102378)
(0.0045548 -0.00560792 0.0104363)
(0.0047447 -0.00560444 0.0105147)
(0.00455951 -0.00541217 0.0101576)
(0.00468776 -0.00558207 0.0103686)
(0.00514982 -0.00594859 0.0107754)
(0.00446231 -0.00525143 0.00990841)
(0.00504336 -0.00605841 0.010969)
(0.00445916 -0.00507361 0.00967316)
(0.00457668 -0.00519236 0.00996109)
(0.00450577 -0.00545764 0.010056)
(0.00460106 -0.00529239 0.00999228)
(0.00462321 -0.00548822 0.0102361)
(0.00473916 -0.0056633 0.0104735)
(0.00461721 -0.00552516 0.0102876)
(0.00468729 -0.00550535 0.0102685)
(0.00482848 -0.00540793 0.0101158)
(0.00461325 -0.00536749 0.00999758)
(0.00488688 -0.00613345 0.0110615)
(0.00475025 -0.00562334 0.0106679)
(0.00467235 -0.00575359 0.0102442)
(0.00456534 -0.00573869 0.0108471)
(0.00468569 -0.00580627 0.0102825)
(0.00423165 -0.00558145 0.0105566)
(0.00434989 -0.00560596 0.0106592)
(0.00471208 -0.00561111 0.0100775)
(0.00487429 -0.0059225 0.0105518)
(0.0046001 -0.00568188 0.0102516)
(0.00453948 -0.00564589 0.0104686)
(0.00443688 -0.00534369 0.00960472)
(0.0050202 -0.00649463 0.010871)
(0.00421404 -0.00542911 0.00974378)
(0.00459423 -0.00559821 0.00993337)
(0.00494898 -0.00593634 0.0105659)
(0.00450758 -0.00552926 0.0104207)
(0.00499993 -0.00604778 0.0106415)
(0.00455561 -0.00535848 0.0102104)
(0.00446418 -0.00537997 0.00999809)
(0.00536354 -0.00585382 0.0103988)
(0.00451156 -0.00582737 0.0105739)
(0.00466126 -0.0055716 0.0100094)
(0.00524798 -0.00594879 0.0107291)
(0.00478533 -0.00586852 0.0106271)
(0.00500876 -0.0055827 0.0104794)
(0.00465404 -0.00550728 0.0102722)
(0.00436695 -0.00545343 0.0101097)
(0.00469366 -0.00559032 0.0102698)
(0.00437419 -0.00533251 0.0100118)
(0.00439639 -0.00571628 0.0103458)
(0.00443574 -0.00539693 0.0098141)
(0.00426252 -0.00539118 0.00990307)
(0.00481839 -0.00571396 0.0106296)
(0.00451592 -0.00547967 0.0102101)
(0.00453262 -0.00533082 0.00987529)
(0.00463113 -0.00533501 0.0100062)
(0.00447526 -0.00548754 0.0102681)
(0.0046871 -0.00548955 0.0101485)
(0.00469182 -0.00572439 0.0104936)
(0.00473521 -0.00545898 0.010237)
(0.00476347 -0.00557755 0.0104066)
(0.00450856 -0.00554571 0.0102064)
(0.0046593 -0.00529112 0.0100145)
(0.00447008 -0.00545019 0.0101932)
(0.00440458 -0.0056725 0.0101231)
(0.00477548 -0.00620201 0.0111202)
(0.00434259 -0.00537702 0.00985157)
(0.00461904 -0.00592419 0.0107508)
(0.00489709 -0.00607431 0.0105369)
(0.0046457 -0.0058987 0.0110714)
(0.0045464 -0.00580935 0.0111573)
(0.00493773 -0.00594067 0.0110241)
(0.00475718 -0.00541852 0.0100583)
(0.00469124 -0.00546603 0.00999884)
(0.00455573 -0.00552205 0.00997132)
(0.00508013 -0.00621164 0.0110592)
(0.00496856 -0.00577968 0.0109198)
(0.00491023 -0.00591046 0.0105079)
(0.00472891 -0.00563246 0.0102023)
(0.00455493 -0.00537829 0.0101874)
(0.00479902 -0.00607612 0.0104771)
(0.00457438 -0.00556236 0.010495)
(0.00459174 -0.00538454 0.0109672)
(0.00450024 -0.0056241 0.0100538)
(0.00446136 -0.00530716 0.00935291)
(0.00458984 -0.00555709 0.00976242)
(0.00451484 -0.0056216 0.0103576)
(0.00425302 -0.00542133 0.00960721)
(0.00475869 -0.00601769 0.0107533)
(0.00422236 -0.00500406 0.00957884)
(0.00481466 -0.00565561 0.0105599)
(0.0046415 -0.00531665 0.0100458)
(0.00461068 -0.005331 0.0096138)
(0.00462546 -0.00546109 0.0100154)
(0.00438975 -0.00528037 0.0097142)
(0.00471382 -0.0054324 0.0106721)
(0.00471407 -0.00508596 0.0103354)
(0.0054237 -0.00564236 0.0117329)
(0.00538169 -0.00649473 0.0116864)
(0.00502326 -0.00589708 0.0105292)
(0.00482345 -0.00568681 0.0108674)
(0.00480813 -0.00543089 0.010521)
(0.00456875 -0.00550714 0.0103076)
(0.00484925 -0.00568653 0.0112374)
(0.0042121 -0.00538326 0.00986171)
(0.00484008 -0.00578769 0.0108328)
(0.00470083 -0.00567424 0.0108541)
(0.00468046 -0.00536494 0.0106877)
(0.00474953 -0.00578751 0.0102132)
(0.00450851 -0.00555077 0.0101785)
(0.0049491 -0.0058535 0.0110563)
(0.00465537 -0.0056612 0.0105147)
(0.00461286 -0.00554275 0.0104017)
(0.00467306 -0.00561408 0.0107731)
(0.0046298 -0.00553542 0.0104194)
(0.00459225 -0.00546523 0.0104961)
(0.00474756 -0.00557319 0.0108107)
(0.00457023 -0.00547479 0.0103262)
(0.00464408 -0.0056323 0.0104242)
(0.00463974 -0.0056285 0.0106378)
(0.00501249 -0.00611692 0.0107385)
(0.00467226 -0.00555188 0.0105801)
(0.00475633 -0.00570068 0.0105687)
(0.0049841 -0.00595782 0.010958)
(0.00498967 -0.00558311 0.0114739)
(0.0048925 -0.00576421 0.0110896)
(0.00435087 -0.00542505 0.0109293)
(0.00505386 -0.00591259 0.0106039)
(0.00447855 -0.00564607 0.0104832)
(0.00470427 -0.00588689 0.0111781)
(0.00516374 -0.00588909 0.0102986)
(0.00472514 -0.00564541 0.0105437)
(0.00454914 -0.00547068 0.0103516)
(0.00461125 -0.00576799 0.0109077)
(0.00479884 -0.00559217 0.0110942)
(0.00514811 -0.00605122 0.0111732)
(0.00466932 -0.00563379 0.0104645)
(0.00488449 -0.00594231 0.0104268)
(0.00469687 -0.00577734 0.0107484)
(0.0049458 -0.00578259 0.0104895)
(0.00468121 -0.00567784 0.0105575)
(0.00438528 -0.00552358 0.00992325)
(0.00433757 -0.00548328 0.0101726)
(0.00459548 -0.00542309 0.0103717)
(0.00475995 -0.00512078 0.0104714)
(0.00466105 -0.00525732 0.0105663)
(0.00464296 -0.00578821 0.0106932)
(0.00447553 -0.00538722 0.0106097)
(0.0045334 -0.00584933 0.0104532)
(0.00453608 -0.00558261 0.0112547)
(0.0049214 -0.00591787 0.0110318)
(0.00497296 -0.00580903 0.0104956)
(0.00452948 -0.00553164 0.0101014)
(0.00464559 -0.00572162 0.0103663)
(0.00471561 -0.00571126 0.0107774)
(0.0048199 -0.00576215 0.0106297)
(0.00461165 -0.005672 0.0105352)
(0.00455463 -0.00561874 0.0103192)
(0.00455429 -0.00556614 0.0104192)
(0.00466228 -0.00586448 0.0110472)
(0.00479456 -0.0057842 0.0108943)
(0.00453672 -0.0055721 0.0101717)
(0.00430988 -0.00574249 0.0106304)
(0.00432093 -0.00554738 0.0103496)
(0.00478614 -0.00569852 0.0105847)
(0.00511047 -0.00583948 0.0107618)
(0.00475403 -0.00562507 0.0104638)
(0.00450374 -0.00534643 0.00972933)
(0.00533557 -0.00578517 0.0106855)
(0.00491645 -0.00610318 0.0110193)
(0.0045172 -0.00570596 0.0104495)
(0.0043265 -0.00592877 0.0102975)
(0.00495519 -0.00576942 0.0106281)
(0.00461695 -0.00555747 0.0101841)
(0.00472726 -0.00589568 0.010611)
(0.00441878 -0.00593962 0.0107085)
(0.00466802 -0.00545012 0.0102164)
(0.0048762 -0.00633583 0.0111687)
(0.00517771 -0.00600494 0.0114792)
(0.00499159 -0.00627817 0.0109874)
(0.00484868 -0.00597475 0.0106549)
(0.00502334 -0.00581047 0.011031)
(0.00501421 -0.0059775 0.0110425)
(0.00477851 -0.0060041 0.0106849)
(0.00454049 -0.00529768 0.0101824)
(0.00466284 -0.00554553 0.010652)
(0.00492209 -0.00602889 0.011042)
(0.00454792 -0.00570918 0.0102409)
(0.00464904 -0.00532493 0.00992807)
(0.00449042 -0.00536145 0.0100362)
(0.00445204 -0.00588588 0.0102167)
(0.00468462 -0.0053228 0.0102276)
(0.0045957 -0.00552521 0.0103029)
(0.00446879 -0.00539371 0.00991482)
(0.00472711 -0.00530342 0.01018)
(0.00474721 -0.00556114 0.0105275)
(0.00477681 -0.00552881 0.0105762)
(0.00469573 -0.00572972 0.0105452)
(0.00460079 -0.00556188 0.0102499)
(0.00475136 -0.0053921 0.0104944)
(0.00464815 -0.00554751 0.0103165)
(0.0048888 -0.0054136 0.010689)
(0.00480483 -0.00594921 0.0107665)
(0.00478687 -0.00534038 0.0101715)
(0.00517957 -0.00550705 0.0109865)
(0.00453935 -0.00548529 0.00992502)
(0.00450038 -0.00549317 0.0100992)
(0.00504147 -0.00577394 0.0110281)
(0.00501135 -0.00568429 0.0107378)
(0.00460971 -0.00581326 0.0108866)
(0.00426126 -0.00568835 0.0101899)
(0.00501206 -0.00585456 0.0110395)
(0.00469654 -0.00552559 0.0107477)
(0.00444098 -0.00579715 0.0103783)
(0.00432123 -0.00557526 0.00999623)
(0.00478835 -0.00582724 0.010778)
(0.00470897 -0.00577243 0.0106933)
(0.00440461 -0.00559396 0.0102217)
(0.00462843 -0.00545266 0.0101755)
(0.00475181 -0.00601685 0.0104223)
(0.00458359 -0.0054612 0.0103218)
(0.00473333 -0.00544484 0.0104573)
(0.00471643 -0.00525107 0.00998905)
(0.00449819 -0.00550108 0.0101072)
(0.0044085 -0.00560509 0.0100742)
(0.00488015 -0.00552379 0.010621)
(0.00467576 -0.00537941 0.0101146)
(0.004742 -0.00547627 0.0103129)
(0.00469111 -0.00577 0.0105315)
(0.00472755 -0.00582675 0.0105026)
(0.00474553 -0.00568616 0.0104746)
(0.00477768 -0.00581211 0.0105799)
(0.00471083 -0.00544146 0.0102178)
(0.00461986 -0.00552815 0.0102853)
(0.00483436 -0.00533927 0.0104005)
(0.00497997 -0.00542204 0.0105462)
(0.00516923 -0.00557665 0.0108422)
(0.00478437 -0.00549169 0.0103544)
(0.00474077 -0.00581789 0.01057)
(0.00476898 -0.00559495 0.0105491)
(0.00489825 -0.00540612 0.0104007)
(0.00489962 -0.00567815 0.0105828)
(0.00463365 -0.00592083 0.010546)
(0.00492683 -0.00564401 0.0107548)
(0.00468466 -0.00557831 0.0103572)
(0.00514849 -0.00583931 0.0111024)
(0.00542365 -0.00592464 0.0114965)
(0.00486486 -0.00607962 0.0108372)
(0.00485514 -0.00609997 0.0109946)
(0.00487312 -0.00547491 0.0104951)
(0.00426627 -0.00527256 0.00978345)
(0.00506017 -0.00520381 0.0109482)
(0.00419047 -0.00501365 0.00978127)
(0.00453965 -0.00569149 0.01078)
(0.00473505 -0.005793 0.0103516)
(0.00473603 -0.00583719 0.0104996)
(0.00470558 -0.00583449 0.0106872)
(0.00469323 -0.00580248 0.0105328)
(0.00465741 -0.00565313 0.010447)
(0.00464273 -0.00564787 0.0104222)
(0.00462302 -0.00581613 0.0108618)
(0.00447777 -0.00587327 0.0104667)
(0.00445215 -0.00556408 0.0101167)
(0.00471978 -0.00630302 0.0110331)
(0.00448793 -0.00569157 0.0101126)
(0.00465472 -0.00561903 0.0105333)
(0.00459606 -0.00571284 0.0104299)
(0.00445257 -0.00546893 0.010357)
(0.00432588 -0.0054981 0.0103151)
(0.00435676 -0.00538908 0.0100096)
(0.00474818 -0.00538449 0.00995923)
(0.00503036 -0.00561938 0.0106218)
(0.0047118 -0.00545616 0.0102251)
(0.0047455 -0.00547753 0.0101511)
(0.00468887 -0.00565586 0.0104217)
(0.00469896 -0.00554945 0.0103712)
(0.00476987 -0.00566158 0.010555)
(0.00458592 -0.00563709 0.0103039)
(0.00476573 -0.00553993 0.0104092)
(0.00457789 -0.00574618 0.0106435)
(0.00475803 -0.00541595 0.0102293)
(0.00474132 -0.0057721 0.0106861)
(0.00464896 -0.00533359 0.0101565)
(0.0046954 -0.00566073 0.0105714)
(0.00484307 -0.00563588 0.0105346)
(0.00456331 -0.0056023 0.0109652)
(0.00494639 -0.00582697 0.0110142)
(0.00502852 -0.0058604 0.0105572)
(0.0049939 -0.00614072 0.0111136)
(0.00498394 -0.00589811 0.0106866)
(0.00473618 -0.00561137 0.0105684)
(0.00470773 -0.00566021 0.0102969)
(0.00468956 -0.00573332 0.0105175)
(0.00491095 -0.0057378 0.0107382)
(0.00458417 -0.00548697 0.0102155)
(0.00450996 -0.0058452 0.0104579)
(0.004686 -0.00564413 0.0104123)
(0.00473469 -0.00567116 0.010791)
(0.00448147 -0.0065658 0.0111287)
(0.00489383 -0.00568247 0.0107417)
(0.00485598 -0.00575535 0.0107363)
(0.00502894 -0.00561645 0.0107577)
(0.00471981 -0.00561491 0.0106027)
(0.00488582 -0.0057014 0.0105893)
(0.00455373 -0.00523441 0.00992569)
(0.00468877 -0.00530528 0.010353)
(0.0047026 -0.00545681 0.010381)
(0.00483227 -0.00555362 0.0106229)
(0.00450681 -0.00571651 0.0102256)
(0.00418004 -0.00600874 0.0106181)
(0.00448386 -0.00564819 0.0104383)
(0.00455513 -0.00525496 0.0100406)
(0.00482745 -0.00548321 0.0102355)
(0.00446788 -0.00582316 0.0100558)
(0.00443857 -0.00595371 0.0103212)
(0.00456168 -0.00580509 0.0103395)
(0.00454393 -0.0053682 0.0101871)
(0.00485027 -0.00572398 0.0107959)
(0.00446828 -0.0054865 0.00995598)
(0.00421923 -0.0060801 0.0102083)
(0.00461397 -0.00583081 0.0105191)
(0.00456055 -0.00547773 0.0102476)
(0.00446606 -0.00550682 0.0100801)
(0.00415371 -0.00525536 0.00958796)
(0.00453137 -0.00561255 0.0104431)
(0.00426886 -0.0054268 0.0100489)
(0.00435663 -0.00507106 0.00945498)
(0.0041851 -0.00511403 0.00946612)
(0.00480632 -0.00561891 0.0105094)
(0.00440108 -0.00537841 0.00995835)
(0.00465738 -0.00566529 0.0105191)
(0.00495872 -0.0057629 0.010652)
(0.00481083 -0.0057658 0.0105482)
(0.0048309 -0.00580554 0.0107646)
(0.00482184 -0.00572874 0.0105759)
(0.00486141 -0.00580692 0.0107804)
(0.00470734 -0.00561599 0.0104687)
(0.00472065 -0.00578679 0.0107536)
(0.00445506 -0.00539139 0.0101678)
(0.00514215 -0.00615118 0.0110381)
(0.00468121 -0.00570265 0.0108537)
(0.0046341 -0.00566092 0.0103215)
(0.00467637 -0.00582633 0.0106219)
(0.00500586 -0.00610457 0.0112286)
(0.00476479 -0.00559006 0.0105261)
(0.00446849 -0.00510254 0.00985063)
(0.00455491 -0.00596678 0.0104876)
(0.00454355 -0.00601736 0.0106695)
(0.00468173 -0.00531914 0.0105674)
(0.0045432 -0.0054132 0.0104238)
(0.00481158 -0.00553942 0.0106482)
(0.00423143 -0.0058563 0.0102351)
(0.00462233 -0.0055691 0.0100989)
(0.00442378 -0.0056873 0.01063)
(0.00469471 -0.00594518 0.0107818)
(0.00417036 -0.00576221 0.0101963)
(0.00458097 -0.00577163 0.010591)
(0.00468846 -0.00574004 0.0105672)
(0.00450079 -0.00543535 0.00995013)
(0.0046445 -0.00522351 0.0101168)
(0.00451311 -0.00568176 0.0104502)
(0.00457832 -0.00566574 0.0103851)
(0.00462536 -0.00562457 0.0104406)
(0.00502023 -0.00591263 0.0110043)
(0.00499849 -0.00600949 0.0112148)
(0.00467271 -0.0056025 0.0104497)
(0.00486395 -0.00567223 0.0106731)
(0.00497224 -0.00579145 0.0104261)
(0.00499713 -0.00591114 0.0107191)
(0.0049727 -0.00584809 0.0107633)
(0.00492522 -0.00579671 0.0104553)
(0.00473954 -0.00592424 0.0108139)
(0.00464816 -0.00566547 0.0106157)
(0.00497168 -0.00592541 0.010952)
(0.00458052 -0.00565363 0.0104251)
(0.00495638 -0.00570987 0.0106875)
(0.00452465 -0.00560156 0.0105943)
(0.00491099 -0.00592652 0.0110543)
(0.00486222 -0.0063504 0.0109746)
(0.00494074 -0.00629146 0.0108939)
(0.0047762 -0.0056114 0.0104562)
(0.00477681 -0.00572557 0.0105552)
(0.00491607 -0.0059692 0.0108464)
(0.00457423 -0.00544256 0.00980953)
(0.00467441 -0.0055146 0.0101543)
(0.00474269 -0.00574912 0.0103979)
(0.00482544 -0.00568461 0.01011)
(0.00482566 -0.00582951 0.0104279)
(0.00456073 -0.00537796 0.00976686)
(0.00468743 -0.00559469 0.0105732)
(0.00463159 -0.00566565 0.0106539)
(0.00469576 -0.00563093 0.0105338)
(0.00474315 -0.0055429 0.0101261)
(0.00473655 -0.00569837 0.0103935)
(0.00464993 -0.00554462 0.0103696)
(0.00488273 -0.00585212 0.0106615)
(0.004666 -0.00587041 0.0108736)
(0.00431559 -0.00531828 0.0100489)
(0.00462693 -0.005625 0.010597)
(0.00458284 -0.00571236 0.0104498)
(0.00443723 -0.00562559 0.0106735)
(0.00451572 -0.0058441 0.0107872)
(0.00426446 -0.00547234 0.0101929)
(0.00463707 -0.00569921 0.0109281)
(0.0045493 -0.00555952 0.0103891)
(0.00510272 -0.00571831 0.0105065)
(0.00519272 -0.00573 0.0105453)
(0.00486987 -0.00576 0.0110069)
(0.00474623 -0.00611347 0.0111173)
(0.00450986 -0.00595187 0.0110961)
(0.0043568 -0.00558974 0.0107216)
(0.00463386 -0.00567907 0.0103989)
(0.00452683 -0.00564683 0.0103228)
(0.004916 -0.00576534 0.0104899)
(0.00476942 -0.00561162 0.0103517)
(0.00464162 -0.00551085 0.0103054)
(0.00468914 -0.00573476 0.0104321)
(0.00485038 -0.00591603 0.0107909)
(0.00453708 -0.00566954 0.0104812)
(0.00485766 -0.00608073 0.0108509)
(0.00469615 -0.00589077 0.0105002)
(0.00476903 -0.00594548 0.0111396)
(0.00501741 -0.00618145 0.0110823)
(0.00461031 -0.00529154 0.0102483)
(0.00492487 -0.00534669 0.0110104)
(0.00467865 -0.00540882 0.0107733)
(0.0044589 -0.00507603 0.00996186)
(0.00459755 -0.00569909 0.0103322)
(0.00433453 -0.00594736 0.00999654)
(0.00458081 -0.00567532 0.0103193)
(0.00433221 -0.00545358 0.00984122)
(0.00445956 -0.00556034 0.0102703)
(0.004425 -0.00544739 0.00992008)
(0.0043378 -0.00528132 0.00974258)
(0.00459153 -0.00539558 0.0101206)
(0.00418309 -0.00510808 0.00970916)
(0.00443762 -0.00500197 0.00977585)
(0.00432751 -0.0058737 0.00978302)
(0.00476625 -0.00591106 0.011301)
(0.00457118 -0.00571867 0.0104947)
(0.00478483 -0.00567042 0.0112377)
(0.00488233 -0.00554521 0.010861)
(0.00480734 -0.00555855 0.0109434)
(0.0044489 -0.00525325 0.00960759)
(0.00475998 -0.00527624 0.0104128)
(0.00459175 -0.00559437 0.0100949)
(0.00472794 -0.00559468 0.0113789)
(0.00439271 -0.00550141 0.0101067)
(0.00485936 -0.00561287 0.0112734)
(0.00458429 -0.00618723 0.0108975)
(0.00503154 -0.00594814 0.0112259)
(0.00493566 -0.00583088 0.0110734)
(0.00468739 -0.00500115 0.0101497)
(0.00488203 -0.00519618 0.0104252)
(0.00440759 -0.00579217 0.00984993)
(0.00470151 -0.00596174 0.0108343)
(0.00417606 -0.00588689 0.00984167)
(0.00450623 -0.00521478 0.00999128)
(0.00459694 -0.00567536 0.0104015)
(0.00443043 -0.00543542 0.00987167)
(0.00443379 -0.005464 0.0102093)
(0.00435622 -0.00563491 0.0103034)
(0.00447578 -0.00545871 0.0100254)
(0.00471136 -0.00583968 0.0111869)
(0.00478999 -0.00587829 0.0107604)
(0.00455184 -0.0055733 0.0107158)
(0.00458289 -0.00563173 0.0104341)
(0.00475043 -0.00569751 0.0104774)
(0.00471544 -0.00583217 0.0107839)
(0.00476711 -0.00585203 0.0107622)
(0.00477842 -0.00574689 0.0105511)
(0.00480012 -0.00570688 0.0106782)
(0.00482181 -0.00590388 0.0108268)
(0.0043648 -0.00552768 0.0100584)
(0.00448527 -0.00558818 0.0102024)
(0.00454684 -0.00547073 0.0100879)
(0.00472831 -0.00559404 0.0102479)
(0.00444025 -0.00546349 0.0102165)
(0.00480438 -0.00564924 0.0102751)
(0.00450321 -0.00536111 0.0100117)
(0.00446799 -0.00568858 0.0103835)
(0.00456101 -0.00580177 0.0106383)
(0.00443637 -0.0054182 0.00996449)
(0.00479877 -0.00570352 0.010556)
(0.00509641 -0.00595528 0.0111415)
(0.00467103 -0.00609958 0.0107851)
(0.00468933 -0.0057293 0.0104687)
(0.00469195 -0.00584695 0.0107023)
(0.00424339 -0.00550461 0.01001)
(0.00482297 -0.00560204 0.0104148)
(0.00445505 -0.0057385 0.0101539)
(0.00459567 -0.00546181 0.0103927)
(0.00469816 -0.0054189 0.0103314)
(0.00513828 -0.00568163 0.010925)
(0.00455205 -0.00572939 0.0107348)
(0.00452627 -0.00556582 0.0102692)
(0.00469846 -0.00564787 0.0103734)
(0.00465147 -0.0054692 0.0101458)
(0.004439 -0.00565359 0.0107535)
(0.00454136 -0.00551606 0.0101447)
(0.00475781 -0.0056541 0.010436)
(0.00453095 -0.00542551 0.00999068)
(0.00437558 -0.00556389 0.0102936)
(0.00458324 -0.00562533 0.0101182)
(0.00467687 -0.00561611 0.0107037)
(0.00450572 -0.00553435 0.0100315)
(0.00449304 -0.00560662 0.0101036)
(0.00439443 -0.00532526 0.00994266)
(0.00466626 -0.00551662 0.0100383)
(0.004573 -0.00559946 0.0101213)
(0.0045108 -0.00564852 0.0099516)
(0.00466614 -0.00554035 0.0098702)
(0.00442904 -0.00587272 0.0105964)
(0.00501145 -0.00559805 0.0104754)
(0.00434397 -0.00537791 0.00981752)
(0.00449241 -0.00532491 0.00981499)
(0.00508228 -0.00646974 0.0113244)
(0.00471001 -0.00558532 0.0115606)
(0.00455092 -0.00580455 0.0104419)
(0.00426832 -0.00507309 0.00982505)
(0.00483139 -0.00594582 0.0106189)
(0.00434094 -0.00516455 0.010742)
(0.00433314 -0.00505378 0.0104434)
(0.00441397 -0.00518727 0.010147)
(0.00469891 -0.00520244 0.0106263)
(0.00503896 -0.0058441 0.0109056)
(0.00522527 -0.00586283 0.0116286)
(0.00482108 -0.00581065 0.0105966)
(0.00477256 -0.00541583 0.0101501)
(0.00427439 -0.00539697 0.00992562)
(0.00444247 -0.00530635 0.00990592)
(0.00443687 -0.00544428 0.0101012)
(0.00453358 -0.00544699 0.0100884)
(0.00458566 -0.00543976 0.00999321)
(0.00477827 -0.00524735 0.010256)
(0.00441653 -0.00556678 0.0102807)
(0.00481966 -0.00546763 0.0103815)
(0.0044196 -0.00540024 0.00998022)
(0.00448842 -0.00543398 0.0100347)
(0.00442635 -0.00565213 0.0101984)
(0.00431434 -0.00567062 0.0101613)
(0.00473281 -0.00562911 0.0101279)
(0.00470822 -0.00585993 0.010747)
(0.0049044 -0.0057648 0.010284)
(0.00517768 -0.00609321 0.0113689)
(0.00473259 -0.00594535 0.0114722)
(0.00473998 -0.00554787 0.0103675)
(0.00470198 -0.00520835 0.0103998)
(0.00435136 -0.00513453 0.0100333)
)
;
    }
    INLET
    {
        type            calculated;
        value           nonuniform 0();
    }
    OUTLET
    {
        type            calculated;
        value           nonuniform 0();
    }
    procBoundary30to29
    {
        type            processor;
        value           uniform (0 0 0);
    }
    procBoundary30to32
    {
        type            processor;
        value           uniform (0 0 0);
    }
}


// ************************************************************************* //
