/*--------------------------------*- C++ -*----------------------------------*\
| =========                 |                                                 |
| \\      /  F ield         | OpenFOAM: The Open Source CFD Toolbox           |
|  \\    /   O peration     | Version:  v1612+                                |
|   \\  /    A nd           | Web:      www.OpenFOAM.com                      |
|    \\/     M anipulation  |                                                 |
\*---------------------------------------------------------------------------*/
FoamFile
{
    version     2.0;
    format      ascii;
    class       volVectorField;
    location    "200";
    object      wallShearStress;
}
// * * * * * * * * * * * * * * * * * * * * * * * * * * * * * * * * * * * * * //

dimensions      [0 2 -2 0 0 0 0];

internalField   uniform (0 0 0);

boundaryField
{
    WALL
    {
        type            calculated;
        value           nonuniform List<vector> 
1496
(
(0.00432392 -0.00571796 0.0103883)
(0.00476744 -0.00541672 0.0102847)
(0.00437299 -0.0056912 0.0103513)
(0.00438811 -0.00597834 0.0108443)
(0.00466506 -0.00574446 0.0105426)
(0.00488883 -0.00561228 0.0108759)
(0.00459005 -0.00582189 0.01032)
(0.00480177 -0.0058003 0.01032)
(0.00442956 -0.00554838 0.0110171)
(0.00444259 -0.00538672 0.00980706)
(0.00430368 -0.00565029 0.00979501)
(0.0047183 -0.00504021 0.00984676)
(0.00461471 -0.00547204 0.0101232)
(0.00473562 -0.00562409 0.0104324)
(0.00466764 -0.00556529 0.0103124)
(0.00456181 -0.00550766 0.0103469)
(0.00449575 -0.00562883 0.0102899)
(0.00482584 -0.00552714 0.0104748)
(0.00467395 -0.00570137 0.0105682)
(0.0046924 -0.00578071 0.010622)
(0.00446255 -0.00553313 0.0104515)
(0.00483603 -0.0058055 0.010725)
(0.00467484 -0.00588662 0.0106776)
(0.00489419 -0.00645621 0.0114588)
(0.00529848 -0.00596544 0.0113615)
(0.00432471 -0.00553222 0.0102033)
(0.00446688 -0.00483681 0.00973822)
(0.00439983 -0.00576846 0.010095)
(0.00479555 -0.00560483 0.0106092)
(0.00464577 -0.00554471 0.0102555)
(0.00471764 -0.00549831 0.0102244)
(0.00443546 -0.00563788 0.010271)
(0.00435802 -0.0055105 0.0101031)
(0.0043621 -0.00549724 0.00997676)
(0.00479639 -0.00579411 0.0107121)
(0.00464164 -0.00568153 0.0105208)
(0.00494497 -0.00641704 0.0116203)
(0.00460587 -0.00603451 0.010974)
(0.00485041 -0.00579858 0.01076)
(0.0045099 -0.00602515 0.0109988)
(0.00499973 -0.00598478 0.0109)
(0.00448621 -0.00590187 0.0108964)
(0.00472578 -0.00558265 0.0105174)
(0.00504115 -0.00589758 0.010911)
(0.00480431 -0.00575586 0.010504)
(0.00471688 -0.00566554 0.0106026)
(0.00446538 -0.0054892 0.0100892)
(0.00460519 -0.00568014 0.0106819)
(0.0046012 -0.00572113 0.0105355)
(0.00485332 -0.00549762 0.0114829)
(0.00500239 -0.00643472 0.0109173)
(0.00471995 -0.00563757 0.0108965)
(0.00466919 -0.00575831 0.0106865)
(0.00447979 -0.00547757 0.0101208)
(0.00470815 -0.00582167 0.0107417)
(0.00475371 -0.0054087 0.0101334)
(0.00474769 -0.00570487 0.0106326)
(0.00440408 -0.00581502 0.0104653)
(0.00449171 -0.00538436 0.0101278)
(0.00470874 -0.00566062 0.0103066)
(0.0043991 -0.00558431 0.0104631)
(0.00433095 -0.00562536 0.0102442)
(0.00471744 -0.00572855 0.0104695)
(0.0041651 -0.00520776 0.00994652)
(0.00490145 -0.00555729 0.010415)
(0.00466132 -0.00560525 0.0105386)
(0.00455738 -0.00563362 0.010424)
(0.00462602 -0.00553381 0.0103152)
(0.00462584 -0.0057136 0.010529)
(0.00456737 -0.00561545 0.0103677)
(0.00400065 -0.00470884 0.00887108)
(0.00413083 -0.00523342 0.00949072)
(0.00425799 -0.00518057 0.00952064)
(0.00412551 -0.00474939 0.00960827)
(0.00410077 -0.00510899 0.00942676)
(0.00410842 -0.00493547 0.00932011)
(0.00475436 -0.00576841 0.0104963)
(0.00471344 -0.00575697 0.0105683)
(0.00466416 -0.00574009 0.0105139)
(0.0048705 -0.00624793 0.0110128)
(0.00479116 -0.00575613 0.010473)
(0.00462585 -0.00575786 0.0106081)
(0.00429228 -0.00583515 0.0112349)
(0.00412612 -0.00552299 0.0106661)
(0.00454964 -0.00611635 0.0114518)
(0.00434583 -0.00490621 0.00963496)
(0.0044039 -0.00487768 0.00969323)
(0.00474492 -0.00522098 0.0103452)
(0.00447726 -0.00495205 0.00971823)
(0.00460938 -0.00487355 0.0100134)
(0.00454845 -0.00530137 0.010049)
(0.0046201 -0.00526427 0.0101171)
(0.00490691 -0.00568538 0.0108589)
(0.00444831 -0.0057547 0.0100537)
(0.0047517 -0.00511437 0.0103334)
(0.00471094 -0.00578131 0.0106199)
(0.00438674 -0.00582605 0.0102626)
(0.00473404 -0.00568536 0.0105905)
(0.00478105 -0.00577169 0.0107647)
(0.00462221 -0.00551667 0.0105189)
(0.00479602 -0.00583821 0.0103788)
(0.00429458 -0.00532472 0.0103475)
(0.00473592 -0.0057807 0.0104416)
(0.00472042 -0.00571856 0.0105249)
(0.00468555 -0.00531208 0.0102953)
(0.00462233 -0.00548336 0.0105527)
(0.0044835 -0.00542767 0.0100555)
(0.0043711 -0.00552717 0.0101018)
(0.00514794 -0.00583354 0.0104131)
(0.00544146 -0.00615246 0.0114397)
(0.00496748 -0.00599783 0.0107096)
(0.00466377 -0.00586594 0.0110042)
(0.00491735 -0.00563858 0.0107162)
(0.00494791 -0.00602964 0.0105467)
(0.00521338 -0.00607353 0.01126)
(0.00459349 -0.00545576 0.0107966)
(0.00479497 -0.00577728 0.010566)
(0.00480247 -0.00573371 0.0105017)
(0.00487642 -0.00560604 0.0105164)
(0.0047152 -0.00574376 0.0104686)
(0.00454313 -0.00555082 0.0103502)
(0.00457536 -0.00577032 0.0104672)
(0.00451596 -0.00550184 0.0102112)
(0.00445514 -0.00548951 0.00986344)
(0.00421848 -0.00566215 0.0101034)
(0.00463269 -0.0056564 0.0105111)
(0.00479274 -0.005698 0.0105157)
(0.00464871 -0.00618021 0.0107239)
(0.00462966 -0.00558709 0.0101846)
(0.00461379 -0.00548006 0.0104017)
(0.00450658 -0.00532517 0.00981497)
(0.00440138 -0.00592499 0.0104692)
(0.00469792 -0.00581143 0.0105226)
(0.00460538 -0.00587648 0.0103686)
(0.00466419 -0.00579504 0.0106733)
(0.00455629 -0.00538842 0.0100129)
(0.00478676 -0.00578169 0.0106027)
(0.00467635 -0.00519708 0.0100437)
(0.00469283 -0.00533385 0.0105312)
(0.00443127 -0.00566056 0.00985996)
(0.00487729 -0.00562466 0.0105414)
(0.00450178 -0.00585045 0.0103397)
(0.00468267 -0.00568177 0.0101006)
(0.00442596 -0.00564653 0.0098268)
(0.00453581 -0.00531306 0.010193)
(0.00463219 -0.00596819 0.0106922)
(0.00437227 -0.00531304 0.0101524)
(0.0044081 -0.00512148 0.0101541)
(0.00446629 -0.00539436 0.0102616)
(0.00458247 -0.00577886 0.0111762)
(0.0044525 -0.00541245 0.0104581)
(0.00435488 -0.00531417 0.00976802)
(0.00493217 -0.00514558 0.0100532)
(0.00453415 -0.00561786 0.0100691)
(0.00455097 -0.00525108 0.00999086)
(0.00464157 -0.00507104 0.0100404)
(0.00420703 -0.00510696 0.00932594)
(0.00394561 -0.0046571 0.00879213)
(0.00407332 -0.00483575 0.00925995)
(0.00426525 -0.0051416 0.00978615)
(0.00427438 -0.00534068 0.00996286)
(0.00426913 -0.00520197 0.00994578)
(0.00434288 -0.00528745 0.0101221)
(0.00480554 -0.00635263 0.0110892)
(0.0053496 -0.00628601 0.0119387)
(0.00542345 -0.00562636 0.0113774)
(0.00537212 -0.00637777 0.0119722)
(0.00528175 -0.0058013 0.0114737)
(0.00514711 -0.00622254 0.0115808)
(0.00494876 -0.00592903 0.0110539)
(0.0048983 -0.00597798 0.011038)
(0.00498918 -0.00608469 0.0112821)
(0.00484844 -0.00603592 0.0110207)
(0.0048778 -0.00599309 0.0110399)
(0.00476938 -0.00603673 0.0109572)
(0.0045757 -0.00529756 0.0100549)
(0.00425112 -0.00549166 0.00991758)
(0.00437826 -0.00523262 0.0098968)
(0.00479803 -0.00598044 0.0113876)
(0.00438366 -0.00531186 0.0100306)
(0.00445997 -0.00540357 0.00974669)
(0.00473691 -0.00570628 0.0106081)
(0.00449848 -0.00569158 0.0102531)
(0.00477267 -0.00587588 0.0107345)
(0.00466005 -0.00575273 0.0104748)
(0.00476599 -0.00556857 0.0107391)
(0.0046896 -0.00548629 0.0104874)
(0.00495602 -0.00614647 0.0112558)
(0.00505503 -0.00635542 0.0114554)
(0.00473617 -0.00605923 0.0109417)
(0.00528569 -0.00577552 0.0118826)
(0.00486973 -0.00631051 0.0112705)
(0.00504688 -0.00611792 0.0112631)
(0.0041771 -0.00522227 0.0104862)
(0.00457002 -0.00551643 0.0104976)
(0.0040418 -0.00537428 0.010604)
(0.00411625 -0.00522057 0.0101264)
(0.00418559 -0.00542596 0.010559)
(0.00444489 -0.00551044 0.0103644)
(0.00439142 -0.00567239 0.0107131)
(0.00467979 -0.00555079 0.0103283)
(0.00478743 -0.00582101 0.0103698)
(0.00454499 -0.00559947 0.0105613)
(0.00464084 -0.00576206 0.0109764)
(0.00504084 -0.00614804 0.0110613)
(0.00376357 -0.00441834 0.00934405)
(0.00375945 -0.00407473 0.00927999)
(0.00406929 -0.00452137 0.00937046)
(0.00381577 -0.00396169 0.00927507)
(0.00395792 -0.00451043 0.0103822)
(0.00408615 -0.00417101 0.00943973)
(0.00466626 -0.00553202 0.010246)
(0.00459308 -0.00569457 0.0104242)
(0.00450045 -0.00562547 0.0101675)
(0.00455475 -0.00536231 0.0101213)
(0.004728 -0.00567119 0.0105231)
(0.00437978 -0.0055212 0.0101746)
(0.00444817 -0.00546128 0.0102171)
(0.00438433 -0.00556274 0.0101165)
(0.0045206 -0.00546662 0.0101481)
(0.00460537 -0.00559752 0.0103135)
(0.00454907 -0.0055397 0.0102007)
(0.0042688 -0.00547466 0.0093855)
(0.00486979 -0.00561345 0.0106228)
(0.00434055 -0.00552925 0.00948389)
(0.00416485 -0.00569277 0.00951176)
(0.00403765 -0.00609688 0.00964551)
(0.00477384 -0.00611026 0.0113625)
(0.00419657 -0.00477302 0.00921707)
(0.00429912 -0.00576348 0.010193)
(0.00464827 -0.00494392 0.0100249)
(0.00399633 -0.00511118 0.00913481)
(0.00442817 -0.00519539 0.00944266)
(0.00454354 -0.00542848 0.00993498)
(0.00481084 -0.00543434 0.0103678)
(0.00447523 -0.00569089 0.010317)
(0.00479086 -0.00564956 0.0105751)
(0.0051103 -0.00572726 0.0115168)
(0.00500825 -0.00546665 0.0110258)
(0.00452951 -0.00560303 0.0101981)
(0.00461731 -0.00560798 0.0104453)
(0.00472002 -0.00572207 0.0105638)
(0.00476732 -0.0059278 0.0108324)
(0.00475805 -0.00567758 0.0107221)
(0.00453102 -0.00560202 0.0105298)
(0.00464079 -0.00557403 0.0104317)
(0.00461094 -0.00561244 0.0104033)
(0.00484618 -0.00546891 0.010604)
(0.00490587 -0.0057207 0.0106687)
(0.00488293 -0.00578379 0.0108817)
(0.00458203 -0.00567522 0.0104512)
(0.00467411 -0.0057279 0.0105883)
(0.00470624 -0.00585169 0.0108023)
(0.00483796 -0.00573448 0.0106565)
(0.00481415 -0.00578919 0.0106969)
(0.00508213 -0.00582165 0.010803)
(0.00476496 -0.00589213 0.0107458)
(0.00477749 -0.00602685 0.0110907)
(0.00477303 -0.00564254 0.0105443)
(0.00473252 -0.00569442 0.0106751)
(0.00476026 -0.00569631 0.0104414)
(0.00506499 -0.00580603 0.0109801)
(0.00500172 -0.00577168 0.0107371)
(0.00447696 -0.00595687 0.0110631)
(0.00477916 -0.00578333 0.010517)
(0.00458701 -0.00554239 0.0102493)
(0.00443847 -0.0056014 0.0103405)
(0.00439891 -0.00530495 0.0100612)
(0.00434644 -0.0054587 0.0103267)
(0.00521198 -0.00592188 0.0108159)
(0.00446173 -0.00608791 0.0112014)
(0.00484808 -0.00577763 0.010438)
(0.00506984 -0.00603974 0.0108167)
(0.00441792 -0.00551226 0.0104502)
(0.00448712 -0.00569555 0.0105488)
(0.00451107 -0.00556761 0.0103898)
(0.00470427 -0.00564445 0.0103182)
(0.00440708 -0.00539659 0.0104522)
(0.00472688 -0.00580996 0.0103793)
(0.00440393 -0.00559407 0.0107062)
(0.00463029 -0.00570633 0.0105252)
(0.00451045 -0.005477 0.0110023)
(0.00441625 -0.00529499 0.00959559)
(0.00406039 -0.00540004 0.00938927)
(0.0048709 -0.00559729 0.010413)
(0.00414775 -0.00498642 0.0095425)
(0.00435419 -0.00513899 0.00952892)
(0.00486322 -0.00610029 0.0103215)
(0.00439751 -0.00555685 0.00958297)
(0.00450822 -0.00491209 0.00987285)
(0.00412281 -0.00494449 0.00917546)
(0.00424701 -0.0047881 0.00977292)
(0.00504057 -0.00587929 0.0110813)
(0.00491748 -0.00591035 0.0107441)
(0.00426205 -0.00518628 0.0103312)
(0.00470278 -0.00588316 0.0100585)
(0.00413691 -0.0050142 0.00933268)
(0.00461082 -0.00573049 0.0109047)
(0.00459629 -0.00588276 0.0102896)
(0.00456898 -0.00513241 0.0102095)
(0.00458624 -0.00557567 0.0102273)
(0.00434513 -0.00570833 0.0101119)
(0.00454555 -0.00503389 0.00994035)
(0.00420162 -0.00591231 0.0101607)
(0.00469974 -0.00572002 0.0105715)
(0.00460288 -0.00529145 0.0102935)
(0.00482445 -0.00599474 0.0109871)
(0.00446154 -0.00542285 0.0100325)
(0.00449244 -0.00573646 0.0101886)
(0.00489674 -0.00535511 0.0107762)
(0.00456015 -0.0053244 0.0101649)
(0.00465856 -0.00566005 0.0105789)
(0.00491229 -0.00552759 0.0106104)
(0.00456489 -0.00564779 0.0102583)
(0.00474793 -0.00581594 0.0106483)
(0.00439044 -0.00580013 0.0103989)
(0.00447245 -0.00569101 0.0103978)
(0.00457146 -0.00583814 0.0104676)
(0.00437672 -0.00556934 0.010094)
(0.00466452 -0.00579729 0.011229)
(0.0049074 -0.00588864 0.0113465)
(0.00498494 -0.00572563 0.0106659)
(0.00486079 -0.00584596 0.0108188)
(0.00491545 -0.00581552 0.0105832)
(0.00468028 -0.00563608 0.0104774)
(0.00438249 -0.00551262 0.0102764)
(0.00463406 -0.00542804 0.0100411)
(0.00453897 -0.00557761 0.0103953)
(0.00462982 -0.00558361 0.0101487)
(0.00472677 -0.00588058 0.0108188)
(0.00466017 -0.00558586 0.0103431)
(0.00493529 -0.00590595 0.0106231)
(0.00490318 -0.00579631 0.0110094)
(0.00444466 -0.00524722 0.010406)
(0.00489876 -0.00614056 0.0106995)
(0.00455869 -0.00540695 0.0104547)
(0.00490205 -0.00618347 0.0112338)
(0.00461886 -0.00582133 0.0103427)
(0.00496206 -0.00601306 0.0107821)
(0.00477516 -0.00552353 0.00999646)
(0.00452662 -0.00561727 0.0107132)
(0.00466589 -0.0054155 0.0106028)
(0.0049614 -0.0058409 0.01026)
(0.00504917 -0.0058723 0.0105547)
(0.00432962 -0.00534181 0.0100107)
(0.00448589 -0.00566646 0.0104337)
(0.00499786 -0.00576435 0.0106468)
(0.00441384 -0.00591382 0.0108617)
(0.00472362 -0.00574045 0.0103389)
(0.00450273 -0.00559037 0.0104029)
(0.00451679 -0.00537247 0.0100171)
(0.00459197 -0.00572846 0.0105125)
(0.00455843 -0.00552343 0.0102014)
(0.00459172 -0.00564998 0.0103894)
(0.00439728 -0.0056233 0.0102914)
(0.0043883 -0.00534525 0.00979509)
(0.00456293 -0.00561343 0.0103517)
(0.00459503 -0.00564838 0.0103871)
(0.0045571 -0.00571249 0.0103907)
(0.0046171 -0.00567634 0.0105997)
(0.00452943 -0.00540849 0.0101051)
(0.00440198 -0.0054477 0.0102723)
(0.00466055 -0.00548691 0.0099107)
(0.00481286 -0.00555642 0.0100155)
(0.00476105 -0.00555635 0.0103131)
(0.00442813 -0.00534913 0.0098483)
(0.00504107 -0.00565195 0.01067)
(0.0047648 -0.00561349 0.0104351)
(0.00453738 -0.00539934 0.00988539)
(0.00458925 -0.00563982 0.0103776)
(0.0046992 -0.00561036 0.0104819)
(0.00446474 -0.00557321 0.0102384)
(0.00449959 -0.00574417 0.0106788)
(0.00470129 -0.00556712 0.0106246)
(0.00448172 -0.00529818 0.00964138)
(0.00467787 -0.00567169 0.0101266)
(0.00494556 -0.0055517 0.0102052)
(0.00473905 -0.00555116 0.0102025)
(0.00525623 -0.00589739 0.0105683)
(0.00436276 -0.00528891 0.00982734)
(0.00446272 -0.00535373 0.00985146)
(0.00465373 -0.00548643 0.0102201)
(0.00488573 -0.00577042 0.0108437)
(0.00488416 -0.00571659 0.0108956)
(0.00470018 -0.00588943 0.0107279)
(0.00462711 -0.00541823 0.0103115)
(0.00493459 -0.00566936 0.0109996)
(0.00490458 -0.00569251 0.0108987)
(0.00484497 -0.00577786 0.0110182)
(0.00473897 -0.00575707 0.0102278)
(0.00469649 -0.00589301 0.0106698)
(0.00446957 -0.00560429 0.0107988)
(0.00446966 -0.00551563 0.0103761)
(0.00470287 -0.00558607 0.00991183)
(0.00455757 -0.00560179 0.0103948)
(0.00480967 -0.00556232 0.0102716)
(0.00457396 -0.00559816 0.0102946)
(0.00493366 -0.00570635 0.0105086)
(0.00460827 -0.00550852 0.0102504)
(0.00452956 -0.00555448 0.0103409)
(0.00492354 -0.00597083 0.0106324)
(0.00487306 -0.00591697 0.0108928)
(0.00519608 -0.00575881 0.0114325)
(0.00484831 -0.00608289 0.0106262)
(0.00485586 -0.00566338 0.0108156)
(0.00476782 -0.00596782 0.0106474)
(0.00538907 -0.00619455 0.0112621)
(0.00511058 -0.00613738 0.0113926)
(0.00535811 -0.00613052 0.0114185)
(0.00465919 -0.00576124 0.00995781)
(0.00507319 -0.00609607 0.0112824)
(0.00505201 -0.00601568 0.0114224)
(0.00490476 -0.00572781 0.0108963)
(0.004749 -0.00586032 0.0109816)
(0.00465704 -0.00546905 0.010957)
(0.00484448 -0.00592359 0.0109919)
(0.00473683 -0.00564063 0.010982)
(0.00464551 -0.00552588 0.0104498)
(0.0047104 -0.00583608 0.0103617)
(0.00503335 -0.00614472 0.0110064)
(0.00479759 -0.00557681 0.0109254)
(0.00521773 -0.00598563 0.0110044)
(0.00494552 -0.00599558 0.0107705)
(0.00426438 -0.00553498 0.0106023)
(0.00498238 -0.00577651 0.0110783)
(0.00452202 -0.00553666 0.0108578)
(0.00500452 -0.00596629 0.0107789)
(0.00497297 -0.0059988 0.0108458)
(0.00519596 -0.00618302 0.0111794)
(0.00511528 -0.0063867 0.0112647)
(0.0045185 -0.006055 0.0111881)
(0.0045336 -0.00566933 0.0112607)
(0.00477807 -0.00593039 0.0107637)
(0.00473224 -0.00587293 0.0115232)
(0.0043878 -0.00542604 0.0106348)
(0.00466637 -0.00581749 0.0103124)
(0.00469152 -0.00525588 0.00977026)
(0.00416232 -0.00515793 0.0094506)
(0.00416348 -0.0054683 0.00996809)
(0.00425062 -0.00504038 0.00944522)
(0.00437341 -0.00508606 0.00957457)
(0.00434203 -0.005459 0.0098954)
(0.00436736 -0.00547551 0.010184)
(0.00424167 -0.00547488 0.00992126)
(0.00432588 -0.00533012 0.00998316)
(0.00529388 -0.00629035 0.0116844)
(0.00489111 -0.00577779 0.0111734)
(0.00454151 -0.00504708 0.0109382)
(0.00499696 -0.00580498 0.0111187)
(0.0047641 -0.00561002 0.0108964)
(0.00483645 -0.00583007 0.0109522)
(0.00440126 -0.00541946 0.0110627)
(0.00426291 -0.00517189 0.010887)
(0.0044239 -0.00522543 0.0108932)
(0.00487834 -0.00546891 0.0107233)
(0.00517803 -0.0052478 0.0118356)
(0.00478253 -0.00565135 0.0109419)
(0.0047607 -0.00515359 0.0112059)
(0.00577146 -0.00630376 0.0124617)
(0.00536604 -0.00632461 0.0117547)
(0.00438761 -0.005392 0.0102535)
(0.00410635 -0.00546319 0.010347)
(0.00424468 -0.00569639 0.0105412)
(0.00431387 -0.00559191 0.0106148)
(0.0042573 -0.00532874 0.00989456)
(0.00421385 -0.00558588 0.0106909)
(0.00431954 -0.0057517 0.0115455)
(0.00427491 -0.00551609 0.0110655)
(0.00428565 -0.0056716 0.0111963)
(0.00447229 -0.00549035 0.0106776)
(0.00427843 -0.00540585 0.010881)
(0.00417708 -0.00530108 0.0112231)
(0.00473686 -0.00570416 0.0110047)
(0.00409192 -0.00518547 0.0107119)
(0.00456455 -0.00560478 0.0105454)
(0.00455377 -0.00504536 0.0100866)
(0.00436663 -0.0050939 0.00972787)
(0.00445167 -0.00531933 0.0097507)
(0.00438915 -0.00528549 0.00999807)
(0.00469355 -0.00565457 0.010432)
(0.00450427 -0.00490642 0.00971786)
(0.00451345 -0.00618738 0.0111192)
(0.00428539 -0.00556993 0.0105432)
(0.0046013 -0.0061878 0.0113535)
(0.0044126 -0.00598401 0.0109849)
(0.00436977 -0.00610196 0.0111797)
(0.00439471 -0.00597359 0.0111183)
(0.00439956 -0.00614636 0.0110295)
(0.00436997 -0.00612175 0.0111027)
(0.00466327 -0.00606579 0.011036)
(0.00423001 -0.0063537 0.0113698)
(0.00444382 -0.0055392 0.0117075)
(0.00398467 -0.00535598 0.0103129)
(0.00436503 -0.00574424 0.0108526)
(0.00428121 -0.00551646 0.0101867)
(0.00414843 -0.00548392 0.0101372)
(0.00403624 -0.00532245 0.00996139)
(0.00432362 -0.00555222 0.0108238)
(0.00445971 -0.00540756 0.0102124)
(0.00467214 -0.0057588 0.0108505)
(0.00463742 -0.00584129 0.0115579)
(0.00436331 -0.00525171 0.0109468)
(0.00497795 -0.00600942 0.011509)
(0.0046653 -0.00585518 0.0107399)
(0.00470943 -0.00582649 0.0113684)
(0.00506963 -0.00623665 0.0114863)
(0.00528915 -0.00658949 0.0117054)
(0.00491952 -0.00591279 0.0110634)
(0.00509298 -0.00595746 0.0112544)
(0.00486966 -0.00626608 0.0115142)
(0.00528292 -0.00569388 0.0117525)
(0.00547449 -0.00611873 0.0120651)
(0.00411677 -0.00552494 0.0101983)
(0.00476144 -0.00569191 0.0105045)
(0.00415227 -0.00530238 0.0100304)
(0.00429636 -0.0053923 0.009991)
(0.004411 -0.00545385 0.0101805)
(0.00449659 -0.00527816 0.00986671)
(0.00405174 -0.00569299 0.0107883)
(0.00418253 -0.00526823 0.00950343)
(0.00420966 -0.00538526 0.00980742)
(0.0041789 -0.0053095 0.00965497)
(0.00439399 -0.00545357 0.0100544)
(0.00451059 -0.00534118 0.00993215)
(0.00429435 -0.00540689 0.0098746)
(0.0041448 -0.00552196 0.00996235)
(0.00429247 -0.00534817 0.00992534)
(0.00471518 -0.00558744 0.0103664)
(0.00469859 -0.00549511 0.0103456)
(0.00461259 -0.00490993 0.00968668)
(0.00445141 -0.0053306 0.00985602)
(0.00445122 -0.00525259 0.00967481)
(0.00441686 -0.00528233 0.00991493)
(0.00409223 -0.0053245 0.00946579)
(0.0043136 -0.00492145 0.00930304)
(0.00435949 -0.00514088 0.0095766)
(0.00524741 -0.00594913 0.0117926)
(0.00448045 -0.0056042 0.0107098)
(0.0047281 -0.00556595 0.0108081)
(0.0048926 -0.00567962 0.0110402)
(0.00467747 -0.00541561 0.0101093)
(0.00429304 -0.00540063 0.010184)
(0.00498453 -0.00578861 0.0110584)
(0.00467322 -0.00537 0.0101785)
(0.00491758 -0.00580046 0.0105424)
(0.00447787 -0.00560094 0.0102065)
(0.0048324 -0.00578864 0.0101471)
(0.0050498 -0.0061418 0.0108233)
(0.00470277 -0.00552067 0.0110345)
(0.00502225 -0.00602072 0.0107377)
(0.00468151 -0.0057417 0.0109626)
(0.0044053 -0.00561569 0.0105738)
(0.00495596 -0.00595056 0.0107549)
(0.00518706 -0.00605672 0.0109392)
(0.0051031 -0.00612535 0.0109537)
(0.00470807 -0.00595986 0.0112703)
(0.00471679 -0.00574527 0.0110646)
(0.00457881 -0.00545871 0.0106404)
(0.00511809 -0.00586101 0.0105454)
(0.00455055 -0.00576551 0.0107005)
(0.00448329 -0.00557631 0.00978371)
(0.0050119 -0.00590418 0.0111221)
(0.00422258 -0.00524012 0.0102846)
(0.00479938 -0.00594538 0.0105235)
(0.00487467 -0.00596998 0.0105243)
(0.00490389 -0.00612829 0.0107254)
(0.0047436 -0.00555354 0.010694)
(0.00448059 -0.00545038 0.0103658)
(0.00480239 -0.00556212 0.010662)
(0.00501654 -0.00607023 0.0105653)
(0.00451556 -0.0057441 0.0104238)
(0.00484304 -0.00564859 0.0107581)
(0.00476873 -0.00547378 0.0107977)
(0.00492218 -0.00576862 0.0108845)
(0.00468566 -0.00531956 0.0104471)
(0.00496009 -0.00573707 0.0108596)
(0.00473868 -0.00584034 0.0106422)
(0.0044811 -0.00577869 0.0102227)
(0.00477229 -0.00542534 0.0100525)
(0.00491545 -0.00573825 0.0104191)
(0.00448799 -0.00540118 0.0101384)
(0.00456759 -0.00560968 0.0101193)
(0.00435887 -0.00529455 0.00968902)
(0.00445033 -0.00539799 0.0101676)
(0.00502257 -0.00572817 0.0105874)
(0.00479478 -0.00554293 0.0101849)
(0.00469272 -0.00560983 0.0103097)
(0.00451689 -0.00550606 0.0101533)
(0.00442918 -0.00535306 0.009892)
(0.00440571 -0.00542283 0.00990237)
(0.0044495 -0.00542176 0.00994338)
(0.00449858 -0.00551723 0.0102588)
(0.00416752 -0.00524735 0.00975226)
(0.00450402 -0.00535845 0.0101376)
(0.00468323 -0.00602404 0.011138)
(0.00436939 -0.00536602 0.0101655)
(0.0049298 -0.00589964 0.0113293)
(0.00435011 -0.00547092 0.0101716)
(0.00444835 -0.00567791 0.010693)
(0.00454319 -0.00565406 0.010375)
(0.00473079 -0.0054727 0.0100854)
(0.00431121 -0.005471 0.00990413)
(0.00496866 -0.00619948 0.0111174)
(0.00437808 -0.00544803 0.0100948)
(0.00426193 -0.00527343 0.0104982)
(0.0043139 -0.0053215 0.0102142)
(0.00440221 -0.00523462 0.010043)
(0.00424555 -0.00554824 0.0104279)
(0.00472603 -0.0057561 0.010145)
(0.00475556 -0.00556767 0.0105582)
(0.00477247 -0.00563178 0.0104257)
(0.00485476 -0.0055671 0.0101695)
(0.00466019 -0.00567822 0.010561)
(0.00483779 -0.00562388 0.0104156)
(0.00454133 -0.00542453 0.0103772)
(0.00463332 -0.00578074 0.010911)
(0.00462543 -0.00575795 0.0105724)
(0.00481037 -0.00577576 0.0106783)
(0.00446555 -0.00577887 0.0102753)
(0.0047786 -0.00586033 0.0108893)
(0.00463875 -0.00600887 0.0104327)
(0.00433956 -0.00541482 0.00997096)
(0.00458932 -0.00572044 0.0103451)
(0.00473425 -0.00551314 0.0104758)
(0.00457716 -0.00603683 0.0107254)
(0.00446133 -0.00583465 0.0102205)
(0.00491694 -0.00558056 0.0105438)
(0.00428711 -0.0054855 0.00984411)
(0.00436197 -0.00592277 0.0104332)
(0.00450654 -0.0058182 0.0106031)
(0.0045353 -0.00576193 0.0103172)
(0.00486169 -0.00561364 0.010353)
(0.0047774 -0.00543353 0.0104721)
(0.00448248 -0.00549396 0.0100252)
(0.00469036 -0.00569386 0.0106366)
(0.00475966 -0.00584093 0.0107626)
(0.00437556 -0.00567121 0.0106308)
(0.00451334 -0.00549707 0.010336)
(0.00446836 -0.00542224 0.0101783)
(0.00471514 -0.00586897 0.0107673)
(0.00467051 -0.00563392 0.0103753)
(0.0046118 -0.00571869 0.0105505)
(0.00449058 -0.00533313 0.00996511)
(0.00441192 -0.0056377 0.0103132)
(0.00438908 -0.00565424 0.0103242)
(0.00489039 -0.00563839 0.0106344)
(0.00458764 -0.00554031 0.0103449)
(0.00485896 -0.00527111 0.0102159)
(0.00450755 -0.00543158 0.010111)
(0.00455033 -0.00576607 0.0105471)
(0.00494716 -0.00610494 0.0110538)
(0.00474649 -0.00551784 0.0104533)
(0.00461125 -0.00556641 0.0102509)
(0.00454776 -0.00534778 0.010154)
(0.0047843 -0.00573138 0.0108165)
(0.00456603 -0.00546952 0.0101311)
(0.00470856 -0.00571161 0.0107662)
(0.00455326 -0.00560685 0.010478)
(0.00453292 -0.00552551 0.0102745)
(0.00478605 -0.00556467 0.0104954)
(0.00474478 -0.0054997 0.0105562)
(0.00483053 -0.00542056 0.0105397)
(0.00439207 -0.00546718 0.0101677)
(0.0046837 -0.00545287 0.0101176)
(0.00487162 -0.00527117 0.010309)
(0.00476592 -0.00574453 0.0106182)
(0.00475597 -0.00588776 0.0107413)
(0.00471342 -0.00560708 0.0107097)
(0.0045666 -0.00536045 0.0102183)
(0.00501795 -0.00636562 0.0107232)
(0.00461981 -0.00590319 0.0102445)
(0.00455948 -0.00585343 0.0108661)
(0.00438376 -0.0053789 0.0100732)
(0.00438576 -0.00498402 0.00956762)
(0.00487498 -0.00601858 0.0107007)
(0.00433931 -0.00519481 0.0101745)
(0.00445314 -0.00514164 0.0102016)
(0.00475729 -0.00559606 0.0105844)
(0.00485027 -0.00579381 0.0103094)
(0.00457792 -0.00585648 0.0105601)
(0.00428016 -0.00542488 0.009801)
(0.00433835 -0.0054032 0.0102394)
(0.00433634 -0.00539443 0.0102909)
(0.00420938 -0.00514807 0.00977992)
(0.00511238 -0.0062561 0.0108229)
(0.00449491 -0.00566038 0.0110333)
(0.00484791 -0.00581201 0.00962987)
(0.00440826 -0.0059139 0.0099536)
(0.00490098 -0.00544348 0.0106541)
(0.00426723 -0.00484116 0.00943365)
(0.00471502 -0.00581695 0.0113804)
(0.0043777 -0.00572779 0.0102405)
(0.00484172 -0.00615448 0.0108328)
(0.0050317 -0.00644399 0.0111896)
(0.00495346 -0.00596023 0.010702)
(0.00458631 -0.00556428 0.0105766)
(0.00482253 -0.00578382 0.0101305)
(0.00422384 -0.00546752 0.0105015)
(0.00422522 -0.00526545 0.01047)
(0.00454786 -0.00552647 0.0102716)
(0.00455828 -0.00539657 0.0103795)
(0.00455911 -0.00549142 0.0102865)
(0.0046167 -0.00546915 0.00993096)
(0.00472575 -0.00579548 0.0103924)
(0.0043563 -0.0052056 0.00983463)
(0.00435263 -0.00545719 0.0103184)
(0.00455372 -0.00561449 0.0103961)
(0.00468883 -0.00563991 0.0102676)
(0.00418045 -0.00531018 0.0105526)
(0.00452513 -0.00534501 0.0100227)
(0.00463977 -0.00576634 0.0103666)
(0.00432702 -0.00540881 0.0100804)
(0.00442557 -0.00532299 0.00961655)
(0.00442448 -0.00532316 0.00990768)
(0.00458678 -0.00556148 0.0103278)
(0.00426108 -0.00508446 0.00969868)
(0.00416476 -0.00498757 0.0102379)
(0.00454917 -0.00545267 0.00998201)
(0.00485797 -0.00568095 0.0101145)
(0.00443295 -0.00497787 0.0101334)
(0.00453057 -0.00562154 0.0103255)
(0.00453641 -0.00562567 0.0102765)
(0.00464329 -0.00538653 0.0100964)
(0.00458783 -0.00560722 0.0102295)
(0.00485837 -0.00560368 0.0106127)
(0.00471468 -0.00573587 0.0101996)
(0.00469266 -0.00582299 0.0110906)
(0.00429708 -0.00531112 0.0103088)
(0.00464709 -0.00577175 0.0107385)
(0.00472094 -0.00605813 0.0108482)
(0.00430952 -0.00521251 0.0103055)
(0.00469932 -0.00554772 0.0109969)
(0.00460299 -0.00556564 0.0102572)
(0.00455106 -0.00553018 0.0106426)
(0.00439037 -0.00555312 0.0101959)
(0.00449956 -0.00527791 0.0097062)
(0.00465163 -0.00587324 0.0108598)
(0.00473364 -0.00582982 0.0108135)
(0.00481555 -0.00574253 0.0107511)
(0.00478667 -0.0057064 0.0105703)
(0.00442546 -0.00551682 0.0104219)
(0.00465737 -0.00548053 0.0100191)
(0.00460733 -0.00551653 0.00994459)
(0.00445656 -0.00555178 0.0104347)
(0.00461661 -0.00553225 0.0102777)
(0.00464689 -0.00560783 0.0105884)
(0.005023 -0.00575192 0.0109167)
(0.00454636 -0.0056044 0.0103316)
(0.00483809 -0.00611143 0.011098)
(0.00483497 -0.00581279 0.0108976)
(0.00460753 -0.00558274 0.0103551)
(0.00460892 -0.00590209 0.010728)
(0.00471188 -0.00577172 0.0106378)
(0.00463339 -0.00565119 0.0105598)
(0.00467668 -0.00556413 0.010264)
(0.0047703 -0.00583947 0.0106801)
(0.00448267 -0.00585047 0.0104146)
(0.00470982 -0.00545131 0.0104964)
(0.00501912 -0.00561346 0.0109641)
(0.00467062 -0.00593786 0.0106805)
(0.0048626 -0.00552515 0.010675)
(0.00482035 -0.00584076 0.0113026)
(0.00447019 -0.00577389 0.0103471)
(0.00482732 -0.00579862 0.0111888)
(0.00466473 -0.0051319 0.0100585)
(0.00466094 -0.0048601 0.00988279)
(0.00425404 -0.00541706 0.00978209)
(0.00439563 -0.00542884 0.0101827)
(0.00456611 -0.00536465 0.00986043)
(0.00467218 -0.00572938 0.0104594)
(0.00463766 -0.00572524 0.0105128)
(0.00465536 -0.0055036 0.0101721)
(0.00450624 -0.00566798 0.010078)
(0.00478067 -0.00560063 0.0104748)
(0.00433615 -0.00551068 0.0102177)
(0.00494571 -0.00563194 0.0105951)
(0.00436878 -0.00555601 0.0103368)
(0.00448986 -0.00547804 0.0103226)
(0.00464104 -0.00553979 0.0101828)
(0.0047675 -0.0055235 0.0101707)
(0.00481683 -0.00567565 0.0103595)
(0.00465158 -0.0059975 0.0108191)
(0.00492217 -0.0059627 0.0111385)
(0.00446267 -0.00526485 0.009814)
(0.00464533 -0.00530689 0.0099333)
(0.00467136 -0.00538984 0.0102178)
(0.0049305 -0.00566112 0.0106872)
(0.00490146 -0.0054707 0.0104061)
(0.00466009 -0.00558233 0.0103021)
(0.00463495 -0.00569385 0.0105807)
(0.00478886 -0.00586907 0.0108456)
(0.00434734 -0.00573104 0.0104717)
(0.00445935 -0.00581603 0.0107889)
(0.00473837 -0.00557625 0.0103902)
(0.00480285 -0.00546456 0.0102345)
(0.00454031 -0.00560249 0.0103674)
(0.00467537 -0.00556176 0.0102433)
(0.004689 -0.00563843 0.010239)
(0.004635 -0.00562861 0.0105388)
(0.00425111 -0.00554416 0.0107902)
(0.00387164 -0.00495667 0.0102844)
(0.00357391 -0.00474683 0.010214)
(0.00365184 -0.00503595 0.0108262)
(0.00392269 -0.00519179 0.00994388)
(0.00438604 -0.00554023 0.0106357)
(0.00399701 -0.00539668 0.0113317)
(0.00414985 -0.00472015 0.00953378)
(0.00398058 -0.00459186 0.010072)
(0.00408736 -0.00500525 0.0100607)
(0.00431676 -0.00502079 0.00987169)
(0.00454215 -0.0056766 0.010821)
(0.0045905 -0.00519531 0.0107182)
(0.00407087 -0.00496794 0.00967397)
(0.00449382 -0.00524223 0.0102882)
(0.00413572 -0.00501531 0.0105874)
(0.00406339 -0.00468896 0.00973961)
(0.00395303 -0.0049661 0.0100358)
(0.00408142 -0.00490191 0.0100593)
(0.00423675 -0.00508 0.0101085)
(0.00435273 -0.00519178 0.0101212)
(0.00451424 -0.00549622 0.010711)
(0.00428112 -0.005055 0.00995157)
(0.00465409 -0.00622364 0.0103681)
(0.00445361 -0.00532741 0.0104346)
(0.00460707 -0.00567093 0.0103596)
(0.00433283 -0.00518522 0.0096734)
(0.00424138 -0.00489197 0.00931196)
(0.00414296 -0.00487221 0.00999615)
(0.00438981 -0.00557373 0.00985329)
(0.00449681 -0.00564429 0.00972025)
(0.00409587 -0.00473262 0.00976866)
(0.00428115 -0.00523251 0.0105124)
(0.00455826 -0.00519897 0.0101844)
(0.00381963 -0.00486495 0.00903919)
(0.0043123 -0.00495302 0.00998407)
(0.00448995 -0.00524706 0.0100972)
(0.00429212 -0.00505691 0.00966555)
(0.00425361 -0.00481493 0.010206)
(0.00410376 -0.00493721 0.00999787)
(0.00434386 -0.00522979 0.00974845)
(0.00428101 -0.00505082 0.00978724)
(0.00441516 -0.00509811 0.00976288)
(0.00453059 -0.00543227 0.0100977)
(0.00477317 -0.00560965 0.0104862)
(0.00455205 -0.00553297 0.0103003)
(0.00503934 -0.00583811 0.0109385)
(0.00418119 -0.00512355 0.0104407)
(0.00442789 -0.00546715 0.0104647)
(0.00439646 -0.00539726 0.0104039)
(0.00481069 -0.00572658 0.0107502)
(0.00504594 -0.00586736 0.01053)
(0.00444251 -0.00532394 0.0100135)
(0.00422539 -0.00522189 0.00982262)
(0.00433973 -0.00557385 0.0106274)
(0.00448049 -0.00587834 0.0110449)
(0.00437492 -0.0055014 0.010317)
(0.0047156 -0.00573172 0.0103009)
(0.00475322 -0.00552742 0.0103278)
(0.00466985 -0.00555049 0.00993153)
(0.00486071 -0.00602956 0.0109067)
(0.00463488 -0.00555393 0.0101416)
(0.00435175 -0.00555327 0.0100552)
(0.00486809 -0.00613511 0.0107523)
(0.00440839 -0.00569571 0.0108205)
(0.00467041 -0.00566236 0.0105415)
(0.00481191 -0.00594724 0.0104461)
(0.00465601 -0.00600387 0.0103827)
(0.00489355 -0.00610046 0.0103893)
(0.0044963 -0.00539351 0.0104579)
(0.00426483 -0.00511043 0.0100309)
(0.0045746 -0.00537118 0.00990433)
(0.00443691 -0.00548439 0.0101063)
(0.00464542 -0.005435 0.0101959)
(0.00442718 -0.0053187 0.0103391)
(0.00467452 -0.00557423 0.0106549)
(0.00447329 -0.00520026 0.0101505)
(0.00526541 -0.006205 0.0111985)
(0.00455847 -0.00590932 0.0109306)
(0.00446312 -0.0056263 0.0104847)
(0.00464859 -0.00599209 0.0109611)
(0.00457096 -0.00590854 0.0109038)
(0.00457034 -0.00596878 0.0108266)
(0.00465629 -0.00578936 0.0109084)
(0.00482076 -0.00585873 0.0109084)
(0.00509803 -0.006271 0.0117384)
(0.00457475 -0.00550162 0.0103308)
(0.00429299 -0.00540538 0.0100446)
(0.00431281 -0.00541194 0.00995693)
(0.00443469 -0.00537015 0.00986178)
(0.00462219 -0.00566703 0.0105569)
(0.00444038 -0.00565431 0.0103411)
(0.00447456 -0.00554901 0.0102293)
(0.00452074 -0.00538277 0.0100278)
(0.00436948 -0.00552937 0.0103262)
(0.00470922 -0.00544165 0.0102101)
(0.00469594 -0.00547607 0.0101171)
(0.00493206 -0.00579191 0.0107789)
(0.0048715 -0.00599074 0.0106846)
(0.00498569 -0.00577544 0.0109349)
(0.00495421 -0.00589048 0.0110205)
(0.00476194 -0.00582065 0.0107135)
(0.00462835 -0.00553356 0.010435)
(0.00477786 -0.00585645 0.0108662)
(0.00506746 -0.00600375 0.0113282)
(0.00482877 -0.00612428 0.0109038)
(0.0047298 -0.0055628 0.0105648)
(0.00479281 -0.00581583 0.0106647)
(0.00489556 -0.00558486 0.0108555)
(0.00490853 -0.00580429 0.0106959)
(0.00482794 -0.00603826 0.0107886)
(0.00517653 -0.00608169 0.0113477)
(0.00504547 -0.00577574 0.0113146)
(0.00502334 -0.00595429 0.0112094)
(0.00511305 -0.00596168 0.0111004)
(0.00519163 -0.00634038 0.0118909)
(0.00480731 -0.00582577 0.0110015)
(0.0054524 -0.00662728 0.0120033)
(0.00531709 -0.00573563 0.0115115)
(0.00503489 -0.0061849 0.0109845)
(0.00495031 -0.00571228 0.0109516)
(0.00465861 -0.00580313 0.0104823)
(0.00468198 -0.00583282 0.0102091)
(0.00501139 -0.00556841 0.0108318)
(0.00472877 -0.00591102 0.0106949)
(0.00469935 -0.00579772 0.0105658)
(0.00487259 -0.00594343 0.0108805)
(0.00475755 -0.00570605 0.010685)
(0.00456514 -0.00566884 0.0102949)
(0.00471493 -0.00566279 0.0102167)
(0.00489698 -0.00568237 0.0107478)
(0.00479821 -0.00599002 0.0110112)
(0.00492186 -0.00588496 0.0109988)
(0.00484992 -0.00587921 0.0108825)
(0.00484329 -0.00578055 0.0107353)
(0.00478645 -0.00601171 0.0110067)
(0.0048446 -0.00600988 0.0109525)
(0.00477336 -0.00587331 0.010889)
(0.00505448 -0.00613862 0.0112443)
(0.0046785 -0.00607055 0.0109676)
(0.00480754 -0.00590036 0.0109)
(0.00472969 -0.00569084 0.0106583)
(0.00493347 -0.00598941 0.0113564)
(0.00454244 -0.00585345 0.0105689)
(0.0045731 -0.00563152 0.0104507)
(0.00462938 -0.00576707 0.010583)
(0.00481533 -0.00574694 0.0105522)
(0.00477931 -0.00585469 0.0107568)
(0.00482944 -0.00578377 0.0107807)
(0.00469746 -0.00584599 0.0107129)
(0.00454149 -0.00579871 0.0105626)
(0.00507281 -0.00593673 0.011448)
(0.00459796 -0.00556811 0.0104795)
(0.00460489 -0.00581841 0.0106082)
(0.00478305 -0.00578097 0.0109472)
(0.00473386 -0.00560291 0.0106527)
(0.00504922 -0.00602098 0.0112924)
(0.00440389 -0.00546271 0.00991607)
(0.00450692 -0.00499281 0.00988395)
(0.00444938 -0.00571929 0.0111459)
(0.00416714 -0.00555294 0.0106259)
(0.00433029 -0.00552507 0.0105734)
(0.00437504 -0.00565496 0.010281)
(0.0049079 -0.00578171 0.0110898)
(0.00485091 -0.00557197 0.0106087)
(0.00457001 -0.00588091 0.0110093)
(0.00514 -0.00603276 0.0110486)
(0.00498088 -0.00562753 0.0101792)
(0.00483554 -0.00581316 0.0108115)
(0.00459413 -0.0058067 0.010727)
(0.00474264 -0.00596341 0.0109099)
(0.00468665 -0.00568287 0.0105245)
(0.0048754 -0.00573169 0.0107829)
(0.00480351 -0.00567932 0.0104977)
(0.00487053 -0.0058424 0.0107726)
(0.00489165 -0.0057579 0.0107579)
(0.00493937 -0.00591997 0.0110265)
(0.00496563 -0.00604017 0.0110362)
(0.00476458 -0.00654241 0.0119258)
(0.00496814 -0.00588588 0.0110478)
(0.00487496 -0.00603974 0.0110163)
(0.00486539 -0.00569221 0.0107667)
(0.00507471 -0.0060784 0.0111482)
(0.00478883 -0.00593852 0.0108866)
(0.00480084 -0.00611132 0.0110418)
(0.00494029 -0.00601135 0.0111412)
(0.00498328 -0.00600041 0.0111286)
(0.00507929 -0.00647398 0.0114923)
(0.00481465 -0.00594324 0.0109806)
(0.00493534 -0.00603212 0.0110853)
(0.00496397 -0.00617557 0.0112349)
(0.00518217 -0.00648902 0.0115296)
(0.00494369 -0.00585027 0.0110545)
(0.00484666 -0.00610806 0.011168)
(0.00488486 -0.00608604 0.0112904)
(0.00491178 -0.00605264 0.0110688)
(0.00530095 -0.0061784 0.0115259)
(0.00545331 -0.00657052 0.0121183)
(0.00523471 -0.00620081 0.0115811)
(0.00516876 -0.00604142 0.0112879)
(0.00505926 -0.00605764 0.0111287)
(0.00509721 -0.00609962 0.0114347)
(0.00466349 -0.00629965 0.0111851)
(0.00499688 -0.0062804 0.011536)
(0.00477138 -0.00654063 0.0112726)
(0.00503428 -0.00600746 0.0110417)
(0.00505379 -0.00644856 0.011722)
(0.00431606 -0.00533725 0.00980808)
(0.00430985 -0.00546225 0.0098776)
(0.00434842 -0.00477211 0.00938611)
(0.00429683 -0.00457351 0.00950701)
(0.0042651 -0.00500346 0.00943248)
(0.00448387 -0.00531704 0.0103442)
(0.00390858 -0.00519856 0.00939774)
(0.00428806 -0.00485927 0.00959536)
(0.00424706 -0.00512794 0.0095452)
(0.00414351 -0.00503929 0.0095757)
(0.00411357 -0.00479793 0.00929182)
(0.00442433 -0.00512217 0.00965982)
(0.00437242 -0.00572947 0.00989063)
(0.00423181 -0.00454108 0.00942722)
(0.0046129 -0.00516736 0.00992056)
(0.00409227 -0.00516306 0.00926361)
(0.00443104 -0.00508145 0.00978252)
(0.00431585 -0.0050142 0.00955433)
(0.0043119 -0.00522698 0.00989281)
(0.00460703 -0.00517058 0.0100537)
(0.00477918 -0.00551444 0.0103776)
(0.00448836 -0.00519229 0.00983554)
(0.00487552 -0.00559562 0.010629)
(0.00477927 -0.00566411 0.0105874)
(0.00472945 -0.00569218 0.0106042)
(0.00416262 -0.00507471 0.00960364)
(0.00422546 -0.00582001 0.0101345)
(0.00461508 -0.00521228 0.00998365)
(0.00446137 -0.00567039 0.0103119)
(0.00459728 -0.00568405 0.0106302)
(0.00437624 -0.00540533 0.00990472)
(0.00456538 -0.00537714 0.0101052)
(0.00476992 -0.00538439 0.0101983)
(0.00433242 -0.00566459 0.0102423)
(0.00494662 -0.0059427 0.0109513)
(0.00485821 -0.00567961 0.0107573)
(0.00481567 -0.00568565 0.0104103)
(0.00484846 -0.00595947 0.0102549)
(0.00449462 -0.0052741 0.00994333)
(0.00467913 -0.00553187 0.0101083)
(0.00429534 -0.00502589 0.00978518)
(0.00453317 -0.00576235 0.0102811)
(0.00461211 -0.00563809 0.0101793)
(0.0046317 -0.00543481 0.0105788)
(0.00440809 -0.00532431 0.0103715)
(0.00447577 -0.00531712 0.0100909)
(0.00468792 -0.00575235 0.0108948)
(0.00450907 -0.00574661 0.0100373)
(0.00420443 -0.00556296 0.00994471)
(0.00455607 -0.0062684 0.0109193)
(0.00486224 -0.00615945 0.0111121)
(0.00456096 -0.00579022 0.0103014)
(0.00439065 -0.00547838 0.00983048)
(0.00484283 -0.00543571 0.0103709)
(0.00453689 -0.00595834 0.0102598)
(0.00462487 -0.00550547 0.0107027)
(0.00478928 -0.00595836 0.0107806)
(0.00485769 -0.0059144 0.0108344)
(0.00448238 -0.00574766 0.0106443)
(0.00431163 -0.00572431 0.0099812)
(0.00448295 -0.00572162 0.0103811)
(0.00444846 -0.00561992 0.0102795)
(0.00459305 -0.0056072 0.0102452)
(0.00454686 -0.00551869 0.0101975)
(0.00459971 -0.00562725 0.0102747)
(0.00457806 -0.00555892 0.0102426)
(0.00470255 -0.00592708 0.010571)
(0.00452816 -0.00540184 0.010266)
(0.004618 -0.00563608 0.0105389)
(0.00452902 -0.00531623 0.00999918)
(0.00442009 -0.0056145 0.0103146)
(0.00447716 -0.0052816 0.00999275)
(0.0046188 -0.00605901 0.0105358)
(0.00428717 -0.00628811 0.0102895)
(0.00440137 -0.00576908 0.00990235)
(0.00465783 -0.0055815 0.010176)
(0.00452699 -0.00570685 0.0101978)
(0.00431381 -0.00542428 0.00994126)
(0.00432545 -0.00531468 0.00977138)
(0.00442753 -0.00566209 0.010142)
(0.00444934 -0.00577268 0.0103262)
(0.00455861 -0.00562778 0.0105103)
(0.00451649 -0.00566212 0.0104401)
(0.00464792 -0.00562147 0.0104258)
(0.00446144 -0.0056229 0.0103141)
(0.00437029 -0.00559666 0.0102713)
(0.00468847 -0.0057138 0.0106166)
(0.00439637 -0.00546818 0.0100676)
(0.00465875 -0.00559759 0.0103419)
(0.00466962 -0.00568789 0.0105618)
(0.00457947 -0.00569194 0.0104483)
(0.00448762 -0.00563421 0.0102264)
(0.00441174 -0.00565838 0.0102711)
(0.00461037 -0.00556249 0.0103216)
(0.00455977 -0.00557843 0.0102188)
(0.00466003 -0.00575239 0.0104981)
(0.00470762 -0.00562539 0.0103908)
(0.00441945 -0.00563436 0.0101972)
(0.0047652 -0.00570874 0.0105923)
(0.00476159 -0.00572824 0.0105791)
(0.00429101 -0.00534053 0.00976573)
(0.00425796 -0.00515122 0.00947683)
(0.00429649 -0.00546219 0.0100439)
(0.0044242 -0.00551997 0.0100311)
(0.00407051 -0.00543432 0.00980838)
(0.00426983 -0.00570573 0.0101327)
(0.00493469 -0.00601321 0.0105908)
(0.00430189 -0.00548103 0.0104872)
(0.00454967 -0.00566492 0.0110874)
(0.00473282 -0.0057739 0.0109334)
(0.0049913 -0.00594951 0.0107426)
(0.00425155 -0.00562707 0.0105012)
(0.00482515 -0.00592293 0.0107207)
(0.00435858 -0.0054473 0.0104899)
(0.00523768 -0.00613918 0.0112696)
(0.0046789 -0.00540343 0.0102301)
(0.00504229 -0.00644355 0.010632)
(0.00446877 -0.00591925 0.0111658)
(0.00397845 -0.00527103 0.0103925)
(0.00459787 -0.00556206 0.0100979)
(0.0043993 -0.00524613 0.0108362)
(0.00458535 -0.00544144 0.0104026)
(0.00517 -0.00600446 0.010646)
(0.00443807 -0.0055288 0.0102759)
(0.0043335 -0.0053734 0.010288)
(0.00466152 -0.00579611 0.0107802)
(0.00465538 -0.00577409 0.0105767)
(0.00464854 -0.0056809 0.0104758)
(0.00461535 -0.00557453 0.010355)
(0.00431192 -0.00536923 0.0102)
(0.00451588 -0.0054389 0.0106592)
(0.00467249 -0.00603884 0.0115896)
(0.0051187 -0.0059267 0.0105161)
(0.00463823 -0.00572096 0.0104573)
(0.00455166 -0.00561094 0.0104509)
(0.0044665 -0.00542992 0.00992873)
(0.00441737 -0.00545468 0.0102827)
(0.00457399 -0.00536933 0.010139)
(0.00455497 -0.0056397 0.0102931)
(0.00461901 -0.00566359 0.0102681)
(0.00495483 -0.00573897 0.0103202)
(0.00463298 -0.00550167 0.01015)
(0.00455956 -0.00568245 0.0108539)
(0.00440707 -0.00546142 0.0102554)
(0.00448947 -0.00572335 0.0105565)
(0.00432704 -0.00548806 0.0101492)
(0.00496258 -0.00588989 0.0109622)
(0.00482556 -0.00567422 0.0109288)
(0.00502567 -0.00597467 0.0108198)
(0.00464539 -0.00524233 0.0107015)
(0.00456376 -0.00585654 0.0103297)
(0.00505163 -0.00632751 0.0111017)
(0.00440444 -0.00536153 0.0101678)
(0.00416921 -0.00514292 0.00990284)
(0.00450985 -0.00534999 0.0104349)
(0.00458126 -0.00581662 0.0108572)
(0.0047478 -0.00604286 0.0107689)
(0.00522005 -0.0064017 0.011068)
(0.00506455 -0.00611019 0.0106803)
(0.00464532 -0.00542506 0.0111656)
(0.00447135 -0.0055576 0.0101304)
(0.0044823 -0.00545658 0.0105063)
(0.00460911 -0.00553738 0.00999795)
(0.004653 -0.00562069 0.0104211)
(0.00490218 -0.00593799 0.010834)
(0.00466686 -0.00579462 0.010846)
(0.00425164 -0.0052255 0.00989489)
(0.00458165 -0.00555241 0.0105311)
(0.00442001 -0.00548642 0.0102944)
(0.00470596 -0.00566778 0.0106547)
(0.00431159 -0.00522626 0.0103943)
(0.00463554 -0.00518125 0.0105806)
(0.00514879 -0.00622816 0.0106781)
(0.00514341 -0.00651096 0.010975)
(0.00517118 -0.00575962 0.0113593)
(0.00495536 -0.00562844 0.0110941)
(0.0048285 -0.0055676 0.0111199)
(0.00507897 -0.00604667 0.0112586)
(0.00506649 -0.00626606 0.0113891)
(0.00449421 -0.00556746 0.0108628)
(0.00447685 -0.00554588 0.0101855)
(0.00465165 -0.00590423 0.0104832)
(0.00444279 -0.0054806 0.0103112)
(0.00442276 -0.00525783 0.0104058)
(0.00491721 -0.00572989 0.0110293)
(0.00483564 -0.00569894 0.011034)
(0.00496851 -0.00601757 0.010801)
(0.0046259 -0.00568285 0.0103918)
(0.00464314 -0.00540168 0.0103093)
(0.00460708 -0.00544412 0.0102811)
(0.00460074 -0.00554306 0.010253)
(0.00452897 -0.00547826 0.0103631)
(0.00440166 -0.0056978 0.0105169)
(0.0047095 -0.00562485 0.0106692)
(0.00457554 -0.00537956 0.0104639)
(0.0044959 -0.0053051 0.00999956)
(0.00450206 -0.00545345 0.0100838)
(0.00466471 -0.00574579 0.0106564)
(0.00434791 -0.00584027 0.0100806)
(0.0045686 -0.00533684 0.00991098)
(0.00465517 -0.00607139 0.0108612)
(0.00450072 -0.00584604 0.0106933)
(0.00444291 -0.00583524 0.00983397)
(0.0050462 -0.00614773 0.0115936)
(0.00439964 -0.0060663 0.0103)
(0.00433626 -0.0053973 0.00997487)
(0.00517982 -0.00617787 0.011615)
(0.00481266 -0.00596944 0.0105964)
(0.00464596 -0.00514567 0.0109108)
(0.00470465 -0.00591998 0.0103403)
(0.00438639 -0.00555608 0.00973499)
(0.00475303 -0.00612266 0.0105007)
(0.00452459 -0.00544498 0.0103071)
(0.00461871 -0.00530225 0.0105496)
(0.00475268 -0.00591767 0.0108269)
(0.00461329 -0.00545419 0.0110527)
(0.00491627 -0.00581292 0.0109366)
(0.00461575 -0.00529237 0.010434)
(0.00425223 -0.00543489 0.0100958)
(0.00438635 -0.00487666 0.0095855)
(0.00433707 -0.00563852 0.0103698)
(0.00481801 -0.00522629 0.00994618)
(0.00484596 -0.005598 0.0105237)
(0.0042779 -0.00555911 0.0100681)
(0.00452342 -0.0049405 0.0100686)
(0.00432537 -0.00520412 0.00984499)
(0.00447558 -0.00536138 0.00992304)
(0.00452287 -0.00477621 0.0100172)
(0.00435051 -0.0049897 0.00965091)
(0.00416288 -0.00485467 0.00939979)
(0.00416904 -0.00488784 0.00950028)
(0.00424769 -0.00505507 0.00955921)
(0.00420446 -0.00495053 0.00913816)
(0.00435668 -0.00532105 0.00973012)
(0.00411195 -0.0052026 0.00922862)
(0.00481373 -0.00575301 0.0109657)
(0.00498466 -0.00575149 0.0106472)
(0.00456274 -0.0056568 0.0106838)
(0.00512702 -0.00573924 0.0107043)
(0.0045325 -0.00568558 0.0103436)
(0.00452668 -0.00566351 0.010455)
(0.00469445 -0.00557843 0.010423)
(0.00451297 -0.00592111 0.0105979)
(0.00459122 -0.00585065 0.0105888)
(0.0045874 -0.00574098 0.0105265)
(0.00490302 -0.00588781 0.0111131)
(0.00448582 -0.00617853 0.0108224)
(0.00500812 -0.00621597 0.0112108)
(0.00501963 -0.00593884 0.0110088)
(0.00474947 -0.00578245 0.0107169)
(0.00458746 -0.00586319 0.0106174)
(0.00488271 -0.00619324 0.0109902)
(0.00494495 -0.00619234 0.0111011)
(0.00459022 -0.00598904 0.0105802)
(0.00492531 -0.0054404 0.0103821)
(0.00466712 -0.00544959 0.0102381)
(0.00465048 -0.0054738 0.0102345)
(0.00485266 -0.00582529 0.0106524)
(0.00468047 -0.00589132 0.0106011)
(0.00483887 -0.00605477 0.0107457)
(0.00467971 -0.00573871 0.0104895)
(0.00476018 -0.00587246 0.0107079)
(0.00543981 -0.00552068 0.0118895)
(0.00525436 -0.00596108 0.0116489)
(0.00515633 -0.00611864 0.0114456)
(0.00516898 -0.00652775 0.0117647)
(0.00535739 -0.00638247 0.0120854)
(0.0044768 -0.00500182 0.00988947)
(0.00441637 -0.0052911 0.00976912)
(0.0046676 -0.00568011 0.0106171)
(0.0044068 -0.00503803 0.0095988)
(0.00466254 -0.00510813 0.0100021)
(0.00465437 -0.00538418 0.010161)
(0.00449096 -0.00526004 0.00991008)
(0.00444753 -0.00518648 0.0101428)
(0.00457117 -0.00525231 0.0102302)
(0.00452195 -0.00474206 0.00968017)
(0.00412134 -0.00458201 0.00916133)
(0.00401249 -0.00449903 0.00895989)
(0.0040405 -0.00439612 0.00965789)
(0.00382048 -0.00414239 0.0089038)
(0.00427345 -0.00465189 0.00924876)
(0.00443304 -0.00540192 0.00941888)
(0.00411423 -0.00466019 0.00923781)
(0.00452424 -0.00496146 0.00992006)
(0.00400579 -0.00515364 0.00909802)
(0.00402002 -0.00478887 0.00906966)
(0.0044646 -0.00580084 0.0109507)
(0.00476327 -0.005417 0.0105326)
(0.0047696 -0.00569052 0.0105088)
(0.00436212 -0.00554454 0.0102143)
(0.00447215 -0.00556529 0.0101842)
(0.00484972 -0.00571908 0.0106612)
(0.00461006 -0.00568064 0.0104812)
(0.00463061 -0.00564965 0.0103176)
(0.00472742 -0.00552094 0.0103221)
(0.00469626 -0.00550517 0.0103184)
(0.00454307 -0.00559307 0.0102197)
(0.00448221 -0.00568217 0.0103611)
(0.00462628 -0.00548228 0.010233)
(0.00459019 -0.00561058 0.0104785)
(0.00463518 -0.00533655 0.00998509)
(0.0046186 -0.00560843 0.010327)
(0.00442686 -0.00554584 0.0102505)
(0.00463799 -0.00530752 0.0101713)
(0.00474645 -0.00577905 0.0107684)
(0.0044656 -0.00549172 0.0102635)
(0.00441713 -0.00548304 0.0100272)
(0.00458025 -0.00550566 0.0102104)
(0.00468945 -0.00551377 0.0102802)
(0.00440931 -0.00544683 0.0102717)
(0.00471596 -0.00584979 0.0104995)
(0.00441588 -0.00579811 0.0100733)
(0.00450183 -0.00552663 0.00993698)
(0.00453528 -0.00519539 0.010265)
(0.00450552 -0.00530306 0.00983808)
(0.00434563 -0.00518466 0.00974762)
(0.00436935 -0.00545579 0.010322)
(0.00460473 -0.00569149 0.0105658)
(0.00461418 -0.00568467 0.010572)
(0.00469248 -0.00566188 0.0104379)
(0.00451866 -0.00579305 0.0106414)
(0.00468322 -0.00573704 0.0105787)
(0.00465999 -0.00562371 0.0104496)
(0.00459328 -0.0056357 0.0104234)
(0.0046323 -0.00559827 0.010349)
(0.00467837 -0.00561157 0.0104256)
(0.004642 -0.00557868 0.0104051)
(0.00445402 -0.00540416 0.0100869)
(0.00448697 -0.00559446 0.0103813)
(0.0044852 -0.00565063 0.0106326)
(0.00433015 -0.00529027 0.0100927)
(0.00457476 -0.00554162 0.0105893)
(0.00473356 -0.00554812 0.0101366)
(0.00460637 -0.00585667 0.0106819)
(0.00476197 -0.00576646 0.0111745)
(0.00433191 -0.0052306 0.00970873)
(0.0043478 -0.00534879 0.0101188)
(0.00453523 -0.00563421 0.0105228)
(0.00479721 -0.00554616 0.0102352)
(0.00449963 -0.00551661 0.0103578)
(0.00460578 -0.00555832 0.0104843)
(0.00476047 -0.00577618 0.0106674)
(0.00464974 -0.00557239 0.0105566)
(0.00462233 -0.00566498 0.0107343)
(0.00473423 -0.00603385 0.010743)
(0.00441548 -0.00561816 0.010617)
(0.0048666 -0.0059272 0.0101827)
(0.00490872 -0.00610713 0.0106823)
(0.00445283 -0.00543936 0.00978632)
(0.00475313 -0.00569331 0.0102926)
(0.00447003 -0.00561975 0.0104974)
(0.00481867 -0.00588247 0.0109694)
(0.00462232 -0.00593736 0.0113324)
(0.00451602 -0.00594167 0.0112032)
(0.00464598 -0.00547194 0.0100846)
(0.0045071 -0.00561019 0.0106064)
(0.00440464 -0.00532352 0.0101816)
(0.00504313 -0.0056667 0.0103145)
(0.00463544 -0.00544225 0.0102033)
(0.00456981 -0.00570078 0.0102169)
(0.00471006 -0.00544556 0.0101219)
(0.00442276 -0.00574273 0.0102965)
(0.00474413 -0.00552573 0.0107202)
(0.00462623 -0.0053126 0.0104373)
(0.00469092 -0.00525757 0.0101166)
(0.00448262 -0.00555415 0.0101421)
(0.00465755 -0.00539263 0.0105283)
(0.00502956 -0.0060203 0.0111461)
(0.00474864 -0.00574981 0.010488)
(0.00444644 -0.00565126 0.0104664)
(0.00458117 -0.00555208 0.0102418)
(0.0047139 -0.00591368 0.0109953)
(0.00457984 -0.0057862 0.0104766)
(0.0042991 -0.00564821 0.0104676)
(0.00468071 -0.00564771 0.0107244)
(0.00491276 -0.00615682 0.0111508)
(0.00488538 -0.00599479 0.0108999)
(0.0045801 -0.0057424 0.0104227)
(0.00466155 -0.00567827 0.0107842)
(0.00456187 -0.00546084 0.0103985)
(0.00455747 -0.00551724 0.0104476)
(0.00460618 -0.0054858 0.0102349)
(0.00446718 -0.0054908 0.0102088)
(0.00443754 -0.00532752 0.00987759)
(0.00443342 -0.0054616 0.00998937)
(0.00444506 -0.00572067 0.010371)
(0.00447094 -0.00559309 0.0100888)
(0.00466184 -0.00572113 0.0105333)
(0.00463593 -0.00548961 0.0105011)
(0.004377 -0.00533671 0.0102794)
(0.00476544 -0.005827 0.0110283)
(0.00475492 -0.00602071 0.0109676)
(0.00448998 -0.00564845 0.0103213)
(0.00526329 -0.00606634 0.0112158)
(0.00492822 -0.0056581 0.00996229)
(0.00474338 -0.00559288 0.00991252)
(0.00457987 -0.00563526 0.00989496)
(0.00445934 -0.00530091 0.0111121)
(0.00402331 -0.00521972 0.0102934)
(0.00472411 -0.00544068 0.0102668)
(0.00440581 -0.00540856 0.0100564)
(0.00490149 -0.00564188 0.0107327)
(0.00513726 -0.00605691 0.0105525)
(0.00490949 -0.00613922 0.0103648)
(0.00520795 -0.00627151 0.0105415)
(0.00517216 -0.00599581 0.0106268)
(0.00428538 -0.00561347 0.0103304)
(0.00464008 -0.00572789 0.0105289)
(0.00480879 -0.00570733 0.0106904)
(0.00456637 -0.00550594 0.0102537)
(0.00467992 -0.00568441 0.0102263)
(0.00460901 -0.00558742 0.0103625)
(0.00460598 -0.00564684 0.0103005)
(0.00476326 -0.00569894 0.0105212)
(0.00451982 -0.00587306 0.0107715)
(0.00469833 -0.00577696 0.0105332)
(0.00484754 -0.00586255 0.0107503)
(0.00459612 -0.00556368 0.0103509)
(0.00445368 -0.00552341 0.0105057)
(0.00485422 -0.00580868 0.0110291)
(0.00473624 -0.00557007 0.010392)
(0.004519 -0.00558647 0.0102131)
(0.00449463 -0.00549406 0.010342)
(0.00451283 -0.0052374 0.0101238)
(0.0046972 -0.00519953 0.0107337)
(0.0044551 -0.00552797 0.0103689)
(0.00446899 -0.0054251 0.0105828)
(0.00467269 -0.00588061 0.0108473)
(0.00492356 -0.00574995 0.0107909)
(0.00482171 -0.00602338 0.0105401)
(0.00487587 -0.00630515 0.010777)
(0.00473702 -0.00535744 0.0109229)
(0.00533436 -0.00631784 0.0106947)
(0.00519986 -0.00600589 0.0111422)
(0.00463228 -0.00544784 0.0101788)
(0.00480428 -0.00574615 0.0108399)
(0.00462772 -0.00553957 0.0108016)
(0.00450674 -0.0057041 0.0109437)
(0.00451929 -0.00529125 0.0105025)
(0.00499617 -0.00602416 0.0110482)
(0.00449888 -0.00544522 0.0101848)
(0.00474313 -0.00613268 0.0106803)
(0.00447551 -0.00559692 0.0101765)
(0.00427673 -0.00519392 0.0102138)
(0.00488384 -0.00611401 0.0107579)
(0.00442634 -0.0054543 0.0100708)
(0.00424934 -0.00524227 0.00966366)
(0.00421002 -0.00536649 0.00989407)
(0.00437393 -0.00551602 0.0101183)
(0.00431828 -0.00530033 0.00998879)
(0.00513886 -0.00647548 0.0115302)
(0.00426594 -0.00506587 0.0103801)
(0.00533305 -0.00637999 0.0115419)
(0.00488246 -0.0052633 0.0115714)
(0.00459543 -0.00540867 0.0107984)
(0.00483432 -0.00551659 0.0108158)
(0.00549876 -0.00618792 0.0122183)
(0.00429483 -0.00546567 0.0105259)
(0.00448075 -0.00552019 0.0109051)
(0.00432666 -0.00545943 0.0098903)
(0.00438459 -0.00552336 0.0104805)
(0.00488043 -0.00585139 0.011251)
(0.00443707 -0.00550889 0.0103417)
(0.00449001 -0.00573319 0.0107557)
(0.00423079 -0.00568596 0.0112209)
(0.0043786 -0.00571078 0.0104522)
(0.00503085 -0.00587292 0.0113131)
(0.00480103 -0.00618559 0.0111676)
(0.00459414 -0.00569363 0.0103124)
(0.00425842 -0.0057916 0.00977221)
(0.00478689 -0.005634 0.0106152)
(0.00479996 -0.00514133 0.0100241)
(0.00458797 -0.00554388 0.0102882)
(0.00455565 -0.00484437 0.0097397)
(0.00402034 -0.00585895 0.00976928)
(0.00465439 -0.00590646 0.0108635)
(0.00464773 -0.00610125 0.0112915)
(0.00449599 -0.00601418 0.0111179)
(0.00466916 -0.00601217 0.0108785)
(0.00465766 -0.00603347 0.0110463)
(0.00485104 -0.00602489 0.010938)
(0.00506506 -0.00612603 0.0113751)
(0.0049644 -0.00597486 0.0111705)
(0.00468269 -0.00612715 0.0110777)
(0.00501725 -0.00587612 0.0112014)
(0.00468922 -0.00645448 0.0112359)
(0.00498867 -0.00638198 0.0116311)
(0.00463514 -0.00622959 0.0113621)
(0.00459053 -0.00619542 0.011206)
)
;
    }
    INLET
    {
        type            calculated;
        value           nonuniform 0();
    }
    OUTLET
    {
        type            calculated;
        value           nonuniform 0();
    }
    procBoundary29to28
    {
        type            processor;
        value           uniform (0 0 0);
    }
    procBoundary29to30
    {
        type            processor;
        value           uniform (0 0 0);
    }
}


// ************************************************************************* //
