/*--------------------------------*- C++ -*----------------------------------*\
| =========                 |                                                 |
| \\      /  F ield         | OpenFOAM: The Open Source CFD Toolbox           |
|  \\    /   O peration     | Version:  v1612+                                |
|   \\  /    A nd           | Web:      www.OpenFOAM.com                      |
|    \\/     M anipulation  |                                                 |
\*---------------------------------------------------------------------------*/
FoamFile
{
    version     2.0;
    format      ascii;
    class       volVectorField;
    location    "200";
    object      wallShearStress;
}
// * * * * * * * * * * * * * * * * * * * * * * * * * * * * * * * * * * * * * //

dimensions      [0 2 -2 0 0 0 0];

internalField   uniform (0 0 0);

boundaryField
{
    WALL
    {
        type            calculated;
        value           nonuniform List<vector> 
1679
(
(-0.00897253 -0.0207365 -0.0122511)
(-0.0101977 -0.0214403 -0.0126426)
(-0.00645835 -0.00590189 -0.00506004)
(-0.00598971 -0.00526619 -0.00451302)
(-0.00481585 -0.00847554 -0.00794316)
(-0.00448981 -0.00821665 -0.00740143)
(-0.00850444 -0.0211662 -0.0120535)
(-0.00726397 -0.0184769 -0.00933413)
(-0.00706935 -0.0188017 -0.0113829)
(-0.00780341 -0.0200563 -0.01262)
(-0.00600411 -0.00991813 0.00045504)
(-0.00651149 -0.00860325 0.00106811)
(-0.00645161 -0.0112297 -0.0103672)
(-0.00644404 -0.0111069 -0.0113068)
(-0.00559278 -0.00817181 -0.00286379)
(-0.00584088 -0.00795788 -0.00364336)
(-0.00170634 -0.00593074 -0.00547261)
(-0.00170562 -0.00565961 -0.00574878)
(-0.00218322 -0.00784329 -0.00539784)
(-0.00208062 -0.00761245 -0.00524565)
(-0.00301652 -0.00812168 -0.00490916)
(-0.00293947 -0.00898196 -0.00572186)
(-0.00504199 -0.0107712 -0.0064677)
(-0.00569105 -0.0118471 -0.00701914)
(-0.00863811 -0.00908483 0.00273624)
(-0.00765238 -0.00797235 0.00171605)
(-0.00862638 -0.007003 -0.000232748)
(-0.00879586 -0.00679768 -0.00143575)
(-0.00899685 -0.00701958 0.000677665)
(-0.00904228 -0.00814101 0.00148352)
(-0.00782855 -0.00716529 -0.001881)
(-0.00785458 -0.00729878 -0.00054892)
(-0.00472355 -0.0168225 0.00154003)
(-0.00403098 -0.0155125 0.00158665)
(-0.0108407 -0.0214193 -0.00835548)
(-0.010193 -0.0210933 -0.0103086)
(-0.0141185 -0.0213839 -0.00721051)
(-0.0147862 -0.0210185 -0.00590318)
(-0.0119097 -0.0212123 -0.00892837)
(-0.0131966 -0.0225018 -0.00903771)
(-0.00493629 -0.0170969 -0.0123553)
(-0.0050804 -0.0188285 -0.0139329)
(-0.00715545 -0.0201346 -0.0132247)
(-0.00763606 -0.0192232 -0.0120284)
(-0.00650114 -0.0174291 -0.011356)
(-0.00750352 -0.0179038 -0.0119193)
(-0.00825671 -0.0168951 -0.0137692)
(-0.0074584 -0.0157684 -0.0133624)
(-0.00196293 -0.00756562 -0.00510626)
(-0.00157234 -0.00668583 -0.00552631)
(-0.00530659 -0.00941398 -0.00624122)
(-0.00465659 -0.00937722 -0.00561231)
(-0.00271508 -0.00754642 -0.00392867)
(-0.00281632 -0.00846619 -0.00376352)
(-0.00610017 -0.00973007 -0.00796209)
(-0.00589883 -0.0102019 -0.00903871)
(-0.00330177 -0.0127321 -0.0109099)
(-0.00558466 -0.0142994 -0.0153467)
(-0.00460224 -0.0118498 -0.0108703)
(-0.00546568 -0.0119401 -0.011727)
(-0.00307731 -0.00588733 -0.00786264)
(-0.00361832 -0.00601904 -0.00795816)
(-0.00351131 -0.0120193 -0.00928569)
(-0.00320877 -0.00971453 -0.0081851)
(-0.00235633 -0.010842 -0.00405864)
(-0.00253187 -0.0115247 -0.00457108)
(-0.00873659 -0.00888619 -0.0112732)
(-0.00677325 -0.00661927 -0.010066)
(-0.00586655 -0.0128709 -0.0118667)
(-0.00703101 -0.0143195 -0.0126414)
(-0.0057647 -0.0087501 -0.00134106)
(-0.00599225 -0.00882743 -0.000398685)
(-0.00341532 -0.00876062 -0.0033601)
(-0.00344975 -0.00810464 -0.00285435)
(-0.00821817 -0.012995 -0.0132035)
(-0.00828024 -0.0137866 -0.0142345)
(-0.00499529 -0.00776798 -0.00684766)
(-0.0046884 -0.00899403 -0.00730021)
(-0.00686331 -0.0139567 -0.0160603)
(-0.00719104 -0.0150545 -0.016877)
(-0.00781347 -0.0152105 -0.0171088)
(-0.0066183 -0.0156164 -0.0171923)
(-0.00692067 -0.014545 -0.015892)
(-0.00633765 -0.016504 -0.0166322)
(-0.00230661 -0.0183022 -0.00190462)
(-0.00210435 -0.0171688 -0.00384271)
(-0.00187048 -0.0177409 -0.00245208)
(-0.00191209 -0.0162236 -0.000930458)
(-0.00234546 -0.0144585 -0.00210062)
(-0.00208858 -0.0150552 -0.0027232)
(-0.00186396 -0.00603533 -0.00629896)
(-0.001689 -0.00551463 -0.00573827)
(-0.00210342 -0.00576694 -0.00667679)
(-0.00194875 -0.00601609 -0.00607337)
(-0.00165958 -0.00604148 -0.00578023)
(-0.00216683 -0.00808164 -0.00548423)
(-0.00204657 -0.00808532 -0.00550457)
(-0.00192228 -0.00734992 -0.00519534)
(-0.00210503 -0.00788828 -0.0053762)
(-0.00182315 -0.00784709 -0.0056702)
(-0.00206841 -0.00803794 -0.00533051)
(-0.00659651 -0.0120789 -0.00794287)
(-0.00548322 -0.0113843 -0.00710592)
(-0.00519073 -0.0110274 -0.00623454)
(-0.00599661 -0.0113846 -0.0072625)
(-0.00912877 -0.00744722 0.00125421)
(-0.0090161 -0.00662663 5.3629e-05)
(-0.00913523 -0.00607924 -0.000308327)
(-0.00823758 -0.00789854 -0.000381031)
(-0.0100921 -0.00735674 0.00062903)
(-0.00855814 -0.00740479 0.001062)
(-0.0115802 -0.00595553 -0.00156547)
(-0.0113032 -0.00554878 -0.00266267)
(-0.0108667 -0.00574734 -0.00242671)
(-0.0106305 -0.00631594 -0.00327528)
(-0.0116763 -0.00650444 -0.00220316)
(-0.0125967 -0.0211728 -0.000786357)
(-0.0118394 -0.0203084 0.000769642)
(-0.0128348 -0.0202272 0.000844339)
(-0.0138702 -0.0208581 -0.00175961)
(-0.0138818 -0.0210004 -0.000180302)
(-0.0129111 -0.0225826 -0.00329888)
(-0.00714886 -0.0199596 -0.0142417)
(-0.00658617 -0.0193956 -0.0132055)
(-0.00759049 -0.0191414 -0.0139821)
(-0.00820137 -0.0200966 -0.0137834)
(-0.00739911 -0.0196505 -0.0132696)
(-0.00815303 -0.020807 -0.014731)
(-0.00275719 -0.0214546 -0.00881833)
(-0.00382913 -0.0213019 -0.00994333)
(-0.00492713 -0.0224482 -0.0111826)
(-0.00543912 -0.022797 -0.0122708)
(-0.00381232 -0.0235024 -0.0099827)
(-0.00421854 -0.0202656 -0.0106362)
(-0.00443774 -0.0172947 -0.0144611)
(-0.00525946 -0.0189221 -0.0156181)
(-0.00346902 -0.0153338 -0.0139811)
(-0.00468062 -0.0187948 -0.0145157)
(-0.00498573 -0.0173141 -0.0156477)
(-0.0048573 -0.0170012 -0.0157816)
(-0.00830403 -0.0177041 -0.013406)
(-0.0087572 -0.017656 -0.0131576)
(-0.00933302 -0.0193271 -0.0140804)
(-0.00828558 -0.0187608 -0.0133344)
(-0.00876486 -0.017887 -0.0136788)
(-0.00801971 -0.0188929 -0.013898)
(-0.00887889 -0.0202057 -0.0113211)
(-0.00890421 -0.0200362 -0.0120129)
(-0.00957928 -0.0210822 -0.0120287)
(-0.00891014 -0.020364 -0.0126234)
(-0.00816768 -0.0199514 -0.012143)
(-0.00841376 -0.0201003 -0.0115941)
(-0.00838009 -0.019897 -0.0124806)
(-0.00924922 -0.0209999 -0.0132192)
(-0.00719303 -0.0114324 -0.00965384)
(-0.0065129 -0.0109339 -0.00854033)
(-0.00631351 -0.0104013 -0.00831825)
(-0.0069131 -0.011273 -0.00911003)
(-0.00660488 -0.0103347 -0.00862992)
(-0.00672766 -0.0107644 -0.00917999)
(-0.00424459 -0.00964217 -0.00911975)
(-0.00438257 -0.0108691 -0.00998969)
(-0.00381932 -0.00923256 -0.00841107)
(-0.00391592 -0.0101458 -0.00882192)
(-0.00363231 -0.010328 -0.00884151)
(-0.00398625 -0.0105651 -0.00941326)
(-0.00363318 -0.00839023 -0.00912299)
(-0.0033302 -0.00734468 -0.00818879)
(-0.00397346 -0.00776687 -0.00905459)
(-0.00413375 -0.00779955 -0.0091268)
(-0.00282141 -0.00733618 -0.00767326)
(-0.00279778 -0.00713722 -0.00778214)
(-0.00442075 -0.0192745 -0.0139353)
(-0.00460492 -0.019022 -0.0145116)
(-0.00408373 -0.0179774 -0.0134861)
(-0.00513875 -0.0186285 -0.0127364)
(-0.00478889 -0.0200049 -0.013958)
(-0.00495962 -0.019131 -0.013119)
(-0.00461141 -0.00848718 -0.00314581)
(-0.00466827 -0.00890079 -0.00313388)
(-0.00423402 -0.00879977 -0.00301215)
(-0.00430753 -0.00846359 -0.00256633)
(-0.00416881 -0.00845031 -0.00222013)
(-0.00852572 -0.0134497 -0.012976)
(-0.00863002 -0.0132654 -0.0116669)
(-0.00876373 -0.014124 -0.0128607)
(-0.00825755 -0.0145312 -0.0157326)
(-0.00810214 -0.0138673 -0.0147614)
(-0.00778009 -0.0139263 -0.0149859)
(-0.00535413 -0.0136294 -0.0147549)
(-0.0057562 -0.0116682 -0.0130332)
(-0.00553535 -0.0123075 -0.0133056)
(-0.00483115 -0.012372 -0.0133832)
(-0.0059542 -0.0142253 -0.0144681)
(-0.00529738 -0.0160435 -0.0173431)
(-0.00443479 -0.0150606 -0.0150621)
(-0.00457087 -0.0188082 -0.0172309)
(-0.00434507 -0.0158908 -0.0152206)
(-0.00519063 -0.00505561 -0.00459113)
(-0.00554764 -0.00626397 -0.00542454)
(-0.00481124 -0.00673924 -0.00566687)
(-0.00702967 -0.00514337 -0.00476957)
(-0.00531985 -0.00586087 -0.00520108)
(-0.00450533 -0.0052674 -0.00452909)
(-0.00396515 -0.00703994 -0.00536025)
(-0.00413765 -0.0065818 -0.00542543)
(-0.00567974 -0.00782208 -0.0040484)
(-0.00567882 -0.00754795 -0.00416453)
(-0.00612858 -0.0079605 -0.00356383)
(-0.00618441 -0.00743473 -0.00406535)
(-0.00624696 -0.00768503 -0.00372405)
(-0.00684544 -0.00716467 -0.00408767)
(-0.00646647 -0.00689646 -0.00478042)
(-0.00620572 -0.00701974 -0.0048164)
(-0.00681955 -0.0067308 -0.00415698)
(-0.00631784 -0.00718899 -0.00453724)
(-0.00659692 -0.00693557 -0.00384234)
(-0.00546844 -0.00734822 -0.00629635)
(-0.00611068 -0.00701611 -0.00558696)
(-0.00594338 -0.0072149 -0.00568987)
(-0.0056981 -0.00725588 -0.0062187)
(-0.00562997 -0.00740417 -0.00621224)
(-0.00626229 -0.00768021 -0.00624941)
(-0.00581314 -0.00765911 -0.00599421)
(-0.00578095 -0.00730653 -0.00580629)
(-0.0058881 -0.00707391 -0.00477438)
(-0.00598147 -0.00738369 -0.00535201)
(-0.00577869 -0.00739135 -0.00490997)
(-0.00567739 -0.00754382 -0.00554378)
(-0.00602465 -0.00847391 -0.00151198)
(-0.00685134 -0.00830634 -0.00146395)
(-0.00688743 -0.00863909 -0.00115495)
(-0.00619605 -0.00805379 -0.00151082)
(-0.00544804 -0.00934531 -0.00141329)
(-0.00627673 -0.00868621 -0.000939043)
(-0.00497635 -0.00887669 -0.00191577)
(-0.0047321 -0.00883784 -0.00158978)
(-0.00459488 -0.0091431 -0.00116027)
(-0.00497974 -0.00833927 -0.00163647)
(-0.00427204 -0.00883298 -0.00237411)
(-0.00396062 -0.00856143 -0.00172164)
(-0.0049147 -0.00824073 -0.00401466)
(-0.00516936 -0.00877007 -0.00365481)
(-0.00480357 -0.00865135 -0.00352656)
(-0.00543854 -0.00833714 -0.00403376)
(-0.00534404 -0.0081425 -0.00342416)
(-0.00477284 -0.00768033 -0.00325079)
(-0.00918491 -0.0110795 -0.0127677)
(-0.00827935 -0.00889567 -0.0119015)
(-0.00781846 -0.00915902 -0.012021)
(-0.00730865 -0.00957219 -0.011588)
(-0.00898296 -0.0116824 -0.0127151)
(-0.00835553 -0.0108096 -0.0123542)
(-0.0107233 -0.0107676 -0.012183)
(-0.00954517 -0.0085927 -0.0115001)
(-0.00988338 -0.0102658 -0.0119427)
(-0.00902211 -0.00868304 -0.0114886)
(-0.0113342 -0.0106643 -0.0126748)
(-0.00816966 -0.0183911 -0.010876)
(-0.0022475 -0.0227319 -0.00703142)
(-0.00304486 -0.0238217 -0.00764428)
(-0.00240996 -0.0233818 -0.00581936)
(-0.00221767 -0.0168245 0.000965284)
(-0.00268896 -0.0173751 -0.00888916)
(-0.00246928 -0.0143509 -0.00747763)
(-0.00289284 -0.0145187 -0.00837282)
(-0.0024246 -0.014385 -0.00763433)
(-0.0034077 -0.0157629 -0.00954825)
(-0.0025913 -0.0160751 -0.00855357)
(-0.00508891 -0.0150201 -0.0118909)
(-0.00437324 -0.013541 -0.0106461)
(-0.00434815 -0.0158164 -0.0111837)
(-0.00451725 -0.0153431 -0.0114132)
(-0.00397907 -0.0134548 -0.0100981)
(-0.00348619 -0.0138238 -0.0095128)
(-0.00180433 -0.00829927 -0.00573629)
(-0.00202481 -0.00865573 -0.00658045)
(-0.00218949 -0.00971579 -0.00600122)
(-0.00197919 -0.00964716 -0.00624095)
(-0.00254253 -0.0098402 -0.00771882)
(-0.00251049 -0.00929725 -0.00653802)
(-0.00232841 -0.00934641 -0.00557082)
(-0.00273454 -0.0121019 -0.00751672)
(-0.00266862 -0.0115313 -0.00772629)
(-0.0025684 -0.010999 -0.00680792)
(-0.00314542 -0.011891 -0.00829602)
(-0.00275209 -0.012424 -0.00784236)
(-0.0024854 -0.0113378 -0.00658827)
(-0.00894892 -0.0177578 -0.0114907)
(-0.00877581 -0.0191287 -0.0119903)
(-0.00855483 -0.0181185 -0.011518)
(-0.00821869 -0.0190222 -0.0119076)
(-0.0102948 -0.0182632 -0.011601)
(-0.00969093 -0.0175206 -0.0106291)
(-0.0063395 -0.0144483 -0.01263)
(-0.00617755 -0.0148686 -0.0130088)
(-0.00522427 -0.0129265 -0.0116251)
(-0.00613541 -0.0129812 -0.012273)
(-0.00516281 -0.0130017 -0.011494)
(-0.00654505 -0.0141662 -0.0126388)
(-0.00635736 -0.00930518 -0.0116548)
(-0.00792906 -0.0116792 -0.013257)
(-0.00720261 -0.0119682 -0.0122985)
(-0.00548997 -0.00975508 -0.0106601)
(-0.00621125 -0.01111 -0.0115642)
(-0.00686201 -0.00975094 -0.0118079)
(-0.00486414 -0.00852255 -0.010457)
(-0.00387361 -0.00607147 -0.00864239)
(-0.0058801 -0.00711942 -0.0103783)
(-0.00527488 -0.00738642 -0.00986967)
(-0.00450826 -0.00661999 -0.00913154)
(-0.0052549 -0.0118305 -0.0117901)
(-0.00545151 -0.0128113 -0.0130392)
(-0.00586835 -0.0112472 -0.0124379)
(-0.00589719 -0.0129859 -0.0135652)
(-0.00519022 -0.0117191 -0.0122034)
(-0.00534014 -0.0119072 -0.0131032)
(-0.00406078 -0.0134334 -0.0109314)
(-0.00472079 -0.013763 -0.0134422)
(-0.00355947 -0.0132099 -0.0129396)
(-0.00516402 -0.013778 -0.0134035)
(-0.00464108 -0.0150315 -0.0141899)
(-0.0032102 -0.0113397 -0.0088996)
(-0.00372706 -0.0114016 -0.00981602)
(-0.00367573 -0.012127 -0.00962444)
(-0.00385905 -0.0120493 -0.0100508)
(-0.00373411 -0.0121429 -0.0100606)
(-0.00308489 -0.01012 -0.00759848)
(-0.00293871 -0.0118118 -0.00809226)
(-0.0035386 -0.0117674 -0.00874897)
(-0.0033062 -0.0103434 -0.00811072)
(-0.00294752 -0.0106631 -0.00727529)
(-0.00335369 -0.0107181 -0.00846403)
(-0.00377298 -0.00981362 -0.00803196)
(-0.00435718 -0.00883608 -0.00782922)
(-0.00390113 -0.00918279 -0.0079787)
(-0.00439182 -0.00910651 -0.00787164)
(-0.00406623 -0.00927431 -0.00786129)
(-0.00361697 -0.00958938 -0.00776594)
(-0.00528486 -0.00958825 -0.00818537)
(-0.00551007 -0.00961158 -0.00888148)
(-0.00491207 -0.00935374 -0.00858174)
(-0.00556198 -0.00939462 -0.00807493)
(-0.00540371 -0.00901355 -0.00766246)
(-0.00541726 -0.00969282 -0.00870356)
(-0.0055217 -0.00825203 -0.00725914)
(-0.00522096 -0.00783143 -0.0069317)
(-0.00529454 -0.0080767 -0.0066075)
(-0.00544583 -0.00797672 -0.00652248)
(-0.00548512 -0.00884426 -0.00744344)
(-0.00541407 -0.00743737 -0.00597947)
(-0.00504882 -0.00855128 -0.00750702)
(-0.00536272 -0.00783134 -0.00670165)
(-0.00565893 -0.00803588 -0.00690772)
(-0.00508068 -0.00800245 -0.00683355)
(-0.00476286 -0.00834231 -0.00742485)
(-0.00527808 -0.00790621 -0.00714694)
(-0.00515743 -0.00825893 -0.00722092)
(-0.00460765 -0.00848179 -0.00778767)
(-0.00791184 -0.0123053 -0.0105171)
(-0.00826851 -0.0131021 -0.0111494)
(-0.00806793 -0.012573 -0.0112822)
(-0.0076127 -0.0115754 -0.00969439)
(-0.00800087 -0.0122273 -0.010093)
(-0.00793478 -0.0119112 -0.0108708)
(-0.00563456 -0.0101936 -0.00700811)
(-0.0052389 -0.00979232 -0.00657395)
(-0.00578494 -0.0103486 -0.00735098)
(-0.00581307 -0.0101024 -0.00732359)
(-0.00530813 -0.0100761 -0.0066248)
(-0.00557085 -0.00968307 -0.00677834)
(-0.00659607 -0.0114374 -0.00812838)
(-0.00701838 -0.0111964 -0.00857338)
(-0.00614711 -0.0114974 -0.00782999)
(-0.00661097 -0.0109876 -0.00799423)
(-0.00691338 -0.0117999 -0.00875159)
(-0.006007 -0.010939 -0.00763321)
(-0.00604882 -0.0101601 -0.00782747)
(-0.00571174 -0.00992142 -0.00751377)
(-0.00597743 -0.0102194 -0.00828594)
(-0.00618807 -0.0100688 -0.00752914)
(-0.00596545 -0.0104774 -0.00864355)
(-0.00299325 -0.00791555 -0.00395602)
(-0.00308487 -0.00854279 -0.00446806)
(-0.00295464 -0.00873655 -0.00460561)
(-0.00287941 -0.00815755 -0.00420955)
(-0.00319478 -0.00838604 -0.0043487)
(-0.00400619 -0.00861487 -0.00501108)
(-0.00377559 -0.00888273 -0.00511843)
(-0.00317265 -0.0087484 -0.00534611)
(-0.00417498 -0.00908287 -0.00553373)
(-0.0041432 -0.00878965 -0.00544683)
(-0.00354313 -0.0083706 -0.00513072)
(-0.00475944 -0.00852897 -0.00468065)
(-0.00475695 -0.0083064 -0.0044506)
(-0.00479578 -0.00900588 -0.00530293)
(-0.00515027 -0.0079098 -0.00428943)
(-0.00472977 -0.00906385 -0.00478599)
(-0.00517803 -0.00887731 -0.00533356)
(-0.00423601 -0.00865729 -0.00485869)
(-0.00362073 -0.00792689 -0.00421012)
(-0.00399325 -0.00816585 -0.00419719)
(-0.00397375 -0.00885586 -0.00498438)
(-0.00362651 -0.00844966 -0.00458052)
(-0.00343311 -0.00864743 -0.00467567)
(-0.00270012 -0.0110646 -0.00211738)
(-0.00233825 -0.011719 -0.00312723)
(-0.0019768 -0.0126067 -0.00300623)
(-0.00255591 -0.0142922 -0.00293834)
(-0.00252216 -0.0119307 -0.00160392)
(-0.00248371 -0.0106776 -0.00238923)
(-0.00320583 -0.009318 -0.0026557)
(-0.0035648 -0.00888889 -0.00253024)
(-0.00313351 -0.00830161 -0.00286867)
(-0.00294562 -0.00909925 -0.00301595)
(-0.00298545 -0.00825933 -0.002577)
(-0.00349444 -0.00903929 -0.00230746)
(-0.00227381 -0.00821891 -0.00381678)
(-0.00236822 -0.00793857 -0.00409526)
(-0.00228275 -0.00762984 -0.00454196)
(-0.00220041 -0.00842931 -0.00533723)
(-0.0023628 -0.00863906 -0.00413969)
(-0.00209574 -0.00830123 -0.00517162)
(-0.00190579 -0.00822202 -0.00526557)
(-0.00202079 -0.0074079 -0.0054086)
(-0.00180499 -0.00803753 -0.00521866)
(-0.00168337 -0.00686755 -0.00524012)
(-0.00226081 -0.00851603 -0.00593207)
(-0.00374457 -0.0116698 -0.00059808)
(-0.00409356 -0.0106102 -0.000518149)
(-0.00430855 -0.0112353 6.45155e-05)
(-0.00324588 -0.0110236 -0.000515575)
(-0.00358427 -0.0110783 -0.00117313)
(-0.00442815 -0.0109569 -8.73925e-05)
(-0.00255847 -0.01038 -0.00377682)
(-0.0022474 -0.0105826 -0.00290228)
(-0.00193369 -0.00988186 -0.0028855)
(-0.00269481 -0.0101235 -0.00372932)
(-0.00169823 -0.0112986 -0.00220658)
(-0.00186514 -0.0112551 -0.00249667)
(-0.00492563 -0.00763562 -0.0053987)
(-0.00566289 -0.00871289 -0.00564886)
(-0.00416479 -0.00890531 -0.00487569)
(-0.00608176 -0.00744374 -0.00545045)
(-0.00648227 -0.00754789 -0.00569231)
(-0.00443114 -0.00826554 -0.00502156)
(-0.00243965 -0.00898807 -0.00477268)
(-0.00195027 -0.00923276 -0.00434065)
(-0.00286308 -0.00842682 -0.00543987)
(-0.00276205 -0.0088573 -0.00532867)
(-0.00227468 -0.0094872 -0.00518441)
(-0.00894357 -0.0200129 -0.0130714)
(-0.00874437 -0.0185357 -0.012666)
(-0.00932535 -0.020665 -0.014514)
(-0.00896216 -0.0208742 -0.0135209)
(-0.00847769 -0.0205348 -0.0141888)
(-0.00857504 -0.0203991 -0.0138798)
(-0.00866568 -0.0166045 -0.0129704)
(-0.00846976 -0.0160123 -0.0136552)
(-0.00852662 -0.0165433 -0.0131135)
(-0.00893771 -0.0169196 -0.013253)
(-0.00854275 -0.0170189 -0.0136281)
(-0.00839331 -0.0160553 -0.0133249)
(-0.00862632 -0.0184209 -0.0130871)
(-0.00872685 -0.01709 -0.0125408)
(-0.00845178 -0.0179568 -0.0128849)
(-0.00899623 -0.0186401 -0.0137709)
(-0.00898072 -0.0177903 -0.0132168)
(-0.008151 -0.0181126 -0.0126512)
(-0.00818798 -0.0196033 -0.0134141)
(-0.0081494 -0.0195085 -0.0132435)
(-0.00768597 -0.0191283 -0.0130702)
(-0.0085167 -0.0194757 -0.0138745)
(-0.00770257 -0.018017 -0.0124079)
(-0.00876464 -0.0197982 -0.0135913)
(-0.00794481 -0.0194636 -0.0108236)
(-0.00763798 -0.0199393 -0.0109716)
(-0.00652897 -0.0178517 -0.0101415)
(-0.00681215 -0.0204412 -0.0112915)
(-0.00711426 -0.0193948 -0.00903268)
(-0.00693893 -0.0191121 -0.00982351)
(-0.00584672 -0.0176135 -0.0110062)
(-0.00756892 -0.0207868 -0.0122706)
(-0.0057464 -0.0175652 -0.0105292)
(-0.00546653 -0.0169895 -0.0110623)
(-0.00535756 -0.0177576 -0.0115792)
(-0.00635989 -0.0180735 -0.0102457)
(-0.00657561 -0.0191345 -0.0117304)
(-0.0078368 -0.0199356 -0.0124252)
(-0.00728523 -0.0187585 -0.0116614)
(-0.00625177 -0.0187075 -0.0124596)
(-0.00352061 -0.0140053 -0.00962186)
(-0.00424714 -0.015388 -0.00933978)
(-0.00397367 -0.0154804 -0.0107489)
(-0.00431661 -0.0157969 -0.00974122)
(-0.00362128 -0.0136042 -0.00754782)
(-0.00353168 -0.0131178 -0.011834)
(-0.00394251 -0.0134892 -0.0121359)
(-0.00419388 -0.0144737 -0.0128912)
(-0.00351379 -0.0122138 -0.011946)
(-0.00449903 -0.0157219 -0.0130142)
(-0.00419546 -0.0144296 -0.0122289)
(-0.00443979 -0.0174188 -0.016082)
(-0.00555608 -0.0208016 -0.0153733)
(-0.00535347 -0.0194472 -0.0155964)
(-0.00481346 -0.0197454 -0.0148579)
(-0.00492429 -0.0179535 -0.0138102)
(-0.00385928 -0.018131 -0.0155596)
(-0.00488308 -0.0188882 -0.0138767)
(-0.00543877 -0.0193578 -0.0136966)
(-0.0058618 -0.0182979 -0.0122886)
(-0.00471286 -0.0183078 -0.0134205)
(-0.00484323 -0.0179474 -0.013077)
(-0.00550256 -0.0192805 -0.0143088)
(-0.00751408 -0.0190686 -0.0126796)
(-0.0070666 -0.0188956 -0.0125331)
(-0.00640365 -0.0181043 -0.0119493)
(-0.00621227 -0.0193482 -0.0131231)
(-0.00713176 -0.018883 -0.0120975)
(-0.00643201 -0.0189558 -0.0125401)
(-0.00606524 -0.0194928 -0.0137085)
(-0.00530631 -0.0171289 -0.0115395)
(-0.00541353 -0.0172891 -0.0120244)
(-0.00508872 -0.0176014 -0.0120933)
(-0.00512117 -0.0179535 -0.0125255)
(-0.0125006 -0.0187599 -0.00591372)
(-0.0141224 -0.0187025 -0.0050012)
(-0.00614676 -0.0218863 -0.00997384)
(-0.00702237 -0.0205887 -0.00843043)
(-0.00701846 -0.0224005 -0.0100319)
(-0.00514159 -0.0228884 -0.00920759)
(-0.0107057 -0.0210433 -0.011163)
(-0.0113191 -0.022139 -0.0115915)
(-0.0117575 -0.0216806 -0.0117776)
(-0.0102952 -0.020766 -0.0116349)
(-0.0109541 -0.020827 -0.0103491)
(-0.0102847 -0.0211534 -0.0123948)
(-0.014795 -0.0219997 -0.00623638)
(-0.0139648 -0.0215522 -0.00851843)
(-0.0127236 -0.0216976 -0.00979451)
(-0.0142537 -0.0212501 -0.00752492)
(-0.0132111 -0.0219275 -0.00977049)
(-0.0131798 -0.0213884 -0.00866282)
(-0.00601608 -0.0212028 -0.0124773)
(-0.0057258 -0.0191111 -0.0123425)
(-0.00662963 -0.0211177 -0.0130492)
(-0.00723237 -0.0216142 -0.014116)
(-0.00493137 -0.020706 -0.0118668)
(-0.00538493 -0.0211188 -0.013079)
(-0.00859702 -0.0189113 -0.0143811)
(-0.00980763 -0.0209978 -0.0155702)
(-0.00846395 -0.0189637 -0.0143344)
(-0.00847425 -0.0192208 -0.0148499)
(-0.0092895 -0.0195705 -0.0144223)
(-0.0087816 -0.0189195 -0.0137668)
(-0.00972284 -0.0207541 -0.0133796)
(-0.0100442 -0.0214268 -0.0146096)
(-0.0100094 -0.0217465 -0.0142714)
(-0.0100838 -0.021887 -0.0135812)
(-0.010207 -0.0207723 -0.0128203)
(-0.00998678 -0.0219795 -0.0148282)
(-0.00293044 -0.00792065 -0.00442869)
(-0.00202418 -0.00824303 -0.00401892)
(-0.00285868 -0.00759538 -0.00516143)
(-0.00233941 -0.00803654 -0.00448531)
(-0.00331684 -0.00654018 -0.00447607)
(-0.00349406 -0.00629703 -0.00488189)
(-0.00407344 -0.0159162 -0.00405373)
(-0.00440089 -0.0155769 -0.00489806)
(-0.00501899 -0.017313 -0.00501829)
(-0.00380326 -0.0147131 -0.00495439)
(-0.00350328 -0.0142565 -0.00597302)
(-0.00369208 -0.0151966 -0.00280767)
(-0.00306208 -0.0142584 -0.00307514)
(-0.00319493 -0.0123385 -0.00797419)
(-0.0030408 -0.0124039 -0.00801941)
(-0.00353101 -0.0130994 -0.00767036)
(-0.00302335 -0.0119815 -0.00762243)
(-0.00315193 -0.0129231 -0.0081625)
(-0.00327224 -0.0126855 -0.00821266)
(-0.0101046 -0.0203857 -0.00761377)
(-0.0115086 -0.021404 -0.00791177)
(-0.0111916 -0.0216403 -0.00906822)
(-0.0119315 -0.0223526 -0.0104324)
(-0.0105468 -0.0209424 -0.00737896)
(-0.0125566 -0.0215411 -0.00805557)
(-0.00697886 -0.0187397 -0.00954875)
(-0.00661497 -0.0179441 -0.0075921)
(-0.00608531 -0.0173652 -0.0083045)
(-0.00732687 -0.019219 -0.00864309)
(-0.0062797 -0.0179832 -0.00844256)
(-0.00588383 -0.017127 -0.00725712)
(-0.0091974 -0.0187033 -0.000920275)
(-0.00755062 -0.0184872 -0.000527607)
(-0.00951463 -0.019843 5.05572e-05)
(-0.00788532 -0.0184458 -0.00116896)
(-0.00675777 -0.0178221 0.000386795)
(-0.0079152 -0.0177046 0.00136672)
(-0.00525986 -0.0161399 0.00116127)
(-0.00434905 -0.0152412 0.000933823)
(-0.00490921 -0.0162042 0.00277277)
(-0.00351413 -0.0151691 0.000230646)
(-0.00616517 -0.0178884 0.0019791)
(-0.00628409 -0.0167429 0.00211498)
(-0.00174019 -0.00919191 -0.00305962)
(-0.00157333 -0.0109372 -0.00136803)
(-0.00224208 -0.0115483 -0.00275017)
(-0.00158692 -0.00893695 -0.00316297)
(-0.00163496 -0.0102362 -0.00262018)
(-0.0016171 -0.0101435 -0.00333917)
(-0.00167805 -0.0125025 -0.000801323)
(-0.00201203 -0.0134437 0.00107063)
(-0.00200893 -0.0140229 0.000618727)
(-0.0014773 -0.0127052 -1.77266e-05)
(-0.00206649 -0.013474 -0.000761034)
(-0.00914714 -0.00568708 -0.00358769)
(-0.0083182 -0.00503013 -0.00377992)
(-0.00957555 -0.00597825 -0.00311108)
(-0.00847775 -0.00572913 -0.00429946)
(-0.00748801 -0.00578717 -0.00421172)
(-0.00865412 -0.00560058 -0.00325153)
(-0.00941929 -0.0060607 -0.00296438)
(-0.00786073 -0.00857066 0.000310167)
(-0.00774753 -0.00877993 0.000347051)
(-0.006949 -0.00796833 0.000263716)
(-0.00656624 -0.00892922 -3.68096e-05)
(-0.0103791 -0.0061927 -0.00142261)
(-0.0100956 -0.00645598 -0.000614871)
(-0.0108858 -0.00611154 -0.000613129)
(-0.010293 -0.00671909 0.000194404)
(-0.0109894 -0.00665386 0.000155562)
(-0.00992594 -0.0062655 -0.00134078)
(-0.00951444 -0.0081715 0.00253625)
(-0.00921304 -0.00920136 0.00279607)
(-0.00494746 -0.01049 0.000630585)
(-0.00537948 -0.0105282 0.00145449)
(-0.00570806 -0.00971884 0.00125928)
(-0.00684862 -0.00849134 0.000863136)
(-0.00833845 -0.0131766 -0.00994873)
(-0.00779436 -0.0125307 -0.0089754)
(-0.00855359 -0.0123861 -0.0098468)
(-0.00280369 -0.006041 -0.00730514)
(-0.00264672 -0.00603566 -0.00708407)
(-0.00175331 -0.00584784 -0.00583841)
(-0.0022247 -0.00575335 -0.00646879)
(-0.00233956 -0.00716173 -0.00735194)
(-0.00178292 -0.00721547 -0.00546541)
(-0.00153028 -0.0063808 -0.00551122)
(-0.00166531 -0.00689945 -0.00543656)
(-0.00157887 -0.00677337 -0.00607753)
(-0.00599282 -0.0129058 -0.012916)
(-0.00661951 -0.0122779 -0.012597)
(-0.00688902 -0.0119013 -0.0130116)
(-0.00652253 -0.0120583 -0.0131545)
(-0.00713594 -0.0131994 -0.0129818)
(-0.00651554 -0.0126095 -0.0129147)
(-0.00604371 -0.0103623 -0.0102503)
(-0.00546803 -0.0105782 -0.0102371)
(-0.00529134 -0.0100288 -0.00932604)
(-0.00594939 -0.010846 -0.0106329)
(-0.00529528 -0.0098462 -0.00907337)
(-0.00601165 -0.0102921 -0.00985154)
(-0.00577701 -0.0119531 -0.0117777)
(-0.00679293 -0.0115719 -0.0108865)
(-0.00593265 -0.0116912 -0.0106076)
(-0.00547588 -0.010928 -0.0107956)
(-0.00587555 -0.0121918 -0.0115337)
(-0.00585341 -0.0111347 -0.010677)
(-0.00666462 -0.0104564 -0.0101038)
(-0.00646467 -0.0117328 -0.0113789)
(-0.00603932 -0.0105961 -0.0106444)
(-0.00381321 -0.009866 -0.00611404)
(-0.00336035 -0.00929248 -0.00530896)
(-0.00344811 -0.00878669 -0.00538365)
(-0.00284003 -0.0086873 -0.00581454)
(-0.00355744 -0.0100806 -0.00613143)
(-0.00321315 -0.00950407 -0.00571429)
(-0.00183712 -0.00786646 -0.00561298)
(-0.00183787 -0.00795109 -0.00581458)
(-0.00889624 -0.0193169 -0.00487451)
(-0.00955021 -0.0206091 -0.00769389)
(-0.00789073 -0.0193382 -0.00569947)
(-0.00855862 -0.0200407 -0.0076328)
(-0.0076982 -0.018814 -0.00687112)
(-0.00963465 -0.0210006 -0.00654991)
(-0.00602617 -0.0171626 -0.00539449)
(-0.00578127 -0.0173286 -0.00636976)
(-0.00509007 -0.0162128 -0.00595565)
(-0.00574738 -0.0171858 -0.00517925)
(-0.00631353 -0.0178043 -0.00623962)
(-0.00508644 -0.0163873 -0.00582553)
(-0.00955162 -0.020524 -0.00891785)
(-0.00952774 -0.022117 -0.0103456)
(-0.00975765 -0.020255 -0.0097743)
(-0.0110465 -0.0219754 -0.010265)
(-0.0110243 -0.0207157 -0.00851172)
(-0.010577 -0.0190195 -0.00781593)
(-0.00451937 -0.0168178 -0.012713)
(-0.00460044 -0.0166549 -0.0118496)
(-0.00414363 -0.0157439 -0.0117149)
(-0.00394289 -0.0164013 -0.0129205)
(-0.00471197 -0.0172917 -0.0123879)
(-0.00398398 -0.0145599 -0.0129123)
(-0.00449291 -0.0157268 -0.0115469)
(-0.00378453 -0.0166421 -0.0137879)
(-0.00359328 -0.0147587 -0.01181)
(-0.003319 -0.0136242 -0.011891)
(-0.00474935 -0.0162425 -0.0100572)
(-0.00472319 -0.0163522 -0.0100458)
(-0.00505693 -0.017493 -0.0117936)
(-0.00433806 -0.0161341 -0.0103913)
(-0.00455163 -0.0162612 -0.0109853)
(-0.00514259 -0.017288 -0.0108493)
(-0.00672176 -0.00748941 -0.0031146)
(-0.0066218 -0.0080213 -0.00309981)
(-0.00652142 -0.00782627 -0.00239775)
(-0.00177374 -0.00736207 -0.005652)
(-0.00170819 -0.00716896 -0.00560731)
(-0.00181554 -0.00577232 -0.00601782)
(-0.00165824 -0.00666226 -0.00588564)
(-0.00162079 -0.00605731 -0.00562706)
(-0.00160711 -0.00620588 -0.00609204)
(-0.00173059 -0.00661808 -0.00572463)
(-0.00170791 -0.00711263 -0.00572144)
(-0.00225277 -0.00507542 -0.00662323)
(-0.00213972 -0.00557033 -0.00642218)
(-0.00195947 -0.00518606 -0.00637725)
(-0.00205146 -0.00495679 -0.00632106)
(-0.00258762 -0.00550552 -0.00673533)
(-0.00261644 -0.0054543 -0.00708694)
(-0.00162094 -0.00691124 -0.00502336)
(-0.00154446 -0.0059965 -0.00540381)
(-0.00154115 -0.00688598 -0.00581555)
(-0.00179643 -0.0072245 -0.00557827)
(-0.00157707 -0.0065339 -0.00564234)
(-0.00170321 -0.00695622 -0.00564873)
(-0.00254042 -0.00653707 -0.00734617)
(-0.00146796 -0.00582701 -0.0055598)
(-0.0016991 -0.00602526 -0.00607124)
(-0.00254303 -0.00545765 -0.00705757)
(-0.00223077 -0.00570959 -0.00652369)
(-0.00271454 -0.00826983 -0.00503298)
(-0.00241022 -0.00816198 -0.00532028)
(-0.00275245 -0.00836879 -0.00542357)
(-0.00321688 -0.0088622 -0.00561912)
(-0.00279323 -0.00856406 -0.0052413)
(-0.00244456 -0.00814171 -0.00541338)
(-0.00271757 -0.00879895 -0.00561993)
(-0.00200575 -0.00764284 -0.00538911)
(-0.00182649 -0.00724405 -0.00547463)
(-0.00538401 -0.0109377 -0.00692494)
(-0.00527928 -0.0105205 -0.00683044)
(-0.00492186 -0.0100425 -0.00632341)
(-0.00444286 -0.00997695 -0.00615027)
(-0.00494027 -0.0102917 -0.00626529)
(-0.00435966 -0.0103996 -0.00637788)
(-0.00314568 -0.00962082 -0.00579139)
(-0.00453269 -0.0108054 -0.00645798)
(-0.00386035 -0.010435 -0.00600687)
(-0.00419042 -0.00994812 -0.00587189)
(-0.00394606 -0.00966817 -0.00585663)
(-0.00335982 -0.00924365 -0.00540973)
(-0.00376227 -0.00980281 -0.00584009)
(-0.00469102 -0.0112749 0.000613926)
(-0.00313561 -0.0143785 0.00106475)
(-0.00448194 -0.0116865 0.00108734)
(-0.00377797 -0.0131466 0.00085006)
(-0.00415892 -0.0124706 0.00255973)
(-0.00869555 -0.00643821 -0.00292103)
(-0.00877124 -0.00669393 -0.00281218)
(-0.00988893 -0.00580021 -0.00186595)
(-0.0089506 -0.00576116 -0.00178252)
(-0.00821379 -0.0101987 0.00264627)
(-0.0101434 -0.0073538 0.00161549)
(-0.0111553 -0.00698082 0.000805688)
(-0.0111141 -0.00765723 0.00151719)
(-0.00693382 -0.00760723 -0.002179)
(-0.00679951 -0.00806329 -0.00194952)
(-0.00764692 -0.00811068 -0.00182235)
(-0.0086558 -0.00667628 -0.00215997)
(-0.00768382 -0.00649218 -0.0020998)
(-0.00881758 -0.00633284 -0.00141428)
(-0.00769638 -0.00747189 -0.0020989)
(-0.00705196 -0.00952619 0.00209203)
(-0.00700868 -0.00816209 -0.00104794)
(-0.00282896 -0.0135529 -0.00292565)
(-0.0020664 -0.0113966 -0.00318079)
(-0.00221593 -0.0114221 -0.00444178)
(-0.00285328 -0.0141861 -0.002061)
(-0.00232528 -0.0119865 -0.00386876)
(-0.00191077 -0.0123158 -0.00270008)
(-0.00243342 -0.0124397 -0.00212541)
(-0.00291922 -0.0148453 0.00312981)
(-0.0042335 -0.0166051 0.00258202)
(-0.00898608 -0.0202216 0.00310062)
(-0.00721494 -0.0184068 0.00550363)
(-0.00333688 -0.0150973 -0.00079543)
(-0.00303939 -0.0152158 0.000702244)
(-0.00669859 -0.018789 0.00372143)
(-0.00493475 -0.0170569 0.00345892)
(-0.00334085 -0.0155416 0.00141266)
(-0.00718813 -0.0181396 0.00388293)
(-0.00221933 -0.0130776 -0.000728707)
(-0.00275105 -0.0142941 0.000189548)
(-0.00258942 -0.0137817 1.15744e-05)
(-0.00249641 -0.0141472 -0.000449633)
(-0.0022035 -0.0134571 -0.00096742)
(-0.00872587 -0.0187292 0.00556013)
(-0.00968625 -0.0190354 0.0051399)
(-0.0115465 -0.0182937 0.0048296)
(-0.0140596 -0.0206819 0.00403614)
(-0.0104328 -0.0190579 0.00420221)
(-0.00931066 -0.0191693 0.00268638)
(-0.00773228 -0.0183958 0.00213365)
(-0.0160014 -0.0194805 0.000800741)
(-0.0157816 -0.0199465 0.00176479)
(-0.0101301 -0.0213711 -0.00465272)
(-0.00879827 -0.0196166 -0.00400701)
(-0.00911122 -0.0202175 -0.00240504)
(-0.00920333 -0.0194701 -0.00385207)
(-0.00814331 -0.0186104 -0.00417969)
(-0.00865494 -0.020536 -0.0037146)
(-0.00672053 -0.0180142 -0.00461314)
(-0.00697696 -0.018069 -0.004991)
(-0.00669642 -0.0182873 -0.00708022)
(-0.00775112 -0.018295 -0.00818381)
(-0.00959841 -0.0200664 -0.00954916)
(-0.00895835 -0.0205085 -0.0101148)
(-0.00858041 -0.019945 -0.00847268)
(-0.00944573 -0.0214161 -0.00967326)
(-0.0105732 -0.0209748 -0.00489076)
(-0.0117802 -0.0204753 -0.00420618)
(-0.012397 -0.0222756 -0.00629293)
(-0.0132436 -0.0211608 -0.00569469)
(-0.0103022 -0.0203327 -0.00612082)
(-0.00361937 -0.0138582 -0.0052993)
(-0.00431679 -0.0143933 -0.00538037)
(-0.00525624 -0.0167983 -0.00466667)
(-0.00605067 -0.0175541 -0.00435321)
(-0.00389585 -0.0147114 -0.00652549)
(-0.0045959 -0.0157974 -0.00653356)
(-0.00554386 -0.0166232 -0.00661433)
(-0.00503801 -0.0168553 -0.00792184)
(-0.00418732 -0.0151688 -0.00710406)
(-0.00385774 -0.0147134 -0.00846406)
(-0.00363753 -0.0149483 -0.00730246)
(-0.00843647 -0.0201592 -0.0142192)
(-0.00791118 -0.0179302 -0.0144046)
(-0.00634127 -0.0171723 -0.0135752)
(-0.00565254 -0.016999 -0.0125492)
(-0.00682609 -0.017011 -0.0137394)
(-0.00750315 -0.0183192 -0.0144601)
(-0.0135459 -0.0228034 -0.00764325)
(-0.0147799 -0.0214022 -0.00541708)
(-0.0138265 -0.0214919 -0.00690218)
(-0.0147139 -0.021477 -0.00461417)
(-0.0156384 -0.0194684 -0.000755317)
(-0.012141 -0.0214921 -0.0102782)
(-0.00947199 -0.020402 -0.0131703)
(-0.0102155 -0.0219864 -0.0136479)
(-0.00973556 -0.0220972 -0.0144284)
(-0.0100284 -0.0199478 -0.0127372)
(-0.0105523 -0.0213889 -0.0124592)
(-0.0105706 -0.020252 -0.0121274)
(-0.0104496 -0.0220416 -0.0136493)
(-0.0132333 -0.0218186 -0.00926835)
(-0.0105663 -0.0219726 -0.0108659)
(-0.0102671 -0.021416 -0.0112193)
(-0.00976117 -0.0210995 -0.00998798)
(-0.00996972 -0.0208143 -0.00883135)
(-0.0095229 -0.0214635 -0.0132428)
(-0.00760323 -0.0212832 -0.0131158)
(-0.00852641 -0.0215774 -0.0136782)
(-0.0115779 -0.022112 -0.0112886)
(-0.0104962 -0.0215337 -0.0128099)
(-0.00983646 -0.0235898 -0.0127241)
(-0.00934038 -0.0217629 -0.0110406)
(-0.00752213 -0.0205735 -0.0122268)
(-0.00883957 -0.0229477 -0.0133472)
(-0.00802258 -0.0202579 -0.00985214)
(-0.00765941 -0.0216693 -0.0108117)
(-0.0018579 -0.0192158 -0.00663706)
(-0.0021299 -0.0193302 -0.00579914)
(-0.00836716 -0.0194298 -0.0079782)
(-0.0154547 -0.0197966 -0.0022569)
(-0.0131637 -0.0205026 -0.00773154)
(-0.0147325 -0.0197519 -0.00406943)
(-0.005485 -0.0177879 -0.0120095)
(-0.0053656 -0.0179847 -0.0127861)
(-0.00806258 -0.0189295 -0.0129207)
(-0.00659777 -0.0199681 -0.0137253)
(-0.00590501 -0.0191725 -0.013604)
(-0.00717841 -0.0187548 -0.0130074)
(-0.00643902 -0.0186062 -0.0128792)
(-0.00487941 -0.0189601 -0.0154394)
(-0.00516077 -0.0187345 -0.0133848)
(-0.00396337 -0.0166587 -0.0132177)
(-0.00432298 -0.0173483 -0.0136673)
(-0.00409357 -0.0168396 -0.0132684)
(-0.00738549 -0.0182857 -0.0122463)
(-0.00708352 -0.0199 -0.0137342)
(-0.00743807 -0.0180574 -0.0119351)
(-0.00604062 -0.0189831 -0.0134959)
(-0.00569351 -0.0184878 -0.0130399)
(-0.0066582 -0.0184138 -0.012275)
(-0.00469743 -0.0183245 -0.0135827)
(-0.00462951 -0.0184668 -0.0138154)
(-0.00399683 -0.0169926 -0.0140213)
(-0.00448393 -0.0133543 -0.0150282)
(-0.00568866 -0.0161056 -0.0170067)
(-0.00543296 -0.0136846 -0.0162208)
(-0.00459571 -0.0135379 -0.0145745)
(-0.00498781 -0.0157853 -0.0163045)
(-0.0042289 -0.0148113 -0.0152529)
(-0.00466114 -0.0158005 -0.0161828)
(-0.00436339 -0.0156601 -0.0156141)
(-0.00395862 -0.015637 -0.0155756)
(-0.00416238 -0.0159301 -0.0159566)
(-0.00428252 -0.0169762 -0.0157345)
(-0.00366423 -0.01602 -0.0148713)
(-0.00474033 -0.0170943 -0.0161252)
(-0.00343569 -0.0164423 -0.014389)
(-0.00447776 -0.0177515 -0.0138595)
(-0.00388939 -0.0168445 -0.0145042)
(-0.00430428 -0.0177216 -0.0146407)
(-0.00472221 -0.0190743 -0.0139246)
(-0.00471309 -0.0165349 -0.0131247)
(-0.00637995 -0.0187557 -0.0123389)
(-0.00594199 -0.0185407 -0.01279)
(-0.00433577 -0.0165336 -0.0117694)
(-0.00337151 -0.0142649 -0.0113616)
(-0.00366112 -0.0138524 -0.0102906)
(-0.00388476 -0.0151188 -0.0108342)
(-0.00426335 -0.0152164 -0.0101521)
(-0.00475966 -0.0171078 -0.0106092)
(-0.00598555 -0.0187187 -0.0128296)
(-0.00515645 -0.0180585 -0.0120986)
(-0.00582299 -0.0186643 -0.0120689)
(-0.00637959 -0.0192744 -0.0125082)
(-0.00634044 -0.0184165 -0.0122792)
(-0.00635762 -0.0183502 -0.0118827)
(-0.00717624 -0.0188506 -0.0124419)
(-0.00778562 -0.018808 -0.011761)
(-0.00768778 -0.0195564 -0.0131842)
(-0.00643093 -0.0182744 -0.0125117)
(-0.00677829 -0.0195283 -0.0135565)
(-0.00685716 -0.0175606 -0.0117409)
(-0.00687516 -0.0190031 -0.0124102)
(-0.00731474 -0.0182836 -0.0124259)
(-0.00783267 -0.0181552 -0.0124395)
(-0.00884901 -0.0178788 -0.0128816)
(-0.00995296 -0.0162793 -0.0132243)
(-0.00879258 -0.0173947 -0.0125642)
(-0.00968079 -0.0177805 -0.0130241)
(-0.0104235 -0.0171456 -0.0137395)
(-0.00977444 -0.0175489 -0.0132935)
(-0.00914352 -0.0178724 -0.0127724)
(-0.00888767 -0.0183401 -0.012869)
(-0.0082379 -0.0178621 -0.0121067)
(-0.00904986 -0.0176846 -0.0128637)
(-0.0110929 -0.0165518 -0.0125505)
(-0.00974474 -0.0165528 -0.0124015)
(-0.0102659 -0.0167146 -0.0120757)
(-0.00972715 -0.0181528 -0.012834)
(-0.0087226 -0.0177071 -0.0124247)
(-0.00835067 -0.0178624 -0.0121326)
(-0.00782255 -0.0185629 -0.0124769)
(-0.00966212 -0.0161783 -0.0129388)
(-0.00911013 -0.0181017 -0.0138897)
(-0.0087694 -0.0177171 -0.0133961)
(-0.0103269 -0.0166236 -0.0139031)
(-0.0089931 -0.0191428 -0.0137662)
(-0.00954568 -0.0199022 -0.0125324)
(-0.00860739 -0.018911 -0.0130694)
(-0.00805663 -0.0193633 -0.0128582)
(-0.00814933 -0.0201475 -0.0132014)
(-0.00851918 -0.0189377 -0.0147875)
(-0.00828062 -0.0181786 -0.0149706)
(-0.00831567 -0.0169875 -0.0138833)
(-0.00837855 -0.0169596 -0.0133858)
(-0.00845358 -0.0159059 -0.0139126)
(-0.00728853 -0.0167824 -0.0142179)
(-0.00783586 -0.0156517 -0.0135594)
(-0.00817505 -0.0158553 -0.0135067)
(-0.00187351 -0.0113855 -0.00477747)
(-0.00291967 -0.0116816 -0.00668198)
(-0.00254771 -0.0101921 -0.00593659)
(-0.00301803 -0.0110086 -0.00699792)
(-0.00235825 -0.0113148 -0.00620143)
(-0.00194961 -0.0106624 -0.00425336)
(-0.00184174 -0.0105487 -0.004575)
(-0.00213428 -0.0101607 -0.00443766)
(-0.00300814 -0.0101018 -0.00652984)
(-0.00266201 -0.0100401 -0.00564388)
(-0.00212166 -0.00944915 -0.00446385)
(-0.00387295 -0.00776035 -0.0058967)
(-0.00310297 -0.00847921 -0.00573948)
(-0.00334636 -0.00759332 -0.00540363)
(-0.00335695 -0.00766505 -0.00552842)
(-0.00277796 -0.00944856 -0.00605898)
(-0.0033461 -0.00830943 -0.00600973)
(-0.00370366 -0.00910842 -0.00699608)
(-0.00303792 -0.00940133 -0.00659141)
(-0.00337831 -0.00911295 -0.00668023)
(-0.0094052 -0.00597057 -0.00454642)
(-0.00828739 -0.00698281 -0.00557572)
(-0.00731698 -0.0065985 -0.0052682)
(-0.00173253 -0.0127408 -0.00197731)
(-0.00228583 -0.00945109 -0.00370612)
(-0.00331086 -0.0086367 -0.00465463)
(-0.00317013 -0.00962761 -0.00393506)
(-0.00213188 -0.0127832 -0.00177606)
(-0.00247813 -0.0140677 0.00219396)
(-0.00179403 -0.0143684 0.000877757)
(-0.0040489 -0.0124149 0.000864137)
(-0.00349958 -0.0135312 9.78527e-05)
(-0.00207167 -0.00760471 -0.00490709)
(-0.00180549 -0.00749219 -0.00550796)
(-0.00359528 -0.0101464 -0.00156384)
(-0.00284108 -0.0129556 0.000370043)
(-0.00253031 -0.0132258 -2.81073e-05)
(-0.00296659 -0.0149382 -0.00212913)
(-0.00311679 -0.0128401 -0.0012535)
(-0.00314227 -0.0101662 -0.00166806)
(-0.00227101 -0.00864606 -0.00402447)
(-0.00245983 -0.00845119 -0.00392054)
(-0.00271565 -0.00864016 -0.00358898)
(-0.00188194 -0.00752492 -0.00505159)
(-0.00184286 -0.00675146 -0.00527509)
(-0.00182425 -0.00721604 -0.00558885)
(-0.00176307 -0.00746021 -0.00532328)
(-0.00171442 -0.00738667 -0.00601427)
(-0.00180274 -0.00728186 -0.00555814)
(-0.00174564 -0.00754433 -0.00581272)
(-0.00181109 -0.00687025 -0.00584867)
(-0.00178714 -0.00694574 -0.00600071)
(-0.00192766 -0.00682318 -0.00660541)
(-0.00245894 -0.00772345 -0.0076195)
(-0.00210926 -0.00778925 -0.00604722)
(-0.0018507 -0.00662634 -0.00566766)
(-0.00208333 -0.00722574 -0.00614783)
(-0.00228098 -0.00733301 -0.00706848)
(-0.00205767 -0.00659721 -0.00678273)
(-0.00207326 -0.006426 -0.0062462)
(-0.00419818 -0.00799881 -0.00460064)
(-0.00446924 -0.00869443 -0.00550571)
(-0.00305855 -0.00812397 -0.00463989)
(-0.00413844 -0.00856308 -0.00497129)
(-0.00422897 -0.00914511 -0.00562577)
(-0.003633 -0.00871183 -0.00530431)
(-0.00388086 -0.0090573 -0.00551372)
(-0.00448124 -0.00767125 -0.00352023)
(-0.00429775 -0.00844871 -0.00405303)
(-0.00413593 -0.00870295 -0.00418149)
(-0.00426536 -0.00814311 -0.00399126)
(-0.00227721 -0.00803017 -0.00437791)
(-0.00239854 -0.00846007 -0.00497637)
(-0.00241085 -0.00784476 -0.00490021)
(-0.0038612 -0.0082602 -0.00363106)
(-0.00339385 -0.00801379 -0.00403557)
(-0.00368554 -0.00841485 -0.00368638)
(-0.00237716 -0.00783199 -0.00506186)
(-0.00216898 -0.00801454 -0.00506356)
(-0.00278419 -0.00806974 -0.00461727)
(-0.00271101 -0.00824736 -0.00478196)
(-0.00244063 -0.00765346 -0.00474731)
(-0.0030818 -0.00882487 -0.00515318)
(-0.00310308 -0.00801601 -0.00415713)
(-0.00271627 -0.00772072 -0.00460994)
(-0.00344504 -0.00806312 -0.00450081)
(-0.00301949 -0.00836991 -0.00522261)
(-0.00447589 -0.00907541 -0.00561398)
(-0.00482054 -0.00967461 -0.00621047)
(-0.00483231 -0.00866234 -0.00516691)
(-0.00443104 -0.00867978 -0.00539313)
(-0.00557077 -0.00938537 -0.00628857)
(-0.00522525 -0.00876087 -0.00585693)
(-0.00478033 -0.00928309 -0.00617461)
(-0.00556219 -0.00836039 -0.00519107)
(-0.00548664 -0.00880993 -0.00586856)
(-0.00487602 -0.00952344 -0.00612956)
(-0.00568384 -0.00905707 -0.0062139)
(-0.00529379 -0.00863297 -0.00604274)
(-0.005158 -0.00893581 -0.00584314)
(-0.00497942 -0.00799904 -0.00490713)
(-0.00509994 -0.00830515 -0.00523175)
(-0.00529978 -0.0088363 -0.00641785)
(-0.00538061 -0.00902165 -0.00700222)
(-0.00561656 -0.00970801 -0.00687783)
(-0.00574525 -0.00945229 -0.00718874)
(-0.00570451 -0.00930055 -0.00681349)
(-0.00572592 -0.00957228 -0.00760294)
(-0.00573211 -0.00963754 -0.00731442)
(-0.00565686 -0.00999755 -0.00780258)
(-0.00608372 -0.0103924 -0.00760209)
(-0.00584962 -0.00987352 -0.00689828)
(-0.00742649 -0.0122379 -0.00843417)
(-0.00584141 -0.0108139 -0.00693459)
(-0.00564902 -0.010461 -0.00701376)
(-0.00617241 -0.0105089 -0.00779692)
(-0.00603767 -0.00966808 -0.00734631)
(-0.00545133 -0.00985712 -0.00667798)
(-0.0055894 -0.00957419 -0.00686525)
(-0.00513529 -0.00922239 -0.00595955)
(-0.00451739 -0.00958886 -0.00602797)
(-0.0049986 -0.00945264 -0.00612512)
(-0.00487992 -0.00978385 -0.00626481)
(-0.00452843 -0.00926541 -0.0059157)
(-0.00867048 -0.013832 -0.0113047)
(-0.00750076 -0.0123853 -0.00956929)
(-0.00738622 -0.0117271 -0.0102545)
(-0.00747137 -0.0117514 -0.00936716)
(-0.00776939 -0.0129944 -0.0118485)
(-0.00742536 -0.012019 -0.0108232)
(-0.00744843 -0.0123049 -0.011436)
(-0.00771593 -0.01252 -0.0121599)
(-0.00577202 -0.0103861 -0.00879538)
(-0.00586742 -0.00996034 -0.00835716)
(-0.00597939 -0.0107019 -0.00874884)
(-0.00677784 -0.0107654 -0.00977875)
(-0.00624602 -0.0112412 -0.00988426)
(-0.00552787 -0.0105366 -0.00952608)
(-0.00676574 -0.0111399 -0.00977397)
(-0.00679337 -0.0112688 -0.0101617)
(-0.0063548 -0.0104133 -0.0092362)
(-0.00566965 -0.00774405 -0.00656948)
(-0.00523199 -0.00757391 -0.00571168)
(-0.00549353 -0.0086526 -0.00638434)
(-0.00532318 -0.00743359 -0.00557401)
(-0.00518548 -0.00807477 -0.00584463)
(-0.00562084 -0.00858318 -0.00600584)
(-0.00556696 -0.00901085 -0.00688231)
(-0.00528134 -0.00851229 -0.00660221)
(-0.00570866 -0.00995532 -0.00874614)
(-0.00584124 -0.00994219 -0.00817094)
(-0.00562561 -0.010237 -0.00901887)
(-0.00555036 -0.00903202 -0.00722537)
(-0.00567608 -0.00861421 -0.00684325)
(-0.00574439 -0.00949113 -0.00793274)
(-0.00573435 -0.009431 -0.0077285)
(-0.00555209 -0.00894177 -0.00809173)
(-0.00503244 -0.0087518 -0.00800038)
(-0.00441953 -0.00864679 -0.0081399)
(-0.00425925 -0.00907608 -0.00831829)
(-0.00348545 -0.0100388 -0.00830233)
(-0.00296267 -0.0104087 -0.00730135)
(-0.00344794 -0.0101263 -0.00771437)
(-0.00348808 -0.0112849 -0.00897528)
(-0.00309859 -0.0123579 -0.00824508)
(-0.00443029 -0.00922984 -0.0083818)
(-0.00467468 -0.00893633 -0.00818065)
(-0.00427088 -0.0100707 -0.0092085)
(-0.00527635 -0.0103016 -0.0099296)
(-0.00450661 -0.0106158 -0.00981863)
(-0.00478752 -0.010351 -0.00932443)
(-0.00512767 -0.00979241 -0.00935684)
(-0.00512181 -0.00957064 -0.00887468)
(-0.00535863 -0.009615 -0.00905219)
(-0.00459442 -0.011248 -0.0100685)
(-0.00461247 -0.00955094 -0.00934289)
(-0.00471193 -0.0113988 -0.0109785)
(-0.00445634 -0.00994159 -0.00970318)
(-0.00399152 -0.0105777 -0.00978996)
(-0.00470418 -0.0107386 -0.0108395)
(-0.00384137 -0.0112602 -0.00982189)
(-0.00427624 -0.0117505 -0.0104591)
(-0.00449583 -0.0125111 -0.0132435)
(-0.00512414 -0.0163461 -0.0152673)
(-0.00478681 -0.0143191 -0.0148395)
(-0.00422454 -0.0163043 -0.0140061)
(-0.0046216 -0.0120402 -0.0114783)
(-0.00465107 -0.0141165 -0.0131741)
(-0.00400586 -0.0116876 -0.0104347)
(-0.00380345 -0.0126102 -0.0103273)
(-0.004195 -0.0119733 -0.0110384)
(-0.00434973 -0.0138711 -0.0129889)
(-0.00329281 -0.0119619 -0.00959639)
(-0.00391938 -0.0121801 -0.0114165)
(-0.00435435 -0.0124045 -0.0121437)
(-0.00461696 -0.0134018 -0.0131782)
(-0.00387004 -0.0124548 -0.0116552)
(-0.0042115 -0.0129294 -0.0118039)
(-0.00374238 -0.0125451 -0.0108796)
(-0.00570668 -0.0115769 -0.0117118)
(-0.00556273 -0.013974 -0.0144194)
(-0.00527529 -0.0139247 -0.0142482)
(-0.00606025 -0.0148294 -0.0150519)
(-0.00595372 -0.0110225 -0.01204)
(-0.00540882 -0.011347 -0.0109345)
(-0.0055335 -0.00998379 -0.0101576)
(-0.00567536 -0.0109671 -0.0108296)
(-0.00537838 -0.011253 -0.0108399)
(-0.00376201 -0.00675907 -0.00892765)
(-0.00478497 -0.00970962 -0.0104089)
(-0.00507945 -0.00869729 -0.0105245)
(-0.0050096 -0.0099497 -0.0107411)
(-0.00557446 -0.0153051 -0.0123859)
(-0.00574289 -0.019771 -0.0132733)
(-0.00567758 -0.0192355 -0.0125767)
(-0.00602099 -0.0197957 -0.0129923)
(-0.00333132 -0.00536765 -0.00767876)
(-0.00303322 -0.00612486 -0.00765039)
(-0.00441268 -0.00661298 -0.00939506)
(-0.0033481 -0.00528052 -0.00744257)
(-0.00400292 -0.00564544 -0.00816656)
(-0.00705901 -0.0193645 -0.0121748)
(-0.00739315 -0.019611 -0.0122015)
(-0.00639323 -0.0190303 -0.0123353)
(-0.00917752 -0.0172583 -0.0117179)
(-0.00798839 -0.0178554 -0.0115521)
(-0.00863203 -0.0187957 -0.0126309)
(-0.00940297 -0.0172538 -0.0115996)
(-0.0109757 -0.0170893 -0.0112772)
(-0.00262528 -0.00808542 -0.00747156)
(-0.00275987 -0.00807093 -0.00808697)
(-0.00454324 -0.00971439 -0.0102677)
(-0.00298572 -0.00874844 -0.00839295)
(-0.00352188 -0.00875013 -0.00876123)
(-0.00476384 -0.013312 -0.0112715)
(-0.00446008 -0.0113119 -0.0103292)
(-0.00401243 -0.010019 -0.00943811)
(-0.00484447 -0.011122 -0.010773)
(-0.00311149 -0.00889661 -0.00879498)
(-0.00355171 -0.0101589 -0.00934487)
(-0.0042128 -0.01158 -0.0105206)
(-0.00398801 -0.0120557 -0.0100242)
(-0.00333626 -0.0123751 -0.00894938)
(-0.00272533 -0.0101679 -0.00764425)
(-0.00388791 -0.0102333 -0.00973796)
(-0.00272258 -0.0110193 -0.00810156)
(-0.00301289 -0.00859464 -0.00805992)
(-0.0024934 -0.00914689 -0.00656509)
(-0.00218235 -0.00773118 -0.0056182)
(-0.00252863 -0.00792355 -0.00650936)
(-0.00228666 -0.0089637 -0.00517617)
(-0.00226505 -0.00927532 -0.00486752)
(-0.0020534 -0.00935356 -0.00506944)
(-0.00199243 -0.0104698 -0.00511311)
(-0.00223227 -0.0100478 -0.00603854)
(-0.00245358 -0.0117179 -0.00616396)
(-0.00235774 -0.0112321 -0.00544787)
(-0.00327948 -0.0141976 -0.00921744)
(-0.0021007 -0.0123892 -0.00449602)
(-0.00302311 -0.0173818 -0.00837107)
(-0.00256227 -0.0185926 -0.0075896)
(-0.00181812 -0.0156782 -0.00522867)
(-0.00233586 -0.0163277 -0.00616045)
(-0.00187982 -0.0162645 -0.00571156)
(-0.00247212 -0.0179656 -0.00800732)
(-0.00325177 -0.0175712 -0.0090477)
(-0.00339531 -0.0174316 -0.00953275)
(-0.00416205 -0.0181763 -0.0109886)
(-0.00441577 -0.0192696 -0.0112914)
(-0.00467924 -0.0183143 -0.0114085)
(-0.00319838 -0.0177688 -0.0097117)
(-0.00386558 -0.0174634 -0.0104834)
(-0.00496671 -0.0174636 -0.0118769)
(-0.00527021 -0.0170212 -0.0123531)
(-0.0050591 -0.0171107 -0.0122914)
(-0.00378902 -0.0159965 -0.0103301)
(-0.00193116 -0.0164355 -0.00500478)
(-0.00188797 -0.0152971 -0.00371556)
(-0.00185555 -0.0143639 -0.00508431)
(-0.0022088 -0.0113962 -0.00399155)
(-0.0022672 -0.0114724 -0.00465279)
(-0.00282947 -0.0159173 0.000300051)
(-0.00250614 -0.0155092 -0.00166666)
(-0.00234053 -0.018227 -0.000884877)
(-0.00174159 -0.0198432 -0.00344072)
(-0.00152533 -0.0195694 -0.00448258)
(-0.00174401 -0.019813 -0.00199617)
(-0.00181145 -0.0186119 -0.00074546)
(-0.00221343 -0.0218208 -0.0060698)
(-0.00151031 -0.0220288 -0.00288943)
(-0.0015566 -0.0213476 -0.00434303)
(-0.00677983 -0.0191594 -0.0117235)
(-0.00552401 -0.0198771 -0.0132282)
(-0.00436546 -0.010548 -0.00572003)
(-0.0112977 -0.0111724 -0.0116395)
(-0.0108587 -0.0153127 -0.0123939)
(-0.0108295 -0.0143305 -0.0126773)
(-0.0108432 -0.0146559 -0.0127776)
(-0.0115912 -0.0124397 -0.0126281)
(-0.0107172 -0.0125173 -0.0121326)
(-0.0114796 -0.0131066 -0.0121435)
(-0.0112201 -0.0125615 -0.0118278)
(-0.011435 -0.0150412 -0.0126447)
(-0.010188 -0.0163081 -0.0112057)
(-0.0112812 -0.016633 -0.0114027)
(-0.0108738 -0.0146466 -0.0113237)
(-0.0107441 -0.0162702 -0.0118557)
(-0.0114035 -0.0130405 -0.010856)
(-0.0114958 -0.014726 -0.0113709)
(-0.0114186 -0.0150584 -0.0109408)
(-0.0101358 -0.0126785 -0.0126824)
(-0.0091851 -0.0104392 -0.0116209)
(-0.0077505 -0.00859148 -0.0112624)
(-0.0064083 -0.00761793 -0.0108276)
(-0.00660193 -0.00952238 -0.0115264)
(-0.0100036 -0.0130112 -0.0126907)
(-0.00983514 -0.0149965 -0.0128757)
(-0.0109065 -0.0151794 -0.0135569)
(-0.00953334 -0.0148428 -0.0133055)
(-0.00902183 -0.0144862 -0.0125955)
(-0.00864462 -0.0128688 -0.012323)
(-0.00979866 -0.0131043 -0.013139)
(-0.00839375 -0.0133891 -0.0134103)
(-0.00817983 -0.0108597 -0.0124351)
(-0.00804757 -0.0144677 -0.013289)
(-0.00763203 -0.0143801 -0.0132708)
(-0.00805698 -0.0145881 -0.0135513)
(-0.00878382 -0.0134457 -0.0133747)
(-0.00840841 -0.0144175 -0.0130456)
(-0.00895257 -0.0144568 -0.0134097)
(-0.00552603 -0.011648 -0.0115608)
(-0.0057834 -0.0114285 -0.011872)
(-0.00668292 -0.0133402 -0.0125156)
(-0.0073824 -0.0123975 -0.0122377)
(-0.00820421 -0.0124662 -0.0127607)
(-0.00714284 -0.0132149 -0.0130878)
(-0.00625455 -0.0109794 -0.0115165)
(-0.00588064 -0.00713007 -0.0101754)
(-0.00490178 -0.00598705 -0.00903699)
(-0.00608714 -0.00704495 -0.00993234)
(-0.00745898 -0.00651017 -0.0105058)
(-0.00454482 -0.00583954 -0.00853109)
(-0.00401082 -0.0100986 -0.00112939)
(-0.00547099 -0.00948022 0.000446178)
(-0.00576358 -0.00911949 -6.32121e-05)
(-0.00470431 -0.00990706 -0.000517716)
(-0.00495642 -0.00956994 0.000280276)
(-0.00505146 -0.010987 0.000420538)
(-0.00427726 -0.0101234 -0.000549501)
(-0.00335168 -0.00947886 -0.0021749)
(-0.00414247 -0.0101605 -0.00148327)
(-0.00361574 -0.00892062 -0.00205677)
(-0.00492429 -0.00951901 -0.000983292)
(-0.00456584 -0.00973257 -0.00139295)
(-0.00319528 -0.00787552 -0.00362649)
(-0.00243709 -0.00778134 -0.00413041)
(-0.00295355 -0.00829567 -0.00375578)
(-0.00281418 -0.0087407 -0.00377941)
(-0.00257179 -0.00899979 -0.00411512)
(-0.00288595 -0.0082911 -0.00323868)
(-0.00298737 -0.008504 -0.00356708)
(-0.00349654 -0.00825606 -0.00332579)
(-0.00370666 -0.00810175 -0.00354429)
(-0.00399611 -0.00784079 -0.00319913)
(-0.00464807 -0.00822417 -0.00274602)
(-0.00339312 -0.0085922 -0.00321101)
(-0.00509007 -0.00898823 -0.00221273)
(-0.00517571 -0.00846446 -0.00226394)
(-0.00621983 -0.00804316 -0.00311201)
(-0.00509213 -0.00831374 -0.00294015)
(-0.00530891 -0.0081357 -0.00258749)
(-0.00592481 -0.00802563 -0.00271009)
(-0.00540828 -0.00924255 -0.000717325)
(-0.00586882 -0.00880916 -0.00177329)
(-0.00586721 -0.0088157 -0.00228304)
(-0.00588675 -0.00840221 -0.00253859)
(-0.00621253 -0.00833688 -0.00244366)
(-0.00544474 -0.00806986 -0.00575012)
(-0.0052299 -0.00766549 -0.00507903)
(-0.00534149 -0.00796644 -0.00505442)
(-0.00553076 -0.00777957 -0.00516822)
(-0.00504014 -0.00764677 -0.00402922)
(-0.00522309 -0.00806502 -0.00453635)
(-0.00525735 -0.00755154 -0.00676555)
(-0.00569265 -0.00769172 -0.00632272)
(-0.00641267 -0.00711532 -0.00524005)
(-0.00601446 -0.00712399 -0.00528885)
(-0.00665136 -0.00750599 -0.00375392)
(-0.00602829 -0.00734189 -0.00449199)
(-0.00566813 -0.00806345 -0.00454844)
(-0.00572714 -0.0077423 -0.00483984)
(-0.00573263 -0.00821881 -0.00503814)
(-0.00575039 -0.00809274 -0.00413887)
(-0.00570408 -0.00800374 -0.00323208)
(-0.00802158 -0.00668014 -0.00422442)
(-0.0085331 -0.00524933 -0.00291265)
(-0.0072374 -0.00771743 -0.00274696)
(-0.0074227 -0.00753138 -0.00283063)
(-0.00711534 -0.00747698 -0.00367418)
(-0.00707702 -0.00744403 -0.00315198)
(-0.00464875 -0.00685328 -0.00494236)
(-0.00873132 -0.00564469 -0.00465471)
(-0.00801791 -0.00673587 -0.00521515)
(-0.00665423 -0.00651989 -0.00522163)
(-0.00810465 -0.00532637 -0.00443828)
(-0.00663617 -0.0070232 -0.00496818)
(-0.0069664 -0.00738639 -0.00477199)
(-0.00753944 -0.00729786 -0.00322895)
(-0.0074912 -0.00654556 -0.00291395)
(-0.00744823 -0.00740545 -0.00378477)
(-0.0075363 -0.00767753 -0.00459853)
(-0.00836617 -0.00711701 -0.00424417)
(-0.00775224 -0.00554885 -0.00399319)
(-0.00703651 -0.00570409 -0.00406413)
(-0.007433 -0.00589405 -0.00303546)
(-0.00846567 -0.00603835 -0.00312884)
(-0.00709944 -0.00689196 -0.00438518)
(-0.0059058 -0.00751811 -0.00539778)
(-0.00697016 -0.00693306 -0.00548473)
(-0.00677626 -0.00610441 -0.00529976)
(-0.00592621 -0.0063817 -0.00576263)
(-0.00572263 -0.00730281 -0.00594536)
(-0.00529406 -0.00680644 -0.00575296)
(-0.00445079 -0.00721297 -0.00558457)
(-0.00397764 -0.00718345 -0.00572041)
(-0.00523901 -0.0069625 -0.00588841)
(-0.00529481 -0.00681354 -0.00583002)
(-0.00411401 -0.00791576 -0.0067275)
(-0.0040814 -0.00759911 -0.00601523)
(-0.00348303 -0.00758759 -0.00591271)
(-0.00445808 -0.00662772 -0.00585873)
(-0.00324065 -0.0100171 -0.00755669)
(-0.00326974 -0.00964896 -0.00744191)
(-0.00306705 -0.00964383 -0.00674453)
(-0.00285517 -0.0100313 -0.0069428)
(-0.00331038 -0.00913761 -0.00705658)
(-0.00307084 -0.00881899 -0.00658719)
(-0.0035059 -0.00925394 -0.00684038)
(-0.00358979 -0.0158407 -0.0156017)
(-0.00536362 -0.0161129 -0.0151158)
(-0.00355184 -0.0155793 -0.015074)
(-0.00366779 -0.0167619 -0.0153656)
(-0.00401996 -0.0175354 -0.0150077)
(-0.00380621 -0.0177205 -0.0145789)
(-0.00401639 -0.0174215 -0.0136806)
(-0.00419784 -0.0190741 -0.0148051)
(-0.00411601 -0.019152 -0.0145291)
(-0.00336606 -0.0165671 -0.0156816)
(-0.00401565 -0.018847 -0.0156617)
(-0.0065276 -0.0130404 -0.0141545)
(-0.00663663 -0.0146359 -0.0168097)
(-0.00724522 -0.0120701 -0.0120766)
(-0.00739571 -0.0126284 -0.0124883)
(-0.00729891 -0.0121941 -0.0118574)
(-0.00813972 -0.0131014 -0.0123165)
(-0.00837625 -0.0127298 -0.01274)
(-0.00738661 -0.0128494 -0.0132085)
(-0.00696177 -0.0132311 -0.0141606)
(-0.00718242 -0.0129101 -0.0136111)
(-0.0059433 -0.0131087 -0.0136834)
(-0.00671217 -0.0140778 -0.0147424)
(-0.00725659 -0.0168061 -0.017922)
(-0.00600784 -0.0148241 -0.0153242)
(-0.00539406 -0.015887 -0.0156213)
(-0.00745308 -0.0148633 -0.0164888)
(-0.00668639 -0.0140601 -0.0156012)
(-0.00649878 -0.0146473 -0.015097)
(-0.00546483 -0.0172962 -0.0168249)
(-0.0074435 -0.0132279 -0.013929)
(-0.0073453 -0.0135844 -0.0152652)
(-0.00792621 -0.0134064 -0.0137953)
(-0.00772543 -0.0136805 -0.0150186)
(-0.00732938 -0.0139874 -0.0152606)
(-0.00840465 -0.0138117 -0.0136286)
(-0.00767726 -0.0140408 -0.0158171)
(-0.00344872 -0.00916182 -0.00732654)
(-0.00456626 -0.00819311 -0.0072972)
(-0.00442444 -0.00796709 -0.0070284)
(-0.00393289 -0.00854657 -0.00701763)
(-0.00444508 -0.00832631 -0.00708611)
(-0.00456408 -0.00710925 -0.00624013)
(-0.00516999 -0.00802508 -0.00683392)
(-0.00555973 -0.00837528 -0.0069021)
(-0.00485383 -0.0078585 -0.00674721)
(-0.0039722 -0.00857784 -0.00699305)
(-0.00636624 -0.00662708 -0.00571903)
(-0.00710584 -0.00711163 -0.00514429)
(-0.0060855 -0.00694277 -0.00561156)
(-0.00619421 -0.00602049 -0.00491805)
(-0.00668165 -0.0053275 -0.00459909)
(-0.0068677 -0.00584797 -0.00502897)
(-0.00759491 -0.00584695 -0.0043659)
(-0.00739072 -0.00689118 -0.00530476)
(-0.00401161 -0.00842745 -0.00253575)
(-0.00400748 -0.00899929 -0.00253621)
(-0.00276746 -0.0149597 -0.00727713)
(-0.00230874 -0.012871 -0.00683649)
(-0.00241844 -0.0130989 -0.00569214)
(-0.00248241 -0.0126928 -0.00652714)
(-0.00507749 -0.0110449 -0.0107529)
(-0.0049428 -0.0113413 -0.0112619)
(-0.00425048 -0.0118575 -0.0116419)
(-0.00448742 -0.0132075 -0.0121059)
(-0.00466459 -0.0122752 -0.0114271)
(-0.00405813 -0.0113838 -0.0108692)
(-0.00210282 -0.010622 -0.00451425)
(-0.00224001 -0.00860627 -0.00390216)
(-0.00238368 -0.00882003 -0.00350851)
(-0.00307234 -0.0105813 -0.00162812)
(-0.00194269 -0.00925236 -0.00389487)
(-0.0025871 -0.0113307 -0.00387658)
(-0.00278019 -0.0105658 -0.00330992)
(-0.00220857 -0.00939104 -0.00362992)
(-0.00265312 -0.0086206 -0.00278043)
(-0.00234909 -0.00847857 -0.00303874)
(-0.00333057 -0.0102887 -0.00225618)
(-0.00294774 -0.00929313 -0.00270209)
(-0.00293943 -0.0105153 -0.00361474)
(-0.0029071 -0.0105204 -0.00230938)
(-0.00307289 -0.0105916 -0.00211984)
(-0.00346469 -0.0109186 -0.00237484)
(-0.00208073 -0.00813223 -0.00479592)
(-0.00198766 -0.00791001 -0.00458933)
(-0.00205563 -0.00906731 -0.00502385)
(-0.00816357 -0.0192247 -0.0103711)
(-0.00798917 -0.0183578 -0.012757)
(-0.00845318 -0.0186367 -0.0134268)
(-0.00805724 -0.0188156 -0.0128494)
(-0.00754931 -0.0186262 -0.0125428)
(-0.00770188 -0.0191567 -0.0133038)
(-0.0081307 -0.0182755 -0.0128207)
(-0.00353275 -0.0126502 -0.00984275)
(-0.00384682 -0.0133935 -0.0100169)
(-0.00348812 -0.0138462 -0.0105722)
(-0.00335419 -0.0128715 -0.00997266)
(-0.00338407 -0.0147925 -0.00935456)
(-0.00422493 -0.0153234 -0.0113489)
(-0.00356284 -0.0125564 -0.00982668)
(-0.00360075 -0.0133116 -0.00938941)
(-0.00550596 -0.0175323 -0.010719)
(-0.00503502 -0.0166577 -0.00996635)
(-0.00521767 -0.0171441 -0.00871993)
(-0.00599668 -0.0180068 -0.00885866)
(-0.00574538 -0.0173642 -0.00956266)
(-0.00426016 -0.0157658 -0.00838933)
(-0.00467141 -0.0160497 -0.00919904)
(-0.00508042 -0.0170971 -0.00983201)
(-0.00475762 -0.0159653 -0.00873317)
(-0.00493859 -0.0169493 -0.00923188)
(-0.00323965 -0.0138668 -0.0124592)
(-0.00366903 -0.0150779 -0.0141586)
(-0.00402892 -0.016377 -0.0143699)
(-0.0030688 -0.0206908 -0.00984879)
(-0.00384668 -0.020965 -0.0108988)
(-0.00321192 -0.0198677 -0.0103092)
(-0.00819663 -0.0241179 -0.0139802)
(-0.00670173 -0.0227421 -0.0117962)
(-0.00519564 -0.0208395 -0.0115309)
(-0.00275829 -0.0205836 -0.0087355)
(-0.00237562 -0.0206649 -0.00773799)
(-0.00202308 -0.0204649 -0.00679397)
(-0.00262725 -0.022806 -0.00838406)
(-0.00509802 -0.0235226 -0.0112308)
(-0.00385604 -0.0223395 -0.00862306)
(-0.0110157 -0.0218083 -0.0128372)
(-0.0120375 -0.0226005 -0.0124506)
(-0.0111367 -0.0220815 -0.0130291)
(-0.0133223 -0.0222261 -0.00866358)
(-0.0118195 -0.0230512 -0.0121846)
(-0.0107428 -0.022876 -0.0131203)
(-0.0113829 -0.0214563 -0.0121881)
(-0.0126812 -0.0223305 -0.0109491)
(-0.0114573 -0.0220955 -0.0118996)
(-0.012282 -0.0216958 -0.0102787)
(-0.0118326 -0.0218715 -0.0112484)
(-0.0129252 -0.0224327 -0.0108549)
(-0.0133921 -0.0229228 -0.0101759)
(-0.00931681 -0.0204489 -0.01368)
(-0.00957245 -0.0213693 -0.0147441)
(-0.00890018 -0.020623 -0.0147273)
(-0.00848946 -0.0220971 -0.0146203)
(-0.00890114 -0.0199361 -0.0133488)
(-0.00858165 -0.0201511 -0.0134677)
(-0.00842555 -0.019626 -0.0147365)
(-0.00671635 -0.0182597 -0.0136035)
(-0.00723757 -0.0180543 -0.0138441)
(-0.00589237 -0.0179313 -0.0127634)
(-0.00579005 -0.0192987 -0.0135942)
(-0.00567873 -0.0191085 -0.0127951)
(-0.00601462 -0.0194642 -0.0128711)
(-0.00731179 -0.019296 -0.013027)
(-0.0034345 -0.0144147 -0.00193669)
(-0.00388293 -0.0153486 -0.00106097)
(-0.00360276 -0.0145438 -0.00176326)
(-0.0056064 -0.0168758 -0.00358361)
(-0.00472391 -0.0157083 -0.00251198)
(-0.00681154 -0.0176121 -0.00311858)
(-0.00457918 -0.0158577 -0.00234455)
(-0.00550054 -0.0167083 -0.0015115)
(-0.00525123 -0.0170621 -0.000929471)
(-0.00701645 -0.0189131 -0.00226865)
(-0.00593789 -0.0169793 0.000694003)
(-0.00277204 -0.0135738 -0.00525982)
(-0.00305747 -0.0133658 -0.0058881)
(-0.00269702 -0.0120494 -0.00622879)
(-0.00304973 -0.0127647 -0.00532531)
(-0.00329162 -0.0132895 -0.0051442)
(-0.0025414 -0.0117293 -0.00481636)
(-0.0023044 -0.0119947 -0.00553253)
(-0.00299238 -0.0110488 -0.00710095)
(-0.00258787 -0.0111645 -0.00685816)
(-0.0028455 -0.0116398 -0.00658669)
(-0.0031449 -0.0127391 -0.00836197)
(-0.00229603 -0.0124413 -0.00579877)
(-0.00237913 -0.0118538 -0.00565686)
(-0.00393926 -0.0151033 -0.00754578)
(-0.00292747 -0.0137408 -0.00751591)
(-0.0140355 -0.021688 -0.00440256)
(-0.0148353 -0.0226041 -0.00537773)
(-0.0136167 -0.0190519 0.00278513)
(-0.0153701 -0.0205328 0.00182699)
(-0.014874 -0.0226211 -0.00389257)
(-0.0154398 -0.0202633 -0.000655229)
(-0.0150496 -0.01994 0.000574852)
(-0.0149325 -0.0206093 -0.00276447)
(-0.0102389 -0.0196868 -0.00383471)
(-0.0124463 -0.0208879 -0.00323297)
(-0.0135286 -0.0228425 -0.00472952)
(-0.0114181 -0.0218877 -0.00252627)
(-0.0116113 -0.0200801 0.00318369)
(-0.0109211 -0.0203483 0.00259932)
(-0.0107265 -0.019138 0.00144255)
(-0.0122447 -0.0201684 0.00178372)
(-0.0101881 -0.00580643 -0.00418787)
(-0.00968934 -0.00620419 -0.00425716)
(-0.0098374 -0.00542567 -0.00347017)
(-0.0106555 -0.00565769 -0.00320783)
(-0.0116113 -0.00669283 -0.00101417)
(-0.0102788 -0.0058932 -0.00226301)
(-0.00862779 -0.00887502 0.00180077)
(-0.00958665 -0.00798487 0.00166089)
(-0.00757034 -0.00904591 0.00176236)
(-0.0080202 -0.0075595 0.0011928)
(-0.00753549 -0.00762467 -0.00086795)
(-0.00780624 -0.00800393 -0.000372063)
(-0.00864687 -0.00734854 -0.00114426)
(-0.00799755 -0.00739987 -0.00120623)
(-0.00796117 -0.00982247 0.0035168)
(-0.00697056 -0.0100762 0.00299426)
(-0.004793 -0.012057 0.00135986)
(-0.00546932 -0.0113613 0.00317981)
(-0.00508387 -0.0120435 0.00302815)
(-0.00475897 -0.0124706 0.00240195)
(-0.00524533 -0.0110407 0.00181471)
(-0.00649921 -0.0105523 0.00267549)
(-0.00673675 -0.00995892 0.00255223)
(-0.00584577 -0.0111959 0.00238372)
(-0.00479455 -0.0113607 -0.00648283)
(-0.00322917 -0.00842917 -0.00514537)
(-0.00348312 -0.00907955 -0.00569426)
(-0.00394632 -0.00912657 -0.00569853)
(-0.00407394 -0.00961597 -0.00592936)
(-0.00209511 -0.00739564 -0.00465974)
(-0.00243234 -0.0080714 -0.00515644)
(-0.00196248 -0.00746929 -0.00510997)
(-0.00191972 -0.00758527 -0.00548011)
(-0.00225779 -0.0080141 -0.00529104)
(-0.00229906 -0.00802213 -0.00521297)
(-0.00239918 -0.00816145 -0.00521733)
(-0.00197793 -0.00737246 -0.00525356)
(-0.00209485 -0.00835439 -0.00576678)
(-0.00183526 -0.00783304 -0.00574848)
(-0.00196466 -0.00762441 -0.00560655)
(-0.00184929 -0.00756603 -0.00559556)
(-0.00268132 -0.00854732 -0.00537516)
(-0.00256639 -0.00889355 -0.00504584)
(-0.00276881 -0.00992904 -0.00609536)
(-0.00313381 -0.00978242 -0.00596294)
(-0.00243924 -0.00926938 -0.00596371)
(-0.00223601 -0.00842283 -0.00604083)
(-0.00490525 -0.0177218 -0.0127903)
(-0.00396407 -0.0155138 -0.011906)
(-0.00368836 -0.015115 -0.0121377)
(-0.00467919 -0.0174426 -0.0129848)
(-0.00410427 -0.0160867 -0.0131275)
(-0.00452308 -0.0165481 -0.0123149)
(-0.00523055 -0.0174553 -0.0123887)
(-0.00538073 -0.0174369 -0.0118844)
(-0.00485285 -0.0170754 -0.0128132)
(-0.00411197 -0.0160571 -0.0123346)
(-0.00446512 -0.016687 -0.0128349)
(-0.00253747 -0.016438 -0.00536735)
(-0.00233925 -0.0165793 -0.00409208)
(-0.00190247 -0.0174689 -0.00474046)
(-0.00248759 -0.0169688 -0.00609985)
)
;
    }
    INLET
    {
        type            calculated;
        value           nonuniform 0();
    }
    OUTLET
    {
        type            calculated;
        value           nonuniform 0();
    }
    procBoundary12to10
    {
        type            processor;
        value           uniform (0 0 0);
    }
    procBoundary12to11
    {
        type            processor;
        value           uniform (0 0 0);
    }
}


// ************************************************************************* //
