/*--------------------------------*- C++ -*----------------------------------*\
| =========                 |                                                 |
| \\      /  F ield         | OpenFOAM: The Open Source CFD Toolbox           |
|  \\    /   O peration     | Version:  v1612+                                |
|   \\  /    A nd           | Web:      www.OpenFOAM.com                      |
|    \\/     M anipulation  |                                                 |
\*---------------------------------------------------------------------------*/
FoamFile
{
    version     2.0;
    format      ascii;
    class       volVectorField;
    location    "206";
    object      wallShearStress;
}
// * * * * * * * * * * * * * * * * * * * * * * * * * * * * * * * * * * * * * //

dimensions      [0 2 -2 0 0 0 0];

internalField   uniform (0 0 0);

boundaryField
{
    WALL
    {
        type            calculated;
        value           nonuniform List<vector> 
1702
(
(0.00788695 -0.0104924 0.0100011)
(0.00790831 -0.0107807 0.00957758)
(0.00861458 -0.0179335 0.015226)
(0.00842068 -0.0182882 0.0132605)
(0.00571812 -0.0123269 0.00939508)
(0.00660682 -0.0136939 0.00916245)
(0.0205918 -0.0134946 0.00610478)
(0.0192086 -0.0125823 0.00308669)
(0.00291381 -0.0149854 0.00791797)
(0.00172796 -0.0153615 0.00849272)
(0.00846426 -0.0157505 0.0147757)
(0.00721391 -0.0156751 0.0158468)
(0.00182788 -0.00784137 0.00692588)
(0.00316475 -0.00911962 0.00835305)
(0.00175687 -0.00785525 0.00700378)
(0.00409829 -0.00884919 0.00858173)
(0.00300498 -0.00787348 0.00755407)
(0.0130367 -0.0104125 0.00123366)
(0.0202156 -0.00979178 0.00205018)
(0.0179531 -0.0111293 0.00116865)
(0.000453675 -0.0127592 0.00793804)
(0.000391438 -0.0142249 0.00871527)
(0.00418721 -0.0142716 0.00869588)
(0.00329111 -0.0135321 0.00806809)
(0.0158181 -0.0144564 0.00232579)
(0.0128839 -0.014921 0.00221162)
(0.0153575 -0.0135276 0.00139834)
(0.0166524 -0.0124182 0.00250357)
(0.00598793 -0.018282 0.00453258)
(0.00590236 -0.0167486 0.00456867)
(0.00499424 -0.013885 0.00846958)
(0.00458097 -0.013911 0.009067)
(0.00805724 -0.0135739 0.00827189)
(0.00634968 -0.0134402 0.00888272)
(0.0110392 -0.014364 0.00818714)
(0.00931205 -0.0145482 0.00856615)
(0.00696518 -0.0118694 0.00912966)
(0.00650641 -0.0107689 0.00975432)
(0.00451791 -0.0225921 0.00682932)
(0.00677956 -0.00845145 0.00918187)
(0.00739409 -0.00938794 0.00991227)
(0.0140966 -0.0172976 0.00455447)
(0.0155838 -0.0168035 0.00606645)
(0.00531914 -0.0222822 0.00769705)
(0.00625575 -0.0207818 0.00804328)
(0.00886775 -0.012401 0.00796641)
(0.0112416 -0.0132549 0.00771672)
(0.0109725 -0.0127599 0.00812776)
(0.0101256 -0.0127441 0.00897783)
(-0.00106446 -0.0139124 0.00877609)
(-0.00132831 -0.0130654 0.00901259)
(-0.00216098 -0.0125069 0.00938526)
(-0.00139975 -0.0126159 0.00805902)
(-0.00164036 -0.0128864 0.00911643)
(-0.000647148 -0.013791 0.00860468)
(0.0139927 -0.0105166 0.00156551)
(0.0152057 -0.0105148 0.000755069)
(0.0152209 -0.0103978 0.00132129)
(0.0170642 -0.0104973 0.00126948)
(0.0181036 -0.0103925 0.00117082)
(0.0120688 -0.0142087 0.00857177)
(0.00979343 -0.0144576 0.00784501)
(0.0113304 -0.0145346 0.00813213)
(0.0120767 -0.0142639 0.00834883)
(0.00994714 -0.0142194 0.00766189)
(0.01077 -0.0143794 0.00795974)
(0.00984928 -0.0127289 0.008416)
(0.0099943 -0.0127634 0.0079396)
(0.00895202 -0.0123142 0.0087546)
(0.00880745 -0.0125856 0.00774251)
(0.00806878 -0.0123577 0.00892792)
(0.00831315 -0.0124503 0.00854075)
(0.0166128 -0.00945361 0.0136702)
(0.0174089 -0.0101616 0.0153114)
(0.0172025 -0.0103789 0.014534)
(0.0181293 -0.011171 0.0132085)
(0.016917 -0.0115317 0.0136499)
(0.0178895 -0.00914304 0.0133793)
(0.00844438 -0.00942944 0.0139467)
(0.0104854 -0.00710504 0.0145232)
(0.0115921 -0.00807795 0.01605)
(0.00862277 -0.00857712 0.0125048)
(0.00949697 -0.00891469 0.0146597)
(0.00832282 -0.00744953 0.0141359)
(0.00796034 -0.0061791 0.00972205)
(0.0090734 -0.00454876 0.0111974)
(0.00844797 -0.00561293 0.0107186)
(0.00623289 -0.00461994 0.00846181)
(0.00731367 -0.00429769 0.0104659)
(0.00876188 -0.00378489 0.010627)
(0.01621 -0.00503895 0.0138795)
(0.0182037 -0.00786553 0.0149384)
(0.0191385 -0.00643231 0.0139526)
(0.0189603 -0.00570119 0.0128989)
(0.0186163 -0.00629495 0.0138296)
(0.0173395 -0.00420073 0.0136542)
(0.0093294 -0.0108703 0.0101373)
(0.0109213 -0.013096 0.00991875)
(0.0116176 -0.0124105 0.0100589)
(0.0107328 -0.0112735 0.00993705)
(0.00749034 -0.0106536 0.00977886)
(0.00911053 -0.0113056 0.0102003)
(0.00942463 -0.0121232 0.0101347)
(0.00970144 -0.0119773 0.0100979)
(0.000788604 -0.010406 0.0091467)
(0.000875505 -0.0110573 0.00896034)
(0.00151421 -0.01164 0.00939377)
(0.00170113 -0.0119143 0.00876503)
(0.00123525 -0.0118767 0.00909761)
(0.000683995 -0.011949 0.00944782)
(0.00169251 -0.00437151 0.00507974)
(0.00167117 -0.00414296 0.00597383)
(0.00146391 -0.00431875 0.00577586)
(0.00162159 -0.00446334 0.0051291)
(0.00186069 -0.00444261 0.00590775)
(0.00141623 -0.00428082 0.00504256)
(0.00075525 -0.00971467 0.00991739)
(0.000655658 -0.00838675 0.00972723)
(0.000921545 -0.00803347 0.00974752)
(0.000765744 -0.0100442 0.0098059)
(0.00107808 -0.00882956 0.00964331)
(0.000488986 -0.00894337 0.00978686)
(0.0161716 -0.0106807 0.00863797)
(0.0173764 -0.0125754 0.00872361)
(0.0160274 -0.0102694 0.0100538)
(0.0172006 -0.00938338 0.00843081)
(0.0178432 -0.0119151 0.00904507)
(0.0149274 -0.010825 0.00952621)
(0.0110602 -0.0193563 0.00507673)
(0.0107561 -0.017109 0.00365852)
(0.0114514 -0.0180552 0.00490619)
(0.00900307 -0.0191157 0.00444303)
(0.00963135 -0.0179639 0.0040611)
(0.00964932 -0.0186925 0.00443623)
(0.011526 -0.0177156 0.00698956)
(0.0122795 -0.0163762 0.00706408)
(0.0109904 -0.0174853 0.0073382)
(0.0113462 -0.018826 0.00700933)
(0.0111645 -0.0175828 0.0084365)
(0.0116667 -0.0168038 0.00855193)
(0.00888778 -0.0188248 0.00691054)
(0.00857622 -0.0193644 0.00582177)
(0.00796258 -0.0201685 0.00629137)
(0.00963503 -0.0183735 0.00663546)
(0.00928369 -0.0202079 0.00697963)
(0.00788546 -0.0198469 0.00708607)
(0.0111785 -0.0136858 0.00953718)
(0.010486 -0.0153726 0.00929104)
(0.00990193 -0.0126443 0.00987135)
(0.00970961 -0.0145962 0.00993156)
(0.0113077 -0.014797 0.00935309)
(0.00896573 -0.0133851 0.00979237)
(0.0071607 -0.00989982 0.00979332)
(0.00485286 -0.00823237 0.00851091)
(0.0065155 -0.00816177 0.009205)
(0.00516212 -0.00807483 0.00887794)
(0.00578634 -0.00900456 0.00921806)
(0.00856132 -0.00959897 0.0096817)
(0.012313 -0.0144454 0.00815107)
(0.0128166 -0.0155974 0.00833881)
(0.012455 -0.014679 0.00923207)
(0.0128375 -0.0138993 0.00899215)
(0.0136769 -0.0144198 0.00860675)
(0.0128865 -0.0163226 0.00839736)
(0.00454187 -0.0108065 0.00824417)
(0.00483225 -0.0109567 0.00681728)
(0.00457844 -0.010028 0.00789767)
(0.00469002 -0.0117085 0.00616019)
(0.00449055 -0.0112967 0.00673209)
(0.00485002 -0.0107133 0.00753062)
(0.00516388 -0.00972984 0.00669242)
(0.005651 -0.0102274 0.00646534)
(0.0049858 -0.00871429 0.00642341)
(0.00521342 -0.00946156 0.00499708)
(0.0053976 -0.0102814 0.00589659)
(0.00281823 -0.0131626 0.00987525)
(0.00327701 -0.013607 0.0114805)
(0.00210783 -0.0138886 0.012096)
(0.00258715 -0.0162442 0.0100075)
(0.00186896 -0.015461 0.0112732)
(0.00391991 -0.0141168 0.0138835)
(0.00287571 -0.0159498 0.0140334)
(0.00330919 -0.0151076 0.00893542)
(0.00373389 -0.0159598 0.00662269)
(0.00412038 -0.0147688 0.0079072)
(0.00474572 -0.0153296 0.00588531)
(0.00332037 -0.0160305 0.0075295)
(0.00481133 -0.0168981 0.00599588)
(0.00481078 -0.0106522 0.0108222)
(0.00639143 -0.0111039 0.0133651)
(0.00517286 -0.0101469 0.0116812)
(0.00576742 -0.00970734 0.0114675)
(0.00504717 -0.00962492 0.011141)
(0.00654079 -0.00934872 0.012048)
(0.00530281 -0.0114523 0.0135891)
(0.00700204 -0.0111396 0.0152151)
(0.00479141 -0.0129998 0.014102)
(0.00651976 -0.0122084 0.0153361)
(0.00603993 -0.0113633 0.0142865)
(0.00520856 -0.0118231 0.0140175)
(0.00881663 -0.0103583 0.0155002)
(0.010189 -0.00933891 0.0154239)
(0.00908295 -0.00987863 0.0153465)
(0.0107111 -0.010493 0.0168768)
(0.0111532 -0.00947994 0.0161693)
(0.0078754 -0.0108183 0.0150097)
(0.013477 -0.0103403 0.0156063)
(0.0138636 -0.0100269 0.0167664)
(0.0126217 -0.0107316 0.0165852)
(0.0148673 -0.0112113 0.0165325)
(0.0150459 -0.0106173 0.0148611)
(0.014595 -0.0115005 0.0155241)
(-0.00130844 -0.0131959 0.00781135)
(-0.000977202 -0.0155806 0.00888124)
(-0.000450912 -0.0139503 0.00768177)
(-0.000446756 -0.0156059 0.00832106)
(0.00243151 -0.0162961 0.0156973)
(0.0011053 -0.0163595 0.0139126)
(0.00169826 -0.0161418 0.0147122)
(0.00201256 -0.0169711 0.0163587)
(0.000531351 -0.0173633 0.0136375)
(0.00115437 -0.0171871 0.0153596)
(0.00619746 -0.0165364 0.0179014)
(0.00799814 -0.0160186 0.017325)
(0.00814143 -0.0147038 0.0175414)
(0.00689176 -0.0144423 0.0166904)
(0.00663607 -0.0148475 0.0171224)
(0.00863902 -0.0139862 0.0169867)
(0.0105147 -0.0159424 0.014762)
(0.00945323 -0.0170245 0.0148733)
(0.00815164 -0.0165052 0.0128204)
(0.00982639 -0.0173863 0.0142113)
(0.00915062 -0.0173379 0.0129328)
(0.00941559 -0.0169976 0.0159823)
(0.0101172 -0.0153448 0.015367)
(0.010076 -0.0165196 0.0136121)
(0.0123638 -0.00583698 0.0141126)
(0.0129426 -0.00567188 0.013574)
(0.0120996 -0.00522557 0.0123556)
(0.0128337 -0.00567599 0.0148268)
(0.0160058 -0.00525304 0.0154771)
(0.0145381 -0.00421251 0.0143679)
(0.00634413 -0.00950687 0.00425879)
(0.0076202 -0.00987862 0.00283324)
(0.00769703 -0.0114153 0.00343111)
(0.00831768 -0.0110271 0.00282434)
(0.00688164 -0.0111607 0.00431761)
(0.00686299 -0.00942539 0.0034286)
(0.00880582 -0.00765065 0.0126651)
(0.00833287 -0.00738062 0.0116551)
(0.00987449 -0.00693824 0.0135562)
(0.0109081 -0.00765234 0.0144547)
(0.00815506 -0.00633003 0.0131108)
(0.00839676 -0.00785979 0.0128173)
(0.0153238 -0.00676865 0.0155522)
(0.0127329 -0.00670521 0.0140014)
(0.0137471 -0.0078513 0.0157914)
(0.0147853 -0.00734816 0.0159871)
(0.0125551 -0.00759639 0.0150707)
(0.0161498 -0.00672368 0.0164011)
(0.0176891 -0.00779212 0.0148625)
(0.0184478 -0.00854219 0.0146759)
(0.0174003 -0.00770469 0.0147784)
(0.0176153 -0.00805475 0.015842)
(0.0180247 -0.00945363 0.0143843)
(0.0189271 -0.00972467 0.0140401)
(0.0117789 -0.00792119 0.0147402)
(0.0149627 -0.00707652 0.014278)
(0.0147028 -0.00804913 0.0151265)
(0.0133586 -0.00719418 0.0158192)
(0.0142794 -0.00844455 0.0158283)
(0.0132436 -0.00913262 0.0151625)
(0.0176801 -0.0104104 0.00798112)
(0.0184619 -0.00924366 0.00980639)
(0.0203988 -0.0100595 0.0100587)
(0.0173672 -0.00997015 0.0077657)
(0.017226 -0.00999089 0.0086083)
(0.0185276 -0.00916217 0.00811381)
(0.0205935 -0.00798463 0.00889382)
(0.0191599 -0.0107811 0.0087731)
(0.020483 -0.0104401 0.00957772)
(0.0214276 -0.00831256 0.00992024)
(0.0180869 -0.00454588 0.0135092)
(0.0179575 -0.00508267 0.0145268)
(0.0207051 -0.00486853 0.0141872)
(0.000595443 -0.0166837 0.0115709)
(0.00011845 -0.0192398 0.0105737)
(0.000747424 -0.0182813 0.0115449)
(0.0011462 -0.0182714 0.00937293)
(-0.00020917 -0.0172526 0.0100402)
(-0.000299981 -0.0182961 0.0120184)
(0.000590258 -0.0201824 0.00788578)
(0.000263177 -0.021519 0.0090401)
(0.00192308 -0.0204038 0.00702555)
(0.00346096 -0.0214953 0.00639214)
(0.00268158 -0.0225318 0.00749477)
(0.0108403 -0.0155767 0.0125003)
(0.0106321 -0.0155727 0.0110853)
(0.0109457 -0.0164255 0.0123295)
(0.00952621 -0.0158835 0.0104736)
(0.00910119 -0.0171919 0.0119413)
(0.0103109 -0.0164689 0.0129313)
(0.00707138 -0.0179236 0.0112267)
(0.0081536 -0.0174263 0.0109921)
(0.00632711 -0.0172614 0.00969915)
(0.00676665 -0.0171323 0.0102257)
(0.00746744 -0.0172101 0.0103156)
(0.005784 -0.0171716 0.00979083)
(0.00302206 -0.0161945 0.00827601)
(0.00215364 -0.0154408 0.00821093)
(0.00414002 -0.0168227 0.00901626)
(0.0027759 -0.0155104 0.00804077)
(0.00447474 -0.0165775 0.00872071)
(0.00381989 -0.0165373 0.00874069)
(0.0121313 -0.0159159 0.0131958)
(0.0135421 -0.0141523 0.0136665)
(0.0133995 -0.0143845 0.0149179)
(0.0127351 -0.0156192 0.0156358)
(0.0121514 -0.015622 0.0138865)
(0.0127587 -0.0149465 0.0125968)
(0.0108073 -0.0145977 0.00848791)
(0.0113271 -0.0163341 0.0100832)
(0.0118607 -0.0156795 0.00969021)
(0.00978323 -0.0172821 0.0101476)
(0.00969144 -0.0158544 0.0086833)
(0.014869 -0.0130071 0.0148358)
(0.0141252 -0.0123687 0.0162054)
(0.0136578 -0.0128024 0.016814)
(0.0152537 -0.0127105 0.0158102)
(0.0139125 -0.0139452 0.0149682)
(0.0135066 -0.01189 0.0146134)
(0.0163623 -0.0110499 0.0133809)
(0.0161784 -0.0126937 0.0129823)
(0.0153682 -0.0139909 0.0133832)
(0.0149313 -0.0118039 0.0136214)
(0.0155624 -0.0129272 0.0118758)
(0.0150815 -0.0120915 0.0110966)
(0.0143168 -0.0117359 0.00720758)
(0.0128547 -0.0124938 0.0074551)
(0.0135679 -0.0122979 0.00728937)
(0.0122834 -0.0122414 0.00745516)
(0.015297 -0.0135715 0.00891729)
(0.0172825 -0.0128458 0.00899907)
(0.0186401 -0.0124746 0.0094774)
(0.0161577 -0.0113305 0.00714942)
(0.0155995 -0.0129927 0.00900188)
(0.0169073 -0.0108812 0.00757159)
(0.0133567 -0.0123201 0.00705368)
(0.0140802 -0.010972 0.0065767)
(0.015889 -0.0109556 0.00697941)
(0.0164538 -0.0119446 0.0082746)
(0.0144877 -0.0128969 0.00776188)
(0.0156292 -0.0123748 0.00821095)
(0.00451621 -0.0111506 0.010543)
(0.00531757 -0.0127929 0.0104687)
(0.00582124 -0.012809 0.00918585)
(0.00591346 -0.0135704 0.00980531)
(0.00497288 -0.0117934 0.0102415)
(0.00409047 -0.0109432 0.0102988)
(0.00430133 -0.0113187 0.00931066)
(0.00518851 -0.0125941 0.0100953)
(0.00731332 -0.0122248 0.00813086)
(0.00766765 -0.0134105 0.00858944)
(0.00792827 -0.0139639 0.00889884)
(0.00681726 -0.01245 0.008679)
(0.00793013 -0.0122298 0.00746141)
(0.00843595 -0.0129362 0.00753744)
(0.00597837 -0.012201 0.00952165)
(0.0059887 -0.0122096 0.0108253)
(0.00598701 -0.012449 0.0102515)
(0.00560389 -0.0119367 0.0108908)
(0.00673865 -0.0132755 0.010042)
(0.00593789 -0.0119429 0.0100159)
(0.00861753 -0.0144858 0.0080957)
(0.00839694 -0.0147642 0.00831327)
(0.00757852 -0.0145151 0.00884612)
(0.00946081 -0.0150984 0.0087872)
(0.0101705 -0.0138643 0.00726702)
(0.00921911 -0.015181 0.00820172)
(0.00849845 -0.0148136 0.00793432)
(0.00768814 -0.0151576 0.00827133)
(0.00786124 -0.0152153 0.0082558)
(0.00987783 -0.0156248 0.00871167)
(0.00959101 -0.0155822 0.00904761)
(0.0128662 -0.0140617 0.00939627)
(0.0128115 -0.0142002 0.00961227)
(0.0141298 -0.0142879 0.0106114)
(0.0118125 -0.0155656 0.00935516)
(0.013697 -0.0141695 0.0100745)
(0.0122843 -0.0154998 0.0097864)
(0.00510976 -0.0138562 0.0083577)
(0.00587904 -0.0128176 0.00741881)
(0.0063556 -0.0151786 0.00873148)
(0.00741107 -0.0141231 0.00776312)
(0.00783139 -0.0144698 0.00774923)
(0.00671892 -0.0148502 0.00832271)
(0.0154607 -0.0117076 0.0102412)
(0.0145354 -0.0132436 0.00940118)
(0.0159613 -0.0114946 0.00938783)
(0.0162926 -0.0128546 0.0114997)
(0.0151327 -0.0135042 0.0103443)
(0.014812 -0.013546 0.00954068)
(0.0141608 -0.0137348 0.00917051)
(0.00571224 -0.0219626 0.00714757)
(0.00478595 -0.0211038 0.00647087)
(0.00731617 -0.0210356 0.00740342)
(0.006219 -0.0212617 0.00714377)
(0.00488226 -0.0214004 0.006505)
(0.00531883 -0.0197446 0.0050867)
(0.00625911 -0.0206748 0.00577253)
(0.00775033 -0.0202517 0.00498367)
(0.00504318 -0.0212547 0.00632718)
(0.00727057 -0.0192208 0.00457374)
(0.00564821 -0.0195734 0.00622674)
(0.00629368 -0.0167422 0.00465726)
(0.00637322 -0.0144079 0.00374248)
(0.00748404 -0.0168335 0.00395643)
(0.00760114 -0.0160737 0.00394692)
(0.00599067 -0.0154645 0.00449281)
(0.00800262 -0.0161541 0.00358962)
(0.00701198 -0.0114372 0.00356169)
(0.00780639 -0.0122595 0.00331958)
(0.0064444 -0.0112221 0.00381814)
(0.00579291 -0.0111561 0.00449626)
(0.00647753 -0.0124794 0.00432754)
(0.00747318 -0.0126951 0.00342357)
(0.0165021 -0.0157088 0.0047729)
(0.0146906 -0.0163321 0.00376886)
(0.0157585 -0.0161738 0.00439341)
(0.013985 -0.0165585 0.00342664)
(0.0162034 -0.0153206 0.00359989)
(0.0155953 -0.0164075 0.00352578)
(0.00827258 -0.00633135 0.00947228)
(0.00840655 -0.00645721 0.00943393)
(0.0102051 -0.00687244 0.0106324)
(0.0110855 -0.00723975 0.0101468)
(0.00942642 -0.00705923 0.0101038)
(0.0115006 -0.00713327 0.0109194)
(0.011578 -0.00658282 0.0107884)
(0.0145486 -0.0064791 0.0105215)
(0.0135747 -0.00621334 0.011004)
(0.0111002 -0.00620871 0.0101027)
(0.0143758 -0.00635182 0.0106998)
(0.0131376 -0.00649698 0.010681)
(0.0187754 -0.012597 0.00591884)
(0.0185066 -0.0136414 0.00699415)
(0.0180751 -0.0144279 0.00577377)
(0.0173908 -0.0137913 0.0047745)
(0.0179181 -0.0116437 0.006526)
(0.0183017 -0.0128254 0.00449716)
(0.0187986 -0.0104459 0.00860725)
(0.0190564 -0.011666 0.00677538)
(0.0198329 -0.0110446 0.00718635)
(0.0191136 -0.00961842 0.00771611)
(0.017873 -0.00930898 0.00851207)
(0.0186637 -0.0103235 0.00725157)
(0.0201916 -0.0104195 0.00634837)
(0.0209608 -0.0093154 0.00718938)
(0.0204221 -0.00929815 0.00469785)
(0.0199231 -0.00790306 0.00627163)
(0.0209954 -0.00965079 0.0060063)
(0.0166607 -0.00522936 0.0108796)
(0.0186576 -0.00542604 0.010737)
(0.0173398 -0.00484842 0.0106075)
(0.0195864 -0.00453354 0.00968034)
(0.0190112 -0.00537155 0.0103698)
(0.0199595 -0.00478404 0.00950572)
(0.0146025 -0.00708045 0.0111729)
(0.0176134 -0.0069841 0.0106358)
(0.0151725 -0.00489315 0.0101279)
(0.0156659 -0.00618413 0.0103193)
(0.0136769 -0.00681582 0.0113753)
(0.0170971 -0.00692612 0.0109089)
(0.0188756 -0.0130148 0.00513277)
(0.0175116 -0.0130671 0.00303582)
(0.0172509 -0.0137139 0.0032078)
(0.018806 -0.0118683 0.00425491)
(0.0182393 -0.0154191 0.00385774)
(0.0183347 -0.0122813 0.00367242)
(0.00939747 -0.0139056 0.00253015)
(0.0103171 -0.0137758 0.00186771)
(0.010299 -0.014951 0.00278447)
(0.0113912 -0.0140086 0.00218164)
(0.0124833 -0.0139968 0.00206673)
(0.0119569 -0.0132002 0.00182209)
(0.00953295 -0.0120925 0.00277642)
(0.00855727 -0.0114919 0.0026273)
(0.0100534 -0.0121186 0.00267281)
(0.0112002 -0.0116465 0.00201377)
(0.0124618 -0.0122299 0.00124502)
(0.00536766 -0.00621093 0.00806382)
(0.00656345 -0.00604342 0.00854784)
(0.00528105 -0.00607398 0.00779705)
(0.00747491 -0.0068144 0.00920904)
(0.00770796 -0.00700044 0.00943203)
(0.00641075 -0.00676203 0.00876895)
(0.0128562 -0.00886982 0.0101815)
(0.0129896 -0.00815006 0.0101592)
(0.0104787 -0.00768798 0.0102724)
(0.0122513 -0.00789895 0.0104208)
(0.01032 -0.00800726 0.0101103)
(0.0117986 -0.00915434 0.0107553)
(0.00446567 -0.00536069 0.00688843)
(0.00550259 -0.00583218 0.00773374)
(0.00563045 -0.00601619 0.00791288)
(0.00401703 -0.00488987 0.00662267)
(0.00505165 -0.00546921 0.00728514)
(0.00441609 -0.00480139 0.00684477)
(0.00266442 -0.0139097 0.00895245)
(0.00221867 -0.0136176 0.00921216)
(0.00347726 -0.0149928 0.00892642)
(0.00405603 -0.0154942 0.00904998)
(0.00314972 -0.0134149 0.00808583)
(-0.000693089 -0.00776445 0.00922213)
(-0.000814884 -0.00986176 0.00928344)
(-0.00118635 -0.0088556 0.00935042)
(-0.000712726 -0.00992492 0.0092953)
(-0.000407286 -0.00902752 0.00945716)
(-0.000558356 -0.00775721 0.00907192)
(0.00234156 -0.0145712 0.00826071)
(0.00290401 -0.0152372 0.00808093)
(0.00146467 -0.0135891 0.00786255)
(0.00163188 -0.0139107 0.00874609)
(0.00104766 -0.01343 0.0083785)
(0.00234512 -0.0142832 0.00830602)
(0.00107202 -0.012923 0.00841059)
(0.00127515 -0.0139493 0.0080179)
(-0.000211046 -0.0115151 0.00839823)
(0.000387361 -0.0124878 0.00883908)
(0.000541959 -0.0121559 0.00781105)
(-0.000121468 -0.0123478 0.00812513)
(-0.000355082 -0.011378 0.00892314)
(0.00294299 -0.0120497 0.0094165)
(0.00313978 -0.0126806 0.00950254)
(0.00333599 -0.0128109 0.00875665)
(0.00372661 -0.0120432 0.0084362)
(0.00422405 -0.0136071 0.0093835)
(0.0022509 -0.00965867 0.0103045)
(0.00272241 -0.0111058 0.00967629)
(0.00266411 -0.0105174 0.0100887)
(0.00261203 -0.0113653 0.00973437)
(0.00208039 -0.00986547 0.0101817)
(0.00225438 -0.0110587 0.010291)
(0.00536611 -0.00621777 0.00945123)
(0.0054893 -0.00468319 0.00847099)
(0.00462492 -0.00498602 0.0075165)
(0.00531283 -0.00575787 0.00872903)
(0.00506832 -0.0058098 0.00896265)
(0.00585304 -0.00602049 0.00840558)
(0.0058409 -0.00574935 0.00842428)
(0.00393237 -0.00527966 0.00918377)
(0.00358409 -0.00481991 0.00762858)
(0.00361135 -0.00470434 0.00710952)
(0.00417547 -0.00516471 0.0086514)
(0.00392487 -0.00469222 0.00737957)
(0.00356797 -0.00507987 0.00849409)
(0.00383647 -0.00503351 0.00651231)
(0.00309322 -0.00448665 0.00646685)
(0.00303811 -0.00506175 0.00600043)
(0.00358714 -0.00488433 0.00645067)
(0.00324484 -0.00432814 0.00640133)
(0.00351181 -0.00514229 0.00630545)
(0.0018171 -0.00537575 0.00795093)
(0.00233743 -0.00593519 0.00914825)
(0.0023601 -0.00541164 0.0082303)
(0.00212803 -0.00563104 0.00772522)
(0.00148915 -0.00640107 0.00937521)
(0.00182436 -0.00770386 0.00985333)
(0.00170982 -0.00754484 0.00974586)
(0.00258349 -0.00747474 0.00967573)
(0.00249036 -0.00787394 0.0100136)
(0.00212901 -0.00808417 0.0101128)
(0.00202108 -0.00875741 0.0103654)
(0.00199533 -0.0076757 0.00963303)
(0.00194853 -0.00917074 0.0102768)
(0.00533414 -0.0100641 0.0116447)
(0.00473155 -0.00937317 0.0114172)
(0.00489681 -0.00990065 0.0116984)
(0.00493856 -0.0102906 0.0111665)
(0.00531429 -0.00934215 0.0121402)
(0.00521001 -0.0111993 0.011422)
(0.00547496 -0.00805617 0.0114413)
(0.00574547 -0.00712004 0.0111565)
(0.00563698 -0.00783461 0.0119787)
(0.0054643 -0.00663192 0.011158)
(0.005561 -0.00593895 0.0106472)
(0.0058354 -0.00605807 0.010778)
(0.00653934 -0.00579028 0.0110969)
(0.00611283 -0.00487697 0.0108761)
(0.0059992 -0.00660756 0.011441)
(0.00631428 -0.00467565 0.0107123)
(0.00608385 -0.00661025 0.0118594)
(0.00654851 -0.00655007 0.0113943)
(0.00933136 -0.00857379 0.0100796)
(0.00952349 -0.00843958 0.0100622)
(0.00852361 -0.00821565 0.00983313)
(0.00689642 -0.00705188 0.00892269)
(0.00775663 -0.00884214 0.0101702)
(0.00689948 -0.00731764 0.00911476)
(0.0031595 -0.00531653 0.00621244)
(0.00414129 -0.00556852 0.00710536)
(0.00384472 -0.00613955 0.00700568)
(0.00365309 -0.00539229 0.00660822)
(0.0047758 -0.00639463 0.00783665)
(0.00475093 -0.0063681 0.00778536)
(0.019939 -0.0050067 0.0101842)
(0.0175308 -0.00338548 0.00989307)
(0.0185792 -0.0036665 0.0100861)
(0.0206581 -0.003503 0.00844281)
(0.0208941 -0.00318391 0.00916652)
(0.0190139 -0.00332434 0.00976753)
(0.00876213 -0.00700084 0.0133236)
(0.00905397 -0.00551465 0.011807)
(0.0084516 -0.00621233 0.0120733)
(0.00995747 -0.00785427 0.0140615)
(0.00998371 -0.00622242 0.0134716)
(0.00806169 -0.00627937 0.0127415)
(0.00222198 -0.00585782 0.00612903)
(0.00387311 -0.00743996 0.00773993)
(0.00326666 -0.00713625 0.00709723)
(0.00238095 -0.00586085 0.00602028)
(0.00263754 -0.00746172 0.00730726)
(0.00394158 -0.00972812 0.00862256)
(0.00399296 -0.010894 0.00886346)
(0.00268257 -0.00920791 0.00800096)
(0.00451404 -0.0107705 0.00916959)
(0.00313094 -0.00938655 0.00812462)
(0.00259444 -0.0079868 0.00741547)
(0.000612362 -0.00665108 0.00563497)
(0.0026174 -0.00906751 0.00782378)
(0.00126589 -0.00750471 0.00636238)
(0.00149869 -0.00491671 0.00489774)
(0.00167003 -0.00505073 0.0050619)
(0.00105013 -0.00410644 0.0045357)
(0.00109225 -0.00447196 0.0045198)
(0.00128846 -0.00416981 0.00459006)
(0.00147548 -0.00466698 0.00491933)
(-0.00181675 -0.0107129 0.00851379)
(-0.00255864 -0.0102974 0.00949736)
(-0.00160657 -0.00805728 0.00843147)
(-0.00197563 -0.00824885 0.00836993)
(-0.00145598 -0.00967898 0.00856129)
(-0.00240867 -0.00911364 0.00865183)
(0.000519099 -0.00465324 0.00439577)
(0.000360731 -0.00416465 0.00392072)
(0.000531768 -0.00513204 0.00478724)
(0.00848431 -0.0166368 0.0174649)
(0.00860267 -0.0160646 0.0161732)
(0.00684293 -0.0173978 0.0178659)
(0.00738505 -0.0159526 0.0175192)
(0.0082748 -0.0172328 0.0166497)
(0.00683978 -0.0167952 0.0160207)
(0.00527785 -0.0159544 0.0165221)
(0.00388985 -0.0155056 0.0170058)
(0.00562127 -0.0164566 0.0178696)
(0.0048497 -0.0167676 0.0176679)
(0.00418128 -0.0167072 0.0170507)
(0.00349623 -0.0169468 0.0170778)
(0.00270889 -0.017411 0.0173218)
(0.0130536 -0.0145835 0.00846858)
(0.00159893 -0.00661418 0.00619739)
(0.00110888 -0.00588902 0.00537388)
(0.000885999 -0.00592819 0.00514865)
(0.000713807 -0.00580184 0.00492797)
(0.000602169 -0.00565161 0.00502954)
(0.000117269 -0.00376097 0.00434668)
(0.00024788 -0.00384063 0.00425404)
(0.000858787 -0.00528493 0.0047314)
(0.000684997 -0.00445671 0.00446826)
(0.000557963 -0.00392724 0.00429795)
(0.000681815 -0.00479647 0.00443631)
(0.000499834 -0.00493433 0.00438518)
(0.000482146 -0.00459844 0.00441464)
(0.000453596 -0.00399246 0.00427398)
(0.000501896 -0.00474177 0.00439526)
(-0.000248713 -0.00454537 0.0054461)
(-0.000144869 -0.00387372 0.00471559)
(-0.000743636 -0.00473508 0.00603325)
(-0.00104868 -0.0051337 0.0068295)
(-0.00256507 -0.00962275 0.00802566)
(-0.00182754 -0.00776582 0.00827612)
(-0.0024505 -0.00927209 0.00867506)
(0.000428325 -0.00428722 0.00464802)
(-0.000167881 -0.00402044 0.00580154)
(0.000273548 -0.00417951 0.00520583)
(0.000230383 -0.00444572 0.00521986)
(-0.000912003 -0.0054281 0.00668287)
(-0.00131188 -0.00627365 0.00762745)
(-0.00049373 -0.00577908 0.00733185)
(0.000235247 -0.00475858 0.00667773)
(9.99319e-05 -0.00487686 0.00612356)
(-0.000449014 -0.00562722 0.00710642)
(-0.00129685 -0.00783183 0.00853066)
(-0.00183003 -0.00930973 0.00921302)
(4.64452e-05 -0.00590434 0.00789055)
(-0.000343729 -0.00626419 0.00779295)
(-0.0011917 -0.00746516 0.00865173)
(-0.00129773 -0.00859224 0.00925082)
(-0.000649754 -0.00624237 0.00818909)
(-0.00116297 -0.00834141 0.00901547)
(-0.000530893 -0.00775118 0.00879541)
(0.00109273 -0.00541235 0.00506388)
(0.00104733 -0.00404945 0.00478336)
(0.00150595 -0.00757559 0.00650866)
(0.00618037 -0.0112431 0.00926711)
(0.00558649 -0.0127888 0.00962195)
(0.00539884 -0.0112875 0.00923071)
(0.00125777 -0.00607569 0.00523066)
(0.00183243 -0.00552775 0.00564793)
(0.00160251 -0.00647235 0.00587128)
(0.0017152 -0.00679502 0.0063775)
(0.00148702 -0.00599338 0.00576902)
(0.00333832 -0.00740658 0.00747016)
(0.00651766 -0.0150536 0.00965966)
(0.00645349 -0.0157351 0.00930178)
(-0.00204629 -0.0107225 0.00805642)
(-0.00221388 -0.0107899 0.0088075)
(0.0220424 -0.00415882 0.00661966)
(0.0141463 -0.00398456 0.0103947)
(0.0153094 -0.00353667 0.00987063)
(0.021488 -0.00455484 0.00788549)
(0.0140187 -0.0102634 0.00166969)
(0.0117002 -0.0106864 0.00194598)
(0.0115245 -0.0117138 0.00232362)
(0.010286 -0.0113675 0.00180329)
(0.012591 -0.0109195 0.00164778)
(0.0118592 -0.0102859 0.00110025)
(0.0100492 -0.00970648 0.00177338)
(0.010782 -0.0103128 0.00154169)
(0.0183114 -0.0100766 0.00192036)
(0.0192438 -0.0100303 0.00180463)
(0.0202159 -0.00932033 0.00194852)
(0.0211513 -0.00924178 0.00303285)
(0.0210621 -0.00850935 0.00242801)
(0.0215935 -0.00855643 0.00347767)
(0.0217315 -0.00743165 0.00397215)
(0.0231616 -0.00503818 0.00588564)
(0.0226209 -0.00575534 0.00525163)
(0.022486 -0.00651231 0.0042734)
(0.0021688 -0.00501806 0.0053542)
(0.0033501 -0.00652898 0.00697261)
(0.00288856 -0.00601125 0.00647528)
(0.00732412 -0.00644139 0.0126857)
(0.00705246 -0.0108007 0.0102294)
(0.00818767 -0.0106739 0.0120668)
(0.00736738 -0.0101979 0.0107226)
(0.0081046 -0.0111726 0.0115144)
(0.00731568 -0.00759773 0.0127149)
(0.00743694 -0.00963463 0.011538)
(0.00618559 -0.00741601 0.011995)
(0.00663797 -0.00895198 0.0119367)
(0.00329034 -0.00525674 0.00633381)
(0.00291369 -0.00425429 0.00588547)
(0.00274966 -0.00509644 0.00588215)
(0.00288469 -0.00515228 0.00596594)
(0.00250313 -0.0043268 0.00559836)
(0.00262179 -0.00479434 0.00650754)
(0.00262843 -0.00676606 0.00963319)
(0.00361646 -0.00482997 0.00651443)
(0.00344987 -0.00494714 0.00745972)
(0.00330687 -0.00599112 0.00894283)
(0.0026834 -0.00670795 0.00950646)
(0.00307031 -0.00621719 0.00917039)
(0.00311312 -0.00738467 0.0104213)
(0.00329654 -0.00658488 0.00983372)
(0.00640422 -0.00603558 0.010345)
(0.00435327 -0.00500067 0.00728278)
(0.00576954 -0.00493502 0.00780398)
(0.00644965 -0.00539019 0.00807042)
(0.00538507 -0.00502669 0.00764389)
(0.00619385 -0.00484204 0.00955582)
(0.00642717 -0.00571085 0.00968124)
(0.00674494 -0.00577383 0.0094722)
(0.00381139 -0.00584146 0.00947435)
(0.00453951 -0.00622073 0.011166)
(0.00513149 -0.00721344 0.0111349)
(0.0046362 -0.0057389 0.00938896)
(0.00481399 -0.00738868 0.0104485)
(0.0044742 -0.00705719 0.011534)
(0.00486443 -0.00733101 0.0120307)
(0.00488789 -0.00631302 0.00982897)
(0.00263236 -0.00912751 0.0105363)
(0.00405628 -0.0157614 0.00857525)
(0.00184933 -0.0155575 0.00864854)
(0.000484293 -0.0139055 0.00841964)
(0.000192106 -0.01082 0.0085636)
(0.000171724 -0.00825043 0.0093832)
(-0.000162411 -0.010872 0.00912319)
(-0.000211049 -0.00898361 0.00941789)
(-1.80916e-05 -0.00984708 0.00917257)
(-0.000506526 -0.0108754 0.0095559)
(-0.000861101 -0.0101626 0.00841141)
(-0.000953334 -0.00942925 0.00886152)
(0.000782607 -0.00533691 0.00812414)
(0.000559412 -0.00627953 0.00881975)
(0.000110735 -0.00719177 0.00901402)
(-0.000655954 -0.00727573 0.00898888)
(-6.10246e-05 -0.00692114 0.0089475)
(8.44501e-05 -0.0061401 0.00784061)
(6.3118e-05 -0.00558728 0.00788109)
(0.000633549 -0.00512951 0.00716353)
(0.000829471 -0.00402836 0.00629003)
(0.000270135 -0.0056646 0.00760724)
(-0.00135286 -0.0124105 0.00932407)
(-0.00113612 -0.0106573 0.0086858)
(-0.00154355 -0.0107883 0.00967454)
(-0.00129992 -0.0109793 0.00924871)
(0.00118224 -0.0122942 0.00817655)
(7.57387e-05 -0.0122258 0.00896864)
(0.000774144 -0.0124521 0.00869421)
(0.00345775 -0.0153065 0.00856757)
(0.0054051 -0.0160219 0.00855102)
(0.00426184 -0.0157443 0.00830875)
(0.00556623 -0.0164633 0.00880293)
(-1.42285e-05 -0.0142104 0.00821951)
(0.000115996 -0.0134562 0.00792944)
(-0.000249145 -0.0128103 0.00821862)
(-0.000636016 -0.0124796 0.00896048)
(0.000907183 -0.0138499 0.00781887)
(0.000927743 -0.0143387 0.00784164)
(0.00195106 -0.0137668 0.00837305)
(0.00184135 -0.0128491 0.00806622)
(0.00458741 -0.0153474 0.00844089)
(0.00314155 -0.0152084 0.00859973)
(0.0026972 -0.0136321 0.00810246)
(0.00459691 -0.0146735 0.00836348)
(0.00472681 -0.0154526 0.00839457)
(0.00141509 -0.0120851 0.0084414)
(0.00661484 -0.016107 0.00867626)
(0.00562619 -0.0157802 0.00860782)
(0.00610049 -0.0159434 0.00872302)
(0.00670037 -0.0158376 0.00855569)
(0.00479344 -0.0145599 0.00823703)
(0.00270745 -0.012916 0.00929489)
(0.00303332 -0.013634 0.00934332)
(0.00224772 -0.0121116 0.00891464)
(0.00240591 -0.0125391 0.00836912)
(0.00331032 -0.0131216 0.00797262)
(0.0026216 -0.0115091 0.00905529)
(0.00302845 -0.012345 0.00862303)
(0.00362113 -0.0107095 0.00987663)
(0.00357079 -0.0114619 0.0098815)
(0.00328428 -0.0113282 0.00983334)
(0.00374361 -0.0119246 0.00890443)
(0.00274729 -0.0104235 0.00929699)
(0.00299677 -0.0115123 0.00910353)
(0.00713932 -0.0056629 0.00851127)
(0.00416162 -0.00868109 0.0112183)
(0.00492038 -0.00950579 0.0120335)
(0.0035271 -0.00793015 0.00993757)
(0.004728 -0.00859059 0.0110957)
(0.00363868 -0.00901199 0.0102283)
(0.00416359 -0.00556641 0.0069152)
(0.00588576 -0.00675013 0.00831782)
(0.00867468 -0.0080946 0.0101618)
(0.0045996 -0.00546869 0.00723787)
(0.0025398 -0.00496883 0.00569945)
(0.00273365 -0.00519807 0.00579358)
(0.00376063 -0.00596177 0.00687463)
(0.00353793 -0.00681478 0.00699594)
(0.00288232 -0.0061241 0.00640996)
(0.0042944 -0.00645896 0.00731339)
(0.00577087 -0.00734878 0.00880152)
(0.00531011 -0.00759664 0.00838117)
(0.00822463 -0.00600206 0.00907165)
(0.00650341 -0.0041235 0.00875869)
(0.0104444 -0.00506452 0.00974589)
(0.00969328 -0.00558215 0.00959973)
(0.0125483 -0.00545142 0.0102934)
(0.0109452 -0.005076 0.00979086)
(0.00962856 -0.0135328 0.00297602)
(0.0179982 -0.01208 0.00246055)
(0.0168127 -0.0125695 0.00235806)
(0.0136249 -0.013492 0.00187996)
(0.0129806 -0.0146035 0.00225922)
(0.0166042 -0.0129898 0.00203318)
(0.0148957 -0.0137601 0.0022556)
(0.0149361 -0.0149328 0.00265034)
(0.0197095 -0.0120403 0.0031142)
(0.0140568 -0.0108545 0.00107681)
(0.0169264 -0.0110369 0.00115298)
(0.0182274 -0.0117066 0.00287307)
(0.0156499 -0.0121008 0.00148861)
(0.014221 -0.0128447 0.00103062)
(0.0161895 -0.0126614 0.00177469)
(0.0164339 -0.0124468 0.0017385)
(0.0170617 -0.0117145 0.00112339)
(0.0177449 -0.0123493 0.00221489)
(0.0125809 -0.011806 0.00142951)
(0.0155119 -0.0124904 0.000815968)
(0.0143899 -0.0125088 0.00162028)
(0.0207906 -0.00546553 0.00958807)
(0.0151682 -0.00544447 0.011091)
(0.0162354 -0.00464561 0.0114299)
(0.0175517 -0.00568484 0.0113969)
(0.0205354 -0.0059861 0.00909085)
(0.020843 -0.00662626 0.00855759)
(0.0197669 -0.00644898 0.00924534)
(0.0183625 -0.00568668 0.00956517)
(0.0199651 -0.0108801 0.00368971)
(0.020344 -0.0106049 0.00423365)
(0.021167 -0.00991792 0.00572199)
(0.021477 -0.0103896 0.0039943)
(0.0207359 -0.00779654 0.00686577)
(0.0214118 -0.00667432 0.00713256)
(0.0209 -0.00890407 0.00622954)
(0.020679 -0.00688702 0.00908761)
(0.0213236 -0.00813034 0.00829845)
(0.0213532 -0.00731598 0.00633824)
(0.0219655 -0.0076023 0.0052601)
(0.0214119 -0.0052033 0.00746805)
(0.0220338 -0.00649527 0.00692619)
(0.0216743 -0.00630778 0.00554163)
(0.0226037 -0.00556193 0.00618885)
(0.0221051 -0.00517486 0.00834855)
(0.0226951 -0.00555665 0.00773846)
(0.0200003 -0.0106968 0.00232309)
(0.0209224 -0.0108083 0.0038032)
(0.0186544 -0.0110656 0.00266656)
(0.0195002 -0.0100156 0.00240993)
(0.0216408 -0.00783108 0.00528533)
(0.0209522 -0.00957462 0.00308424)
(0.0218723 -0.00827205 0.00454261)
(0.0214793 -0.00857882 0.00318675)
(0.0216291 -0.00855527 0.00496292)
(0.0213633 -0.00971188 0.00403829)
(0.0207734 -0.0114345 0.00632879)
(0.0193611 -0.0112851 0.00555675)
(0.0178947 -0.0112201 0.00717211)
(0.0201661 -0.0082544 0.00751242)
(0.019572 -0.00858119 0.00752489)
(0.01747 -0.00755552 0.00916346)
(0.0190237 -0.00805822 0.00829502)
(0.0192624 -0.00760824 0.00870296)
(0.0189457 -0.00654701 0.00954718)
(0.0178106 -0.00668736 0.00868041)
(0.00768203 -0.00597001 0.00882958)
(0.00666488 -0.00579787 0.00809664)
(0.00605125 -0.00625735 0.00815211)
(0.00656896 -0.00617288 0.0086445)
(0.00572044 -0.00522507 0.00754851)
(0.0126111 -0.00640879 0.0106744)
(0.00953218 -0.00688845 0.009987)
(0.00951503 -0.00660867 0.00977336)
(0.0112289 -0.00647424 0.0103148)
(0.016885 -0.00672596 0.00993009)
(0.0163139 -0.00727528 0.00947749)
(0.0158019 -0.00612991 0.0102558)
(0.00882846 -0.00527219 0.00869681)
(0.00735036 -0.00466559 0.00857238)
(0.0069744 -0.00452588 0.00886612)
(0.00737327 -0.00399985 0.0081412)
(0.00835077 -0.00573498 0.00904831)
(0.00784496 -0.00426075 0.00899671)
(0.00601801 -0.00480437 0.00803113)
(0.00774925 -0.00542989 0.00931811)
(0.00745569 -0.00552182 0.00862514)
(0.00662176 -0.00527585 0.00820518)
(0.00681062 -0.00502234 0.00907528)
(0.0071771 -0.0048138 0.00929062)
(0.014573 -0.00508956 0.0103444)
(0.0153244 -0.00493255 0.0105144)
(0.0119104 -0.00500126 0.0104417)
(0.0106036 -0.00481349 0.00972786)
(0.0127562 -0.00583429 0.0105542)
(0.0132214 -0.00545708 0.0103341)
(0.00936961 -0.00601551 0.00989421)
(0.00805124 -0.00562495 0.00890432)
(0.00913676 -0.00455787 0.00863976)
(0.0110055 -0.00655531 0.0106726)
(0.0122003 -0.00487995 0.0105503)
(0.0110552 -0.00451609 0.00961402)
(0.0174855 -0.00805603 0.00885409)
(0.0163483 -0.00927866 0.0103226)
(0.0151754 -0.00686657 0.0100499)
(0.0153666 -0.00763709 0.010133)
(0.0148126 -0.00830831 0.00981552)
(0.016678 -0.00978521 0.00994016)
(0.0176329 -0.00922115 0.00871369)
(0.0137546 -0.0086154 0.0103826)
(0.0142212 -0.00822945 0.0108609)
(0.0120533 -0.00767428 0.0101885)
(0.00907585 -0.00718882 0.00973171)
(0.0131783 -0.00666017 0.0104855)
(0.00744071 -0.00654706 0.00932114)
(0.00847466 -0.00590251 0.00972397)
(0.00926189 -0.00693534 0.0102657)
(0.00668572 -0.00612269 0.00873196)
(0.00718768 -0.00640554 0.00872065)
(0.0144153 -0.0147582 0.00280444)
(0.0120153 -0.0150102 0.00242961)
(0.0112656 -0.014866 0.00261866)
(0.00990863 -0.0148891 0.0023922)
(0.00987816 -0.0157008 0.00325923)
(0.00910763 -0.0152328 0.0030136)
(0.0116785 -0.0159243 0.00294279)
(0.0121337 -0.015197 0.00304028)
(0.016558 -0.014142 0.00333909)
(0.0145049 -0.0154433 0.00288176)
(0.0154983 -0.0142154 0.00244794)
(0.0164124 -0.0146736 0.00442273)
(0.0126471 -0.0163076 0.00278337)
(0.0173379 -0.0151214 0.00538549)
(0.0118596 -0.0170925 0.00317979)
(0.00980461 -0.0165943 0.00354203)
(0.00875483 -0.0160432 0.00375855)
(0.00419381 -0.0226506 0.00717128)
(0.00331053 -0.0130767 0.00868269)
(0.00396441 -0.0140549 0.00863148)
(0.00509161 -0.0127264 0.00734603)
(0.00484903 -0.0137967 0.0082134)
(0.0131907 -0.0142284 0.00910838)
(0.0148264 -0.0134627 0.0109652)
(0.00690038 -0.0156533 0.00832215)
(0.0106986 -0.0145958 0.00838629)
(0.0110236 -0.0148426 0.00850144)
(0.00858232 -0.014877 0.00787298)
(0.00553839 -0.0146369 0.00828726)
(0.00601365 -0.0150821 0.00822294)
(0.00660348 -0.0151631 0.00799308)
(0.0068024 -0.0151447 0.00860077)
(0.0127716 -0.0142747 0.00819401)
(0.0128119 -0.0136092 0.00855947)
(0.0115243 -0.0136378 0.0076968)
(0.0121902 -0.0144531 0.00835706)
(0.013762 -0.0134001 0.00829131)
(0.0129992 -0.0136497 0.00801541)
(0.0130776 -0.0140992 0.00898436)
(0.0141061 -0.0122706 0.00786038)
(0.0144923 -0.0124974 0.00841432)
(0.0107882 -0.0141844 0.00768622)
(0.00853673 -0.0141649 0.00788594)
(0.0071277 -0.0135162 0.00772344)
(0.00478574 -0.011089 0.0107076)
(0.00414269 -0.0115267 0.0093262)
(0.00432263 -0.012111 0.00927939)
(0.00456364 -0.0117406 0.00731268)
(0.00463118 -0.012634 0.0089759)
(0.00573101 -0.0130344 0.00860536)
(0.00991028 -0.0128595 0.0100909)
(0.00567526 -0.011108 0.00970918)
(0.0104529 -0.0140091 0.00778243)
(0.0116827 -0.0134597 0.00727759)
(0.010842 -0.0155611 0.00865719)
(0.0079019 -0.011314 0.0105243)
(0.00892332 -0.0121377 0.0107503)
(0.00913714 -0.0122946 0.0100883)
(0.0111367 -0.013331 0.0075944)
(0.00628599 -0.0117888 0.00883598)
(0.0063078 -0.0115152 0.00903866)
(0.00591798 -0.0108148 0.00939277)
(0.00702999 -0.011476 0.00985281)
(0.00746441 -0.0110577 0.0098801)
(0.00684109 -0.0109305 0.010164)
(0.00710328 -0.0117073 0.00940022)
(0.0125327 -0.0131143 0.0079256)
(0.0126974 -0.0137557 0.00804606)
(0.0134761 -0.0126937 0.00691576)
(0.0119878 -0.0117588 0.00663025)
(0.0130346 -0.012526 0.00802889)
(0.0143286 -0.0110723 0.00675317)
(0.0137574 -0.0134927 0.00847091)
(0.0129304 -0.0132148 0.00808849)
(0.012184 -0.013069 0.00828742)
(0.0146141 -0.01269 0.00758803)
(0.0130303 -0.01272 0.0148608)
(0.00449402 -0.0176074 0.00978472)
(0.00504646 -0.016458 0.00891757)
(0.0114913 -0.0157696 0.0121631)
(0.0117529 -0.0155581 0.0110194)
(0.0112337 -0.016269 0.0115865)
(0.0114687 -0.0165955 0.0110125)
(0.00369068 -0.0161927 0.00834589)
(0.00561291 -0.0171631 0.00935728)
(0.00626322 -0.0166056 0.00895389)
(0.00898479 -0.0157699 0.00901504)
(0.00984114 -0.0161118 0.0095937)
(0.00741814 -0.0162637 0.00875955)
(0.00755656 -0.0165007 0.009135)
(0.0056538 -0.0168964 0.00898016)
(0.00494562 -0.0160619 0.00842509)
(0.00587209 -0.0167717 0.00919017)
(0.00489456 -0.0156965 0.0082595)
(0.00280995 -0.0172702 0.00821603)
(0.00331091 -0.0191759 0.00696767)
(0.00118804 -0.0221653 0.00869239)
(0.00340345 -0.0208673 0.00655151)
(0.00194127 -0.0209912 0.00769143)
(0.00302204 -0.0208101 0.00683011)
(0.00257193 -0.0207228 0.00766606)
(0.00384503 -0.0204014 0.00622152)
(0.00488691 -0.0209568 0.0058326)
(0.00362442 -0.0197103 0.00621845)
(0.00135795 -0.0197733 0.00825459)
(0.00185443 -0.0189123 0.00715696)
(0.00053647 -0.0194153 0.00922846)
(0.000291908 -0.0169773 0.0124339)
(0.00191363 -0.0173022 0.00911071)
(0.001655 -0.0200911 0.00914007)
(0.0022564 -0.0182562 0.00862169)
(0.00175601 -0.0171331 0.00981012)
(0.0192916 -0.0101219 0.00874816)
(0.0165333 -0.00974819 0.00685631)
(0.0192495 -0.0102583 0.0106714)
(0.0185485 -0.00969981 0.0111035)
(0.0166217 -0.0106503 0.00853436)
(0.0182107 -0.0108502 0.00972241)
(0.0150551 -0.011986 0.00889753)
(0.0171573 -0.0107901 0.0114414)
(0.0161865 -0.0121937 0.00985659)
(0.0173815 -0.0112112 0.0113959)
(0.0167195 -0.011782 0.0107495)
(0.0171499 -0.010994 0.0091145)
(0.0174817 -0.0119556 0.01062)
(0.0177337 -0.0103611 0.00965785)
(0.0182856 -0.0103132 0.0105316)
(0.0202695 -0.00835177 0.013165)
(0.0195344 -0.00902252 0.0122797)
(0.0186174 -0.0113465 0.0132428)
(0.0185136 -0.00923128 0.0124325)
(0.0183747 -0.0110105 0.0120123)
(0.0200212 -0.00819327 0.0142908)
(0.0177358 -0.00847274 0.0126207)
(0.0156699 -0.00838657 0.0141787)
(0.00927647 -0.0151664 0.00320312)
(0.00849406 -0.0155986 0.00341446)
(0.00781833 -0.0143308 0.00350065)
(0.00815486 -0.013221 0.00286342)
(0.00780924 -0.014918 0.00349868)
(0.00708464 -0.0150325 0.00404209)
(0.00653146 -0.0133462 0.00451332)
(0.00646329 -0.0154077 0.00434616)
(0.00617056 -0.0146016 0.00529037)
(0.0131305 -0.00795603 0.016378)
(0.0172085 -0.00822761 0.0158238)
(0.0158789 -0.00796416 0.0160679)
(0.00957732 -0.0061194 0.012575)
(0.0058828 -0.00847214 0.00956041)
(0.00539252 -0.00773104 0.00602136)
(0.00558213 -0.00771783 0.00676435)
(0.00586401 -0.00842074 0.00818242)
(0.00646007 -0.00703421 0.0093106)
(0.00763147 -0.00736911 0.010368)
(0.00666797 -0.00786406 0.0105727)
(0.0062414 -0.00786758 0.00927725)
(0.00574712 -0.00926885 0.00577869)
(0.00606768 -0.00913633 0.00481719)
(0.00813267 -0.012076 0.00283554)
(0.00942849 -0.011384 0.00200103)
(0.00642848 -0.00854491 0.00321869)
(0.0070618 -0.00839524 0.00315287)
(0.00589622 -0.00853958 0.00455561)
(0.00599134 -0.00828498 0.00386121)
(0.00559262 -0.00792458 0.00557227)
(0.00639378 -0.00804903 0.00330245)
(0.00576789 -0.00769084 0.00405792)
(0.00775264 -0.00913795 0.00274393)
(0.00942938 -0.0106516 0.00191082)
(0.00751043 -0.00936889 0.0026302)
(0.0093811 -0.0100825 0.00230291)
(0.0102182 -0.0106658 0.0014005)
(0.00815941 -0.00959209 0.00205814)
(0.0168234 -0.00492057 0.0144019)
(0.0104184 -0.0047644 0.0116151)
(0.0142218 -0.00571821 0.0132244)
(0.0104407 -0.00578235 0.0130333)
(0.0114862 -0.0065814 0.0137331)
(0.00604207 -0.00669438 0.00794831)
(0.00542479 -0.00666581 0.00668564)
(0.00594268 -0.00567214 0.00779349)
(0.00539018 -0.00560668 0.00688904)
(0.00522673 -0.00633657 0.00615678)
(0.00539724 -0.00693577 0.00619743)
(0.00530639 -0.00713639 0.00477386)
(0.00527888 -0.00681568 0.00498416)
(0.0051389 -0.00647468 0.00543786)
(0.00526499 -0.00701265 0.00552226)
(0.020359 -0.00641557 0.012664)
(0.0192343 -0.00638919 0.0130231)
(0.0205053 -0.00573816 0.0123297)
(0.0201805 -0.00516185 0.0112795)
(0.0200821 -0.00654968 0.0109464)
(0.0223033 -0.00757734 0.0112314)
(0.0205914 -0.00749179 0.00941045)
(0.0201319 -0.00855999 0.0105522)
(0.0211701 -0.00733183 0.012529)
(0.0215084 -0.00840519 0.0119124)
(0.0197225 -0.00719556 0.0127462)
(0.0200224 -0.00818819 0.0121107)
(0.0201674 -0.00816312 0.0104955)
(0.0197557 -0.00819537 0.0110727)
(0.0180646 -0.0103521 0.00765774)
(0.0154782 -0.0114446 0.00698827)
(0.00661642 -0.0176942 0.0148248)
(0.00569878 -0.0173998 0.0098926)
(0.00526633 -0.0177153 0.0105331)
(0.00684349 -0.0188804 0.0146425)
(0.00884709 -0.0178646 0.0124196)
(0.00704042 -0.0178353 0.0116715)
(0.00734333 -0.0172299 0.0120262)
(0.00752862 -0.0175461 0.0116002)
(0.00779182 -0.0174207 0.0139159)
(0.00794896 -0.0173723 0.013169)
(0.00766094 -0.0168849 0.0145385)
(0.0109603 -0.0149002 0.0142765)
(0.0114646 -0.0162109 0.0143185)
(0.0111567 -0.0161062 0.0165064)
(0.0123324 -0.0149199 0.0164103)
(0.00377179 -0.015232 0.016506)
(0.00365875 -0.0162324 0.0171802)
(0.00383512 -0.0152209 0.016232)
(0.00968373 -0.0148614 0.0159091)
(0.0104138 -0.0138951 0.015969)
(0.0105653 -0.0153098 0.0181315)
(0.00451423 -0.0144734 0.0162063)
(0.00461863 -0.0155731 0.0170657)
(0.00538371 -0.0152648 0.016517)
(0.00866029 -0.0152698 0.0164561)
(0.00659987 -0.016304 0.0172186)
(0.00520658 -0.015508 0.0175099)
(0.00416937 -0.0187174 0.0117217)
(0.006197 -0.0186543 0.0125528)
(0.00587614 -0.0188421 0.0133496)
(0.00631522 -0.018103 0.0128988)
(0.00526724 -0.017811 0.0117157)
(0.0056684 -0.0191847 0.0150934)
(0.00567562 -0.0181397 0.0134356)
(0.00128184 -0.015458 0.00815195)
(0.00133257 -0.016174 0.00868477)
(0.00351638 -0.0178007 0.00933606)
(0.00203857 -0.0168376 0.00879106)
(0.0031513 -0.0165569 0.00871282)
(0.000321825 -0.0153006 0.00852016)
(-1.74686e-06 -0.0148171 0.00866873)
(0.00168305 -0.0167669 0.00901876)
(0.000309138 -0.0156258 0.00878191)
(0.000902273 -0.0147139 0.00772783)
(0.00241479 -0.0166465 0.0165233)
(0.00208771 -0.0182355 0.017078)
(0.00809761 -0.00848041 0.0129161)
(0.00896895 -0.0110372 0.0127545)
(0.00831072 -0.00992679 0.01237)
(0.00381465 -0.0176891 0.00965878)
(0.00252052 -0.0165442 0.0086608)
(0.00143769 -0.0166878 0.00883042)
(-0.000660126 -0.0138137 0.00794094)
(-0.00219272 -0.01114 0.00774294)
(-0.00157994 -0.0124818 0.00805225)
(0.000754879 -0.0164813 0.00862371)
(0.000602093 -0.0153456 0.00801417)
(0.003761 -0.018155 0.0106909)
(0.0024664 -0.0177012 0.00938346)
(0.00191465 -0.0178246 0.00959372)
(0.00356711 -0.0182254 0.0103676)
(0.00292085 -0.0177486 0.00957087)
(0.00444323 -0.0178843 0.00989343)
(0.00312859 -0.0182912 0.0103744)
(0.00575084 -0.0185631 0.0115481)
(0.00489464 -0.0191147 0.0118856)
(0.00401649 -0.0178882 0.0104135)
(0.00547305 -0.0182568 0.010965)
(0.0115157 -0.0112107 0.0160718)
(0.0161045 -0.0106531 0.0162352)
(0.0132759 -0.0113351 0.0164286)
(0.0146373 -0.0118601 0.0145112)
(0.0103946 -0.00807141 0.0145166)
(0.0136109 -0.0101263 0.0174059)
(0.010464 -0.0111829 0.0162479)
(0.0116003 -0.0100266 0.0167246)
(0.00857353 -0.0113281 0.0163482)
(0.00923181 -0.0101708 0.0158283)
(0.00800826 -0.0132376 0.016069)
(0.00596273 -0.0136499 0.016577)
(0.00712397 -0.0150931 0.0173194)
(0.00958174 -0.0138418 0.0167639)
(0.0104664 -0.0142673 0.0168384)
(0.0120309 -0.0128213 0.0152089)
(0.0120218 -0.0143007 0.0167663)
(0.00565525 -0.0146233 0.00486267)
(0.00686462 -0.0107199 0.0145497)
(0.00460582 -0.0143249 0.00564841)
(0.00471137 -0.0132541 0.00478404)
(0.00494023 -0.0140197 0.00505411)
(0.00396525 -0.0139985 0.014755)
(0.00584828 -0.0133814 0.0148518)
(0.00552618 -0.0150394 0.0171421)
(0.0046809 -0.0134754 0.0144594)
(0.00267384 -0.0162247 0.00842515)
(0.00598239 -0.0105787 0.00446993)
(0.00521134 -0.00860944 0.00765126)
(0.00522089 -0.00807833 0.00852006)
(0.00444827 -0.0109144 0.00964168)
(0.00503285 -0.00871 0.00816767)
(0.00549111 -0.00895448 0.00928631)
(0.00522693 -0.0102313 0.00984203)
(0.00586165 -0.0128781 0.00502827)
(0.00508865 -0.00992187 0.00755122)
(0.00537169 -0.0110789 0.00546818)
(0.0046172 -0.0131793 0.00653878)
(0.0053925 -0.0136104 0.00554858)
(0.00497101 -0.0119955 0.0054862)
(0.00435747 -0.0123239 0.00717539)
(0.00727395 -0.0127636 0.00974971)
(0.00684276 -0.0147626 0.00963728)
(0.00656791 -0.0137817 0.00965639)
(0.00748564 -0.0132493 0.00954079)
(0.0102278 -0.0103456 0.010552)
(0.0062953 -0.00836185 0.00931993)
(0.00794949 -0.00897177 0.0101544)
(0.0087423 -0.00975846 0.010358)
(0.0112013 -0.0108053 0.0105349)
(0.00525154 -0.00893323 0.00886686)
(0.00431974 -0.00685977 0.00777072)
(0.00437192 -0.00723453 0.00795249)
(0.00841949 -0.00990556 0.0101997)
(0.00598801 -0.00818382 0.0087834)
(0.00606487 -0.00936503 0.00931086)
(0.00541467 -0.00925251 0.00894947)
(0.00626431 -0.0104093 0.0096277)
(0.00801769 -0.0128429 0.00971762)
(0.00721088 -0.0130047 0.0101659)
(0.00740835 -0.0109008 0.00970031)
(0.00788611 -0.0125673 0.010188)
(0.00719429 -0.016794 0.00919735)
(0.00666636 -0.0179731 0.00917408)
(0.00693565 -0.0209343 0.00634209)
(0.0123535 -0.0152612 0.00862167)
(0.00698464 -0.0203886 0.00585549)
(0.0131366 -0.0179948 0.00480827)
(0.0133571 -0.0165806 0.00378928)
(0.0125444 -0.0180247 0.00412961)
(0.0090088 -0.0195976 0.00475016)
(0.0115676 -0.0186158 0.0039415)
(0.0120212 -0.0171189 0.00364905)
(0.0102926 -0.0191749 0.00652879)
(0.00797577 -0.0213451 0.0064053)
(0.00944929 -0.0192778 0.00491631)
(0.00853526 -0.0202613 0.00554271)
(0.0101923 -0.0196963 0.0061122)
(0.0090624 -0.0206585 0.00624569)
(0.0156961 -0.0167194 0.00491785)
(0.0161681 -0.0156677 0.00474579)
(0.0149118 -0.0172722 0.0056543)
(0.0147293 -0.00840117 0.00969821)
(0.0161582 -0.0160075 0.00662713)
(0.0165235 -0.0142196 0.00722221)
(0.0159745 -0.0146986 0.00657801)
(0.0165905 -0.0149902 0.00555642)
(0.0172399 -0.0145963 0.00615129)
(0.0167576 -0.0132079 0.0070423)
(0.0177458 -0.0116176 0.00697978)
(0.0172928 -0.0124198 0.00770103)
(0.0186964 -0.0137133 0.00728151)
(0.0175894 -0.0126122 0.00548869)
(0.0162542 -0.0118059 0.00825991)
(0.012601 -0.0112176 0.0103419)
(0.0139516 -0.0112473 0.0094863)
(0.0123993 -0.0105612 0.0102669)
(0.0104742 -0.00981146 0.0105845)
(0.011569 -0.00950536 0.00998828)
(0.0120639 -0.00912938 0.00999816)
(0.0112271 -0.00943443 0.01042)
(0.0161035 -0.0113415 0.00899065)
(0.0132712 -0.0100604 0.0103212)
(0.0147211 -0.01097 0.00982273)
(0.0140416 -0.0105603 0.0104443)
(0.0156212 -0.0156369 0.00742553)
(0.0149472 -0.0164979 0.00725475)
(0.014035 -0.0133308 0.007518)
(0.0145991 -0.0152155 0.00755266)
(0.0129474 -0.0121608 0.0100791)
(0.0127276 -0.0126367 0.00995536)
(0.0138361 -0.0138988 0.00875777)
(0.0133413 -0.012234 0.00892858)
(0.0149146 -0.0121144 0.0091075)
(0.0142925 -0.0127856 0.00928745)
(0.0145263 -0.0137247 0.00875339)
(0.015994 -0.0138973 0.0082916)
(0.0155552 -0.0146599 0.00812925)
(0.0160618 -0.0128714 0.00866014)
(0.00883898 -0.0190145 0.00787969)
(0.00808287 -0.018167 0.00806733)
(0.00711967 -0.0189672 0.00849112)
(0.00820731 -0.0203064 0.00831506)
(0.00648609 -0.01973 0.00827072)
(0.00751331 -0.0199942 0.00742876)
(0.000457811 -0.0105063 0.00867367)
(0.00108779 -0.0123278 0.00898355)
(-0.00142363 -0.0103392 0.00837569)
(-0.000896421 -0.0127578 0.00896042)
(-0.000606748 -0.0131214 0.00833467)
(-0.00173314 -0.0107769 0.00835778)
(0.00027132 -0.00820504 0.00964203)
(0.000312171 -0.0105239 0.00978491)
(-2.06719e-05 -0.00961329 0.0093979)
(0.000162383 -0.0089968 0.00972693)
(0.00103278 -0.00612373 0.00911681)
(0.000547486 -0.00750911 0.00925218)
(0.000722287 -0.00725373 0.00932216)
(0.000777646 -0.0109281 0.00946281)
(0.00117117 -0.00726439 0.00954955)
(0.0018062 -0.0114178 0.00935483)
(0.00135401 -0.0112192 0.00948274)
(0.00248621 -0.0121167 0.00925856)
(0.00209866 -0.0112024 0.00977344)
(0.00141533 -0.0104124 0.0093703)
(0.00166372 -0.0100435 0.00918031)
(0.00176943 -0.00966384 0.010815)
(0.00184895 -0.0103241 0.0102844)
(0.00117977 -0.00984082 0.00954093)
(0.000934568 -0.010071 0.00968288)
(0.001529 -0.00911864 0.00949366)
(0.0011975 -0.00839683 0.00985575)
(0.00164652 -0.00911824 0.0104843)
(0.00265205 -0.0100747 0.0102064)
(0.00309249 -0.00983844 0.0098081)
(0.00316794 -0.00929329 0.0100652)
(0.00281694 -0.0101216 0.00964485)
(0.00264561 -0.00738419 0.00974486)
(0.00287941 -0.00796982 0.0101358)
(0.00285761 -0.00879613 0.0102357)
(0.00259592 -0.00881378 0.0105717)
(0.00255708 -0.00908435 0.010326)
(0.00121189 -0.00370345 0.00498663)
(0.00116532 -0.00437633 0.00579653)
(0.00133064 -0.00431135 0.00498909)
(0.00130371 -0.00537366 0.00809051)
(0.00121334 -0.00487213 0.00755557)
(0.00136188 -0.00430938 0.00637)
(0.0020435 -0.00484454 0.0052602)
(0.00232765 -0.00482148 0.0054508)
(0.00223132 -0.00443145 0.00533536)
(0.00169477 -0.00456238 0.00728314)
(0.002028 -0.0043925 0.00562093)
(0.00221081 -0.0039336 0.00667153)
(0.00935939 -0.00392567 0.0110111)
(0.00981578 -0.0056566 0.0132726)
(0.0098282 -0.0059285 0.0118848)
(0.0100455 -0.0051284 0.0105163)
(0.0103404 -0.00511269 0.0100539)
(0.00938082 -0.00467359 0.0102114)
(0.0121782 -0.00550359 0.0106687)
(0.013077 -0.0036626 0.0101862)
(0.0107945 -0.00428463 0.0100549)
(0.00945058 -0.0125931 0.0105137)
(0.00870896 -0.0111478 0.0113777)
(0.00947453 -0.0124006 0.0108133)
(0.00911529 -0.0120759 0.011149)
(0.00881315 -0.0107034 0.0117882)
(0.00833303 -0.00951731 0.013231)
(0.00847755 -0.00948004 0.0123715)
(0.00925286 -0.00898257 0.0137716)
(0.00939135 -0.0101124 0.0136198)
(0.00845677 -0.00792503 0.013541)
(0.00929065 -0.00839385 0.0129932)
(0.00945562 -0.0120572 0.00969178)
(0.0105378 -0.0122371 0.00935683)
(0.00956633 -0.0119324 0.00903746)
(0.0115492 -0.0117976 0.00726669)
(0.0119972 -0.0121641 0.00785728)
(0.0141862 -0.01473 0.0066267)
(0.0134445 -0.0176189 0.00679554)
(0.0139283 -0.017198 0.00710094)
(0.0128037 -0.0158861 0.00719702)
(0.0105239 -0.0192015 0.00537564)
(0.0108487 -0.0186239 0.00577039)
(0.0115812 -0.0177879 0.00600684)
(0.0128737 -0.0173297 0.00555351)
(0.0115168 -0.0183768 0.00483931)
(0.0126993 -0.0186216 0.00564049)
(0.0134032 -0.0179039 0.00580934)
(0.0130731 -0.0170394 0.00440645)
(0.0139419 -0.0163998 0.00410812)
(0.0142964 -0.0165178 0.00565097)
(0.0150286 -0.0159531 0.00555407)
(0.00855675 -0.0144964 0.00948266)
(0.0095365 -0.0141333 0.00891079)
(0.00883027 -0.0146325 0.00981144)
(0.00964873 -0.018472 0.00770544)
(0.0105005 -0.0151504 0.00831394)
(0.00972586 -0.0180641 0.00810382)
(0.00974082 -0.0172763 0.00802458)
(0.0102575 -0.0171035 0.00884594)
(0.00970673 -0.0165324 0.00946504)
(0.00761501 -0.0160135 0.00958868)
(0.00796642 -0.0155138 0.00925802)
(0.00915497 -0.0155335 0.00855046)
(0.00806684 -0.0180201 0.00882186)
(0.00897411 -0.0174645 0.00887055)
(0.00750036 -0.0164158 0.00906133)
(0.0114616 -0.0131836 0.00929698)
(0.0127324 -0.0127631 0.00924932)
(0.00920256 -0.00953759 0.010021)
(0.0106714 -0.0109281 0.0103215)
(0.0112565 -0.0111113 0.0099823)
(0.00380531 -0.0123648 0.0124387)
(0.00374487 -0.0124786 0.00610397)
(0.00306682 -0.0139681 0.00885257)
(0.00374988 -0.0129029 0.00901782)
(0.00350739 -0.0130927 0.00963305)
(0.00356474 -0.010714 0.00791134)
(0.0041269 -0.0113087 0.00951967)
(0.00368506 -0.0121111 0.010679)
(0.00449891 -0.0124177 0.0123227)
(0.00465213 -0.0119502 0.0107756)
(0.00996272 -0.0120712 0.0161343)
(0.0119992 -0.0112255 0.0161749)
(0.0116714 -0.0122884 0.0172371)
(0.0111736 -0.0127861 0.016218)
(0.00723715 -0.0122039 0.0158093)
(0.0094217 -0.0125188 0.0171404)
(0.00996784 -0.01152 0.0165731)
(0.0072007 -0.0106871 0.0144482)
(0.00816983 -0.0129709 0.0173504)
(0.00873673 -0.0113307 0.0161174)
(0.000744072 -0.0172868 0.00912432)
(0.00139131 -0.0162168 0.0084152)
(-7.13357e-05 -0.0156632 0.00835029)
(0.000870416 -0.0168686 0.0131847)
(0.00201518 -0.01774 0.0138987)
(0.0028619 -0.0142806 0.0149639)
(0.00287336 -0.0169246 0.0163741)
(0.00132559 -0.018355 0.0170687)
(0.000287156 -0.0197031 0.0160653)
(0.00784805 -0.00849039 0.0137727)
(0.00675141 -0.00688303 0.0111571)
(0.00612653 -0.00716296 0.0106166)
(0.00636501 -0.00825366 0.0114214)
(0.00697827 -0.00908252 0.0128647)
(0.0162301 -0.0109653 0.0147747)
(0.0162334 -0.0123339 0.0122066)
(0.0160678 -0.0133865 0.00882147)
(0.0162559 -0.0123203 0.00904399)
(0.0164994 -0.0120841 0.00955758)
(0.014576 -0.0127651 0.00843048)
(0.0146933 -0.0132272 0.00837518)
(0.0155232 -0.0122172 0.00868921)
(0.0143042 -0.0130811 0.00793775)
(0.0140441 -0.0120118 0.00682424)
(0.0141752 -0.0121742 0.0069149)
(0.0156498 -0.0108458 0.00758367)
(0.00700196 -0.016097 0.00868179)
(0.00702016 -0.0162609 0.00891503)
(0.00757475 -0.0173378 0.0099266)
(0.00959072 -0.0164114 0.010069)
(0.0104379 -0.0165138 0.0107719)
(0.00820001 -0.0170617 0.00997329)
(0.00830664 -0.0168477 0.00962366)
(0.00996949 -0.0167487 0.0110617)
(0.00911501 -0.0153617 0.00939391)
(0.00828088 -0.0165759 0.0102101)
(0.0126354 -0.0152163 0.0118476)
(0.010896 -0.0157918 0.0103431)
(0.0119468 -0.0144058 0.00961575)
(0.0136588 -0.0136127 0.0131167)
(0.0123394 -0.0160012 0.0116074)
(0.0124582 -0.0154173 0.0108007)
(0.012809 -0.0146189 0.0115307)
(0.0138583 -0.0144321 0.01286)
(0.0132142 -0.0146942 0.0117261)
(0.0138429 -0.0142472 0.0124417)
(0.0150351 -0.0146655 0.0144779)
(0.0145874 -0.0139334 0.011313)
(0.00999516 -0.0131396 0.00770019)
(0.00879167 -0.013393 0.00789825)
(0.00964783 -0.0128922 0.00759474)
(0.00727044 -0.0119383 0.0083975)
(0.00881836 -0.0122137 0.00965807)
(0.00781132 -0.0114925 0.0093589)
(0.00769656 -0.0118607 0.00893767)
(0.0107267 -0.0134519 0.00892706)
(0.00962788 -0.012859 0.009094)
(0.0114134 -0.0128095 0.0082363)
(0.0107363 -0.0128081 0.00839545)
(0.0104411 -0.0130208 0.00858022)
(0.0119701 -0.0125394 0.00744456)
(0.0120881 -0.0127372 0.00768309)
(0.0110955 -0.0133222 0.00890787)
(0.0111852 -0.0129766 0.00756817)
(0.00517622 -0.0125995 0.00961417)
(0.00661694 -0.0141306 0.00957324)
(0.00739474 -0.0144253 0.00907167)
(0.00941401 -0.0149174 0.00891973)
(0.0103307 -0.0146104 0.00812513)
(0.00816627 -0.0145287 0.00891099)
(0.0072968 -0.0135812 0.00868384)
(0.00829671 -0.0140805 0.00894563)
(0.00747271 -0.0133932 0.00876914)
(0.0070449 -0.0135543 0.00960037)
(0.00670211 -0.0131612 0.00930912)
(0.00559247 -0.0200658 0.00714508)
(0.00721892 -0.0197709 0.0049647)
(0.00561151 -0.020505 0.00516187)
(0.00457625 -0.0205766 0.0059901)
(0.00512832 -0.0212701 0.00651942)
(0.0064931 -0.0202719 0.00564693)
(0.00671387 -0.0218729 0.00598421)
(0.00759526 -0.0164477 0.00918523)
(0.00884047 -0.0169373 0.00942978)
(0.00768965 -0.0159046 0.00862232)
(0.00867894 -0.0153998 0.0082239)
(0.00564029 -0.00514302 0.00825523)
(0.00564724 -0.00483545 0.00912726)
(0.00549294 -0.00550076 0.00970108)
(0.00579342 -0.00548527 0.00823867)
(0.00267762 -0.00631248 0.00858766)
(0.00325997 -0.00491335 0.00777388)
(0.0030606 -0.00573437 0.0081057)
(0.00295742 -0.00476071 0.00739547)
(0.00305919 -0.00457176 0.0067731)
(0.00273042 -0.00474635 0.00595901)
(0.00252261 -0.00493301 0.00634756)
(0.00266205 -0.00519479 0.007928)
(0.00252146 -0.00484297 0.00726869)
(0.00269719 -0.00646067 0.0097545)
(0.00270327 -0.00618411 0.00926323)
(0.00543146 -0.0104038 0.0107577)
(0.00649519 -0.0120786 0.0113774)
(0.00593185 -0.0106573 0.0115569)
(0.00656929 -0.0103413 0.0108615)
(0.00554262 -0.00830567 0.0110456)
(0.00486492 -0.00964988 0.011936)
(0.00508224 -0.00906226 0.0105979)
(0.00632105 -0.0107305 0.0129119)
(0.00473661 -0.00791193 0.0103339)
(0.00576909 -0.010592 0.0113452)
(0.00537675 -0.00897399 0.0121408)
(0.00549485 -0.00885819 0.0120607)
(0.00547004 -0.0067593 0.0110144)
(0.00566164 -0.00865861 0.0110392)
(0.00597158 -0.00852441 0.0121389)
(0.00603111 -0.00767228 0.0119691)
(0.00965191 -0.0055281 0.0109701)
(0.00882368 -0.00485708 0.00937953)
(0.00814868 -0.00458337 0.00959174)
(0.00977967 -0.00494298 0.0104595)
(0.00795771 -0.00412554 0.010701)
(0.00769906 -0.00556087 0.0108358)
(0.00897913 -0.00484712 0.0110842)
(0.0085253 -0.0046409 0.0106001)
(0.00249226 -0.00768592 0.00710751)
(0.0040431 -0.00889954 0.00858979)
(0.0022825 -0.0079047 0.00706019)
(0.0028024 -0.00837958 0.0076777)
(0.00194141 -0.00760806 0.00686587)
(0.00563543 -0.0112398 0.00949597)
(0.00464948 -0.00969104 0.00871778)
(0.0062463 -0.0114261 0.00962974)
(0.00454589 -0.00976621 0.00913469)
(0.00559811 -0.0108344 0.00946631)
(0.00407569 -0.00979349 0.00872946)
(0.00294014 -0.00972054 0.00814802)
(0.00414312 -0.0111646 0.00876811)
(0.00364643 -0.0109074 0.00866039)
(0.00391432 -0.0117595 0.00891064)
(0.00442885 -0.0134879 0.00941397)
(0.00536312 -0.0130994 0.00926066)
(0.00518438 -0.0130147 0.00967851)
(0.000947826 -0.00399946 0.00502165)
(0.000592794 -0.00506193 0.00627932)
(0.000738884 -0.00451214 0.00571191)
(0.000594239 -0.00420296 0.00563776)
(0.000593478 -0.00414485 0.00477497)
(0.00108956 -0.0052282 0.00484834)
(0.00102604 -0.00440747 0.00459199)
(0.000773185 -0.00446714 0.00429954)
(0.00102733 -0.00536011 0.00487908)
(0.000861628 -0.00439985 0.0045302)
(0.000825137 -0.00441527 0.00470787)
(0.00175165 -0.00482365 0.00519352)
(0.00192774 -0.00499762 0.00537638)
(0.00365276 -0.00731911 0.00747012)
(0.00291522 -0.00660804 0.00660628)
(0.00220367 -0.00594743 0.00595006)
(0.00222168 -0.00579097 0.00595547)
(0.00406276 -0.00948467 0.0110139)
(0.00429676 -0.0100233 0.0106447)
(0.00402035 -0.00997362 0.0104393)
(0.00348508 -0.0100383 0.0102042)
(0.00382453 -0.0174162 0.00586743)
(0.00335651 -0.0170066 0.00715045)
(0.00425267 -0.0168011 0.00634528)
(0.00538521 -0.0177973 0.00544627)
(0.00760805 -0.0177113 0.00379106)
(0.00691941 -0.0185304 0.00466021)
(0.00483371 -0.0180443 0.00541603)
(0.00524243 -0.0164344 0.00539541)
(0.00719882 -0.0175921 0.00429878)
(0.0102394 -0.0178615 0.00317798)
(0.00962468 -0.018204 0.00397312)
(0.00798918 -0.0170759 0.00397459)
(0.00777268 -0.0181048 0.00433845)
(0.00883112 -0.0177225 0.00390767)
(0.00700302 -0.0170936 0.0152861)
(0.00686523 -0.0181806 0.0160149)
(0.00599545 -0.0176978 0.0162703)
(0.00577476 -0.017861 0.0168298)
(0.0058801 -0.0162764 0.0159586)
(0.00579085 -0.0156488 0.0170977)
(0.00504947 -0.0169244 0.0166648)
(0.00414673 -0.0164203 0.0162748)
(0.00388761 -0.0179413 0.018074)
)
;
    }
    INLET
    {
        type            calculated;
        value           nonuniform 0();
    }
    OUTLET
    {
        type            calculated;
        value           nonuniform 0();
    }
    procBoundary21to20
    {
        type            processor;
        value           uniform (0 0 0);
    }
    procBoundary21to32
    {
        type            processor;
        value           uniform (0 0 0);
    }
}


// ************************************************************************* //
