#pt3d 500
4.773572 27.497629 -7.543519
4.622473 27.366161 -7.544042
4.471375 27.234694 -7.544566
4.320276 27.103226 -7.545089
4.169177 26.971758 -7.545612
4.018078 26.840290 -7.546136
3.866980 26.708822 -7.546659
3.715881 26.577353 -7.547183
3.564782 26.445885 -7.547706
3.413683 26.314417 -7.548229
3.262585 26.182949 -7.548753
3.111486 26.051481 -7.549276
2.960387 25.920013 -7.549799
2.809289 25.788546 -7.550323
2.658190 25.657078 -7.550846
2.507091 25.525610 -7.551370
2.355993 25.394142 -7.551893
2.204894 25.262674 -7.552416
2.053795 25.131207 -7.552940
1.902696 24.999737 -7.553463
1.751598 24.868269 -7.553987
1.600499 24.736801 -7.554510
1.449400 24.605333 -7.555033
1.298302 24.473866 -7.555557
1.147203 24.342398 -7.556080
0.996104 24.210930 -7.556603
0.845005 24.079462 -7.557127
0.693907 23.947994 -7.557651
0.542808 23.816526 -7.558174
0.391709 23.685059 -7.558697
0.240611 23.553589 -7.559221
0.089512 23.422121 -7.559744
-0.061587 23.290653 -7.560267
-0.212685 23.159185 -7.560791
-0.363784 23.027718 -7.561314
-0.514883 22.896250 -7.561838
-0.665982 22.764782 -7.562361
-0.817080 22.633314 -7.562884
-0.968179 22.501846 -7.563408
-1.119278 22.370378 -7.563931
-1.270376 22.238911 -7.564455
-1.421475 22.107443 -7.564978
-1.572574 21.975973 -7.565501
-1.723673 21.844505 -7.566025
-1.874771 21.713037 -7.566548
-2.025870 21.581570 -7.567071
-2.176969 21.450102 -7.567595
-2.328067 21.318634 -7.568118
-2.479166 21.187166 -7.568642
-2.630265 21.055698 -7.569165
-2.781363 20.924231 -7.569688
-2.932462 20.792763 -7.570212
-3.083561 20.661295 -7.570735
-3.234660 20.529827 -7.571259
-3.385758 20.398357 -7.571782
-3.536857 20.266890 -7.572305
-3.687956 20.135422 -7.572829
-3.839055 20.003954 -7.573352
-3.990153 19.872486 -7.573875
-4.141252 19.741018 -7.574399
-4.292351 19.609550 -7.574923
-4.443449 19.478083 -7.575446
-4.594548 19.346615 -7.575969
-4.744128 19.213543 -7.573119
-4.891395 19.078032 -7.565131
-5.038662 18.942520 -7.557142
-5.183674 18.804966 -7.544915
-5.327363 18.666214 -7.530204
-5.471053 18.527464 -7.515492
-5.612125 18.386566 -7.496655
-5.752557 18.245146 -7.476808
-5.892989 18.103725 -7.456962
-6.030727 17.960188 -7.433756
-6.168276 17.816502 -7.410313
-6.305720 17.672731 -7.386788
-6.440825 17.527061 -7.361450
-6.575929 17.381392 -7.336111
-6.710738 17.235445 -7.310812
-6.843924 17.087975 -7.285727
-6.977109 16.940506 -7.260641
-7.109912 16.792547 -7.236487
-7.241795 16.643410 -7.214574
-7.373677 16.494274 -7.192660
-7.505220 16.344408 -7.174274
-7.636415 16.193792 -7.159518
-7.767610 16.043177 -7.144762
-7.898532 15.891776 -7.139644
-8.029378 15.740157 -7.137232
-8.160081 15.588564 -7.138149
-8.290136 15.437092 -7.154178
-8.420191 15.285620 -7.170206
-8.548406 15.135754 -7.203202
-8.675825 14.986581 -7.243535
-8.801345 14.839026 -7.292602
-8.922722 14.694997 -7.360704
-9.044099 14.550967 -7.428807
-9.155594 14.414095 -7.523337
-9.266923 14.277342 -7.618307
-9.369831 14.145156 -7.727356
-9.468098 14.015486 -7.844165
-9.562844 13.886868 -7.964633
-9.646711 13.761505 -8.096410
-9.730578 13.636141 -8.228187
-9.803415 13.510863 -8.366254
-9.872643 13.385615 -8.506380
-9.939380 13.259694 -8.646990
-9.993862 13.130463 -8.789979
-10.048345 13.001231 -8.932968
-10.095108 12.868533 -9.075266
-10.134290 12.732430 -9.216884
-10.173471 12.596328 -9.358501
-10.199863 12.454062 -9.496771
-10.222620 12.310044 -9.634088
-10.245272 12.165986 -9.771371
-10.250105 12.015013 -9.902896
-10.254939 11.864040 -10.034421
-10.255996 11.712238 -10.164814
-10.241382 11.556993 -10.290515
-10.226768 11.401750 -10.416215
-10.204993 11.246354 -10.540277
-10.169751 11.090674 -10.661261
-10.134509 10.934996 -10.782244
-10.089461 10.781105 -10.901772
-10.033144 10.629272 -11.019626
-9.976827 10.477437 -11.137480
-9.909289 10.329858 -11.254331
-9.832485 10.185792 -11.370354
-9.755681 10.041727 -11.486377
-9.667710 9.903923 -11.601587
-9.572095 9.770407 -11.716243
-9.476480 9.636889 -11.830897
-9.370877 9.510445 -11.944378
-9.258850 9.388552 -12.057102
-9.146824 9.266658 -12.169827
-9.026278 9.151394 -12.280378
-8.900351 9.040321 -12.389556
-8.774422 8.929250 -12.498734
-8.640767 8.823661 -12.603830
-8.502953 8.721025 -12.706728
-8.365138 8.618389 -12.809626
-8.218851 8.519717 -12.904162
-8.070318 8.422096 -12.996483
-7.920508 8.324597 -13.086593
-7.761725 8.227958 -13.161182
-7.602942 8.131318 -13.235772
-7.437178 8.032646 -13.287824
-7.269026 7.933279 -13.332163
-7.098307 7.831439 -13.339419
-6.927271 7.728858 -13.329115
-6.773442 7.631964 -13.245071
-6.648643 7.549984 -13.119440
-6.549372 7.481494 -12.960755
-6.500686 7.443307 -12.770266
-6.463704 7.413088 -12.576968
-6.453137 7.400851 -12.377335
-6.446303 7.391579 -12.177674
-6.458848 7.397694 -11.977874
-6.471392 7.403809 -11.778074
-6.492826 7.418477 -11.579685
-6.519001 7.437708 -11.382050
-6.545176 7.456940 -11.184413
-6.577899 7.484120 -10.988748
-6.611828 7.512766 -10.793445
-6.645758 7.541412 -10.598143
-6.682912 7.575187 -10.404272
-6.720739 7.610028 -10.210700
-6.758565 7.644869 -10.017128
-6.797202 7.681698 -9.824090
-6.836193 7.719392 -9.631285
-6.875183 7.757087 -9.438479
-6.913644 7.794190 -9.245455
-6.951655 7.830791 -9.052244
-6.989666 7.867391 -8.859034
-7.026403 7.901363 -8.665127
-7.061490 7.931932 -8.470322
-7.096578 7.962501 -8.275516
-7.129467 7.987710 -8.079674
-7.159585 8.006165 -7.882525
-7.189703 8.024619 -7.685378
-7.215475 8.031574 -7.487135
-7.238330 8.030807 -7.288158
-7.261184 8.030040 -7.089180
-7.275237 8.005352 -6.891078
-7.288437 7.978346 -6.693059
-7.297553 7.940279 -6.497296
-7.299306 7.882272 -6.305601
-7.301060 7.824266 -6.113905
-7.292521 7.738876 -5.933319
-7.282523 7.649600 -5.754308
-7.268475 7.549736 -5.582044
-7.248156 7.433471 -5.420227
-7.227837 7.317207 -5.258410
-7.200952 7.183769 -5.111868
-7.172781 7.046967 -4.968318
-7.143752 6.907835 -4.827445
-7.110288 6.756649 -4.700408
-7.076824 6.605464 -4.573372
-7.042222 6.450835 -4.451133
-7.005575 6.290006 -4.337530
-6.968927 6.129176 -4.223927
-6.931582 5.965542 -4.114805
-6.893337 5.798292 -4.011462
-6.855093 5.631042 -3.908119
-6.816626 5.461958 -3.807980
-6.777868 5.290457 -3.712063
-6.739110 5.118957 -3.616145
-6.700438 4.946357 -3.522229
-6.661907 4.771965 -3.431578
-6.623376 4.597572 -3.340927
-6.585087 4.422512 -3.251492
-6.547317 4.246017 -3.164670
-6.509546 4.069523 -3.077848
-6.472095 3.892561 -2.991861
-6.435499 3.714350 -2.908097
-6.398902 3.536138 -2.824333
-6.362713 3.357496 -2.741330
-6.327665 3.177648 -2.660452
-6.292617 2.997799 -2.579575
-6.258137 2.817432 -2.499636
-6.224998 2.635839 -2.421914
-6.191858 2.454246 -2.344192
-6.159540 2.271947 -2.267823
-6.128596 2.088463 -2.193720
-6.097652 1.904980 -2.119617
-6.067813 1.720559 -2.047456
-6.039154 1.535137 -1.977368
-6.010494 1.349716 -1.907279
-5.983069 1.163196 -1.839695
-5.956420 0.975988 -1.773681
-5.929770 0.788779 -1.707668
-5.904048 0.600504 -1.644403
-5.878633 0.411875 -1.582048
-5.853217 0.223247 -1.519692
-5.827701 0.033846 -1.459772
-5.802170 -0.155658 -1.400178
-5.776640 -0.345161 -1.340583
-5.749102 -0.534859 -1.282519
-5.721560 -0.724556 -1.224456
-5.693593 -0.914194 -1.166417
-5.661700 -1.103280 -1.108588
-5.629807 -1.292366 -1.050759
-5.596630 -1.481162 -0.992771
-5.557764 -1.668671 -0.934081
-5.518898 -1.856181 -0.875390
-5.477471 -2.042957 -0.816288
-5.428911 -2.227692 -0.756038
-5.380352 -2.412426 -0.695788
-5.327525 -2.595681 -0.634937
-5.266684 -2.776157 -0.572956
-5.205842 -2.956633 -0.510975
-5.138574 -3.134423 -0.448372
-5.063204 -3.308826 -0.384986
-4.987833 -3.483229 -0.321600
-4.903474 -3.653077 -0.257814
-4.811915 -3.819276 -0.193706
-4.720356 -3.985475 -0.129599
-4.617071 -4.144404 -0.065547
-4.508495 -4.300054 -0.001520
-4.399918 -4.455702 0.062507
-4.277134 -4.600459 0.125945
-4.151685 -4.743172 0.189273
-4.026090 -4.885746 0.252592
-3.884892 -5.013332 0.315038
-3.743693 -5.140919 0.377484
-3.599967 -5.265415 0.439835
-3.445024 -5.376193 0.501770
-3.290081 -5.486970 0.563704
-3.131137 -5.591361 0.625775
-2.965032 -5.684319 0.688088
-2.798927 -5.777276 0.750402
-2.628448 -5.860733 0.813546
-2.454023 -5.935623 0.877441
-2.279599 -6.010514 0.941335
-2.101425 -6.073459 1.007151
-1.921493 -6.130804 1.073866
-1.741561 -6.188148 1.140582
-1.559205 -6.232180 1.210436
-1.376312 -6.273273 1.280983
-1.193420 -6.314364 1.351530
-1.009687 -6.342001 1.426229
-0.825898 -6.368748 1.501203
-0.642128 -6.395051 1.576342
-0.458877 -6.409630 1.655850
-0.275626 -6.424210 1.735358
-0.092532 -6.437634 1.815351
0.089377 -6.442287 1.899032
0.271285 -6.446940 1.982714
0.452904 -6.450181 2.067022
0.633215 -6.447050 2.154160
0.813527 -6.443919 2.241297
0.993503 -6.439355 2.329015
1.172405 -6.430187 2.418598
1.351306 -6.421018 2.508181
1.529914 -6.410490 2.598171
1.707805 -6.396641 2.689155
1.885696 -6.382792 2.780138
2.063402 -6.367649 2.871259
2.240760 -6.350070 2.962637
2.418118 -6.332492 3.054016
2.595432 -6.313631 3.145211
2.772682 -6.292933 3.236144
2.949933 -6.272234 3.327076
3.127255 -6.250232 3.417551
3.304654 -6.226845 3.507537
3.482053 -6.203458 3.597524
3.659579 -6.178696 3.686880
3.837202 -6.152889 3.775756
4.014825 -6.127081 3.864633
4.192467 -6.099783 3.953017
4.370119 -6.071713 4.041147
4.547771 -6.043644 4.129276
4.725159 -6.013941 4.217396
4.902462 -5.983710 4.305513
5.079766 -5.953480 4.393629
5.256341 -5.921444 4.482563
5.432791 -5.889101 4.571636
5.609242 -5.856757 4.660709
5.784285 -5.822414 4.751785
5.959256 -5.787968 4.842965
6.134136 -5.753438 4.934281
6.306976 -5.717015 5.028698
6.479816 -5.680593 5.123115
6.652318 -5.643969 5.218058
6.822472 -5.605945 5.316630
6.992626 -5.567922 5.415203
7.162166 -5.529723 5.514736
7.329242 -5.490822 5.618115
7.496319 -5.451922 5.721493
7.662568 -5.413152 5.826212
7.826487 -5.374749 5.934705
7.990406 -5.336346 6.043198
8.153379 -5.298712 6.153330
8.314295 -5.262753 6.267032
8.475211 -5.226794 6.380733
8.635159 -5.192670 6.496290
8.793429 -5.161733 6.615069
8.951698 -5.130795 6.733849
9.109002 -5.103358 6.854655
9.264996 -5.080668 6.978211
9.420990 -5.057978 7.101767
9.575884 -5.041323 7.227480
9.729699 -5.030593 7.355311
9.883514 -5.019862 7.483142
10.035654 -5.018889 7.613157
10.186761 -5.023938 7.744520
10.337867 -5.028987 7.875884
10.485818 -5.048934 8.009143
10.632842 -5.073262 8.142961
10.779865 -5.097589 8.276778
10.920920 -5.143146 8.411412
11.061771 -5.189426 8.546075
11.200947 -5.240099 8.680551
11.333031 -5.309362 8.814236
11.465114 -5.378625 8.947920
11.592301 -5.457559 9.080395
11.712977 -5.549353 9.211261
11.833654 -5.641148 9.342126
11.945357 -5.746661 9.470047
12.052510 -5.859129 9.596475
12.159663 -5.971599 9.722902
12.253762 -6.099868 9.844336
12.346066 -6.230310 9.965081
12.437350 -6.361750 10.085392
12.514319 -6.507166 10.199607
12.591289 -6.652581 10.313821
12.664935 -6.800654 10.426486
12.726909 -6.958061 10.533712
12.788882 -7.115467 10.640938
12.846068 -7.276069 10.745709
12.894114 -7.442770 10.845796
12.942159 -7.609472 10.945881
12.984879 -7.779238 11.042879
13.020727 -7.952958 11.135889
13.056575 -8.126678 11.228900
13.087256 -8.303019 11.318533
13.112887 -8.481918 11.404862
13.138517 -8.660819 11.491192
13.159608 -8.841850 11.574067
13.177123 -9.024562 11.654221
13.194638 -9.207273 11.734375
13.208411 -9.391706 11.811129
13.219746 -9.577262 11.885664
13.231079 -9.762817 11.960200
13.239380 -9.949800 12.031415
13.246058 -10.137547 12.100853
13.252737 -10.325293 12.170291
13.256869 -10.514280 12.236423
13.259933 -10.703790 12.301168
13.262998 -10.893298 12.365914
13.263805 -11.083931 12.427299
13.263932 -11.274903 12.487669
13.264059 -11.465875 12.548040
13.264186 -11.656847 12.608411
13.264313 -11.847819 12.668782
13.264441 -12.038791 12.729153
13.264567 -12.229763 12.789523
13.264694 -12.420734 12.849895
13.264821 -12.611707 12.910265
13.264948 -12.802678 12.970636
13.265076 -12.993650 13.031007
13.265203 -13.184622 13.091377
13.265329 -13.375594 13.151749
13.265456 -13.566566 13.212119
13.265583 -13.757538 13.272491
13.265711 -13.948510 13.332861
13.265838 -14.139482 13.393231
13.265965 -14.330454 13.453603
13.266091 -14.521425 13.513973
13.266218 -14.712398 13.574345
13.266346 -14.903370 13.634715
13.266473 -15.094341 13.695086
13.266600 -15.285314 13.755457
13.266726 -15.476285 13.815827
13.266854 -15.667257 13.876199
13.266981 -15.858229 13.936569
13.267108 -16.049200 13.996941
13.267235 -16.240173 14.057311
13.267362 -16.431145 14.117682
13.267489 -16.622116 14.178053
13.267616 -16.813089 14.238423
13.267743 -17.004061 14.298795
13.267870 -17.195032 14.359165
13.267997 -17.386003 14.419536
13.268125 -17.576977 14.479907
13.268251 -17.767948 14.540277
13.268378 -17.958920 14.600649
13.268505 -18.149893 14.661019
13.268632 -18.340864 14.721390
13.268760 -18.531836 14.781761
13.268887 -18.722807 14.842132
13.269013 -18.913780 14.902503
13.269140 -19.104752 14.962873
13.269267 -19.295723 15.023244
13.269395 -19.486694 15.083615
13.269522 -19.677668 15.143986
13.269649 -19.868639 15.204357
13.269775 -20.059610 15.264728
13.269902 -20.250584 15.325099
13.270030 -20.441555 15.385469
13.270157 -20.632526 15.445840
13.270284 -20.823498 15.506211
13.270411 -21.014471 15.566582
13.270538 -21.205442 15.626953
13.270665 -21.396414 15.687324
13.270792 -21.587387 15.747694
13.270919 -21.778358 15.808065
13.271046 -21.969330 15.868436
13.271173 -22.160301 15.928807
13.271300 -22.351274 15.989178
13.271427 -22.542246 16.049549
13.271554 -22.733217 16.109919
13.271681 -22.924191 16.170290
13.271809 -23.115162 16.230661
13.271935 -23.306133 16.291033
13.272062 -23.497105 16.351402
13.272189 -23.688078 16.411774
13.272316 -23.879049 16.472145
13.272444 -24.070021 16.532515
13.272571 -24.260992 16.592886
13.272697 -24.451965 16.653257
13.272824 -24.642937 16.713627
13.272951 -24.833908 16.773998
13.273079 -25.024881 16.834370
13.273206 -25.215853 16.894741
13.273333 -25.406824 16.955111
13.273459 -25.597795 17.015482
13.273586 -25.788769 17.075853
13.273714 -25.979740 17.136223
13.273841 -26.170712 17.196594
13.273968 -26.361685 17.256966
13.274095 -26.552656 17.317337
13.274221 -26.743628 17.377707
13.274349 -26.934599 17.438078
13.274476 -27.125572 17.498449
13.274603 -27.316544 17.558819
13.274730 -27.507515 17.619190
13.274858 -27.698488 17.679562
13.274984 -27.889460 17.739931
13.275111 -28.080431 17.800303
13.275238 -28.271402 17.860674
13.275365 -28.462376 17.921045
13.275493 -28.653347 17.981415
13.275620 -28.844318 18.041786
13.275746 -29.035290 18.102158
13.275873 -29.226263 18.162527
13.276000 -29.417234 18.222898
13.276128 -29.608206 18.283270
13.276255 -29.799179 18.343639
13.276381 -29.990150 18.404011
13.276508 -30.181122 18.464382
13.276635 -30.372093 18.524754
13.276763 -30.563066 18.585123
13.276890 -30.754038 18.645494
13.277017 -30.945009 18.705866
13.277143 -31.135983 18.766235
13.277270 -31.326954 18.826607
13.277398 -31.517925 18.886978
13.277525 -31.708897 18.947350
13.277652 -31.899870 19.007719
13.277779 -32.090839 19.068090
