#pt3d 500
3.191203 30.520752 -5.005316
3.136848 30.298035 -4.965382
3.082492 30.075319 -4.925448
3.028136 29.852604 -4.885514
2.973781 29.629889 -4.845581
2.919425 29.407171 -4.805647
2.865069 29.184456 -4.765713
2.810714 28.961740 -4.725780
2.756358 28.739025 -4.685846
2.702003 28.516308 -4.645912
2.647647 28.293592 -4.605978
2.593291 28.070877 -4.566044
2.538936 27.848162 -4.526111
2.484580 27.625444 -4.486177
2.430224 27.402729 -4.446243
2.375869 27.180014 -4.406309
2.321513 26.957298 -4.366375
2.267157 26.734581 -4.326442
2.212802 26.511866 -4.286508
2.158446 26.289150 -4.246574
2.104090 26.066435 -4.206641
2.049735 25.843718 -4.166707
1.995379 25.621002 -4.126773
1.941023 25.398287 -4.086839
1.886668 25.175571 -4.046906
1.832312 24.952854 -4.006972
1.777956 24.730139 -3.967038
1.723601 24.507423 -3.927104
1.669245 24.284708 -3.887171
1.614890 24.061991 -3.847237
1.560534 23.839275 -3.807303
1.506178 23.616560 -3.767369
1.451823 23.393845 -3.727435
1.397467 23.171127 -3.687502
1.343111 22.948412 -3.647568
1.288756 22.725697 -3.607634
1.234400 22.502981 -3.567700
1.180044 22.280264 -3.527767
1.125689 22.057549 -3.487833
1.071333 21.834833 -3.447899
1.016977 21.612118 -3.407965
0.962622 21.389400 -3.368032
0.908266 21.166685 -3.328098
0.853910 20.943970 -3.288164
0.799555 20.721254 -3.248230
0.745199 20.498537 -3.208297
0.690843 20.275822 -3.168363
0.636488 20.053106 -3.128429
0.582132 19.830391 -3.088495
0.527776 19.607674 -3.048562
0.473421 19.384958 -3.008628
0.419065 19.162243 -2.968694
0.364710 18.939528 -2.928760
0.310354 18.716810 -2.888827
0.255998 18.494095 -2.848893
0.199443 18.271852 -2.816293
0.124249 18.053623 -2.845845
0.049055 17.835394 -2.875398
-0.026139 17.617165 -2.904950
-0.114208 17.415985 -2.981272
-0.202751 17.215435 -3.059319
-0.291294 17.014885 -3.137365
-0.386839 16.826572 -3.234299
-0.484466 16.641901 -3.336849
-0.582092 16.457228 -3.439400
-0.683756 16.276430 -3.544699
-0.789629 16.099674 -3.652864
-0.895502 15.922917 -3.761029
-1.003125 15.746056 -3.867141
-1.117757 15.568773 -3.965028
-1.232389 15.391490 -4.062915
-1.347100 15.214147 -4.160563
-1.470220 15.030375 -4.232818
-1.593341 14.846602 -4.305073
-1.716462 14.662830 -4.377327
-1.845045 14.471944 -4.411414
-1.973694 14.280972 -4.445048
-2.102405 14.089674 -4.473008
-2.231515 13.896264 -4.464384
-2.360626 13.702853 -4.455760
-2.488789 13.510437 -4.434421
-2.615521 13.319519 -4.393915
-2.742254 13.128601 -4.353409
-2.869101 12.939743 -4.304703
-2.995983 12.751510 -4.253510
-3.124716 12.563291 -4.208002
-3.257710 12.375107 -4.175586
-3.391341 12.187268 -4.147778
-3.531918 12.003193 -4.170280
-3.672197 11.820491 -4.197494
-3.808130 11.657798 -4.293436
-3.944062 11.495104 -4.389378
-4.064421 11.361497 -4.537042
-4.184738 11.227967 -4.684842
-4.297318 11.106014 -4.847174
-4.405064 10.991297 -5.018587
-4.512810 10.876579 -5.190000
-4.615795 10.767225 -5.367678
-4.717835 10.658936 -5.546599
-4.819876 10.550647 -5.725520
-4.921076 10.440613 -5.903849
-5.021966 10.329937 -6.081960
-5.122858 10.219262 -6.260071
-5.223727 10.104880 -6.435768
-5.324571 9.985912 -6.608479
-5.425415 9.866945 -6.781189
-5.525960 9.746558 -6.953025
-5.624266 9.615524 -7.118306
-5.722572 9.484491 -7.283587
-5.820879 9.353458 -7.448868
-5.912284 9.210995 -7.608434
-6.002395 9.066386 -7.766927
-6.092506 8.921778 -7.925420
-6.172046 8.769122 -8.081731
-6.246472 8.612572 -8.236987
-6.320898 8.456021 -8.392242
-6.381042 8.295470 -8.549167
-6.432680 8.132537 -8.707084
-6.484318 7.969604 -8.865001
-6.517303 7.808467 -9.029067
-6.541611 7.648167 -9.195993
-6.565918 7.487867 -9.362921
-6.567689 7.337744 -9.540209
-6.563797 7.190179 -9.720100
-6.559905 7.042614 -9.899992
-6.532170 6.913196 -10.091147
-6.502279 6.785418 -10.283322
-6.472388 6.657640 -10.475496
-6.420434 6.549429 -10.674782
-6.367809 6.441813 -10.874284
-6.315184 6.334198 -11.073786
-6.243590 6.238970 -11.273561
-6.170242 6.144889 -11.473362
-6.096894 6.050807 -11.673162
-6.007591 5.958899 -11.867159
-5.913124 5.867694 -12.059277
-5.818656 5.776489 -12.251394
-5.711538 5.680693 -12.433800
-5.593920 5.581088 -12.608146
-5.476302 5.481482 -12.782491
-5.349885 5.375721 -12.945454
-5.208074 5.259194 -13.088500
-5.066262 5.142666 -13.231547
-4.919117 5.021139 -13.362526
-4.756548 4.885152 -13.458600
-4.593978 4.749166 -13.554675
-4.428903 4.609805 -13.637110
-4.255404 4.459102 -13.673690
-4.081904 4.308399 -13.710270
-3.909195 4.156368 -13.730263
-3.738797 4.000460 -13.701828
-3.568399 3.844551 -13.673392
-3.404087 3.690620 -13.623821
-3.252269 3.540746 -13.530866
-3.100450 3.390873 -13.437909
-2.965452 3.249965 -13.316348
-2.848882 3.118880 -13.163443
-2.732313 2.987795 -13.010538
-2.653690 2.881661 -12.822098
-2.588712 2.784499 -12.620878
-2.528084 2.690717 -12.417768
-2.522164 2.639443 -12.190859
-2.516244 2.588170 -11.963950
-2.529159 2.554430 -11.736433
-2.572847 2.549341 -11.507923
-2.616536 2.544251 -11.279412
-2.676214 2.558355 -11.056224
-2.750062 2.589472 -10.837753
-2.823911 2.620589 -10.619282
-2.903341 2.663783 -10.405346
-2.988647 2.719692 -10.196183
-3.073954 2.775600 -9.987021
-3.158060 2.836675 -9.778973
-3.239584 2.908861 -9.573317
-3.321108 2.981047 -9.367660
-3.400336 3.054766 -9.161767
-3.465083 3.138150 -8.954388
-3.529830 3.221535 -8.747007
-3.593506 3.305256 -8.539508
-3.630745 3.397305 -8.329051
-3.667984 3.489355 -8.118595
-3.703607 3.581782 -7.908153
-3.707760 3.681580 -7.697975
-3.711912 3.781377 -7.487796
-3.712303 3.882079 -7.278270
-3.686038 3.989188 -7.073357
-3.659773 4.096298 -6.868443
-3.629517 4.204605 -6.664912
-3.582564 4.317926 -6.467162
-3.535611 4.431248 -6.269411
-3.486870 4.545292 -6.072554
-3.431373 4.662066 -5.879071
-3.375876 4.778839 -5.685588
-3.320766 4.895253 -5.491783
-3.267502 5.009950 -5.296439
-3.214237 5.124646 -5.101096
-3.162203 5.237995 -4.904717
-3.119015 5.341646 -4.700897
-3.075826 5.445297 -4.497076
-3.034135 5.546584 -4.291964
-3.005557 5.627161 -4.075532
-2.976979 5.707736 -3.859102
-2.950547 5.783389 -3.641083
-2.937624 5.828060 -3.413072
-2.924701 5.872731 -3.185061
-2.914552 5.908114 -2.956077
-2.915023 5.907948 -2.723373
-2.915493 5.907782 -2.490668
-2.918289 5.895706 -2.259218
-2.927784 5.849314 -2.031382
-2.937280 5.802921 -1.803547
-2.947844 5.746942 -1.578673
-2.961958 5.659117 -1.363640
-2.976073 5.571292 -1.148607
-2.990365 5.479733 -0.935494
-3.006130 5.357076 -0.738369
-3.021895 5.234419 -0.541244
-3.037660 5.111763 -0.344118
-3.053884 4.962094 -0.166971
-3.070152 4.809879 0.008293
-3.086420 4.657663 0.183557
-3.103468 4.486907 0.339824
-3.120830 4.308688 0.488445
-3.138192 4.130469 0.637066
-3.157397 3.939549 0.767240
-3.178015 3.738891 0.883268
-3.198633 3.538232 0.999297
-3.222464 3.329124 1.096349
-3.249483 3.111633 1.174575
-3.276502 2.894142 1.252801
-3.308183 2.672104 1.311335
-3.344422 2.445620 1.350622
-3.380661 2.219136 1.389909
-3.422309 1.991858 1.410889
-3.468722 1.763880 1.415744
-3.515134 1.535902 1.420599
-3.566143 1.309456 1.411547
-3.621173 1.084349 1.390329
-3.676204 0.859242 1.369112
-3.733694 0.635880 1.339566
-3.793774 0.414354 1.301249
-3.853854 0.192828 1.262932
-3.914119 -0.027898 1.220785
-3.974667 -0.247401 1.172784
-4.035214 -0.466904 1.124783
-4.094745 -0.686396 1.075549
-4.151514 -0.905859 1.022967
-4.208282 -1.125322 0.970384
-4.264324 -1.344915 0.917608
-4.314562 -1.565543 0.863284
-4.364799 -1.786170 0.808960
-4.415037 -2.006799 0.754636
-4.458583 -2.228708 0.699802
-4.501473 -2.450744 0.644918
-4.544363 -2.672779 0.590034
-4.582590 -2.895617 0.535063
-4.618338 -3.118881 0.480045
-4.654085 -3.342144 0.425026
-4.687170 -3.565841 0.370232
-4.715115 -3.790375 0.315869
-4.743059 -4.014909 0.261505
-4.770858 -4.239465 0.207178
-4.787581 -4.465746 0.155517
-4.804304 -4.692027 0.103857
-4.821027 -4.918308 0.052196
-4.823757 -5.146111 0.005579
-4.821667 -5.374437 -0.039301
-4.819578 -5.602764 -0.084181
-4.797897 -5.831026 -0.120370
-4.764768 -6.059250 -0.151480
-4.731639 -6.287474 -0.182590
-4.664840 -6.508853 -0.196020
-4.586761 -6.727940 -0.203528
-4.504515 -6.944833 -0.208364
-4.376595 -7.137678 -0.183894
-4.248674 -7.330523 -0.159424
-4.102219 -7.504046 -0.119157
-3.937148 -7.658163 -0.063023
-3.772077 -7.812280 -0.006889
-3.592698 -7.938274 0.069111
-3.409981 -8.057709 0.149744
-3.227265 -8.177144 0.230377
-3.040989 -8.277135 0.327299
-2.854383 -8.375331 0.425725
-2.667778 -8.473527 0.524150
-2.484176 -8.564913 0.633935
-2.301186 -8.654908 0.746039
-2.118196 -8.744904 0.858143
-1.939947 -8.835238 0.977217
-1.764345 -8.925762 1.100184
-1.588743 -9.016286 1.223152
-1.416635 -9.108398 1.349683
-1.249050 -9.202565 1.480829
-1.081464 -9.296733 1.611974
-0.915226 -9.391220 1.744556
-0.752657 -9.486578 1.881046
-0.590087 -9.581936 2.017537
-0.427368 -9.676388 2.154459
-0.263898 -9.766307 2.293541
-0.100428 -9.856227 2.432622
0.064005 -9.944242 2.571684
0.234474 -10.020317 2.710624
0.404943 -10.096394 2.849565
0.577091 -10.168868 2.988077
0.757481 -10.223662 3.124490
0.937871 -10.278457 3.260903
1.120162 -10.327341 3.396554
1.308806 -10.356473 3.529657
1.497449 -10.385605 3.662761
1.687018 -10.407134 3.795447
1.878887 -10.409752 3.927094
2.070756 -10.412369 4.058741
2.261616 -10.406782 4.191211
2.450363 -10.384025 4.325406
2.639110 -10.361266 4.459600
2.824621 -10.330627 4.596169
3.004028 -10.285125 4.737216
3.183435 -10.239623 4.878263
3.357771 -10.187553 5.022855
3.523346 -10.124140 5.173571
3.688920 -10.060726 5.324287
3.848864 -9.993246 5.478928
3.999741 -9.919219 5.639886
4.150618 -9.845191 5.800845
4.297155 -9.770414 5.965275
4.436848 -9.694455 6.135180
4.576542 -9.618496 6.305084
4.714489 -9.544864 6.477355
4.849565 -9.475054 6.653516
4.984642 -9.405245 6.829677
5.120667 -9.339548 7.006595
5.258385 -9.281196 7.184865
5.396102 -9.222844 7.363136
5.536726 -9.168772 7.540326
5.683202 -9.123318 7.715342
5.829678 -9.077863 7.890357
5.979868 -9.035522 8.062777
6.139050 -9.000715 8.228912
6.298233 -8.965910 8.395047
6.460665 -8.932617 8.558097
6.633869 -8.904341 8.710912
6.807072 -8.876064 8.863728
6.982089 -8.848207 9.014378
7.168057 -8.822889 9.151951
7.354025 -8.797571 9.289525
7.540218 -8.772291 9.426777
7.735456 -8.748513 9.551149
7.930694 -8.724736 9.675522
8.125932 -8.700959 9.799894
8.325179 -8.679251 9.918105
8.524894 -8.657784 10.035599
8.724609 -8.636315 10.153092
8.923151 -8.618302 10.273106
9.121400 -8.601152 10.393749
9.319649 -8.584003 10.514393
9.510546 -8.572236 10.646739
9.699569 -8.561842 10.782068
9.888591 -8.551447 10.917397
10.059714 -8.549427 11.074878
10.229538 -8.548016 11.233968
10.393846 -8.548679 11.398017
10.535651 -8.557811 11.582297
10.677458 -8.566941 11.766578
10.804023 -8.582340 11.960390
10.916612 -8.603486 12.162945
11.029202 -8.624632 12.365499
11.123912 -8.657598 12.575230
11.214864 -8.693049 12.786470
11.304967 -8.729889 12.997761
11.384695 -8.783706 13.209654
11.464422 -8.837523 13.421548
11.543005 -8.897996 13.631782
11.618729 -8.975114 13.837865
11.694452 -9.052231 14.043949
11.768658 -9.142773 14.244508
11.841273 -9.247383 14.439278
11.913888 -9.351994 14.634048
11.980842 -9.477349 14.817645
12.045418 -9.611421 14.996549
12.109994 -9.745491 15.175453
12.159891 -9.905805 15.336302
12.208729 -10.068013 15.495849
12.254373 -10.233680 15.652186
12.282176 -10.418660 15.790608
12.309979 -10.603642 15.929030
12.331350 -10.793417 16.061167
12.339121 -10.993333 16.180017
12.346892 -11.193248 16.298866
12.349596 -11.396172 16.412323
12.344842 -11.603524 16.517839
12.340088 -11.810877 16.623358
12.335066 -12.018891 16.727535
12.329649 -12.227876 16.829748
12.324232 -12.436861 16.931961
12.324195 -12.644000 17.037657
12.333034 -12.848091 17.149103
12.341873 -13.052182 17.260548
12.363004 -13.249510 17.380333
12.403466 -13.436198 17.513229
12.443930 -13.622888 17.646126
12.504687 -13.791843 17.790512
12.590671 -13.938759 17.949175
12.676655 -14.085673 18.107840
12.779103 -14.209553 18.272091
12.907876 -14.296598 18.445272
13.036650 -14.383644 18.618454
13.165423 -14.470689 18.791637
13.294197 -14.557734 18.964819
13.422970 -14.644780 19.138000
13.551744 -14.731826 19.311184
13.680517 -14.818871 19.484365
13.809291 -14.905916 19.657547
13.938064 -14.992962 19.830730
14.066837 -15.080008 20.003912
14.195611 -15.167053 20.177095
14.324385 -15.254099 20.350277
14.453157 -15.341144 20.523458
14.581931 -15.428189 20.696642
14.710705 -15.515235 20.869823
14.839478 -15.602281 21.043005
14.968251 -15.689326 21.216188
15.097025 -15.776371 21.389370
15.225799 -15.863417 21.562551
15.354572 -15.950462 21.735735
15.483346 -16.037508 21.908916
15.612119 -16.124554 22.082098
15.740892 -16.211599 22.255281
15.869666 -16.298645 22.428463
15.998440 -16.385691 22.601645
16.127213 -16.472734 22.774828
16.255987 -16.559780 22.948009
16.384760 -16.646826 23.121191
16.513533 -16.733871 23.294374
16.642307 -16.820917 23.467556
16.771080 -16.907963 23.640738
16.899853 -16.995008 23.813921
17.028627 -17.082054 23.987103
17.157400 -17.169100 24.160284
17.286175 -17.256145 24.333467
17.414948 -17.343191 24.506649
17.543720 -17.430235 24.679832
17.672495 -17.517281 24.853014
17.801268 -17.604326 25.026196
17.930042 -17.691372 25.199379
18.058815 -17.778418 25.372561
18.187588 -17.865463 25.545742
18.316362 -17.952509 25.718925
18.445135 -18.039555 25.892107
18.573908 -18.126600 26.065289
18.702682 -18.213646 26.238472
18.831455 -18.300690 26.411654
18.960230 -18.387735 26.584835
19.089003 -18.474781 26.758018
19.217775 -18.561827 26.931200
19.346550 -18.648872 27.104382
19.475323 -18.735918 27.277565
19.604095 -18.822964 27.450747
19.732870 -18.910009 27.623928
19.861643 -18.997055 27.797112
19.990417 -19.084101 27.970293
20.119190 -19.171146 28.143475
20.247963 -19.258190 28.316658
20.376738 -19.345236 28.489840
20.505510 -19.432281 28.663021
20.634285 -19.519327 28.836205
20.763058 -19.606373 29.009386
20.891830 -19.693419 29.182570
21.020605 -19.780464 29.355751
21.149378 -19.867510 29.528933
21.278151 -19.954556 29.702116
21.406925 -20.041601 29.875298
21.535698 -20.128645 30.048479
21.664473 -20.215691 30.221663
21.793245 -20.302736 30.394844
21.922018 -20.389782 30.568026
22.050793 -20.476828 30.741209
22.179565 -20.563873 30.914391
22.308338 -20.650919 31.087572
22.437113 -20.737965 31.260756
22.565886 -20.825010 31.433937
22.694660 -20.912056 31.607119
22.823433 -20.999100 31.780302
22.952206 -21.086145 31.953484
23.080980 -21.173191 32.126667
23.209753 -21.260237 32.299847
23.338528 -21.347282 32.473030
23.467300 -21.434328 32.646214
23.596073 -21.521374 32.819393
23.724848 -21.608419 32.992577
23.853621 -21.695465 33.165760
23.982393 -21.782511 33.338940
24.111168 -21.869556 33.512123
24.239941 -21.956600 33.685307
24.368715 -22.043646 33.858486
24.497488 -22.130692 34.031670
24.626261 -22.217737 34.204853
24.755035 -22.304783 34.378033
24.883808 -22.391829 34.551216
25.012581 -22.478874 34.724400
25.141356 -22.565920 34.897579
