#pt3d 500
-3.264388 28.719126 -0.433271
-3.291450 28.528679 -0.556204
-3.318511 28.338232 -0.679138
-3.345572 28.147785 -0.802072
-3.372634 27.957338 -0.925005
-3.399695 27.766891 -1.047939
-3.426757 27.576445 -1.170873
-3.453818 27.385998 -1.293806
-3.480879 27.195551 -1.416740
-3.507941 27.005104 -1.539674
-3.535002 26.814657 -1.662607
-3.562063 26.624210 -1.785541
-3.589125 26.433764 -1.908474
-3.616186 26.243317 -2.031408
-3.643248 26.052870 -2.154342
-3.670309 25.862423 -2.277276
-3.697370 25.671976 -2.400209
-3.724432 25.481531 -2.523143
-3.751493 25.291084 -2.646076
-3.778554 25.100637 -2.769010
-3.805616 24.910191 -2.891944
-3.832677 24.719744 -3.014877
-3.859739 24.529297 -3.137811
-3.886800 24.338850 -3.260745
-3.913861 24.148403 -3.383678
-3.940922 23.957956 -3.506612
-3.967984 23.767509 -3.629546
-3.995045 23.577063 -3.752479
-4.022107 23.386616 -3.875413
-4.049168 23.196169 -3.998347
-4.076230 23.005722 -4.121280
-4.103291 22.815275 -4.244214
-4.130352 22.624828 -4.367147
-4.157413 22.434381 -4.490081
-4.184475 22.243937 -4.613015
-4.211536 22.053490 -4.735949
-4.238597 21.863043 -4.858882
-4.265659 21.672596 -4.981816
-4.292720 21.482149 -5.104750
-4.319782 21.291702 -5.227683
-4.346843 21.101255 -5.350617
-4.373904 20.910809 -5.473551
-4.400966 20.720362 -5.596484
-4.428027 20.529915 -5.719418
-4.455089 20.339468 -5.842351
-4.482150 20.149021 -5.965285
-4.509211 19.958574 -6.088219
-4.536273 19.768127 -6.211153
-4.563334 19.577681 -6.334086
-4.590395 19.387234 -6.457020
-4.617457 19.196787 -6.579954
-4.644518 19.006342 -6.702887
-4.671579 18.815895 -6.825821
-4.698641 18.625448 -6.948754
-4.725702 18.435001 -7.071688
-4.752764 18.244555 -7.194622
-4.779825 18.054108 -7.317555
-4.812253 17.859974 -7.431339
-4.862939 17.653297 -7.513988
-4.913625 17.446623 -7.596636
-4.964312 17.239946 -7.679286
-5.029317 17.029490 -7.733923
-5.103056 16.816729 -7.771478
-5.176795 16.603968 -7.809032
-5.257717 16.392797 -7.831042
-5.350519 16.184258 -7.827342
-5.443321 15.975718 -7.823642
-5.540745 15.770383 -7.809938
-5.647768 15.571706 -7.775460
-5.754790 15.373030 -7.740981
-5.865916 15.178294 -7.699560
-5.983588 14.989846 -7.647067
-6.101260 14.801398 -7.594574
-6.223720 14.616941 -7.539289
-6.350057 14.435718 -7.481741
-6.476395 14.254494 -7.424193
-6.609078 14.075671 -7.374022
-6.742747 13.897222 -7.324998
-6.878204 13.718286 -7.284893
-7.016674 13.538530 -7.259813
-7.154984 13.358551 -7.238550
-7.291769 13.176424 -7.253869
-7.428554 12.994296 -7.269188
-7.552062 12.814169 -7.335501
-7.675488 12.634053 -7.402130
-7.774870 12.462656 -7.515073
-7.873349 12.291587 -7.629755
-7.946541 12.130825 -7.773497
-8.015726 11.971696 -7.921843
-8.069051 11.818129 -8.081206
-8.110924 11.668577 -8.248527
-8.151127 11.519407 -8.416464
-8.169292 11.375269 -8.592559
-8.187459 11.231131 -8.768653
-8.198399 11.087637 -8.945580
-8.195593 10.945367 -9.124092
-8.192788 10.803098 -9.302604
-8.181248 10.660700 -9.480395
-8.158949 10.518143 -9.657300
-8.136651 10.375587 -9.834206
-8.106124 10.232591 -10.009256
-8.064935 10.089025 -10.181905
-8.023746 9.945460 -10.354553
-7.975949 9.801720 -10.525086
-7.916144 9.657660 -10.691775
-7.856339 9.513600 -10.858464
-7.792198 9.369755 -11.023512
-7.714263 9.226589 -11.183339
-7.636330 9.083424 -11.343167
-7.556648 8.940527 -11.502273
-7.461705 8.799979 -11.655069
-7.366762 8.659431 -11.807867
-7.271819 8.518884 -11.960665
-7.162623 8.382163 -12.107238
-7.052585 8.245669 -12.253444
-6.942547 8.109175 -12.399649
-6.823115 7.976141 -12.541470
-6.700583 7.844249 -12.681845
-6.578050 7.712356 -12.822220
-6.450583 7.582577 -12.960027
-6.318415 7.454811 -13.095387
-6.186247 7.327045 -13.230749
-6.052557 7.199877 -13.365125
-5.913419 7.074848 -13.495981
-5.774281 6.949818 -13.626837
-5.635143 6.824789 -13.757692
-5.491736 6.700446 -13.884513
-5.347740 6.576198 -14.010776
-5.203743 6.451950 -14.137039
-5.057914 6.327024 -14.260455
-4.910392 6.201473 -14.381241
-4.762870 6.075922 -14.502026
-4.614784 5.949716 -14.621381
-4.464309 5.820746 -14.734691
-4.313834 5.691777 -14.848001
-4.163360 5.562808 -14.961311
-4.009899 5.428619 -15.064036
-3.856322 5.294228 -15.166349
-3.702744 5.159836 -15.268662
-3.545847 5.018612 -15.355420
-3.388650 4.876772 -15.440776
-3.230936 4.733619 -15.522306
-3.070081 4.582487 -15.580614
-2.909226 4.431355 -15.638922
-2.747757 4.273691 -15.666653
-2.586029 4.113248 -15.681372
-2.430523 3.951299 -15.655663
-2.278897 3.788411 -15.604751
-2.153417 3.638857 -15.491092
-2.039753 3.496503 -15.356187
-1.968366 3.384098 -15.170758
-1.911237 3.282632 -14.976584
-1.884540 3.204512 -14.763747
-1.866996 3.133161 -14.548470
-1.874536 3.080359 -14.326501
-1.882075 3.027557 -14.104532
-1.914694 2.990911 -13.881704
-1.948879 2.955275 -13.658822
-1.991964 2.924271 -13.437156
-2.049137 2.900602 -13.217416
-2.106310 2.876933 -12.997675
-2.178541 2.859592 -12.782118
-2.257780 2.845197 -12.568509
-2.337018 2.830802 -12.354899
-2.436616 2.824012 -12.149735
-2.538348 2.818018 -11.945457
-2.642693 2.813073 -11.742666
-2.767240 2.816240 -11.551373
-2.891788 2.819406 -11.360081
-3.023719 2.826346 -11.174430
-3.169951 2.840595 -10.999707
-3.316183 2.854844 -10.824985
-3.473095 2.877132 -10.661331
-3.637614 2.905147 -10.505564
-3.802134 2.933161 -10.349797
-3.977190 2.974822 -10.209730
-4.154497 3.019397 -10.073017
-4.331984 3.064519 -9.936789
-4.515495 3.127807 -9.816649
-4.699005 3.191096 -9.696510
-4.882465 3.257692 -9.578410
-5.065676 3.340649 -9.470397
-5.248887 3.423606 -9.362383
-5.430820 3.510684 -9.255812
-5.608113 3.612734 -9.154481
-5.785406 3.714785 -9.053150
-5.961084 3.819517 -8.952004
-6.128067 3.938689 -8.851856
-6.295050 4.057861 -8.751707
-6.462032 4.177032 -8.651559
-6.615737 4.310025 -8.547647
-6.769258 4.443209 -8.443683
-6.922779 4.576392 -8.339720
-7.065042 4.716922 -8.229982
-7.202840 4.860368 -8.117953
-7.340637 5.003813 -8.005925
-7.471829 5.149592 -7.889570
-7.591973 5.299276 -7.765978
-7.712118 5.448960 -7.642386
-7.832104 5.598660 -7.518679
-7.932349 5.750359 -7.380645
-8.032594 5.902058 -7.242611
-8.132838 6.053758 -7.104578
-8.217359 6.203659 -6.955174
-8.294447 6.352711 -6.800397
-8.371535 6.501762 -6.645620
-8.435884 6.646971 -6.482541
-8.485012 6.787590 -6.309545
-8.534141 6.928208 -6.136548
-8.569483 7.062308 -5.956391
-8.584118 7.186618 -5.765478
-8.598753 7.310928 -5.574564
-8.590450 7.420369 -5.376049
-8.563339 7.517617 -5.171298
-8.536228 7.614865 -4.966547
-8.467473 7.676453 -4.758546
-8.394157 7.734137 -4.550190
-8.303824 7.772302 -4.346599
-8.187739 7.780929 -4.150220
-8.071654 7.789556 -3.953840
-7.927072 7.750991 -3.782138
-7.780600 7.709299 -3.612071
-7.628074 7.649441 -3.455605
-7.466920 7.563700 -3.318518
-7.305766 7.477959 -3.181431
-7.143590 7.365690 -3.068397
-6.981071 7.244466 -2.963484
-6.818550 7.123241 -2.858570
-6.663759 6.975858 -2.779093
-6.509614 6.826289 -2.701742
-6.355468 6.676720 -2.624390
-6.216398 6.504825 -2.568004
-6.077935 6.332030 -2.512463
-5.939471 6.159235 -2.456922
-5.820534 5.969018 -2.415750
-5.703596 5.777017 -2.376050
-5.586658 5.585016 -2.336349
-5.490616 5.380762 -2.304516
-5.399652 5.173529 -2.274593
-5.308690 4.966297 -2.244671
-5.237064 4.751740 -2.217308
-5.174418 4.533783 -2.191132
-5.111773 4.315826 -2.164957
-5.064345 4.094631 -2.137727
-5.029248 3.870814 -2.109642
-4.994151 3.646996 -2.081557
-4.968694 3.422558 -2.050733
-4.957037 3.197232 -2.015988
-4.945381 2.971905 -1.981244
-4.937981 2.746979 -1.943886
-4.942890 2.523208 -1.898970
-4.947799 2.299437 -1.854053
-4.953498 2.075981 -1.807906
-4.966382 1.855394 -1.750546
-4.979267 1.634806 -1.693187
-4.992151 1.414219 -1.635827
-5.003591 1.197410 -1.565325
-5.014974 0.980753 -1.494295
-5.026356 0.764096 -1.423266
-5.027762 0.551642 -1.339966
-5.027773 0.339775 -1.254952
-5.027785 0.127909 -1.169937
-5.009390 -0.077943 -1.073346
-4.988400 -0.282946 -0.975122
-4.967411 -0.487950 -0.876898
-4.918333 -0.682384 -0.767952
-4.868359 -0.876481 -0.658664
-4.813853 -1.068330 -0.548348
-4.730664 -1.245946 -0.431528
-4.647474 -1.423563 -0.314708
-4.553589 -1.594001 -0.196750
-4.438151 -1.749976 -0.076496
-4.322713 -1.905951 0.043757
-4.193951 -2.049889 0.164118
-4.051536 -2.181494 0.284589
-3.909121 -2.313098 0.405059
-3.755262 -2.430816 0.524815
-3.592809 -2.538106 0.644033
-3.430356 -2.645396 0.763251
-3.260584 -2.740588 0.881817
-3.084504 -2.825355 0.999823
-2.908423 -2.910121 1.117828
-2.728939 -2.986904 1.235681
-2.544234 -3.051438 1.353300
-2.359528 -3.115971 1.470919
-2.173976 -3.177421 1.588641
-1.984230 -3.223595 1.706876
-1.794484 -3.269770 1.825110
-1.604738 -3.315944 1.943344
-1.412724 -3.346777 2.062787
-1.220442 -3.375787 2.182373
-1.028160 -3.404798 2.301959
-0.835413 -3.423554 2.422556
-0.642368 -3.435753 2.543799
-0.449323 -3.447952 2.665042
-0.256489 -3.454210 2.786796
-0.064047 -3.449342 2.909505
0.128394 -3.444473 3.032214
0.320611 -3.437368 3.155027
0.511302 -3.415092 3.278540
0.701994 -3.392817 3.402053
0.892685 -3.370543 3.525567
1.080754 -3.331582 3.648915
1.268707 -3.291892 3.772257
1.456661 -3.252203 3.895599
1.641753 -3.198923 4.017982
1.826264 -3.142879 4.140169
2.010775 -3.086836 4.262357
2.192684 -3.020602 4.383171
2.373645 -2.950651 4.503484
2.554605 -2.880701 4.623796
2.733746 -2.804176 4.742713
2.911894 -2.724068 4.860870
3.090042 -2.643960 4.979026
3.267513 -2.560812 5.096060
3.444458 -2.475304 5.212223
3.621403 -2.389797 5.328386
3.798834 -2.304270 5.443787
3.976798 -2.218721 5.558352
4.154761 -2.133172 5.672918
4.334059 -2.049808 5.786968
4.515401 -1.969793 5.900227
4.696743 -1.889778 6.013485
4.879809 -1.813351 6.126300
5.066478 -1.744420 6.238186
5.253146 -1.675489 6.350073
5.441513 -1.610883 6.461424
5.634517 -1.558083 6.571317
5.827521 -1.505283 6.681210
6.021872 -1.456957 6.790434
6.220910 -1.424219 6.897332
6.419947 -1.391481 7.004230
6.619772 -1.362637 7.110417
6.823332 -1.352269 7.213233
7.026891 -1.341901 7.316047
7.230672 -1.333802 7.418388
7.436457 -1.346248 7.516432
7.642242 -1.358693 7.614477
7.848027 -1.371139 7.712521
8.053506 -1.404748 7.806076
8.258978 -1.438854 7.899526
8.464451 -1.472960 7.992976
8.667819 -1.522575 8.083687
8.870637 -1.576251 8.173681
9.073454 -1.629927 8.263675
9.273747 -1.692946 8.352820
9.471921 -1.763808 8.441256
9.670095 -1.834669 8.529690
9.866679 -1.909208 8.618366
10.058308 -1.995206 8.707796
10.249937 -2.081204 8.797226
10.441566 -2.167202 8.886655
10.625276 -2.265680 8.979643
10.808262 -2.365297 9.072955
10.991249 -2.464914 9.166268
11.167457 -2.572149 9.263662
11.339104 -2.684507 9.363802
11.510751 -2.796865 9.463942
11.677567 -2.913224 9.567120
11.834232 -3.037992 9.676682
11.990899 -3.162759 9.786243
12.145206 -3.288997 9.897141
12.282210 -3.426028 10.017837
12.419215 -3.563058 10.138532
12.556031 -3.700177 10.259313
12.667880 -3.849023 10.391410
12.779729 -3.997870 10.523507
12.891577 -4.146716 10.655603
12.973426 -4.306023 10.797089
13.054753 -4.465512 10.938736
13.135193 -4.625222 11.080528
13.182195 -4.793233 11.227762
13.229196 -4.961245 11.374997
13.272597 -5.129839 11.522270
13.284103 -5.303599 11.669884
13.295609 -5.477360 11.817498
13.301333 -5.651634 11.964277
13.279060 -5.828400 12.107010
13.256786 -6.005166 12.249743
13.228483 -6.182109 12.390625
13.176364 -6.359753 12.524197
13.124246 -6.537396 12.657768
13.067803 -6.714950 12.789275
12.990710 -6.892077 12.910921
12.913617 -7.069204 13.032566
12.834952 -7.246228 13.153180
12.737794 -7.422042 13.261645
12.640635 -7.597856 13.370111
12.543477 -7.773670 13.478575
12.431984 -7.947966 13.574880
12.319254 -8.122130 13.670135
12.206523 -8.296295 13.765388
12.085458 -8.469224 13.851959
11.961007 -8.641650 13.935000
11.836556 -8.814077 14.018043
11.708152 -8.985732 14.096247
11.575173 -9.156495 14.168854
11.442195 -9.327257 14.241462
11.308081 -9.497739 14.312515
11.169171 -9.667032 14.377006
11.030262 -9.836326 14.441495
10.891353 -10.005619 14.505984
10.749024 -10.173882 14.565494
10.606340 -10.342037 14.624485
10.463657 -10.510193 14.683475
10.320973 -10.678349 14.742467
10.178289 -10.846505 14.801458
10.035606 -11.014661 14.860450
9.892922 -11.182817 14.919440
9.750238 -11.350972 14.978432
9.607554 -11.519128 15.037423
9.464871 -11.687284 15.096414
9.322187 -11.855439 15.155405
9.179503 -12.023595 15.214396
9.036820 -12.191751 15.273388
8.894136 -12.359907 15.332378
8.751452 -12.528063 15.391370
8.608768 -12.696218 15.450361
8.466085 -12.864374 15.509352
8.323401 -13.032530 15.568343
8.180717 -13.200686 15.627335
8.038034 -13.368841 15.686326
7.895350 -13.536997 15.745317
7.752667 -13.705153 15.804308
7.609983 -13.873309 15.863299
7.467299 -14.041465 15.922290
7.324615 -14.209620 15.981281
7.181932 -14.377776 16.040272
7.039248 -14.545932 16.099264
6.896564 -14.714087 16.158255
6.753881 -14.882243 16.217245
6.611197 -15.050400 16.276237
6.468513 -15.218555 16.335228
6.325830 -15.386711 16.394220
6.183146 -15.554867 16.453211
6.040462 -15.723022 16.512201
5.897779 -15.891178 16.571194
5.755095 -16.059334 16.630184
5.612411 -16.227489 16.689175
5.469728 -16.395645 16.748167
5.327044 -16.563801 16.807158
5.184360 -16.731956 16.866148
5.041677 -16.900112 16.925140
4.898993 -17.068268 16.984131
4.756309 -17.236425 17.043123
4.613626 -17.404581 17.102114
4.470942 -17.572737 17.161104
4.328258 -17.740892 17.220097
4.185574 -17.909048 17.279087
4.042891 -18.077204 17.338078
3.900207 -18.245359 17.397070
3.757523 -18.413515 17.456060
3.614839 -18.581671 17.515051
3.472156 -18.749826 17.574043
3.329472 -18.917982 17.633034
3.186788 -19.086138 17.692024
3.044105 -19.254293 17.751017
2.901421 -19.422449 17.810007
2.758737 -19.590605 17.868999
2.616054 -19.758760 17.927990
2.473370 -19.926916 17.986980
2.330686 -20.095074 18.045973
2.188002 -20.263229 18.104963
2.045319 -20.431385 18.163954
1.902635 -20.599541 18.222946
1.759951 -20.767696 18.281937
1.617268 -20.935852 18.340927
1.474584 -21.104008 18.399920
1.331900 -21.272163 18.458910
1.189216 -21.440319 18.517900
1.046533 -21.608475 18.576893
0.903849 -21.776630 18.635883
0.761165 -21.944786 18.694876
0.618482 -22.112942 18.753866
0.475798 -22.281097 18.812857
0.333114 -22.449253 18.871849
0.190431 -22.617409 18.930840
0.047747 -22.785566 18.989830
-0.094937 -22.953722 19.048822
-0.237621 -23.121878 19.107813
-0.380304 -23.290033 19.166803
-0.522988 -23.458189 19.225796
-0.665672 -23.626345 19.284786
-0.808355 -23.794500 19.343777
-0.951039 -23.962656 19.402769
-1.093723 -24.130812 19.461760
-1.236406 -24.298967 19.520752
-1.379090 -24.467123 19.579742
-1.521774 -24.635279 19.638733
-1.664458 -24.803434 19.697725
-1.807141 -24.971590 19.756716
-1.949825 -25.139746 19.815706
-2.092509 -25.307901 19.874699
-2.235192 -25.476057 19.933689
-2.377876 -25.644215 19.992680
-2.520560 -25.812370 20.051672
-2.663244 -25.980526 20.110662
-2.805927 -26.148682 20.169653
-2.948611 -26.316837 20.228645
-3.091295 -26.484993 20.287636
