#pt3d 500
3.011625 30.514254 -0.583490
2.950470 30.297432 -0.634837
2.889315 30.080610 -0.686183
2.828159 29.863789 -0.737529
2.767004 29.646967 -0.788876
2.705848 29.430145 -0.840222
2.644693 29.213324 -0.891568
2.583538 28.996502 -0.942915
2.522382 28.779680 -0.994261
2.461227 28.562859 -1.045608
2.400072 28.346037 -1.096954
2.338916 28.129215 -1.148300
2.277761 27.912394 -1.199647
2.216605 27.695572 -1.250993
2.155450 27.478750 -1.302339
2.094295 27.261929 -1.353686
2.033139 27.045109 -1.405032
1.971984 26.828287 -1.456378
1.910829 26.611465 -1.507725
1.849673 26.394644 -1.559071
1.788518 26.177822 -1.610417
1.727362 25.961000 -1.661764
1.666207 25.744179 -1.713110
1.605052 25.527357 -1.764456
1.543896 25.310535 -1.815803
1.482741 25.093714 -1.867149
1.421586 24.876892 -1.918495
1.360430 24.660070 -1.969842
1.299275 24.443249 -2.021188
1.238119 24.226427 -2.072534
1.176964 24.009605 -2.123881
1.115809 23.792784 -2.175227
1.054653 23.575962 -2.226573
0.993498 23.359140 -2.277920
0.932342 23.142319 -2.329266
0.871187 22.925497 -2.380612
0.810032 22.708675 -2.431959
0.748876 22.491854 -2.483305
0.687721 22.275032 -2.534652
0.626566 22.058210 -2.585998
0.565410 21.841389 -2.637344
0.504255 21.624567 -2.688690
0.443099 21.407745 -2.740037
0.381944 21.190924 -2.791383
0.320789 20.974102 -2.842730
0.259633 20.757280 -2.894076
0.198478 20.540459 -2.945422
0.137323 20.323637 -2.996768
0.076167 20.106815 -3.048115
0.015012 19.889994 -3.099461
-0.046144 19.673172 -3.150808
-0.107299 19.456350 -3.202154
-0.168454 19.239529 -3.253500
-0.229610 19.022707 -3.304847
-0.290765 18.805885 -3.356193
-0.351921 18.589066 -3.407539
-0.434170 18.377113 -3.446548
-0.522473 18.166561 -3.482014
-0.610777 17.956007 -3.517481
-0.712306 17.750584 -3.543310
-0.823453 17.548891 -3.562129
-0.934600 17.347197 -3.580947
-1.053617 17.149933 -3.592537
-1.182958 16.958479 -3.594644
-1.312299 16.767025 -3.596751
-1.445997 16.578924 -3.593764
-1.589129 16.398079 -3.579750
-1.732261 16.217234 -3.565735
-1.877624 16.038666 -3.548456
-2.030815 15.868094 -3.519725
-2.184006 15.697522 -3.490995
-2.338329 15.528411 -3.460397
-2.498865 15.367331 -3.419539
-2.659401 15.206250 -3.378681
-2.820678 15.046227 -3.336829
-2.987099 14.893531 -3.288083
-3.153520 14.740835 -3.239337
-3.320844 14.589247 -3.190343
-3.492955 14.443523 -3.140036
-3.665066 14.297801 -3.089730
-3.838921 14.153563 -3.041416
-4.017297 14.013177 -2.998270
-4.195673 13.872789 -2.955123
-4.377248 13.734326 -2.921203
-4.561916 13.597722 -2.896203
-4.746584 13.461118 -2.871203
-4.934414 13.326972 -2.872036
-5.122763 13.193231 -2.877110
-5.310121 13.060437 -2.894619
-5.495298 12.929732 -2.939495
-5.680475 12.799026 -2.984370
-5.854744 12.671625 -3.064857
-6.026604 12.544953 -3.153212
-6.191232 12.419827 -3.254026
-6.339824 12.298125 -3.382467
-6.488417 12.176424 -3.510908
-6.615014 12.058606 -3.662844
-6.733335 11.942248 -3.823620
-6.850617 11.826055 -3.985116
-6.935049 11.715055 -4.169340
-7.019480 11.604056 -4.353564
-7.096413 11.494203 -4.541055
-7.146001 11.388522 -4.740456
-7.195589 11.282842 -4.939857
-7.235255 11.178730 -5.141646
-7.251041 11.078393 -5.349182
-7.266826 10.978055 -5.556718
-7.273509 10.879281 -5.764994
-7.258092 10.784302 -5.975063
-7.242675 10.689322 -6.185133
-7.220602 10.595600 -6.394831
-7.177739 10.505808 -6.603369
-7.134876 10.416016 -6.811907
-7.087874 10.327055 -7.019708
-7.022055 10.241876 -7.224160
-6.956236 10.156697 -7.428612
-6.887935 10.071985 -7.632335
-6.803946 9.990219 -7.831454
-6.719958 9.908453 -8.030573
-6.634133 9.826886 -8.228925
-6.536582 9.746589 -8.422378
-6.439032 9.666291 -8.615831
-6.339681 9.585781 -8.808228
-6.232544 9.504351 -8.996055
-6.125407 9.422920 -9.183881
-6.016391 9.340302 -9.370049
-5.902724 9.254741 -9.552114
-5.789057 9.169181 -9.734178
-5.673586 9.080750 -9.913644
-5.555528 8.988201 -10.089385
-5.437470 8.895652 -10.265126
-5.317934 8.798306 -10.437134
-5.197024 8.696500 -10.605670
-5.076114 8.594693 -10.774205
-4.954387 8.486689 -10.938094
-4.832036 8.373958 -11.098437
-4.709686 8.261226 -11.258781
-4.587335 8.142220 -11.414342
-4.464982 8.017517 -11.565560
-4.342629 7.892815 -11.716780
-4.220852 7.763196 -11.864060
-4.100019 7.625520 -12.004890
-3.979187 7.487845 -12.145720
-3.858804 7.348010 -12.284626
-3.740904 7.196257 -12.412918
-3.623004 7.044505 -12.541210
-3.505104 6.892752 -12.669501
-3.390930 6.727132 -12.782977
-3.277155 6.560027 -12.894866
-3.163380 6.392921 -13.006755
-3.053235 6.214135 -13.102267
-2.944560 6.030624 -13.191156
-2.835884 5.847112 -13.280045
-2.731398 5.652739 -13.346190
-2.628928 5.453136 -13.401389
-2.526459 5.253533 -13.456587
-2.431249 5.044049 -13.468912
-2.337088 4.833136 -13.475039
-2.247155 4.623294 -13.458870
-2.165451 4.415536 -13.399293
-2.084105 4.208345 -13.338288
-2.020253 4.028691 -13.207769
-1.956400 3.849036 -13.077250
-1.908219 3.707394 -12.904094
-1.864598 3.576811 -12.718532
-1.828691 3.469023 -12.519803
-1.802909 3.391148 -12.303797
-1.777126 3.313274 -12.087790
-1.763916 3.274897 -11.860846
-1.752325 3.241610 -11.632491
-1.742191 3.212446 -11.403809
-1.742593 3.213115 -11.172751
-1.742996 3.213784 -10.941694
-1.745691 3.219260 -10.710967
-1.757733 3.244331 -10.481589
-1.769775 3.269402 -10.252211
-1.784397 3.297672 -10.023503
-1.809127 3.338475 -9.797424
-1.833858 3.379279 -9.571346
-1.861930 3.421740 -9.346071
-1.901149 3.469729 -9.123480
-1.940369 3.517719 -8.900888
-1.985166 3.565010 -8.679342
-2.040556 3.610975 -8.459782
-2.095946 3.656940 -8.240220
-2.160856 3.696135 -8.022193
-2.232812 3.730319 -7.805302
-2.304768 3.764504 -7.588410
-2.389855 3.780192 -7.374291
-2.476322 3.793938 -7.160462
-2.565608 3.800504 -6.947816
-2.662049 3.788849 -6.738170
-2.758489 3.777194 -6.528524
-2.857909 3.749534 -6.322177
-2.959050 3.712632 -6.117734
-3.060191 3.675730 -5.913291
-3.162081 3.619344 -5.713847
-3.264061 3.560600 -5.515007
-3.366027 3.501506 -5.316281
-3.467266 3.425137 -5.123132
-3.568505 3.348767 -4.929984
-3.669738 3.272141 -4.736945
-3.770613 3.181325 -4.549956
-3.871488 3.090509 -4.362967
-3.972363 2.999693 -4.175979
-4.074265 2.896989 -3.995871
-4.176260 2.793220 -3.816380
-4.278255 2.689451 -3.636889
-4.382466 2.575840 -3.464922
-4.487350 2.459242 -3.295238
-4.592233 2.342644 -3.125555
-4.699661 2.217855 -2.963723
-4.808692 2.087907 -2.806835
-4.917723 1.957959 -2.649947
-5.028814 1.821284 -2.500771
-5.142049 1.677611 -2.359620
-5.255284 1.533937 -2.218468
-5.369683 1.384954 -2.084341
-5.485776 1.228241 -1.960440
-5.601870 1.071527 -1.836540
-5.718061 0.910742 -1.718450
-5.834429 0.742644 -1.610794
-5.950797 0.574546 -1.503139
-6.066228 0.403471 -1.399487
-6.179723 0.226238 -1.304117
-6.293218 0.049006 -1.208746
-6.404861 -0.130303 -1.115224
-6.512223 -0.314413 -1.025978
-6.619585 -0.498523 -0.936731
-6.724250 -0.684009 -0.847260
-6.822161 -0.872940 -0.757223
-6.920071 -1.061872 -0.667187
-7.014351 -1.251601 -0.575223
-7.099395 -1.443362 -0.478355
-7.184439 -1.635123 -0.381487
-7.264738 -1.827140 -0.281527
-7.333598 -2.019775 -0.174111
-7.402457 -2.212409 -0.066695
-7.465449 -2.404840 0.044154
-7.515342 -2.596812 0.162667
-7.565234 -2.788785 0.281180
-7.608521 -2.980341 0.402460
-7.637485 -3.170996 0.529739
-7.666449 -3.361650 0.657019
-7.688709 -3.551975 0.785704
-7.695388 -3.741532 0.917656
-7.702067 -3.931090 1.049608
-7.702510 -4.120465 1.181581
-7.685659 -4.309334 1.313613
-7.668808 -4.498203 1.445646
-7.646467 -4.686858 1.576750
-7.604655 -4.874753 1.704558
-7.562843 -5.062649 1.832368
-7.516277 -5.250051 1.958810
-7.448052 -5.435203 2.079026
-7.379827 -5.620356 2.199242
-7.307336 -5.804567 2.317917
-7.211880 -5.983710 2.428298
-7.116424 -6.162853 2.538678
-7.016939 -6.340440 2.647462
-6.894703 -6.509240 2.747228
-6.772469 -6.678040 2.846993
-6.646434 -6.844576 2.945218
-6.499459 -6.998639 3.034947
-6.352484 -7.152700 3.124677
-6.202229 -7.303960 3.213107
-6.033893 -7.439778 3.294375
-5.865557 -7.575596 3.375643
-5.694836 -7.708615 3.456012
-5.509259 -7.824199 3.530777
-5.323683 -7.939783 3.605541
-5.136824 -8.053351 3.679835
-4.938221 -8.148464 3.749823
-4.739617 -8.243577 3.819811
-4.540751 -8.338149 3.889694
-4.332953 -8.414376 3.956009
-4.125155 -8.490603 4.022324
-3.917358 -8.566831 4.088640
-3.703866 -8.628380 4.151886
-3.489922 -8.688766 4.214890
-3.275978 -8.749153 4.277894
-3.058863 -8.800179 4.338048
-2.840930 -8.848786 4.397465
-2.622997 -8.897394 4.456882
-2.403387 -8.941259 4.513600
-2.182829 -8.982446 4.568793
-1.962272 -9.023632 4.623986
-1.740868 -9.063107 4.676899
-1.518500 -9.100636 4.727219
-1.296132 -9.138165 4.777538
-1.073396 -9.175385 4.826380
-0.849759 -9.211851 4.871600
-0.626122 -9.248318 4.916820
-0.402383 -9.284753 4.961530
-0.177836 -9.320951 5.002230
0.046711 -9.357147 5.042930
0.271258 -9.393345 5.083629
0.496483 -9.428262 5.121605
0.721747 -9.463104 5.159422
0.947011 -9.497947 5.197240
1.172811 -9.529277 5.234891
1.398747 -9.559714 5.272500
1.624683 -9.590151 5.310109
1.850932 -9.614574 5.349907
2.077326 -9.636221 5.390717
2.303720 -9.657868 5.431527
2.529858 -9.670771 5.476527
2.755841 -9.678300 5.524102
2.981823 -9.685829 5.571677
3.206334 -9.681804 5.625127
3.429898 -9.670336 5.682362
3.653461 -9.658868 5.739597
3.873588 -9.633277 5.803863
4.091774 -9.599712 5.872100
4.309960 -9.566148 5.940338
4.522540 -9.517434 6.015704
4.732515 -9.461683 6.094382
4.942491 -9.405933 6.173060
5.145749 -9.336627 6.257672
5.346164 -9.261583 6.344794
5.546579 -9.186540 6.431917
5.741098 -9.101857 6.523066
5.932707 -9.012418 6.616203
6.124316 -8.922978 6.709340
6.312258 -8.828479 6.804751
6.497485 -8.730236 6.901845
6.682712 -8.631992 6.998940
6.866617 -8.532456 7.097189
7.048775 -8.431211 7.196969
7.230932 -8.329964 7.296748
7.413163 -8.229434 7.397104
7.595600 -8.130901 7.499066
7.778037 -8.032370 7.601028
7.960793 -7.934733 7.703239
8.146250 -7.844662 7.807552
8.331706 -7.754592 7.911864
8.517163 -7.664521 8.016177
8.707070 -7.588071 8.123294
8.897070 -7.511902 8.230470
9.087070 -7.435734 8.337645
9.281069 -7.376171 8.447961
9.475534 -7.318549 8.558643
9.670001 -7.260927 8.669326
9.866849 -7.221662 8.783491
10.064123 -7.185681 8.898279
10.261397 -7.149700 9.013067
10.458777 -7.132727 9.131650
10.656180 -7.119756 9.251031
10.853583 -7.106786 9.370412
11.048584 -7.112909 9.493863
11.243056 -7.123231 9.618210
11.437529 -7.133554 9.742557
11.626895 -7.163440 9.871199
11.815227 -7.197290 10.000710
12.003557 -7.231142 10.130223
12.183416 -7.286608 10.263952
12.362076 -7.345133 10.398278
12.540736 -7.403658 10.532604
12.705728 -7.488267 10.670387
12.870359 -7.573563 10.808260
13.032359 -7.662788 10.946253
13.177782 -7.776761 11.084999
13.323206 -7.890733 11.223744
13.460069 -8.014750 11.361426
13.581295 -8.157114 11.497164
13.702521 -8.299479 11.632901
13.807727 -8.456428 11.764605
13.901690 -8.623614 11.893476
13.995651 -8.790801 12.022347
14.068557 -8.972753 12.143888
14.135743 -9.158713 12.263439
14.202930 -9.344675 12.382990
14.249212 -9.541810 12.493961
14.293224 -9.740159 12.604001
14.337236 -9.938508 12.714041
14.364945 -10.143472 12.816870
14.391015 -10.349100 12.918974
14.417084 -10.554729 13.021078
14.433216 -10.763416 13.118788
14.446990 -10.972830 13.215455
14.460764 -11.182242 13.312122
14.470173 -11.392552 13.407284
14.476947 -11.603404 13.501537
14.483720 -11.814256 13.595791
14.489607 -12.024994 13.690350
14.494119 -12.235557 13.785383
14.498630 -12.446118 13.880416
14.503455 -12.656376 13.976088
14.510030 -12.864938 14.075319
14.516603 -13.073500 14.174550
14.523178 -13.282062 14.273782
14.535371 -13.486661 14.380421
14.547928 -13.691003 14.487539
14.560484 -13.895346 14.594658
14.580590 -14.093954 14.710802
14.602867 -14.290914 14.829540
14.625143 -14.487873 14.948278
14.656340 -14.676833 15.077082
14.691851 -14.861927 15.210751
14.727362 -15.047021 15.344419
14.772913 -15.221033 15.488733
14.824615 -15.388258 15.639567
14.876317 -15.555483 15.790401
14.938346 -15.708469 15.951145
15.007900 -15.851082 16.119108
15.077455 -15.993694 16.287073
15.147008 -16.136307 16.455036
15.216562 -16.278919 16.623001
15.286117 -16.421532 16.790964
15.355671 -16.564144 16.958929
15.425224 -16.706757 17.126894
15.494779 -16.849369 17.294857
15.564333 -16.991983 17.462822
15.633887 -17.134596 17.630785
15.703441 -17.277208 17.798750
15.772995 -17.419821 17.966713
15.842549 -17.562433 18.134678
15.912104 -17.705046 18.302641
15.981657 -17.847658 18.470606
16.051212 -17.990271 18.638569
16.120766 -18.132883 18.806534
16.190319 -18.275496 18.974497
16.259874 -18.418108 19.142462
16.329428 -18.560720 19.310425
16.398981 -18.703335 19.478390
16.468536 -18.845947 19.646353
16.538090 -18.988560 19.814318
16.607643 -19.131172 19.982281
16.677198 -19.273785 20.150246
16.746752 -19.416397 20.318211
16.816307 -19.559010 20.486174
16.885860 -19.701622 20.654139
16.955414 -19.844234 20.822102
17.024969 -19.986847 20.990067
17.094522 -20.129459 21.158030
17.164076 -20.272072 21.325994
17.233631 -20.414684 21.493958
17.303185 -20.557299 21.661922
17.372740 -20.699911 21.829885
17.442293 -20.842524 21.997850
17.511847 -20.985136 22.165813
17.581402 -21.127748 22.333778
17.650955 -21.270361 22.501741
17.720509 -21.412973 22.669706
17.790064 -21.555586 22.837669
17.859617 -21.698198 23.005634
17.929173 -21.840811 23.173597
17.998726 -21.983423 23.341562
18.068279 -22.126036 23.509527
18.137835 -22.268648 23.677490
18.207388 -22.411263 23.845455
18.276941 -22.553875 24.013418
18.346497 -22.696487 24.181383
18.416050 -22.839100 24.349346
18.485605 -22.981712 24.517311
18.555159 -23.124325 24.685274
18.624712 -23.266937 24.853239
18.694267 -23.409550 25.021202
18.763821 -23.552162 25.189167
18.833374 -23.694775 25.357130
18.902929 -23.837387 25.525095
18.972483 -23.980000 25.693058
19.042036 -24.122614 25.861023
19.111591 -24.265226 26.028986
19.181145 -24.407839 26.196951
19.250700 -24.550451 26.364914
19.320253 -24.693064 26.532879
19.389807 -24.835676 26.700844
19.459362 -24.978289 26.868807
19.528915 -25.120901 27.036772
19.598469 -25.263514 27.204735
19.668024 -25.406126 27.372700
19.737577 -25.548738 27.540663
19.807133 -25.691351 27.708628
19.876686 -25.833963 27.876591
19.946239 -25.976578 28.044556
20.015795 -26.119190 28.212519
20.085348 -26.261803 28.380484
20.154902 -26.404415 28.548447
20.224457 -26.547028 28.716412
20.294010 -26.689640 28.884375
20.363565 -26.832253 29.052340
20.433119 -26.974865 29.220303
20.502672 -27.117477 29.388268
20.572227 -27.260090 29.556231
20.641781 -27.402702 29.724195
20.711334 -27.545315 29.892160
20.780890 -27.687929 30.060123
20.850443 -27.830542 30.228088
20.919998 -27.973154 30.396051
20.989552 -28.115767 30.564016
21.059105 -28.258379 30.731979
21.128660 -28.400991 30.899944
21.198214 -28.543604 31.067907
21.267767 -28.686216 31.235872
21.337322 -28.828829 31.403835
21.406876 -28.971441 31.571800
21.476431 -29.114054 31.739763
21.545984 -29.256666 31.907728
21.615538 -29.399279 32.075691
