#pt3d 500
6.386959 23.137169 -7.137796
6.260810 22.981907 -7.189016
6.134662 22.826645 -7.240237
6.008513 22.671383 -7.291457
5.882365 22.516121 -7.342677
5.756217 22.360859 -7.393897
5.630068 22.205597 -7.445117
5.503920 22.050337 -7.496338
5.377771 21.895075 -7.547558
5.251623 21.739813 -7.598778
5.125474 21.584551 -7.649998
4.999326 21.429289 -7.701219
4.873178 21.274027 -7.752439
4.747029 21.118765 -7.803659
4.620881 20.963505 -7.854879
4.494732 20.808243 -7.906099
4.368584 20.652981 -7.957320
4.242435 20.497719 -8.008540
4.116287 20.342457 -8.059760
3.990138 20.187195 -8.110980
3.863990 20.031933 -8.162201
3.737841 19.876671 -8.213421
3.611693 19.721411 -8.264641
3.485544 19.566149 -8.315862
3.359396 19.410887 -8.367082
3.233248 19.255625 -8.418302
3.107099 19.100363 -8.469522
2.980951 18.945101 -8.520742
2.854802 18.789839 -8.571962
2.728654 18.634579 -8.623182
2.602505 18.479317 -8.674403
2.476357 18.324055 -8.725623
2.350208 18.168793 -8.776843
2.224060 18.013531 -8.828064
2.097911 17.858269 -8.879284
1.971763 17.703007 -8.930504
1.845614 17.547747 -8.981725
1.719466 17.392485 -9.032945
1.593317 17.237223 -9.084165
1.467169 17.081961 -9.135385
1.341020 16.926699 -9.186605
1.214872 16.771437 -9.237825
1.088724 16.616175 -9.289045
0.962575 16.460913 -9.340266
0.836427 16.305653 -9.391486
0.710278 16.150391 -9.442706
0.584130 15.995129 -9.493927
0.457981 15.839867 -9.545147
0.331833 15.684605 -9.596367
0.205684 15.529344 -9.647587
0.079536 15.374082 -9.698808
-0.046613 15.218820 -9.750028
-0.172761 15.063558 -9.801248
-0.298909 14.908297 -9.852468
-0.425058 14.753035 -9.903688
-0.551206 14.597773 -9.954908
-0.677355 14.442511 -10.006129
-0.803503 14.287250 -10.057349
-0.929652 14.131988 -10.108569
-1.055800 13.976726 -10.159789
-1.181949 13.821465 -10.211010
-1.308097 13.666203 -10.262230
-1.454379 13.525448 -10.256271
-1.607903 13.389912 -10.229747
-1.761500 13.256032 -10.200143
-1.916605 13.156155 -10.107353
-2.071711 13.056277 -10.014564
-2.222716 12.966908 -9.908271
-2.366365 12.896396 -9.777748
-2.510013 12.825883 -9.647225
-2.648034 12.763355 -9.507566
-2.780423 12.708817 -9.358765
-2.912812 12.654279 -9.209963
-3.041367 12.602000 -9.057151
-3.166451 12.551765 -8.900711
-3.291536 12.501531 -8.744271
-3.414985 12.447976 -8.587666
-3.537266 12.392051 -8.430940
-3.659546 12.336124 -8.274214
-3.783582 12.266912 -8.124464
-3.907948 12.195208 -7.976023
-4.035487 12.111775 -7.837862
-4.167130 12.013181 -7.712992
-4.302481 11.900198 -7.610059
-4.442919 11.767478 -7.537219
-4.581641 11.619895 -7.522477
-4.718346 11.467113 -7.536461
-4.840801 11.320529 -7.614954
-4.959984 11.177726 -7.702650
-5.068577 11.047167 -7.820145
-5.177006 10.916873 -7.938038
-5.278473 10.797923 -8.072940
-5.379940 10.678972 -8.207842
-5.480130 10.562152 -8.345469
-5.578777 10.447905 -8.486394
-5.677424 10.333658 -8.627318
-5.774986 10.218356 -8.768133
-5.871874 10.102400 -8.908881
-5.968762 9.986443 -9.049628
-6.063326 9.865908 -9.188027
-6.156576 9.742785 -9.325097
-6.249825 9.619661 -9.462168
-6.337775 9.489347 -9.595863
-6.422726 9.354963 -9.727650
-6.507676 9.220579 -9.859435
-6.581716 9.076906 -9.987608
-6.651209 8.929362 -10.114275
-6.720703 8.781817 -10.240942
-6.768906 8.623925 -10.364702
-6.814368 8.464701 -10.488087
-6.854376 8.304414 -10.611390
-6.868449 8.139071 -10.734300
-6.882521 7.973728 -10.857210
-6.879074 7.809451 -10.981122
-6.859179 7.646174 -11.105975
-6.839286 7.482898 -11.230827
-6.794425 7.327028 -11.358071
-6.744304 7.172719 -11.485820
-6.693822 7.018590 -11.613605
-6.621099 6.875613 -11.743651
-6.548376 6.732636 -11.873698
-6.475194 6.589941 -12.003761
-6.387617 6.456078 -12.134354
-6.300040 6.322215 -12.264945
-6.212463 6.188353 -12.395536
-6.117034 6.058083 -12.524200
-6.020444 5.928343 -12.652580
-5.923854 5.798604 -12.780960
-5.824219 5.667649 -12.905660
-5.722503 5.535863 -13.027846
-5.620787 5.404078 -13.150033
-5.518343 5.269755 -13.268605
-5.414206 5.129524 -13.378759
-5.310068 4.989294 -13.488913
-5.205957 4.847503 -13.596792
-5.102063 4.693069 -13.686229
-4.998168 4.538634 -13.775665
-4.894836 4.381872 -13.860671
-4.795181 4.209923 -13.916757
-4.695527 4.037974 -13.972841
-4.600723 3.859674 -14.007112
-4.512124 3.673253 -14.013489
-4.424130 3.486839 -14.017994
-4.356385 3.300616 -13.959901
-4.288640 3.114393 -13.901807
-4.245324 2.949396 -13.789154
-4.207180 2.788895 -13.664947
-4.190479 2.661935 -13.506783
-4.183409 2.550039 -13.333368
-4.188296 2.465194 -13.148142
-4.206292 2.410005 -12.949966
-4.225630 2.358995 -12.751362
-4.260355 2.355907 -12.547823
-4.295081 2.352818 -12.344285
-4.334223 2.368587 -12.143289
-4.378722 2.407221 -11.945374
-4.423220 2.445855 -11.747458
-4.470800 2.502685 -11.555369
-4.520452 2.571738 -11.367195
-4.570102 2.640791 -11.179021
-4.621230 2.721273 -10.996182
-4.673475 2.810394 -10.817378
-4.725719 2.899516 -10.638573
-4.778633 2.993507 -10.462592
-4.832372 3.093518 -10.290102
-4.886112 3.193528 -10.117611
-4.940248 3.294372 -9.945738
-4.995211 3.396954 -9.775152
-5.050173 3.499535 -9.604568
-5.105443 3.600653 -9.433230
-5.161507 3.698005 -9.259960
-5.217570 3.795357 -9.086690
-5.273777 3.888337 -8.911202
-5.330240 3.973536 -8.731769
-5.386702 4.058734 -8.552336
-5.442408 4.134433 -8.368691
-5.497522 4.202715 -8.181761
-5.552637 4.270997 -7.994830
-5.604432 4.323874 -7.802186
-5.655604 4.373860 -7.608470
-5.705843 4.421524 -7.414033
-5.750367 4.454979 -7.215182
-5.794890 4.488436 -7.016332
-5.835797 4.516311 -6.816019
-5.871433 4.536052 -6.613575
-5.907070 4.555794 -6.411131
-5.936182 4.568152 -6.207217
-5.961249 4.575932 -6.002389
-5.986316 4.583711 -5.797562
-6.002225 4.581963 -5.591805
-6.015461 4.577435 -5.385777
-6.028698 4.572906 -5.179749
-6.030478 4.555107 -4.974106
-6.030994 4.535842 -4.768505
-6.031160 4.516082 -4.562984
-6.018583 4.478246 -4.360367
-6.006006 4.440411 -4.157751
-5.991224 4.398572 -3.956330
-5.966189 4.338120 -3.760468
-5.941153 4.277668 -3.564606
-5.912401 4.208139 -3.372824
-5.876995 4.122363 -3.188347
-5.841589 4.036587 -3.003869
-5.802414 3.936775 -2.828034
-5.760228 3.825756 -2.659101
-5.718043 3.714737 -2.490169
-5.674005 3.587241 -2.334312
-5.629313 3.453922 -2.183078
-5.584621 3.320603 -2.031844
-5.540988 3.172104 -1.895382
-5.497510 3.021396 -1.761069
-5.454031 2.870689 -1.626756
-5.413840 2.708532 -1.505460
-5.373863 2.545628 -1.385015
-5.333885 2.382723 -1.264569
-5.297680 2.212712 -1.153131
-5.261734 2.042213 -1.042310
-5.225787 1.871715 -0.931489
-5.192454 1.697702 -0.825442
-5.159466 1.523225 -0.720025
-5.126477 1.348748 -0.614608
-5.094006 1.173268 -0.510712
-5.061656 0.997550 -0.407174
-5.029306 0.821832 -0.303637
-4.995198 0.646669 -0.199732
-4.960471 0.471700 -0.095697
-4.925745 0.296732 0.008337
-4.887353 0.123197 0.113446
-4.847356 -0.049710 0.219023
-4.807360 -0.222616 0.324601
-4.762435 -0.393683 0.431127
-4.715187 -0.563881 0.538100
-4.667938 -0.734080 0.645073
-4.615423 -0.902495 0.752345
-4.560473 -1.070085 0.859756
-4.505524 -1.237676 0.967167
-4.446032 -1.404040 1.074017
-4.384521 -1.569858 1.180618
-4.323009 -1.735677 1.287219
-4.258492 -1.901159 1.392534
-4.192605 -2.066488 1.497264
-4.126720 -2.231818 1.601994
-4.059554 -2.397714 1.704988
-3.991722 -2.563905 1.807079
-3.923890 -2.730095 1.909171
-3.856005 -2.897327 2.009498
-3.788085 -3.065253 2.108650
-3.720165 -3.233178 2.207803
-3.652488 -3.402129 2.305347
-3.585038 -3.572041 2.401386
-3.517588 -3.741952 2.497426
-3.449899 -3.912456 2.592228
-3.381880 -4.083778 2.685315
-3.313862 -4.255101 2.778402
-3.244767 -4.426474 2.870577
-3.173442 -4.597952 2.960860
-3.102118 -4.769431 3.051143
-3.028853 -4.940402 3.140762
-2.950013 -5.109916 3.228469
-2.871172 -5.279429 3.316175
-2.789325 -5.447718 3.403292
-2.698101 -5.612185 3.488566
-2.606876 -5.776652 3.573841
-2.510708 -5.938420 3.658389
-2.402647 -6.093694 3.741189
-2.294586 -6.248969 3.823990
-2.178652 -6.398537 3.905802
-2.051298 -6.539827 3.986183
-1.923944 -6.681118 4.066563
-1.786110 -6.812283 4.145773
-1.640107 -6.935553 4.224072
-1.494104 -7.058823 4.302372
-1.337091 -7.167583 4.380023
-1.175719 -7.270598 4.457418
-1.014346 -7.373613 4.534813
-0.843895 -7.459666 4.612991
-0.671663 -7.542392 4.691322
-0.499432 -7.625118 4.769654
-0.321272 -7.690708 4.850670
-0.142467 -7.754433 4.931979
0.036337 -7.818159 5.013288
0.217977 -7.865928 5.098974
0.399880 -7.912213 5.185068
0.581783 -7.958498 5.271161
0.764220 -7.990421 5.362330
0.946724 -8.020554 5.454132
1.129228 -8.050687 5.545934
1.310918 -8.067987 5.642358
1.492457 -8.082896 5.739643
1.673996 -8.097804 5.836929
1.854163 -8.101274 5.937592
2.033969 -8.101732 6.039144
2.213775 -8.102190 6.140696
2.392219 -8.092501 6.243991
2.570197 -8.079331 6.347884
2.748174 -8.066162 6.451777
2.925050 -8.044154 6.555894
3.101468 -8.018464 6.660106
3.277885 -7.992773 6.764318
3.453482 -7.959642 6.867681
3.628683 -7.922922 6.970634
3.803884 -7.886201 7.073588
3.978476 -7.843586 7.175196
4.152736 -7.797743 7.276068
4.326996 -7.751900 7.376939
4.500710 -7.701765 7.476643
4.674083 -7.648958 7.575618
4.847456 -7.596151 7.674594
5.020360 -7.540680 7.772905
5.192923 -7.483280 7.870734
5.365485 -7.425879 7.968563
5.537646 -7.367341 8.066418
5.709459 -7.307817 8.164296
5.881272 -7.248292 8.262176
6.052815 -7.188972 8.360648
6.224071 -7.129867 8.459750
6.395327 -7.070762 8.558852
6.566471 -7.012887 8.658854
6.737467 -6.956632 8.760041
6.908463 -6.900376 8.861228
7.079504 -6.846070 8.963361
7.250620 -6.794960 9.067044
7.421736 -6.743852 9.170729
7.592976 -6.695125 9.275289
7.764464 -6.651184 9.381610
7.935952 -6.607243 9.487930
8.107544 -6.565934 9.595053
8.279378 -6.530848 9.704071
8.451212 -6.495762 9.813090
8.623014 -6.463464 9.922918
8.794734 -6.438362 10.034835
8.966455 -6.413260 10.146751
9.137862 -6.391153 10.259659
9.308480 -6.376651 10.375082
9.479097 -6.362150 10.490505
9.648915 -6.351131 10.607344
9.816981 -6.347746 10.727284
9.985046 -6.344362 10.847224
10.151512 -6.345321 10.969245
10.315334 -6.353455 11.094701
10.479156 -6.361588 11.220158
10.640030 -6.375584 11.348648
10.797676 -6.395996 11.480459
10.955322 -6.416407 11.612271
11.108073 -6.445073 11.747995
11.257761 -6.478906 11.886169
11.407449 -6.512740 12.024343
11.549501 -6.558202 12.166959
11.689465 -6.606845 12.310789
11.829429 -6.655489 12.454619
11.958170 -6.719808 12.602685
12.086671 -6.784462 12.750842
12.212687 -6.852164 12.899537
12.327739 -6.933307 13.050607
12.442791 -7.014450 13.201675
12.551782 -7.101707 13.353440
12.651217 -7.198603 13.506304
12.750652 -7.295499 13.659166
12.839821 -7.400307 13.812737
12.921474 -7.510907 13.966826
13.003128 -7.621507 14.120915
13.070379 -7.739728 14.276002
13.132633 -7.860594 14.431434
13.194886 -7.981461 14.586865
13.239107 -8.107431 14.744255
13.280929 -8.234082 14.901906
13.322612 -8.360736 15.059582
13.343601 -8.487844 15.220969
13.364591 -8.614952 15.382358
13.382781 -8.741322 15.544487
13.383121 -8.862980 15.711348
13.383463 -8.984637 15.878208
13.378005 -9.102891 16.047060
13.358542 -9.212924 16.220718
13.339081 -9.322956 16.394377
13.310781 -9.424456 16.571512
13.273648 -9.517426 16.752125
13.236514 -9.610394 16.932737
13.188974 -9.687943 17.117823
13.138235 -9.760751 17.304285
13.086889 -9.831948 17.491110
13.028858 -9.885427 17.681938
12.970828 -9.938906 17.872766
12.913246 -9.985930 18.065287
12.856194 -10.025339 18.259798
12.799142 -10.064747 18.454311
12.752614 -10.099581 18.652430
12.707106 -10.133971 18.850897
12.673819 -10.171875 19.050699
12.653817 -10.213599 19.251951
12.641509 -10.259137 19.452147
12.664064 -10.321963 19.647564
12.686620 -10.384789 19.842979
12.759932 -10.475102 20.013083
12.835501 -10.566638 20.182060
12.911069 -10.658175 20.351040
12.986637 -10.749710 20.520018
13.062206 -10.841246 20.688997
13.137774 -10.932782 20.857975
13.213343 -11.024318 21.026953
13.288912 -11.115854 21.195932
13.364480 -11.207390 21.364910
13.440048 -11.298925 21.533890
13.515617 -11.390462 21.702868
13.591186 -11.481997 21.871845
13.666754 -11.573534 22.040825
13.742322 -11.665070 22.209803
13.817891 -11.756605 22.378780
13.893459 -11.848142 22.547760
13.969028 -11.939677 22.716738
14.044597 -12.031213 22.885717
14.120165 -12.122749 23.054695
14.195733 -12.214285 23.223673
14.271302 -12.305821 23.392653
14.346870 -12.397357 23.561630
14.422439 -12.488893 23.730610
14.498008 -12.580429 23.899588
14.573576 -12.671965 24.068565
14.649144 -12.763501 24.237545
14.724713 -12.855037 24.406523
14.800282 -12.946572 24.575502
14.875850 -13.038109 24.744480
14.951418 -13.129644 24.913458
15.026987 -13.221180 25.082438
15.102555 -13.312716 25.251415
15.178123 -13.404252 25.420395
15.253693 -13.495789 25.589373
15.329261 -13.587324 25.758350
15.404829 -13.678860 25.927330
15.480398 -13.770396 26.096308
15.555966 -13.861932 26.265285
15.631535 -13.953468 26.434265
15.707104 -14.045004 26.603243
15.782672 -14.136539 26.772223
15.858240 -14.228076 26.941200
15.933808 -14.319612 27.110178
16.009377 -14.411147 27.279158
16.084946 -14.502684 27.448135
16.160515 -14.594219 27.617115
16.236082 -14.685756 27.786093
16.311651 -14.777291 27.955070
16.387220 -14.868827 28.124050
16.462788 -14.960363 28.293028
16.538357 -15.051899 28.462008
16.613926 -15.143435 28.630985
16.689493 -15.234971 28.799963
16.765062 -15.326507 28.968943
16.840631 -15.418043 29.137920
16.916199 -15.509579 29.306900
16.991768 -15.601114 29.475878
17.067337 -15.692651 29.644855
17.142904 -15.784186 29.813835
17.218473 -15.875723 29.982813
17.294043 -15.967258 30.151791
17.369610 -16.058794 30.320770
17.445179 -16.150330 30.489748
17.520746 -16.241867 30.658728
17.596315 -16.333403 30.827705
17.671885 -16.424938 30.996683
17.747452 -16.516474 31.165663
17.823021 -16.608009 31.334641
17.898590 -16.699545 31.503620
17.974157 -16.791082 31.672598
18.049726 -16.882618 31.841576
18.125296 -16.974154 32.010555
18.200863 -17.065689 32.179535
18.276432 -17.157225 32.348511
18.352001 -17.248762 32.517490
18.427568 -17.340298 32.686470
18.503138 -17.431833 32.855446
18.578707 -17.523369 33.024426
18.654274 -17.614904 33.193405
18.729843 -17.706442 33.362381
18.805412 -17.797977 33.531361
18.880980 -17.889513 33.700340
18.956549 -17.981049 33.869320
19.032118 -18.072584 34.038296
19.107685 -18.164122 34.207275
19.183254 -18.255657 34.376255
19.258823 -18.347193 34.545231
19.334391 -18.438728 34.714211
19.409960 -18.530264 34.883190
19.485529 -18.621801 35.052166
19.561096 -18.713337 35.221146
19.636665 -18.804873 35.390125
19.712233 -18.896408 35.559105
19.787802 -18.987944 35.728081
19.863371 -19.079479 35.897060
19.938938 -19.171017 36.066040
20.014507 -19.262552 36.235016
20.090076 -19.354088 36.403996
20.165644 -19.445623 36.572975
20.241213 -19.537159 36.741951
20.316782 -19.628696 36.910931
20.392349 -19.720232 37.079910
20.467918 -19.811768 37.248886
20.543488 -19.903303 37.417866
20.619055 -19.994839 37.586845
20.694624 -20.086376 37.755825
20.770193 -20.177912 37.924801
