#pt3d 500
6.642186 25.435644 -3.519249
6.516726 25.280655 -3.582979
6.391265 25.125666 -3.646709
6.265805 24.970676 -3.710439
6.140344 24.815687 -3.774169
6.014884 24.660698 -3.837899
5.889423 24.505709 -3.901629
5.763963 24.350719 -3.965359
5.638503 24.195730 -4.029089
5.513042 24.040741 -4.092819
5.387582 23.885752 -4.156549
5.262122 23.730762 -4.220279
5.136662 23.575773 -4.284009
5.011201 23.420784 -4.347739
4.885741 23.265795 -4.411469
4.760281 23.110806 -4.475199
4.634820 22.955816 -4.538929
4.509360 22.800827 -4.602659
4.383900 22.645838 -4.666389
4.258439 22.490849 -4.730119
4.132979 22.335859 -4.793849
4.007518 22.180870 -4.857579
3.882058 22.025881 -4.921309
3.756598 21.870892 -4.985039
3.631137 21.715902 -5.048769
3.505677 21.560913 -5.112499
3.380217 21.405924 -5.176229
3.254756 21.250935 -5.239959
3.129296 21.095945 -5.303689
3.003836 20.940956 -5.367419
2.878375 20.785967 -5.431149
2.752915 20.630978 -5.494879
2.627455 20.475988 -5.558609
2.501994 20.320999 -5.622339
2.376534 20.166010 -5.686069
2.251074 20.011021 -5.749799
2.125613 19.856031 -5.813529
2.000153 19.701042 -5.877259
1.874693 19.546053 -5.940989
1.749232 19.391064 -6.004719
1.623772 19.236074 -6.068449
1.498312 19.081085 -6.132179
1.372851 18.926096 -6.195909
1.247391 18.771107 -6.259638
1.121930 18.616117 -6.323369
0.996470 18.461128 -6.387098
0.871010 18.306139 -6.450829
0.745549 18.151150 -6.514558
0.620089 17.996161 -6.578289
0.494629 17.841171 -6.642018
0.369168 17.686182 -6.705749
0.243708 17.531193 -6.769478
0.118248 17.376204 -6.833209
-0.007213 17.221214 -6.896938
-0.132673 17.066225 -6.960668
-0.258133 16.911236 -7.024398
-0.383594 16.756247 -7.088128
-0.509054 16.601257 -7.151858
-0.634514 16.446268 -7.215588
-0.759975 16.291279 -7.279318
-0.885435 16.136290 -7.343048
-1.012501 15.977411 -7.386747
-1.141580 15.813651 -7.405311
-1.270659 15.649891 -7.423876
-1.399363 15.486194 -7.422938
-1.527612 15.322573 -7.398364
-1.655861 15.158952 -7.373789
-1.782452 14.998893 -7.330609
-1.907602 14.841932 -7.271242
-2.032752 14.684973 -7.211874
-2.156349 14.533437 -7.138285
-2.278828 14.385809 -7.054448
-2.401306 14.238182 -6.970611
-2.523501 14.095524 -6.878614
-2.645456 13.957068 -6.779717
-2.767411 13.818613 -6.680820
-2.890304 13.683294 -6.578928
-3.014512 13.552374 -6.472835
-3.138720 13.421453 -6.366743
-3.264121 13.291786 -6.260559
-3.393327 13.166117 -6.154087
-3.522532 13.040447 -6.047614
-3.652204 12.914947 -5.941536
-3.788680 12.791911 -5.841236
-3.925156 12.668876 -5.740937
-4.061633 12.545840 -5.640637
-4.206377 12.422584 -5.553060
-4.351501 12.299316 -5.466067
-4.496624 12.176049 -5.379074
-4.649944 12.049672 -5.313256
-4.803474 11.923217 -5.247980
-4.957872 11.795850 -5.187819
-5.116747 11.663793 -5.154007
-5.275622 11.531735 -5.120196
-5.433568 11.396467 -5.107723
-5.590673 11.258286 -5.114607
-5.747579 11.120044 -5.122233
-5.892582 10.978228 -5.174056
-6.037586 10.836411 -5.225878
-6.171043 10.695015 -5.300038
-6.295011 10.553964 -5.392559
-6.418553 10.412987 -5.485615
-6.518162 10.276228 -5.608898
-6.617772 10.139470 -5.732181
-6.709437 10.004766 -5.862761
-6.786307 9.873891 -6.006935
-6.863177 9.743015 -6.151109
-6.929767 9.615525 -6.302704
-6.987148 9.491066 -6.460948
-7.044529 9.366608 -6.619191
-7.091945 9.246199 -6.783415
-7.132291 9.128664 -6.951882
-7.172637 9.011128 -7.120349
-7.203447 8.898087 -7.293554
-7.227417 8.788268 -7.470157
-7.251386 8.678449 -7.646760
-7.265096 8.573611 -7.827151
-7.271445 8.472346 -8.010260
-7.277795 8.371081 -8.193368
-7.271482 8.275327 -8.379105
-7.257707 8.182818 -8.566390
-7.243930 8.090311 -8.753676
-7.213542 8.003347 -8.941366
-7.177203 7.918369 -9.129200
-7.140863 7.833390 -9.317034
-7.083924 7.752296 -9.501279
-7.024292 7.671711 -9.685054
-6.963999 7.591116 -9.868567
-6.883058 7.510244 -10.043871
-6.802116 7.429372 -10.219175
-6.719007 7.347817 -10.393000
-6.621089 7.261600 -10.556713
-6.523172 7.175382 -10.720427
-6.423645 7.087829 -10.882303
-6.314103 6.991963 -11.032749
-6.204561 6.896099 -11.183195
-6.094665 6.799549 -11.332874
-5.978565 6.690976 -11.469095
-5.862464 6.582403 -11.605315
-5.746364 6.473830 -11.741536
-5.627973 6.352110 -11.863804
-5.509323 6.228908 -11.984496
-5.390674 6.105705 -12.105189
-5.272240 5.970864 -12.212424
-5.153885 5.831780 -12.314754
-5.035530 5.692696 -12.417083
-4.918725 5.542902 -12.503945
-4.802773 5.387204 -12.582286
-4.686823 5.231506 -12.660625
-4.574440 5.063993 -12.714037
-4.463347 4.892204 -12.758427
-4.353072 4.719462 -12.798681
-4.251661 4.536384 -12.794048
-4.150250 4.353305 -12.789416
-4.062547 4.172735 -12.738312
-3.980169 3.993141 -12.669150
-3.914869 3.829566 -12.562704
-3.862533 3.678154 -12.427950
-3.825747 3.548091 -12.272282
-3.807066 3.442886 -12.092264
-3.794823 3.348267 -11.907571
-3.804950 3.290433 -11.706633
-3.815078 3.232599 -11.505694
-3.842177 3.205726 -11.300824
-3.874590 3.188546 -11.094724
-3.908467 3.174271 -10.888915
-3.958112 3.191286 -10.686259
-4.007757 3.208301 -10.483603
-4.060890 3.233144 -10.283199
-4.123850 3.280036 -10.089135
-4.186810 3.326927 -9.895072
-4.253378 3.383976 -9.705564
-4.325866 3.457688 -9.523533
-4.398354 3.531400 -9.341501
-4.473478 3.617343 -9.166585
-4.551124 3.714982 -8.998475
-4.628769 3.812622 -8.830364
-4.706428 3.924624 -8.671844
-4.784092 4.042387 -8.517172
-4.861619 4.160501 -8.362724
-4.933520 4.293062 -8.217530
-5.005422 4.425622 -8.072335
-5.071580 4.561770 -7.927910
-5.131331 4.701919 -7.784343
-5.189313 4.841820 -7.639947
-5.229620 4.979249 -7.487263
-5.269928 5.116677 -7.334580
-5.286009 5.237757 -7.164968
-5.299198 5.356884 -6.993334
-5.285849 5.444546 -6.804657
-5.267664 5.526473 -6.612874
-5.226833 5.567955 -6.412858
-5.181620 5.601611 -6.211247
-5.124299 5.603626 -6.011080
-5.062063 5.592798 -5.811498
-4.996820 5.570470 -5.614565
-4.925785 5.525988 -5.422735
-4.854749 5.481506 -5.230905
-4.780584 5.420422 -5.045309
-4.705010 5.351870 -4.862518
-4.629436 5.283318 -4.679727
-4.551526 5.200719 -4.504042
-4.473009 5.114474 -4.330202
-4.394493 5.028229 -4.156362
-4.314167 4.931427 -3.989195
-4.233206 4.830908 -3.824378
-4.152244 4.730389 -3.659561
-4.070071 4.621706 -3.500827
-3.987178 4.508173 -3.345706
-3.904285 4.394639 -3.190586
-3.821103 4.273787 -3.041508
-3.737681 4.146884 -2.897424
-3.654260 4.019981 -2.753340
-3.572160 3.884927 -2.616408
-3.491086 3.743533 -2.485037
-3.410011 3.602139 -2.353667
-3.333563 3.450224 -2.232002
-3.259129 3.293726 -2.114565
-3.184696 3.137228 -1.997128
-3.120786 2.967783 -1.892263
-3.057622 2.797421 -1.788290
-2.997802 2.624631 -1.686743
-2.949172 2.443718 -1.593313
-2.900542 2.262805 -1.499883
-2.859959 2.078640 -1.409410
-2.826470 1.891606 -1.321543
-2.792981 1.704573 -1.233677
-2.769896 1.516079 -1.145748
-2.749524 1.327203 -1.057802
-2.729153 1.138327 -0.969856
-2.718100 0.950982 -0.877109
-2.707133 0.763651 -0.784318
-2.696758 0.576781 -0.690590
-2.690765 0.393335 -0.589918
-2.684772 0.209888 -0.489246
-2.678899 0.027396 -0.386925
-2.673557 -0.150871 -0.277308
-2.668215 -0.329138 -0.167692
-2.662286 -0.506319 -0.056433
-2.654014 -0.679175 0.061363
-2.645742 -0.852031 0.179159
-2.636505 -1.024046 0.298054
-2.622916 -1.192269 0.421907
-2.609326 -1.360493 0.545760
-2.594864 -1.528300 0.670052
-2.575024 -1.693535 0.797045
-2.555184 -1.858770 0.924038
-2.534856 -2.023938 1.051030
-2.509326 -2.188396 1.178016
-2.483796 -2.352854 1.305001
-2.458153 -2.517355 1.431904
-2.428706 -2.683351 1.556008
-2.399258 -2.849346 1.680112
-2.369811 -3.015342 1.804216
-2.338889 -3.184595 1.923462
-2.307925 -3.353942 2.042568
-2.276961 -3.523290 2.161674
-2.246654 -3.696535 2.275193
-2.216406 -3.870134 2.388206
-2.186158 -4.043733 2.501219
-2.157586 -4.220907 2.608968
-2.129279 -4.398647 2.715883
-2.100973 -4.576386 2.822797
-2.073856 -4.756717 2.925575
-2.047015 -4.937649 3.027392
-2.020174 -5.118580 3.129209
-1.992547 -5.300831 3.228417
-1.964684 -5.483475 3.326847
-1.936821 -5.666119 3.425276
-1.904818 -5.848656 3.522609
-1.871481 -6.031158 3.619588
-1.838144 -6.213661 3.716567
-1.795751 -6.394107 3.813741
-1.751002 -6.574019 3.910966
-1.706253 -6.753932 4.008191
-1.645480 -6.928411 4.106456
-1.582979 -7.102304 4.204834
-1.518524 -7.275299 4.303286
-1.433333 -7.438754 4.402525
-1.348143 -7.602209 4.501765
-1.255180 -7.760916 4.600845
-1.145684 -7.909525 4.699584
-1.036188 -8.058134 4.798323
-0.914460 -8.197044 4.895863
-0.782970 -8.328215 4.992445
-0.651480 -8.459385 5.089028
-0.507240 -8.577752 5.183325
-0.358557 -8.691658 5.276826
-0.209874 -8.805563 5.370327
-0.051140 -8.906951 5.461413
0.109533 -9.005923 5.552033
0.270206 -9.104896 5.642654
0.437310 -9.194055 5.731664
0.605686 -9.281272 5.820355
0.774062 -9.368489 5.909047
0.945929 -9.448936 5.997329
1.118990 -9.527064 6.085472
1.292051 -9.605193 6.173614
1.466746 -9.678899 6.262258
1.642533 -9.749645 6.351237
1.818320 -9.820392 6.440216
1.994786 -9.888049 6.530168
2.172142 -9.951660 6.621394
2.349497 -10.015270 6.712621
2.527124 -10.076565 6.804810
2.705450 -10.131897 6.899476
2.883776 -10.187229 6.994141
3.062199 -10.240788 7.089544
3.241106 -10.285542 7.188604
3.420013 -10.330295 7.287664
3.598928 -10.373521 7.387282
3.777907 -10.404755 7.491274
3.956886 -10.435989 7.595266
4.135765 -10.465277 7.699851
4.313909 -10.480336 7.808760
4.492053 -10.495395 7.917670
4.669817 -10.507288 8.027367
4.845868 -10.504914 8.140610
5.021918 -10.502541 8.253853
5.197078 -10.495460 8.368008
5.369936 -10.476234 8.484514
5.542795 -10.457009 8.601021
5.714243 -10.432239 8.718342
5.883532 -10.398976 8.836908
6.052821 -10.365713 8.955476
6.220659 -10.327283 9.074430
6.387138 -10.284019 9.193748
6.553617 -10.240756 9.313064
6.719394 -10.193942 9.431986
6.884782 -10.145164 9.550691
7.050171 -10.096386 9.669395
7.216416 -10.046593 9.786467
7.382896 -9.996520 9.903088
7.549376 -9.946447 10.019709
7.718570 -9.898027 10.133073
7.887917 -9.849702 10.246252
8.057755 -9.801803 10.358853
8.230865 -9.756746 10.467603
8.403975 -9.711690 10.576352
8.578197 -9.667635 10.683686
8.754685 -9.625618 10.788136
8.931175 -9.583601 10.892585
9.108774 -9.542377 10.995438
9.287374 -9.501870 11.096852
9.465973 -9.461362 11.198266
9.644863 -9.420691 11.299101
9.823874 -9.379953 11.399692
10.002887 -9.339214 11.500282
10.180942 -9.297576 11.602193
10.358827 -9.255778 11.704336
10.536712 -9.213981 11.806479
10.712610 -9.172066 11.911958
10.888412 -9.130146 12.017596
11.064181 -9.088269 12.123307
11.237723 -9.049273 12.233697
11.411265 -9.010277 12.344088
11.584719 -8.971628 12.454720
11.756298 -8.940368 12.570507
11.927878 -8.909107 12.686295
12.099334 -8.878778 12.802451
12.269065 -8.861372 12.923743
12.438797 -8.843966 13.045035
12.608178 -8.828992 13.166940
12.774922 -8.832350 13.293465
12.941667 -8.835709 13.419991
13.106977 -8.845388 13.547492
13.267433 -8.876474 13.678301
13.427889 -8.907561 13.809110
13.583108 -8.952783 13.940923
13.731193 -9.017256 14.074105
13.879277 -9.081730 14.207287
14.012818 -9.171400 14.339924
14.140224 -9.271698 14.472330
14.266560 -9.373223 14.604565
14.365149 -9.506551 14.732344
14.463739 -9.639877 14.860123
14.549778 -9.782594 14.985123
14.614631 -9.941160 15.105433
14.679484 -10.099726 15.225742
14.722130 -10.268215 15.340999
14.752829 -10.442042 15.453538
14.783527 -10.615870 15.566077
14.788283 -10.794736 15.674081
14.787883 -10.974604 15.781183
14.787481 -11.154471 15.888286
14.762174 -11.332967 15.994446
14.734770 -11.511347 16.100527
14.707367 -11.689727 16.206608
14.657938 -11.860448 16.317078
14.607295 -12.030747 16.427788
14.556653 -12.201046 16.538500
14.486328 -12.356434 16.659773
14.415312 -12.511297 16.781418
14.343708 -12.665304 16.903637
14.255243 -12.794782 17.042320
14.166779 -12.924259 17.181004
14.078314 -13.053737 17.319687
13.989849 -13.183214 17.458370
13.901384 -13.312692 17.597054
13.812920 -13.442169 17.735737
13.724456 -13.571647 17.874422
13.635991 -13.701124 18.013105
13.547526 -13.830602 18.151789
13.459062 -13.960079 18.290472
13.370597 -14.089557 18.429155
13.282132 -14.219034 18.567839
13.193667 -14.348512 18.706522
13.105204 -14.477989 18.845205
13.016739 -14.607467 18.983889
12.928274 -14.736943 19.122572
12.839809 -14.866421 19.261255
12.751345 -14.995898 19.399939
12.662880 -15.125376 19.538622
12.574415 -15.254853 19.677305
12.485951 -15.384331 19.815989
12.397487 -15.513808 19.954672
12.309022 -15.643286 20.093355
12.220557 -15.772763 20.232038
12.132092 -15.902241 20.370722
12.043628 -16.031717 20.509405
11.955163 -16.161196 20.648088
11.866699 -16.290672 20.786772
11.778234 -16.420151 20.925455
11.689770 -16.549627 21.064138
11.601305 -16.679106 21.202822
11.512840 -16.808582 21.341505
11.424376 -16.938061 21.480188
11.335911 -17.067537 21.618872
11.247447 -17.197016 21.757555
11.158982 -17.326492 21.896238
11.070518 -17.455971 22.034922
10.982053 -17.585447 22.173605
10.893588 -17.714926 22.312288
10.805123 -17.844402 22.450972
10.716659 -17.973881 22.589655
10.628195 -18.103357 22.728338
10.539730 -18.232834 22.867022
10.451265 -18.362312 23.005705
10.362801 -18.491789 23.144388
10.274336 -18.621267 23.283072
10.185871 -18.750744 23.421755
10.097406 -18.880222 23.560438
10.008943 -19.009699 23.699121
9.920478 -19.139177 23.837805
9.832013 -19.268654 23.976488
9.743548 -19.398132 24.115171
9.655084 -19.527609 24.253857
9.566619 -19.657087 24.392540
9.478155 -19.786564 24.531223
9.389690 -19.916042 24.669907
9.301226 -20.045519 24.808590
9.212761 -20.174997 24.947273
9.124296 -20.304474 25.085957
9.035831 -20.433950 25.224640
8.947367 -20.563429 25.363323
8.858903 -20.692905 25.502007
8.770438 -20.822384 25.640690
8.681973 -20.951860 25.779373
8.593509 -21.081339 25.918056
8.505044 -21.210815 26.056740
8.416579 -21.340294 26.195423
8.328115 -21.469770 26.334106
8.239651 -21.599249 26.472790
8.151186 -21.728725 26.611473
8.062721 -21.858204 26.750156
7.974257 -21.987680 26.888840
7.885792 -22.117159 27.027523
7.797328 -22.246635 27.166206
7.708863 -22.376114 27.304890
7.620398 -22.505590 27.443573
7.531933 -22.635067 27.582256
7.443469 -22.764545 27.720940
7.355004 -22.894022 27.859623
7.266540 -23.023500 27.998306
7.178075 -23.152977 28.136990
7.089611 -23.282455 28.275673
7.001146 -23.411932 28.414356
6.912681 -23.541410 28.553040
6.824217 -23.670887 28.691723
6.735752 -23.800365 28.830406
6.647287 -23.929842 28.969090
6.558823 -24.059320 29.107773
6.470358 -24.188797 29.246456
6.381894 -24.318275 29.385139
6.293429 -24.447752 29.523823
6.204965 -24.577230 29.662506
6.116500 -24.706707 29.801189
6.028035 -24.836184 29.939873
5.939571 -24.965662 30.078556
5.851106 -25.095139 30.217239
5.762641 -25.224617 30.355923
5.674177 -25.354094 30.494606
5.585712 -25.483572 30.633291
5.497248 -25.613049 30.771975
5.408783 -25.742527 30.910658
5.320319 -25.872004 31.049341
5.231854 -26.001482 31.188025
5.143389 -26.130959 31.326708
5.054925 -26.260437 31.465391
4.966460 -26.389914 31.604074
