#pt3d 500
4.761901 19.473141 -13.409871
4.627131 19.414455 -13.283209
4.492362 19.355770 -13.156547
4.357594 19.297085 -13.029884
4.222825 19.238398 -12.903222
4.088055 19.179712 -12.776561
3.953286 19.121027 -12.649899
3.818517 19.062342 -12.523236
3.683748 19.003654 -12.396574
3.548979 18.944969 -12.269912
3.414210 18.886284 -12.143250
3.279441 18.827599 -12.016588
3.144672 18.768913 -11.889926
3.009903 18.710226 -11.763264
2.875134 18.651541 -11.636601
2.740365 18.592855 -11.509939
2.605595 18.534170 -11.383278
2.470826 18.475483 -11.256616
2.336057 18.416798 -11.129953
2.201288 18.358112 -11.003291
2.066519 18.299427 -10.876629
1.931750 18.240740 -10.749967
1.796981 18.182055 -10.623305
1.662212 18.123369 -10.496643
1.527443 18.064684 -10.369981
1.392674 18.005999 -10.243319
1.257905 17.947311 -10.116656
1.123135 17.888626 -9.989995
0.988366 17.829941 -9.863333
0.853597 17.771255 -9.736670
0.718828 17.712568 -9.610008
0.584059 17.653883 -9.483346
0.449290 17.595198 -9.356684
0.314521 17.536512 -9.230022
0.179752 17.477825 -9.103360
0.044983 17.419140 -8.976698
-0.089786 17.360455 -8.850036
-0.224556 17.301769 -8.723373
-0.359325 17.243084 -8.596712
-0.494094 17.184397 -8.470050
-0.628863 17.125711 -8.343388
-0.763632 17.067026 -8.216725
-0.898401 17.008341 -8.090063
-1.033170 16.949654 -7.963401
-1.167939 16.890968 -7.836739
-1.302708 16.832283 -7.710077
-1.437477 16.773598 -7.583415
-1.572246 16.714912 -7.456753
-1.707016 16.656225 -7.330091
-1.841785 16.597540 -7.203429
-1.976554 16.538855 -7.076766
-2.111323 16.480169 -6.950105
-2.246092 16.421482 -6.823442
-2.380861 16.362797 -6.696780
-2.515630 16.304111 -6.570118
-2.650399 16.245426 -6.443456
-2.785168 16.186739 -6.316794
-2.919937 16.128054 -6.190132
-3.054706 16.069368 -6.063470
-3.189476 16.010683 -5.936808
-3.324244 15.951997 -5.810146
-3.459014 15.893312 -5.683484
-3.593783 15.834625 -5.556822
-3.728552 15.775940 -5.430160
-3.863321 15.717254 -5.303497
-4.000375 15.647027 -5.187908
-4.142450 15.551444 -5.096648
-4.284525 15.455860 -5.005387
-4.425651 15.342867 -4.938065
-4.566307 15.221261 -4.882587
-4.706875 15.099407 -4.827582
-4.842474 14.963475 -4.799554
-4.978072 14.827543 -4.771525
-5.112616 14.690001 -4.747763
-5.244010 14.547649 -4.736732
-5.375404 14.405298 -4.725700
-5.506247 14.262307 -4.717475
-5.636061 14.118122 -4.714474
-5.765876 13.973938 -4.711473
-5.896069 13.830090 -4.708917
-6.026973 13.686872 -4.707198
-6.157876 13.543654 -4.705478
-6.289737 13.401355 -4.702738
-6.423733 13.261106 -4.697720
-6.557729 13.120856 -4.692701
-6.693078 12.982044 -4.685877
-6.831342 12.846331 -4.675162
-6.969606 12.710617 -4.664446
-7.110087 12.577520 -4.651089
-7.253154 12.447476 -4.634649
-7.396222 12.317432 -4.618210
-7.543554 12.192616 -4.599381
-7.691704 12.068804 -4.580095
-7.842736 11.948244 -4.563253
-7.996211 11.830442 -4.548485
-8.152495 11.715917 -4.546693
-8.309570 11.604185 -4.559740
-8.462151 11.497723 -4.614829
-8.578607 11.406512 -4.740343
-8.647088 11.331823 -4.905006
-8.690721 11.261768 -5.079900
-8.723019 11.192980 -5.258380
-8.741347 11.120193 -5.437311
-8.758704 11.046382 -5.615874
-8.768893 10.965012 -5.791729
-8.779081 10.883642 -5.967585
-8.783928 10.794035 -6.139554
-8.787634 10.702669 -6.310693
-8.789284 10.608495 -6.480219
-8.785436 10.506807 -6.645431
-8.781588 10.405121 -6.810643
-8.772364 10.297832 -6.971861
-8.758721 10.185937 -7.129796
-8.745078 10.074042 -7.287731
-8.722548 9.955027 -7.439107
-8.696777 9.833415 -7.588092
-8.671007 9.711802 -7.737076
-8.633199 9.582587 -7.876662
-8.593749 9.452335 -8.014966
-8.554074 9.321971 -8.153079
-8.500790 9.184841 -8.279594
-8.447504 9.047711 -8.406110
-8.392463 8.909922 -8.530995
-8.326617 8.768065 -8.645848
-8.260772 8.626210 -8.760702
-8.192510 8.483728 -8.873174
-8.116282 8.339182 -8.977797
-8.040054 8.194636 -9.082419
-7.961636 8.049774 -9.184837
-7.877385 7.904071 -9.281389
-7.793134 7.758368 -9.377941
-7.707404 7.612604 -9.473019
-7.617092 7.466654 -9.563532
-7.526781 7.320704 -9.654045
-7.435811 7.174770 -9.743890
-7.340777 7.028928 -9.829614
-7.245743 6.883086 -9.915339
-7.150709 6.737244 -10.001062
-7.051799 6.591384 -10.082244
-6.952759 6.445523 -10.163274
-6.853719 6.299663 -10.244305
-6.751835 6.153419 -10.320942
-6.649037 6.007051 -10.396169
-6.546239 5.860682 -10.471395
-6.441306 5.713623 -10.542048
-6.334672 5.566012 -10.609058
-6.228039 5.418402 -10.676069
-6.119615 5.269894 -10.737695
-6.008920 5.120248 -10.792494
-5.898225 4.970603 -10.847293
-5.785445 4.819718 -10.892810
-5.670569 4.667588 -10.929007
-5.555694 4.515459 -10.965203
-5.437967 4.362134 -10.977759
-5.319616 4.208549 -10.985142
-5.201404 4.056842 -10.971874
-5.083347 3.907254 -10.935320
-4.970363 3.765943 -10.872478
-4.863620 3.634818 -10.777282
-4.774623 3.527669 -10.646582
-4.695249 3.433522 -10.496628
-4.644454 3.373790 -10.320395
-4.598371 3.319731 -10.139829
-4.576357 3.290184 -9.949810
-4.557860 3.264218 -9.758411
-4.551597 3.246941 -9.565652
-4.553735 3.235631 -9.371957
-4.556301 3.224445 -9.178280
-4.574670 3.217888 -8.985227
-4.593040 3.211331 -8.792173
-4.614669 3.204184 -8.599571
-4.646744 3.195145 -8.408419
-4.678818 3.186106 -8.217265
-4.714516 3.174582 -8.027006
-4.758194 3.157584 -7.838716
-4.801873 3.140587 -7.650425
-4.848460 3.119417 -7.463405
-4.900873 3.089891 -7.278930
-4.953286 3.060365 -7.094455
-5.007304 3.024743 -6.911724
-5.064034 2.978811 -6.731940
-5.120765 2.932879 -6.552157
-5.176510 2.877438 -6.375059
-5.231208 2.811878 -6.200818
-5.285905 2.746318 -6.026576
-5.333433 2.665425 -5.857107
-5.377999 2.578198 -5.689610
-5.421663 2.489958 -5.522525
-5.447569 2.381762 -5.363551
-5.473475 2.273567 -5.204577
-5.487463 2.157360 -5.050634
-5.488491 2.032440 -4.902162
-5.489518 1.907521 -4.753689
-5.466092 1.773441 -4.615583
-5.441102 1.638775 -4.478140
-5.408081 1.502940 -4.344074
-5.361048 1.365064 -4.215902
-5.314015 1.227189 -4.087729
-5.256237 1.089749 -3.963767
-5.193999 0.952491 -3.841552
-5.131761 0.815232 -3.719336
-5.062115 0.679252 -3.599728
-4.992143 0.543328 -3.480235
-4.922061 0.407389 -3.360824
-4.851304 0.271355 -3.241920
-4.780547 0.135320 -3.123017
-4.711313 -0.001517 -3.004169
-4.645821 -0.140328 -2.885458
-4.580329 -0.279139 -2.766747
-4.519246 -0.420349 -2.648652
-4.463714 -0.564580 -2.531333
-4.408183 -0.708811 -2.414014
-4.360414 -0.857349 -2.298894
-4.317468 -1.008564 -2.185141
-4.274521 -1.159778 -2.071388
-4.241525 -1.316529 -1.962049
-4.210890 -1.474594 -1.853758
-4.180255 -1.632659 -1.745467
-4.158723 -1.796075 -1.643086
-4.137191 -1.959490 -1.540705
-4.116315 -2.123460 -1.439109
-4.098505 -2.290017 -1.341174
-4.080694 -2.456575 -1.243238
-4.062017 -2.623378 -1.145895
-4.041630 -2.790667 -1.049724
-4.021243 -2.957955 -0.953553
-3.996628 -3.124278 -0.856803
-3.967539 -3.289578 -0.759439
-3.938450 -3.454878 -0.662075
-3.900677 -3.617031 -0.562683
-3.857978 -3.777400 -0.462141
-3.815279 -3.937768 -0.361598
-3.759478 -4.091994 -0.258191
-3.700221 -4.244600 -0.154027
-3.640965 -4.397206 -0.049863
-3.565587 -4.540774 0.056587
-3.489053 -4.683694 0.163200
-3.411786 -4.826149 0.269832
-3.318914 -4.958723 0.376833
-3.226043 -5.091296 0.483834
-3.131478 -5.222717 0.590621
-3.024009 -5.345366 0.695777
-2.916540 -5.468014 0.800934
-2.807188 -5.589317 0.905551
-2.686929 -5.702835 1.007048
-2.566670 -5.816352 1.108545
-2.444723 -5.928566 1.209335
-2.313291 -6.033456 1.306153
-2.181859 -6.138347 1.402970
-2.049014 -6.241964 1.499104
-1.907835 -6.338070 1.591203
-1.766657 -6.434176 1.683302
-1.624251 -6.528868 1.774854
-1.474690 -6.615313 1.863221
-1.325128 -6.701757 1.951588
-1.174391 -6.786334 2.039625
-1.017880 -6.861738 2.126047
-0.861370 -6.937141 2.212469
-0.703673 -7.009770 2.298926
-0.541796 -7.072616 2.385506
-0.379918 -7.135461 2.472087
-0.216940 -7.194173 2.559252
-0.051406 -7.243285 2.647774
0.114129 -7.292397 2.736297
0.280454 -7.335930 2.825970
0.447965 -7.371095 2.917368
0.615475 -7.406261 3.008766
0.783321 -7.434910 3.101573
0.951498 -7.457119 3.195771
1.119674 -7.479328 3.289970
1.287845 -7.495182 3.385304
1.456012 -7.506682 3.481416
1.624180 -7.518183 3.577528
1.792336 -7.524538 3.674065
1.960487 -7.528250 3.770820
2.128638 -7.531962 3.867574
2.297069 -7.532389 3.963887
2.465619 -7.531426 4.060013
2.634168 -7.530464 4.156138
2.803355 -7.527956 4.251101
2.972786 -7.524860 4.345620
3.142216 -7.521764 4.440138
3.312522 -7.518329 4.533051
3.483143 -7.514772 4.625387
3.653764 -7.511215 4.717723
3.825221 -7.507555 4.808485
3.996961 -7.503860 4.898717
4.168701 -7.500165 4.988949
4.341045 -7.495594 5.077977
4.513568 -7.490763 5.166646
4.686091 -7.485932 5.255316
4.858790 -7.478598 5.343464
5.031528 -7.470690 5.431491
5.204267 -7.462782 5.519519
5.376513 -7.450145 5.607943
5.548691 -7.436869 5.696420
5.720870 -7.423592 5.784897
5.891636 -7.403491 5.874806
6.062364 -7.383205 5.964754
6.232903 -7.362286 6.054885
6.401426 -7.334570 6.146982
6.569949 -7.306855 6.239079
6.737937 -7.277890 6.331722
6.903868 -7.244114 6.426465
7.069798 -7.210340 6.521208
7.234917 -7.175500 6.616949
7.398347 -7.138450 6.714764
7.561778 -7.101399 6.812579
7.724272 -7.064456 6.911960
7.885554 -7.027652 7.013367
8.046837 -6.990848 7.114774
8.207108 -6.956063 7.218431
8.366507 -6.923018 7.324023
8.525906 -6.889971 7.429616
8.684092 -6.860906 7.538094
8.841558 -6.834198 7.648279
8.999026 -6.807489 7.758464
9.154872 -6.786378 7.872031
9.310052 -6.767570 7.986989
9.465232 -6.748762 8.101948
9.618465 -6.736139 8.220247
9.771133 -6.725314 8.339518
9.923801 -6.714489 8.458787
10.074510 -6.709641 8.580868
10.224804 -6.706052 8.703541
10.375098 -6.702464 8.826214
10.524133 -6.704176 8.950435
10.672969 -6.706722 9.074900
10.821804 -6.709269 9.199364
10.970749 -6.716792 9.323485
11.119705 -6.724876 9.447569
11.268661 -6.732961 9.571651
11.419401 -6.746464 9.693072
11.570243 -6.760276 9.814341
11.721158 -6.774246 9.935492
11.875295 -6.795126 10.051492
12.029431 -6.816006 10.167492
12.184072 -6.838206 10.282495
12.341736 -6.868330 10.391511
12.499399 -6.898455 10.500527
12.657763 -6.932290 10.607218
12.817664 -6.974273 10.708801
12.977564 -7.016257 10.810385
13.137101 -7.065747 10.908825
13.296320 -7.121821 11.004507
13.455539 -7.177895 11.100190
13.610867 -7.246373 11.193948
13.765214 -7.317976 11.287222
13.918450 -7.391361 11.380749
14.062778 -7.479042 11.476307
14.207107 -7.566723 11.571866
14.344004 -7.661670 11.670655
14.472445 -7.764886 11.773121
14.600887 -7.868102 11.875587
14.710644 -7.983286 11.986251
14.817414 -8.100384 12.098226
14.917125 -8.220530 12.212667
14.997798 -8.348893 12.333764
15.078472 -8.477258 12.454861
15.140931 -8.611135 12.579871
15.193832 -8.747906 12.706935
15.246734 -8.884676 12.833999
15.273574 -9.027606 12.962398
15.299881 -9.170661 13.090822
15.321067 -9.314855 13.218526
15.323736 -9.463161 13.343617
15.326406 -9.611467 13.468710
15.321827 -9.761569 13.591130
15.304363 -9.914862 13.708801
15.286900 -10.068154 13.826472
15.262399 -10.223599 13.939533
15.228212 -10.382006 14.046250
15.194025 -10.540413 14.152966
15.154039 -10.701056 14.253678
15.106132 -10.864755 14.346187
15.058223 -11.028453 14.438694
15.005934 -11.194221 14.524291
14.946864 -11.363193 14.599185
14.887794 -11.532165 14.674080
14.825658 -11.702853 14.741365
14.757977 -11.876648 14.794888
14.690295 -12.050442 14.848412
14.620627 -12.225412 14.893414
14.546970 -12.402745 14.921303
14.473313 -12.580078 14.949192
14.398768 -12.757744 14.967315
14.322384 -12.936100 14.965198
14.245999 -13.114456 14.963080
14.169615 -13.292812 14.960964
14.093230 -13.471169 14.958847
14.016846 -13.649525 14.956730
13.940462 -13.827881 14.954614
13.864078 -14.006237 14.952497
13.787693 -14.184593 14.950379
13.711308 -14.362949 14.948263
13.634924 -14.541306 14.946146
13.558539 -14.719663 14.944029
13.482156 -14.898019 14.941913
13.405771 -15.076375 14.939795
13.329387 -15.254731 14.937678
13.253002 -15.433087 14.935562
13.176618 -15.611444 14.933445
13.100234 -15.789800 14.931328
13.023849 -15.968156 14.929212
12.947465 -16.146513 14.927094
12.871080 -16.324869 14.924977
12.794696 -16.503225 14.922861
12.718311 -16.681581 14.920744
12.641928 -16.859938 14.918628
12.565543 -17.038294 14.916511
12.489159 -17.216650 14.914393
12.412774 -17.395006 14.912277
12.336390 -17.573362 14.910160
12.260005 -17.751719 14.908043
12.183621 -17.930075 14.905927
12.107237 -18.108431 14.903810
12.030852 -18.286787 14.901692
11.954468 -18.465143 14.899576
11.878083 -18.643499 14.897459
11.801699 -18.821856 14.895342
11.725315 -19.000212 14.893226
11.648931 -19.178568 14.891109
11.572546 -19.356924 14.888991
11.496161 -19.535280 14.886875
11.419777 -19.713636 14.884758
11.343392 -19.891994 14.882641
11.267009 -20.070351 14.880525
11.190624 -20.248707 14.878407
11.114240 -20.427063 14.876291
11.037855 -20.605419 14.874174
10.961471 -20.783775 14.872057
10.885087 -20.962132 14.869941
10.808702 -21.140488 14.867824
10.732318 -21.318844 14.865706
10.655933 -21.497200 14.863590
10.579549 -21.675556 14.861473
10.503164 -21.853912 14.859356
10.426781 -22.032269 14.857240
10.350396 -22.210625 14.855123
10.274012 -22.388981 14.853005
10.197627 -22.567337 14.850889
10.121243 -22.745693 14.848772
10.044858 -22.924049 14.846655
9.968474 -23.102406 14.844539
9.892090 -23.280762 14.842422
9.815705 -23.459118 14.840304
9.739321 -23.637474 14.838188
9.662936 -23.815830 14.836071
9.586552 -23.994188 14.833954
9.510168 -24.172544 14.831838
9.433784 -24.350901 14.829720
9.357399 -24.529257 14.827604
9.281014 -24.707613 14.825487
9.204630 -24.885969 14.823370
9.128245 -25.064325 14.821254
9.051862 -25.242682 14.819137
8.975477 -25.421038 14.817019
8.899093 -25.599394 14.814903
8.822708 -25.777750 14.812786
8.746324 -25.956106 14.810669
8.669940 -26.134462 14.808553
8.593555 -26.312819 14.806436
8.517171 -26.491175 14.804318
8.440786 -26.669531 14.802202
8.364402 -26.847887 14.800085
8.288017 -27.026243 14.797968
8.211634 -27.204599 14.795852
8.135249 -27.382956 14.793735
8.058865 -27.561312 14.791617
7.982480 -27.739668 14.789501
7.906096 -27.918024 14.787384
7.829711 -28.096380 14.785268
7.753327 -28.274738 14.783151
7.676943 -28.453094 14.781034
7.600558 -28.631451 14.778917
7.524174 -28.809807 14.776800
7.447790 -28.988163 14.774683
7.371405 -29.166519 14.772567
7.295021 -29.344875 14.770450
7.218637 -29.523232 14.768332
7.142252 -29.701588 14.766216
7.065867 -29.879944 14.764099
6.989483 -30.058300 14.761982
6.913099 -30.236656 14.759866
6.836714 -30.415012 14.757749
6.760330 -30.593369 14.755631
6.683946 -30.771725 14.753515
6.607561 -30.950081 14.751398
6.531177 -31.128437 14.749281
6.454792 -31.306793 14.747165
6.378408 -31.485149 14.745048
6.302024 -31.663506 14.742930
6.225639 -31.841862 14.740814
6.149255 -32.020218 14.738697
6.072871 -32.198574 14.736581
5.996486 -32.376930 14.734464
5.920102 -32.555286 14.732347
5.843718 -32.733643 14.730230
5.767333 -32.911999 14.728113
5.690948 -33.090355 14.725996
