#pt3d 500
1.905197 26.525803 -11.926312
1.828211 26.388412 -11.783312
1.751226 26.251022 -11.640312
1.674240 26.113634 -11.497313
1.597254 25.976244 -11.354312
1.520269 25.838854 -11.211312
1.443283 25.701464 -11.068313
1.366297 25.564074 -10.925312
1.289312 25.426683 -10.782312
1.212326 25.289293 -10.639313
1.135340 25.151903 -10.496312
1.058354 25.014515 -10.353312
0.981369 24.877125 -10.210313
0.904383 24.739735 -10.067313
0.827397 24.602345 -9.924313
0.750412 24.464954 -9.781313
0.673426 24.327564 -9.638313
0.596440 24.190174 -9.495313
0.519455 24.052784 -9.352313
0.442469 23.915396 -9.209313
0.365483 23.778006 -9.066313
0.288498 23.640615 -8.923313
0.211512 23.503225 -8.780313
0.134526 23.365835 -8.637313
0.057541 23.228445 -8.494313
-0.019445 23.091055 -8.351314
-0.096431 22.953665 -8.208313
-0.173416 22.816275 -8.065313
-0.250402 22.678886 -7.922313
-0.327388 22.541496 -7.779314
-0.404373 22.404106 -7.636313
-0.481359 22.266716 -7.493313
-0.558345 22.129326 -7.350314
-0.635330 21.991936 -7.207314
-0.712316 21.854546 -7.064313
-0.789302 21.717155 -6.921314
-0.866288 21.579767 -6.778314
-0.943273 21.442377 -6.635314
-1.020259 21.304987 -6.492314
-1.097245 21.167597 -6.349314
-1.174230 21.030207 -6.206314
-1.251216 20.892817 -6.063314
-1.328202 20.755426 -5.920314
-1.405187 20.618036 -5.777314
-1.482173 20.480648 -5.634314
-1.559159 20.343258 -5.491314
-1.636144 20.205868 -5.348314
-1.713130 20.068478 -5.205314
-1.790116 19.931087 -5.062314
-1.867101 19.793697 -4.919314
-1.944087 19.656307 -4.776314
-2.021073 19.518917 -4.633314
-2.098058 19.381527 -4.490314
-2.175044 19.244139 -4.347314
-2.252030 19.106749 -4.204314
-2.329015 18.969358 -4.061315
-2.406001 18.831968 -3.918314
-2.482987 18.694578 -3.775315
-2.559973 18.557188 -3.632314
-2.636958 18.419798 -3.489315
-2.742403 18.265133 -3.391222
-2.853218 18.107208 -3.301602
-2.968863 17.948101 -3.223954
-3.099846 17.785238 -3.184321
-3.230830 17.622375 -3.144687
-3.367350 17.461407 -3.125745
-3.507990 17.301846 -3.122194
-3.648629 17.142284 -3.118644
-3.792801 16.986794 -3.132416
-3.938036 16.832525 -3.151397
-4.083270 16.678259 -3.170379
-4.230808 16.528002 -3.200083
-4.378766 16.378475 -3.231737
-4.526723 16.228947 -3.263392
-4.676537 16.082602 -3.300593
-4.826626 15.936728 -3.338617
-4.976716 15.790854 -3.376641
-5.128555 15.647615 -3.417601
-5.280545 15.504604 -3.458814
-5.432642 15.361765 -3.500216
-5.586362 15.221544 -3.544486
-5.740083 15.081323 -3.588757
-5.894355 14.942409 -3.635046
-6.049706 14.806047 -3.685282
-6.205056 14.669685 -3.735517
-6.361594 14.538349 -3.794402
-6.518493 14.408542 -3.855920
-6.675727 14.282286 -3.922992
-6.833654 14.163355 -4.001518
-6.991581 14.044423 -4.080043
-7.149199 13.940510 -4.177953
-7.306806 13.837194 -4.276634
-7.463117 13.744580 -4.386502
-7.618514 13.659514 -4.504261
-7.773491 13.576344 -4.623688
-7.925027 13.508700 -4.756778
-8.076564 13.441056 -4.889868
-8.225702 13.379938 -5.028373
-8.372060 13.326392 -5.173163
-8.518417 13.272846 -5.317954
-8.660530 13.225535 -5.468825
-8.800150 13.181889 -5.623269
-8.939771 13.138242 -5.777713
-9.073513 13.098274 -5.938091
-9.203985 13.060354 -6.101770
-9.334456 13.022435 -6.265449
-9.457505 12.985458 -6.434795
-9.575031 12.949182 -6.608356
-9.692557 12.912906 -6.781917
-9.800453 12.875250 -6.961012
-9.899333 12.836303 -7.145288
-9.998213 12.797355 -7.329564
-10.082126 12.754156 -7.519639
-10.154330 12.707631 -7.714251
-10.226535 12.661107 -7.908863
-10.270909 12.604855 -8.108474
-10.306759 12.545623 -8.309616
-10.336812 12.484245 -8.510433
-10.328476 12.408660 -8.709102
-10.320140 12.333074 -8.907770
-10.285453 12.247758 -9.097969
-10.232585 12.155728 -9.282326
-10.178493 12.063250 -9.465925
-10.089494 11.957955 -9.627925
-10.000495 11.852661 -9.789926
-9.902962 11.744085 -9.943775
-9.789467 11.629374 -10.082382
-9.675972 11.514662 -10.220990
-9.555402 11.396881 -10.350124
-9.426943 11.275680 -10.468700
-9.298484 11.154478 -10.587276
-9.166412 11.031495 -10.699528
-9.028945 10.905852 -10.802329
-8.891477 10.780209 -10.905130
-8.752992 10.654081 -11.005813
-8.609491 10.525567 -11.096054
-8.465991 10.397052 -11.186296
-8.322492 10.268538 -11.276537
-8.174767 10.138688 -11.357455
-8.026226 10.008580 -11.436571
-7.877685 9.878472 -11.515686
-7.726672 9.748020 -11.589088
-7.573028 9.617202 -11.656405
-7.419383 9.486384 -11.723723
-7.264719 9.355486 -11.788206
-7.105722 9.224249 -11.840633
-6.946725 9.093012 -11.893061
-6.787543 8.961742 -11.944675
-6.623789 8.829687 -11.976259
-6.460035 8.697631 -12.007843
-6.296093 8.565421 -12.036321
-6.130520 8.431872 -12.037741
-5.964947 8.298324 -12.039160
-5.801965 8.164289 -12.022484
-5.642435 8.029611 -11.981699
-5.483057 7.894950 -11.940536
-5.344194 7.762990 -11.848040
-5.205332 7.631029 -11.755545
-5.094169 7.506305 -11.626611
-4.992224 7.383989 -11.485551
-4.911648 7.268607 -11.328445
-4.852499 7.160179 -11.155252
-4.797031 7.052926 -10.980558
-4.774640 6.956228 -10.792410
-4.752249 6.859531 -10.604260
-4.742672 6.765724 -10.414089
-4.747255 6.675110 -10.221684
-4.751837 6.584496 -10.029279
-4.768263 6.493909 -9.837718
-4.791472 6.403339 -9.646642
-4.814681 6.312769 -9.455565
-4.846063 6.218679 -9.267505
-4.881802 6.122715 -9.081050
-4.917542 6.026750 -8.894595
-4.958272 5.924869 -8.712487
-5.002154 5.819255 -8.533123
-5.046036 5.713641 -8.353758
-5.092744 5.600592 -8.179899
-5.141365 5.482512 -8.009767
-5.189985 5.364432 -7.839635
-5.239751 5.237627 -7.676452
-5.290126 5.106184 -7.516963
-5.340500 4.974741 -7.357473
-5.389812 4.833335 -7.206535
-5.438864 4.689498 -7.057684
-5.487703 4.545218 -6.909220
-5.532046 4.391571 -6.768942
-5.576389 4.237922 -6.628665
-5.617693 4.081936 -6.490165
-5.653627 3.921817 -6.354804
-5.689560 3.761698 -6.219444
-5.716842 3.599369 -6.084807
-5.740928 3.436223 -5.950438
-5.763265 3.273033 -5.815901
-5.773349 3.109530 -5.680192
-5.783432 2.946028 -5.544482
-5.786433 2.782893 -5.408169
-5.782664 2.620110 -5.271277
-5.778894 2.457327 -5.134386
-5.765372 2.294202 -4.998580
-5.750231 2.131020 -4.862955
-5.734004 1.967378 -4.728054
-5.711353 1.801012 -4.597435
-5.688703 1.634647 -4.466816
-5.664728 1.465931 -4.339616
-5.638525 1.293256 -4.218172
-5.612321 1.120581 -4.096728
-5.585824 0.943303 -3.982432
-5.559092 0.762316 -3.873893
-5.532359 0.581329 -3.765353
-5.506196 0.394486 -3.667399
-5.480276 0.205164 -3.573925
-5.454355 0.015843 -3.480452
-5.428598 -0.178955 -3.399179
-5.402876 -0.374879 -3.320413
-5.377153 -0.570802 -3.241648
-5.349279 -0.770394 -3.173602
-5.321277 -0.970204 -3.106196
-5.292898 -1.170068 -3.039139
-5.258836 -1.370751 -2.977350
-5.224775 -1.571434 -2.915561
-5.188585 -1.771614 -2.853500
-5.144193 -1.969851 -2.790390
-5.099801 -2.168089 -2.727279
-5.049932 -2.363849 -2.661156
-4.991520 -2.555746 -2.590335
-4.933108 -2.747642 -2.519513
-4.864992 -2.933192 -2.441634
-4.790661 -3.114677 -2.359235
-4.716330 -3.296163 -2.276835
-4.629135 -3.466673 -2.184654
-4.539320 -3.634946 -2.090479
-4.449388 -3.803104 -1.996228
-4.346053 -3.957878 -1.893182
-4.242718 -4.112653 -1.790135
-4.138125 -4.266144 -1.686577
-4.023323 -4.409213 -1.578858
-3.908520 -4.552282 -1.471140
-3.792395 -4.694135 -1.363330
-3.667341 -4.827765 -1.254905
-3.542286 -4.961395 -1.146480
-3.416340 -5.094300 -1.038260
-3.281272 -5.219787 -0.932138
-3.146205 -5.345273 -0.826017
-3.010842 -5.470516 -0.720011
-2.865280 -5.587369 -0.617987
-2.719718 -5.704222 -0.515962
-2.574156 -5.821074 -0.413938
-2.417625 -5.927173 -0.316525
-2.260941 -6.033121 -0.219177
-2.104256 -6.139070 -0.121828
-1.936458 -6.230711 -0.028584
-1.768561 -6.322224 0.064623
-1.600150 -6.412821 0.157688
-1.422289 -6.486560 0.248131
-1.244429 -6.560299 0.338573
-1.065464 -6.631087 0.428892
-0.880379 -6.685502 0.518527
-0.695294 -6.739918 0.608161
-0.509242 -6.789629 0.698162
-0.320490 -6.826212 0.789190
-0.131738 -6.862797 0.880218
0.057153 -6.894672 0.972479
0.246301 -6.917870 1.067013
0.435449 -6.941069 1.161547
0.623834 -6.961413 1.258134
0.811048 -6.977376 1.357874
0.998261 -6.993339 1.457614
1.184178 -7.008962 1.559746
1.368029 -7.024046 1.665683
1.551882 -7.039130 1.771620
1.734322 -7.055708 1.879671
1.913946 -7.075265 1.991940
2.093571 -7.094823 2.104209
2.271998 -7.116418 2.217904
2.446870 -7.144069 2.335832
2.621742 -7.171720 2.453760
2.795860 -7.200808 2.572383
2.965836 -7.237791 2.694826
3.135811 -7.274775 2.817269
3.305537 -7.312212 2.939900
3.471047 -7.357290 3.065702
3.636557 -7.402368 3.191504
3.802068 -7.447446 3.317306
3.964320 -7.496966 3.445652
4.126498 -7.546587 3.574057
4.288676 -7.596209 3.702461
4.449339 -7.644927 3.833095
4.609914 -7.693592 3.963859
4.770489 -7.742257 4.094623
4.931325 -7.783152 4.227702
5.092166 -7.823934 4.360815
5.253187 -7.862894 4.494161
5.415530 -7.888537 4.629212
5.577873 -7.914181 4.764264
5.740702 -7.932632 4.899540
5.904451 -7.937491 5.035240
6.068200 -7.942351 5.170940
6.232056 -7.933311 5.305876
6.395974 -7.916123 5.440364
6.559893 -7.898935 5.574852
6.722966 -7.865045 5.707088
6.885967 -7.829735 5.839131
7.048834 -7.792637 5.970790
7.211057 -7.747014 6.100613
7.373280 -7.701390 6.230436
7.535632 -7.655328 6.359940
7.698210 -7.608506 6.488888
7.860788 -7.561684 6.617837
8.024076 -7.518741 6.747181
8.188047 -7.479542 6.876906
8.352018 -7.440343 7.006630
8.516755 -7.410726 7.137703
8.681951 -7.386861 7.269584
8.847147 -7.362997 7.401465
9.011958 -7.354532 7.535364
9.176631 -7.351694 7.670000
9.341303 -7.348855 7.804636
9.502690 -7.366211 7.941832
9.663443 -7.387469 8.079521
9.824196 -7.408727 8.217210
9.977633 -7.452918 8.357617
10.130555 -7.498730 8.498218
10.283401 -7.544694 8.638833
10.425035 -7.613349 8.781934
10.566669 -7.682004 8.925035
10.707715 -7.751534 9.068212
10.835958 -7.840046 9.213026
10.964200 -7.928558 9.357841
11.091890 -8.017738 9.502670
11.206222 -8.123085 9.647867
11.320553 -8.228432 9.793065
11.434883 -8.333778 9.938262
11.536011 -8.453309 10.082265
11.637119 -8.572860 10.226266
11.738228 -8.692411 10.370268
11.828257 -8.823638 10.511360
11.917499 -8.955693 10.652246
12.006741 -9.087749 10.793133
12.086452 -9.229867 10.929766
12.164723 -9.373505 11.065757
12.242995 -9.517142 11.201748
12.312109 -9.670113 11.332260
12.379333 -9.825009 11.461643
12.446558 -9.979906 11.591025
12.503404 -10.143843 11.713904
12.558208 -10.309559 11.835505
12.613011 -10.475275 11.957104
12.654742 -10.649755 12.071266
12.694997 -10.825223 12.184589
12.735034 -11.000794 12.297807
12.758886 -11.184054 12.403157
12.782739 -11.367314 12.508508
12.803943 -11.551370 12.612816
12.811328 -11.739577 12.711686
12.818714 -11.927784 12.810555
12.821725 -12.116694 12.908070
12.815220 -12.307133 13.002634
12.808715 -12.497572 13.097199
12.798091 -12.688133 13.191031
12.782521 -12.878840 13.283982
12.766953 -13.069548 13.376934
12.749704 -13.259920 13.470264
12.731198 -13.450040 13.563879
12.712691 -13.640160 13.657494
12.696383 -13.829885 13.752293
12.681160 -14.019416 13.847677
12.665936 -14.208946 13.943063
12.657077 -14.398290 14.039545
12.650243 -14.587573 14.136378
12.643409 -14.776857 14.233212
12.646286 -14.966430 14.329589
12.650940 -15.156054 14.425882
12.655594 -15.345679 14.522176
12.671530 -15.536377 14.615029
12.688327 -15.727156 14.707621
12.705169 -15.917943 14.800180
12.732402 -16.110851 14.885603
12.759636 -16.303757 14.971025
12.787313 -16.496874 15.055771
12.821478 -16.693029 15.130651
12.855642 -16.889187 15.205531
12.890061 -17.085770 15.279044
12.926715 -17.286068 15.340595
12.963367 -17.486368 15.402146
12.999741 -17.687183 15.461935
13.033932 -17.892033 15.507974
13.068122 -18.096882 15.554011
13.101654 -18.302099 15.598554
13.128262 -18.511179 15.627357
13.154869 -18.720257 15.656161
13.181410 -18.929352 15.684867
13.195776 -19.141329 15.695414
13.210141 -19.353306 15.705959
13.224506 -19.565283 15.716506
13.225164 -19.777744 15.711313
13.223171 -19.990301 15.703078
13.221178 -20.202856 15.694842
13.219186 -20.415413 15.686607
13.217193 -20.627968 15.678372
13.215199 -20.840525 15.670137
13.213206 -21.053080 15.661902
13.211214 -21.265636 15.653666
13.209221 -21.478191 15.645432
13.207228 -21.690748 15.637197
13.205235 -21.903303 15.628962
13.203242 -22.115858 15.620727
13.201249 -22.328415 15.612491
13.199256 -22.540970 15.604256
13.197264 -22.753527 15.596021
13.195271 -22.966082 15.587786
13.193277 -23.178638 15.579551
13.191285 -23.391193 15.571315
13.189292 -23.603750 15.563080
13.187299 -23.816305 15.554845
13.185306 -24.028862 15.546610
13.183313 -24.241417 15.538375
13.181320 -24.453974 15.530139
13.179327 -24.666529 15.521904
13.177335 -24.879086 15.513669
13.175342 -25.091640 15.505434
13.173348 -25.304197 15.497199
13.171355 -25.516752 15.488963
13.169363 -25.729307 15.480728
13.167370 -25.941864 15.472493
13.165377 -26.154419 15.464258
13.163384 -26.366976 15.456022
13.161391 -26.579531 15.447787
13.159398 -26.792088 15.439552
13.157405 -27.004642 15.431317
13.155413 -27.217199 15.423082
13.153419 -27.429754 15.414846
13.151426 -27.642311 15.406611
13.149434 -27.854866 15.398376
13.147441 -28.067423 15.390141
13.145448 -28.279978 15.381907
13.143455 -28.492535 15.373671
13.141462 -28.705090 15.365436
13.139469 -28.917646 15.357201
13.137476 -29.130201 15.348966
13.135484 -29.342756 15.340731
13.133491 -29.555313 15.332495
13.131497 -29.767868 15.324260
13.129504 -29.980425 15.316025
13.127512 -30.192980 15.307790
13.125519 -30.405537 15.299555
13.123526 -30.618092 15.291319
13.121532 -30.830648 15.283084
13.119540 -31.043203 15.274849
13.117547 -31.255760 15.266614
13.115554 -31.468315 15.258379
13.113562 -31.680872 15.250143
13.111568 -31.893427 15.241908
13.109575 -32.105984 15.233673
13.107582 -32.318539 15.225438
13.105590 -32.531094 15.217202
13.103597 -32.743652 15.208967
13.101604 -32.956207 15.200732
13.099611 -33.168762 15.192497
13.097618 -33.381317 15.184262
13.095625 -33.593872 15.176026
13.093632 -33.806431 15.167791
13.091640 -34.018986 15.159556
13.089646 -34.231541 15.151321
13.087653 -34.444096 15.143086
13.085661 -34.656654 15.134851
13.083668 -34.869209 15.126616
13.081675 -35.081764 15.118381
13.079681 -35.294319 15.110146
13.077689 -35.506878 15.101911
13.075696 -35.719433 15.093675
13.073703 -35.931988 15.085440
13.071711 -36.144543 15.077205
13.069717 -36.357098 15.068970
13.067724 -36.569656 15.060735
13.065731 -36.782211 15.052499
13.063739 -36.994766 15.044264
13.061746 -37.207321 15.036029
13.059752 -37.419880 15.027794
13.057760 -37.632435 15.019558
13.055767 -37.844990 15.011323
13.053774 -38.057545 15.003088
13.051781 -38.270103 14.994853
13.049788 -38.482658 14.986618
13.047795 -38.695213 14.978382
13.045802 -38.907768 14.970147
13.043810 -39.120327 14.961912
13.041817 -39.332882 14.953677
13.039824 -39.545437 14.945442
13.037830 -39.757992 14.937206
13.035838 -39.970547 14.928971
13.033845 -40.183105 14.920736
13.031852 -40.395660 14.912501
13.029860 -40.608215 14.904266
13.027866 -40.820770 14.896030
13.025873 -41.033329 14.887795
13.023880 -41.245884 14.879560
13.021888 -41.458439 14.871325
13.019895 -41.670994 14.863091
13.017901 -41.883553 14.854855
