/*--------------------------------*- C++ -*----------------------------------*\
| =========                 |                                                 |
| \\      /  F ield         | OpenFOAM: The Open Source CFD Toolbox           |
|  \\    /   O peration     | Version:  v1612+                                |
|   \\  /    A nd           | Web:      www.OpenFOAM.com                      |
|    \\/     M anipulation  |                                                 |
\*---------------------------------------------------------------------------*/
FoamFile
{
    version     2.0;
    format      ascii;
    class       labelList;
    location    "constant/polyMesh";
    object      pointProcAddressing;
}
// * * * * * * * * * * * * * * * * * * * * * * * * * * * * * * * * * * * * * //


6548
(
111
144
285
286
287
288
289
290
400
401
402
403
404
405
1525
1526
1527
1528
1529
1530
1532
1533
1534
1535
1536
1537
1538
1539
1540
1541
1542
1543
1544
1545
1546
1547
1548
1549
1649
1650
1651
1652
1672
1673
1674
1689
1690
1691
1692
1693
1694
1695
1696
1700
1701
1702
1703
2371
2390
2392
2393
2882
2883
2892
2893
2894
2895
2896
2897
2898
2899
2900
2901
3217
3218
3219
4017
4019
4020
4021
4022
4023
4024
4028
4029
4030
4031
4032
4033
4034
4035
4036
4037
4038
4039
4040
4041
4042
4043
4044
4045
4046
4047
4048
4049
4072
4073
4074
4075
4077
7132
7133
7134
7135
7136
7137
7138
7139
7140
7141
7142
7143
7144
7145
7146
7147
7149
7155
7156
7157
7158
7159
7160
7161
7162
7163
7164
7165
7166
7167
7168
7169
7170
7171
7172
7173
7174
7175
7176
7177
7178
7179
7180
7181
7182
7183
7184
7185
7189
7190
7191
7192
7193
7197
7198
7199
7215
7219
7224
7225
7226
7227
7228
7229
7230
7326
7327
7328
7329
7330
7331
7332
7333
7334
7335
7336
7348
7349
7350
7351
7352
7353
7354
7355
7356
7357
7358
7359
7360
7361
7362
7363
7364
7365
7366
7367
7368
7369
7370
7371
7372
7373
7374
7375
7376
7377
7378
7414
7415
12412
12413
12414
12446
12447
12448
12460
12461
12462
12463
12464
12465
12466
12467
12468
12469
12470
12471
12472
12473
12474
12475
12478
12483
12484
12485
12486
12487
12488
12490
12491
12492
12493
12494
12495
12496
12497
12498
12499
12500
12501
12502
12503
12504
12505
12506
12507
12508
12511
12512
12513
12514
12516
12517
12518
12519
12520
12521
12522
12523
12524
12525
12526
12578
12594
12595
12596
12597
12598
12599
12600
12601
12602
12603
12604
12605
12606
12607
12608
12609
12611
12612
12613
12614
12615
12616
12617
12619
12620
12695
12742
12743
12744
12745
12746
12747
12748
12749
12750
12755
12758
12765
13417
13418
13419
13420
13421
13422
13423
13424
13425
13426
13427
13428
13429
13430
13431
13432
13433
13434
13435
13436
13437
13438
13439
13440
13441
13442
13443
13444
13445
13446
13447
13448
13449
13450
13451
13452
13453
13454
13455
13456
13457
13458
13459
13460
13461
13462
13463
13464
13465
13466
13467
13468
13469
13470
13471
13472
13473
13474
13475
13476
13477
13478
13479
13480
13481
13482
13483
13484
13485
13486
13487
13488
13489
13490
13491
13492
13493
13494
13495
13496
13497
13498
13499
13500
13501
13502
13503
13504
13505
13506
13507
13508
13509
13510
13511
13512
13513
13514
13515
13520
13526
13527
13528
13529
13530
13531
13532
13533
13534
13535
13536
13537
13538
13539
13540
13541
13542
13543
13544
13545
13546
13547
13548
13549
13550
13551
13552
13553
13554
13555
13556
13557
13558
13559
13560
13561
13562
13563
13564
13565
13566
13567
13568
13569
13570
13571
13572
13573
13574
13575
13576
13577
13578
13579
13580
13581
13582
13583
13584
13585
13586
13587
13588
13589
13590
13592
13593
13594
13595
13596
13597
13599
13601
13603
13604
13605
13606
13607
13608
13609
13610
13611
13612
13613
13614
13615
13616
13617
13618
13619
20170
20171
20172
20174
20177
20178
20179
20180
20181
20182
20184
20185
20186
20187
20188
20189
20190
20191
20192
20193
20194
20195
20196
20197
20198
20199
20200
20201
20202
20203
20204
20205
20206
20207
20208
20209
20210
20211
20212
20213
20214
20215
20216
20217
20218
20219
20220
20221
20222
20223
20224
20225
20226
20227
20228
20229
20230
20231
20232
20233
20234
20235
20236
20237
20238
20239
20240
20241
20242
20243
20244
20245
20246
20247
20248
20249
20250
20251
20252
20253
20254
20255
20256
20257
20258
20259
20260
20261
20262
20263
20264
20265
20266
20267
20268
20269
20270
21484
21485
21486
21487
21488
21489
21490
21491
21492
21493
22255
22261
22262
22263
22264
22265
22266
22267
22268
22269
22270
22271
22272
22273
22274
22275
22276
22277
22278
22279
22280
22281
22282
22283
22284
22285
22286
22287
22288
22289
22290
22430
22431
22432
22434
22435
22437
22891
22892
22894
22902
22903
22904
22905
22906
22907
22908
22909
23287
23288
23291
23292
23495
23550
23553
23617
23636
23637
23638
23639
23750
23751
23752
23753
23754
23927
23928
23929
23930
23931
23932
23933
23934
23935
24886
24887
24888
24889
24890
24891
24892
24893
24894
24896
24897
24898
24899
24900
24901
24902
24903
24904
24905
24906
24907
24908
24909
24910
24911
24912
25012
25013
25014
25015
25016
25017
25038
25039
25040
25041
25053
25055
25056
25057
25058
25060
25063
25801
25804
25818
25819
25822
25823
25825
26291
26295
26296
26297
26298
26299
26300
26302
26466
26525
26526
26615
26632
26633
26634
26770
26771
26796
26819
26939
26940
26941
26946
26996
26997
27074
27076
27081
27178
27179
27203
27205
27206
27207
27208
27380
27381
27382
27425
27440
27441
27490
27491
27537
27985
28022
28025
28036
28044
28052
28102
28121
28146
28176
28177
28200
28227
28245
28289
28330
28347
28350
28353
28389
28450
28455
28526
28568
28696
28697
28722
28731
28788
28797
28830
28929
28944
28975
29009
29086
29154
29170
29230
29237
29251
29275
29281
29287
29349
29361
29368
29370
29403
29458
29481
29494
29495
29539
29559
29562
29628
29649
29651
29659
29666
29677
29696
29698
29717
29724
29728
29736
29786
29910
29933
29961
29999
30014
30029
30035
30040
30045
30061
30062
30085
30141
30171
30176
30196
30238
30283
30314
30335
30355
30422
30432
30450
30477
30520
30595
30596
30739
30750
30752
30763
30775
30787
30798
30850
30853
30886
30938
30963
30968
31000
31050
31072
31087
31130
31133
31146
31170
31197
31204
31226
31313
31342
31345
31388
31395
31457
31508
31516
31519
31525
31552
31664
31704
31729
31740
31774
31878
31962
31978
31986
31992
32066
32094
32130
32155
32187
32220
32226
32268
32285
32305
32378
32463
32487
32512
32527
32538
32553
32628
32633
32658
32665
32707
32755
32756
32817
32821
32831
32872
32935
32947
32948
32958
32963
32971
32978
33042
33220
33249
33255
33259
33290
33427
33430
33432
33488
33500
33503
33532
33555
33561
33571
33572
33610
33635
33652
33672
33704
33751
33755
33797
33810
33841
33925
33949
33956
33968
33982
33992
34016
34064
34107
34129
34163
34178
34213
34217
34222
34223
34255
34328
34333
34397
34442
34481
34514
34547
34551
34631
34659
34668
34675
34681
34683
34691
34726
34744
34759
34763
34816
34858
34873
34928
35023
35032
35087
35104
35214
35269
35278
35291
35297
35321
35335
35365
35373
35397
35450
35492
35540
35629
35708
35737
35769
35816
35818
35850
35875
35946
35952
35960
35971
35976
36096
36118
36124
36212
36240
36243
36254
36287
36358
36428
36443
36449
36480
36488
36538
36558
36698
36704
36743
36778
36779
36820
36821
36860
36912
36914
36919
36934
36956
36958
36963
37008
37013
37130
37156
37163
37174
37176
37219
37233
37264
37313
37332
37359
37399
37412
37471
37513
37555
37587
37624
37667
37668
37683
37705
37743
37748
37796
37807
37858
37897
37925
37930
37945
38174
38262
38263
38338
38369
38401
38426
38451
38469
38470
38481
38532
38575
38626
38639
38650
38675
38727
38807
38879
38881
38942
38945
38956
38993
39006
39023
39037
39045
39097
39137
39139
39185
39225
39243
39283
39319
39347
39349
39373
39379
39436
39441
39471
39506
39541
39542
39573
39687
39689
39727
39728
39749
39759
39827
39863
39866
39869
39905
39908
39925
39943
40020
40043
40104
40111
40115
40128
40134
40169
40178
40229
40258
40305
40336
40373
40452
40453
40477
40491
40514
40531
40574
40593
40594
40605
40627
40646
40647
40662
40685
40689
40701
40717
40749
40754
40773
40850
40879
40881
40901
40907
40993
40997
41001
41002
41061
41079
41100
41119
41132
41139
41220
41236
41311
41315
41365
41368
41373
41424
41456
41482
41497
41532
41536
41571
41634
41639
41702
41708
41750
41797
41827
41874
41884
41907
41929
41955
41963
41968
42016
42049
42061
42094
42162
42269
42272
42279
42285
42290
42301
42306
42311
42323
42344
42368
42370
42376
42381
42435
42438
42447
42454
42461
42470
42532
42558
42587
42606
42607
42640
42759
42784
42795
42798
42820
42846
42853
42867
42898
42903
42941
42942
43073
43137
43184
43195
43217
43254
43265
43290
43295
43298
43308
43342
43343
43389
43473
43541
43629
43641
43643
43650
43680
43688
43696
43705
43746
43774
43778
43786
43804
43820
43842
43862
43914
43917
43940
43950
43984
44019
44048
44054
44056
44066
44123
44171
44232
44234
44270
44287
44332
44374
44396
44447
44469
44501
44502
44527
44572
44574
44595
44596
44633
44664
44678
44679
44692
44731
44812
44822
44857
44885
44909
44942
44950
45013
45016
45061
45142
45150
45217
45221
45232
45254
45347
45402
45566
45590
45607
45617
45635
45637
45647
45779
45786
45792
45831
45840
45871
45907
45922
45979
46003
46004
46058
46060
46105
46114
46119
46157
46160
46217
46238
46255
46256
46328
46397
46421
46428
46432
46464
46519
46535
46537
46574
46599
46623
46636
46655
46669
46717
46725
46736
46745
46798
46822
46825
46837
46882
46913
46937
46964
46968
47090
47100
47103
47190
47195
47217
47242
47309
47323
47345
47364
47412
47447
47469
47609
47642
47675
47704
47725
47759
47782
47818
47838
47872
47910
47920
47948
47982
48005
48007
48017
48038
48060
48068
48088
48108
48111
48119
48132
48136
48141
48145
48210
48282
48326
48336
48371
48403
48411
48419
48433
48442
48447
48472
48539
48559
48597
48598
48626
48655
48658
48663
48729
48739
48742
48768
48844
48880
48953
48960
48982
49000
49022
49025
49055
49057
49064
49067
49088
49091
49094
49096
49116
49121
49129
49130
49144
49155
49177
49206
49242
49275
49276
49277
49282
49292
49307
49371
49452
49498
49502
49518
49536
49552
49617
49644
49654
49657
49677
49706
49714
49728
49764
49777
49781
49786
49820
49832
49833
49860
49866
49868
49907
49917
49934
49992
50008
50081
50164
50179
50190
50220
50222
50266
50272
50288
50296
50305
50321
50348
50381
50406
50518
50525
50530
50537
50562
50584
50595
50633
50649
50651
50655
50683
50852
50879
50905
50936
50950
50952
50965
50968
50992
51006
51021
51165
51168
51175
51229
51237
51308
51326
51342
51354
51424
51492
51578
51662
51691
51765
51772
51774
51780
51805
51940
51952
51976
52016
52020
52066
52075
52128
52140
52170
52188
52205
52244
52270
52277
52297
52345
52352
52382
52424
52430
52457
52459
52509
52535
52548
52555
52625
52634
52652
52688
52695
52780
52781
52782
53140
53141
53142
53144
53145
53146
53147
53148
53178
53183
53184
53185
53393
53575
53667
53668
53937
53939
53940
53941
53942
53943
53944
53945
53946
53947
53948
53949
54980
54981
54982
54983
54984
54985
54986
54987
54988
54989
54990
54991
54992
54993
54994
54995
54996
54997
54999
55010
55049
55050
55051
55052
55057
55058
55059
55060
55061
55062
55063
55064
55065
55066
55067
55068
55069
56760
56761
56762
56763
56764
56765
56766
56767
56768
56769
56770
56771
56772
56773
56774
56775
56776
56779
56780
56781
56782
56783
56803
56804
56805
56806
56807
56808
56809
56810
56814
56815
56816
56817
57095
57096
57097
57098
57099
57100
57101
57102
57103
57104
57105
57106
57107
57108
57109
57110
57111
57112
57113
57114
57115
57116
57117
57118
57119
57120
57121
57122
57123
57124
57125
57126
57127
57130
57131
57132
57133
57134
57135
57136
57137
57138
57139
57140
57141
57142
57143
57144
57145
57146
57147
57148
57149
57150
57152
57153
57155
57156
57157
57158
57159
59357
59358
59359
59360
59361
59362
59363
59364
59365
59366
59367
59368
59369
59370
59371
59372
59373
59374
59375
59376
59377
59378
59379
59380
59381
59382
59383
59384
59385
59386
59387
59942
59943
59944
59945
59946
59947
59948
59949
59950
59978
59979
60078
60079
60080
60168
60169
60307
60308
60309
60513
60514
60515
60516
60517
60518
60520
60525
60526
60527
60529
60530
60850
60851
60852
60853
60854
60855
60856
60857
60858
60859
60860
60862
60863
61283
61284
61285
61286
61287
61288
61289
61290
61291
61292
61293
61294
61295
61296
61297
61298
61299
61300
61301
61302
62117
62118
62119
62120
62121
62122
62123
62124
62125
62126
62127
62128
62129
62130
62131
62132
62133
62134
62135
62136
62137
62138
62139
62140
62141
62142
62143
62144
62145
62146
62147
62148
62149
62150
62151
62152
62153
62154
62155
62156
62157
62158
62163
62166
62167
66572
66573
66574
66575
66576
66577
66578
66579
66580
66581
66582
66583
66584
66585
66586
66587
66588
66589
66590
66591
66592
66593
66594
66595
66596
66597
66598
66599
66600
66601
66602
66603
66604
66605
66606
66607
66608
66609
66610
66611
66615
66616
66617
66618
66619
66620
66621
66622
66623
66624
66625
66626
66627
66628
66629
66630
66631
66632
66633
66634
66635
66636
66637
66638
66639
66640
66641
66642
66643
66644
66645
66646
66647
66648
66649
66650
66651
66652
66653
66654
66655
66656
66657
66658
66659
66660
66661
66662
66663
66664
66665
66666
66667
66668
66669
66670
66671
66672
66673
66674
66675
66676
66677
66678
66679
66680
66681
66682
66683
66684
66685
66686
66687
66688
66689
66690
66691
66692
66693
66694
66695
67175
67176
67177
67179
67180
67181
67182
67183
67184
67185
67186
67187
67188
67189
67190
67191
67192
67193
67280
67281
67282
67283
67284
67285
67286
67287
67288
67289
67290
67291
67292
67293
67294
67295
67296
67297
67298
67346
67347
67348
67349
67350
67351
67353
67354
67356
67358
67359
67360
67361
67364
67365
67366
67367
67368
67369
67370
67371
67372
67373
67378
67379
67380
67381
67382
67383
67384
67394
67395
67396
67397
67399
67401
71037
71040
71072
71073
71074
71075
71076
71085
71086
71087
71151
71152
71153
71154
71155
71156
71157
71158
71160
71166
71168
71171
71172
71173
71174
71175
71176
71177
71178
71179
71180
71181
71182
71183
71189
71190
71191
71192
71193
71194
71195
73370
73371
73372
73730
73731
73732
73734
73735
73736
73737
73738
73768
73773
73774
73775
73983
74165
74257
74258
74527
74529
74530
74531
74532
74533
74534
74535
74536
74537
74538
74539
75570
75571
75572
75573
75574
75575
75576
75577
75578
75579
75580
75581
75582
75583
75584
75585
75586
75587
75589
75600
75639
75640
75641
75642
75647
75648
75649
75650
75651
75652
75653
75654
75655
75656
75657
75658
75659
77350
77351
77352
77353
77354
77355
77356
77357
77358
77359
77360
77361
77362
77363
77364
77365
77366
77369
77370
77371
77372
77373
77393
77394
77395
77396
77397
77398
77399
77400
77404
77405
77406
77407
77685
77686
77687
77688
77689
77690
77691
77692
77693
77694
77695
77696
77697
77698
77699
77700
77701
77702
77703
77704
77705
77706
77707
77708
77709
77710
77711
77712
77713
77714
77715
77716
77717
77720
77721
77722
77723
77724
77725
77726
77727
77728
77729
77730
77731
77732
77733
77734
77735
77736
77737
77738
77739
77740
77742
77743
77745
77746
77747
77748
77749
79947
79948
79949
79950
79951
79952
79953
79954
79955
79956
79957
79958
79959
79960
79961
79962
79963
79964
79965
79966
79967
79968
79969
79970
79971
79972
79973
79974
79975
79976
79977
80532
80533
80534
80535
80536
80537
80538
80539
80540
80568
80569
80668
80669
80670
80758
80759
80897
80898
80899
81103
81104
81105
81106
81107
81108
81110
81116
81117
81119
81120
81440
81441
81442
81443
81444
81445
81446
81447
81448
81449
81450
81452
81453
81873
81874
81875
81876
81877
81878
81879
81880
81881
81882
81883
81884
81885
81886
81887
81888
81889
81890
81891
81892
82707
82708
82709
82710
82711
82712
82713
82714
82715
82716
82717
82718
82719
82720
82721
82722
82723
82724
82725
82726
82727
82728
82729
82730
82731
82732
82733
82734
82735
82736
82737
82738
82739
82740
82741
82742
82743
82744
82745
82746
82747
82753
82756
82757
87162
87163
87164
87165
87166
87167
87168
87169
87170
87171
87172
87173
87174
87175
87176
87177
87178
87179
87180
87181
87182
87183
87184
87185
87186
87187
87188
87189
87190
87191
87192
87193
87194
87195
87196
87197
87198
87199
87200
87201
87205
87206
87207
87208
87209
87210
87211
87212
87213
87214
87215
87216
87217
87218
87219
87220
87221
87222
87223
87224
87225
87226
87227
87228
87229
87230
87231
87232
87233
87234
87235
87236
87237
87238
87239
87240
87241
87242
87243
87244
87245
87246
87247
87248
87249
87250
87251
87252
87253
87254
87255
87256
87257
87258
87259
87260
87261
87262
87263
87264
87265
87266
87267
87268
87269
87270
87271
87272
87273
87274
87275
87276
87277
87278
87279
87280
87281
87282
87283
87284
87285
87765
87766
87767
87769
87770
87771
87772
87773
87774
87775
87776
87777
87778
87779
87780
87781
87782
87783
87870
87871
87872
87873
87874
87875
87876
87877
87878
87879
87880
87881
87882
87883
87884
87885
87886
87887
87888
87936
87937
87938
87939
87940
87941
87943
87944
87946
87948
87949
87950
87951
87954
87955
87956
87957
87958
87959
87960
87961
87962
87963
87968
87969
87970
87971
87972
87973
87974
87984
87985
87986
87987
87989
87991
91627
91630
91662
91663
91664
91665
91666
91675
91676
91677
91741
91742
91743
91744
91745
91746
91747
91748
91750
91756
91758
91761
91762
91763
91764
91765
91766
91767
91768
91769
91770
91771
91772
91773
91779
91780
91781
91782
91783
91784
91785
93527
93528
93529
93887
93888
93889
93891
93892
93893
93894
93895
93925
93930
93931
93932
94140
94322
94414
94415
94684
94686
94687
94688
94689
94690
94691
94692
94693
94694
94695
94696
95727
95728
95729
95730
95731
95732
95733
95734
95735
95736
95737
95738
95739
95740
95741
95742
95743
95744
95746
95757
95796
95797
95798
95799
95804
95805
95806
95807
95808
95809
95810
95811
95812
95813
95814
95815
95816
97507
97508
97509
97510
97511
97512
97513
97514
97515
97516
97517
97518
97519
97520
97521
97522
97523
97526
97527
97528
97529
97530
97550
97551
97552
97553
97554
97555
97556
97557
97561
97562
97563
97564
97842
97843
97844
97845
97846
97847
97848
97849
97850
97851
97852
97853
97854
97855
97856
97857
97858
97859
97860
97861
97862
97863
97864
97865
97866
97867
97868
97869
97870
97871
97872
97873
97874
97877
97878
97879
97880
97881
97882
97883
97884
97885
97886
97887
97888
97889
97890
97891
97892
97893
97894
97895
97896
97897
97899
97900
97902
97903
97904
97905
97906
100104
100105
100106
100107
100108
100109
100110
100111
100112
100113
100114
100115
100116
100117
100118
100119
100120
100121
100122
100123
100124
100125
100126
100127
100128
100129
100130
100131
100132
100133
100134
100689
100690
100691
100692
100693
100694
100695
100696
100697
100725
100726
100825
100826
100827
100915
100916
101054
101055
101056
101260
101261
101262
101263
101264
101265
101267
101273
101274
101276
101277
101597
101598
101599
101600
101601
101602
101603
101604
101605
101606
101607
101609
101610
102030
102031
102032
102033
102034
102035
102036
102037
102038
102039
102040
102041
102042
102043
102044
102045
102046
102047
102048
102049
102864
102865
102866
102867
102868
102869
102870
102871
102872
102873
102874
102875
102876
102877
102878
102879
102880
102881
102882
102883
102884
102885
102886
102887
102888
102889
102890
102891
102892
102893
102894
102895
102896
102897
102898
102899
102900
102901
102902
102903
102904
102910
102913
102914
107319
107320
107321
107322
107323
107324
107325
107326
107327
107328
107329
107330
107331
107332
107333
107334
107335
107336
107337
107338
107339
107340
107341
107342
107343
107344
107345
107346
107347
107348
107349
107350
107351
107352
107353
107354
107355
107356
107357
107358
107362
107363
107364
107365
107366
107367
107368
107369
107370
107371
107372
107373
107374
107375
107376
107377
107378
107379
107380
107381
107382
107383
107384
107385
107386
107387
107388
107389
107390
107391
107392
107393
107394
107395
107396
107397
107398
107399
107400
107401
107402
107403
107404
107405
107406
107407
107408
107409
107410
107411
107412
107413
107414
107415
107416
107417
107418
107419
107420
107421
107422
107423
107424
107425
107426
107427
107428
107429
107430
107431
107432
107433
107434
107435
107436
107437
107438
107439
107440
107441
107442
107922
107923
107924
107926
107927
107928
107929
107930
107931
107932
107933
107934
107935
107936
107937
107938
107939
107940
108027
108028
108029
108030
108031
108032
108033
108034
108035
108036
108037
108038
108039
108040
108041
108042
108043
108044
108045
108093
108094
108095
108096
108097
108098
108100
108101
108103
108105
108106
108107
108108
108111
108112
108113
108114
108115
108116
108117
108118
108119
108120
108125
108126
108127
108128
108129
108130
108131
108141
108142
108143
108144
108146
108148
111784
111787
111819
111820
111821
111822
111823
111832
111833
111834
111898
111899
111900
111901
111902
111903
111904
111905
111907
111913
111915
111918
111919
111920
111921
111922
111923
111924
111925
111926
111927
111928
111929
111930
111936
111937
111938
111939
111940
111941
111942
113236
113237
113238
113596
113597
113598
113600
113601
113602
113603
113604
113634
113639
113640
113641
113849
114031
114123
114124
114393
114395
114396
114397
114398
114399
114400
114401
114402
114403
114404
114405
115436
115437
115438
115439
115440
115441
115442
115443
115444
115445
115446
115447
115448
115449
115450
115451
115452
115453
115455
115466
115505
115506
115507
115508
115513
115514
115515
115516
115517
115518
115519
115520
115521
115522
115523
115524
115525
117216
117217
117218
117219
117220
117221
117222
117223
117224
117225
117226
117227
117228
117229
117230
117231
117232
117235
117236
117237
117238
117239
117259
117260
117261
117262
117263
117264
117265
117266
117270
117271
117272
117273
117551
117552
117553
117554
117555
117556
117557
117558
117559
117560
117561
117562
117563
117564
117565
117566
117567
117568
117569
117570
117571
117572
117573
117574
117575
117576
117577
117578
117579
117580
117581
117582
117583
117586
117587
117588
117589
117590
117591
117592
117593
117594
117595
117596
117597
117598
117599
117600
117601
117602
117603
117604
117605
117606
117608
117609
117611
117612
117613
117614
117615
119813
119814
119815
119816
119817
119818
119819
119820
119821
119822
119823
119824
119825
119826
119827
119828
119829
119830
119831
119832
119833
119834
119835
119836
119837
119838
119839
119840
119841
119842
119843
120398
120399
120400
120401
120402
120403
120404
120405
120406
120434
120435
120534
120535
120536
120624
120625
120763
120764
120765
120969
120970
120971
120972
120973
120974
120976
120982
120983
120985
120986
121306
121307
121308
121309
121310
121311
121312
121313
121314
121315
121316
121318
121319
121739
121740
121741
121742
121743
121744
121745
121746
121747
121748
121749
121750
121751
121752
121753
121754
121755
121756
121757
121758
122573
122574
122575
122576
122577
122578
122579
122580
122581
122582
122583
122584
122585
122586
122587
122588
122589
122590
122591
122592
122593
122594
122595
122596
122597
122598
122599
122600
122601
122602
122603
122604
122605
122606
122607
122608
122609
122610
122611
122612
122613
122619
122622
122623
127028
127029
127030
127031
127032
127033
127034
127035
127036
127037
127038
127039
127040
127041
127042
127043
127044
127045
127046
127047
127048
127049
127050
127051
127052
127053
127054
127055
127056
127057
127058
127059
127060
127061
127062
127063
127064
127065
127066
127067
127071
127072
127073
127074
127075
127076
127077
127078
127079
127080
127081
127082
127083
127084
127085
127086
127087
127088
127089
127090
127091
127092
127093
127094
127095
127096
127097
127098
127099
127100
127101
127102
127103
127104
127105
127106
127107
127108
127109
127110
127111
127112
127113
127114
127115
127116
127117
127118
127119
127120
127121
127122
127123
127124
127125
127126
127127
127128
127129
127130
127131
127132
127133
127134
127135
127136
127137
127138
127139
127140
127141
127142
127143
127144
127145
127146
127147
127148
127149
127150
127151
127631
127632
127633
127635
127636
127637
127638
127639
127640
127641
127642
127643
127644
127645
127646
127647
127648
127649
127736
127737
127738
127739
127740
127741
127742
127743
127744
127745
127746
127747
127748
127749
127750
127751
127752
127753
127754
127802
127803
127804
127805
127806
127807
127809
127810
127812
127814
127815
127816
127817
127820
127821
127822
127823
127824
127825
127826
127827
127828
127829
127834
127835
127836
127837
127838
127839
127840
127850
127851
127852
127853
127855
127857
131493
131496
131528
131529
131530
131531
131532
131541
131542
131543
131607
131608
131609
131610
131611
131612
131613
131614
131616
131622
131624
131627
131628
131629
131630
131631
131632
131633
131634
131635
131636
131637
131638
131639
131645
131646
131647
131648
131649
131650
131651
133927
133928
133929
133930
133931
133932
133933
133951
133952
133953
133954
133955
133956
133957
133958
133959
133960
133961
133962
133963
133964
133965
133966
133967
133968
133969
133970
133971
133972
133973
133974
133975
133976
133977
133978
133979
133980
133981
133982
133983
133984
133985
133989
133991
133993
133994
133995
133996
133997
133998
133999
134855
134856
134857
134858
134859
134869
134872
135216
135217
135219
135220
135221
135222
135223
135224
135225
135226
135227
135228
135229
135822
135823
135824
135826
135827
135828
135829
135830
135935
135936
135937
135938
135939
135940
135941
135942
135943
135944
135945
135946
135947
135948
135949
135950
135951
135952
135953
135954
136794
136795
136796
136797
136798
136799
136800
136801
136802
136803
136804
136805
136806
136807
136961
136962
136963
136964
136965
136966
136967
137110
137111
137112
137113
137114
137115
137157
137158
137159
137517
137518
137519
137521
137522
137523
137524
137525
137555
137560
137561
137562
137770
137952
138044
138045
138314
138316
138317
138318
138319
138320
138321
138322
138323
138324
138325
138326
139357
139358
139359
139360
139361
139362
139363
139364
139365
139366
139367
139368
139369
139370
139371
139372
139373
139374
139376
139387
139426
139427
139428
139429
139434
139435
139436
139437
139438
139439
139440
139441
139442
139443
139444
139445
139446
141137
141138
141139
141140
141141
141142
141143
141144
141145
141146
141147
141148
141149
141150
141151
141152
141153
141156
141157
141158
141159
141160
141180
141181
141182
141183
141184
141185
141186
141187
141191
141192
141193
141194
141472
141473
141474
141475
141476
141477
141478
141479
141480
141481
141482
141483
141484
141485
141486
141487
141488
141489
141490
141491
141492
141493
141494
141495
141496
141497
141498
141499
141500
141501
141502
141503
141504
141507
141508
141509
141510
141511
141512
141513
141514
141515
141516
141517
141518
141519
141520
141521
141522
141523
141524
141525
141526
141527
141529
141530
141532
141533
141534
141535
141536
143734
143735
143736
143737
143738
143739
143740
143741
143742
143743
143744
143745
143746
143747
143748
143749
143750
143751
143752
143753
143754
143755
143756
143757
143758
143759
143760
143761
143762
143763
143764
144319
144320
144321
144322
144323
144324
144325
144326
144327
144355
144356
144455
144456
144457
144545
144546
144684
144685
144686
144890
144891
144892
144893
144894
144895
144897
144903
144904
144906
144907
145227
145228
145229
145230
145231
145232
145233
145234
145235
145236
145237
145239
145240
145660
145661
145662
145663
145664
145665
145666
145667
145668
145669
145670
145671
145672
145673
145674
145675
145676
145677
145678
145679
146494
146495
146496
146497
146498
146499
146500
146501
146502
146503
146504
146505
146506
146507
146508
146509
146510
146511
146512
146513
146514
146515
146516
146517
146518
146519
146520
146521
146522
146523
146524
146525
146526
146527
146528
146529
146530
146531
146532
146533
146534
146540
146543
146544
150949
150950
150951
150952
150953
150954
150955
150956
150957
150958
150959
150960
150961
150962
150963
150964
150965
150966
150967
150968
150969
150970
150971
150972
150973
150974
150975
150976
150977
150978
150979
150980
150981
150982
150983
150984
150985
150986
150987
150988
150992
150993
150994
150995
150996
150997
150998
150999
151000
151001
151002
151003
151004
151005
151006
151007
151008
151009
151010
151011
151012
151013
151014
151015
151016
151017
151018
151019
151020
151021
151022
151023
151024
151025
151026
151027
151028
151029
151030
151031
151032
151033
151034
151035
151036
151037
151038
151039
151040
151041
151042
151043
151044
151045
151046
151047
151048
151049
151050
151051
151052
151053
151054
151055
151056
151057
151058
151059
151060
151061
151062
151063
151064
151065
151066
151067
151068
151069
151070
151071
151072
151552
151553
151554
151556
151557
151558
151559
151560
151561
151562
151563
151564
151565
151566
151567
151568
151569
151570
151657
151658
151659
151660
151661
151662
151663
151664
151665
151666
151667
151668
151669
151670
151671
151672
151673
151674
151675
151723
151724
151725
151726
151727
151728
151730
151731
151733
151735
151736
151737
151738
151741
151742
151743
151744
151745
151746
151747
151748
151749
151750
151755
151756
151757
151758
151759
151760
151761
151771
151772
151773
151774
151776
151778
155414
155417
155449
155450
155451
155452
155453
155462
155463
155464
155528
155529
155530
155531
155532
155533
155534
155535
155537
155543
155545
155548
155549
155550
155551
155552
155553
155554
155555
155556
155557
155558
155559
155560
155566
155567
155568
155569
155570
155571
155572
157848
157849
157850
157851
157852
157853
157854
157872
157873
157874
157875
157876
157877
157878
157879
157880
157881
157882
157883
157884
157885
157886
157887
157888
157889
157890
157891
157892
157893
157894
157895
157896
157897
157898
157899
157900
157901
157902
157903
157904
157905
157906
157910
157912
157914
157915
157916
157917
157918
157919
157920
158776
158777
158778
158779
158780
158790
158793
159137
159138
159140
159141
159142
159143
159144
159145
159146
159147
159148
159149
159150
159743
159744
159745
159747
159748
159749
159750
159751
159856
159857
159858
159859
159860
159861
159862
159863
159864
159865
159866
159867
159868
159869
159870
159871
159872
159873
159874
159875
160715
160716
160717
160718
160719
160720
160721
160722
160723
160724
160725
160726
160727
160728
160882
160883
160884
160885
160886
160887
160888
161031
161032
161033
161034
161035
161036
161419
161420
161421
161422
161423
161424
161425
161426
161427
161428
161429
161430
161447
161448
161449
161450
161688
161689
161690
161691
161692
161693
161694
161695
161696
161697
162069
162070
162071
162072
162073
162079
162080
162081
162082
162083
162106
162107
162108
162570
162571
162578
162579
162580
162581
162582
162584
162586
162607
162703
162704
162705
162706
162707
162713
162714
162715
162716
162717
162718
162719
162720
162721
162722
162723
162724
162725
162726
162727
162728
162729
162730
162731
162732
162733
163546
163547
163548
163549
163550
163551
163552
163553
163554
163555
163556
163557
163558
163559
163560
163776
163777
163778
163779
163780
163850
163851
163852
163853
163854
163855
163856
163857
163858
163859
164097
164098
164099
164100
164101
164102
164103
164104
164105
164106
164339
164340
164341
164342
164343
164426
164427
164428
164786
164787
164788
164790
164791
164792
164793
164794
164824
164829
164830
164831
165039
165221
165313
165314
165583
165585
165586
165587
165588
165589
165590
165591
165592
165593
165594
165595
166626
166627
166628
166629
166630
166631
166632
166633
166634
166635
166636
166637
166638
166639
166640
166641
166642
166643
166645
166656
166695
166696
166697
166698
166703
166704
166705
166706
166707
166708
166709
166710
166711
166712
166713
166714
166715
168406
168407
168408
168409
168410
168411
168412
168413
168414
168415
168416
168417
168418
168419
168420
168421
168422
168425
168426
168427
168428
168429
168449
168450
168451
168452
168453
168454
168455
168456
168460
168461
168462
168463
168741
168742
168743
168744
168745
168746
168747
168748
168749
168750
168751
168752
168753
168754
168755
168756
168757
168758
168759
168760
168761
168762
168763
168764
168765
168766
168767
168768
168769
168770
168771
168772
168773
168776
168777
168778
168779
168780
168781
168782
168783
168784
168785
168786
168787
168788
168789
168790
168791
168792
168793
168794
168795
168796
168798
168799
168801
168802
168803
168804
168805
171003
171004
171005
171006
171007
171008
171009
171010
171011
171012
171013
171014
171015
171016
171017
171018
171019
171020
171021
171022
171023
171024
171025
171026
171027
171028
171029
171030
171031
171032
171033
171588
171589
171590
171591
171592
171593
171594
171595
171596
171624
171625
171724
171725
171726
171814
171815
171953
171954
171955
172159
172160
172161
172162
172163
172164
172166
172172
172173
172175
172176
172496
172497
172498
172499
172500
172501
172502
172503
172504
172505
172506
172508
172509
172929
172930
172931
172932
172933
172934
172935
172936
172937
172938
172939
172940
172941
172942
172943
172944
172945
172946
172947
172948
173763
173764
173765
173766
173767
173768
173769
173770
173771
173772
173773
173774
173775
173776
173777
173778
173779
173780
173781
173782
173783
173784
173785
173786
173787
173788
173789
173790
173791
173792
173793
173794
173795
173796
173797
173798
173799
173800
173801
173802
173803
173809
173812
173813
178218
178219
178220
178221
178222
178223
178224
178225
178226
178227
178228
178229
178230
178231
178232
178233
178234
178235
178236
178237
178238
178239
178240
178241
178242
178243
178244
178245
178246
178247
178248
178249
178250
178251
178252
178253
178254
178255
178256
178257
178261
178262
178263
178264
178265
178266
178267
178268
178269
178270
178271
178272
178273
178274
178275
178276
178277
178278
178279
178280
178281
178282
178283
178284
178285
178286
178287
178288
178289
178290
178291
178292
178293
178294
178295
178296
178297
178298
178299
178300
178301
178302
178303
178304
178305
178306
178307
178308
178309
178310
178311
178312
178313
178314
178315
178316
178317
178318
178319
178320
178321
178322
178323
178324
178325
178326
178327
178328
178329
178330
178331
178332
178333
178334
178335
178336
178337
178338
178339
178340
178341
178821
178822
178823
178825
178826
178827
178828
178829
178830
178831
178832
178833
178834
178835
178836
178837
178838
178839
178926
178927
178928
178929
178930
178931
178932
178933
178934
178935
178936
178937
178938
178939
178940
178941
178942
178943
178944
178992
178993
178994
178995
178996
178997
178999
179000
179002
179004
179005
179006
179007
179010
179011
179012
179013
179014
179015
179016
179017
179018
179019
179024
179025
179026
179027
179028
179029
179030
179040
179041
179042
179043
179045
179047
182683
182686
182718
182719
182720
182721
182722
182731
182732
182733
182797
182798
182799
182800
182801
182802
182803
182804
182806
182812
182814
182817
182818
182819
182820
182821
182822
182823
182824
182825
182826
182827
182828
182829
182835
182836
182837
182838
182839
182840
182841
185117
185118
185119
185120
185121
185122
185123
185141
185142
185143
185144
185145
185146
185147
185148
185149
185150
185151
185152
185153
185154
185155
185156
185157
185158
185159
185160
185161
185162
185163
185164
185165
185166
185167
185168
185169
185170
185171
185172
185173
185174
185175
185179
185181
185183
185184
185185
185186
185187
185188
185189
186045
186046
186047
186048
186049
186059
186062
186406
186407
186409
186410
186411
186412
186413
186414
186415
186416
186417
186418
186419
187012
187013
187014
187016
187017
187018
187019
187020
187125
187126
187127
187128
187129
187130
187131
187132
187133
187134
187135
187136
187137
187138
187139
187140
187141
187142
187143
187144
187984
187985
187986
187987
187988
187989
187990
187991
187992
187993
187994
187995
187996
187997
188151
188152
188153
188154
188155
188156
188157
188300
188301
188302
188303
188304
188305
188688
188689
188690
188691
188692
188693
188694
188695
188696
188697
188698
188699
188716
188717
188718
188719
188957
188958
188959
188960
188961
188962
188963
188964
188965
188966
189338
189339
189340
189341
189342
189348
189349
189350
189351
189352
189375
189376
189377
189839
189840
189847
189848
189849
189850
189851
189853
189855
189876
189972
189973
189974
189975
189976
189982
189983
189984
189985
189986
189987
189988
189989
189990
189991
189992
189993
189994
189995
189996
189997
189998
189999
190000
190001
190002
190815
190816
190817
190818
190819
190820
190821
190822
190823
190824
190825
190826
190827
190828
190829
191045
191046
191047
191048
191049
191119
191120
191121
191122
191123
191124
191125
191126
191127
191128
191366
191367
191368
191369
191370
191371
191372
191373
191374
191375
191608
191609
191610
191611
191612
191667
191669
191670
191671
191740
191783
191834
191837
191895
191901
191921
191945
191993
191994
192091
192098
192100
192128
192129
192130
192195
192201
192207
192251
192252
192254
192257
192305
192371
192382
192386
192407
192411
192412
192482
192492
192508
192510
192623
192625
192631
192722
192725
192736
192748
192752
192757
192758
192773
192920
192921
192994
193073
193079
193082
193084
193085
193103
193104
193106
193191
193440
193443
193445
193446
193449
193474
193476
193478
193480
193481
193539
193733
193735
193736
193737
193739
194607
194610
194611
194612
194613
194614
194618
194619
194620
194621
194622
194623
194624
194625
194626
194627
194628
194629
194630
194637
194639
195411
195412
195413
195414
195415
195416
195647
195651
195653
195655
195656
195657
195658
195659
195660
195661
195667
195668
195669
195670
195675
195676
195677
195678
195683
195684
195782
195783
195784
195785
195786
195792
195793
195794
195795
195796
195797
195798
195799
195800
195807
195808
195817
195818
195819
195820
196737
196738
196739
197047
197048
197053
197054
197055
197056
197057
197058
197059
197060
197061
197062
197126
197127
197128
197129
197130
197131
197136
197137
197138
197139
197148
197149
197150
197151
197172
197173
197174
197175
197176
197464
197465
197466
197467
197699
197700
197701
197702
197704
198158
198159
198210
198211
198212
198213
198214
198215
198225
198226
198227
198234
198235
198272
198273
198274
198308
198309
198310
198319
198320
198321
198322
198594
198595
198610
198611
198612
198613
198615
198616
198617
198642
198924
198925
198928
198929
198949
199002
199003
199218
199219
199220
199221
199222
199235
199236
199237
199288
199289
199290
199299
199300
199301
199312
199314
199334
199335
199336
199503
199504
199635
199636
199642
199643
199649
199650
199652
199653
199654
199655
199656
199657
199787
199788
199789
199801
199802
199803
199819
199820
199821
200005
200006
200007
200008
200009
200080
200081
200082
200085
200086
200087
200088
200105
200106
200345
200346
200347
200348
200349
200350
200474
200475
200527
200528
200529
200573
200722
200723
200727
200728
200729
200841
201354
201389
201478
201479
201598
201608
201609
201657
201759
201760
201761
201762
201779
201848
201849
201853
201996
201997
202011
202014
202018
202019
202050
202187
202317
202329
202338
202339
202461
202466
202467
202484
202497
202498
202499
202504
202729
202730
202731
202732
202733
202819
202946
202960
202961
202962
202988
203103
203106
203460
203461
203463
203466
203467
203468
203471
203512
203513
203514
203515
203516
203517
203518
203519
203606
203607
203860
203862
203865
203866
203867
203869
203870
203871
203872
204134
204278
204342
204440
204457
204498
204500
204758
204759
204760
204762
204763
204764
204765
204768
205075
205076
205077
205079
205080
205107
205108
205111
205112
205113
205119
205123
205124
205521
205522
205523
205524
205539
205540
205552
205553
205881
205882
205887
205890
205905
205919
206007
206008
206009
206013
206014
206015
206016
206027
206119
206120
206121
206124
206125
206234
206235
206236
206241
206256
206264
206333
206334
206384
206385
206389
206390
206391
206453
206459
206460
206461
206468
206535
206536
206563
206564
206662
206663
206741
206742
206760
206783
206816
206819
206875
207093
207145
207196
207199
207275
207322
207323
207404
207416
207560
207561
207625
207626
207627
207643
207735
207736
207737
207837
207838
207900
208059
208060
208061
208063
208064
208087
208124
208125
208241
208242
208243
208347
208411
208545
208546
208670
208840
208841
209067
209068
209069
209070
209071
209072
209310
209311
209312
209313
209377
209422
209423
209424
209425
209426
209431
209432
209433
209434
209435
209436
209437
209736
209825
209851
209852
209853
209854
209855
209863
210034
210035
210036
210037
210038
210039
210206
210234
210235
210236
210562
210563
210687
210688
210689
210690
210691
210692
210693
210755
210855
210856
210857
210926
210992
211257
211258
211259
211324
211325
211364
211387
211388
211407
211408
211409
211410
211474
211475
211600
211601
211670
211671
211676
211677
211678
211687
211688
211759
211760
211763
211816
211817
211818
211819
211871
211878
211879
211893
211894
211895
211987
211992
211993
211994
212077
212078
212079
212080
212081
212082
212144
212145
212150
212376
212391
212392
212623
212625
212629
212630
212631
212632
212646
212647
212648
212649
212651
212806
212807
212808
212916
212948
213158
213159
213160
213161
213162
213447
213449
213450
213451
213452
213453
213454
213479
213480
213481
213482
213483
213484
213485
213486
213487
213488
213489
213490
213496
213497
213499
213500
213885
213886
213887
213914
213915
213916
213978
213979
214255
214263
214264
214265
214266
214352
214353
214354
214355
214356
214458
214459
214460
214461
214462
214467
214468
214586
214587
214588
214589
214590
214607
214608
214609
214617
214618
214679
214680
214726
214731
214816
214817
214828
214829
214834
214902
214903
215043
215044
215106
215107
215108
215131
215161
215195
215198
215260
215564
215565
215566
215623
215624
215625
215626
215713
215753
215754
215755
215859
215860
216086
216087
216105
216210
216211
216212
216304
216306
216307
216550
216551
216552
216553
216554
216555
216606
216710
216904
216949
217223
217224
217414
217415
217416
217417
217418
217419
217420
217421
217422
217423
217424
217659
217744
217745
217746
217747
217748
217751
217753
217861
217862
217863
217864
217865
217983
218004
218005
218006
218007
218008
218245
218246
218351
218352
218353
218395
218474
218475
218476
218477
218523
218524
218525
218823
218844
218865
218866
218867
218868
218908
218909
219006
219007
219052
219062
219063
219064
219111
219115
219116
219117
219149
219177
219180
219181
219182
219183
219192
219266
219267
219268
219269
219270
219324
219325
219326
219327
219380
219381
219382
219383
219567
219717
219718
219719
219724
219725
219726
219727
219728
219729
219730
219744
219864
219865
219922
220020
220021
220197
220198
220215
220216
220217
220218
220219
220220
220221
220225
220228
220229
220447
220448
220660
220661
220662
220663
220664
220709
220710
220711
220712
220765
220766
220767
220768
220769
220770
220834
220835
220845
220846
220847
220848
220853
220854
220885
220886
220918
220919
220920
220921
220922
220925
220966
220967
220984
221121
221150
221151
221152
221153
221180
221434
221435
221487
221488
221525
221589
221590
221730
221731
221732
221733
221805
221806
221862
221990
221991
221992
221993
221994
221995
222126
222146
222147
222321
222322
222323
222324
222325
222326
222327
222436
222474
222475
222530
222531
222581
222582
222583
222775
222776
222816
223004
223005
223007
223022
223023
223024
223025
223111
223112
223147
223148
223149
223160
223161
223176
223177
223178
223180
223222
223223
223224
223260
223282
223283
223284
223438
223439
223441
223442
223448
223557
223558
223562
223563
223565
223566
223567
223568
223686
223721
223746
223747
223749
223760
223761
223762
223763
223834
223926
223944
224029
224072
224074
224102
224103
224155
224162
224236
224289
224310
224312
224348
224469
224478
224502
224507
224526
224586
224642
224675
224699
224722
224811
224827
224853
224854
224898
224909
224930
224936
225043
225070
225119
225145
225189
225192
225221
225246
225389
225406
225515
225557
225643
225713
225728
225766
225786
225814
225832
225834
225837
225856
225891
225950
225970
226035
226049
226124
226154
226197
226322
226325
)


// ************************************************************************* //
