/*--------------------------------*- C++ -*----------------------------------*\
| =========                 |                                                 |
| \\      /  F ield         | OpenFOAM: The Open Source CFD Toolbox           |
|  \\    /   O peration     | Version:  v1612+                                |
|   \\  /    A nd           | Web:      www.OpenFOAM.com                      |
|    \\/     M anipulation  |                                                 |
\*---------------------------------------------------------------------------*/
FoamFile
{
    version     2.0;
    format      ascii;
    class       volVectorField;
    location    "200";
    object      wallShearStress;
}
// * * * * * * * * * * * * * * * * * * * * * * * * * * * * * * * * * * * * * //

dimensions      [0 2 -2 0 0 0 0];

internalField   uniform (0 0 0);

boundaryField
{
    WALL
    {
        type            calculated;
        value           nonuniform List<vector> 
1500
(
(-0.00736992 -0.0109521 -0.00439357)
(-0.00778095 -0.0117902 -0.00460296)
(-0.00955786 -0.0119133 -0.00388218)
(-0.0106599 -0.0129633 -0.00384257)
(-0.00875278 -0.0116455 -0.00338766)
(-0.0090828 -0.0122734 -0.00342734)
(-0.0104189 -0.0126935 -0.0040722)
(-0.00983724 -0.0125926 -0.00303996)
(-0.0109455 -0.0134546 -0.00442217)
(-0.00974467 -0.0137184 -0.00343961)
(-0.0092809 -0.00947286 -0.00406911)
(-0.00964259 -0.0098145 -0.00431093)
(-0.00735485 -0.00814673 -0.00243176)
(-0.00748276 -0.008653 -0.00254288)
(-0.0103756 -0.0108091 -0.00483888)
(-0.00987852 -0.0109042 -0.00447836)
(-0.0109107 -0.0139392 -0.00402702)
(-0.0118068 -0.0143758 -0.00538486)
(-0.00853547 -0.00985821 -0.00262117)
(-0.00800967 -0.00977272 -0.00314405)
(-0.01037 -0.0114259 -0.00251464)
(-0.0105501 -0.0110602 -0.00218135)
(-0.00941595 -0.0137562 -0.0031166)
(-0.0100729 -0.0144211 -0.00322147)
(-0.00881598 -0.0113495 -0.00344977)
(-0.00854924 -0.0118068 -0.00334583)
(-0.00942673 -0.0105493 -0.00305366)
(-0.00953845 -0.00989021 -0.00227375)
(-0.008208 -0.010029 -0.00328052)
(-0.00804923 -0.00982523 -0.00324948)
(-0.00742368 -0.0108158 -0.00390404)
(-0.00748077 -0.0100971 -0.00354225)
(-0.0113004 -0.0139853 -0.00494091)
(-0.0116693 -0.0147562 -0.00382776)
(-0.0117915 -0.0139765 -0.00269401)
(-0.0106498 -0.0118464 -0.00242341)
(-0.0109045 -0.0136425 -0.00482057)
(-0.0105459 -0.0136229 -0.00512764)
(-0.00878249 -0.0113356 -0.00426098)
(-0.00992436 -0.012965 -0.00498875)
(-0.00897936 -0.0107382 -0.00337185)
(-0.0086909 -0.010047 -0.00327461)
(-0.00871493 -0.0105492 -0.00335043)
(-0.00806671 -0.00970002 -0.00306776)
(-0.0107895 -0.0130134 -0.00434189)
(-0.00984982 -0.0125619 -0.00440759)
(-0.00852865 -0.0113184 -0.00373472)
(-0.00793899 -0.0105264 -0.00372691)
(-0.0102316 -0.0110581 -0.00191727)
(-0.00978046 -0.0109472 -0.00308037)
(-0.00855061 -0.00849327 -0.00313928)
(-0.00761965 -0.00741118 -0.00286375)
(-0.00719353 -0.00768255 -0.00234712)
(-0.00702427 -0.00779152 -0.00229389)
(-0.00776567 -0.00769042 -0.00252202)
(-0.0078886 -0.0077558 -0.00266692)
(-0.0105222 -0.0118395 -0.00242791)
(-0.0101942 -0.0113839 -0.00290348)
(-0.0109379 -0.0130334 -0.00342745)
(-0.0108719 -0.0118654 -0.00230663)
(-0.0108385 -0.0143847 -0.00310153)
(-0.0103258 -0.0134254 -0.00343328)
(-0.0100939 -0.0105851 -0.00257581)
(-0.00966485 -0.0105988 -0.00273322)
(-0.0105892 -0.011221 -0.00208879)
(-0.0102963 -0.0113261 -0.00309932)
(-0.00883662 -0.00879297 -0.00352582)
(-0.00871711 -0.00857994 -0.00365172)
(-0.00849549 -0.0083229 -0.00347246)
(-0.00772483 -0.00751346 -0.00309599)
(-0.00893571 -0.00858076 -0.00383124)
(-0.00794742 -0.0092954 -0.00317562)
(-0.00777513 -0.00917651 -0.00302579)
(-0.00788986 -0.0100376 -0.00322829)
(-0.00787991 -0.00943664 -0.00307219)
(-0.00814017 -0.00948554 -0.00320671)
(-0.00754642 -0.00970468 -0.00322241)
(-0.0100276 -0.0125932 -0.00344944)
(-0.0105678 -0.0133069 -0.00362844)
(-0.0104313 -0.0132545 -0.00343185)
(-0.0109692 -0.0139755 -0.00391056)
(-0.0103467 -0.0134377 -0.00320174)
(-0.0106376 -0.0135325 -0.00318383)
(-0.00832042 -0.0100983 -0.00303751)
(-0.00850031 -0.0106452 -0.00386169)
(-0.0088231 -0.0109506 -0.0035988)
(-0.00854406 -0.0101594 -0.00270013)
(-0.00874744 -0.0105612 -0.00333973)
(-0.00982277 -0.0104141 -0.00245396)
(-0.0101012 -0.0103222 -0.00266963)
(-0.00997883 -0.0104028 -0.00276884)
(-0.00968015 -0.0104298 -0.00265361)
(-0.0104268 -0.0109312 -0.00278954)
(-0.00910677 -0.0116345 -0.00369879)
(-0.00879112 -0.0117035 -0.0034733)
(-0.0091297 -0.0120736 -0.00358288)
(-0.00883844 -0.0116889 -0.00350495)
(-0.00876423 -0.0112572 -0.00356)
(-0.00912859 -0.0119339 -0.00369392)
(-0.0106634 -0.0135963 -0.00330731)
(-0.00990744 -0.0131475 -0.00348858)
(-0.010842 -0.013674 -0.00423871)
(-0.010848 -0.0139093 -0.00381427)
(-0.0102095 -0.0130773 -0.00416439)
(-0.00792689 -0.0113515 -0.00379638)
(-0.00781168 -0.0105009 -0.00364952)
(-0.00768392 -0.0106326 -0.00364157)
(-0.00820787 -0.0112618 -0.00394158)
(-0.00758506 -0.0112968 -0.00392971)
(-0.0111381 -0.0145162 -0.00372559)
(-0.011859 -0.0149035 -0.00449509)
(-0.0116118 -0.0144457 -0.00438112)
(-0.0120762 -0.0154316 -0.00445684)
(-0.0113536 -0.0143118 -0.00428105)
(-0.0113898 -0.0139837 -0.00497569)
(-0.00927249 -0.0107776 -0.0029951)
(-0.00945369 -0.010536 -0.00276726)
(-0.0101183 -0.0111864 -0.00264522)
(-0.0084389 -0.00997868 -0.00313623)
(-0.00945572 -0.0107392 -0.0031077)
(-0.00841106 -0.0103034 -0.003321)
(-0.00814189 -0.0100666 -0.00368671)
(-0.0101729 -0.0118739 -0.00366873)
(-0.0100316 -0.0118123 -0.00317155)
(-0.00983035 -0.0117728 -0.00380073)
(-0.00933882 -0.00982806 -0.00411818)
(-0.00910308 -0.00960529 -0.00420818)
(-0.00873729 -0.00967026 -0.00381543)
(-0.0101007 -0.0111065 -0.00440135)
(-0.00796305 -0.00829246 -0.00307209)
(-0.00833384 -0.00841237 -0.00297461)
(-0.00828029 -0.00787662 -0.0033176)
(-0.00833574 -0.00802094 -0.00324737)
(-0.00864113 -0.00831807 -0.00347251)
(-0.00891465 -0.00889735 -0.00352673)
(-0.0088754 -0.00848712 -0.00363732)
(-0.00912549 -0.0100345 -0.00290141)
(-0.00994235 -0.0106087 -0.00253797)
(-0.00958322 -0.0107926 -0.00294132)
(-0.0110445 -0.0117576 -0.00275341)
(-0.0105794 -0.0113558 -0.00233775)
(-0.00974334 -0.010544 -0.00277475)
(-0.00942649 -0.0107992 -0.00297083)
(-0.00856382 -0.00996677 -0.00302683)
(-0.00846113 -0.00946263 -0.00282626)
(-0.00898642 -0.0102366 -0.00306436)
(-0.0095278 -0.0105252 -0.00267303)
(-0.00939829 -0.0103028 -0.00300647)
(-0.0100772 -0.0117053 -0.00322327)
(-0.0106172 -0.01191 -0.00225796)
(-0.0109866 -0.0125542 -0.00326118)
(-0.00980241 -0.0111473 -0.00336812)
(-0.010062 -0.0108725 -0.00275188)
(-0.0107926 -0.0141244 -0.00537417)
(-0.0122806 -0.0152766 -0.00452216)
(-0.0078499 -0.012222 -0.00452597)
(-0.00813955 -0.0125866 -0.00450633)
(-0.0074167 -0.0110191 -0.00462391)
(-0.0071368 -0.0105497 -0.00429534)
(-0.00767427 -0.0101315 -0.00377844)
(-0.00768727 -0.0114051 -0.00430998)
(-0.00729721 -0.0109375 -0.00458571)
(-0.00753748 -0.0112975 -0.00460123)
(-0.0079232 -0.0108308 -0.0044877)
(-0.00727297 -0.0103916 -0.00451948)
(-0.00954121 -0.0111809 -0.00401618)
(-0.00930193 -0.0103162 -0.00432142)
(-0.00919085 -0.0103129 -0.00414922)
(-0.00933794 -0.0106331 -0.00429322)
(-0.00961412 -0.0108515 -0.00447651)
(-0.0097969 -0.0106891 -0.00438097)
(-0.00878666 -0.00949898 -0.00382192)
(-0.00875928 -0.00884998 -0.00364356)
(-0.00948578 -0.00965442 -0.00424857)
(-0.00897339 -0.00961902 -0.00375807)
(-0.00873871 -0.00901918 -0.00359994)
(-0.00896168 -0.00939168 -0.00388235)
(-0.00744887 -0.00761899 -0.00247677)
(-0.00751629 -0.00742617 -0.00237295)
(-0.00769457 -0.00755166 -0.0025873)
(-0.0074612 -0.00748009 -0.0024524)
(-0.00751051 -0.00776628 -0.0026333)
(-0.00790797 -0.00762891 -0.00272075)
(-0.0100051 -0.0123462 -0.00323954)
(-0.00956488 -0.0120406 -0.00269576)
(-0.00917967 -0.011657 -0.00281375)
(-0.0106725 -0.013367 -0.00326916)
(-0.0104182 -0.012985 -0.00422731)
(-0.0112701 -0.0136586 -0.00439648)
(-0.0101417 -0.0124501 -0.00385269)
(-0.0103633 -0.0133327 -0.00411317)
(-0.00964499 -0.0113612 -0.0043841)
(-0.00938514 -0.0117649 -0.00327493)
(-0.00992634 -0.0122829 -0.00431726)
(-0.0107982 -0.0130927 -0.00376918)
(-0.00962596 -0.012043 -0.00272777)
(-0.00942825 -0.0115141 -0.00308052)
(-0.00999608 -0.0125973 -0.00267)
(-0.00992343 -0.0123019 -0.00385365)
(-0.0102798 -0.0131416 -0.00278631)
(-0.0106745 -0.0133207 -0.00312929)
(-0.0106066 -0.0129591 -0.00388845)
(-0.0110613 -0.0136525 -0.00425035)
(-0.0113711 -0.0139885 -0.00400319)
(-0.010097 -0.0127537 -0.00320757)
(-0.0111837 -0.0140695 -0.00414813)
(-0.0105685 -0.0127618 -0.00308836)
(-0.00992209 -0.0117261 -0.00236418)
(-0.0102532 -0.0126372 -0.00333761)
(-0.0112331 -0.0126442 -0.0022011)
(-0.0112071 -0.0129693 -0.00308728)
(-0.0111087 -0.0124711 -0.0020707)
(-0.0107352 -0.0130662 -0.00358834)
(-0.0104575 -0.0123215 -0.00226575)
(-0.0110023 -0.0138785 -0.00323018)
(-0.0117784 -0.0139167 -0.00281484)
(-0.0101642 -0.0127411 -0.00312726)
(-0.010125 -0.0122395 -0.00354222)
(-0.0107897 -0.0130266 -0.00251799)
(-0.0112035 -0.0137592 -0.00384741)
(-0.0122502 -0.014313 -0.00318595)
(-0.0118591 -0.014226 -0.00255167)
(-0.0108656 -0.0130635 -0.00245143)
(-0.0108139 -0.0130245 -0.00358088)
(-0.0111736 -0.0123067 -0.00210287)
(-0.0107028 -0.0120865 -0.00207279)
(-0.0108166 -0.0123891 -0.00267767)
(-0.011403 -0.0132921 -0.00233638)
(-0.0109283 -0.0123604 -0.00258341)
(-0.0116689 -0.0134363 -0.00269143)
(-0.00698925 -0.00998777 -0.00405105)
(-0.00713836 -0.0103062 -0.00390231)
(-0.00799173 -0.0104367 -0.00392935)
(-0.00774033 -0.0102706 -0.00372207)
(-0.00734104 -0.0108405 -0.00433474)
(-0.00720546 -0.0105817 -0.00417579)
(-0.00670027 -0.00798713 -0.00260546)
(-0.00689072 -0.00902158 -0.00299549)
(-0.00655148 -0.00813092 -0.0027493)
(-0.00690738 -0.00878279 -0.00288297)
(-0.010355 -0.0128125 -0.00412426)
(-0.0106241 -0.0131228 -0.00470976)
(-0.011481 -0.0136482 -0.00417371)
(-0.0110749 -0.0136304 -0.00482049)
(-0.0105134 -0.0130503 -0.00430643)
(-0.0109589 -0.0135376 -0.00428883)
(-0.0084709 -0.0107063 -0.00352198)
(-0.00910678 -0.01158 -0.00387676)
(-0.00787675 -0.0100808 -0.00332865)
(-0.00868677 -0.0107025 -0.00326869)
(-0.00897675 -0.0115325 -0.00420921)
(-0.00855667 -0.0111736 -0.00399526)
(-0.00885666 -0.0109869 -0.00379405)
(-0.00866895 -0.0106861 -0.0037341)
(-0.00819046 -0.0107121 -0.00374577)
(-0.0108536 -0.0125375 -0.00269526)
(-0.00993064 -0.0121402 -0.00341677)
(-0.0103669 -0.0119274 -0.00287536)
(-0.00960218 -0.0116602 -0.00366216)
(-0.011681 -0.0142735 -0.00258598)
(-0.0125314 -0.0144314 -0.00277783)
(-0.0100437 -0.0114784 -0.00306266)
(-0.00931119 -0.0109158 -0.00294047)
(-0.00817974 -0.00976407 -0.00307265)
(-0.00988344 -0.0113639 -0.00333042)
(-0.0102778 -0.011457 -0.0025119)
(-0.00847396 -0.0107611 -0.00386237)
(-0.0103176 -0.0121015 -0.00315405)
(-0.0101197 -0.0115465 -0.00314681)
(-0.0116168 -0.0135752 -0.00238331)
(-0.00935489 -0.0108141 -0.00278126)
(-0.0119385 -0.013556 -0.00325359)
(-0.0119408 -0.0151241 -0.00413855)
(-0.0120186 -0.014984 -0.00258396)
(-0.0122493 -0.0148625 -0.00306791)
(-0.0114201 -0.0146277 -0.00375116)
(-0.0121161 -0.0150657 -0.00344661)
(-0.0124189 -0.0150856 -0.00344061)
(-0.0105796 -0.0129556 -0.00291461)
(-0.0118861 -0.0151375 -0.00321549)
(-0.0117378 -0.0139987 -0.00302248)
(-0.0113705 -0.014095 -0.00321791)
(-0.012181 -0.0149362 -0.00392512)
(-0.0111435 -0.0136673 -0.00297304)
(-0.0102068 -0.0128053 -0.00404899)
(-0.0116838 -0.0141217 -0.00456307)
(-0.0112466 -0.0134202 -0.00554041)
(-0.0103217 -0.0124089 -0.00418873)
(-0.0112969 -0.0121254 -0.00558066)
(-0.0110183 -0.0138491 -0.00475498)
(-0.0108516 -0.0111543 -0.00511887)
(-0.00970117 -0.00983469 -0.00435814)
(-0.0101026 -0.0109119 -0.00453871)
(-0.00980833 -0.0101475 -0.00454209)
(-0.010254 -0.0112737 -0.00473701)
(-0.0117443 -0.0144 -0.00422281)
(-0.0121518 -0.0149637 -0.00484448)
(-0.011179 -0.0131224 -0.00523606)
(-0.0120124 -0.0145501 -0.00530374)
(-0.0116036 -0.0148094 -0.00430027)
(-0.0107913 -0.0127552 -0.00468668)
(-0.0110617 -0.0139156 -0.0042683)
(-0.01194 -0.0145301 -0.00485436)
(-0.0105801 -0.0134276 -0.00455093)
(-0.0119742 -0.01504 -0.0044181)
(-0.0113193 -0.0131033 -0.00539658)
(-0.0106558 -0.0130711 -0.00430858)
(-0.0117444 -0.0145747 -0.00494834)
(-0.0120447 -0.0150226 -0.00395804)
(-0.011716 -0.0145715 -0.00453667)
(-0.0115904 -0.0144521 -0.0045543)
(-0.0120086 -0.015119 -0.00442374)
(-0.0110446 -0.0140575 -0.0041128)
(-0.00755019 -0.00874682 -0.00273629)
(-0.00752488 -0.00865707 -0.00269567)
(-0.0075424 -0.00869679 -0.00268384)
(-0.00772738 -0.00938179 -0.00302602)
(-0.00790493 -0.00959679 -0.00299708)
(-0.00799028 -0.00940071 -0.00290307)
(-0.00672607 -0.00781189 -0.00251878)
(-0.00663205 -0.00719232 -0.00236561)
(-0.00706466 -0.00745842 -0.00239469)
(-0.00685474 -0.00790686 -0.00253446)
(-0.00719666 -0.0077519 -0.00242901)
(-0.00680189 -0.00767631 -0.00240647)
(-0.0069513 -0.00738319 -0.00253092)
(-0.00748561 -0.00748501 -0.0028164)
(-0.0069347 -0.00718458 -0.00254547)
(-0.00730861 -0.00735937 -0.00271855)
(-0.0074424 -0.00766448 -0.00263193)
(-0.00670885 -0.00705057 -0.00244122)
(-0.00765705 -0.00925256 -0.00295028)
(-0.00764665 -0.00902032 -0.00291711)
(-0.00692601 -0.00832387 -0.00263657)
(-0.00701761 -0.00822952 -0.00261935)
(-0.00729376 -0.00858069 -0.00266037)
(-0.00716767 -0.00852367 -0.00276094)
(-0.00788133 -0.0100382 -0.00349695)
(-0.00737071 -0.00999548 -0.00353538)
(-0.00732632 -0.00966231 -0.0034679)
(-0.00774808 -0.0101434 -0.00358107)
(-0.00788434 -0.0100592 -0.00361559)
(-0.00843046 -0.0121614 -0.00349878)
(-0.00870583 -0.0122494 -0.00353693)
(-0.00882473 -0.0123097 -0.00363403)
(-0.00865375 -0.0121976 -0.00345346)
(-0.00927012 -0.0120964 -0.00405221)
(-0.00880297 -0.0127431 -0.00364621)
(-0.00887179 -0.0101018 -0.00314503)
(-0.00813997 -0.00991034 -0.00331528)
(-0.00803992 -0.00983124 -0.00324641)
(-0.00864905 -0.00974236 -0.00289447)
(-0.00814919 -0.00962584 -0.00314037)
(-0.00819091 -0.00990023 -0.00319311)
(-0.00897201 -0.0120732 -0.00364221)
(-0.00911002 -0.0118842 -0.00373525)
(-0.00980694 -0.0123954 -0.00404947)
(-0.00917387 -0.0119634 -0.00368994)
(-0.00916013 -0.0114941 -0.00392864)
(-0.00793866 -0.0110868 -0.00352468)
(-0.00857257 -0.0118244 -0.00367557)
(-0.00851377 -0.0117248 -0.00367418)
(-0.00792959 -0.0111185 -0.0034431)
(-0.00855663 -0.0118633 -0.00381189)
(-0.0081298 -0.0111824 -0.00345449)
(-0.00807465 -0.0101284 -0.00335723)
(-0.00740873 -0.00969209 -0.00320457)
(-0.00775012 -0.0100903 -0.00326205)
(-0.00796715 -0.00967216 -0.00326891)
(-0.00762891 -0.00996939 -0.00333733)
(-0.00782834 -0.0101716 -0.00330448)
(-0.00943329 -0.0128878 -0.0033821)
(-0.00882435 -0.0128674 -0.00306514)
(-0.00921409 -0.0137518 -0.00319783)
(-0.00939683 -0.0128639 -0.00354291)
(-0.00876236 -0.0124078 -0.003367)
(-0.00915945 -0.0128773 -0.003563)
(-0.0107153 -0.0143398 -0.00331146)
(-0.00978954 -0.0134077 -0.0031155)
(-0.0105797 -0.0149535 -0.00343737)
(-0.009988 -0.0142988 -0.00326828)
(-0.009716 -0.0137002 -0.00313499)
(-0.00916064 -0.0129038 -0.00265913)
(-0.011901 -0.0147455 -0.00491423)
(-0.0117664 -0.0144302 -0.00398897)
(-0.0122776 -0.0149314 -0.00405179)
(-0.0113188 -0.0139543 -0.00379517)
(-0.0108236 -0.0135267 -0.00437546)
(-0.0122504 -0.0155576 -0.00375745)
(-0.0107527 -0.0134058 -0.00360245)
(-0.0112326 -0.0136592 -0.00451871)
(-0.010588 -0.0129489 -0.00397774)
(-0.0117535 -0.0148939 -0.00368542)
(-0.0115257 -0.0137849 -0.00406627)
(-0.0107175 -0.0134624 -0.00457426)
(-0.011322 -0.0143442 -0.00332546)
(-0.0127698 -0.0161822 -0.00416581)
(-0.0118574 -0.0149646 -0.00399566)
(-0.0119266 -0.0156493 -0.00286109)
(-0.012744 -0.0154494 -0.00403848)
(-0.0118241 -0.014491 -0.00440329)
(-0.0132634 -0.0167162 -0.00428907)
(-0.0125626 -0.0157682 -0.00537602)
(-0.012988 -0.0156119 -0.00401518)
(-0.0122164 -0.0148483 -0.00413772)
(-0.0118873 -0.0144079 -0.00374169)
(-0.011879 -0.0146837 -0.0047622)
(-0.0092441 -0.0133198 -0.00302796)
(-0.00950387 -0.013202 -0.00337523)
(-0.00986364 -0.0145993 -0.00279836)
(-0.00880911 -0.0132873 -0.00298647)
(-0.00956233 -0.013647 -0.0028608)
(-0.00977034 -0.0135644 -0.00311821)
(-0.0113599 -0.0151483 -0.00261537)
(-0.0109753 -0.0146956 -0.00323554)
(-0.0125578 -0.0155386 -0.00395576)
(-0.0124996 -0.0161391 -0.00301989)
(-0.0125832 -0.0160383 -0.00418472)
(-0.0120414 -0.015331 -0.00280222)
(-0.00883203 -0.0130374 -0.00326437)
(-0.00894385 -0.0133451 -0.00330875)
(-0.00879713 -0.0128976 -0.00347017)
(-0.00874896 -0.0127197 -0.00328168)
(-0.00880781 -0.0130783 -0.00350988)
(-0.00853736 -0.0126003 -0.0033259)
(-0.00901467 -0.0128642 -0.00410998)
(-0.00850123 -0.0127688 -0.0043551)
(-0.00844462 -0.0122655 -0.00388169)
(-0.00908957 -0.0130107 -0.00444543)
(-0.00930412 -0.00956323 -0.00233402)
(-0.00916095 -0.0100081 -0.00274673)
(-0.00908112 -0.00979913 -0.00270097)
(-0.00895969 -0.00980804 -0.00278769)
(-0.0104025 -0.0105364 -0.00245574)
(-0.00991773 -0.010252 -0.0022311)
(-0.00950876 -0.013205 -0.00343546)
(-0.00982418 -0.0132048 -0.00330985)
(-0.00986577 -0.0130432 -0.0036198)
(-0.0103009 -0.0134385 -0.00375281)
(-0.00990217 -0.0131874 -0.00357244)
(-0.00963153 -0.0126373 -0.00356301)
(-0.00956705 -0.0126327 -0.00373263)
(-0.00897189 -0.01181 -0.00350668)
(-0.00875653 -0.0118918 -0.00356877)
(-0.00914159 -0.0119365 -0.00351962)
(-0.00885295 -0.0112645 -0.00351536)
(-0.00853055 -0.0113961 -0.00343653)
(-0.00871603 -0.0118104 -0.00345224)
(-0.00875192 -0.0114603 -0.0034674)
(-0.00949776 -0.0128827 -0.00315291)
(-0.00943847 -0.0124905 -0.00353442)
(-0.00964146 -0.0127355 -0.00351147)
(-0.0101012 -0.0130114 -0.00368068)
(-0.00951548 -0.0127378 -0.00364832)
(-0.00999923 -0.0133625 -0.00366294)
(-0.00912418 -0.0114304 -0.00354776)
(-0.0103182 -0.0130666 -0.00323491)
(-0.00992404 -0.0118752 -0.00340616)
(-0.00982599 -0.0121338 -0.00346218)
(-0.0089973 -0.0110135 -0.00343302)
(-0.0102652 -0.0126431 -0.00386389)
(-0.00755502 -0.00901711 -0.00273972)
(-0.00771161 -0.00904068 -0.00259372)
(-0.00717259 -0.00820218 -0.00229627)
(-0.00718398 -0.00842717 -0.00253149)
(-0.00732676 -0.00843707 -0.00248193)
(-0.00769308 -0.00897586 -0.00259543)
(-0.01105 -0.0138772 -0.00327946)
(-0.00952177 -0.0119015 -0.00328293)
(-0.0102767 -0.0127849 -0.00341442)
(-0.0103765 -0.0129452 -0.00407645)
(-0.0102543 -0.0129274 -0.00317336)
(-0.0099482 -0.0122639 -0.00339861)
(-0.00997111 -0.0124734 -0.00320665)
(-0.00960011 -0.0117073 -0.00309381)
(-0.0094441 -0.0115085 -0.00329226)
(-0.00921101 -0.0115722 -0.00395922)
(-0.00962722 -0.0113784 -0.00328053)
(-0.00885245 -0.0111264 -0.00379599)
(-0.00853055 -0.0102267 -0.0035105)
(-0.00900905 -0.0110087 -0.00379184)
(-0.00953643 -0.011145 -0.00321612)
(-0.00945637 -0.0116308 -0.00334863)
(-0.00848497 -0.0108958 -0.00388547)
(-0.00930077 -0.0112443 -0.00368753)
(-0.00891482 -0.0105966 -0.00288756)
(-0.00894196 -0.0109683 -0.00326091)
(-0.00810081 -0.00993883 -0.00325734)
(-0.0078406 -0.0101204 -0.00344455)
(-0.00806685 -0.00962361 -0.00301496)
(-0.00896359 -0.011011 -0.00328537)
(-0.00908521 -0.011242 -0.0035506)
(-0.00843793 -0.0104496 -0.00342553)
(-0.010647 -0.0124621 -0.00448414)
(-0.0114623 -0.0128547 -0.00569856)
(-0.0101031 -0.0121149 -0.00447799)
(-0.010674 -0.0121731 -0.0051588)
(-0.0107117 -0.0122386 -0.00500754)
(-0.010191 -0.0112684 -0.00490817)
(-0.00989279 -0.0111733 -0.00460121)
(-0.0103801 -0.0111014 -0.00478858)
(-0.0103525 -0.0123249 -0.00433299)
(-0.0105891 -0.0119796 -0.00507493)
(-0.00987346 -0.0106191 -0.00464591)
(-0.0108721 -0.0133093 -0.00298231)
(-0.0112497 -0.0140477 -0.0032066)
(-0.0112274 -0.0138505 -0.00443173)
(-0.0115155 -0.0142332 -0.00362883)
(-0.0105336 -0.013534 -0.00322986)
(-0.0112266 -0.0138791 -0.00339044)
(-0.00709115 -0.00787738 -0.00241932)
(-0.00715448 -0.0080477 -0.00249527)
(-0.00722276 -0.0077581 -0.00248033)
(-0.00713892 -0.00751267 -0.00238939)
(-0.00721861 -0.00788656 -0.00245199)
(-0.00726287 -0.00799443 -0.00240569)
(-0.00756256 -0.00866327 -0.00252972)
(-0.00713206 -0.0082826 -0.00256067)
(-0.00725657 -0.00821116 -0.00252307)
(-0.00746812 -0.00884987 -0.00273422)
(-0.00731139 -0.00865531 -0.00268743)
(-0.00730992 -0.00850912 -0.00263353)
(-0.00734541 -0.00805858 -0.00253504)
(-0.00713339 -0.00776277 -0.00243828)
(-0.0070218 -0.0074628 -0.0023611)
(-0.00703053 -0.00822843 -0.00253464)
(-0.00735372 -0.00772338 -0.00249417)
(-0.00719603 -0.00767961 -0.00255931)
(-0.00720846 -0.0074328 -0.00250426)
(-0.00712737 -0.00730848 -0.00240061)
(-0.00796663 -0.00787376 -0.0025915)
(-0.00713085 -0.00727984 -0.00255263)
(-0.00740671 -0.00752366 -0.00261728)
(-0.0097665 -0.0108076 -0.00451138)
(-0.00939494 -0.00963136 -0.00413508)
(-0.00939292 -0.00963953 -0.00412519)
(-0.00950854 -0.00982088 -0.00431998)
(-0.00959729 -0.0103973 -0.0042111)
(-0.00926007 -0.00938731 -0.0040408)
(-0.00937895 -0.00983739 -0.00424011)
(-0.008662 -0.00897803 -0.00363079)
(-0.00934653 -0.00986875 -0.00400769)
(-0.00892486 -0.00895551 -0.00386111)
(-0.00967617 -0.00988078 -0.00440237)
(-0.00809639 -0.00806806 -0.00311033)
(-0.00891051 -0.00905036 -0.00366313)
(-0.0081113 -0.00828312 -0.00320853)
(-0.00846635 -0.00825646 -0.00334789)
(-0.00875588 -0.00883482 -0.00358002)
(-0.00877235 -0.00892568 -0.0035894)
(-0.00750817 -0.00889015 -0.00271093)
(-0.00739165 -0.00897059 -0.00281217)
(-0.00760628 -0.00870224 -0.00268988)
(-0.00781534 -0.0092347 -0.00275689)
(-0.00771268 -0.00936295 -0.00293019)
(-0.0109781 -0.0142352 -0.00331682)
(-0.010142 -0.0133018 -0.00294306)
(-0.0100446 -0.0129725 -0.00285962)
(-0.0106308 -0.0134381 -0.00399647)
(-0.0110927 -0.014785 -0.00374442)
(-0.0107547 -0.0132589 -0.00407914)
(-0.00854809 -0.0108179 -0.00371949)
(-0.00827367 -0.0105566 -0.00341711)
(-0.00780913 -0.00987292 -0.00323387)
(-0.00849818 -0.00928161 -0.00292334)
(-0.00841417 -0.00928028 -0.00281566)
(-0.00843059 -0.00955604 -0.00292538)
(-0.0083574 -0.00935176 -0.00310255)
(-0.00777327 -0.00911572 -0.00297835)
(-0.00941292 -0.00994674 -0.00285333)
(-0.00879387 -0.0100107 -0.00328333)
(-0.00946466 -0.0098153 -0.00281262)
(-0.00883583 -0.00941283 -0.00278424)
(-0.00889583 -0.00946737 -0.00299304)
(-0.00955677 -0.00956639 -0.00279692)
(-0.0101223 -0.0130012 -0.00395234)
(-0.00917848 -0.0122817 -0.00357509)
(-0.00967256 -0.0124543 -0.00384347)
(-0.00987802 -0.0135058 -0.0038418)
(-0.00909109 -0.0119625 -0.00366834)
(-0.00889214 -0.012295 -0.00328655)
(-0.0107999 -0.0139326 -0.00395124)
(-0.00999603 -0.0133168 -0.00328749)
(-0.00980341 -0.0127638 -0.00392096)
(-0.0103882 -0.0133202 -0.00427886)
(-0.0103645 -0.0143731 -0.00323684)
(-0.00981715 -0.0132887 -0.00279916)
(-0.0104591 -0.0132295 -0.00391305)
(-0.00943206 -0.0125659 -0.00301776)
(-0.0106748 -0.0139218 -0.00379294)
(-0.0105327 -0.0139959 -0.00397582)
(-0.00977659 -0.0131172 -0.00332049)
(-0.0107444 -0.0142525 -0.00304982)
(-0.0112718 -0.0145653 -0.00400439)
(-0.0101588 -0.0141985 -0.00336597)
(-0.00853005 -0.00884064 -0.00368954)
(-0.00865201 -0.00836305 -0.00358956)
(-0.00894258 -0.00925743 -0.00381138)
(-0.00832453 -0.00883109 -0.0033445)
(-0.00909559 -0.00935131 -0.00410646)
(-0.00929568 -0.00946662 -0.00417479)
(-0.00726942 -0.00735489 -0.002733)
(-0.00688091 -0.00733414 -0.00249639)
(-0.00659775 -0.00681653 -0.00242122)
(-0.00724925 -0.00723288 -0.00287054)
(-0.00652927 -0.00706269 -0.0023797)
(-0.00700609 -0.00707558 -0.00252366)
(-0.0121724 -0.0145839 -0.00473729)
(-0.0110428 -0.0136266 -0.00460896)
(-0.0117427 -0.0144203 -0.00370547)
(-0.0116091 -0.0139427 -0.00367197)
(-0.0106628 -0.0134885 -0.00452416)
(-0.0122374 -0.0150141 -0.00528491)
(-0.00845871 -0.0103128 -0.00355732)
(-0.00866676 -0.0111287 -0.00377672)
(-0.00881902 -0.0112516 -0.00389786)
(-0.00970383 -0.0125372 -0.00435031)
(-0.010131 -0.0127693 -0.00442661)
(-0.00773754 -0.0113361 -0.00425579)
(-0.00751947 -0.0113399 -0.00419329)
(-0.00775416 -0.0111992 -0.00387841)
(-0.00831514 -0.0127806 -0.00453425)
(-0.00769835 -0.0111687 -0.00404527)
(-0.00824803 -0.0119358 -0.00405665)
(-0.00918881 -0.0113669 -0.00242786)
(-0.0105928 -0.0131925 -0.00282363)
(-0.00986642 -0.0119049 -0.00306668)
(-0.00728697 -0.00736946 -0.00258381)
(-0.00658885 -0.00679976 -0.00245565)
(-0.00737952 -0.00761142 -0.00261809)
(-0.00705147 -0.00672736 -0.00263473)
(-0.00840496 -0.00802225 -0.00312809)
(-0.00836561 -0.00803124 -0.00325708)
(-0.00911222 -0.00908745 -0.00368611)
(-0.00903384 -0.00897678 -0.0038576)
(-0.00982428 -0.0100838 -0.00425036)
(-0.0101211 -0.0106644 -0.00478382)
(-0.00969493 -0.00989706 -0.00436255)
(-0.00771898 -0.0104301 -0.00350925)
(-0.00941003 -0.0125388 -0.0036282)
(-0.00958725 -0.0129423 -0.00354401)
(-0.00916577 -0.013118 -0.00337951)
(-0.00881232 -0.0124727 -0.00308367)
(-0.00942118 -0.0129389 -0.00292784)
(-0.0094996 -0.0134718 -0.0030377)
(-0.0100779 -0.0141497 -0.00336969)
(-0.00992412 -0.0137146 -0.00339886)
(-0.0106305 -0.0142751 -0.00375142)
(-0.00967773 -0.01257 -0.00311939)
(-0.00873645 -0.00844544 -0.00309892)
(-0.00816704 -0.00814368 -0.00321918)
(-0.00869253 -0.00894401 -0.00363853)
(-0.00923594 -0.00975089 -0.00352937)
(-0.00878339 -0.0088446 -0.00380986)
(-0.00925565 -0.0095411 -0.00391408)
(-0.00765665 -0.00794041 -0.00281276)
(-0.00726318 -0.00744818 -0.00270173)
(-0.00779735 -0.00798746 -0.00313311)
(-0.00844191 -0.00815722 -0.00321036)
(-0.00784407 -0.00771184 -0.00279971)
(-0.00761832 -0.00747292 -0.00263675)
(-0.00724625 -0.00768026 -0.00265386)
(-0.00757795 -0.00763487 -0.00279587)
(-0.00745015 -0.00741831 -0.00254774)
(-0.0073037 -0.00854714 -0.00264238)
(-0.00728671 -0.00824663 -0.00251676)
(-0.00706127 -0.00765446 -0.00244568)
(-0.00724822 -0.00804964 -0.00248187)
(-0.00741132 -0.0083322 -0.00252923)
(-0.00730096 -0.00768787 -0.0024057)
(-0.00974141 -0.0101434 -0.00452308)
(-0.0108047 -0.012793 -0.00480821)
(-0.00999712 -0.0122876 -0.00422951)
(-0.0103119 -0.0128886 -0.00441974)
(-0.0107246 -0.0126208 -0.00532386)
(-0.0100672 -0.0105013 -0.00482959)
(-0.0102483 -0.0128737 -0.00447467)
(-0.0100151 -0.0110035 -0.00471907)
(-0.00888774 -0.00860087 -0.00364854)
(-0.00858083 -0.00864722 -0.0034417)
(-0.00960424 -0.00913316 -0.0039179)
(-0.0095405 -0.00953115 -0.00408306)
(-0.0100974 -0.0104499 -0.00460835)
(-0.00942014 -0.00967888 -0.00415266)
(-0.00966424 -0.0105792 -0.0043852)
(-0.00982526 -0.0104501 -0.00454855)
(-0.010019 -0.0112829 -0.00474602)
(-0.0107867 -0.0116912 -0.00531841)
(-0.010614 -0.011738 -0.0049162)
(-0.0101184 -0.0118437 -0.00436935)
(-0.00981662 -0.0109082 -0.00461146)
(-0.0103402 -0.0114786 -0.0046348)
(-0.00828846 -0.00976331 -0.00283186)
(-0.00831162 -0.0102034 -0.00307505)
(-0.00959672 -0.0118146 -0.00367305)
(-0.0104022 -0.0131607 -0.00299286)
(-0.0110813 -0.0137994 -0.00340568)
(-0.0112199 -0.0144137 -0.00381136)
(-0.00842147 -0.0100048 -0.00281188)
(-0.00930407 -0.0111633 -0.00313924)
(-0.0100282 -0.0121093 -0.00393282)
(-0.00989945 -0.0120804 -0.00302447)
(-0.0100466 -0.0121624 -0.00319436)
(-0.0101206 -0.0124742 -0.00412152)
(-0.0098971 -0.0119151 -0.00324784)
(-0.00998434 -0.0119023 -0.00324111)
(-0.0108049 -0.0134244 -0.0033987)
(-0.010081 -0.0126304 -0.004417)
(-0.00985305 -0.0120783 -0.0040636)
(-0.00965344 -0.0122842 -0.00413054)
(-0.0107074 -0.0131684 -0.00434917)
(-0.00959225 -0.0118776 -0.00400546)
(-0.0100556 -0.0121549 -0.00375036)
(-0.0110494 -0.0131942 -0.00405021)
(-0.0102033 -0.0127204 -0.00396845)
(-0.0107758 -0.0134453 -0.00357544)
(-0.0104827 -0.0130706 -0.00301121)
(-0.0104738 -0.0129295 -0.003189)
(-0.00988062 -0.0124232 -0.00373722)
(-0.010112 -0.0124815 -0.00347716)
(-0.0108263 -0.0131566 -0.00370575)
(-0.0105461 -0.0130892 -0.00405123)
(-0.010183 -0.012814 -0.00316738)
(-0.0107066 -0.0135617 -0.00330798)
(-0.0107159 -0.0131116 -0.00359503)
(-0.00977071 -0.0118737 -0.00323178)
(-0.0104154 -0.0125856 -0.00327934)
(-0.00811185 -0.00975607 -0.00307525)
(-0.00800725 -0.00941306 -0.00282613)
(-0.00872715 -0.010468 -0.00331961)
(-0.0087106 -0.00985907 -0.00287948)
(-0.00758681 -0.00906884 -0.00285894)
(-0.00744927 -0.00857 -0.00258959)
(-0.0100039 -0.0136282 -0.00304706)
(-0.0105595 -0.0135853 -0.003494)
(-0.0102885 -0.0137049 -0.00382957)
(-0.0102547 -0.0128586 -0.00412129)
(-0.00943987 -0.0127862 -0.00366238)
(-0.00889722 -0.0107 -0.00370082)
(-0.00857475 -0.011216 -0.00346587)
(-0.00843821 -0.0112141 -0.00341045)
(-0.0092872 -0.0106787 -0.00386164)
(-0.00854062 -0.0111043 -0.00327778)
(-0.00882932 -0.0117246 -0.00349672)
(-0.00934516 -0.0124335 -0.00347133)
(-0.00922356 -0.0113299 -0.00372109)
(-0.00888491 -0.0113827 -0.00363778)
(-0.00896587 -0.0116003 -0.00364033)
(-0.00799224 -0.0101025 -0.00326488)
(-0.0081746 -0.00997617 -0.00326251)
(-0.0082634 -0.0108014 -0.00343981)
(-0.0087552 -0.00988884 -0.0030444)
(-0.00852252 -0.00954804 -0.0029247)
(-0.00864822 -0.00972901 -0.00328437)
(-0.00848545 -0.00953275 -0.0030898)
(-0.00772217 -0.00926098 -0.0031908)
(-0.00833345 -0.00940971 -0.00319809)
(-0.00779551 -0.00932923 -0.00320431)
(-0.009235 -0.0100604 -0.00302546)
(-0.00924377 -0.00974566 -0.00305711)
(-0.00864406 -0.0112144 -0.00353553)
(-0.00918004 -0.0118146 -0.00390589)
(-0.00872332 -0.0112734 -0.00358416)
(-0.0100296 -0.0130693 -0.00388451)
(-0.0106344 -0.0137951 -0.0037712)
(-0.0102115 -0.013733 -0.00337366)
(-0.0100295 -0.0136904 -0.00311685)
(-0.0102528 -0.012836 -0.00383878)
(-0.0104101 -0.0131107 -0.00377566)
(-0.00899422 -0.0114071 -0.00369073)
(-0.0091812 -0.0115729 -0.00371974)
(-0.00942791 -0.0120162 -0.00367874)
(-0.00876023 -0.0114929 -0.00360318)
(-0.00949863 -0.0122629 -0.0039475)
(-0.00941544 -0.0125811 -0.00340708)
(-0.00953562 -0.0120617 -0.0037888)
(-0.00963471 -0.0126654 -0.00387408)
(-0.00913905 -0.0117129 -0.00368241)
(-0.00938195 -0.0124321 -0.00355061)
(-0.0097541 -0.0128065 -0.0036439)
(-0.00886057 -0.0142088 -0.00302211)
(-0.00859712 -0.012692 -0.00373239)
(-0.00843722 -0.0124181 -0.00436887)
(-0.00891781 -0.0137748 -0.00339018)
(-0.00905956 -0.0135997 -0.00324761)
(-0.00881277 -0.0137909 -0.00280408)
(-0.0104423 -0.0148004 -0.00177811)
(-0.0111996 -0.0161172 -0.00224353)
(-0.0115328 -0.0153293 -0.00353806)
(-0.0101663 -0.0142674 -0.0023882)
(-0.00925212 -0.0132871 -0.00333555)
(-0.0105363 -0.0145286 -0.00258316)
(-0.0110395 -0.0152193 -0.00337063)
(-0.00976189 -0.0132975 -0.00281432)
(-0.00937061 -0.0134624 -0.002456)
(-0.010004 -0.0140731 -0.00238245)
(-0.0112806 -0.0146123 -0.00329022)
(-0.0103031 -0.0139338 -0.00264503)
(-0.011893 -0.0155219 -0.00357258)
(-0.0120816 -0.0154975 -0.0027027)
(-0.0120567 -0.0147691 -0.00445998)
(-0.0114391 -0.0141103 -0.00485368)
(-0.0113017 -0.0137735 -0.00371372)
(-0.00984268 -0.0129286 -0.00372784)
(-0.00935784 -0.0123555 -0.00373229)
(-0.00935123 -0.0121341 -0.00372015)
(-0.00933312 -0.0124885 -0.00359527)
(-0.00900945 -0.0119274 -0.00339725)
(-0.00968421 -0.012355 -0.00364361)
(-0.0102189 -0.012616 -0.00397787)
(-0.011064 -0.0136386 -0.00340085)
(-0.0112152 -0.0142863 -0.00392815)
(-0.010197 -0.0129537 -0.00359283)
(-0.00998826 -0.0132909 -0.00289578)
(-0.00989884 -0.0129115 -0.00378904)
(-0.0111232 -0.0139214 -0.00423756)
(-0.0116441 -0.0149133 -0.00384967)
(-0.0112044 -0.0139689 -0.0045093)
(-0.0109124 -0.0140062 -0.00398495)
(-0.0110324 -0.0147579 -0.00331835)
(-0.0113479 -0.0141062 -0.00371425)
(-0.0107 -0.0132879 -0.00373855)
(-0.0109461 -0.0136826 -0.00400364)
(-0.0103573 -0.0133777 -0.00282115)
(-0.0111634 -0.0146928 -0.00333337)
(-0.0105035 -0.0133237 -0.00365123)
(-0.0104567 -0.0136373 -0.00325898)
(-0.0115624 -0.0147757 -0.0036157)
(-0.0111309 -0.0143495 -0.00340561)
(-0.0111977 -0.0143119 -0.00297838)
(-0.0108595 -0.0135318 -0.0033245)
(-0.0118569 -0.0152486 -0.00398202)
(-0.0116589 -0.0143192 -0.00363882)
(-0.0113407 -0.0142355 -0.00417715)
(-0.0101302 -0.0122763 -0.00356838)
(-0.00979222 -0.0118543 -0.00356586)
(-0.00988549 -0.0121212 -0.00361775)
(-0.00916052 -0.0112474 -0.00331122)
(-0.00907524 -0.0114982 -0.00400133)
(-0.00933662 -0.0127287 -0.00336028)
(-0.00901833 -0.0131834 -0.00302087)
(-0.0100214 -0.013761 -0.00259353)
(-0.0103075 -0.0138212 -0.00358421)
(-0.0101683 -0.0139435 -0.0022964)
(-0.0113603 -0.0155391 -0.00314184)
(-0.0118032 -0.0148241 -0.00312177)
(-0.0112321 -0.0141869 -0.0039014)
(-0.0110355 -0.0143019 -0.00287028)
(-0.0111532 -0.014053 -0.00301607)
(-0.0108744 -0.0139351 -0.00397378)
(-0.0117578 -0.0145098 -0.00464802)
(-0.00831581 -0.0100102 -0.00325485)
(-0.00789131 -0.00959053 -0.0031713)
(-0.00780349 -0.00966118 -0.00323075)
(-0.00772009 -0.00939443 -0.00313493)
(-0.00747419 -0.00912457 -0.00301045)
(-0.00790794 -0.00984469 -0.0032312)
(-0.00834023 -0.011072 -0.00343994)
(-0.00809873 -0.0105613 -0.00336868)
(-0.00807083 -0.0101756 -0.00322733)
(-0.00804842 -0.0105695 -0.00323885)
(-0.00795242 -0.0100746 -0.00328377)
(-0.00748474 -0.00972927 -0.00313771)
(-0.00819766 -0.0103123 -0.00348592)
(-0.00897809 -0.0125211 -0.00324299)
(-0.00924753 -0.0124389 -0.00361575)
(-0.00768431 -0.0102637 -0.00330383)
(-0.00826217 -0.0105365 -0.00348961)
(-0.00811968 -0.0108421 -0.00348574)
(-0.0090168 -0.0123464 -0.00335403)
(-0.00929265 -0.0124355 -0.00358697)
(-0.00913898 -0.011985 -0.00358192)
(-0.00920394 -0.0122758 -0.0035713)
(-0.00872625 -0.0121032 -0.00337146)
(-0.00922847 -0.0126144 -0.00357144)
(-0.00844833 -0.0108013 -0.00336253)
(-0.00911318 -0.0120852 -0.00365674)
(-0.00902542 -0.0118337 -0.00356228)
(-0.0079942 -0.0108318 -0.00352694)
(-0.00762531 -0.0102847 -0.00347575)
(-0.00795422 -0.00961765 -0.00314585)
(-0.00757426 -0.0098888 -0.00336235)
(-0.00820422 -0.00949764 -0.0030911)
(-0.00827361 -0.0105732 -0.00357956)
(-0.00835375 -0.00992422 -0.00310472)
(-0.00771837 -0.00955738 -0.00323197)
(-0.00822892 -0.00940734 -0.00301917)
(-0.00838056 -0.00963488 -0.00300066)
(-0.00839865 -0.0108123 -0.00349046)
(-0.00797617 -0.0109585 -0.00359996)
(-0.00869915 -0.0120772 -0.00381817)
(-0.0083948 -0.0110144 -0.00357235)
(-0.0084531 -0.0107044 -0.0035219)
(-0.00802238 -0.010128 -0.00320317)
(-0.00777354 -0.00994861 -0.00317626)
(-0.00856145 -0.011342 -0.0034661)
(-0.00878419 -0.0105515 -0.00349226)
(-0.00785047 -0.00992711 -0.00340503)
(-0.00783302 -0.0102125 -0.00346466)
(-0.00761338 -0.00979324 -0.00327967)
(-0.00780335 -0.00980546 -0.00339186)
(-0.00846528 -0.00962671 -0.00283602)
(-0.00820487 -0.0120004 -0.00358837)
(-0.00821855 -0.0125178 -0.00333513)
(-0.00924906 -0.012259 -0.00385671)
(-0.00879984 -0.0119625 -0.00342898)
(-0.00877668 -0.0122994 -0.00349985)
(-0.00856132 -0.0118193 -0.0036017)
(-0.00891343 -0.012465 -0.00347262)
(-0.00828447 -0.0101033 -0.00328252)
(-0.00858478 -0.01042 -0.00329804)
(-0.00810555 -0.0100059 -0.00336857)
(-0.00752596 -0.00992191 -0.00330781)
(-0.00767327 -0.00981174 -0.00333684)
(-0.00783346 -0.0109597 -0.00373568)
(-0.00764727 -0.0109053 -0.00389198)
(-0.00890936 -0.0125201 -0.00372299)
(-0.00843588 -0.0125568 -0.00362717)
(-0.00868406 -0.0123069 -0.00389965)
(-0.00854511 -0.012074 -0.00361084)
(-0.00817371 -0.0117602 -0.00364511)
(-0.00896447 -0.0131633 -0.00391215)
(-0.00922344 -0.0131448 -0.00438371)
(-0.00834773 -0.0119488 -0.00382278)
(-0.00805334 -0.0116013 -0.00388763)
(-0.00807845 -0.0116153 -0.00392611)
(-0.00871447 -0.0125764 -0.00396311)
(-0.0085194 -0.0117708 -0.00369905)
(-0.00697739 -0.00812977 -0.00258714)
(-0.00704945 -0.00805667 -0.00249603)
(-0.007368 -0.00874436 -0.00274125)
(-0.00751689 -0.00906775 -0.00289253)
(-0.00821334 -0.0099006 -0.00316498)
(-0.00810217 -0.00978754 -0.00325877)
(-0.00765353 -0.00944118 -0.00300443)
(-0.00769659 -0.00928723 -0.00293577)
(-0.00715047 -0.00840453 -0.002708)
(-0.00708884 -0.00865949 -0.00285359)
(-0.00970282 -0.00983106 -0.00432313)
(-0.0091338 -0.00906515 -0.00381376)
(-0.00943499 -0.00963975 -0.00399051)
(-0.0092785 -0.00941613 -0.00412009)
(-0.00891369 -0.00902544 -0.00380275)
(-0.00883179 -0.00856639 -0.00355321)
(-0.00833527 -0.00842677 -0.0034571)
(-0.0079503 -0.00779639 -0.00317438)
(-0.00791662 -0.00822086 -0.00309309)
(-0.00696206 -0.00817647 -0.00268425)
(-0.00674602 -0.00757538 -0.00254761)
(-0.00782222 -0.00916299 -0.00287825)
(-0.00635403 -0.00669923 -0.00243041)
(-0.00725179 -0.00730723 -0.00276659)
(-0.0075775 -0.00756594 -0.00312838)
(-0.00687787 -0.00701917 -0.00274782)
(-0.00638132 -0.00761739 -0.00246913)
(-0.00639376 -0.0073583 -0.00247293)
(-0.00654514 -0.0075865 -0.00241704)
(-0.00664743 -0.00730226 -0.00244785)
(-0.00681035 -0.0081299 -0.00259413)
(-0.00666358 -0.00798571 -0.00257439)
(-0.00939818 -0.00968443 -0.00436111)
(-0.010234 -0.0107108 -0.00476251)
(-0.0101644 -0.0108377 -0.00480379)
(-0.00991334 -0.010309 -0.0045873)
(-0.0108694 -0.0115379 -0.00514352)
(-0.0101892 -0.0115987 -0.00477295)
(-0.0100983 -0.0110676 -0.00450175)
(-0.0121862 -0.0147052 -0.00496863)
(-0.0115176 -0.0135615 -0.00548687)
(-0.0129843 -0.0150069 -0.00316478)
(-0.011465 -0.014216 -0.00408386)
(-0.0119545 -0.0149433 -0.00349604)
(-0.0112036 -0.0138563 -0.00396834)
(-0.0127424 -0.0153388 -0.00441048)
(-0.0118284 -0.0147946 -0.00370049)
(-0.0104924 -0.0130117 -0.00373412)
(-0.0107708 -0.0135309 -0.00386805)
(-0.0120388 -0.0153425 -0.00400234)
(-0.0114759 -0.0143897 -0.00424289)
(-0.0116536 -0.0140622 -0.00555309)
(-0.0105389 -0.0116929 -0.00507034)
(-0.011078 -0.0125079 -0.00532922)
(-0.0119574 -0.0137968 -0.0054699)
(-0.0102894 -0.0115435 -0.00466139)
(-0.0114243 -0.0121864 -0.00600722)
(-0.0119793 -0.014227 -0.00552582)
(-0.0108693 -0.0138561 -0.00369671)
(-0.0110628 -0.0132315 -0.00493341)
(-0.0106522 -0.0124986 -0.00508159)
(-0.0129879 -0.0154109 -0.00258607)
(-0.0115553 -0.0140148 -0.00353427)
(-0.012904 -0.0150854 -0.00263193)
(-0.0122437 -0.0144889 -0.00300015)
(-0.0112154 -0.0127887 -0.00261514)
(-0.0100264 -0.0109489 -0.00493588)
(-0.0110754 -0.0124856 -0.00512309)
(-0.0103249 -0.0118402 -0.00467308)
(-0.0102568 -0.0119392 -0.00484451)
(-0.00976921 -0.0109799 -0.00443115)
(-0.0101762 -0.0117767 -0.00467152)
(-0.0107659 -0.011945 -0.00510559)
(-0.0103085 -0.0114808 -0.00497344)
(-0.0120504 -0.0141799 -0.00237666)
(-0.0121653 -0.014047 -0.00243623)
(-0.0107692 -0.0123778 -0.00293699)
(-0.0114832 -0.0142891 -0.00297185)
(-0.0120126 -0.0151631 -0.00344146)
(-0.0125747 -0.0153505 -0.00427107)
(-0.0115711 -0.0147145 -0.00334733)
(-0.011099 -0.0135761 -0.0031461)
(-0.0110318 -0.0133617 -0.00400091)
(-0.0124287 -0.0152779 -0.00529218)
(-0.0122959 -0.0150771 -0.00436001)
(-0.0113872 -0.0142992 -0.00515574)
(-0.007184 -0.0082502 -0.00266466)
(-0.00720029 -0.00878267 -0.00280981)
(-0.00735033 -0.00865989 -0.00275618)
(-0.00782302 -0.0100256 -0.00330442)
(-0.00828279 -0.0100589 -0.0029888)
(-0.00742667 -0.00912787 -0.00297327)
(-0.00782277 -0.00978573 -0.00308153)
(-0.00910041 -0.0113454 -0.00355219)
(-0.00868773 -0.0112583 -0.00407906)
(-0.00785851 -0.00928502 -0.00283803)
(-0.00798886 -0.0106774 -0.00383652)
(-0.00908272 -0.0110809 -0.00348707)
(-0.00773825 -0.00956702 -0.00307676)
(-0.0100626 -0.0121577 -0.00404259)
(-0.011326 -0.0143678 -0.00504316)
(-0.0112668 -0.0137357 -0.00448126)
(-0.0108296 -0.0133827 -0.00425152)
(-0.0107699 -0.0135186 -0.00433019)
(-0.0101818 -0.0131502 -0.00471727)
(-0.00962719 -0.012443 -0.00438588)
(-0.00850459 -0.0105407 -0.00318978)
(-0.00790681 -0.0101294 -0.00333547)
(-0.00906338 -0.0109102 -0.00327638)
(-0.00915936 -0.0113937 -0.00387014)
(-0.00886239 -0.0115014 -0.00425635)
(-0.00824186 -0.0102124 -0.0031915)
(-0.00918106 -0.0114185 -0.00381934)
(-0.00997532 -0.012204 -0.00398084)
(-0.00934237 -0.0119545 -0.00424368)
(-0.00990549 -0.0124783 -0.00416005)
(-0.00978292 -0.0120975 -0.00362546)
(-0.0095978 -0.0120725 -0.00429613)
(-0.00998168 -0.0118419 -0.00335459)
(-0.00982911 -0.0120581 -0.00401823)
(-0.00985058 -0.0123903 -0.00387612)
(-0.0102538 -0.0127084 -0.00421431)
(-0.0101459 -0.0127477 -0.00470395)
(-0.0102522 -0.0126358 -0.00422503)
(-0.0108216 -0.0131886 -0.00383119)
(-0.0109181 -0.0133472 -0.00375959)
(-0.011525 -0.0142469 -0.004057)
(-0.0118006 -0.0144737 -0.00502681)
(-0.00997533 -0.0127273 -0.00477635)
(-0.00939041 -0.0118084 -0.0042454)
(-0.0104438 -0.0133288 -0.00506209)
(-0.0112299 -0.014374 -0.00516642)
(-0.00808975 -0.0101305 -0.00332144)
(-0.00973125 -0.012798 -0.00472921)
(-0.00955159 -0.0128863 -0.00483102)
(-0.0112096 -0.0137295 -0.00449192)
(-0.00895296 -0.0116355 -0.00410027)
(-0.00804276 -0.0106483 -0.00359566)
(-0.00878552 -0.0115575 -0.00391878)
(-0.0079247 -0.0106542 -0.00365308)
(-0.00721752 -0.00937971 -0.00326829)
(-0.00630732 -0.00786676 -0.00254334)
(-0.00701148 -0.00809525 -0.00261318)
(-0.00662952 -0.00789256 -0.00253159)
(-0.00749022 -0.00951187 -0.00321998)
(-0.00767155 -0.010015 -0.00339998)
(-0.00767511 -0.0102083 -0.00343034)
(-0.0069986 -0.0084782 -0.00278731)
(-0.0118212 -0.0144936 -0.00358939)
(-0.010254 -0.0121799 -0.00291791)
(-0.00638599 -0.00697323 -0.00253155)
(-0.00630958 -0.00698913 -0.00239767)
(-0.00598437 -0.00730417 -0.00238074)
(-0.006359 -0.00788055 -0.0025893)
(-0.00951077 -0.0115327 -0.00393801)
(-0.00965486 -0.0116342 -0.00351657)
(-0.0071995 -0.0106601 -0.00400518)
(-0.00730704 -0.0107713 -0.0040608)
(-0.00732599 -0.0109721 -0.00436005)
(-0.00753186 -0.00951552 -0.00341143)
(-0.00797518 -0.0105008 -0.0041245)
(-0.00732021 -0.0100568 -0.00362448)
(-0.00701153 -0.00990135 -0.00373914)
(-0.00717074 -0.0105503 -0.00395775)
(-0.00779976 -0.0100559 -0.00359351)
(-0.00729506 -0.00946248 -0.00337612)
(-0.00750363 -0.00985818 -0.00349774)
(-0.00754797 -0.00961201 -0.00348366)
(-0.00785283 -0.00963564 -0.0032402)
(-0.00798842 -0.00990943 -0.00355082)
(-0.00772696 -0.00995519 -0.00379641)
(-0.00787289 -0.0105272 -0.00439475)
(-0.0083392 -0.0107295 -0.00411447)
(-0.00817498 -0.0102095 -0.00362096)
(-0.00819127 -0.0101198 -0.00378114)
(-0.0114553 -0.0127484 -0.0021991)
(-0.0112275 -0.0118979 -0.00215527)
(-0.0108254 -0.0115917 -0.00196866)
(-0.0110576 -0.0118134 -0.00215808)
(-0.0110033 -0.0131862 -0.003167)
(-0.0106342 -0.0127552 -0.00332658)
(-0.0110902 -0.0125862 -0.00301712)
(-0.0106465 -0.0119209 -0.0024837)
(-0.0106708 -0.0125351 -0.00266749)
(-0.0106686 -0.0118086 -0.00241158)
(-0.0111366 -0.0129305 -0.00216582)
(-0.010728 -0.0127354 -0.00493282)
(-0.010485 -0.0124571 -0.00486882)
(-0.0102867 -0.0130145 -0.00375241)
(-0.0112331 -0.0145589 -0.00427241)
(-0.0115017 -0.0139011 -0.0029647)
(-0.0106506 -0.0132322 -0.0045638)
(-0.0110634 -0.0139587 -0.00347242)
(-0.0111265 -0.0139564 -0.00306475)
(-0.0113856 -0.0134036 -0.00264343)
(-0.011108 -0.0135316 -0.00439448)
(-0.0103023 -0.0130876 -0.00317854)
(-0.010605 -0.0129148 -0.00396265)
(-0.0109238 -0.0129217 -0.00486562)
(-0.0098241 -0.0125151 -0.00380135)
(-0.01046 -0.0129757 -0.00402104)
(-0.0104982 -0.0123314 -0.00483662)
(-0.00974278 -0.0117916 -0.00427094)
(-0.0102805 -0.0118366 -0.00436343)
(-0.0101771 -0.0129939 -0.00265595)
(-0.00974983 -0.0118118 -0.00429104)
(-0.00986323 -0.0121882 -0.00409382)
(-0.00935605 -0.0112522 -0.00398098)
(-0.00983547 -0.0119361 -0.00401072)
(-0.010038 -0.0128893 -0.00370157)
(-0.00947057 -0.0119538 -0.003477)
(-0.00729331 -0.0074503 -0.0024315)
(-0.00736032 -0.00756481 -0.00241704)
(-0.00733304 -0.00721003 -0.00226856)
(-0.00736226 -0.00857811 -0.00262129)
(-0.0073867 -0.00830626 -0.00242985)
(-0.00717845 -0.00822821 -0.00251387)
(-0.00705773 -0.00768386 -0.00233921)
(-0.00707165 -0.00803034 -0.00239904)
(-0.0070984 -0.00748544 -0.0023111)
(-0.00728773 -0.00757667 -0.00238982)
(-0.00705426 -0.00837795 -0.00253484)
(-0.00703394 -0.00773999 -0.00230791)
(-0.00753604 -0.0078819 -0.00259531)
(-0.00776175 -0.0078341 -0.00273256)
(-0.00743946 -0.00764006 -0.00273785)
(-0.00731231 -0.00754245 -0.00254288)
(-0.00822516 -0.00978849 -0.00289419)
(-0.00831971 -0.0100697 -0.00292312)
(-0.00822914 -0.00960612 -0.00291517)
(-0.00808477 -0.0103314 -0.00350043)
(-0.00802492 -0.00993123 -0.00329023)
(-0.00860434 -0.0105686 -0.00334828)
(-0.00754072 -0.00931363 -0.00288435)
(-0.00720144 -0.00841452 -0.00259212)
(-0.00714547 -0.00852581 -0.00270994)
(-0.00761013 -0.00912316 -0.00281569)
(-0.00775867 -0.0090261 -0.00264208)
(-0.00788098 -0.00939954 -0.00287279)
(-0.00735005 -0.0087219 -0.0027067)
(-0.00767842 -0.0093022 -0.00286348)
(-0.0086496 -0.00910662 -0.00373227)
(-0.00866972 -0.00963755 -0.00361688)
(-0.00838084 -0.00817381 -0.00307794)
(-0.00806285 -0.00814907 -0.00318833)
(-0.00862068 -0.00900562 -0.00331848)
(-0.00901269 -0.00907266 -0.00373499)
(-0.00880894 -0.0094605 -0.00379691)
(-0.00944446 -0.00979078 -0.00428219)
(-0.0090653 -0.0100061 -0.00394685)
(-0.00978858 -0.0115622 -0.0044209)
(-0.00940615 -0.0106278 -0.00428409)
(-0.00991245 -0.0115454 -0.00456346)
(-0.00936616 -0.0115377 -0.00370543)
(-0.0092096 -0.0112253 -0.00415699)
(-0.00990277 -0.0116482 -0.00458069)
(-0.00913272 -0.0102747 -0.00396325)
(-0.00972157 -0.0116179 -0.00381252)
(-0.00978001 -0.0115959 -0.00411186)
(-0.0093911 -0.0116615 -0.00381679)
(-0.008349 -0.00835757 -0.00333876)
(-0.00846687 -0.00806107 -0.00342215)
(-0.00890008 -0.00865016 -0.00366393)
(-0.00913337 -0.00895684 -0.00355737)
(-0.0086282 -0.00867081 -0.00320009)
(-0.00795362 -0.00820833 -0.00281777)
(-0.00749594 -0.00738844 -0.00248656)
(-0.00873017 -0.00821269 -0.00332224)
(-0.00766106 -0.00747509 -0.00266993)
(-0.00796073 -0.00740768 -0.00290542)
(-0.00796121 -0.00768641 -0.00273473)
(-0.00822179 -0.008135 -0.00321889)
(-0.00767754 -0.00781027 -0.00278798)
(-0.00820247 -0.00813167 -0.00298331)
(-0.00926789 -0.0101758 -0.00401662)
(-0.00957229 -0.0106949 -0.00432313)
(-0.00937394 -0.00945088 -0.00387133)
(-0.00913595 -0.00946209 -0.00391903)
(-0.00927899 -0.00947248 -0.00410615)
(-0.00907424 -0.00899134 -0.00391692)
(-0.00877857 -0.00867339 -0.00376138)
(-0.00947553 -0.00930037 -0.00412798)
(-0.0100115 -0.0107024 -0.00447865)
(-0.00951125 -0.0102474 -0.00441644)
(-0.00967147 -0.0105374 -0.00451043)
(-0.00929705 -0.00967467 -0.00414103)
(-0.00961439 -0.0103337 -0.00442801)
(-0.0093303 -0.00951886 -0.00423627)
(-0.00755299 -0.0118196 -0.00443935)
(-0.0112715 -0.0146575 -0.00551432)
(-0.0106327 -0.0137537 -0.00515351)
(-0.011851 -0.0130005 -0.0027164)
(-0.0114815 -0.0132964 -0.00313353)
(-0.0120773 -0.0146893 -0.00253504)
(-0.0113528 -0.0135312 -0.00235235)
(-0.0111093 -0.0134245 -0.00349037)
(-0.0119953 -0.0145514 -0.00391557)
(-0.0118544 -0.0143432 -0.00299933)
(-0.010905 -0.0133495 -0.00264941)
(-0.0109562 -0.0132715 -0.00294235)
(-0.0113109 -0.0139044 -0.00256015)
(-0.0111119 -0.0126359 -0.00243562)
(-0.0118492 -0.0131333 -0.00215217)
(-0.0110178 -0.0133306 -0.00337277)
(-0.0112577 -0.0128636 -0.00296099)
(-0.012297 -0.0134138 -0.00255073)
(-0.0109959 -0.0129245 -0.002877)
(-0.009766 -0.0106895 -0.00297993)
(-0.00926814 -0.0102656 -0.00296923)
(-0.0106324 -0.0109955 -0.00201565)
(-0.0109792 -0.0116597 -0.00222102)
(-0.00697025 -0.00764154 -0.00242114)
(-0.00999525 -0.0112676 -0.00309935)
(-0.00994068 -0.0106985 -0.00215147)
(-0.0113904 -0.0121995 -0.00269581)
(-0.0110638 -0.0130632 -0.00241363)
(-0.0110254 -0.0132513 -0.00331573)
(-0.0114487 -0.0121872 -0.00189468)
(-0.0109726 -0.01207 -0.00205204)
(-0.0109786 -0.0124879 -0.00328769)
(-0.0130884 -0.0145551 -0.0028061)
(-0.0124171 -0.0146636 -0.00261502)
(-0.0108143 -0.0119997 -0.0020792)
(-0.0109586 -0.0122241 -0.00275184)
(-0.010391 -0.0115507 -0.00287483)
(-0.0109962 -0.0122998 -0.00263875)
(-0.0118732 -0.0131742 -0.00234853)
(-0.0116268 -0.0130885 -0.00214114)
(-0.00708087 -0.00810861 -0.00235719)
(-0.0071435 -0.00801397 -0.00233788)
(-0.0069997 -0.00789806 -0.00238438)
(-0.00714866 -0.00781177 -0.00232531)
(-0.00719712 -0.00801379 -0.00228297)
(-0.00699628 -0.00804204 -0.00235309)
(-0.00719408 -0.00728083 -0.00219457)
(-0.00731922 -0.00737833 -0.00227233)
(-0.00819708 -0.0105796 -0.00410279)
(-0.010543 -0.0114842 -0.00268528)
(-0.00906928 -0.010169 -0.00272736)
(-0.0089156 -0.0121797 -0.00468679)
(-0.0086484 -0.0111978 -0.00390562)
(-0.0111744 -0.013252 -0.00225036)
(-0.0115798 -0.0143775 -0.0027482)
(-0.0112586 -0.0142057 -0.00268075)
(-0.011484 -0.0140821 -0.00357763)
(-0.0116274 -0.01444 -0.00388807)
(-0.0111055 -0.0134078 -0.00346096)
(-0.0117834 -0.0138101 -0.00240815)
(-0.0105042 -0.0122838 -0.00316168)
(-0.00990782 -0.0112509 -0.00232669)
(-0.0122128 -0.0137876 -0.00283356)
(-0.0114015 -0.0133659 -0.00212667)
(-0.0132094 -0.015546 -0.00267997)
(-0.0126599 -0.0156111 -0.00319555)
(-0.0118147 -0.0145055 -0.0035815)
(-0.0113412 -0.0134502 -0.00308868)
(-0.011361 -0.0137145 -0.00474512)
(-0.0112375 -0.0138711 -0.00500054)
(-0.0103234 -0.0127684 -0.00427053)
(-0.0113002 -0.0137617 -0.00514857)
(-0.0118616 -0.014953 -0.00464573)
(-0.0115113 -0.0145671 -0.00337371)
(-0.0114239 -0.0145818 -0.00419653)
(-0.0117629 -0.0148226 -0.00436723)
(-0.0123779 -0.0151171 -0.00435506)
(-0.0116758 -0.0146051 -0.00461346)
(-0.0116974 -0.0152873 -0.00409212)
(-0.0128562 -0.0156178 -0.00532998)
(-0.0116026 -0.014222 -0.00412604)
(-0.0117051 -0.014486 -0.00272468)
(-0.0110004 -0.0139517 -0.00432831)
(-0.010622 -0.0130955 -0.00350255)
(-0.0123371 -0.0150462 -0.00295416)
(-0.0114807 -0.0140493 -0.00343243)
(-0.0119801 -0.014772 -0.00295501)
(-0.0123353 -0.015154 -0.00434662)
(-0.0122382 -0.0154986 -0.00410914)
(-0.0120097 -0.0145541 -0.00294003)
(-0.0128453 -0.0157728 -0.00335151)
(-0.0105348 -0.0117979 -0.00484007)
(-0.0105298 -0.0114579 -0.00495476)
(-0.010894 -0.0129865 -0.00446397)
(-0.0106234 -0.0131611 -0.00455245)
(-0.0111837 -0.0130737 -0.00519519)
(-0.0118938 -0.0133614 -0.00593204)
(-0.010305 -0.0115451 -0.00464043)
(-0.0115212 -0.0130809 -0.00504892)
(-0.0106188 -0.0112117 -0.00508457)
(-0.0105508 -0.0124919 -0.00482978)
(-0.0104628 -0.0122926 -0.00459283)
(-0.0109992 -0.0123511 -0.00553938)
(-0.0115204 -0.014627 -0.00470878)
(-0.0118981 -0.0144471 -0.00432669)
(-0.0115317 -0.0131695 -0.00533083)
(-0.0110203 -0.01334 -0.00441109)
(-0.00594081 -0.00669003 -0.00229545)
(-0.00643448 -0.00690241 -0.00249931)
(-0.00592763 -0.00730059 -0.00243525)
(-0.00574903 -0.00669176 -0.00220165)
(-0.00664548 -0.00724428 -0.00233502)
(-0.00953666 -0.0101952 -0.00432031)
(-0.00916955 -0.00984363 -0.00408438)
(-0.00945196 -0.0102996 -0.00465641)
(-0.00964643 -0.0101965 -0.00445035)
(-0.00876405 -0.00909403 -0.0039658)
(-0.00855864 -0.00874933 -0.00376818)
(-0.00846931 -0.00879676 -0.00376927)
(-0.00810361 -0.00804586 -0.00343166)
(-0.00740052 -0.00768639 -0.00304712)
(-0.00752978 -0.00780709 -0.00328541)
(-0.00847934 -0.00865466 -0.00385576)
(-0.00679864 -0.00760624 -0.00244743)
(-0.00672945 -0.00790148 -0.00258494)
(-0.00671564 -0.00763675 -0.00252695)
(-0.00733445 -0.00799724 -0.00241641)
(-0.00705284 -0.00743868 -0.00247236)
(-0.00685875 -0.00798887 -0.00249957)
(-0.00646142 -0.00706206 -0.00228263)
(-0.00694729 -0.00751996 -0.00243314)
(-0.00966731 -0.0100388 -0.00434919)
(-0.010954 -0.0122627 -0.00491815)
(-0.0104037 -0.0119711 -0.00501372)
(-0.0103459 -0.0109453 -0.00479692)
(-0.0103727 -0.0105795 -0.00485249)
(-0.00988453 -0.0105163 -0.00458126)
(-0.00776991 -0.0108183 -0.003598)
(-0.00786624 -0.0113971 -0.00373062)
(-0.0085917 -0.0117232 -0.00393882)
(-0.00881456 -0.0117906 -0.00393119)
(-0.00793536 -0.0104877 -0.00353944)
(-0.00743143 -0.00995467 -0.00340743)
(-0.0077593 -0.0102277 -0.0032529)
(-0.00835819 -0.0110431 -0.00361264)
(-0.00742587 -0.010966 -0.00393084)
(-0.0081329 -0.0117778 -0.00413299)
(-0.00718526 -0.0101645 -0.00366593)
(-0.00768874 -0.0106807 -0.00380034)
(-0.00751078 -0.0102241 -0.00354442)
(-0.00788646 -0.00939009 -0.0030596)
(-0.00768914 -0.0093973 -0.00308908)
(-0.00776905 -0.0100058 -0.00340682)
(-0.0077619 -0.00995715 -0.00341456)
(-0.00794576 -0.0101116 -0.0032484)
(-0.00793627 -0.0105595 -0.00364021)
(-0.00835735 -0.0112176 -0.00352441)
(-0.00781896 -0.0109866 -0.00331696)
(-0.00856097 -0.0116186 -0.00360912)
(-0.00914727 -0.0117519 -0.00378654)
(-0.00927064 -0.0122805 -0.00378315)
(-0.00895693 -0.0117589 -0.00357447)
(-0.008496 -0.0114046 -0.00347385)
(-0.00913047 -0.0126238 -0.00372788)
(-0.00879479 -0.0119231 -0.0035463)
(-0.00902683 -0.0120874 -0.00369489)
(-0.00860629 -0.0115847 -0.0035808)
(-0.00879373 -0.012135 -0.00343668)
(-0.0111415 -0.0137459 -0.00395324)
(-0.0110962 -0.0131936 -0.00384349)
(-0.0107451 -0.0131603 -0.0042246)
(-0.0112184 -0.0137983 -0.00365076)
(-0.0113787 -0.0143596 -0.00421106)
(-0.010486 -0.0130347 -0.00337201)
(-0.0103701 -0.0125687 -0.0032632)
(-0.0108913 -0.0132191 -0.00434817)
(-0.0116307 -0.0142641 -0.00354317)
(-0.0110764 -0.0137578 -0.00355723)
(-0.0106816 -0.013116 -0.00368925)
(-0.0110083 -0.013695 -0.00499556)
(-0.00997659 -0.0130419 -0.00362236)
(-0.0102815 -0.0144076 -0.00368395)
(-0.00926847 -0.0128905 -0.00317368)
(-0.0100633 -0.0129287 -0.00346777)
(-0.0105621 -0.0130875 -0.00387386)
(-0.0100288 -0.0128633 -0.00311902)
(-0.0104741 -0.0138485 -0.00315825)
(-0.0104552 -0.0137306 -0.00278159)
(-0.0110347 -0.0139354 -0.00380546)
(-0.00987801 -0.0129186 -0.00331229)
(-0.00925467 -0.0122666 -0.0034904)
(-0.00933587 -0.0123172 -0.00372587)
(-0.00966016 -0.0148355 -0.0029334)
(-0.00963497 -0.0142935 -0.00288065)
(-0.00947597 -0.0138318 -0.0033241)
(-0.0106669 -0.0150129 -0.00319841)
(-0.00910548 -0.0138768 -0.00226502)
(-0.0106416 -0.0158436 -0.00291591)
(-0.0082125 -0.0130211 -0.00313738)
(-0.0089791 -0.0133509 -0.00378121)
(-0.00819114 -0.0127666 -0.00358647)
(-0.0102564 -0.0106032 -0.00283614)
(-0.0104939 -0.0103658 -0.00286288)
(-0.0107819 -0.0113729 -0.00247505)
(-0.00928552 -0.00969116 -0.00257971)
(-0.0108932 -0.0121788 -0.00257469)
(-0.0106665 -0.011278 -0.00233678)
(-0.0104146 -0.0107424 -0.00218227)
(-0.0104565 -0.0113454 -0.00250197)
(-0.00776885 -0.00938605 -0.00317079)
(-0.0085049 -0.0097175 -0.00327785)
(-0.00882029 -0.00991125 -0.00303703)
(-0.0087817 -0.00994873 -0.00303005)
(-0.00894326 -0.00990219 -0.00305754)
(-0.0110812 -0.0113138 -0.00264537)
(-0.00945378 -0.0103838 -0.00277592)
(-0.00921425 -0.0100646 -0.0028873)
(-0.00960487 -0.0103476 -0.0028035)
(-0.0106339 -0.011329 -0.0025725)
(-0.00999793 -0.0106441 -0.00220559)
(-0.00894515 -0.0100201 -0.00303068)
(-0.010859 -0.0122443 -0.00297416)
(-0.00958564 -0.0119204 -0.00329367)
(-0.0096231 -0.0112235 -0.00323007)
(-0.00802925 -0.00947628 -0.00292759)
(-0.00981729 -0.0120366 -0.00388936)
(-0.0090391 -0.0112312 -0.00362574)
(-0.00928454 -0.0114204 -0.00351752)
(-0.010139 -0.0123368 -0.00343906)
(-0.0100451 -0.0121648 -0.00344855)
(-0.0100055 -0.0123418 -0.00407766)
(-0.00721868 -0.00747919 -0.00246908)
(-0.00734206 -0.00802229 -0.00267984)
(-0.00805131 -0.00796132 -0.00268165)
(-0.0074414 -0.00789887 -0.00242758)
(-0.00704955 -0.0079621 -0.00251305)
(-0.00719604 -0.00824335 -0.00253802)
(-0.00735137 -0.00781901 -0.00248922)
(-0.00713621 -0.0076272 -0.00252089)
(-0.00731109 -0.00774215 -0.00254565)
(-0.00708133 -0.00779547 -0.00248584)
(-0.00982506 -0.0131723 -0.00303687)
(-0.0104117 -0.0129512 -0.00400241)
(-0.0110739 -0.0144878 -0.00383098)
(-0.0101943 -0.0138259 -0.00335989)
(-0.0104968 -0.0135554 -0.00390825)
(-0.010504 -0.013261 -0.00385879)
(-0.0098672 -0.0128604 -0.00344058)
(-0.010168 -0.0127729 -0.00389232)
(-0.0106011 -0.0138108 -0.00348586)
(-0.0106471 -0.012926 -0.00405392)
(-0.0105405 -0.0133694 -0.00321403)
(-0.0102245 -0.0126923 -0.00347633)
(-0.00987882 -0.0122991 -0.00343991)
(-0.00803534 -0.0100233 -0.00342934)
(-0.00846397 -0.0108366 -0.00338933)
(-0.00849901 -0.0106817 -0.00331377)
(-0.00833224 -0.0106634 -0.00367225)
(-0.00767935 -0.00904283 -0.00321329)
(-0.00774403 -0.00931629 -0.00306619)
(-0.00788276 -0.00923848 -0.00318689)
(-0.00785673 -0.00941272 -0.00303822)
(-0.00838863 -0.00955924 -0.00314608)
(-0.00805135 -0.00943834 -0.00314966)
(-0.00793601 -0.00921526 -0.00308576)
(-0.0080157 -0.00929958 -0.00308582)
(-0.00934425 -0.0124205 -0.00348247)
(-0.00978432 -0.0131848 -0.00365143)
(-0.0103862 -0.013468 -0.00366796)
(-0.0092142 -0.0128332 -0.00308924)
(-0.00981444 -0.0131059 -0.00344186)
(-0.00997291 -0.013498 -0.00300594)
(-0.0110995 -0.0146638 -0.00371464)
(-0.0108645 -0.0137355 -0.00359951)
(-0.00905656 -0.00901221 -0.00376845)
(-0.00983896 -0.00999113 -0.0044756)
(-0.00952587 -0.00958363 -0.00407153)
(-0.00814257 -0.00787526 -0.00321379)
(-0.00857274 -0.00823989 -0.00357027)
(-0.00739121 -0.00780659 -0.0027853)
(-0.00793717 -0.00777249 -0.00296837)
(-0.00920751 -0.00906155 -0.00406469)
(-0.00810788 -0.00805565 -0.00324719)
(-0.00767498 -0.00764211 -0.00283515)
)
;
    }
    INLET
    {
        type            calculated;
        value           nonuniform 0();
    }
    OUTLET
    {
        type            calculated;
        value           nonuniform 0();
    }
    procBoundary8to4
    {
        type            processor;
        value           uniform (0 0 0);
    }
    procBoundary8to7
    {
        type            processor;
        value           uniform (0 0 0);
    }
}


// ************************************************************************* //
