/*--------------------------------*- C++ -*----------------------------------*\
| =========                 |                                                 |
| \\      /  F ield         | OpenFOAM: The Open Source CFD Toolbox           |
|  \\    /   O peration     | Version:  v1612+                                |
|   \\  /    A nd           | Web:      www.OpenFOAM.com                      |
|    \\/     M anipulation  |                                                 |
\*---------------------------------------------------------------------------*/
FoamFile
{
    version     2.0;
    format      ascii;
    class       volVectorField;
    location    "100";
    object      wallShearStress;
}
// * * * * * * * * * * * * * * * * * * * * * * * * * * * * * * * * * * * * * //

dimensions      [0 2 -2 0 0 0 0];

internalField   uniform (0 0 0);

boundaryField
{
    WALL
    {
        type            calculated;
        value           nonuniform List<vector> 
1531
(
(-0.00937423 -0.0266033 0.00165803)
(-0.0112661 -0.0276552 0.000167748)
(-0.00374257 -0.013299 -0.00400444)
(-0.00371729 -0.0144279 -0.00415168)
(-0.00540808 -0.0244501 -0.00667931)
(-0.00519452 -0.0263963 -0.00675013)
(-0.00832938 -0.0291612 0.00346525)
(-0.0106849 -0.0304706 0.00265999)
(-0.00466917 -0.00881541 -0.00134086)
(-0.00448626 -0.00821882 -0.00133447)
(-0.00951293 -0.0236792 0.000470829)
(-0.0104393 -0.0248556 -0.000198854)
(-0.0124218 -0.0272772 -0.0031068)
(-0.0131023 -0.0292017 -0.00304006)
(-0.0126366 -0.0292528 -0.00135568)
(-0.0121983 -0.027499 -0.00162673)
(-0.0123468 -0.0274966 -0.00233756)
(-0.0125933 -0.0279508 -0.00139021)
(-0.00356402 -0.0166043 -0.00304767)
(-0.00346341 -0.0154789 -0.00225238)
(-0.0041407 -0.0183167 -0.00360556)
(-0.00312025 -0.0164868 -0.00263826)
(-0.00402233 -0.0191423 -0.00346402)
(-0.00277547 -0.0169882 -0.00326518)
(-0.00646504 -0.021711 -0.00612774)
(-0.00719645 -0.0221714 -0.00651403)
(-0.00708785 -0.0233234 -0.00651951)
(-0.00748088 -0.022432 -0.00649755)
(-0.00564463 -0.0204869 -0.0058521)
(-0.00570583 -0.0210121 -0.00576649)
(-0.0121408 -0.0275194 -0.00445708)
(-0.0107662 -0.0268052 -0.00616651)
(-0.011167 -0.0258135 -0.00583553)
(-0.010818 -0.025976 -0.00605816)
(-0.0119775 -0.0271661 -0.00432876)
(-0.0116416 -0.0271999 -0.00446745)
(-0.00817936 -0.0297764 0.00345367)
(-0.00735349 -0.0285836 0.00373101)
(-0.00865383 -0.0286905 0.00308715)
(-0.0109508 -0.0307415 0.00195408)
(-0.00717503 -0.0296226 0.00373817)
(-0.00625924 -0.0300423 0.00394807)
(-0.0046223 -0.0103374 -0.00412236)
(-0.00445849 -0.0104685 -0.00404766)
(-0.00426086 -0.0114534 -0.0043545)
(-0.0039966 -0.0100879 -0.00436942)
(-0.00416484 -0.0117051 -0.00444605)
(-0.00413576 -0.0109227 -0.00443434)
(-0.00192632 -0.0193945 -0.00442428)
(-0.0023838 -0.0191845 -0.00465176)
(-0.00112349 -0.0214555 -0.00389716)
(-0.00153963 -0.0205795 -0.00416021)
(-0.00137837 -0.021702 -0.00411467)
(-0.00167731 -0.0196843 -0.00433489)
(0.000425695 -0.0204448 -0.0063795)
(0.000351756 -0.0190373 -0.00719941)
(0.00127265 -0.0206432 -0.00591426)
(-0.00555224 -0.00609362 -0.00249456)
(-0.00495732 -0.00582751 -0.00183921)
(-0.00516928 -0.00598094 -0.00215576)
(-0.00560537 -0.00643053 -0.00276539)
(-0.00537863 -0.0059406 -0.00210245)
(-0.00535122 -0.00641444 -0.00256018)
(-0.00309095 -0.0201142 -0.00355461)
(-0.00360525 -0.0218634 -0.0044512)
(-0.00405334 -0.0226307 -0.00523358)
(-0.00467278 -0.00877326 -0.00420219)
(-0.00460171 -0.00809699 -0.00403994)
(-0.00441532 -0.00962989 -0.0054137)
(-0.00467512 -0.00829797 -0.00457303)
(-0.00452236 -0.00897123 -0.00496085)
(-0.00451319 -0.00956531 -0.00467268)
(-0.004798 -0.0058197 -0.00104482)
(-0.00511794 -0.00611799 -0.00117801)
(-0.00451968 -0.00652776 -0.000467969)
(-0.00475546 -0.00681765 -0.000491286)
(-0.00461303 -0.00626383 -0.000649438)
(-0.00509514 -0.0062747 -0.000872651)
(-0.00524998 -0.00685258 -0.00316462)
(-0.00487778 -0.00743026 -0.00354402)
(-0.00526364 -0.00698086 -0.00322482)
(-0.00504439 -0.00727113 -0.00361677)
(-0.00490889 -0.00753916 -0.00380618)
(-0.00534771 -0.00746462 -0.0033914)
(-0.00155627 -0.0277426 0.00462239)
(-0.000685872 -0.028151 0.00355064)
(-0.00229451 -0.0267854 0.00435506)
(0.000640952 -0.0269901 0.00341414)
(-0.00193584 -0.0293685 0.00366845)
(-0.00550455 -0.0292133 0.00544121)
(-0.0038341 -0.0279701 0.00523783)
(-0.0037351 -0.025992 0.00585148)
(-0.00323287 -0.0274075 0.00538874)
(-0.00517648 -0.0267 0.00572315)
(-0.00619977 -0.0273492 0.0051556)
(0.00166553 -0.0268275 -0.00105753)
(0.00125295 -0.0284956 -0.000238256)
(0.00197245 -0.0269624 -0.00214565)
(0.00186453 -0.0267182 -0.00161014)
(0.00120175 -0.0273079 0.00053987)
(0.00181094 -0.0262428 8.35337e-05)
(-0.0033907 -0.012077 -0.00623539)
(-0.00386034 -0.0111629 -0.00578427)
(-0.00403329 -0.0110812 -0.0059735)
(-0.0031213 -0.0129629 -0.0063496)
(-0.0033455 -0.0130074 -0.0067116)
(-0.00361522 -0.0118218 -0.00636413)
(-0.00208268 -0.0155739 -0.00704399)
(-0.00222524 -0.0156877 -0.00662901)
(-0.00284744 -0.0153438 -0.00659625)
(-0.00300118 -0.0133002 -0.00630234)
(-0.00244755 -0.0140305 -0.00679869)
(-0.00306203 -0.0135999 -0.00632556)
(-0.00906383 -0.0211436 -0.000169644)
(-0.00943828 -0.0214341 -0.000173656)
(-0.00926676 -0.0221447 -0.00024858)
(-0.00902119 -0.0218508 0.000121679)
(-0.0090793 -0.0216421 -0.000313222)
(-0.00869316 -0.0202843 -0.000388746)
(-0.00866948 -0.0188879 -0.00101574)
(-0.00841074 -0.0185508 -0.00117512)
(-0.00937638 -0.0202341 -0.00126048)
(-0.0011243 -0.0196905 -0.00525025)
(-0.000605653 -0.0212461 -0.00495435)
(-0.00032967 -0.0210059 -0.00466273)
(-0.00142778 -0.0194774 -0.00536456)
(-0.000937159 -0.0204166 -0.00494998)
(-0.00175452 -0.0192034 -0.00547342)
(-0.000156178 -0.0254861 -0.00127441)
(-4.49059e-05 -0.0247573 -0.000850131)
(-0.00074302 -0.0267103 0.000971223)
(-0.000674479 -0.02679 0.000581052)
(0.000336018 -0.0258832 -0.000363823)
(-0.000424147 -0.0263326 -3.67909e-05)
(-0.003864 -0.0279276 0.00200588)
(-0.00422847 -0.0275821 0.00269774)
(-0.00228088 -0.0266195 0.00153367)
(-0.00161401 -0.0272773 0.00136269)
(-0.00245683 -0.0272624 0.00203195)
(-0.00339224 -0.0289645 0.00261521)
(-0.00356077 -0.0257917 -0.000545543)
(-0.0038328 -0.0272002 -0.000792641)
(-0.00477922 -0.026422 -0.000305912)
(-0.00677785 -0.0279413 0.00138541)
(-0.00763319 -0.0272707 0.00102441)
(-0.00783685 -0.0279821 0.00167278)
(-0.0080442 -0.0256221 0.00110152)
(-0.00533309 -0.0251701 0.00137637)
(-0.00891537 -0.0274079 0.00138298)
(-0.0106269 -0.0253855 6.09479e-05)
(-0.0100586 -0.0278329 0.00111228)
(-0.00919133 -0.0261126 0.00103935)
(-0.0101552 -0.0257703 0.000265751)
(-0.00898088 -0.0258312 0.00155861)
(-0.00379315 -0.00836109 -9.4449e-05)
(-0.00369671 -0.00841603 -8.42533e-05)
(-0.00258051 -0.0178733 -0.00574703)
(-0.00337346 -0.0156121 -0.00512083)
(-0.00253677 -0.0154376 -0.00561828)
(-0.00338814 -0.0153077 -0.00529018)
(-0.00296383 -0.0163737 -0.00506861)
(-0.00239448 -0.0172868 -0.00520321)
(-0.00314823 -0.0180653 -0.00430441)
(-0.00350005 -0.0170845 -0.00410465)
(-0.00317479 -0.0178682 -0.00413405)
(-0.00398848 -0.0181775 -0.00412542)
(-0.00378534 -0.0162502 -0.00415133)
(-0.00363302 -0.0163609 -0.00427525)
(-0.00420057 -0.0133185 -0.00376467)
(-0.00362004 -0.0135163 -0.00428012)
(-0.00415647 -0.0136309 -0.00398917)
(-0.0038774 -0.0158255 -0.00464027)
(-0.00395617 -0.0157747 -0.00420656)
(-0.00416002 -0.0152654 -0.00411697)
(-0.00207361 -0.0184348 -0.00461925)
(-0.00235233 -0.0200095 -0.00432471)
(-0.00199849 -0.0201901 -0.0038915)
(-0.00267783 -0.0180775 -0.00460187)
(-0.00242568 -0.0180889 -0.00461146)
(-0.00199446 -0.0201287 -0.00425824)
(-0.00417643 -0.0145835 -0.00400816)
(-0.00432838 -0.0134297 -0.00351642)
(-0.00447917 -0.0129878 -0.00321895)
(-0.00392823 -0.0147514 -0.00405915)
(-0.00397712 -0.0121788 -0.00390172)
(-0.00398487 -0.0122416 -0.00402546)
(-0.0044727 -0.0118401 -0.00339809)
(-0.00419504 -0.0105734 -0.0029577)
(-0.00422514 -0.0109019 -0.00339915)
(-0.00423687 -0.0117617 -0.00366302)
(-0.00420045 -0.00930112 -0.00144885)
(-0.00445015 -0.0103181 -0.00151049)
(-0.0041854 -0.00954549 -0.00169434)
(-0.00436562 -0.0101867 -0.00206838)
(-0.00418229 -0.00911229 -0.00118828)
(-0.00430932 -0.00960332 -0.00126816)
(-0.00714472 -0.024651 0.000586306)
(-0.00540008 -0.0240431 0.000868578)
(-0.00529134 -0.0248804 0.000402436)
(-0.00619622 -0.0241971 0.000568864)
(-0.00725894 -0.0249189 0.00104559)
(-0.0069724 -0.0257234 0.00110051)
(-0.00327516 -0.0131206 -0.00107485)
(-0.0033036 -0.0129262 -0.000885854)
(-0.00326163 -0.0131039 -0.0010689)
(-0.00323766 -0.0121979 -0.000694784)
(-0.00296943 -0.0120973 -0.000610305)
(-0.00325684 -0.0116359 -0.000456879)
(-0.00570308 -0.0171944 -0.00230206)
(-0.00561805 -0.0177386 -0.00244088)
(-0.00485352 -0.0160243 -0.0018724)
(-0.00534639 -0.0167359 -0.00204862)
(-0.00450593 -0.0160602 -0.00268877)
(-0.00460213 -0.0166324 -0.00231428)
(-0.00392997 -0.0144631 -0.001596)
(-0.00388928 -0.0152982 -0.00183397)
(-0.00441612 -0.0157986 -0.00223838)
(-0.00377717 -0.0149302 -0.00165491)
(-0.00450181 -0.0163456 -0.00211803)
(-0.00401758 -0.0148634 -0.00196743)
(-0.00341176 -0.0109557 -0.000237391)
(-0.0036522 -0.0102801 -2.21687e-05)
(-0.00332371 -0.0115851 -0.000531854)
(-0.00346959 -0.0117126 -0.00037965)
(-0.00354335 -0.0109233 -0.000233879)
(-0.00354036 -0.0105129 -0.00015067)
(-0.00367391 -0.00842905 -1.35804e-05)
(-0.00360284 -0.00870373 -4.56565e-07)
(-0.00378322 -0.00821502 -0.000153946)
(-0.00389866 -0.0083798 -0.000197146)
(-0.00397022 -0.00841502 -0.00011631)
(-0.00377817 -0.00876987 2.47166e-05)
(-0.00463177 -0.00903494 -0.00136004)
(-0.00436098 -0.0087884 -0.0013463)
(-0.00416808 -0.00843068 -0.000890287)
(-0.00410121 -0.00840553 -0.000966951)
(-0.00449413 -0.00852257 -0.00112963)
(-0.00392573 -0.00821454 -0.000555208)
(-0.00441266 -0.00817426 -0.00076019)
(-0.0040937 -0.00849212 -0.000485213)
(-0.00461586 -0.00893659 -0.000768742)
(-0.0046102 -0.00821533 -0.000795391)
(-0.00450101 -0.00879091 -0.000977083)
(-0.00416458 -0.00807184 -0.000376174)
(-0.00412113 -0.0081461 -0.000390297)
(-0.00408289 -0.00809155 -0.000290369)
(-0.00410665 -0.00799008 -0.000442577)
(-0.00407192 -0.00818008 -0.000196251)
(-0.00418254 -0.00818703 -0.000205471)
(-0.00349397 -0.0127115 -0.00524761)
(-0.00347894 -0.0133115 -0.00561095)
(-0.00294921 -0.0145538 -0.00556961)
(-0.00310323 -0.0135113 -0.00549766)
(-0.00375706 -0.0127064 -0.00518615)
(-0.00308306 -0.0146302 -0.0059812)
(-0.00439539 -0.00810611 -0.00341952)
(-0.00476015 -0.0090625 -0.00375792)
(-0.00466755 -0.00935388 -0.00304011)
(-0.00473002 -0.00863199 -0.00289988)
(-0.0046777 -0.00797158 -0.00280771)
(-0.00478492 -0.0080383 -0.00309341)
(-0.00429688 -0.00842656 -0.00147678)
(-0.00448414 -0.0091806 -0.0020248)
(-0.00433705 -0.00924286 -0.00197826)
(-0.00456323 -0.00918694 -0.00157192)
(-0.00432315 -0.00862539 -0.00170119)
(-0.00431611 -0.00908597 -0.00171011)
(-0.00439906 -0.00970305 -0.00262992)
(-0.00441204 -0.00895272 -0.00244085)
(-0.00439158 -0.00937418 -0.00252332)
(-0.00424819 -0.00979598 -0.00278228)
(-0.00484636 -0.0101074 -0.00261952)
(-0.0044106 -0.0078864 -0.00134257)
(-0.0043211 -0.00742617 -0.000974612)
(-0.00435546 -0.00730828 -0.00116799)
(-0.0047551 -0.00785004 -0.00180854)
(-0.00441352 -0.00782957 -0.0010159)
(-0.00458835 -0.00768506 -0.00152057)
(-0.0045216 -0.00812594 -0.00228769)
(-0.00476644 -0.00791665 -0.00244521)
(-0.00459906 -0.00794502 -0.00185054)
(-0.00474884 -0.0081879 -0.00264318)
(-0.00449751 -0.00744609 -0.00192273)
(-0.00444969 -0.00742623 -0.0016628)
(-0.0042307 -0.00719705 -0.000607433)
(-0.00417709 -0.007417 -0.000436702)
(-0.00437149 -0.00721752 -0.000781521)
(-0.00425876 -0.00730971 -0.000713107)
(-0.00413856 -0.00746344 -0.000403676)
(-0.00428586 -0.00728571 -0.000580271)
(-0.00414414 -0.00686078 -0.000559186)
(-0.0041317 -0.00722816 -0.000373946)
(-0.00414935 -0.00660445 -0.000623205)
(-0.00433672 -0.00665152 -0.000787604)
(-0.00400553 -0.0066112 -0.000502244)
(-0.0039874 -0.00696815 -0.000352693)
(-0.00439168 -0.00711625 -0.000975413)
(-0.00458283 -0.0069944 -0.00106748)
(-0.00461258 -0.0072571 -0.00140795)
(-0.00439904 -0.00675041 -0.0012905)
(-0.0045174 -0.00729232 -0.00136381)
(-0.00457173 -0.00733758 -0.00114341)
(-0.00418508 -0.00797488 -0.000371837)
(-0.00398125 -0.00815263 -0.000151778)
(-0.00409144 -0.00780946 -0.000352482)
(-0.00395865 -0.00802349 -0.000156291)
(-0.00405282 -0.00781961 -0.000287804)
(-0.00403723 -0.00815407 -0.000170492)
(-0.0023083 -0.0147977 -0.00102335)
(-0.00231999 -0.0162651 -0.00148422)
(-0.00270921 -0.0157744 -0.000827354)
(-0.00245536 -0.0167673 -0.00128919)
(-0.002151 -0.0172846 -0.00217712)
(-0.00261864 -0.0185033 -0.00193827)
(-0.00226186 -0.0135137 -0.00118985)
(-0.00241643 -0.0130909 -0.00071436)
(-0.00233556 -0.0140773 -0.00112478)
(-0.002658 -0.0120097 -0.000201507)
(-0.00232096 -0.0126759 -0.000662892)
(-0.00252809 -0.0115255 -0.00039971)
(0.000733563 -0.0286305 0.00114714)
(-0.000893806 -0.0283492 0.00251261)
(-0.00116162 -0.0297432 0.00306137)
(-0.000129688 -0.0269438 0.00147305)
(-0.00168729 -0.0287779 0.00325699)
(-0.000194176 -0.0283337 0.00220006)
(-0.00115356 -0.0279325 0.00139004)
(-0.000520026 -0.0276931 0.000490801)
(9.34344e-05 -0.0277882 0.00107107)
(-0.000705262 -0.0246338 -0.00233185)
(-0.000244125 -0.0233178 -0.00346539)
(0.000187264 -0.0240322 -0.00303445)
(0.00082382 -0.0242688 -0.00239886)
(0.00022686 -0.021838 -0.00388216)
(0.00103818 -0.026022 -0.00112315)
(0.00111507 -0.0250236 -0.00283365)
(0.00121309 -0.0266306 -0.000644579)
(0.00129228 -0.0252392 -0.00207218)
(0.000555985 -0.0240227 -0.00236322)
(0.00157463 -0.0248065 -0.00162879)
(-0.00431691 -0.0279396 0.00453059)
(-0.0053856 -0.0289798 0.00486936)
(-0.0049352 -0.0295207 0.00455496)
(-0.00300457 -0.0293554 0.00448686)
(-0.0060555 -0.0281332 0.00469938)
(-0.00367209 -0.0294057 0.00446549)
(-0.00761133 -0.0277364 0.00434718)
(-0.00764486 -0.0280263 0.00440431)
(-0.00948743 -0.0298814 0.0037492)
(-0.00945027 -0.0272836 0.00289097)
(-0.00844521 -0.0273526 0.00387605)
(-0.00906625 -0.0271452 0.00392516)
(-0.0124772 -0.0281035 -0.00155472)
(-0.0115224 -0.0296506 0.00147039)
(-0.0125676 -0.0289245 -0.000994043)
(-0.0121774 -0.0292755 0.000334155)
(-0.0117042 -0.0287638 0.00115442)
(-0.0121264 -0.0285622 -5.62351e-05)
(-0.00861797 -0.0310553 0.00308053)
(-0.0058088 -0.0297001 0.00331984)
(-0.00930897 -0.0284272 0.00236243)
(-0.0083366 -0.0287034 0.00246677)
(-0.00649681 -0.0284128 0.00359123)
(-0.00673686 -0.0292878 0.00305614)
(-0.0117543 -0.0278592 0.000421703)
(-0.0114292 -0.029149 0.00102071)
(-0.0107935 -0.0282737 0.0016016)
(-0.0110466 -0.0307233 0.00163386)
(-0.0109992 -0.0295023 0.00181794)
(-0.0118118 -0.0285117 0.000322793)
(-0.0124648 -0.027572 -0.00397239)
(-0.0132888 -0.030149 -0.00307813)
(-0.0131754 -0.0291048 -0.00346047)
(-0.0125074 -0.0277275 -0.00488272)
(-0.0125431 -0.0286492 -0.00562737)
(-0.0127917 -0.0294548 -0.00541109)
(-0.011765 -0.0253533 -0.00144958)
(-0.0115959 -0.0265666 -0.000499944)
(-0.0107509 -0.0240946 -0.000839854)
(-0.0123013 -0.0273465 -0.00188282)
(-0.00938728 -0.0255974 0.00106613)
(-0.011293 -0.0261872 -0.000846895)
(-0.0106781 -0.0276991 0.00108046)
(-0.0118299 -0.0282557 -0.000660078)
(-0.00825466 -0.026496 -0.00641461)
(-0.00658715 -0.0238564 -0.00744922)
(-0.00875172 -0.0260389 -0.00703611)
(-0.00709814 -0.0253817 -0.00655282)
(-0.00877328 -0.0252404 -0.00714921)
(-0.00780733 -0.024675 -0.00708011)
(-0.0103353 -0.0244606 -0.000562613)
(-0.0100691 -0.0233594 8.93454e-06)
(-0.0104455 -0.0246324 -0.000297646)
(-0.0101647 -0.0231047 -0.00116428)
(-0.00986858 -0.0240727 0.000201794)
(-0.00991326 -0.0250733 0.000297522)
(-0.00533583 -0.0192624 -0.00384693)
(-0.00433617 -0.017575 -0.0036862)
(-0.00536045 -0.0186526 -0.00436312)
(-0.00504596 -0.0182865 -0.0037801)
(-0.00547115 -0.01905 -0.00432666)
(-0.00434746 -0.0173093 -0.00352838)
(-0.00759418 -0.0190121 -0.00266361)
(-0.00808272 -0.0195375 -0.00236034)
(-0.00774425 -0.0181402 -0.00248756)
(-0.00998225 -0.0215315 -0.0013958)
(-0.010442 -0.0229342 -0.0017546)
(-0.0103712 -0.022872 -0.0015622)
(-0.00945446 -0.0209666 -0.00167258)
(-0.00969106 -0.0212184 -0.00205057)
(-0.0101467 -0.0226192 -0.0022471)
(-0.00715853 -0.0185632 -0.00291143)
(-0.00647412 -0.0176358 -0.00311995)
(-0.00738754 -0.0190958 -0.00343269)
(-0.00672661 -0.0183339 -0.00335194)
(-0.0078178 -0.0199946 -0.00402918)
(-0.00770357 -0.0190212 -0.00301117)
(-0.0086154 -0.0201391 -0.00249051)
(-0.00869998 -0.0209906 -0.0031767)
(-0.00907017 -0.0204499 -0.0022972)
(-0.00872073 -0.0198076 -0.00244548)
(-0.00827309 -0.0198142 -0.00291919)
(-0.00935537 -0.0217326 -0.00241536)
(-0.0101798 -0.0236696 -0.00504519)
(-0.0116344 -0.0253305 -0.00401937)
(-0.0115063 -0.0251314 -0.00375906)
(-0.0111958 -0.0260583 -0.00488765)
(-0.0106126 -0.0253934 -0.00403244)
(-0.0108449 -0.0241393 -0.00360152)
(-0.00850032 -0.0208535 -0.00407804)
(-0.00872658 -0.022059 -0.0043822)
(-0.00952949 -0.0229536 -0.00435018)
(-0.00975606 -0.0224309 -0.00379309)
(-0.0100703 -0.0234924 -0.00437065)
(-0.00888189 -0.0212008 -0.00390498)
(-0.0107666 -0.0238886 -0.00369056)
(-0.0103756 -0.0232553 -0.00325289)
(-0.0103493 -0.0225756 -0.00222345)
(-0.0106782 -0.0237568 -0.00297027)
(-0.0110375 -0.0248837 -0.00195846)
(-0.0110362 -0.0241492 -0.00232248)
(-0.00752876 -0.0247242 -0.00712103)
(-0.00686274 -0.0237585 -0.00669082)
(-0.00725801 -0.0252428 -0.00732932)
(-0.00560551 -0.0234282 -0.00640334)
(-0.00578766 -0.0228332 -0.00703901)
(-0.00581238 -0.0227784 -0.00620706)
(-0.0104409 -0.0255968 -0.0065525)
(-0.00788573 -0.0238133 -0.00746042)
(-0.00881064 -0.0248955 -0.00782275)
(-0.0105865 -0.027458 -0.00773966)
(-0.00800472 -0.0247525 -0.00771861)
(-0.00928702 -0.0251835 -0.00721986)
(-0.00907887 -0.0253739 -0.00584629)
(-0.00921768 -0.0242337 -0.00511062)
(-0.00891622 -0.0233993 -0.00530174)
(-0.00506506 -0.0207557 -0.00560508)
(-0.00374502 -0.0178703 -0.00385385)
(-0.00359098 -0.0182527 -0.00491928)
(-0.00469547 -0.0200003 -0.00503592)
(-0.00489502 -0.0210903 -0.00575001)
(-0.00377416 -0.0175259 -0.00397903)
(-0.00287262 -0.011618 -0.000450939)
(-0.00275156 -0.0135924 -0.00135258)
(-0.00261778 -0.0136148 -0.00137901)
(-0.00298373 -0.0129506 -0.00093381)
(-0.00280426 -0.011646 -0.000554173)
(-0.00259885 -0.0121275 -0.00087426)
(-0.00398661 -0.0171403 -0.00333381)
(-0.00408694 -0.0168352 -0.00219538)
(-0.00313343 -0.0143541 -0.00218977)
(-0.00348311 -0.0157423 -0.00256202)
(-0.00400214 -0.0167519 -0.00313702)
(-0.00306428 -0.0112045 -0.000360995)
(-0.00332171 -0.0105011 -6.34379e-05)
(-0.00296013 -0.0125647 -0.000795071)
(-0.00317636 -0.0119855 -0.000626083)
(-0.00350339 -0.0115383 -0.000301116)
(-0.00317525 -0.0106615 -0.000223486)
(-0.00308432 -0.0149394 -0.0019496)
(-0.00321085 -0.0149457 -0.00160159)
(-0.00354072 -0.0140375 -0.00137017)
(-0.00330337 -0.016222 -0.00267307)
(-0.00357596 -0.0159143 -0.00221057)
(-0.00314847 -0.0149358 -0.0022108)
(-0.00362829 -0.0125403 -0.000712799)
(-0.00332694 -0.0120355 -0.00059518)
(-0.00322981 -0.0144787 -0.00160343)
(-0.00335607 -0.0131862 -0.00105415)
(-0.00351794 -0.0138709 -0.00138392)
(-0.00351955 -0.0121699 -0.000549436)
(-0.00359837 -0.0125592 -0.000471282)
(-0.00353098 -0.0119694 -0.000450101)
(-0.00333478 -0.0110541 -0.000299614)
(-0.00324124 -0.01195 -0.00077144)
(-0.00328665 -0.0120432 -0.000741173)
(-0.00349936 -0.0108031 -0.000256217)
(-0.00342689 -0.011257 -0.00044179)
(-0.00314954 -0.0137912 -0.00180888)
(-0.00385203 -0.0151133 -0.00205957)
(-0.0035594 -0.0149954 -0.00217136)
(-0.00342107 -0.0136442 -0.00152561)
(-0.00331471 -0.0136489 -0.00132584)
(-0.00353501 -0.0155056 -0.00259899)
(-0.00635812 -0.0240771 0.000224894)
(-0.00621857 -0.0244858 0.00037289)
(-0.00707701 -0.0236559 0.000538699)
(-0.00424459 -0.0225379 -0.00105951)
(-0.00348643 -0.0239521 -0.00188652)
(-0.00370877 -0.0242964 -0.00131708)
(-0.00387773 -0.0235249 -0.000788707)
(-0.00459984 -0.025136 -0.000399047)
(-0.00493145 -0.0254473 -0.000560037)
(-0.0053152 -0.0235138 -0.00125302)
(-0.00411129 -0.0229776 -0.00148356)
(-0.00420174 -0.0228318 -0.00128333)
(-0.00442268 -0.021862 -0.0018077)
(-0.0040157 -0.0211518 -0.00212806)
(-0.00332253 -0.0218363 -0.00256165)
(-0.00350976 -0.0227018 -0.00285993)
(-0.00329149 -0.0197157 -0.00314513)
(-0.0035408 -0.0209298 -0.00273609)
(-0.00312983 -0.0202034 -0.0037447)
(-0.00287295 -0.020481 -0.00335759)
(-0.00383908 -0.0207513 -0.00296697)
(-0.00382586 -0.0197174 -0.00326813)
(-0.00380585 -0.0189634 -0.00349453)
(-0.00759472 -0.0212255 -0.00451595)
(-0.00755772 -0.0203064 -0.00428625)
(-0.00684103 -0.0204767 -0.00432649)
(-0.00667067 -0.0194308 -0.00447155)
(-0.00626468 -0.0194531 -0.00424031)
(-0.00638888 -0.0201592 -0.00400168)
(-0.00448528 -0.0215128 -0.00561804)
(-0.00540848 -0.0231966 -0.00555106)
(-0.00439138 -0.0214945 -0.00491384)
(-0.0052866 -0.0233125 -0.00667629)
(-0.00402358 -0.0225931 -0.00547307)
(-0.00199799 -0.0166037 -0.00631508)
(-0.00136099 -0.0187161 -0.00592849)
(-0.00109023 -0.0186483 -0.00634868)
(-0.00170356 -0.0172277 -0.00642257)
(-0.00213646 -0.0162726 -0.00627803)
(-0.00177449 -0.0182585 -0.00613701)
(-0.00443288 -0.011912 -0.00295592)
(-0.00451391 -0.0130498 -0.00319292)
(-0.00404573 -0.011694 -0.00312213)
(-0.00439072 -0.0113402 -0.00247489)
(-0.00465613 -0.0116737 -0.00255582)
(-0.00422937 -0.0129351 -0.00311726)
(-0.0042114 -0.00984775 -0.00214555)
(-0.0045786 -0.0109351 -0.0025371)
(-0.00429107 -0.0107665 -0.00261939)
(-0.00438294 -0.0103683 -0.00232005)
(-0.00421508 -0.0107007 -0.00255024)
(-0.00374611 -0.0150813 -0.00462493)
(-0.00369394 -0.0147458 -0.00426235)
(-0.0039556 -0.0136232 -0.0042739)
(-0.00396353 -0.0141748 -0.00392282)
(-0.00396755 -0.0130697 -0.0038729)
(-0.00407598 -0.0129697 -0.00401339)
(-0.00298576 -0.0176125 -0.00468839)
(-0.00405225 -0.0151738 -0.00413738)
(-0.00292054 -0.0171209 -0.00429461)
(-0.00344294 -0.0164966 -0.0044492)
(-0.00299296 -0.0160002 -0.00471166)
(-0.00340639 -0.015468 -0.00462257)
(-0.00375553 -0.0132437 -0.00399402)
(-0.00343412 -0.0152132 -0.00454051)
(-0.00272861 -0.0266287 0.000197044)
(-0.00237246 -0.0256939 -0.000126796)
(-0.0024351 -0.026578 -0.000586378)
(-0.0032507 -0.0266825 0.000504338)
(-0.00363529 -0.0280686 0.000865575)
(-0.00485598 -0.0261962 0.00100731)
(-0.00185205 -0.0268979 0.000377232)
(-0.00414286 -0.0271794 0.00196042)
(-0.00340735 -0.0278618 0.00175945)
(-0.00358191 -0.0276608 0.00127491)
(-0.00230365 -0.0260781 0.000587383)
(-0.00243858 -0.0268306 0.00105898)
(-0.00116139 -0.0231988 -0.00243017)
(-0.00091949 -0.024797 -0.00146559)
(-0.00116246 -0.023206 -0.00289036)
(-0.00138653 -0.0252093 -0.00190194)
(-0.000925961 -0.0248242 -0.00112776)
(-0.00056206 -0.0230409 -0.00231172)
(-0.000850189 -0.0258009 -0.000925183)
(0.000293243 -0.0246172 -0.00149515)
(-0.000789215 -0.0263307 -0.000510651)
(-0.000763615 -0.0258072 -0.000115775)
(-0.000259873 -0.0237929 -0.00185288)
(-0.000109306 -0.0241317 -0.00228161)
(-0.00403297 -0.00693412 -0.0002222)
(-0.00402296 -0.0064385 -0.000474416)
(-0.00424598 -0.00624448 -0.000635365)
(-0.00403531 -0.00597967 -0.000510171)
(-0.00403627 -0.00711329 -0.00017916)
(-0.00377696 -0.00678289 -0.000188915)
(-0.00420787 -0.00882635 -0.000450314)
(-0.00397657 -0.00858998 -0.000539592)
(-0.00362468 -0.00832512 -0.000232947)
(-0.00330479 -0.0156329 -0.00452154)
(-0.00304442 -0.016979 -0.00451604)
(-0.00337784 -0.01623 -0.00460523)
(-0.00384695 -0.0151902 -0.00418507)
(-0.00302246 -0.0163356 -0.00467795)
(-0.00308737 -0.0151105 -0.00464345)
(-0.00438577 -0.0104886 -0.00219526)
(-0.00447324 -0.0118102 -0.0030623)
(-0.00418342 -0.0145487 -0.00389827)
(-0.00436611 -0.0135204 -0.00353133)
(-0.00375931 -0.0145147 -0.00406937)
(-0.00380403 -0.0131889 -0.00371672)
(-0.00438859 -0.0134087 -0.00356066)
(-0.00411665 -0.0118933 -0.00343751)
(-0.00406606 -0.0113926 -0.00323219)
(-0.00440507 -0.0115364 -0.00278982)
(-0.00399582 -0.0116856 -0.0031388)
(-0.00456654 -0.0116421 -0.0028476)
(-0.00311553 -0.012668 -0.000884548)
(-0.00343977 -0.0135933 -0.00122248)
(-0.00346074 -0.0102723 -0.000135346)
(-0.0126104 -0.0282415 -0.0015836)
(-0.0127626 -0.0286088 -0.0034472)
(-0.0121961 -0.0270444 -0.00180487)
(-0.0130399 -0.0281046 -0.00279084)
(-0.0119537 -0.0272801 -0.00151726)
(-0.0115075 -0.0254409 -0.00203588)
(-0.0117179 -0.0260298 -0.00175782)
(-0.0117981 -0.0265918 -0.000682946)
(-0.0121368 -0.028029 -0.000707643)
(-0.0118864 -0.0283863 -9.70573e-05)
(-0.0114698 -0.0300785 0.000795173)
(-0.0092549 -0.0274189 0.0023203)
(-0.00554348 -0.0182164 -0.00396283)
(-0.00532393 -0.0178812 -0.00400466)
(-0.00662654 -0.0202819 -0.00415272)
(-0.00682046 -0.0196533 -0.00363496)
(-0.00798558 -0.0206324 -0.00432148)
(-0.00688288 -0.0194045 -0.00417057)
(-0.00753872 -0.0204859 -0.00345584)
(-0.00388013 -0.0197822 -0.00359554)
(-0.00380931 -0.0210286 -0.00255294)
(-0.00390289 -0.0237187 -0.00209852)
(-0.00313254 -0.0224923 -0.00236337)
(-0.00567831 -0.0248267 -0.000614266)
(-0.00503757 -0.0232952 -0.00052687)
(-0.00636306 -0.0243114 -0.000414055)
(-0.00397098 -0.0177469 -0.00358677)
(-0.00331704 -0.0127543 -0.000868011)
(-0.00332969 -0.0128622 -0.000980105)
(-0.00297424 -0.0132094 -0.00109878)
(-0.00508555 -0.0211056 -0.00637493)
(-0.00548813 -0.0211171 -0.00624159)
(-0.00358108 -0.0168814 -0.00331997)
(-0.0029505 -0.0143655 -0.00223164)
(-0.00386317 -0.016275 -0.00292999)
(-0.0036399 -0.0167726 -0.0034585)
(-0.00372554 -0.0166533 -0.00284041)
(-0.00672889 -0.0230935 -0.00645805)
(-0.0107598 -0.0263709 -0.00608205)
(-0.0103683 -0.0253935 -0.00527776)
(-0.00821595 -0.0232492 -0.0052139)
(-0.00530267 -0.0192498 -0.00428344)
(-0.00683874 -0.0214964 -0.0051392)
(-0.00650929 -0.0211937 -0.00469825)
(-0.004066 -0.0176729 -0.00393016)
(-0.00393663 -0.0174254 -0.00388903)
(-0.00510374 -0.0198876 -0.00456883)
(-0.00904522 -0.0247026 -0.00664698)
(-0.0110831 -0.0262976 -0.00592922)
(-0.0100272 -0.024719 -0.00641058)
(-0.00985219 -0.0252699 -0.00660755)
(-0.0121222 -0.0270647 -0.00487788)
(-0.0106497 -0.0251917 -0.00596291)
(-0.0106244 -0.0249328 -0.00497878)
(-0.0114016 -0.0262044 -0.00472829)
(-0.0125985 -0.0278013 -0.00363724)
(-0.0121199 -0.0265618 -0.004534)
(-0.0120887 -0.0269835 -0.00521077)
(-0.0123666 -0.0272396 -0.00385743)
(-0.0116902 -0.0269065 -0.00560891)
(-0.0114652 -0.026209 -0.00535962)
(-0.0071778 -0.0229083 -0.00711336)
(-0.00898891 -0.0259032 -0.00743829)
(-0.00718801 -0.0235163 -0.00717487)
(-0.0060762 -0.0218735 -0.00672047)
(-0.011296 -0.0277623 -0.00626035)
(-0.0110145 -0.0257783 -0.00558546)
(-0.00948901 -0.0251478 -0.00724031)
(-0.0108748 -0.0260005 -0.00621638)
(-0.00965214 -0.0256495 -0.00739244)
(-0.0106489 -0.0264933 -0.00712188)
(-0.0100817 -0.025789 -0.00705816)
(-0.00406245 -0.019784 -0.00494387)
(-0.00399681 -0.020924 -0.00556618)
(-0.00430842 -0.0216362 -0.0061867)
(-0.00521692 -0.0213179 -0.00568955)
(-0.00612897 -0.0228042 -0.00680384)
(-0.00533786 -0.0223046 -0.00556986)
(-0.0058654 -0.0237812 -0.00747527)
(-0.00909592 -0.026276 -0.00742797)
(-0.00966372 -0.0262985 -0.00710248)
(-0.00776772 -0.0243652 -0.0073877)
(-0.00862848 -0.0254687 -0.00764089)
(-0.00699942 -0.0233232 -0.00710614)
(-0.00790238 -0.0216063 -0.0051325)
(-0.00824025 -0.0228465 -0.00492442)
(-0.00819691 -0.0217792 -0.00441098)
(-0.0102186 -0.0226632 -0.00357119)
(-0.0119003 -0.026779 -0.00343422)
(-0.010706 -0.0245283 -0.00281548)
(-0.011636 -0.0256304 -0.00342139)
(-0.00908374 -0.0202686 -0.00247071)
(-0.00979561 -0.0221318 -0.00379338)
(-0.010092 -0.0222081 -0.00261814)
(-0.00843971 -0.0190448 -0.0024264)
(-0.00788969 -0.0194257 -0.00288555)
(-0.00640668 -0.0193031 -0.00341587)
(-0.00645294 -0.0185508 -0.00319844)
(-0.0034118 -0.0152245 -0.00229083)
(-0.00536925 -0.0178529 -0.00329517)
(-0.00423492 -0.0168372 -0.00264006)
(-0.00552163 -0.0189836 -0.00379145)
(-0.00530644 -0.0186912 -0.00343242)
(-0.00445276 -0.0169633 -0.00298944)
(-0.00420492 -0.0173125 -0.00320589)
(-0.0049481 -0.0188908 -0.0038505)
(-0.00394091 -0.0166785 -0.00273606)
(-0.00672456 -0.0213532 -0.00479126)
(-0.00697947 -0.0205565 -0.00495948)
(-0.00694514 -0.0206571 -0.00502514)
(-0.00630417 -0.0200506 -0.00472858)
(-0.0103976 -0.0229078 -0.00123357)
(-0.0107797 -0.0242362 -0.00183215)
(-0.00927175 -0.0204704 -0.00136346)
(-0.00960391 -0.0208756 -0.00187185)
(-0.0091223 -0.0205455 -0.00204838)
(-0.00947517 -0.0208726 -0.00176234)
(-0.00955732 -0.0218469 -0.00169201)
(-0.00906154 -0.0200101 -0.00181607)
(-0.0103046 -0.0235007 -0.00096722)
(-0.00996045 -0.023138 -0.000484009)
(-0.00992601 -0.0222291 -0.00079998)
(-0.00931398 -0.0212113 -0.000261178)
(-0.00954214 -0.0212645 -0.00104921)
(-0.00995144 -0.022138 -0.000792429)
(-0.00897864 -0.020394 -0.000925427)
(-0.00923692 -0.0215558 -0.000578113)
(-0.0117333 -0.0291725 -0.00653216)
(-0.0113895 -0.0264114 -0.00542537)
(-0.0116747 -0.0280731 -0.00586164)
(-0.00981389 -0.0259398 -0.0068522)
(-0.0101566 -0.0235472 -0.000428775)
(-0.0107849 -0.0237578 -0.00159701)
(-0.011784 -0.0259388 -0.00309556)
(-0.0118647 -0.0259637 -0.00217834)
(-0.0112497 -0.0241846 -0.00274961)
(-0.0112732 -0.0260405 -0.00590663)
(-0.0116682 -0.0265564 -0.00580643)
(-0.0128366 -0.0297268 -0.00108149)
(-0.0131905 -0.0295293 -0.00236451)
(-0.0111093 -0.02734 0.000481794)
(-0.0123584 -0.0284749 -0.00103638)
(-0.0124258 -0.0299985 -0.000197499)
(-0.0112791 -0.0291417 0.00102002)
(-0.012318 -0.0285124 -0.000403016)
(-0.00939258 -0.0278132 0.00262027)
(-0.00258074 -0.0298189 0.00287649)
(-0.00307529 -0.0289403 0.00300204)
(-0.00233462 -0.0277214 0.00353247)
(-0.00275005 -0.0281771 0.00352505)
(-0.0125044 -0.0275722 -0.00447055)
(-0.0127073 -0.0308911 -0.000305989)
(-0.0107947 -0.028487 0.00157374)
(-0.0125349 -0.0278414 -0.00329578)
(-0.0121792 -0.0281569 -0.0012147)
(-0.0100509 -0.0291436 0.0026559)
(-0.010636 -0.0283958 0.00228645)
(-0.0123968 -0.0277621 -0.00157976)
(-0.012371 -0.0271952 -0.00442628)
(-0.0121005 -0.0275298 -0.00441875)
(-0.0128921 -0.0294831 -0.00309277)
(-0.0124833 -0.0276961 -0.00263889)
(-0.0127975 -0.029018 -0.00150622)
(-0.0127591 -0.0285224 -0.00226175)
(-0.0114795 -0.0271256 3.78442e-05)
(-0.0116358 -0.0295635 0.0010562)
(-0.0097687 -0.0301429 0.00313261)
(-0.0102098 -0.028976 0.00233353)
(-0.0111368 -0.0276121 0.00149435)
(-0.0104292 -0.0270856 0.0026465)
(-0.0111888 -0.0261947 0.00058244)
(-0.0097399 -0.0264252 0.00305382)
(-0.00415122 -0.0297983 0.00468082)
(-0.0026946 -0.0302446 0.00421158)
(-0.00326557 -0.0285358 0.00403679)
(-0.00589289 -0.0299623 0.00457024)
(-0.00728449 -0.0305596 0.00416738)
(-0.00758634 -0.0286502 0.00407773)
(-0.00705463 -0.0289646 0.00460206)
(-0.00637556 -0.0287186 0.00497254)
(-0.00720462 -0.0176175 -0.00220523)
(-0.00653605 -0.0175323 -0.00240133)
(-0.00641325 -0.0170267 -0.00238608)
(-0.00671595 -0.0174495 -0.00254163)
(-0.00666054 -0.0168378 -0.00252611)
(-0.00727708 -0.0170074 -0.00268742)
(-0.00816335 -0.0187328 -0.00199694)
(-0.00794904 -0.0178689 -0.00220174)
(-0.00872304 -0.0190878 -0.00182102)
(-0.00831235 -0.0192272 -0.00201207)
(0.000732294 -0.0222551 -0.00440253)
(0.000657331 -0.0254485 -0.00350813)
(-7.88683e-05 -0.028034 -0.00109268)
(-0.00171737 -0.0295348 0.00395914)
(0.000311422 -0.0293666 0.000709695)
(-0.00214359 -0.0287114 0.00247534)
(-0.000963906 -0.0280438 0.00274682)
(-0.0045395 -0.0070877 -0.00226409)
(-0.00463835 -0.00745026 -0.00283818)
(-0.00443307 -0.00729332 -0.00271058)
(-0.00454759 -0.0079356 -0.00359724)
(-0.00450993 -0.00732971 -0.00309218)
(-0.00479752 -0.00687524 -0.00185605)
(-0.00469944 -0.00667024 -0.00156517)
(-0.00456511 -0.00676184 -0.00214832)
(-0.00485585 -0.00685415 -0.00191062)
(-0.00170764 -0.0278416 0.00214354)
(-0.00311983 -0.00781936 4.33894e-06)
(-0.00360867 -0.00752744 -2.02493e-05)
(-0.00298866 -0.0103919 -2.27114e-05)
(-0.00264349 -0.0115936 -0.000572005)
(-0.00291884 -0.0107178 -0.000105939)
(-0.00275623 -0.0112966 -0.000510152)
(-0.002625 -0.0135689 -0.00126058)
(-0.00267625 -0.0125668 -0.000795438)
(-0.00227718 -0.0122874 -0.00079376)
(-0.00239994 -0.013932 -0.00130763)
(-0.00392621 -0.0193186 -0.00428676)
(-0.00356743 -0.0203687 -0.00444757)
(-0.00337439 -0.0187142 -0.0034547)
(-0.00213517 -0.0146658 -0.00174873)
(-0.00265375 -0.0168052 -0.0023107)
(-0.0024455 -0.0172151 -0.00308188)
(-0.00257487 -0.0175351 -0.00303317)
(-0.00293252 -0.018622 -0.00378791)
(-0.00245131 -0.0139239 -0.000558981)
(-0.00361239 -0.0109253 4.09106e-05)
(-0.0034693 -0.0101158 5.09792e-05)
(-0.00372852 -0.00931791 0.000161842)
(-0.00341353 -0.00970028 -0.000114448)
(-0.00349472 -0.0107685 -0.000100544)
(-0.00323629 -0.0108562 -0.000250872)
(-0.00353827 -0.00858766 0.000135735)
(-0.00370651 -0.00806923 8.77007e-05)
(-0.00393094 -0.00783712 -5.26539e-05)
(-0.00373549 -0.00763783 -9.60942e-05)
(-0.00408182 -0.00861943 3.00027e-05)
(-0.00398385 -0.00788011 -0.000104669)
(-0.00389652 -0.00785792 -0.000148837)
(-0.0038618 -0.00854502 -1.1638e-05)
(-0.00380473 -0.00941464 8.44254e-06)
(-0.00377279 -0.00906253 6.44681e-05)
(-0.00338689 -0.00959609 9.2983e-06)
(-0.00359962 -0.0106832 -4.05066e-05)
(-0.00407173 -0.0100546 2.63535e-05)
(-0.00363497 -0.0112662 -0.000253451)
(-0.00374419 -0.0106556 -0.000103119)
(-0.00396956 -0.00860745 4.52448e-05)
(-0.00397205 -0.00799143 -0.000168418)
(-0.00377203 -0.00956623 8.51236e-05)
(-0.00367103 -0.00844684 -3.84788e-06)
(-0.00390547 -0.00865661 3.00155e-05)
(-0.00401449 -0.00826717 -5.45006e-05)
(-0.00445436 -0.00737358 -0.00166831)
(-0.0044395 -0.00680698 -0.00138836)
(-0.00439741 -0.00678333 -0.0012446)
(-0.0033544 -0.00890996 0.000160756)
(-0.00334349 -0.00928219 4.89401e-05)
(-0.00377781 -0.00806 -5.13634e-06)
(-0.00374564 -0.00793691 -3.1115e-05)
(-0.0035754 -0.00954613 5.55193e-05)
(-0.00342834 -0.00755633 1.6999e-06)
(-0.00397468 -0.00812817 3.35628e-05)
(-0.0035244 -0.00871044 4.58756e-05)
(-0.00347736 -0.00897198 0.00016248)
(-0.00344691 -0.00717418 -2.68753e-05)
(-0.00407954 -0.007776 -0.000110437)
(-0.00379231 -0.00755707 -0.000145581)
(-0.0038992 -0.00703645 -0.000304285)
(-0.00429162 -0.00650113 -0.000696858)
(-0.00436611 -0.00641056 -0.000912502)
(-0.00441744 -0.00671263 -0.00100415)
(-0.00448038 -0.00678289 -0.00100083)
(-0.00409656 -0.00770478 -0.000234855)
(-0.0041627 -0.00780797 -0.000337565)
(-0.00424805 -0.00772454 -0.000512299)
(-0.00415552 -0.00739185 -0.000359547)
(-0.00399409 -0.00753514 -0.000205083)
(-0.00444104 -0.00769797 -0.000804212)
(-0.00434535 -0.00758104 -0.00059475)
(-0.0041297 -0.00734117 -0.000440439)
(-0.00458682 -0.00755447 -0.000915821)
(-0.00434248 -0.00722046 -0.0006875)
(-0.00434535 -0.00728204 -0.00101873)
(-0.00951848 -0.0242203 -0.00570759)
(-0.0047574 -0.00767654 -0.00155655)
(-0.00473864 -0.00933031 -0.00237249)
(-0.00495194 -0.00800619 -0.00254996)
(-0.00460635 -0.00887922 -0.00284326)
(-0.00465783 -0.00860905 -0.00284272)
(-0.00444068 -0.0107305 -0.00495849)
(-0.00433536 -0.0081613 -0.00351181)
(-0.00434448 -0.00890352 -0.00386051)
(-0.0043815 -0.00881451 -0.0030893)
(-0.00271555 -0.0153115 -0.00605741)
(-0.00465956 -0.00968432 -0.00335037)
(-0.00447934 -0.00959276 -0.00306861)
(-0.00463677 -0.010616 -0.00345837)
(-0.00451289 -0.0109098 -0.00370482)
(-0.00450335 -0.0077958 -0.000948974)
(-0.00453069 -0.00768558 -0.00114916)
(-0.00445018 -0.00866304 -0.00168824)
(-0.00430232 -0.0080157 -0.00122429)
(-0.00458996 -0.00812737 -0.00118353)
(-0.00429675 -0.00830494 -0.00126784)
(-0.00408712 -0.00832361 -0.000752803)
(-0.0046772 -0.00880779 -0.00134469)
(-0.00477505 -0.00841792 -0.00138079)
(-0.00380672 -0.00810733 -0.000279125)
(-0.00405665 -0.00818911 -0.000390754)
(-0.00405132 -0.00825187 -0.000138346)
(-0.00371181 -0.0090367 -1.86801e-05)
(-0.00387945 -0.00874927 -4.97661e-05)
(-0.00409477 -0.00811501 -0.000378)
(-0.00435559 -0.0085038 -0.000405304)
(-0.00378071 -0.00832712 -0.000178731)
(-0.00401849 -0.00859855 -0.000355453)
(-0.00355103 -0.0148045 -0.00177527)
(-0.00349339 -0.0131754 -0.00105654)
(-0.00346114 -0.0133252 -0.00126217)
(-0.00380119 -0.0143354 -0.00152135)
(-0.00370443 -0.0144468 -0.00143752)
(-0.0034918 -0.0146436 -0.00182526)
(-0.00326871 -0.013122 -0.00111315)
(-0.00344121 -0.0127996 -0.000895985)
(-0.00333644 -0.0126658 -0.000802143)
(-0.00367867 -0.00847335 3.72741e-05)
(-0.00377913 -0.00908932 1.30834e-05)
(-0.0037127 -0.0086498 5.36183e-05)
(-0.00400373 -0.0109179 -6.15067e-05)
(-0.0035182 -0.00939219 -2.02097e-05)
(-0.00366167 -0.00913555 8.36622e-05)
(-0.00368951 -0.00994351 -9.34721e-07)
(-0.00348124 -0.00934843 4.11282e-05)
(-0.00336468 -0.00938903 -3.04251e-05)
(-0.00327403 -0.010047 -0.00016505)
(-0.00337464 -0.0121057 -0.000565172)
(-0.00347954 -0.0114218 -0.000163387)
(-0.0058374 -0.017859 -0.00317833)
(-0.00572172 -0.0175309 -0.00323868)
(-0.00376898 -0.0151625 -0.00214156)
(-0.00560398 -0.017902 -0.00289046)
(-0.00339982 -0.0119768 -0.000530014)
(-0.00339808 -0.0111968 -0.000366053)
(-0.00350402 -0.0109264 -0.000170743)
(-0.00508156 -0.0172666 -0.00277636)
(-0.00440779 -0.0172844 -0.00264658)
(-0.00355638 -0.0154107 -0.00236315)
(-0.00469869 -0.0167679 -0.00237386)
(-0.00376701 -0.0154532 -0.00191429)
(-0.0034817 -0.0141522 -0.00153881)
(-0.00546726 -0.0176204 -0.0031643)
(-0.00502169 -0.0169177 -0.00302878)
(-0.00443873 -0.0161643 -0.00281108)
(-0.00636473 -0.0175897 -0.00242846)
(-0.00600608 -0.017361 -0.00231821)
(-0.00641211 -0.018387 -0.00259025)
(-0.00553553 -0.0170427 -0.00270512)
(-0.00394621 -0.0151063 -0.00172001)
(-0.00387391 -0.0150119 -0.0021216)
(-0.00344542 -0.0113205 -0.000294008)
(-0.00318201 -0.0106226 -0.000249363)
(-0.00363262 -0.0142841 -0.00150532)
(-0.00368227 -0.0140123 -0.0013061)
(-0.00335388 -0.0136656 -0.00114578)
(-0.0032714 -0.0120266 -0.0005896)
(-0.00330981 -0.0138451 -0.00131004)
(-0.00319415 -0.0124973 -0.00084103)
(-0.00334371 -0.010481 -3.20989e-05)
(-0.00320506 -0.0108247 -0.000298393)
(-0.00382117 -0.00867995 -0.000111218)
(-0.00347324 -0.00938987 1.47983e-05)
(-0.00321974 -0.00924165 -4.94667e-05)
(-0.00368307 -0.0101752 7.79771e-05)
(-0.00365064 -0.00897056 5.14291e-05)
(-0.00365693 -0.00866203 4.80414e-06)
(-0.00338722 -0.00881222 1.35253e-05)
(-0.00337655 -0.00964615 0.000172107)
(-0.00339258 -0.00842152 4.25289e-05)
(-0.00438897 -0.0249578 0.000109949)
(-0.00539956 -0.0257508 -3.79055e-05)
(-0.00773138 -0.0226317 0.000427036)
(-0.00638995 -0.0221265 0.000436938)
(-0.00964945 -0.02362 4.68886e-05)
(-0.00809173 -0.0234255 0.000887741)
(-0.00913086 -0.0235129 0.000270495)
(-0.00907945 -0.0228107 0.000421448)
(-0.00622652 -0.0230896 0.000862157)
(-0.00807227 -0.0250807 0.00061978)
(-0.00841087 -0.0243758 0.000773259)
(-0.00804325 -0.0246623 0.000510644)
(-0.00847411 -0.0231264 0.000492833)
(-0.00462096 -0.0106379 -0.00205066)
(-0.00435619 -0.00892549 -0.000864153)
(-0.00461674 -0.00998546 -0.00228147)
(-0.00421817 -0.0103357 -0.00259064)
(-0.00454871 -0.0104459 -0.00247817)
(-0.00434442 -0.00974988 -0.00219762)
(-0.0044053 -0.010039 -0.00228726)
(-0.00448066 -0.01194 -0.00394294)
(-0.0042924 -0.0103363 -0.00297182)
(-0.00455388 -0.0109005 -0.00263763)
(-0.00423481 -0.0106829 -0.00272179)
(-0.00452683 -0.0125184 -0.00372187)
(-0.00418673 -0.0115743 -0.00306762)
(-0.00481539 -0.0111341 -0.00311104)
(-0.00228572 -0.0181506 -0.00460322)
(-0.00273366 -0.0174934 -0.00467703)
(-0.00294434 -0.0234329 -0.00294164)
(-0.00279318 -0.0208677 -0.0037939)
(-0.00217921 -0.0211745 -0.00358149)
(-0.00244052 -0.0207885 -0.00347279)
(-0.00254013 -0.0196006 -0.0037992)
(-0.00402989 -0.0118589 -0.00326895)
(-0.00396764 -0.016135 -0.00425606)
(-0.00405712 -0.0155622 -0.00411027)
(-0.0033657 -0.0154023 -0.00481799)
(-0.0024279 -0.015807 -0.00606617)
(-0.00325528 -0.0137764 -0.00550205)
(-0.0039036 -0.0139132 -0.00536159)
(-0.00377247 -0.0121562 -0.00487893)
(-0.00426774 -0.0122114 -0.00427636)
(-0.00432293 -0.0122065 -0.00454646)
(-0.00402976 -0.00837794 -0.000388043)
(-0.00382919 -0.00816247 -0.000445698)
(-0.00384414 -0.00815372 -0.000238468)
(-0.00413108 -0.00837059 -0.000456591)
(-0.0038298 -0.00854173 -0.000194887)
(-0.00374467 -0.00788458 -0.000377206)
(-0.00420937 -0.00880335 -0.00108155)
(-0.00440763 -0.0087315 -0.00103137)
(-0.00427398 -0.00884461 -0.000922575)
(-0.00439158 -0.00887654 -0.00106339)
(-0.00404471 -0.00822625 -0.000549272)
(-0.00384986 -0.00837106 -0.000426785)
(-0.00415574 -0.00818956 -0.000717167)
(-0.00407568 -0.00844518 -0.000706914)
(-0.00439817 -0.0133922 -0.0036468)
(-0.00425267 -0.0115405 -0.00284596)
(-0.00381273 -0.00849066 -0.000124201)
(-0.00377796 -0.00819305 -0.000156401)
(-0.00388827 -0.00834363 -9.51202e-05)
(-0.00641447 -0.0272742 0.000982642)
(-0.0107459 -0.0250067 -7.56808e-05)
(-0.00565732 -0.0290201 0.0022708)
(-0.00541411 -0.0267051 0.000452549)
(-0.00431902 -0.0258413 0.000529026)
(-0.00767117 -0.0274023 0.00173799)
(-0.00651819 -0.0271778 0.00201079)
(-0.00745849 -0.0274545 0.001769)
(-0.00643165 -0.0273588 0.0019281)
(-0.00399406 -0.0271241 0.00149386)
(-0.006016 -0.0284396 0.00165874)
(-0.00533097 -0.026374 0.00122313)
(-0.00757396 -0.0265776 0.00146364)
(-0.00829549 -0.0257285 0.00101247)
(-0.00849702 -0.0251075 0.00101117)
(-0.00906625 -0.0247375 0.000512448)
(-0.0086381 -0.0240818 0.000834241)
(-0.00841984 -0.0258183 0.000903558)
(-0.00916371 -0.0241532 0.000583858)
(-0.00998882 -0.0240901 -0.00021206)
(-0.00915718 -0.0218656 -0.000152332)
(-0.0100887 -0.0237697 0.000206957)
(-0.00964546 -0.024247 0.000101639)
(-0.00997724 -0.0266733 0.000703022)
(-0.00915939 -0.0253495 0.000996906)
(-0.00911747 -0.0273337 0.00120623)
(-0.00764493 -0.0293738 0.00227749)
(-0.00811701 -0.0269609 0.00192025)
(-0.00560136 -0.0295903 0.00319216)
(-0.0038042 -0.0279068 0.00288657)
(-0.00201182 -0.0268815 0.00251643)
(-0.00403168 -0.0283303 0.00318238)
(-0.00391982 -0.0274999 0.00233207)
(-0.00186891 -0.0276976 0.00070664)
(-0.00801044 -0.0285199 0.00236418)
(-0.0113649 -0.028874 0.00081947)
(-0.00905256 -0.02713 0.0015306)
(-0.0092413 -0.0268193 0.00138366)
(-0.010071 -0.0300893 0.00148903)
(-0.0105511 -0.027781 0.00106331)
(-0.0111786 -0.0274388 0.000149732)
(-0.01097 -0.0252563 -0.000458827)
(-0.0112466 -0.0262299 -0.000211923)
(-0.0113703 -0.0265791 0.000185344)
(-0.00623834 -0.0275452 0.00281469)
(-0.00564404 -0.0289148 0.00260121)
(-0.00590377 -0.0280359 0.00250121)
(-0.00771615 -0.0284578 0.00228531)
(-0.00777507 -0.0291717 0.00283791)
(-0.00832894 -0.0271859 0.00232352)
(-0.00909077 -0.0277689 0.0018606)
(-0.00871585 -0.0284377 0.00253288)
(-0.00969663 -0.0294427 0.00233722)
(-0.0100274 -0.0278284 0.00152947)
(-0.00166203 -0.0281112 0.00183775)
(-0.000120038 -0.0259518 0.00138125)
(-0.00067501 -0.0254567 0.000410557)
(-1.66496e-05 -0.0249267 -0.00094283)
(-5.87969e-05 -0.0261196 -0.000540985)
(-0.00142787 -0.0204731 -0.00402359)
(-0.00107834 -0.0228737 -0.00323974)
(-0.00182197 -0.0240985 -0.00129997)
(-0.00214336 -0.0216692 -0.00321765)
(-0.00212928 -0.0220665 -0.00355973)
(-0.00164002 -0.0223178 -0.00351254)
(-0.000958875 -0.022644 -0.0029204)
(-0.00132532 -0.0238059 -0.002011)
(-0.00142014 -0.0222647 -0.00333289)
(-0.00204088 -0.0237457 -0.00158388)
(-0.00187462 -0.0242378 -0.00104471)
(-0.00223599 -0.0253133 -0.00267831)
(-0.00308296 -0.016743 -0.004586)
(-0.00331013 -0.0170648 -0.00508478)
(-0.00263266 -0.0172421 -0.00510176)
(-0.00241264 -0.017841 -0.00494463)
(-0.00224136 -0.0173747 -0.00494369)
(-0.00237309 -0.0188875 -0.00490154)
(-0.00260604 -0.0180548 -0.00463957)
(-0.00189602 -0.0196067 -0.00451442)
(-0.000719706 -0.0217864 -0.00367019)
(-0.00163046 -0.0188365 -0.00490302)
(-0.00160305 -0.0180597 -0.00440024)
(-0.00100067 -0.0197088 -0.00430237)
(-0.000872998 -0.0215409 -0.00393851)
(-0.00145392 -0.0199724 -0.00425692)
(-0.000465655 -0.0221624 -0.00327436)
(-0.000723138 -0.0238885 -0.00254236)
(-0.00141682 -0.0182673 -0.00567012)
(-0.00151627 -0.0182039 -0.00551547)
(-0.00188939 -0.0181113 -0.00577563)
(-5.91784e-05 -0.0213626 -0.00478429)
(-0.000213423 -0.0217321 -0.00459812)
(-0.00018425 -0.0204542 -0.00551405)
(-0.00110354 -0.0201476 -0.00579791)
(-0.000550806 -0.022244 -0.003565)
(-0.000878321 -0.0211232 -0.00418423)
(-0.00180069 -0.0201608 -0.00508205)
(-0.00155535 -0.0203644 -0.00480734)
(-0.0010134 -0.021597 -0.00449532)
(-0.000552717 -0.0219649 -0.00407551)
(-0.00072192 -0.0218189 -0.00425017)
(-0.000884943 -0.0200876 -0.00474915)
(-0.000152753 -0.0230691 -0.00260447)
(6.46446e-05 -0.0244028 -0.0017906)
(-0.000801366 -0.0229727 -0.00324015)
(-0.000515753 -0.0227228 -0.00288724)
(-0.00839903 -0.0232146 0.000467607)
(-0.00873626 -0.0223684 0.000264744)
(-0.0095382 -0.021539 -0.00120329)
(-0.00857116 -0.0191095 -0.00177706)
(-0.00412704 -0.0104051 -0.00207309)
(-0.00425104 -0.00897297 -0.000874512)
(-0.00388008 -0.0083024 -0.000492773)
(-0.0041806 -0.00875632 -0.000553792)
(-0.00394556 -0.00862862 -0.000797329)
(-0.00377483 -0.0084479 -0.000460657)
(-0.00388943 -0.00820297 -0.000731267)
(-0.00384475 -0.00848835 -0.000757486)
(-0.00400931 -0.00886931 -0.00107938)
(-0.0042884 -0.010169 -0.00184085)
(-0.00413538 -0.00965466 -0.00178452)
(-0.0043911 -0.0099073 -0.00153774)
(-0.00416978 -0.00947936 -0.00138343)
(-0.00389337 -0.00877286 -0.000985418)
(-0.00404921 -0.00934439 -0.00164188)
(-0.004018 -0.00911093 -0.00153231)
(-0.00428299 -0.00921036 -0.00128246)
(-0.0043739 -0.00924761 -0.00108703)
(-0.00423025 -0.00936373 -0.00138647)
(-0.00429604 -0.00903358 -0.00113639)
(-0.00268114 -0.0141106 -0.00699428)
(-0.00376848 -0.0103248 -0.00510068)
(-0.00378931 -0.0120922 -0.00573324)
(-0.00359803 -0.0133028 -0.00589031)
(-0.00325604 -0.012191 -0.00600204)
(-0.00376062 -0.0115487 -0.00565745)
(0.000523848 -0.0235483 -0.0047321)
(0.000864918 -0.0239132 -0.00399535)
(0.000170662 -0.0213864 -0.00527494)
(-0.000482307 -0.0203092 -0.00555118)
(-0.000582519 -0.0191143 -0.00601914)
(-0.00207016 -0.0169269 -0.0063197)
(-0.00175897 -0.0163215 -0.00699401)
(0.000200511 -0.0220662 -0.00578095)
(-0.00143612 -0.0181312 -0.00699496)
(-0.00122261 -0.0176863 -0.0065443)
(-0.000412821 -0.0192084 -0.00647941)
(-0.000300499 -0.0202198 -0.00609911)
(0.00100631 -0.0240194 -0.00446856)
(0.000898157 -0.0224234 -0.00545543)
(-0.00281108 -0.0135026 -0.00704747)
(-0.00173422 -0.016259 -0.0072933)
(-0.00223005 -0.0149985 -0.00725687)
(-0.00243679 -0.014681 -0.00722763)
(-0.00188627 -0.0156188 -0.00728734)
(0.00156979 -0.0242852 -0.00360038)
(0.00177837 -0.0245295 -0.00409947)
(0.00164037 -0.0275073 0.00240458)
(0.00102852 -0.0266528 0.00141395)
(0.00253541 -0.0249809 -0.00337726)
(-0.000113496 -0.0288729 0.00174971)
(0.00102678 -0.0271996 9.06512e-05)
(0.0016118 -0.0262749 -0.00254047)
(-0.0120558 -0.0263311 -0.00258042)
(-0.0121312 -0.0274626 -0.000271011)
(-0.011649 -0.0260556 0.000128467)
(-0.0101096 -0.0253151 0.00227527)
(-0.0111867 -0.0256998 0.000864618)
(-0.00812573 -0.025853 0.00387305)
(-0.00817408 -0.0281634 0.00415658)
(-0.00778404 -0.0256661 0.00422244)
(-0.00600802 -0.0250535 0.00545061)
(-0.00355266 -0.0283927 0.00490958)
(-0.00505049 -0.00768595 -0.00327836)
(-0.00492166 -0.00676479 -0.00272921)
(-0.00513009 -0.00738711 -0.00312933)
(-0.00527651 -0.00649761 -0.00305221)
(-0.00443395 -0.00633804 -0.00103952)
(-0.0045331 -0.00644874 -0.00138085)
(-0.00432055 -0.00575535 -0.000846947)
(-0.00410618 -0.00593306 -0.000564504)
(-0.00421037 -0.00586532 -0.000866413)
(-0.0044958 -0.00559802 -0.00114212)
(-0.00470487 -0.00619569 -0.00185059)
(-0.0049159 -0.00615988 -0.00169586)
(-0.00476186 -0.0058295 -0.00152865)
(-0.0046696 -0.00579942 -0.00141557)
(-0.00529235 -0.00609285 -0.00167175)
(-0.00465542 -0.00557112 -0.00126644)
(-0.00462817 -0.00586287 -0.000916267)
(-0.0048813 -0.0057141 -0.00134446)
(-0.00395853 -0.0106134 -0.00524983)
(-0.00454258 -0.00918001 -0.00441629)
(-0.00416136 -0.00921348 -0.00467833)
(-0.00425158 -0.00971337 -0.00502576)
(-0.00482221 -0.00814606 -0.00421266)
(-0.00410161 -0.0100089 -0.00538126)
(-0.00987267 -0.0260304 -0.00637496)
(-0.00478077 -0.00727586 -0.000185307)
(-0.00452113 -0.00837099 0.000232224)
(-0.00271407 -0.0129398 -0.000327094)
(-0.00286545 -0.0146628 -0.000324865)
(-0.00262358 -0.018226 -0.00290661)
(-0.00279446 -0.0191444 -0.00274563)
(-0.0029374 -0.0196439 -0.00371631)
(-0.00334036 -0.0203674 -0.00461116)
(-0.00440534 -0.00602942 -0.000613715)
(-0.00395203 -0.00646954 -0.000369536)
(-0.00365177 -0.0069832 -7.11658e-06)
(-0.00410756 -0.0065969 -0.00027642)
(-0.00388388 -0.00798518 0.000145585)
(-0.00433922 -0.00711656 -0.000109643)
(-0.00367682 -0.00703224 -7.80061e-05)
(-0.00277615 -0.011659 9.70123e-05)
(-0.00367376 -0.00921796 0.000257522)
(-0.00326412 -0.0107088 9.1391e-05)
(-0.00268161 -0.0105246 -0.000124646)
(-0.00351031 -0.0079453 5.40816e-05)
(-0.00301246 -0.00932758 7.40418e-05)
(-0.00344936 -0.00870327 6.67862e-05)
(-0.00344564 -0.00744118 1.82818e-05)
(-0.00325184 -0.0083757 0.000233876)
(-0.00328299 -0.00987208 0.000124859)
(-0.00505242 -0.00813646 -0.00377825)
(-0.00491171 -0.00787102 -0.00355959)
(-0.00483289 -0.00818904 -0.00389873)
(-0.00452402 -0.00853371 -0.00412487)
(-0.00473303 -0.00622584 -0.00202674)
(-0.00548927 -0.00674708 -0.0029059)
(-0.00469687 -0.00597433 -0.00182337)
(-0.00496647 -0.0067569 -0.00251063)
(-0.00202779 -0.0271838 0.00498261)
(0.000875792 -0.0219054 -0.00559558)
(0.00166868 -0.0223061 -0.00491132)
(0.00164866 -0.0229232 -0.00540987)
(-0.00110325 -0.0168309 -0.00710701)
(-0.00116237 -0.0168161 -0.00741957)
(-0.00019105 -0.02008 -0.0066275)
(-0.000492188 -0.0183099 -0.00680992)
(-0.000525677 -0.0185007 -0.00720201)
(0.000559892 -0.020568 -0.00623914)
(-0.00885184 -0.0222517 0.00026343)
(-0.009123 -0.0224596 6.18613e-05)
(0.000175761 -0.0241068 -0.00214212)
(-0.000305503 -0.0237346 -0.00295728)
(-0.000234408 -0.0233414 -0.00409727)
(-0.000322129 -0.0221375 -0.00350575)
(-0.0025552 -0.0233749 -0.00237672)
(-0.00216695 -0.022827 -0.00262503)
(-0.00263395 -0.0243214 -0.0013056)
(-0.00273344 -0.02426 -0.00186958)
(-0.00340538 -0.0253899 -0.00166356)
(-0.00447001 -0.0116151 -0.00290819)
(-0.00451699 -0.0122121 -0.00334921)
(-0.00435586 -0.0116862 -0.00273681)
(-0.00411939 -0.0102889 -0.00229191)
(-0.00451591 -0.0107893 -0.00223088)
(-0.00435603 -0.0104655 -0.00203839)
(-0.00427448 -0.010646 -0.00237803)
(-0.0043398 -0.00856434 -0.000971793)
(-0.00402399 -0.0086522 -0.000384573)
(-0.00390017 -0.00811561 -0.000321675)
(-0.00398126 -0.00849072 -0.000659304)
(-0.00405034 -0.0133878 -0.00412402)
(-0.00384098 -0.0137646 -0.00489784)
(-0.00413228 -0.0134059 -0.00457361)
(-0.00396628 -0.0132378 -0.0043459)
(-0.00331786 -0.0153109 -0.00501819)
(-0.00348401 -0.0138927 -0.0046272)
(-0.0036481 -0.0140517 -0.00484959)
(-0.00278291 -0.0163466 -0.00470055)
(-0.0028542 -0.0157255 -0.00526394)
(-0.00215844 -0.0181935 -0.00524459)
(-0.0023179 -0.0171239 -0.00446487)
(-0.00298267 -0.0155018 -0.00504464)
(-0.00266603 -0.0164316 -0.00489163)
(-0.00354314 -0.0148853 -0.00513968)
(-0.00329143 -0.0147997 -0.00508613)
(-0.00305909 -0.018989 -0.00422181)
(-0.00302915 -0.0155108 -0.00485345)
(-0.00379499 -0.0173014 -0.00439819)
(-0.00272195 -0.0173737 -0.00463274)
(-0.00303808 -0.0197105 -0.00395761)
(-0.00310627 -0.0194996 -0.00424891)
(-0.00364302 -0.0178812 -0.00458525)
(-0.00322818 -0.0190089 -0.00430517)
(-0.00361473 -0.0180105 -0.00434991)
(-0.00449264 -0.00996115 -0.00184517)
(-0.00425895 -0.00879372 -0.00131969)
(-0.00413877 -0.00871777 -0.00101231)
(-0.00415432 -0.0089691 -0.00101419)
(-0.00430476 -0.00913807 -0.00141932)
(-0.00413583 -0.00913298 -0.00134246)
(-0.00433246 -0.00986037 -0.00182741)
(-0.00429438 -0.00969379 -0.00172438)
(-0.00435879 -0.00939591 -0.00160478)
(-0.00450631 -0.00916489 -0.00151354)
(-0.00449301 -0.00940234 -0.00150006)
(-0.00458522 -0.00977711 -0.0019293)
(-0.00448992 -0.00959309 -0.00179829)
(-0.00403963 -0.00791601 -0.000275677)
(-0.00391929 -0.00845303 -0.000106358)
(-0.00415902 -0.00810468 -0.000331487)
(-0.00399686 -0.00834969 -0.000213488)
(-0.00400652 -0.00841386 -0.000197956)
(-0.00360829 -0.00828871 -2.61951e-06)
(-0.00397972 -0.00789801 -0.000208903)
(-0.00413153 -0.00888207 -4.41645e-05)
(-0.00379096 -0.00816448 -9.12693e-05)
(-0.00418928 -0.00816572 -0.0006796)
(-0.00462506 -0.00810916 -0.0012985)
(-0.00444265 -0.00847127 -0.00102882)
(-0.00424021 -0.00796717 -0.000634968)
(-0.00421229 -0.00798537 -0.00037017)
(-0.00436509 -0.00813197 -0.000760465)
(-0.00435303 -0.00819601 -0.000623838)
(-0.00439645 -0.00823588 -0.00080084)
(-0.00425911 -0.00800016 -0.000519032)
(-0.00426113 -0.00776248 -0.000605161)
(-0.00430511 -0.00776297 -0.000769849)
(-0.00435354 -0.00777361 -0.000859902)
(-0.00441864 -0.00781428 -0.000967906)
(-0.00419925 -0.0076621 -0.000570117)
(-0.00441857 -0.00791783 -0.00060776)
(-0.00488655 -0.00710817 -0.00203309)
(-0.00489189 -0.00738085 -0.00252069)
(-0.00464129 -0.00700283 -0.00190567)
(-0.00482684 -0.00726139 -0.00217062)
(-0.00485348 -0.00750433 -0.00238341)
(-0.00466942 -0.00680114 -0.00229601)
(-0.00432919 -0.00960774 -0.00367803)
(-0.00454636 -0.010761 -0.00403411)
(-0.00413504 -0.0109376 -0.00420199)
(-0.003758 -0.0121821 -0.0049581)
(-0.00373531 -0.0114821 -0.00529844)
(-0.00369669 -0.011331 -0.00489171)
(-0.00417324 -0.0090703 -0.0039672)
(-0.00422249 -0.0103543 -0.00443678)
(-0.00380251 -0.0101289 -0.00476834)
(-0.00416842 -0.00884124 -0.00377473)
(-0.00425124 -0.00968408 -0.00354311)
(-0.00445733 -0.00921856 -0.00331527)
(-0.00464354 -0.00885636 -0.00219503)
(-0.00477668 -0.00881191 -0.0020377)
(-0.00464856 -0.0089051 -0.0021392)
(-0.00445519 -0.00868634 -0.00261909)
(-0.00455607 -0.00921103 -0.00288664)
(-0.00457218 -0.00942184 -0.00236342)
(-0.00452484 -0.00836138 -0.00200092)
(-0.00453424 -0.00839278 -0.00234643)
(-0.00473215 -0.00849017 -0.00188914)
(-0.00450382 -0.00801534 -0.00153837)
(-0.00485588 -0.00849708 -0.00189148)
(-0.00469126 -0.00788924 -0.00194863)
(-0.00401491 -0.00728225 -0.000272624)
(-0.00399358 -0.00782069 -7.88425e-05)
(-0.00395384 -0.00773937 -0.000171344)
(-0.00394556 -0.00751686 -0.000244745)
(-0.00236866 -0.0148958 -0.00163637)
(-0.00226488 -0.0153056 -0.00158833)
(-0.00234754 -0.0161524 -0.00239349)
(-0.0024171 -0.0169096 -0.00227729)
(-0.00392136 -0.0300012 0.00364553)
(-0.00438517 -0.0276253 0.00342616)
(-0.00553231 -0.0294841 0.00402573)
(-0.00846272 -0.0289241 0.00278459)
(-0.00429928 -0.0295538 0.00377701)
(-0.00483415 -0.0295483 0.00390648)
(-0.00510927 -0.0284935 0.00426181)
(-0.00785876 -0.0290816 0.00367324)
(-0.00897871 -0.0290633 0.0033649)
(-0.00689692 -0.0296362 0.00391525)
(-0.00912971 -0.0284585 0.00320009)
(-0.00844802 -0.018798 -0.00138549)
(-0.00848773 -0.0189005 -0.00139483)
(-0.00910514 -0.0198656 -0.00125082)
(-0.00479993 -0.017066 -0.00287172)
(-0.00412416 -0.0160695 -0.00249964)
(-0.00410761 -0.0162651 -0.00232537)
(-0.00437871 -0.016635 -0.00263941)
(-0.00553658 -0.0179408 -0.00313911)
(-0.00465862 -0.0172297 -0.00346246)
(-0.00532789 -0.0184087 -0.00364762)
(-0.00539089 -0.0182594 -0.00274861)
(-0.00426927 -0.0166543 -0.0029901)
(-0.00414508 -0.016693 -0.003179)
(-0.00637048 -0.0183021 -0.00311043)
(-0.00650973 -0.0180227 -0.00281088)
(-0.00715545 -0.0180286 -0.00220505)
(-0.00684316 -0.0170371 -0.00215989)
(-0.00731126 -0.0192322 -0.00273191)
(-0.00732418 -0.0186924 -0.00235203)
(-0.00974202 -0.0225623 -0.00270878)
(-0.00917908 -0.0206384 -0.00280914)
(-0.00871332 -0.0206648 -0.00323274)
(-0.00925519 -0.0215029 -0.00336427)
(-0.00773302 -0.0207057 -0.00375933)
(-0.00787477 -0.0205545 -0.00331208)
(-0.00764359 -0.020043 -0.00403746)
(-0.00897081 -0.0225108 -0.00371949)
(-0.00886678 -0.0212108 -0.00337024)
(-0.00798333 -0.0199561 -0.00329604)
(-0.00792902 -0.0198763 -0.00346386)
(-0.00803513 -0.0193134 -0.00305126)
(-0.00852662 -0.0199827 -0.00319462)
(-0.0102397 -0.0234697 -0.00366351)
(-0.010919 -0.024803 -0.00448268)
(-0.0109011 -0.024082 -0.00424218)
(-0.00824386 -0.0214889 -0.0051787)
(-0.0092703 -0.0218696 -0.00388396)
(-0.00960827 -0.0241602 -0.00455258)
(-0.00960339 -0.0224771 -0.0046266)
(-0.00950881 -0.0227772 -0.00459089)
(-0.00852169 -0.0221502 -0.00506325)
(-0.00905513 -0.0239452 -0.00665609)
(-0.00886719 -0.0234707 -0.00640342)
(-0.00847455 -0.0236758 -0.00619267)
(-0.00446937 -0.0185952 -0.00452405)
(-0.0045214 -0.0184479 -0.0039343)
(-0.00477036 -0.0191329 -0.00486994)
(-0.00710083 -0.0225054 -0.00616915)
(-0.00553748 -0.0201912 -0.00500263)
(-0.00673972 -0.0222839 -0.00550286)
(-0.00523898 -0.0202448 -0.00525739)
(-0.00621893 -0.0220932 -0.00611381)
(-0.0082192 -0.0241577 -0.00672206)
(-0.0084523 -0.0236046 -0.00647712)
(-0.00689358 -0.0225356 -0.00643437)
(-0.00301022 -0.0159915 -0.00237111)
(-0.00283149 -0.0146746 -0.00174747)
(-0.0031163 -0.0190195 -0.00406294)
(-0.00402789 -0.0200566 -0.0042876)
(-0.00266362 -0.0174704 -0.00352715)
(-0.00430017 -0.020019 -0.00548601)
(-0.0048094 -0.0204955 -0.00478469)
(-0.00424017 -0.0194076 -0.00404711)
(-0.00277299 -0.0144303 -0.00191546)
(-0.00397413 -0.0186796 -0.00465083)
(-0.00323418 -0.0159028 -0.00304803)
(-0.00313572 -0.014501 -0.00172095)
(-0.00315394 -0.0112499 -0.000368967)
(-0.00341682 -0.0107401 -2.86646e-05)
(-0.0032985 -0.00980579 -0.000132336)
(-0.00271907 -0.00975675 -0.000205041)
(-0.00341063 -0.0102089 5.94663e-05)
(-0.00296222 -0.0107348 -0.000138007)
(-0.00339741 -0.00927518 1.22894e-05)
(-0.00290612 -0.0108449 -0.000266426)
(-0.00294978 -0.00931053 2.35573e-05)
(-0.003151 -0.0120292 -0.000512877)
(-0.00323594 -0.0114007 -0.000401045)
(-0.00318744 -0.0118104 -0.000685672)
(-0.0033006 -0.0110902 -0.00041838)
(-0.00347729 -0.0149827 -0.00212163)
(-0.00308618 -0.013044 -0.00120655)
(-0.00340795 -0.0137063 -0.00133125)
(-0.00340182 -0.0141044 -0.00148337)
(-0.0033186 -0.0130057 -0.000982189)
(-0.00345107 -0.0145647 -0.00168584)
(-0.00334651 -0.01309 -0.000939414)
(-0.012256 -0.0281086 -0.00346085)
(-0.011979 -0.0257043 -0.00257818)
(-0.00403876 -0.0125708 -0.00333819)
(-0.00421022 -0.012771 -0.00358137)
(-0.00227078 -0.0267134 -0.000246237)
(-0.00104117 -0.0250301 -0.000465064)
)
;
    }
    INLET
    {
        type            calculated;
        value           nonuniform 0();
    }
    OUTLET
    {
        type            calculated;
        value           nonuniform 0();
    }
    procBoundary3to2
    {
        type            processor;
        value           uniform (0 0 0);
    }
    procBoundary3to7
    {
        type            processor;
        value           uniform (0 0 0);
    }
}


// ************************************************************************* //
