/*--------------------------------*- C++ -*----------------------------------*\
| =========                 |                                                 |
| \\      /  F ield         | OpenFOAM: The Open Source CFD Toolbox           |
|  \\    /   O peration     | Version:  v1612+                                |
|   \\  /    A nd           | Web:      www.OpenFOAM.com                      |
|    \\/     M anipulation  |                                                 |
\*---------------------------------------------------------------------------*/
FoamFile
{
    version     2.0;
    format      ascii;
    class       volVectorField;
    location    "50";
    object      wallShearStress;
}
// * * * * * * * * * * * * * * * * * * * * * * * * * * * * * * * * * * * * * //

dimensions      [0 2 -2 0 0 0 0];

internalField   uniform (0 0 0);

boundaryField
{
    WALL
    {
        type            calculated;
        value           nonuniform List<vector> 
1670
(
(0.0154964 0.00409509 0.00708978)
(0.0155541 0.00292878 0.00778829)
(0.00684726 -0.00103758 0.00656418)
(0.00656851 -0.0011629 0.00625834)
(0.0199685 0.00314664 0.0028719)
(0.0213063 0.00191995 0.00294891)
(0.0120263 0.00546215 0.0124813)
(0.011062 0.00504637 0.0123689)
(0.00720176 0.00557438 0.0100232)
(0.00749077 0.00389043 0.0109011)
(0.00900096 0.00546041 0.0125359)
(0.0101363 0.00389376 0.0137331)
(0.00871488 0.000383748 0.00490365)
(0.00837691 0.000272582 0.00488379)
(0.0134375 0.0049107 0.0125753)
(0.0138578 0.00447765 0.0137119)
(0.0129582 0.00356118 0.01456)
(0.0134087 0.0022343 0.015069)
(0.0131048 0.00383655 0.0136113)
(0.0128625 0.00323535 0.0138474)
(0.0116034 0.00265914 0.0148816)
(0.0121456 0.00126283 0.0146367)
(0.0101881 0.00506384 0.0135928)
(0.0104339 0.00318755 0.0136062)
(0.00759129 0.00584258 0.00995159)
(0.00949523 0.00675037 0.0100425)
(0.00842403 0.00609943 0.0120427)
(0.00820979 0.00670903 0.0113042)
(0.00852388 0.00620785 0.0117836)
(0.00928173 0.00539033 0.00936701)
(0.00976199 0.00701011 0.00833102)
(0.00661019 -0.000297065 0.00700201)
(0.00662985 -0.000290773 0.00650921)
(0.00702867 0.00130752 0.00871813)
(0.00679892 0.000721169 0.0083123)
(0.0136398 0.00576121 0.00781379)
(0.0144276 0.00650643 0.00757059)
(0.00810599 -0.0025376 0.00522908)
(0.00861387 -0.00244165 0.0049445)
(0.00815273 -0.00213316 0.00604069)
(0.00793255 -0.00177939 0.00536123)
(0.0156066 -0.00326355 0.0144435)
(0.015225 -0.00139399 0.0144486)
(0.014874 0.00344686 0.01471)
(0.0157756 0.00181244 0.0159403)
(0.0168708 0.000106978 0.0165609)
(0.01575 0.00213597 0.0155164)
(0.0157272 0.000598399 0.015626)
(0.0170767 -0.00147572 0.0163999)
(0.0161313 0.000325343 0.00533382)
(0.0165539 0.00112802 0.00543809)
(0.017616 0.00120905 0.00730515)
(0.0182574 0.00205941 0.00741859)
(0.0180264 0.00556508 0.00854077)
(0.0167653 0.00495446 0.00625922)
(0.0145815 0.00651533 0.00500326)
(0.0169845 0.00543378 0.00543263)
(0.008161 0.00293536 0.00910708)
(0.00743902 0.00201655 0.00897024)
(0.00715868 0.00135625 0.00848464)
(0.00707674 0.000828621 0.00824196)
(0.0169123 -0.00134795 0.0151796)
(0.0109433 0.00242347 0.0145943)
(0.0111719 0.00362198 0.0145302)
(0.0149747 0.0035137 0.00639283)
(0.0140706 0.00151993 0.00569501)
(0.00612936 0.0013043 0.00902177)
(0.00666412 0.000807483 0.00877241)
(0.00975209 0.0033116 0.00838211)
(0.00804394 0.00303609 0.007875)
(0.0100425 0.00317628 0.0088986)
(0.00814377 0.00145492 0.00778971)
(0.00771939 0.00291182 0.00822321)
(0.00792221 0.00347957 0.00813386)
(0.00825049 0.00220393 0.00839368)
(0.0146612 -0.00177327 0.0144012)
(0.0149152 -0.000953419 0.0155419)
(0.0153166 -0.00139459 0.0157312)
(0.0157093 -0.00225698 0.0147498)
(0.0153306 -0.00106642 0.0158139)
(0.0161941 -0.00255646 0.0146425)
(0.00925669 0.00396525 0.013719)
(0.00963375 0.00490835 0.012849)
(0.00905473 0.00380161 0.0124964)
(0.0159844 0.00486744 0.0100523)
(0.0138162 0.00605196 0.0106726)
(0.0143257 0.00444468 0.0102729)
(0.0140092 0.00591383 0.0102822)
(0.0146036 0.00464304 0.00999118)
(0.0140678 0.00458786 0.0108218)
(0.011248 0.00183318 0.0143002)
(0.0121179 0.00297437 0.0149934)
(0.0115248 0.00142464 0.0149837)
(0.0119238 0.00345296 0.0140972)
(0.0112208 0.00179682 0.0148865)
(0.0111226 0.00231523 0.0137861)
(0.00997428 -0.000321928 0.00528241)
(0.0103009 0.00030424 0.00510018)
(0.0100935 -1.05564e-05 0.00523326)
(0.0101195 -0.000634946 0.00549944)
(0.0106477 0.000272536 0.00522583)
(0.00975428 -0.000496941 0.00564098)
(0.0131482 0.00756494 0.0109901)
(0.0128399 0.00689454 0.00917823)
(0.0125863 0.00793611 0.00914482)
(0.0119169 0.00667564 0.00894246)
(0.0130038 0.00854016 0.0102334)
(0.012796 0.00751635 0.0112597)
(0.00664134 -0.00154319 0.00549191)
(0.00709196 -0.00138551 0.00638893)
(0.00672173 -0.0013483 0.0062348)
(0.0070512 -0.00131589 0.00635223)
(0.00742675 -0.00157334 0.00629091)
(0.00715381 -0.00155372 0.00613261)
(0.0188526 -0.00214409 0.0057565)
(0.0195565 -0.00340146 0.00630447)
(0.0189745 -0.00174304 0.00510379)
(0.0171894 -0.00313221 0.00652865)
(0.0191445 -0.00245352 0.00644447)
(0.0168925 0.00636544 0.00544361)
(0.0161876 0.00671866 0.00574143)
(0.0176258 0.00692286 0.00534755)
(0.0149536 0.00601857 0.00638364)
(0.0169014 0.0062474 0.00626626)
(0.016002 0.0067033 0.00706834)
(0.017615 -0.00471645 0.0141317)
(0.0157674 -0.00334384 0.0139719)
(0.0175401 -0.00288463 0.0147908)
(0.0165778 -0.00340737 0.0142229)
(0.014826 0.00346744 0.0136921)
(0.0148067 0.00338941 0.0154368)
(0.0152177 0.0038113 0.0145175)
(0.0144807 0.00337152 0.0142275)
(0.0150417 0.00146964 0.015393)
(0.0159386 0.00242506 0.0156092)
(0.0166843 0.00486304 0.00419833)
(0.0186408 0.00392603 0.00432417)
(0.0178997 0.00510439 0.00411396)
(0.0157657 0.00581751 0.0040326)
(0.0178188 0.00378382 0.00383526)
(0.00722235 0.00235949 0.00927541)
(0.00746377 0.0029511 0.00939326)
(0.0077166 0.00290634 0.00925972)
(0.00701603 0.00233971 0.00867724)
(0.00711814 0.000626461 0.00832746)
(0.00714067 0.00165781 0.00883984)
(0.00826927 0.00326454 0.00900609)
(0.00746327 0.00257276 0.00821056)
(0.00719718 0.00212037 0.00814967)
(0.00717463 0.00159551 0.00771856)
(0.00917703 0.00547494 0.00749613)
(0.0106373 0.00697164 0.00799146)
(0.0117599 0.00668617 0.00780302)
(0.010027 0.00654049 0.00795448)
(0.0102346 0.00651777 0.00773157)
(0.0114822 0.00694744 0.00749707)
(0.00852354 0.00579913 0.00909574)
(0.00896464 0.00411604 0.00956704)
(0.00902411 0.00451775 0.00843029)
(0.00861159 0.00384548 0.00912333)
(0.00889011 0.00501679 0.00947031)
(0.00923483 0.00459882 0.00921087)
(0.00962038 0.00562083 0.00729063)
(0.00981755 0.0048853 0.00835018)
(0.010279 0.00620114 0.00714209)
(0.0114105 0.00514513 0.00816827)
(0.0109753 0.00546815 0.00924102)
(0.00963063 0.00563766 0.00884514)
(0.0130174 0.0073185 0.00602429)
(0.0109493 0.00700293 0.00691039)
(0.0115386 0.0065157 0.00714492)
(0.0128895 0.00609291 0.00711137)
(0.0126454 0.00690156 0.00718161)
(0.0122888 0.00689609 0.00603112)
(0.0197468 3.03119e-07 0.00441813)
(0.0191714 0.00232302 0.00365332)
(0.0200584 0.000111029 0.00446331)
(0.0198083 0.00234019 0.00370669)
(0.0206187 0.000972211 0.00430791)
(0.0194496 0.00137847 0.00409693)
(0.0156565 0.00605526 0.00527941)
(0.0167311 0.00479797 0.00455681)
(0.0169956 0.00566881 0.0048897)
(0.0176807 0.00517432 0.00453437)
(0.0174672 0.0053838 0.00600013)
(0.0157763 0.00692617 0.00532158)
(0.0188744 0.00432354 0.00502582)
(0.0191585 0.0036337 0.00456188)
(0.0185206 0.00387059 0.00499357)
(0.0177852 0.00311523 0.00392782)
(0.0194001 0.00255367 0.00432478)
(0.0195945 0.00237486 0.00466217)
(0.0195758 0.000139165 0.00547022)
(0.0200363 -0.000415944 0.00607483)
(0.0189078 -0.000714108 0.00495042)
(0.0193754 0.00037946 0.00501053)
(0.0192377 -0.0018811 0.00722109)
(0.0197326 -0.00135439 0.00629728)
(0.0185386 0.000110595 0.00657719)
(0.0174424 -0.000481576 0.00723998)
(0.0181427 -0.000838985 0.00723913)
(0.0188528 -0.00172128 0.00870361)
(0.0172179 -0.00114114 0.00811265)
(0.0176932 -0.00217244 0.00918167)
(0.0172397 -0.000617838 0.00820282)
(0.017708 -0.000411882 0.0080611)
(0.0179388 0.000420614 0.00785651)
(0.0177205 0.00016044 0.00726801)
(0.018526 0.00147497 0.00740534)
(0.012137 -0.00154177 0.00455189)
(0.0139072 -0.00120464 0.00454787)
(0.0130301 -0.00167517 0.00455957)
(0.0112459 -0.00186107 0.00474263)
(0.0120698 -0.00211403 0.00457344)
(0.0130366 -0.00113497 0.00453513)
(0.0131525 -0.000926154 0.00529056)
(0.0138861 -0.000471201 0.00513495)
(0.0133774 -9.53343e-05 0.00493373)
(0.0125181 -0.00133788 0.00493592)
(0.0119894 -0.00131629 0.00489067)
(0.0131936 -0.000731515 0.00463305)
(0.00991974 -0.00225714 0.0057194)
(0.00884254 -0.00207518 0.00519212)
(0.0109373 -0.00196174 0.0050022)
(0.00971643 -0.00196114 0.00482406)
(0.0102206 -0.00199678 0.0052807)
(0.00884321 -0.00203882 0.00510554)
(0.00726691 -0.00207609 0.00577331)
(0.00693044 -0.00168942 0.00569434)
(0.00740805 -0.00208333 0.00574591)
(0.00708729 -0.00211889 0.00555919)
(0.00705511 -0.00176073 0.0057639)
(0.00680674 -0.000413174 0.00662544)
(0.00671266 -0.000893628 0.00642908)
(0.00672156 -0.00114599 0.00600501)
(0.00710351 -0.00103816 0.00637481)
(0.00685969 -0.00131207 0.00599602)
(0.00673234 -0.000533137 0.0064707)
(0.0141117 0.0057554 0.00764892)
(0.0142913 0.00770531 0.00661818)
(0.0150519 0.00809742 0.00603512)
(0.0133462 0.00594867 0.00721851)
(0.0138127 0.00615032 0.00622911)
(0.0150927 0.00659343 0.00592651)
(0.0100269 0.00407437 0.00801657)
(0.0105261 0.00486905 0.00804145)
(0.0123813 0.00509227 0.00842234)
(0.0112051 0.00453403 0.00886506)
(0.0117159 0.00534027 0.00804091)
(0.0152239 -0.00159509 0.0102681)
(0.0155188 -0.00193484 0.01172)
(0.0153201 -0.00199431 0.0119851)
(0.0149813 -0.00170616 0.0109502)
(0.0154676 -0.00161162 0.0105874)
(0.0151965 -0.00210346 0.0108445)
(0.0123291 -0.00176811 0.0131379)
(0.0140254 -0.00247918 0.0128929)
(0.0155664 -0.00233767 0.0125431)
(0.0136641 -0.0019249 0.0140674)
(0.0136784 -0.00170858 0.0140411)
(0.0133502 -0.00200507 0.0125161)
(0.0148251 -0.00279843 0.0126707)
(0.0128764 -0.00210713 0.0125577)
(0.0136593 -0.00185999 0.0138971)
(0.014204 -0.00161887 0.0147811)
(0.0121305 -0.000886353 0.0143158)
(0.0141574 -0.00247956 0.0135738)
(0.0164245 0.00180165 0.0082843)
(0.0154407 0.00111099 0.00799222)
(0.0162779 0.00130871 0.00788944)
(0.0157035 0.00174174 0.00752229)
(0.0157641 0.00349657 0.00720593)
(0.0150567 0.00369813 0.0073081)
(0.015746 0.00242413 0.00759853)
(0.0160206 0.00248034 0.00778921)
(0.0155592 0.00490471 0.00817776)
(0.0145746 0.00531323 0.0085218)
(0.0141632 0.00666304 0.00830472)
(0.0137188 0.0058525 0.00834463)
(0.0143112 0.00626084 0.00775389)
(0.0158385 0.00511574 0.00862106)
(0.0161824 0.00190768 0.00820521)
(0.0155414 0.00309112 0.00801617)
(0.0161226 0.00154918 0.00873769)
(0.0153533 0.00163295 0.00587133)
(0.0151364 0.00121006 0.0053449)
(0.0158327 0.00170454 0.00561162)
(0.0157423 0.00255179 0.00608585)
(0.0142904 0.000926727 0.00530788)
(0.0164128 0.00216458 0.0063613)
(0.0144162 0.00156135 0.0151975)
(0.0139595 0.000676195 0.0156218)
(0.0147046 -6.37104e-05 0.0156525)
(0.0146257 0.00146754 0.0155718)
(0.0144489 0.00115305 0.015563)
(0.014643 0.00052056 0.0154643)
(0.0183109 0.00461437 0.0131626)
(0.0188428 0.00387393 0.0135756)
(0.0169712 0.00350317 0.010583)
(0.018191 0.00428594 0.0121219)
(0.0186187 0.00469807 0.0126002)
(0.0179017 0.00524694 0.0116284)
(0.016524 0.00522206 0.0101814)
(0.0169591 0.0053492 0.0106069)
(0.0175516 0.00404572 0.00918391)
(0.0189466 0.0040999 0.010994)
(0.0178833 0.0051962 0.010113)
(0.0167335 0.0048555 0.00876172)
(0.016525 1.41652e-05 0.0164862)
(0.0171649 -0.00197951 0.0154318)
(0.0174817 -0.000333132 0.0166873)
(0.0161533 0.00146698 0.0149793)
(0.0166876 0.000389723 0.0152884)
(0.0166694 0.000735399 0.0157478)
(0.0172404 -0.00334197 0.0148922)
(0.0166711 -0.00210291 0.0154654)
(0.0164607 -0.00156132 0.0154412)
(0.0163062 -0.00282046 0.0146861)
(0.0169979 -0.0036585 0.0141735)
(0.0170924 -0.00237272 0.0152562)
(0.017701 0.00136746 0.0149519)
(0.0205144 0.00248183 0.014991)
(0.017487 0.00203091 0.0141877)
(0.018436 0.000873217 0.0146627)
(0.0191784 0.00354765 0.0151073)
(0.0197269 0.00349498 0.0148295)
(0.0186399 0.00302464 0.00848163)
(0.0178957 0.00304365 0.00967239)
(0.0196411 0.00295989 0.00861215)
(0.0189683 0.00484379 0.00899191)
(0.0183847 0.00306732 0.00900903)
(0.0179722 0.00514129 0.00894604)
(0.0170357 -0.00519418 0.0119083)
(0.017008 -0.00469567 0.0124558)
(0.0177514 -0.00563013 0.0105773)
(0.0177751 -0.00575624 0.00998905)
(0.017683 -0.00564869 0.0109088)
(0.0175819 -0.00522048 0.0119475)
(0.0192032 -0.00647416 0.0085342)
(0.0194446 -0.00604937 0.00780415)
(0.0187103 -0.00587162 0.00863839)
(0.0178699 -0.00598965 0.008914)
(0.0187672 -0.00573998 0.00726013)
(0.0177974 -0.0048342 0.00848257)
(0.0174943 -0.00460917 0.00927944)
(0.0183996 -0.00398227 0.00708798)
(0.0186528 -0.00419997 0.00749315)
(0.0173205 -0.00447351 0.0095465)
(0.0180079 -0.00406141 0.00828789)
(0.0164576 -0.00363588 0.0137139)
(0.0162572 -0.00419143 0.0115103)
(0.0167881 -0.0044983 0.0128313)
(0.0148862 -0.00322438 0.0135775)
(0.0164013 -0.00423662 0.0131213)
(0.0164085 -0.00305269 0.0103402)
(0.0150283 -0.00291535 0.0116592)
(0.0171523 -0.00341675 0.0122622)
(0.0173277 -0.00312925 0.0112284)
(0.0153477 -0.00322601 0.0126628)
(0.0152535 -0.00279041 0.0105573)
(0.00879649 -0.0021451 0.00614173)
(0.00844976 -0.00184876 0.00588746)
(0.00787364 -0.00172092 0.00602268)
(0.00822068 -0.00202825 0.00619479)
(0.00760579 -0.00170207 0.00622473)
(0.00672589 -0.000842167 0.00654368)
(0.00667055 -0.00115722 0.0063154)
(0.00648874 -0.000262379 0.00682837)
(0.00685863 -0.000276951 0.00728267)
(0.00659836 0.0003111 0.00761084)
(0.00682149 0.000225909 0.00744675)
(0.00671348 -0.00105912 0.00616415)
(0.00672898 -0.0006664 0.00656134)
(0.00745956 -0.00227371 0.00568069)
(0.00834548 -0.00286081 0.00544652)
(0.00770644 -0.00257596 0.00567576)
(0.00790317 -0.00282122 0.00542597)
(0.00818971 -0.00255659 0.00578939)
(0.00765204 -0.00213892 0.00539534)
(0.0201735 0.0035486 0.00366247)
(0.0213446 0.00259775 0.00338385)
(0.0213726 0.00385493 0.00380161)
(0.0204462 0.00209589 0.00280004)
(0.0215346 -0.000952665 0.00248935)
(0.0216236 0.000749758 0.00290257)
(0.0211759 0.000229016 0.00260169)
(0.0175077 0.00618088 0.00577744)
(0.0158241 0.00757241 0.00523902)
(0.0168189 0.0053016 0.00541104)
(0.0150571 0.00793127 0.00524697)
(0.0147082 0.00638385 0.00512907)
(0.0137451 0.00721732 0.005018)
(0.0126546 0.00722745 0.00646194)
(0.0147284 0.00686807 0.00568757)
(0.0121159 0.00803576 0.0062198)
(0.0140573 0.00744966 0.00611055)
(0.0142679 0.00679541 0.00548945)
(0.0144014 0.00734934 0.00682866)
(0.0174751 0.00371511 0.00597074)
(0.0156009 0.00425573 0.0049848)
(0.017458 0.00341971 0.00629392)
(0.0169809 0.00554078 0.00639422)
(0.0172961 0.00435128 0.00614303)
(0.0171534 0.00484594 0.00654741)
(0.0149401 -0.000180082 0.00946776)
(0.0154923 -0.000349786 0.0106685)
(0.0152955 0.00026479 0.00955818)
(0.0142369 0.00643791 0.00940899)
(0.0144759 0.00677205 0.00806083)
(0.0129869 0.00823842 0.00898613)
(0.0142261 0.00681903 0.00848581)
(0.0128468 0.00710625 0.0087571)
(0.0148207 0.00605859 0.00798073)
(0.00642488 0.000157404 0.00817345)
(0.00691715 2.965e-05 0.00818221)
(0.00679007 -0.000320651 0.00774447)
(0.00626685 -5.41731e-05 0.00769653)
(0.00734132 -0.000816041 0.00724371)
(0.00702943 -0.000506078 0.00745206)
(0.00798686 -0.0010832 0.00581277)
(0.00803126 -0.00120509 0.0058159)
(0.00874611 -0.000912576 0.00548776)
(0.00800644 -0.00108596 0.00545204)
(0.00853078 -0.000867196 0.00538961)
(0.0083635 -0.00100083 0.00584294)
(0.00731493 -0.000737676 0.0061347)
(0.00711318 -0.000440248 0.00677598)
(0.00676122 -0.000773907 0.00671522)
(0.00719555 -0.000620748 0.00719142)
(0.00794026 -0.00103414 0.00653672)
(0.00715055 -0.000907983 0.00602057)
(0.0075686 -0.000726281 0.00608062)
(0.00829221 -0.000568335 0.00582576)
(0.00730729 -0.00057043 0.0055409)
(0.00824335 -0.000666339 0.00613395)
(0.00806545 -0.00036072 0.00539569)
(0.00819545 -0.000498637 0.00556719)
(0.0065226 9.08231e-05 0.00774539)
(0.00694949 -0.000381068 0.00676821)
(0.00727868 -0.000572294 0.00711625)
(0.00793475 0.00376245 0.00991781)
(0.00773111 0.00489153 0.00996835)
(0.00822751 0.00357406 0.0101111)
(0.00807631 0.00404716 0.00908133)
(0.00804903 0.00523614 0.00930425)
(0.00725962 0.00559566 0.00937678)
(0.00986816 0.00558639 0.00913616)
(0.00784257 0.00573244 0.0090663)
(0.009204 0.00586024 0.00815536)
(0.00905937 0.00630782 0.00967818)
(0.00850012 0.005254 0.00880774)
(0.00958613 0.00687748 0.00844384)
(0.00940487 0.00586845 0.0113475)
(0.00975283 0.00660324 0.0101886)
(0.00900748 0.00712264 0.0120551)
(0.0103209 0.00825427 0.0109072)
(0.0103698 0.0074684 0.0113836)
(0.0101799 0.00670325 0.0107589)
(0.0104449 0.00650277 0.0119509)
(0.00848571 0.00438207 0.0120836)
(0.0108525 0.00721729 0.0100783)
(0.0107058 0.00885054 0.0101418)
(0.0129631 0.00793297 0.0106868)
(0.0128849 0.0075275 0.01025)
(0.010234 0.00831261 0.0103475)
(0.0097698 0.00743674 0.0101185)
(0.0115912 0.00793524 0.00878405)
(0.0125905 0.00855657 0.0088752)
(0.0132857 0.00862923 0.00887013)
(0.012162 0.00877053 0.00907846)
(0.013572 0.00897648 0.00915473)
(0.0101185 -0.000533266 0.00541625)
(0.00938068 -0.000863063 0.0054119)
(0.0105418 -0.000876894 0.00559836)
(0.00976771 -0.00102055 0.00529195)
(0.00924116 -0.00120934 0.00572301)
(0.00900802 -0.0010827 0.00547681)
(0.00945755 0.00571264 0.011732)
(0.0100223 0.00487513 0.0125096)
(0.00931233 0.00531163 0.0118747)
(0.0106557 0.00529839 0.0117791)
(0.0114753 0.00549595 0.0120214)
(0.0103258 0.00442011 0.0118389)
(0.00922371 0.003492 0.0139893)
(0.00987643 0.00283776 0.0138372)
(0.00917259 0.00411696 0.0139338)
(0.00963039 0.00313002 0.0131405)
(0.0103865 0.000895302 0.0143028)
(0.00958002 0.00237869 0.0145759)
(0.0108491 0.00159608 0.0148747)
(0.0113506 0.00112341 0.0153463)
(0.00998833 0.00196737 0.0143934)
(0.00935494 0.00661851 0.00872889)
(0.00925963 0.00629166 0.00688558)
(0.00892105 0.0056682 0.00821277)
(0.0104492 0.00584837 0.00892737)
(0.00934596 0.0055541 0.00699386)
(0.00975072 0.0057113 0.0079511)
(0.0100688 0.00603781 0.0109443)
(0.00972316 0.00679682 0.00991392)
(0.00938611 0.00584389 0.00948177)
(0.00956254 0.00695422 0.00946489)
(0.010577 0.00580788 0.0108481)
(0.0091745 0.00523983 0.00857979)
(0.0111764 0.00589276 0.010874)
(0.0110919 0.00538165 0.011206)
(0.0117684 0.00546986 0.0113528)
(0.0107818 0.00607234 0.010166)
(0.0102457 0.00479087 0.00904566)
(0.0107363 0.00585705 0.010279)
(0.0105673 0.00619828 0.0109701)
(0.0118222 0.00521087 0.0129265)
(0.00970572 0.00128402 0.00519314)
(0.0098889 0.00219136 0.00492237)
(0.0101529 0.0027119 0.00488609)
(0.0103406 0.00234345 0.00537945)
(0.00997394 0.00166249 0.00517144)
(0.0103298 0.00135615 0.00523109)
(0.00859211 -1.18963e-05 0.00520768)
(0.00931263 0.000743399 0.00478306)
(0.00952239 0.000549307 0.00513885)
(0.0089764 0.000426872 0.00492319)
(0.00902328 -6.67804e-06 0.00522204)
(0.00942304 0.000165823 0.00534876)
(0.00685744 -0.00046792 0.00574555)
(0.00691689 -0.00036018 0.00581274)
(0.00747427 -0.000351008 0.00564066)
(0.007495 -0.000388825 0.00576212)
(0.00688418 -0.000381047 0.00609964)
(0.00718794 -0.000468091 0.00645082)
(0.00929222 0.00479934 0.00493203)
(0.00959698 0.00489904 0.0053003)
(0.010133 0.00490777 0.00669786)
(0.00901661 0.00360869 0.00506853)
(0.0101129 0.00445092 0.00619726)
(0.00968358 0.00312406 0.00466443)
(0.0101771 0.00311913 0.00558399)
(0.00953565 0.00354013 0.00533542)
(0.0101429 0.00415315 0.00562274)
(0.010488 0.00315049 0.0057274)
(0.00957554 0.00244438 0.00491275)
(0.0126247 0.00427523 0.0137501)
(0.0117018 0.00407486 0.012611)
(0.0111507 0.00465975 0.0133337)
(0.0109311 0.00440808 0.0136198)
(0.011767 0.00413985 0.0136914)
(0.0118566 0.0034561 0.0137448)
(0.0117245 0.000252935 0.0145533)
(0.0109843 0.000869516 0.0148185)
(0.0118944 -0.000722747 0.014354)
(0.0109343 -0.000207533 0.0144761)
(0.0116471 0.000136735 0.0147737)
(0.0118932 -0.000524881 0.0142772)
(0.0130353 0.00177897 0.0144552)
(0.0125851 0.00320438 0.0144063)
(0.0120719 0.0029349 0.0147181)
(0.0129995 0.00264229 0.0144444)
(0.0140396 0.00332806 0.0148341)
(0.0129363 0.000943295 0.0153048)
(0.0128866 0.000493478 0.0147953)
(0.01356 -0.000605915 0.0146487)
(0.0127852 -0.000283441 0.0145805)
(0.0137845 -0.000182924 0.0151399)
(0.0126124 0.000806668 0.0142507)
(0.0143307 0.00438807 0.0121875)
(0.0124824 0.00454686 0.0110733)
(0.0129059 0.00510318 0.0104412)
(0.0129879 0.00451778 0.00993805)
(0.0129613 0.00525924 0.00992693)
(0.0124238 0.00603924 0.0119361)
(0.0146946 0.00396233 0.0129283)
(0.0152052 0.00469021 0.0124601)
(0.0144358 0.00530434 0.0114649)
(0.0150112 0.00427042 0.0120358)
(0.0142237 0.00496168 0.0136553)
(0.0139937 0.00381184 0.0125608)
(0.0122052 0.000994349 0.00581945)
(0.0117389 0.00245812 0.00552508)
(0.0112779 0.00129979 0.00566756)
(0.0121299 0.00248383 0.00580881)
(0.0122686 0.0014442 0.00602808)
(0.0115833 0.00215156 0.0054528)
(0.0119542 0.00293058 0.00610765)
(0.0108742 0.00250053 0.00522453)
(0.0110704 0.0022322 0.00553109)
(0.0112052 0.00322517 0.00580149)
(0.0121685 0.00280547 0.00630981)
(0.0140627 0.00449435 0.00941711)
(0.0129826 0.00429094 0.00726138)
(0.013713 0.00537879 0.0079836)
(0.0134156 0.00434734 0.00821982)
(0.0146473 0.00434887 0.00926636)
(0.0139255 0.00484608 0.00782403)
(0.0108551 0.0046766 0.00681102)
(0.00944713 0.0064009 0.00697186)
(0.0102042 0.00474507 0.00687195)
(0.00973142 0.00494188 0.00749315)
(0.0100821 0.00469267 0.00723504)
(0.00994373 0.00582434 0.00692203)
(0.0112153 0.00495423 0.00724913)
(0.0116055 0.00432161 0.00707256)
(0.0101688 0.00316088 0.00589164)
(0.0113563 0.00392849 0.00615991)
(0.0113784 0.00456654 0.00627095)
(0.0105774 0.00439327 0.00624303)
(0.0116113 0.000214622 0.00521059)
(0.012225 0.000738522 0.00564701)
(0.0121205 0.00140842 0.00507755)
(0.0109073 0.000148373 0.00516312)
(0.0123189 0.000501987 0.00534822)
(0.0116707 0.000749232 0.00528705)
(0.014814 0.0035065 0.00764261)
(0.0149908 0.00531736 0.0081348)
(0.0135308 0.00357206 0.00629113)
(0.0137618 0.0029726 0.00662989)
(0.0137674 0.00393232 0.0075207)
(0.0152632 0.00390281 0.00808026)
(0.0146464 0.00215576 0.00645745)
(0.0153867 0.00359085 0.00708968)
(0.0155118 0.0025616 0.00693479)
(0.0157165 0.00201458 0.00656076)
(0.0135702 0.00238687 0.00622413)
(0.0149681 0.00404956 0.00652255)
(0.0113461 0.00139147 0.0144896)
(0.0101315 0.00262517 0.0139971)
(0.0103017 0.00188159 0.0141211)
(0.0075012 0.00554556 0.0103469)
(0.0080621 0.00603202 0.010799)
(0.00719708 0.00477499 0.00967757)
(0.00726332 0.00432756 0.0109643)
(0.00618694 0.00260895 0.00943688)
(0.00797776 0.00492375 0.0112584)
(0.00613208 0.00252043 0.00972124)
(0.0069241 0.00302413 0.0108741)
(0.00681396 0.00326839 0.0108058)
(0.00768849 0.00395788 0.0112551)
(0.0070437 0.00413126 0.0108415)
(0.00650345 0.000318271 0.00843821)
(0.00670433 0.000249246 0.00811479)
(0.006774 0.00146259 0.00957139)
(0.00716632 0.000805761 0.00947816)
(0.00695482 0.0012012 0.00912657)
(0.00661115 -4.63233e-05 0.00821894)
(0.00678633 -7.66437e-05 0.0077478)
(0.00666377 0.000163559 0.00833179)
(0.00666344 -0.0005156 0.00721105)
(0.00664853 -0.000442289 0.00755468)
(0.00662017 8.31981e-05 0.00811048)
(0.00686649 -0.000308906 0.0076122)
(0.00640933 -0.000170387 0.00774897)
(0.00685156 0.000922185 0.00868366)
(0.00645673 0.000507217 0.00822895)
(0.00646866 0.000648914 0.00850671)
(0.00673911 0.0010941 0.00902781)
(0.0065 0.000180188 0.00802275)
(0.00624688 0.000217215 0.0080324)
(0.0167477 0.00452091 0.00694719)
(0.0152688 0.00301467 0.00729292)
(0.017444 0.00320717 0.00777904)
(0.0172638 0.00223289 0.00799503)
(0.0158577 0.00298598 0.00735374)
(0.0168058 0.00222381 0.00795176)
(0.0158808 -9.59959e-05 0.008988)
(0.0153898 -0.000774407 0.00934606)
(0.0156619 -9.42298e-05 0.00906875)
(0.0150295 -0.00121181 0.0102431)
(0.0149809 -0.000894783 0.00960035)
(0.0153819 -0.000577258 0.00979943)
(0.0130999 0.0056016 0.00766617)
(0.0109814 0.00539696 0.00786736)
(0.0137312 0.00684145 0.00800779)
(0.0115984 0.00644802 0.00765539)
(0.0101912 0.00553771 0.00812122)
(0.0107692 0.0054735 0.00806191)
(0.0167948 -0.00192576 0.0106897)
(0.00640145 1.86238e-05 0.00788752)
(0.00678452 0.00161608 0.00901147)
(0.00624606 -0.000220978 0.00721698)
(0.00647396 0.00268292 0.00961444)
(0.00674695 0.00327862 0.0100031)
(0.00894863 0.00557617 0.011724)
(0.0109226 0.0018531 0.0145176)
(0.0101255 0.00446815 0.0130849)
(0.0088745 0.00349177 0.0125)
(0.00996209 0.00254146 0.0145998)
(0.00916247 0.00369577 0.0139227)
(0.0102716 0.00249072 0.0146783)
(0.00950696 0.00308817 0.0144787)
(0.00841517 0.00606465 0.00978824)
(0.00877282 0.00565604 0.0113381)
(0.00911423 0.00612275 0.0110331)
(0.00905302 0.0057812 0.0109779)
(0.00914355 0.00652667 0.00962445)
(0.00857308 0.000218848 0.00494535)
(0.00824541 -0.000165827 0.00530465)
(0.00807815 -0.000432594 0.00555438)
(0.00803643 -0.000147139 0.00528518)
(0.0141556 -0.000188917 0.00532287)
(0.0137398 0.000240139 0.00519588)
(0.0145191 0.000681674 0.00576408)
(0.014541 0.00165468 0.00547786)
(0.0127971 -0.000411094 0.00573984)
(0.0119069 -0.000887153 0.00547665)
(0.0125135 0.000297185 0.00543724)
(0.0129311 0.00147159 0.00606843)
(0.0128595 0.00576596 0.010519)
(0.0103344 0.00562149 0.00962549)
(0.0120403 0.00520471 0.010326)
(0.0118582 0.00597115 0.00986487)
(0.0104635 0.00561307 0.00941449)
(0.0100275 0.00464815 0.00558191)
(0.0137537 0.00304619 0.00610149)
(0.0132554 0.00280747 0.00578862)
(0.00987638 -0.00132606 0.00528523)
(0.0106185 -0.00108779 0.00546613)
(0.0113779 -0.000445528 0.00520797)
(0.0119615 0.000158425 0.0048925)
(0.0115551 -0.000124048 0.00502934)
(0.0120543 0.0047992 0.00909147)
(0.0117546 0.00620373 0.00899072)
(0.0115491 0.00592152 0.00853891)
(0.0139495 0.00294496 0.00691381)
(0.0138152 0.003323 0.00757228)
(0.0120654 0.00445007 0.0083217)
(0.0133246 0.00541348 0.00912347)
(0.0128301 0.00488757 0.00824287)
(0.0130971 0.0044574 0.00841828)
(0.0121941 0.00450801 0.00849583)
(0.0110736 0.00285833 0.00612852)
(0.0110919 0.00483102 0.00686625)
(0.0113863 0.00432255 0.00729974)
(0.0116294 0.00408504 0.00677996)
(0.0106267 0.00148237 0.00539341)
(0.0111392 0.000800775 0.00501774)
(0.0119154 0.00189977 0.00567394)
(0.0128725 0.00148577 0.00580359)
(0.0165779 0.00388721 0.00814672)
(0.0156565 0.00494938 0.00921625)
(0.0152386 0.00414283 0.00828562)
(0.014754 0.00528376 0.00935186)
(0.0147641 0.00466474 0.0091947)
(0.0166839 0.00493008 0.0113568)
(0.0149042 0.00496356 0.010423)
(0.0148031 0.00578688 0.0109954)
(0.015196 0.00492612 0.0111224)
(0.0146256 0.005007 0.0112445)
(0.0125091 0.00579122 0.00914329)
(0.0127822 0.00551912 0.00932756)
(0.0124031 0.00632372 0.00957808)
(0.0158437 0.0055075 0.0128974)
(0.0149343 0.00495812 0.0125657)
(0.0136832 -0.000113952 0.014779)
(0.0143719 -0.000586393 0.0151571)
(0.0127384 0.00560405 0.0126122)
(0.0132285 0.00438291 0.0129052)
(0.0121269 0.00558016 0.0116282)
(0.0134695 0.00534888 0.0132207)
(0.0130529 0.0053605 0.0118657)
(0.0135468 0.00440443 0.0133404)
(0.0138631 0.00447638 0.014534)
(0.0148837 0.00326952 0.0145198)
(0.0140068 0.00449685 0.013663)
(0.0148797 0.00362466 0.0153096)
(0.0144208 0.00372668 0.0133592)
(0.0131942 0.00191894 0.0154708)
(0.0144775 0.00108333 0.0159704)
(0.0135911 0.00226389 0.0144006)
(0.0134721 0.00115343 0.0156887)
(0.011882 0.00381407 0.0133299)
(0.0137266 0.00209882 0.0156923)
(0.0136354 0.00444377 0.0145117)
(0.0125975 0.00196102 0.0152138)
(0.0111859 0.00372544 0.0138746)
(0.0119951 0.0035743 0.0140035)
(0.011714 0.00411719 0.0140958)
(0.0121036 0.00256036 0.013884)
(0.0120222 0.0041131 0.0135691)
(0.0109676 0.000508937 0.0150089)
(0.0106446 0.00124923 0.0146431)
(0.0130754 -0.000590208 0.0149103)
(0.0124359 -0.000220775 0.014492)
(0.0127204 0.00285212 0.014955)
(0.0123036 0.00102111 0.0148527)
(0.0115788 0.00201153 0.0150709)
(0.0125236 0.000452281 0.0148041)
(0.0120098 0.000730825 0.0148362)
(0.0120632 0.000310342 0.0146699)
(0.0116924 0.000712043 0.0146148)
(0.0118042 0.00139554 0.013752)
(0.00863776 0.002668 0.00430074)
(0.00903312 0.00311637 0.00445071)
(0.0095351 0.00326182 0.00542088)
(0.00969068 0.00420225 0.00566236)
(0.0077585 -0.000263148 0.00548176)
(0.00852674 -0.000283818 0.00550527)
(0.010648 0.00267307 0.00566721)
(0.0107427 0.00219497 0.00522589)
(0.00887893 0.000567465 0.00490189)
(0.00975198 0.000794929 0.00526606)
(0.00943586 0.0011481 0.00493446)
(0.00953252 0.00204367 0.00478596)
(0.00966485 0.00174859 0.00484061)
(0.00909224 0.00268952 0.00433734)
(0.00933791 0.00275798 0.00448408)
(0.00900901 0.00171043 0.00468908)
(0.00999337 0.00111972 0.00501217)
(0.01134 0.00105495 0.0056507)
(0.0107171 0.00124049 0.00569439)
(0.01034 0.000635178 0.00546499)
(0.0105215 0.00101967 0.00489071)
(0.0106336 0.000505786 0.00536203)
(0.0141567 0.000796691 0.0152676)
(0.0140225 -0.000108104 0.0156288)
(0.0141102 4.17831e-05 0.0157208)
(0.0143427 0.00245377 0.0150487)
(0.0139271 0.00248597 0.0153364)
(0.0139813 0.00182516 0.0153422)
(0.00919719 0.00494197 0.00639187)
(0.00943454 0.00609026 0.00680446)
(0.00946005 0.0062276 0.00928038)
(0.010834 0.00588028 0.00860094)
(0.00922739 0.00665824 0.00928971)
(0.0110482 0.000912059 0.0141909)
(0.00986114 0.00183942 0.0144827)
(0.0115158 0.00110273 0.0147897)
(0.0103349 0.00161666 0.0145879)
(0.00974893 0.00339681 0.0141653)
(0.00989391 0.00271617 0.0142659)
(0.010147 0.00229205 0.0147766)
(0.00961362 0.00296852 0.0143243)
(0.00995326 0.00239389 0.0143199)
(0.00952398 0.0044787 0.0120948)
(0.0105134 0.0055786 0.0128975)
(0.0104129 0.00497824 0.0128739)
(0.01078 0.00439897 0.0141368)
(0.0111663 0.00379952 0.0131912)
(0.00898851 0.00475687 0.0105088)
(0.0101952 0.0052562 0.0100116)
(0.0106824 -8.54088e-05 0.00512376)
(0.0100516 -0.00119057 0.00555487)
(0.0119167 -0.000539554 0.00537086)
(0.0110851 -0.000574686 0.0056108)
(0.0104751 -0.000717946 0.00498396)
(0.0103648 0.000446439 0.00529045)
(0.00997563 0.000384369 0.00517655)
(0.00973261 7.64579e-05 0.00537637)
(0.00967169 -6.44965e-05 0.00522873)
(0.00966068 -0.000293405 0.00534166)
(0.00916636 -0.000332237 0.00538784)
(0.00904565 -0.000428496 0.00548288)
(0.00828038 0.00672083 0.0100204)
(0.00725049 0.00594143 0.0100566)
(0.00780661 0.00382908 0.0100493)
(0.00740997 0.00440946 0.00943624)
(0.00770702 0.00335689 0.0102243)
(0.00920166 0.0067526 0.00962424)
(0.0080008 0.0059894 0.00992282)
(0.008747 0.00705012 0.00848452)
(0.00792835 0.00458896 0.010654)
(0.0078732 0.00701215 0.0111357)
(0.00782503 0.00625688 0.0112577)
(0.00796086 0.00617308 0.0113606)
(0.010826 0.00736059 0.00950434)
(0.0117992 0.00747267 0.00858187)
(0.00937388 0.00676402 0.0113049)
(0.00952117 0.00696828 0.00992018)
(0.00937548 0.00698666 0.0115199)
(0.00980462 0.00805051 0.00966337)
(0.00976739 0.00806932 0.0104811)
(0.00945314 0.00878522 0.00966673)
(0.009053 0.00689645 0.00908181)
(0.01009 0.00766656 0.00948019)
(0.0126629 0.00827061 0.0101276)
(0.0096628 0.00740589 0.00844124)
(0.00942759 0.00906186 0.00901763)
(0.0109075 0.00769599 0.00738886)
(0.0121555 0.00853764 0.00991563)
(0.0117113 0.00802673 0.00848745)
(0.011911 0.00953387 0.00773204)
(0.00656273 0.00304747 0.0105917)
(0.00730358 0.00406835 0.0116462)
(0.00759439 0.00524489 0.0109437)
(0.00735171 0.00373396 0.0113289)
(0.00740525 0.00425655 0.0109066)
(0.00812868 0.00466111 0.0107576)
(0.00808618 0.00645553 0.011391)
(0.00728359 0.00293901 0.0096973)
(0.00781809 -0.000382212 0.00548713)
(0.00659522 -0.000407864 0.00681205)
(0.00914251 -0.000628962 0.00572346)
(0.0087477 -0.000381477 0.00552452)
(0.00843506 0.00505862 0.00972071)
(0.00783526 0.0028972 0.00989508)
(0.00722657 0.00342233 0.00990363)
(0.00671472 0.00248891 0.00937714)
(0.0067579 0.00208243 0.00945785)
(0.00706749 0.00271269 0.00964878)
(0.0084114 0.00570275 0.00956145)
(0.00954315 0.00795264 0.00893078)
(0.00918365 0.00642486 0.00888675)
(0.00713068 0.00335664 0.0116171)
(0.00653886 0.00233478 0.0102464)
(0.00588032 0.00138812 0.00872117)
(0.00669083 0.00244173 0.0106145)
(0.00685422 0.00206783 0.0105695)
(0.00695499 -0.000150241 0.00744311)
(0.00705081 -0.000337203 0.00656941)
(0.00696022 -0.000131526 0.00718649)
(0.00799909 -0.000734155 0.0059592)
(0.00844357 -0.000772023 0.00582991)
(0.00840306 -0.000500798 0.00531208)
(0.00793035 -0.000890555 0.00580719)
(0.00918975 -0.000689845 0.00504922)
(0.00931852 -0.000794136 0.00578135)
(0.00694963 -0.000477857 0.00764444)
(0.00692896 0.00173659 0.00888263)
(0.00706052 0.00268811 0.00961084)
(0.00699045 0.00217419 0.00939133)
(0.00697725 0.000490716 0.0083799)
(0.00708609 -0.000585228 0.00759825)
(0.00644764 -0.000176359 0.00764463)
(0.0067554 0.000108808 0.00793036)
(0.00710682 -0.000400826 0.00754444)
(0.00834465 -0.000974443 0.00548153)
(0.00828733 -0.00126689 0.00612669)
(0.00684341 -0.000706573 0.00710318)
(0.00944234 -0.00170802 0.00582367)
(0.00911972 -0.00147775 0.00566248)
(0.00809711 -0.00137596 0.00626222)
(0.00878307 -0.00161947 0.00603766)
(0.00877291 -0.00147143 0.00594107)
(0.0071073 -0.000993653 0.00701865)
(0.00811789 -0.00160549 0.00596687)
(0.00764185 -0.00142628 0.0067874)
(0.00692291 -0.000951437 0.00683856)
(0.00628945 -0.000644462 0.00655677)
(0.00752258 -0.00121022 0.0067255)
(0.00721773 -0.00150151 0.00649551)
(0.0077447 -0.0013765 0.00646872)
(0.00684028 -0.000958497 0.00660313)
(0.0145251 0.00718786 0.00905526)
(0.0153896 2.5288e-05 0.00910496)
(0.015557 -0.000759192 0.0105265)
(0.0151812 -0.00036491 0.00937239)
(0.0158061 0.000447507 0.00880063)
(0.0161122 0.000574626 0.00880055)
(0.015345 0.00531016 0.00795944)
(0.0153932 0.00582053 0.00763403)
(0.0133127 -0.000971949 0.0126635)
(0.0149035 -4.09071e-05 0.00905977)
(0.01395 -0.000684749 0.0116831)
(0.0150177 -0.000406082 0.0100914)
(0.014823 -0.000704977 0.0111039)
(0.0150025 -0.00076213 0.0102792)
(0.0141422 -0.000886874 0.0111867)
(0.00688254 -0.00154747 0.00583493)
(0.00667836 -0.0012826 0.00580221)
(0.00638845 -0.000983611 0.00597968)
(0.00648425 -0.000722386 0.00632129)
(0.00634949 -0.000832832 0.00638789)
(0.00702357 -0.00176316 0.00580187)
(0.0069521 -0.00172595 0.0056964)
(0.00733303 -0.00184405 0.00553715)
(0.0078547 -0.00209371 0.00524751)
(0.00839869 -0.00208382 0.00509143)
(0.00718332 -0.00154219 0.00639427)
(0.00878565 -0.00170001 0.0059075)
(0.00824099 -0.00189452 0.00667325)
(0.00744911 -0.00167432 0.0061985)
(0.009082 -0.00204826 0.00601299)
(0.00738244 -0.00145758 0.00635036)
(0.00678102 -0.00109024 0.00656568)
(0.00693478 -0.00122192 0.00653335)
(0.00702307 -0.0014587 0.00610664)
(0.0075304 -0.0014576 0.00637711)
(0.00636188 -0.00113559 0.00616895)
(0.00635447 -0.00118538 0.00602486)
(0.00668238 -0.00140309 0.005938)
(0.00666451 -0.00140974 0.00588902)
(0.0168731 -0.00365933 0.0138497)
(0.0161321 -0.0035334 0.0130055)
(0.0194811 -0.00266696 0.00518223)
(0.0192799 -0.00185479 0.00493832)
(0.0207154 -0.00139494 0.00486879)
(0.0207566 -0.0012624 0.00543823)
(0.0166018 -0.00373386 0.0116222)
(0.0174143 -0.00367919 0.0110796)
(0.0169416 -0.00389539 0.0120846)
(0.017154 -0.00420588 0.0110013)
(0.0176311 -0.00437099 0.011137)
(0.0164293 0.00583226 0.00477781)
(0.0176603 0.00670306 0.00458068)
(0.0182867 0.00571585 0.0040239)
(0.0189966 0.00462337 0.0040422)
(0.0194757 0.00234169 0.00305073)
(0.0188507 0.00299316 0.00305209)
(0.0175118 0.00562304 0.00452783)
(0.018645 0.00482675 0.00382018)
(0.0193695 0.00404076 0.0038171)
(0.0180227 0.00360822 0.00396418)
(0.0194514 0.00281557 0.00289443)
(0.0192769 0.00344248 0.0036376)
(0.0178793 0.00637178 0.00462908)
(0.0193119 0.0044969 0.00540545)
(0.0186243 0.00436897 0.00501257)
(0.0198604 0.00167037 0.00246837)
(0.0205278 0.00127653 0.00273581)
(0.0210065 0.000409878 0.00238901)
(0.0203373 0.000347075 0.00299068)
(0.0199482 -0.00136175 0.00325269)
(0.020805 -0.00374357 0.00499716)
(0.021399 -0.00123388 0.00235859)
(0.0209792 -0.00278933 0.00351622)
(0.0223264 -0.000802217 0.002868)
(0.0198639 -0.00173269 0.00315249)
(0.0210612 -0.00367686 0.00437227)
(0.0205675 -0.00152051 0.00466254)
(0.01961 -0.00189299 0.00364731)
(0.0205493 -0.00341589 0.00678708)
(0.0202777 -0.00272451 0.00532539)
(0.0198023 -0.00336591 0.00606242)
(0.0204567 -0.00291926 0.0053583)
(0.0191069 -0.00409423 0.00635227)
(0.0206301 -0.00512914 0.00572552)
(0.0203276 -0.00502483 0.00559753)
(0.0198433 -0.00612386 0.00694738)
(0.0196177 -0.00524516 0.00672975)
(0.0191192 -0.0043895 0.00706447)
(0.0191419 -0.005179 0.00691467)
(0.0194898 -0.00409774 0.0056672)
(0.0193767 -0.00383688 0.00581027)
(0.0168495 -0.00480425 0.0112184)
(0.0173327 -0.00505392 0.0117128)
(0.0203591 0.00400729 0.012339)
(0.0175328 0.00392154 0.00828949)
(0.0172249 0.00379561 0.00758068)
(0.0162304 0.00316293 0.00722546)
(0.0180115 0.00279489 0.00722239)
(0.0166332 0.00193174 0.00581196)
(0.0164397 0.00294534 0.00563472)
(0.0188413 0.00336364 0.00740432)
(0.0158301 -0.000433963 0.00393055)
(0.0194854 0.00318024 0.0133313)
(0.0184395 -0.00620005 0.0100183)
(0.0181756 -0.00511856 0.0126724)
(0.0173485 0.00125137 0.0156141)
(0.0182276 0.000783588 0.0164613)
(0.0168014 -0.00343661 0.0140671)
(0.0174466 -0.00460356 0.0128463)
(0.0175391 -0.00387585 0.0139012)
(0.0157767 -0.00262546 0.0149498)
(0.0147886 -0.000984897 0.0150637)
(0.0150173 -0.00224409 0.0148891)
(0.0150398 -0.00156183 0.0149105)
(0.015541 0.00154901 0.0160601)
(0.0150779 -0.000173953 0.0154576)
(0.0150239 0.000159791 0.0152871)
(0.0155711 -0.000362889 0.0155839)
(0.0162252 -0.000267287 0.0157461)
(0.01766 -0.00336433 0.0147499)
(0.0167125 -0.00161102 0.0158226)
(0.0150637 -0.00232261 0.014683)
(0.0163954 -0.00328896 0.0143349)
(0.015383 -0.00177038 0.0150132)
(0.0159678 -0.00135683 0.0157679)
(0.017859 -0.00406184 0.0141742)
(0.0177997 -0.00462984 0.0134411)
(0.0168448 -0.00424888 0.0130896)
(0.0173678 -0.00473986 0.0126764)
(0.0166665 0.00108882 0.0161313)
(0.0168314 -0.000362011 0.0152907)
(0.0170335 -0.00127718 0.015593)
(0.0160894 0.00214607 0.0150859)
(0.0176474 0.000726085 0.0160993)
(0.0169294 0.000266444 0.0146474)
(0.0164458 0.000956386 0.0155101)
(0.0185325 0.00244371 0.0160732)
(0.0178243 0.00273175 0.0160005)
(0.0163949 0.00268703 0.0153763)
(0.0162886 0.00186658 0.0143692)
(0.0169591 0.00350685 0.0148926)
(0.017811 0.00110167 0.0149883)
(0.0171706 0.00389757 0.0146331)
(0.0185703 0.00279704 0.0144293)
(0.0198555 0.00396322 0.0109176)
(0.0176871 0.00487101 0.0115814)
(0.0171962 0.00441314 0.0119991)
(0.0176071 0.00339218 0.0147513)
(0.0163644 0.0037448 0.0123138)
(0.0168023 0.00346236 0.0132457)
(0.0169929 0.00380853 0.0145874)
(0.0161237 0.00476083 0.0126846)
(0.0151183 0.00449255 0.0118687)
(0.0154331 0.00378931 0.0112715)
(0.0163745 0.00554016 0.0123318)
(0.017747 0.00429702 0.011563)
(0.0176103 0.00481966 0.0123403)
(0.0188736 0.00464134 0.0126955)
(0.0167992 0.00521494 0.0108888)
(0.0154263 0.000446038 0.00907266)
(0.0156426 0.000682479 0.00890343)
(0.0157892 0.00101556 0.00823436)
(0.0152044 0.00106296 0.00827778)
(0.0157376 0.00467269 0.00801749)
(0.0162206 0.00142503 0.00851337)
(0.0165447 0.00435361 0.00809752)
(0.015555 0.00386544 0.00806993)
(0.0160802 0.00478696 0.0080939)
(0.0141079 -0.00116398 0.0122877)
(0.0133305 -0.000782602 0.0128737)
(0.0127902 -0.000889504 0.0134328)
(0.0124059 -0.000187179 0.014322)
(0.0110645 0.000290527 0.0137493)
(0.0119027 0.00033935 0.0150771)
(0.0124044 -0.000446571 0.014436)
(0.0123144 -0.000800988 0.0142626)
(0.0130329 -0.000632058 0.0147961)
(0.014008 -0.00148088 0.0143662)
(0.0150989 -0.00280279 0.0133081)
(0.0149283 -0.00122077 0.0152696)
(0.0152123 -0.00150048 0.0152752)
(0.0156324 -0.00267359 0.014188)
(0.0163888 -0.00282293 0.0138668)
(0.0149556 -0.001778 0.0144736)
(0.0146815 -0.00143412 0.0147332)
(0.016179 -0.00276433 0.0142061)
(0.0109203 0.000401031 0.0148949)
(0.0110952 0.000389696 0.0145652)
(0.0109894 0.00129725 0.015154)
(0.0121294 -5.48234e-05 0.0149585)
(0.0121699 -0.00022801 0.01471)
(0.0132223 -0.000616327 0.0145228)
(0.0149374 -0.00104893 0.0110894)
(0.0151161 -0.000980992 0.0121109)
(0.0135356 -0.00118633 0.012277)
(0.0131782 -0.00107371 0.0128627)
(0.0152137 -0.000994283 0.0108905)
(0.0147874 -0.00135604 0.0123043)
(0.0155939 -0.00261853 0.0113115)
(0.015834 -0.00259219 0.0125092)
(0.0139032 -0.00245894 0.0124526)
(0.0137481 -0.00166507 0.0143207)
(0.0162644 -0.0020517 0.0105242)
(0.0157223 -0.000838923 0.00964886)
(0.016399 -0.000371751 0.00884133)
(0.0154155 -0.00225247 0.0117292)
(0.0153714 -0.00129129 0.0111604)
(0.0146176 -0.00147381 0.0101805)
(0.00985384 0.00424677 0.00761573)
(0.0132019 0.00689327 0.00641308)
(0.0170385 0.00670203 0.00637636)
(0.0122045 0.00543765 0.00759465)
(0.0173721 0.00660476 0.00561261)
(0.00686881 -0.00131177 0.0059011)
(0.00671962 -0.000155174 0.00679948)
(0.00640822 -0.000441334 0.00641904)
(0.00655564 -0.000880303 0.00611685)
(0.00701078 -0.000985314 0.00666328)
(0.00707466 6.93034e-05 0.00706886)
(0.00687271 -9.43161e-05 0.0068447)
(0.00708774 0.00066034 0.00740721)
(0.00744437 0.000520769 0.007472)
(0.00663699 -0.00135038 0.00579068)
(0.00738398 -0.00177042 0.00582812)
(0.00700586 -0.00152197 0.00570982)
(0.00672409 -0.00156729 0.00556772)
(0.00711399 -0.00199536 0.00574398)
(0.00720717 -0.00236439 0.00557067)
(0.00896699 -0.00285804 0.00516083)
(0.00963771 -0.00208128 0.00563291)
(0.00664511 -0.00153912 0.00549512)
(0.00705491 -0.00177599 0.00558422)
(0.00850163 -0.00192079 0.0051994)
(0.00667682 -0.00145755 0.00598649)
(0.00821852 -0.00190005 0.00505171)
(0.00773189 -0.0019011 0.00563738)
(0.00879171 -0.00258647 0.00468434)
(0.00823869 -0.00239183 0.00529085)
(0.00928109 -0.00274939 0.0052266)
(0.00953122 -0.00232465 0.00475675)
(0.0101521 -0.00209848 0.00485104)
(0.00922043 -0.00213503 0.00482091)
(0.00727696 4.96111e-05 0.00696303)
(0.00757947 0.00104103 0.00733521)
(0.00670941 -0.000563335 0.00634984)
(0.00897105 0.00233216 0.00768302)
(0.0159379 -0.00112589 0.0038477)
(0.0135472 -0.0011862 0.00321466)
(0.0129513 -0.00213119 0.00386536)
(0.010778 -0.00271311 0.00410416)
(0.0101396 -0.00251906 0.00439275)
(0.0113221 -0.00243577 0.00378344)
(0.00987449 -0.00189516 0.00575524)
(0.0103068 -0.00148624 0.0054441)
(0.0110812 -0.00106856 0.00506025)
(0.0105047 -0.00199833 0.0056786)
(0.0148245 0.00024494 0.0054975)
(0.0140424 0.000334138 0.00511999)
(0.01171 -0.00127615 0.00541379)
(0.0107512 -0.00173684 0.00548562)
(0.012601 -0.000574008 0.00486491)
(0.0113574 -0.00176397 0.00520068)
(0.0154801 -0.000635455 0.00457939)
(0.014926 -0.00137193 0.00452568)
(0.0158507 0.00088866 0.00561233)
(0.0145991 0.000145255 0.00447356)
(0.0145699 -0.000545274 0.0045187)
(0.0102999 -0.00207661 0.00431488)
(0.0112267 -0.00242652 0.00449315)
(0.0138046 -0.00185813 0.00427804)
(0.0123216 -0.00189248 0.00389406)
(0.0113829 -0.00159836 0.00475053)
(0.0139801 -0.000595726 0.0046315)
(0.0175907 8.25955e-05 0.00808603)
(0.0176024 0.00165125 0.00710668)
(0.0174121 -0.00132341 0.00948774)
(0.0168291 -0.00138155 0.00931948)
(0.0170577 -0.000652343 0.00889609)
(0.0181779 0.00110532 0.00735016)
(0.0176308 0.00404782 0.00511325)
(0.0167565 0.00528004 0.00454713)
(0.0175238 0.00407375 0.00511587)
(0.0177514 0.00313758 0.00500321)
(0.0175222 0.00295157 0.00546648)
(0.017621 0.00299967 0.005688)
(0.0154624 0.00767719 0.00668541)
(0.0170144 0.0026231 0.00716191)
(0.0154619 0.0037277 0.00658736)
(0.0178993 0.00347567 0.00769746)
(0.0163505 0.00269607 0.0065222)
(0.0167777 0.0037391 0.00647686)
(0.0162234 0.00554004 0.0063167)
(0.0154504 0.00752775 0.00624366)
(0.016729 0.00614805 0.00675534)
(0.0153872 0.00732638 0.00524106)
(0.0156741 0.00790305 0.00616719)
(0.0141178 0.0074395 0.00623285)
(0.0144254 0.00828064 0.00751427)
(0.0090561 0.00702559 0.00819901)
(0.00944254 0.00684619 0.00933855)
(0.0140236 0.00749983 0.00617)
(0.0144098 0.00700911 0.00642187)
(0.0132307 0.00782679 0.00644244)
(0.0130234 0.00882575 0.00613314)
(0.012368 0.00851879 0.00670479)
(0.0123341 0.00916406 0.00701178)
(0.0112792 0.00804849 0.00614552)
(0.0106712 0.00740381 0.00623997)
(0.0112452 0.00746687 0.00767097)
(0.0104968 0.00768222 0.00805269)
(0.0148533 0.00609326 0.00666998)
(0.0140481 0.00805263 0.00696872)
(0.0123911 0.0096604 0.0074539)
(0.0121951 0.00777842 0.0072102)
(0.0147692 0.00816279 0.00816456)
(0.0145548 0.00813407 0.00622826)
(0.0136559 0.00705621 0.0062293)
(0.0154518 0.00810377 0.0071804)
(0.0151959 0.00738303 0.00797059)
(0.013636 0.00862886 0.00845185)
(0.0127747 0.00773858 0.00799363)
(0.0169323 -0.00243108 0.00963474)
(0.0169832 -0.00114742 0.0081347)
(0.0192226 0.00109979 0.00618167)
(0.0183897 -0.000778899 0.00716459)
(0.0190912 -0.000240643 0.00656484)
(0.0197869 0.000365335 0.0061073)
(0.0191498 0.00156213 0.00485415)
(0.01938 0.00133186 0.00523414)
(0.0170875 0.00468479 0.00516894)
(0.0156129 0.00700298 0.0052594)
(0.0158758 0.00665302 0.00440636)
(0.0173129 0.00532053 0.00503771)
(0.0185804 0.00244752 0.00485409)
(0.0187569 0.00249922 0.00472127)
(0.0181377 0.00337768 0.0048347)
(0.016944 0.00394739 0.00443866)
(0.0158866 0.00583509 0.00475902)
(0.0177952 0.00503038 0.00485913)
(0.0185896 0.00341994 0.00450782)
(0.0179585 0.00469693 0.00414651)
(0.0185762 0.00069954 0.00601137)
(0.0182965 0.000768386 0.00678374)
(0.0181428 0.00187256 0.00584743)
(0.017952 0.00199039 0.00558392)
(0.0186032 0.00461136 0.00378761)
(0.0190421 0.00378636 0.00349778)
(0.0195752 0.00277924 0.00364408)
(0.0207513 0.000170757 0.00421553)
(0.0202803 0.000623573 0.00390144)
(0.0203393 -5.28472e-05 0.00423058)
(0.0175001 0.00517736 0.00545561)
(0.0181637 0.00471236 0.00429912)
(0.0176453 0.00433378 0.00383588)
(0.019421 0.00134345 0.0043385)
(0.0188298 0.00351581 0.00361372)
(0.0200171 -0.00134026 0.00518257)
(0.0198494 -0.000814232 0.00517139)
(0.0195125 0.00275872 0.00422036)
(0.0209144 0.00106336 0.00428698)
(0.020622 0.00317016 0.00436274)
(0.0187383 0.00395414 0.00375104)
(0.0205774 0.00226389 0.00370271)
(0.0202497 0.0019511 0.00398574)
(0.0185609 0.00432525 0.00360363)
(0.019456 0.00336639 0.00321488)
(0.0162849 0.00668562 0.00521227)
(0.0153135 0.00615535 0.00505324)
(0.0182708 0.00508513 0.00544762)
(0.0165576 0.00648312 0.00460891)
(0.0169969 0.00653805 0.00444672)
(0.0178064 0.00598683 0.00416786)
(0.0151968 0.00571603 0.00482913)
(0.0161092 0.00622301 0.00499614)
(0.0149931 0.00598359 0.00540745)
(0.0166385 0.00578419 0.00409676)
(0.0132682 0.00636504 0.00609938)
(0.0142352 0.00613643 0.00579588)
(0.0150758 0.00633844 0.00578908)
(0.0150447 0.00636059 0.0056384)
(0.014026 0.0067258 0.00635964)
(0.0137166 0.00725641 0.00575716)
(0.0137268 0.00637868 0.00575723)
(0.0125192 0.00587756 0.00586843)
(0.00779424 0.00405142 0.00889412)
(0.00765484 0.00337418 0.00919777)
(0.00871468 0.00466424 0.00927812)
(0.0121057 0.00637317 0.00689605)
(0.011724 0.00651603 0.00710801)
(0.0125408 0.00810957 0.00734276)
(0.0106551 0.00651248 0.00782632)
(0.00970677 0.00694508 0.00796169)
(0.0110991 0.00629225 0.00785705)
(0.010041 0.00523009 0.00926059)
(0.0105381 0.00550884 0.00883564)
(0.0192609 -0.00119477 0.00696574)
(0.0188039 -0.0016822 0.00817574)
(0.0176604 -0.00212466 0.00862536)
(0.0193191 -0.0016108 0.00766507)
(0.0188642 -0.00238833 0.00826996)
(0.0158662 -0.0032168 0.0118454)
(0.0177775 -0.00391435 0.0114031)
(0.0180674 -0.00332534 0.0104249)
(0.0173367 -0.00336432 0.0106514)
(0.0183009 -0.00277676 0.00966855)
(0.0176992 -0.00346144 0.0125792)
(0.0172386 -0.0033893 0.0131396)
(0.0186779 -0.00310772 0.0105192)
(0.0184356 -0.00324038 0.00929485)
(0.0190388 -0.0024609 0.00844835)
(0.0117291 0.00545808 0.00775423)
(0.0117373 0.00606294 0.0070522)
(0.0143616 0.00610484 0.00775519)
(0.0141617 0.00641676 0.00737942)
(0.0141119 0.00552575 0.00623646)
(0.0156487 0.00662277 0.00614541)
(0.012556 0.00661278 0.00821165)
(0.0118625 0.00694006 0.00701646)
(0.012588 0.00732694 0.00683049)
(0.0115888 0.00569027 0.00673074)
(0.012729 0.0064934 0.00682415)
(0.0149797 0.00619606 0.00652529)
(0.0150511 0.00612863 0.00560271)
(0.014145 0.00692103 0.00693206)
(0.0143096 0.00671957 0.00702981)
(0.0109376 0.00513689 0.00858996)
(0.0104951 0.00544321 0.00829033)
(0.00989072 0.00522167 0.00829945)
(0.00940869 0.00404757 0.00810181)
(0.00960721 0.00346071 0.00926803)
(0.00986463 0.00549946 0.00857108)
(0.0118144 0.0055007 0.00817156)
(0.0101786 0.00567746 0.00854847)
(0.0104077 0.00522193 0.00856825)
(0.00949732 0.00501815 0.0084255)
(0.0116471 0.00596967 0.00821855)
(0.0108676 0.006382 0.00832034)
(0.0108959 0.00663912 0.00709037)
(0.0128366 0.00583509 0.00760704)
(0.0116494 0.00675215 0.00857003)
(0.00746396 0.00103062 0.00774955)
(0.00758627 0.00178077 0.00764304)
(0.00950677 0.00483049 0.00925194)
(0.0091371 0.00419383 0.00930761)
(0.00765498 0.00284842 0.00796496)
(0.00961411 0.00428496 0.0091856)
(0.00922637 0.00405476 0.00925124)
(0.0096287 0.00483905 0.0093422)
(0.00989348 0.00526107 0.00887111)
(0.00950603 0.00524856 0.00888329)
(0.0095976 0.00524382 0.00948286)
(0.00892209 0.00401938 0.00866774)
(0.00869167 0.00409276 0.00870484)
(0.00930758 0.00475789 0.00908166)
(0.00872417 0.00384491 0.0098492)
(0.00883583 0.00363546 0.00982641)
(0.00675019 -0.000238796 0.00698822)
(0.00625674 0.000660539 0.00722079)
(0.00709675 0.00120427 0.00754554)
(0.00688227 0.000241035 0.00702484)
(0.00748498 0.00367341 0.00920207)
(0.00771144 0.00252012 0.00869323)
(0.00823052 0.0027887 0.00877856)
(0.00729084 0.00273343 0.00892142)
(0.00702102 -0.00117545 0.00647087)
(0.00695209 -0.000756339 0.0068992)
(0.00696935 0.00010403 0.00762081)
(0.00675933 -0.000292825 0.00715514)
(0.00684095 -0.00066273 0.00704034)
(0.00681613 -0.000787159 0.00670306)
(0.00694965 -0.000996499 0.00659652)
(0.00678422 -0.000962959 0.00665478)
(0.00672793 -0.000331933 0.0072618)
(0.00657639 -0.000309334 0.00722782)
(0.00741561 0.00144237 0.00835033)
(0.00736471 0.000602612 0.00851179)
(0.00718264 0.00102563 0.0081108)
(0.00730366 0.000865706 0.00812909)
(0.00697791 9.50597e-05 0.00796834)
(0.00729923 0.00124121 0.00902536)
(0.00660877 0.000226396 0.00766034)
(0.00719852 0.00181284 0.0088805)
(0.0073548 0.00275153 0.00956249)
(0.0082079 0.00317527 0.00990893)
(0.00791953 0.0031878 0.00937181)
(0.00991159 0.00700884 0.00814157)
(0.0116054 0.00809415 0.00881684)
(0.0109434 0.00773757 0.00708927)
(0.0110645 0.00759614 0.00762603)
(0.00976234 0.00844659 0.00852082)
(0.0117983 0.00880558 0.00725283)
(0.0119598 0.00564991 0.00743847)
(0.0138021 -0.00158517 0.0120141)
(0.0131462 -0.00198922 0.0121404)
(0.0120666 -0.00128038 0.0135208)
(0.0117423 -0.000686765 0.0140038)
(0.0127916 -0.00104805 0.0137628)
(0.0121528 -0.000549792 0.0146026)
(0.0131589 -0.0014715 0.0129606)
(0.0124705 -0.00143008 0.0128302)
(0.0118611 -0.000598116 0.0147589)
(0.0114001 -0.00118905 0.0131542)
(0.0151084 0.00377739 0.00762994)
(0.0164953 0.0017773 0.00895802)
(0.0158786 0.00389302 0.00779804)
(0.0152093 0.00244316 0.0075247)
(0.015738 0.00321446 0.00770508)
(0.0171536 0.00410258 0.00820797)
(0.0170357 0.00476252 0.0077403)
(0.0167936 0.0042659 0.00727184)
(0.016986 0.00275374 0.00732042)
(0.0163074 0.00427203 0.0101134)
(0.0163094 0.00562778 0.00977901)
(0.0169041 0.00390075 0.00974093)
(0.0182373 0.00424504 0.00934816)
(0.0166993 0.00312058 0.00691309)
(0.0158964 0.00350456 0.0069844)
(0.0160745 0.00425306 0.00851845)
(0.0154948 0.0041197 0.00902814)
(0.0169427 0.00571634 0.00969322)
(0.0170615 0.00421165 0.00930178)
(0.0167691 0.00372369 0.00814936)
(0.0160296 0.00445877 0.00778683)
(0.0164842 0.00351353 0.0146216)
(0.0154518 0.00227026 0.0149814)
(0.0154879 0.00265039 0.0142956)
(0.0148136 0.00301795 0.0158979)
(0.0167209 0.00390817 0.0136192)
(0.0157498 0.00441233 0.013798)
(0.015699 0.00314523 0.0138468)
(0.0158355 0.00470438 0.0133083)
(0.0163633 0.00486924 0.0132313)
(0.0177115 0.00394579 0.0132648)
(0.0185849 0.00427535 0.0140082)
(0.0172045 0.00301464 0.0135242)
(0.0169929 0.00273312 0.0141182)
(0.0163912 0.00449507 0.0136679)
(0.0173401 -0.00122421 0.0150338)
(0.017703 -0.00209648 0.0162737)
(0.0170716 -0.0014331 0.015136)
(0.0174565 -0.00525298 0.0135472)
(0.0177407 0.000954501 0.00477909)
(0.0166448 -4.13211e-05 0.00487208)
(0.0177092 -1.44577e-05 0.00483446)
(0.0164691 0.000339628 0.00531706)
(0.0153431 3.49218e-05 0.0047181)
(0.0157402 0.00090815 0.00474323)
(0.019329 0.00257443 0.0069832)
(0.019652 0.00117054 0.006052)
(0.0177217 0.00120223 0.00612147)
(0.0191108 0.00186182 0.00641345)
(0.016585 0.00214945 0.00635294)
(0.0160699 0.00173021 0.00565022)
(0.017682 0.00304776 0.00732402)
(0.0192302 0.00284108 0.00766071)
(0.0187056 0.00289927 0.00646908)
(0.0177519 0.00267404 0.00582275)
(0.01834 -0.00540562 0.0108647)
(0.016978 -0.00507231 0.0110693)
(0.0175388 -0.00481491 0.00691767)
(0.0183176 -0.0050831 0.00736888)
(0.0173791 -0.005202 0.0091488)
(0.0177065 -0.00490677 0.00859418)
(0.0190471 -0.00605028 0.0091841)
(0.0184168 -0.0056251 0.00958788)
(0.0176443 -0.00554745 0.0103915)
(0.0180074 -0.0055949 0.00814724)
(0.0158449 -0.00248854 0.00992703)
(0.0148637 -0.00264904 0.01123)
(0.0164585 -0.0020262 0.00975182)
(0.0162779 -0.00230978 0.0111095)
(0.0160993 -0.00277224 0.0108162)
(0.0166586 -0.00195307 0.00971571)
(0.0164578 0.00484045 0.00829569)
(0.0176903 0.00445591 0.0081505)
(0.0153547 0.0066025 0.00721469)
(0.0150536 0.00633822 0.00861982)
(0.0152035 0.00524927 0.00764093)
(0.0139425 0.00643448 0.00708277)
(0.015114 0.0071617 0.00872586)
(0.0151538 0.00697152 0.00768292)
(0.0207987 0.00117315 0.00312675)
(0.0200861 0.0017597 0.00318136)
(0.0211236 -0.000726988 0.00408775)
(0.0209297 -0.000321771 0.00336915)
(0.0199904 0.000556683 0.00272159)
(0.0206748 0.00171716 0.003362)
(0.0180123 -0.00393418 0.00994331)
(0.018243 -0.00394977 0.00837336)
(0.0186328 -0.00318009 0.00889924)
(0.0187532 -0.00301456 0.00774644)
(0.0177862 -0.0038475 0.00986483)
(0.0126471 0.00874776 0.00939087)
(0.0144534 0.00686635 0.00911493)
(0.0148546 0.00667787 0.0102132)
(0.0110664 0.00699243 0.0106812)
(0.0104503 0.0087486 0.0106491)
(0.00672706 0.000550605 0.00852955)
(0.00691922 0.00113926 0.00877035)
(0.00706976 0.00114152 0.00912207)
(0.00652854 0.000702841 0.0083929)
(0.00705794 -0.00108158 0.00649459)
(0.00716699 -0.00123601 0.00621534)
(0.0072942 -0.00117562 0.00566817)
(0.00737182 -0.00119016 0.00614714)
(0.00691557 -0.00108016 0.00616044)
(0.00751063 -0.00110574 0.00622114)
(0.00664862 -0.000768692 0.00683624)
(0.00647529 -0.000902126 0.00636813)
(0.00635921 -0.000538859 0.00688871)
(0.00643743 -0.000771247 0.00665058)
(0.00668217 7.93514e-05 0.00784939)
(0.00701987 0.000666794 0.00908354)
(0.00600652 0.000441328 0.00781176)
(0.00706286 0.000268379 0.00831327)
(0.00686753 0.000889599 0.00894719)
(0.00735104 -0.000548251 0.00574989)
(0.00745247 -0.000536057 0.00632601)
(0.00730572 -0.000585963 0.00654122)
(0.00779633 0.00694164 0.0106352)
(0.00951531 0.00713632 0.0107897)
(0.00953249 0.00686745 0.0108875)
(0.0081203 0.00620623 0.0105014)
(0.011491 0.000703191 0.0145415)
(0.0118847 -0.000113842 0.0137733)
(0.0128125 -0.000291212 0.0139972)
(0.0132231 -0.000606056 0.0140233)
(0.011667 0.000254581 0.0137314)
(0.0113071 0.000465958 0.0134354)
(0.0118475 0.0049591 0.0105872)
(0.0142977 0.00547044 0.0112737)
(0.013226 0.00537191 0.0112858)
(0.0130667 0.0052314 0.0123175)
(0.0123996 0.00504562 0.0126657)
(0.0119778 0.00461622 0.0128914)
(0.0112975 0.00502456 0.0101724)
(0.0119749 0.00650918 0.0114246)
(0.0123009 0.00605401 0.0120473)
(0.0127496 0.00508773 0.0126092)
(0.010407 0.00239267 0.0142902)
(0.0109038 0.0014964 0.0147794)
(0.0106676 0.0016845 0.0145881)
(0.0107631 0.00417759 0.0129429)
(0.0108612 0.0044064 0.0126291)
(0.0110842 0.00404338 0.014086)
(0.0105811 0.00246061 0.0138051)
(0.0150152 0.00528505 0.00870869)
(0.0137073 0.00408871 0.00819061)
(0.0129155 0.00408426 0.00915681)
(0.0120228 0.00264845 0.00619639)
(0.0113251 0.00390526 0.00662275)
(0.010559 0.00313331 0.00600843)
(0.0131818 0.00376627 0.00720868)
(0.0133416 0.00324713 0.00696442)
(0.0126829 0.00265532 0.00622335)
(0.0123546 0.00300258 0.00592032)
(0.0119875 0.00287641 0.00677524)
(0.0124633 0.00485717 0.00719174)
(0.0125411 0.00434264 0.00738191)
(0.0129276 0.00323147 0.00677954)
(0.012263 0.00336424 0.00687231)
(0.0120247 0.004105 0.00687149)
(0.0111334 0.00537631 0.00779081)
(0.0112218 0.00630268 0.00877719)
(0.0115959 0.00551931 0.00924312)
(0.0109111 0.00545438 0.00801629)
(0.0108639 0.00491817 0.00778732)
(0.0117168 0.00460738 0.00782504)
(0.0112745 0.00462608 0.00761594)
(0.0112012 0.00589372 0.00811775)
(0.0108603 0.00489732 0.00831289)
(0.0110512 0.00595806 0.00838932)
(0.0142443 0.00140872 0.00612017)
(0.012826 0.00106773 0.00515545)
(0.0142643 0.00118078 0.00543204)
(0.0129495 0.000714025 0.00504592)
(0.0122297 0.000551351 0.00490546)
(0.0132812 0.0010604 0.00529407)
(0.0139031 0.00294207 0.00622328)
(0.013711 0.0020401 0.00604737)
(0.0141805 0.00189259 0.00600755)
(0.0137067 0.0018702 0.00526149)
(0.00878539 0.00234013 0.00414176)
(0.00864943 0.00140739 0.00459433)
(0.00920858 0.00121832 0.00486254)
(0.00822351 0.000920412 0.00446108)
(0.00815451 0.000654312 0.00446395)
(0.00807998 0.00025814 0.00482782)
(0.00830037 0.000153194 0.00495379)
(0.00852255 0.000649829 0.00467462)
(0.00876873 0.000985923 0.0045532)
(0.00839151 0.000778981 0.00446953)
(0.00855902 0.00613611 0.0115917)
(0.00935457 0.00324645 0.013956)
(0.00886198 0.00358402 0.0132454)
(0.00915714 0.00500707 0.0117203)
(0.00858453 0.00583966 0.0119006)
(0.00906157 0.00445914 0.0135444)
(0.00937852 0.00460638 0.0129403)
(0.00926004 0.00337251 0.0139948)
(0.00692281 0.0028612 0.0103287)
(0.00683023 0.00231032 0.00975466)
(0.00574988 0.00335755 0.00937349)
(0.00621135 0.00176747 0.00890251)
(0.0063702 0.00167785 0.00925849)
(0.00684086 0.00201648 0.00969062)
(0.0063941 0.000902271 0.00896121)
(0.0067487 0.000369232 0.00850235)
(0.00626461 0.00127026 0.00864098)
(0.00629438 0.0004936 0.00830625)
(0.0164886 -0.003396 0.0125219)
(0.0166853 -0.00267857 0.0142743)
(0.0167509 -0.00337064 0.0130473)
(0.0161463 -0.00307862 0.0139068)
(0.0148994 -0.00226293 0.0144466)
(0.015562 -0.00297719 0.0134308)
(0.0151877 -0.000195588 0.0160551)
(0.0138819 -0.000486026 0.0153586)
(0.0181387 0.000646931 0.00934993)
(0.0169926 0.000701587 0.00791519)
(0.0168163 0.00134496 0.00793616)
(0.0166084 0.000531657 0.00828488)
(0.0162874 0.000466264 0.0084381)
(0.0173322 0.00109922 0.00823432)
(0.0166982 -0.000841419 0.00903015)
(0.0171507 4.00965e-05 0.00867622)
(0.0165433 -0.000502536 0.00938699)
(0.0162854 -0.00136427 0.0100419)
(0.0160046 -0.00136179 0.00973283)
(0.0166243 1.17841e-05 0.00875327)
)
;
    }
    INLET
    {
        type            calculated;
        value           nonuniform 0();
    }
    OUTLET
    {
        type            calculated;
        value           nonuniform 0();
    }
    procBoundary18to19
    {
        type            processor;
        value           uniform (0 0 0);
    }
    procBoundary18to20
    {
        type            processor;
        value           uniform (0 0 0);
    }
}


// ************************************************************************* //
