/*--------------------------------*- C++ -*----------------------------------*\
| =========                 |                                                 |
| \\      /  F ield         | OpenFOAM: The Open Source CFD Toolbox           |
|  \\    /   O peration     | Version:  v1612+                                |
|   \\  /    A nd           | Web:      www.OpenFOAM.com                      |
|    \\/     M anipulation  |                                                 |
\*---------------------------------------------------------------------------*/
FoamFile
{
    version     2.0;
    format      ascii;
    class       volVectorField;
    location    "100";
    object      wallShearStress;
}
// * * * * * * * * * * * * * * * * * * * * * * * * * * * * * * * * * * * * * //

dimensions      [0 2 -2 0 0 0 0];

internalField   uniform (0 0 0);

boundaryField
{
    WALL
    {
        type            calculated;
        value           nonuniform List<vector> 
1488
(
(0.0167125 0.00940457 0.013781)
(0.0182926 0.00975408 0.0152049)
(0.0184305 0.0111272 0.00878699)
(0.0177406 0.00883597 0.00730543)
(0.0196191 0.0102488 0.0047374)
(0.0220382 0.00924889 0.00482695)
(0.0204949 0.00902186 0.00487568)
(0.0186282 0.009362 0.00404644)
(0.0155292 0.00947853 0.00657478)
(0.0158036 0.0100843 0.00454322)
(0.0104369 0.00315711 0.00491397)
(0.0106301 0.00317345 0.00457881)
(0.01065 0.00354735 0.00476109)
(0.0110183 0.00364266 0.00440703)
(0.0263811 0.00432271 0.00732116)
(0.0265646 0.00292095 0.00930847)
(0.0170345 0.00816173 0.00683498)
(0.0175999 0.0107613 0.00722942)
(0.0148409 0.00578673 0.00528425)
(0.0135019 0.00522569 0.00463004)
(0.016694 0.0092591 0.00646585)
(0.0155791 0.00723622 0.00563794)
(0.00759018 0.00269392 0.00536986)
(0.0075872 0.00367633 0.00638011)
(0.00750015 0.00354381 0.00588339)
(0.00761203 0.00294988 0.00523405)
(0.0159319 0.010311 0.00538921)
(0.0152437 0.00936334 0.00635742)
(0.0080774 0.0034013 0.00650796)
(0.0084853 0.00464404 0.00661688)
(0.0176359 0.0107177 0.00503992)
(0.0162546 0.010188 0.00599086)
(0.0189053 0.010024 0.00575932)
(0.0195815 0.0105823 0.00428805)
(0.0243674 0.00307429 0.0152228)
(0.023 0.00429007 0.0163797)
(0.0242714 0.00474982 0.00765557)
(0.0236576 0.00510409 0.0069509)
(0.0207219 0.00892266 0.017965)
(0.0184692 0.0110947 0.0151279)
(0.0193061 0.011111 0.0145419)
(0.0126026 0.00637893 0.00427144)
(0.0122219 0.00853376 0.00632624)
(0.0121285 0.00815399 0.00628256)
(0.0133268 0.00961303 0.00599324)
(0.0132214 0.00881328 0.00628147)
(0.01136 0.00777429 0.0064129)
(0.0110754 0.00736752 0.00617123)
(0.0187972 0.00897266 0.0153434)
(0.0179229 0.0102026 0.0140761)
(0.0263864 0.00257052 0.00850178)
(0.0259627 0.00399872 0.00676205)
(0.0180102 0.00967879 0.00502663)
(0.020681 0.00969959 0.0052787)
(0.00751338 0.00176355 0.00633271)
(0.0204254 0.0103479 0.00441798)
(0.0177919 0.00949545 0.00464662)
(0.0137741 0.00956313 0.00592203)
(0.0127651 0.00918646 0.00633089)
(0.0119649 0.00894024 0.00627717)
(0.0141654 0.00999069 0.00624686)
(0.0133489 0.0090677 0.00642732)
(0.0118986 0.00859832 0.006185)
(0.0217129 0.0101096 0.00497752)
(0.0223483 0.00992562 0.00518926)
(0.0200122 0.0102516 0.00476631)
(0.0190788 0.0102598 0.00556695)
(0.0197103 0.00983812 0.00470775)
(0.0217149 0.00998429 0.00519985)
(0.0103397 0.00280899 0.00550418)
(0.00987738 0.00291359 0.00479646)
(0.00955938 0.00267152 0.00501738)
(0.00909897 0.00244846 0.00496064)
(0.00992765 0.00297732 0.00470433)
(0.0244446 0.00382884 0.00854876)
(0.0236465 0.0027219 0.00843487)
(0.0240569 0.00334288 0.0074305)
(0.024261 0.00293947 0.00889371)
(0.0239804 0.00397437 0.00755395)
(0.0250201 0.00280838 0.00970095)
(0.0128018 0.00349936 0.00511815)
(0.012247 0.00287115 0.00539351)
(0.0134761 0.00419496 0.00503328)
(0.0123571 0.00322448 0.00505708)
(0.0139043 0.00460662 0.00461503)
(0.0140048 0.00451501 0.00485731)
(0.0141341 0.00770133 0.00490475)
(0.0135247 0.00621879 0.00467918)
(0.0127981 0.00530711 0.00482057)
(0.013949 0.00770143 0.00455378)
(0.013562 0.00618432 0.00527316)
(0.0146222 0.00704314 0.00544368)
(0.00751336 0.00214077 0.00543472)
(0.00795276 0.00183824 0.00564972)
(0.00809058 0.002061 0.0058006)
(0.00770155 0.00205969 0.00586856)
(0.00754031 0.00196754 0.00538884)
(0.0075703 0.00233054 0.00577507)
(0.019595 0.0124047 0.0111317)
(0.019261 0.0126326 0.0119068)
(0.019218 0.0115456 0.0101531)
(0.0170384 0.0101983 0.00520572)
(0.0165188 0.00997321 0.00605261)
(0.0161766 0.0103068 0.00628804)
(0.0174867 0.0100024 0.00535989)
(0.0178689 0.0101811 0.00536908)
(0.0159917 0.00975504 0.0050532)
(0.0170181 0.00915571 0.0138328)
(0.0162995 0.01088 0.0132112)
(0.0182004 0.0112886 0.0151777)
(0.0174991 0.0103716 0.0149411)
(0.018402 0.0104631 0.0142256)
(0.0166374 0.0102225 0.0131947)
(0.0189823 0.0081473 0.0140967)
(0.0176016 0.00999563 0.0144222)
(0.0224691 0.00572433 0.0131734)
(0.0211207 0.00505188 0.0124914)
(0.0211443 0.0061787 0.0134056)
(0.0227063 0.00591945 0.0123708)
(0.0212586 0.00654969 0.0136274)
(0.0220041 0.00519047 0.01138)
(0.0258572 0.00127648 0.0104903)
(0.0251673 0.00152498 0.0091385)
(0.0251532 0.00384793 0.00643007)
(0.0251009 0.00596847 0.0056359)
(0.0265567 0.00639315 0.00646538)
(0.0259608 0.00511961 0.00599861)
(0.0249206 0.00437305 0.00616634)
(0.0242455 0.00696498 0.00648863)
(0.0241866 0.00710077 0.00671867)
(0.0236499 0.00747559 0.00551972)
(0.0241372 0.0066631 0.0068632)
(0.0226898 0.00739067 0.00498726)
(0.020509 0.00958772 0.00520768)
(0.0203062 0.00862037 0.00523242)
(0.0194524 0.00927347 0.00533281)
(0.0207856 0.00864864 0.0051614)
(0.0208347 0.00801241 0.00499467)
(0.0214523 0.00847466 0.00522705)
(0.0224876 0.00818489 0.0056794)
(0.0205479 0.00867891 0.00541528)
(0.0220782 0.00903892 0.00527972)
(0.0223133 0.00754751 0.00501145)
(0.0234788 0.00814496 0.00537996)
(0.0210441 0.00783993 0.00569452)
(0.0250047 0.00560675 0.00947493)
(0.0250862 0.00533951 0.0104506)
(0.0244275 0.00574839 0.00793184)
(0.0242607 0.00463226 0.0092433)
(0.0246029 0.00528262 0.0091143)
(0.0216572 0.00658837 0.0145691)
(0.0195935 0.00645582 0.0141389)
(0.018347 0.00722361 0.0142171)
(0.019184 0.00771625 0.0148419)
(0.0198947 0.00936314 0.0164536)
(0.0192929 0.00706188 0.0146119)
(0.0218954 0.0061131 0.0144186)
(0.00703539 0.00229609 0.00490974)
(0.00805302 0.0025197 0.00537217)
(0.00912989 0.00254432 0.00535994)
(0.00782985 0.00249582 0.00543577)
(0.00769988 0.00260617 0.00514295)
(0.00807633 0.00262941 0.00524385)
(0.00772945 0.00237113 0.00475376)
(0.00853884 0.00164785 0.00511053)
(0.00905482 0.00176858 0.00537717)
(0.00977767 0.00226262 0.00529033)
(0.0100622 0.00215627 0.00545105)
(0.00897387 0.0017244 0.00579709)
(0.00901385 0.00212233 0.00585121)
(0.00767402 0.00310174 0.00514954)
(0.00777821 0.00272977 0.00529374)
(0.00790037 0.00369362 0.00571511)
(0.0081599 0.00297868 0.00550547)
(0.00780732 0.00300967 0.00521853)
(0.00776222 0.00312679 0.00571971)
(0.00768835 0.0030334 0.00501999)
(0.00793289 0.00327111 0.00544017)
(0.00776964 0.00273212 0.00498899)
(0.00782025 0.00289763 0.0050809)
(0.00771986 0.00270313 0.00516545)
(0.00753461 0.00295679 0.00523169)
(0.00730906 0.00287293 0.00503773)
(0.00772446 0.00303328 0.00558224)
(0.00761702 0.00272033 0.00489116)
(0.00755709 0.00274449 0.00524105)
(0.00999988 0.00578069 0.00684153)
(0.00992274 0.0057461 0.00648014)
(0.00999814 0.00659078 0.00638123)
(0.0106306 0.00714668 0.00645657)
(0.00965572 0.00620829 0.00637407)
(0.0104974 0.00662637 0.00664666)
(0.00904283 0.00554044 0.00588962)
(0.00904778 0.00532692 0.00600612)
(0.00888696 0.00498559 0.00573451)
(0.00861541 0.00439004 0.00579)
(0.00852682 0.00476022 0.00600594)
(0.00964006 0.00525064 0.00654503)
(0.0138701 0.00939126 0.00519884)
(0.014869 0.00974531 0.00530335)
(0.0133632 0.00853427 0.00588892)
(0.0140728 0.00893019 0.00577352)
(0.0136241 0.00872842 0.00620493)
(0.0130301 0.00830128 0.00630567)
(0.0170609 0.0102803 0.00458397)
(0.0158437 0.00961366 0.00515489)
(0.0103987 0.00278176 0.0052632)
(0.0111116 0.00274401 0.00509113)
(0.0104542 0.00251742 0.00531775)
(0.0111176 0.00314739 0.0048773)
(0.01169 0.0036074 0.00474637)
(0.0116665 0.00320479 0.00501762)
(0.0229289 0.00595115 0.0105575)
(0.0215781 0.00622655 0.012265)
(0.024305 0.00617016 0.0127756)
(0.0233306 0.00608928 0.0098402)
(0.0212519 0.00652838 0.0123533)
(0.0253726 0.00743911 0.0121153)
(0.0239951 0.00604247 0.0116116)
(0.0270569 0.00740732 0.0121052)
(0.0246757 0.00659306 0.0094552)
(0.0240179 0.00643484 0.0123871)
(0.024289 0.00617259 0.00935576)
(0.0227736 0.00553885 0.0105419)
(0.0198801 0.00679985 0.0136225)
(0.0213981 0.00683583 0.0138061)
(0.0212155 0.0078059 0.0149181)
(0.0215767 0.0066251 0.0136592)
(0.0206958 0.00666922 0.0136038)
(0.0205474 0.00763025 0.0147372)
(0.016846 0.0111916 0.0130174)
(0.0173851 0.0113854 0.0139155)
(0.0165877 0.00990228 0.0132417)
(0.0159601 0.0116429 0.0121209)
(0.0189217 0.00955191 0.0148888)
(0.0180413 0.00970555 0.0143957)
(0.0186472 0.00828288 0.0141373)
(0.0187384 0.00850673 0.0142354)
(0.0189442 0.00959555 0.0144263)
(0.0176224 0.00835777 0.0137933)
(0.0191458 0.00719964 0.0143306)
(0.0190012 0.00895403 0.0147605)
(0.0188604 0.00814849 0.014271)
(0.0190749 0.0066989 0.0133552)
(0.0171452 0.00660661 0.0129404)
(0.0209759 0.0080356 0.0147495)
(0.0186656 0.00925879 0.00536829)
(0.0173264 0.00964052 0.00499044)
(0.0202411 0.00977787 0.00478079)
(0.0189601 0.00893888 0.00458572)
(0.0193064 0.00953148 0.00567508)
(0.0188782 0.0107073 0.00496176)
(0.0129191 0.0089539 0.00555552)
(0.014724 0.009634 0.00523086)
(0.0161276 0.00959719 0.00564505)
(0.0135567 0.00966591 0.00563088)
(0.0154581 0.0101595 0.00517346)
(0.014663 0.00921525 0.00597829)
(0.0125061 0.00886284 0.00575823)
(0.011195 0.00776121 0.00622463)
(0.0115772 0.00831315 0.00619506)
(0.0129723 0.00878729 0.00653629)
(0.0126351 0.00903596 0.00586862)
(0.0174056 0.00954587 0.00560527)
(0.0185938 0.0104773 0.00439754)
(0.017328 0.00995311 0.00572941)
(0.0195901 0.00911625 0.00554342)
(0.0197845 0.0105611 0.00471199)
(0.0168426 0.009991 0.00439622)
(0.0146005 0.00968898 0.00573557)
(0.0142598 0.00985905 0.00600567)
(0.0125487 0.00957368 0.00558997)
(0.013631 0.00992923 0.00583902)
(0.0151721 0.0106774 0.00529573)
(0.0194344 0.0106171 0.0157009)
(0.0195875 0.0124247 0.0145195)
(0.0224416 0.0122471 0.0169782)
(0.0195568 0.0114685 0.0103198)
(0.0186587 0.0103997 0.00858748)
(0.0187893 0.0119724 0.0103575)
(0.0176827 0.0115116 0.0086293)
(0.0177408 0.0109134 0.00833855)
(0.0189673 0.00973047 0.00876143)
(0.0195693 0.0105482 0.0088221)
(0.0180798 0.0101821 0.00690983)
(0.0196998 0.0126711 0.0124471)
(0.0193031 0.0132732 0.0133119)
(0.0201447 0.0122072 0.0139309)
(0.0190787 0.012454 0.0140531)
(0.0197867 0.0131219 0.012879)
(0.0193169 0.0113932 0.0140606)
(0.0204878 0.00820514 0.0170143)
(0.0197815 0.00641211 0.015312)
(0.0210631 0.00639146 0.0160608)
(0.0199774 0.00682602 0.0158116)
(0.0222916 0.00562269 0.0153505)
(0.0205551 0.00689651 0.0161806)
(0.0189414 0.00983843 0.0156821)
(0.0184502 0.00956249 0.0151541)
(0.0196105 0.00925235 0.0157412)
(0.0184095 0.00823238 0.0150051)
(0.0184822 0.008119 0.0154016)
(0.0199407 0.00704328 0.0148761)
(0.0195789 0.0113866 0.0147142)
(0.019894 0.0112688 0.0154253)
(0.0189628 0.00973837 0.0154292)
(0.0197765 0.00930851 0.015474)
(0.0204878 0.0110731 0.0149918)
(0.0180334 0.00997292 0.0143953)
(0.0162408 0.0105333 0.0123802)
(0.018575 0.0100748 0.0152928)
(0.0185467 0.0111673 0.0146061)
(0.0167866 0.0103748 0.012938)
(0.0176349 0.0101834 0.014411)
(0.0169147 0.0117342 0.0130537)
(0.0172424 0.0109506 0.0129688)
(0.0181865 0.0121831 0.0119449)
(0.0187279 0.0112338 0.0122413)
(0.0177418 0.0110163 0.0128635)
(0.0179749 0.0107163 0.0134019)
(0.0197573 0.0123288 0.0137169)
(0.0225734 0.00249618 0.0155999)
(0.0234854 0.00418337 0.0174808)
(0.0239806 0.00267631 0.016421)
(0.0226156 0.00264519 0.016293)
(0.0230414 0.00385091 0.0169378)
(0.0222791 0.00478632 0.0175913)
(0.0235389 0.00681953 0.00687052)
(0.02288 0.00769673 0.00520196)
(0.022339 0.00636919 0.00548391)
(0.0233342 0.00603119 0.005677)
(0.0208983 0.00714135 0.00471562)
(0.0224284 0.00696347 0.00538194)
(0.0233598 0.00833128 0.00571499)
(0.0229472 0.00731841 0.00547476)
(0.0235089 0.00620259 0.00667167)
(0.0237531 0.00673814 0.00639936)
(0.0226124 0.00775896 0.0053353)
(0.0190642 0.0104707 0.00452124)
(0.020965 0.008938 0.00509519)
(0.0193794 0.0106476 0.00482557)
(0.0200231 0.00963542 0.00418315)
(0.0201969 0.0102403 0.00479292)
(0.0200499 0.00978426 0.00482259)
(0.0215958 0.00891837 0.00460455)
(0.0216928 0.00971623 0.00506823)
(0.0229687 0.00836701 0.00427851)
(0.0215406 0.00846612 0.00477299)
(0.0214961 0.00806231 0.00400969)
(0.0237991 0.00759935 0.00464036)
(0.0234367 0.00775831 0.00471351)
(0.0218638 0.00889864 0.00483189)
(0.0249181 0.00305213 0.00758776)
(0.0262275 0.00327275 0.00794748)
(0.0253248 0.00250876 0.00898437)
(0.0247517 0.0018109 0.00962892)
(0.025835 0.00199634 0.00941887)
(0.0239651 0.00413153 0.0120802)
(0.0243546 0.00499804 0.0125163)
(0.0231738 0.00429535 0.0101477)
(0.0216814 0.004102 0.0116695)
(0.0225758 0.00417654 0.0123628)
(0.0238295 0.006309 0.00683069)
(0.0251343 0.00522193 0.00855323)
(0.0226108 0.00550248 0.00713486)
(0.0234032 0.00541721 0.0062969)
(0.0243517 0.00372533 0.00961588)
(0.0221917 0.00494803 0.00579955)
(0.0229732 0.00404838 0.0129384)
(0.0228567 0.00428398 0.0134966)
(0.0243077 0.00403958 0.0128852)
(0.0224374 0.00381199 0.0131551)
(0.0227806 0.00444501 0.0144939)
(0.0218259 0.00394682 0.0135912)
(0.0227711 0.00487402 0.0155036)
(0.021759 0.00375567 0.0144614)
(0.0235342 0.00371955 0.0143297)
(0.022573 0.00371987 0.0139376)
(0.022073 0.00529734 0.0159303)
(0.0214113 0.00519999 0.0158957)
(0.0227148 0.0054839 0.0174217)
(0.0234562 0.00219036 0.0141481)
(0.0221794 0.00244939 0.0149013)
(0.0213114 0.00334306 0.0152444)
(0.0226853 0.00214129 0.0137243)
(0.0214846 0.0033977 0.0148456)
(0.0222816 0.00678522 0.0177783)
(0.0211061 0.00694199 0.01751)
(0.0216714 0.00442366 0.0162991)
(0.0203828 0.00676862 0.0171804)
(0.0197268 0.00563895 0.0163904)
(0.0203417 0.0050533 0.0160932)
(0.0218597 0.00915586 0.00593035)
(0.0213795 0.00823956 0.00447323)
(0.0238097 0.00825549 0.004285)
(0.0242973 0.00842162 0.004683)
(0.0233226 0.00887621 0.00434903)
(0.0216776 0.00877783 0.0052928)
(0.0177344 0.0107057 0.00489191)
(0.0184071 0.009247 0.00547026)
(0.0195259 0.0103435 0.00390492)
(0.0195077 0.0105103 0.00505955)
(0.016703 0.00960098 0.00528229)
(0.0189219 0.0101705 0.00366918)
(0.0157888 0.0093697 0.00528487)
(0.0148064 0.0092447 0.00599493)
(0.0146014 0.00918793 0.00637571)
(0.015172 0.00913945 0.00587453)
(0.00980717 0.00616038 0.00733604)
(0.01021 0.00579134 0.00760864)
(0.011638 0.00740062 0.00738619)
(0.0113856 0.00746674 0.00706049)
(0.0117661 0.00758196 0.00812938)
(0.0109141 0.00659766 0.0076399)
(0.0131333 0.00837795 0.00670561)
(0.0131328 0.00882599 0.00656955)
(0.0150588 0.00918035 0.0058552)
(0.0159821 0.00966361 0.00619134)
(0.0152306 0.00888149 0.00718545)
(0.0148136 0.00866273 0.00682979)
(0.0119554 0.00786567 0.00645639)
(0.013865 0.00888665 0.00659871)
(0.0142208 0.00950387 0.0061741)
(0.0132278 0.00813783 0.00742371)
(0.0132185 0.00894646 0.00637691)
(0.0124928 0.00757001 0.00716777)
(0.00784369 0.00288301 0.00622972)
(0.00758639 0.0032734 0.00633695)
(0.0077804 0.0039426 0.00641152)
(0.0081189 0.00362034 0.00674993)
(0.00811945 0.00385764 0.00647858)
(0.00824173 0.00340027 0.00651822)
(0.00815884 0.00260026 0.00693567)
(0.00833795 0.00336569 0.00698041)
(0.00823584 0.00369834 0.0069502)
(0.00806427 0.00337198 0.00690463)
(0.00804913 0.00274827 0.00668491)
(0.00765046 0.00286509 0.00655377)
(0.00768362 0.00133389 0.0058895)
(0.00760809 0.00180872 0.00618651)
(0.00742153 0.00192557 0.00603702)
(0.00746689 0.00223743 0.00640844)
(0.00753147 0.00162223 0.00600746)
(0.00747239 0.00164365 0.00601211)
(0.00775219 0.00118265 0.00601849)
(0.0078079 0.00141407 0.00603312)
(0.00819488 0.0010897 0.00559191)
(0.00762803 0.00102987 0.00594484)
(0.0080159 0.00121667 0.00610887)
(0.00802239 0.00131888 0.00573927)
(0.00844986 0.00474579 0.00648089)
(0.0084429 0.00475457 0.00630781)
(0.00876607 0.00540847 0.00672427)
(0.00852247 0.00440372 0.00656689)
(0.00888242 0.00524343 0.00644389)
(0.00871102 0.00580248 0.00654261)
(0.00754382 0.00265534 0.00580711)
(0.00763434 0.00255077 0.00561139)
(0.00729858 0.0024582 0.00568937)
(0.00770627 0.00263568 0.00603935)
(0.00739231 0.00294143 0.00607594)
(0.00818059 0.00177599 0.00580233)
(0.00794361 0.00182627 0.00571039)
(0.00850851 0.0018707 0.00589545)
(0.00817218 0.0017218 0.0058039)
(0.00833332 0.00188438 0.00574739)
(0.00823311 0.0017952 0.00543195)
(0.00766417 0.00227431 0.00586823)
(0.0078844 0.00241786 0.00590715)
(0.00749771 0.00226737 0.00565591)
(0.00823697 0.00238823 0.00632237)
(0.00736101 0.00228629 0.00569183)
(0.00751875 0.00273815 0.00599938)
(0.00770193 0.00249773 0.00597867)
(0.00750524 0.00275135 0.00586187)
(0.00740314 0.00312843 0.00595647)
(0.00759697 0.00315609 0.00606369)
(0.00766981 0.00297377 0.00616454)
(0.00996113 0.00709862 0.00676855)
(0.00879107 0.00589998 0.00645738)
(0.0100695 0.00707372 0.0072366)
(0.00906154 0.00528604 0.00683582)
(0.00987968 0.00683495 0.00682142)
(0.00893139 0.00572158 0.00672231)
(0.0154519 0.00913381 0.00637356)
(0.0136916 0.00834401 0.00488672)
(0.0145452 0.0096397 0.00609588)
(0.0151882 0.00898295 0.00618849)
(0.0149616 0.00992174 0.00623359)
(0.0139704 0.0087646 0.00482783)
(0.0167487 0.0113372 0.00979761)
(0.0179157 0.0122591 0.0111403)
(0.0177696 0.0115317 0.0112642)
(0.0166372 0.0117064 0.0113536)
(0.0162254 0.0120695 0.00951029)
(0.0157529 0.011739 0.0105625)
(0.0175491 0.0108261 0.00798897)
(0.0188904 0.0127452 0.0103972)
(0.018955 0.0123357 0.00965325)
(0.0178957 0.0121762 0.0100278)
(0.0169737 0.0111999 0.00783405)
(0.0175989 0.0115057 0.00860301)
(0.013304 0.00486371 0.00491013)
(0.0135667 0.00581199 0.00489444)
(0.013132 0.00517712 0.00479181)
(0.0125528 0.00426867 0.00474234)
(0.0143552 0.00602963 0.00483606)
(0.0124642 0.00452077 0.00446658)
(0.0129342 0.00273665 0.00539518)
(0.0118252 0.00224686 0.00510432)
(0.0116808 0.00223949 0.00504106)
(0.0135406 0.00329572 0.00493713)
(0.0130951 0.00317538 0.00492965)
(0.0116216 0.00196518 0.00552871)
(0.0157657 0.0051454 0.00568411)
(0.0154432 0.00436538 0.00564371)
(0.0163602 0.00604529 0.00563018)
(0.015162 0.00476563 0.00539176)
(0.0170776 0.00678268 0.0057035)
(0.0166144 0.00668821 0.00531478)
(0.014949 0.00581994 0.00573815)
(0.0161011 0.00713203 0.0057925)
(0.0163513 0.00833891 0.00534331)
(0.0158055 0.00730959 0.0053364)
(0.0156247 0.00581083 0.00572287)
(0.0153681 0.00635144 0.00526)
(0.0175137 0.00982381 0.00701264)
(0.0172327 0.0105799 0.00716175)
(0.0167946 0.00901454 0.00671664)
(0.0167242 0.0104143 0.0069779)
(0.0162013 0.0083394 0.00579798)
(0.0166304 0.00920588 0.0058353)
(0.0153043 0.0116715 0.00879685)
(0.0163488 0.0115943 0.00986004)
(0.0165511 0.0112611 0.00914102)
(0.0165295 0.0118191 0.00874454)
(0.0155579 0.010918 0.00782789)
(0.0166999 0.0113337 0.00837174)
(0.0163046 0.010061 0.00697026)
(0.01701 0.0109616 0.00839905)
(0.0161174 0.0110189 0.00740053)
(0.0165124 0.0103331 0.007284)
(0.0164977 0.00938046 0.00691572)
(0.00817256 0.00385494 0.00706261)
(0.00858976 0.00349407 0.00755881)
(0.00896388 0.00466238 0.00742424)
(0.00851979 0.0035336 0.00725289)
(0.00865698 0.00400814 0.00725008)
(0.00925941 0.0043797 0.00766115)
(0.0249118 0.001704 0.0117336)
(0.0228974 0.00198619 0.0121032)
(0.023536 0.00173226 0.00893439)
(0.0241668 0.00148619 0.0119824)
(0.0246887 0.00220344 0.0113829)
(0.0239696 0.00622802 0.0046827)
(0.0247671 0.00625208 0.00516279)
(0.0238252 0.00443591 0.00626542)
(0.0250403 0.00516327 0.0062694)
(0.0243003 0.00513111 0.00625876)
(0.021468 0.00730439 0.0168298)
(0.0217439 0.00980633 0.0172789)
(0.0206613 0.00938327 0.0168299)
(0.0189544 0.0079238 0.0157163)
(0.0197458 0.0091694 0.016488)
(0.0202747 0.00806782 0.0168507)
(0.00802381 0.0022866 0.00503399)
(0.00823948 0.00229664 0.00516961)
(0.00791271 0.00223623 0.00513106)
(0.00851871 0.00238012 0.00517812)
(0.00822182 0.00212585 0.0048796)
(0.0080859 0.00207799 0.00476935)
(0.0113417 0.00392868 0.00476946)
(0.0116585 0.00446538 0.00498285)
(0.0121751 0.00434667 0.00495239)
(0.0115799 0.00386762 0.0047187)
(0.0245242 0.00790081 0.0077451)
(0.0235331 0.00845384 0.00617903)
(0.0242894 0.00904386 0.00602367)
(0.0251278 0.00763486 0.00813466)
(0.0249281 0.00824636 0.00693485)
(0.0242342 0.00862789 0.00600946)
(0.0121364 0.00861837 0.00672175)
(0.012662 0.00923412 0.0067295)
(0.0123002 0.00902974 0.00594895)
(0.0111016 0.00860803 0.00642161)
(0.0111327 0.00824662 0.00662419)
(0.0124939 0.00928484 0.00593712)
(0.0106479 0.00789795 0.007127)
(0.00946856 0.00646627 0.00669178)
(0.0101304 0.00724741 0.00645679)
(0.00936677 0.00688948 0.00667724)
(0.0103677 0.00826242 0.00653928)
(0.0101779 0.00704489 0.00649785)
(0.0108513 0.00788068 0.0063149)
(0.0101765 0.00704624 0.0064834)
(0.0109315 0.00754725 0.00663857)
(0.0109217 0.00757292 0.00642815)
(0.00879747 0.00454976 0.00682117)
(0.00788931 0.00363734 0.00603587)
(0.00793974 0.00410774 0.00594261)
(0.00784689 0.0041895 0.0063607)
(0.00821321 0.0046764 0.00631384)
(0.00828019 0.00460261 0.00624521)
(0.00799452 0.00408107 0.00586478)
(0.00824462 0.00361687 0.00611148)
(0.00771394 0.00380824 0.00568154)
(0.00757696 0.00307618 0.00552462)
(0.00787056 0.0034951 0.00561753)
(0.00891264 0.00459825 0.0064768)
(0.0103901 0.00678286 0.0066734)
(0.01094 0.00755583 0.00661751)
(0.0123307 0.00888348 0.00636812)
(0.0113374 0.00791381 0.00640142)
(0.0141711 0.0093697 0.00642414)
(0.0140603 0.00955824 0.00541238)
(0.0154474 0.0101021 0.00540372)
(0.0226409 0.00934214 0.00498639)
(0.0205798 0.00917585 0.00548683)
(0.0241315 0.00885569 0.00578516)
(0.0217048 0.00880831 0.00473278)
(0.0174223 0.0100411 0.0052998)
(0.0197453 0.00984456 0.00503229)
(0.0188713 0.010704 0.00412702)
(0.018956 0.0102935 0.00496595)
(0.0100638 0.00345698 0.00468357)
(0.0199548 0.00770275 0.016492)
(0.0228717 0.00413235 0.00777506)
(0.0250336 0.00344052 0.00765179)
(0.0247236 0.0034955 0.0116214)
(0.024452 0.00335534 0.00955332)
(0.0235713 0.00318046 0.0124252)
(0.0251668 0.00329909 0.0123323)
(0.0241653 0.00323602 0.0137095)
(0.0250414 0.00343217 0.0140044)
(0.016767 0.0103963 0.00748373)
(0.0162192 0.0104754 0.00761927)
(0.0153003 0.0113639 0.00799162)
(0.0168904 0.0117863 0.00868399)
(0.0172367 0.0121412 0.00924395)
(0.0158686 0.0109055 0.00739251)
(0.0179247 0.0112515 0.00813283)
(0.01842 0.0124209 0.00902585)
(0.0174639 0.00918199 0.00660819)
(0.0180399 0.00962041 0.00678952)
(0.0177788 0.00781931 0.00694525)
(0.0145725 0.00513427 0.00523061)
(0.0153784 0.00653692 0.00557131)
(0.0153015 0.00745696 0.00483461)
(0.0140193 0.00522274 0.00488024)
(0.0166725 0.00758931 0.00535236)
(0.0164505 0.00704112 0.00540892)
(0.0147236 0.00517319 0.00490662)
(0.014472 0.00454187 0.00520721)
(0.0153084 0.00542591 0.00569832)
(0.0137848 0.00383792 0.00507633)
(0.0161984 0.00666815 0.00571331)
(0.0172702 0.00766305 0.00683522)
(0.018069 0.0073994 0.00681609)
(0.0157718 0.00502047 0.00580288)
(0.0155771 0.00570945 0.00542463)
(0.0115452 0.0017449 0.0054326)
(0.0123789 0.002244 0.00532075)
(0.0143573 0.00377819 0.00485562)
(0.0144012 0.00394765 0.00527183)
(0.0146055 0.00430307 0.00495603)
(0.014177 0.00379675 0.00528684)
(0.0123099 0.00224972 0.00570891)
(0.0127589 0.00279392 0.00539291)
(0.0124871 0.00384841 0.00487707)
(0.0140742 0.00587378 0.00485498)
(0.0134738 0.00458338 0.00513812)
(0.012214 0.00411083 0.00467217)
(0.0122535 0.00438466 0.00465507)
(0.018074 0.0118767 0.00911327)
(0.0180688 0.0111709 0.00844308)
(0.0177229 0.0113875 0.00953782)
(0.0197133 0.0124363 0.011816)
(0.0172982 0.0118288 0.012483)
(0.0166494 0.0122218 0.0114108)
(0.017007 0.0115951 0.0107889)
(0.0177512 0.0115123 0.0123605)
(0.0172974 0.0120506 0.0106121)
(0.0157802 0.0114794 0.0107983)
(0.0165338 0.0114866 0.0120197)
(0.0175314 0.0115645 0.0123638)
(0.0167637 0.0118618 0.0105907)
(0.0165617 0.0119556 0.00956085)
(0.017089 0.012049 0.0114435)
(0.0160487 0.0114883 0.0111932)
(0.0151053 0.0120329 0.00918406)
(0.0152393 0.0112461 0.00829979)
(0.0155202 0.0117912 0.00886789)
(0.0157198 0.0115152 0.00947991)
(0.0151215 0.012188 0.00977067)
(0.01533 0.0114793 0.00987347)
(0.0174128 0.0100528 0.00722539)
(0.0148342 0.00680151 0.00535433)
(0.0161576 0.00853691 0.00559999)
(0.0152586 0.00796459 0.00566996)
(0.0174813 0.0106321 0.00756817)
(0.0162273 0.00958879 0.00627392)
(0.0157755 0.00781976 0.00577821)
(0.0146368 0.00665449 0.0045743)
(0.0133017 0.00514442 0.00482971)
(0.013534 0.00565208 0.00478438)
(0.0146047 0.00669659 0.00512309)
(0.0159201 0.00888491 0.00597766)
(0.0144642 0.00697299 0.00491034)
(0.0145088 0.00737943 0.00470794)
(0.0142176 0.00668528 0.00507318)
(0.0156293 0.00875617 0.00591709)
(0.0160701 0.00822151 0.00610176)
(0.0157324 0.0092316 0.00607909)
(0.0150461 0.00831464 0.00550728)
(0.0152235 0.00935408 0.00601289)
(0.0153888 0.00984818 0.00594948)
(0.0146914 0.00744788 0.00550549)
(0.0154914 0.00820106 0.00621773)
(0.0149704 0.00932336 0.00657986)
(0.0151358 0.0108032 0.00751987)
(0.0155378 0.0102321 0.00738333)
(0.0157198 0.0109182 0.00773355)
(0.0149552 0.00887547 0.0060701)
(0.0152274 0.00827375 0.00592837)
(0.0155614 0.00992051 0.00687414)
(0.0152863 0.0104703 0.00675588)
(0.0150783 0.0105115 0.00751723)
(0.0140463 0.00997765 0.0063514)
(0.014934 0.011727 0.00788566)
(0.0110678 0.00797802 0.00705598)
(0.010552 0.00742637 0.00679917)
(0.00760328 0.00299315 0.00587983)
(0.00780752 0.00374825 0.00636267)
(0.00803393 0.00403286 0.00626746)
(0.00792836 0.00337521 0.00584366)
(0.00772126 0.00325669 0.00579481)
(0.00767924 0.00298634 0.00604523)
(0.00849306 0.00456651 0.00657036)
(0.00852295 0.00518931 0.0065996)
(0.00772663 0.0039364 0.00603276)
(0.00744549 0.00385795 0.00598589)
(0.00918438 0.00604162 0.00669493)
(0.00866029 0.00521244 0.00645673)
(0.00788044 0.00161043 0.00581818)
(0.00760327 0.00229039 0.00557497)
(0.00738504 0.00253539 0.00570124)
(0.00747282 0.00240624 0.00545356)
(0.00731223 0.00271787 0.00573679)
(0.00763212 0.0024629 0.0055108)
(0.0073447 0.00232711 0.00514491)
(0.00733639 0.00268445 0.00566713)
(0.00756532 0.00224563 0.00533797)
(0.00751954 0.00284297 0.00570406)
(0.00733249 0.00245778 0.00521173)
(0.00766882 0.00233145 0.0054828)
(0.00741968 0.00227763 0.00531367)
(0.00762412 0.00237943 0.00543203)
(0.00766537 0.00238038 0.00535104)
(0.00796993 0.00244448 0.00590313)
(0.00787367 0.00210177 0.00524885)
(0.00722434 0.00229111 0.00543678)
(0.00788653 0.00217988 0.00512863)
(0.00810767 0.00210229 0.00528227)
(0.00804171 0.00204594 0.00545761)
(0.00771307 0.00205695 0.00529205)
(0.00808477 0.00193908 0.00516332)
(0.00974103 0.00651924 0.00678262)
(0.0104733 0.00742745 0.00691109)
(0.00962071 0.00663725 0.0064694)
(0.00964548 0.00620938 0.00682081)
(0.0097305 0.00702172 0.0065408)
(0.00972722 0.00620295 0.00671166)
(0.00920077 0.0050648 0.00728969)
(0.0075047 0.00122481 0.00577656)
(0.00974968 0.00565682 0.00770329)
(0.0112221 0.00712829 0.00672682)
(0.0105538 0.00658609 0.00671976)
(0.0128228 0.00845095 0.00696169)
(0.0127883 0.00846396 0.00664247)
(0.0111313 0.00789871 0.00653959)
(0.0117552 0.00866383 0.00643827)
(0.0117068 0.0080093 0.006607)
(0.009409 0.00507681 0.00714001)
(0.00960752 0.00572539 0.00691314)
(0.0114595 0.00819797 0.00707378)
(0.0114997 0.0082204 0.00668664)
(0.010708 0.00746056 0.00682095)
(0.00961369 0.00629431 0.00665561)
(0.0095619 0.00580056 0.00703579)
(0.00791514 0.00142103 0.00593848)
(0.00815826 0.00121391 0.00567938)
(0.00778 0.00133718 0.0055286)
(0.00748016 0.00160218 0.00578813)
(0.00741734 0.00162997 0.00585667)
(0.0075691 0.00155201 0.00594698)
(0.00800832 0.0017704 0.00616162)
(0.0074738 0.00160476 0.00568729)
(0.00816584 0.00142649 0.00591593)
(0.00864614 0.00404207 0.00680682)
(0.00880604 0.00429 0.00700233)
(0.00858798 0.00475331 0.00705875)
(0.00889548 0.00435043 0.00742224)
(0.00835119 0.00384099 0.00689717)
(0.00793533 0.0029705 0.00676611)
(0.00754053 0.00243037 0.00663681)
(0.00783623 0.00377395 0.0066112)
(0.00777849 0.00169218 0.00587994)
(0.00764788 0.00216839 0.00607587)
(0.00805677 0.00183048 0.00602942)
(0.00765214 0.00190331 0.0059594)
(0.00771899 0.00203585 0.00600998)
(0.00833584 0.00353417 0.00699993)
(0.00893714 0.00438354 0.00694007)
(0.00853853 0.00490079 0.00648878)
(0.008874 0.00510855 0.00685891)
(0.00873914 0.00451473 0.00694853)
(0.00769247 0.002583 0.00623857)
(0.00788544 0.00239413 0.00631765)
(0.00767769 0.00305882 0.00627931)
(0.00770421 0.00248904 0.00598585)
(0.017882 0.0101356 0.00521818)
(0.0134107 0.00827467 0.00781759)
(0.0110767 0.00740703 0.00693671)
(0.0113486 0.00669229 0.00757735)
(0.0131022 0.00781494 0.00768529)
(0.0153513 0.00901844 0.00670053)
(0.0125626 0.00887778 0.0060154)
(0.0160158 0.0100205 0.00620762)
(0.0196341 0.0110869 0.0161439)
(0.0202416 0.00820267 0.0166794)
(0.0188311 0.00994853 0.0149035)
(0.0208123 0.00908767 0.0162299)
(0.0216916 0.0101193 0.0177365)
(0.0213043 0.00965888 0.0178451)
(0.00808252 0.00108358 0.00575633)
(0.00787871 0.000953322 0.00587812)
(0.0158778 0.00998792 0.00548546)
(0.0158378 0.00964626 0.00557483)
(0.0149409 0.00970324 0.00505986)
(0.0165362 0.0106098 0.00486486)
(0.0132348 0.00921628 0.00582003)
(0.0135402 0.00947656 0.00675668)
(0.0133757 0.0094855 0.00575482)
(0.0153874 0.00939471 0.00585523)
(0.0178984 0.00931011 0.0049428)
(0.0179814 0.00953357 0.00627435)
(0.0179825 0.00927592 0.0055884)
(0.0205121 0.0107281 0.00418826)
(0.0190679 0.00929578 0.00477722)
(0.0163754 0.0105164 0.00487941)
(0.0181314 0.00991524 0.00414878)
(0.0230811 0.00247465 0.0129191)
(0.0238364 0.00235211 0.0133299)
(0.0196836 0.00606631 0.0159187)
(0.0237737 0.00376694 0.0133962)
(0.0233153 0.00424289 0.00793276)
(0.0235779 0.00376462 0.00848225)
(0.0222362 0.00480774 0.0135687)
(0.0216078 0.00384745 0.0124492)
(0.0253445 0.00521963 0.00658426)
(0.0251012 0.00185006 0.0114386)
(0.0254149 0.00698988 0.00554799)
(0.0242015 0.00624203 0.00594867)
(0.0201091 0.00944957 0.00505146)
(0.0212164 0.0101398 0.00449422)
(0.0244412 0.00679141 0.00527561)
(0.0184629 0.0108184 0.00475087)
(0.0166511 0.0102768 0.00509225)
(0.017128 0.0104182 0.00558818)
(0.0171813 0.0103731 0.00466154)
(0.0183344 0.0107226 0.00499745)
(0.0245152 0.00556788 0.00675485)
(0.0236509 0.00577213 0.00650065)
(0.0247129 0.00609603 0.0064836)
(0.0242768 0.0056802 0.00664725)
(0.0238254 0.00447534 0.00821165)
(0.021418 0.00841361 0.00487748)
(0.0224464 0.00668225 0.00553489)
(0.0231962 0.0066274 0.00659577)
(0.0229742 0.00724991 0.00622909)
(0.0234897 0.00792091 0.00650885)
(0.0214195 0.0085462 0.00462094)
(0.0221963 0.00923611 0.00599253)
(0.0206388 0.00974971 0.00503366)
(0.0225471 0.00682622 0.0187123)
(0.0216886 0.00364496 0.01646)
(0.0203925 0.00485658 0.0164727)
(0.023673 0.00184307 0.0154164)
(0.0172005 0.00998102 0.0140385)
(0.0185471 0.0115701 0.0134074)
(0.0186742 0.00815951 0.0153609)
(0.0179363 0.00959622 0.0145149)
(0.0192698 0.0123013 0.013921)
(0.0186627 0.0103929 0.0148308)
(0.0195861 0.00765311 0.0158209)
(0.0191485 0.00893878 0.0157556)
(0.018557 0.00837396 0.0153916)
(0.0203701 0.00970944 0.0164398)
(0.0193335 0.00936089 0.0153137)
(0.0213964 0.00565529 0.0151959)
(0.020184 0.00639239 0.0155107)
(0.0218726 0.00527621 0.014709)
(0.0189662 0.00592331 0.0148627)
(0.0190408 0.00606269 0.0150537)
(0.0211155 0.00751092 0.0163846)
(0.021637 0.00434575 0.0145164)
(0.0202798 0.0058995 0.015299)
(0.0182655 0.00881118 0.0155726)
(0.0189645 0.00764625 0.0149647)
(0.0173228 0.00815294 0.0143701)
(0.0196242 0.00823971 0.016508)
(0.0191382 0.0133575 0.0114398)
(0.0211785 0.0111286 0.0163977)
(0.0179457 0.00808209 0.00714563)
(0.0172886 0.0118108 0.0109495)
(0.018574 0.0124684 0.0106677)
(0.0176668 0.0119737 0.00959983)
(0.0192411 0.0119478 0.0117291)
(0.0184256 0.0123835 0.0120152)
(0.0198019 0.0122093 0.0135728)
(0.0205648 0.0136635 0.012061)
(0.0182642 0.0126362 0.00981601)
(0.0180574 0.0105744 0.00796965)
(0.0165008 0.00978858 0.0062522)
(0.0171627 0.00999556 0.00658789)
(0.0176568 0.00945565 0.00743006)
(0.0165712 0.00853745 0.00641249)
(0.018029 0.011199 0.00859885)
(0.0185957 0.0120211 0.00979428)
(0.0190184 0.0120419 0.00869397)
(0.0178776 0.0123654 0.00862639)
(0.0185482 0.0129407 0.0116983)
(0.0207471 0.0128687 0.0138626)
(0.0203412 0.0127174 0.0112775)
(0.0185432 0.0127855 0.0111436)
(0.0194748 0.0123694 0.0113173)
(0.018822 0.0123985 0.0120173)
(0.0145115 0.00835669 0.00537995)
(0.0132781 0.00700878 0.00473685)
(0.0123131 0.00554079 0.00429543)
(0.0126518 0.00568027 0.0045754)
(0.0128639 0.00602293 0.00484155)
(0.0136933 0.00687206 0.00538536)
(0.0118417 0.0045348 0.00473086)
(0.0121607 0.00508036 0.00477702)
(0.0107286 0.00413238 0.00423066)
(0.0113276 0.0044042 0.0041551)
(0.0119761 0.00528815 0.00450718)
(0.0118364 0.00480635 0.00461247)
(0.0119112 0.00840422 0.00674692)
(0.0154151 0.0101307 0.0052527)
(0.014879 0.0102622 0.00508471)
(0.0167334 0.00941432 0.00575869)
(0.0179334 0.010562 0.0045759)
(0.0160121 0.010314 0.00523354)
(0.014982 0.00941626 0.00525219)
(0.0128219 0.00916866 0.00620254)
(0.0123365 0.00872996 0.0062099)
(0.0132428 0.0089136 0.00630479)
(0.0121995 0.00811293 0.00672184)
(0.0141919 0.00929582 0.00552423)
(0.0141118 0.00904474 0.00635051)
(0.013505 0.00918822 0.00584654)
(0.0149661 0.0100754 0.0058088)
(0.0150099 0.00989212 0.00550343)
(0.0159305 0.0100459 0.00665505)
(0.0131971 0.00920458 0.00534956)
(0.0136529 0.00937353 0.00679776)
(0.024161 0.008179 0.00682014)
(0.0231381 0.0081073 0.0060535)
(0.022978 0.00922447 0.00504146)
(0.0160292 0.0116235 0.0120543)
(0.0163606 0.01251 0.0111792)
(0.0167946 0.0110935 0.0122935)
(0.0151917 0.0104753 0.0121647)
(0.0154939 0.0113599 0.0114401)
(0.0150182 0.0112165 0.0109293)
(0.0159262 0.0115975 0.0131209)
(0.0164344 0.0108695 0.0127344)
(0.017559 0.0121466 0.013358)
(0.0170697 0.0101102 0.0137343)
(0.0144825 0.011265 0.00777045)
(0.0168909 0.0119294 0.0116783)
(0.0161632 0.0120999 0.0108897)
(0.0157058 0.0116912 0.00978512)
(0.0164952 0.0117214 0.00983787)
(0.0156996 0.0117275 0.0114972)
(0.0213425 0.00731351 0.0146136)
(0.0201259 0.00823763 0.015209)
(0.0227042 0.0062259 0.0134036)
(0.0180873 0.00867569 0.014335)
(0.0181204 0.00836385 0.0139306)
(0.019799 0.00787465 0.0140508)
(0.019388 0.00833951 0.0144212)
(0.0255041 0.00745221 0.00960494)
(0.0233832 0.00630579 0.00851718)
(0.0254859 0.00630581 0.010465)
(0.0245647 0.00704273 0.0129586)
(0.0131676 0.00335936 0.00523662)
(0.0122106 0.00260228 0.00549177)
(0.010875 0.00182792 0.00500245)
(0.0112932 0.00163458 0.00578636)
(0.00844609 0.000970508 0.00566179)
(0.00765118 0.000942365 0.00527781)
(0.00820136 0.00111891 0.00578332)
(0.00808436 0.000863121 0.00524307)
(0.00891101 0.000937329 0.0057431)
(0.00921056 0.00101095 0.0055224)
(0.00852408 0.000961319 0.0058103)
(0.0092084 0.00104119 0.00529405)
(0.0100545 0.00122765 0.00522384)
(0.0106875 0.00129993 0.00536809)
(0.00900778 0.00100126 0.00561215)
(0.0103536 0.00139452 0.00552624)
(0.00940019 0.00120682 0.00543674)
(0.0112985 0.00158225 0.00518759)
(0.0125995 0.00477593 0.00474573)
(0.0124208 0.00480158 0.00462023)
(0.0142298 0.00605971 0.00530858)
(0.013225 0.00528604 0.00474623)
(0.0117947 0.00408524 0.00473638)
(0.0119475 0.0039993 0.00470738)
(0.0112951 0.00355965 0.00476359)
(0.0125162 0.00373382 0.00494163)
(0.0128289 0.0041047 0.00501095)
(0.0125145 0.0035437 0.0052724)
(0.0122485 0.00373516 0.00519099)
(0.0110852 0.00339815 0.00457205)
(0.0105252 0.00309649 0.00462019)
(0.0156557 0.00942091 0.006013)
(0.0108246 0.00727076 0.00645029)
(0.00980902 0.00662528 0.0064492)
(0.0129056 0.00845941 0.00628022)
(0.0119051 0.0077388 0.00641976)
(0.0114052 0.00808147 0.00651211)
(0.0124869 0.00867479 0.00611198)
(0.0119554 0.00813863 0.00621236)
(0.0137949 0.0095089 0.00621052)
(0.0117006 0.0079748 0.00600972)
(0.00957286 0.00318474 0.00454048)
(0.00900289 0.00276472 0.00443078)
(0.00934804 0.00300506 0.00441423)
(0.00830102 0.00247869 0.00456381)
(0.00927873 0.00270056 0.0044555)
(0.00834063 0.0024876 0.00488369)
(0.00833495 0.00256703 0.00505712)
(0.00930965 0.0054846 0.00633761)
(0.00906498 0.00471733 0.00640741)
(0.00745573 0.00258087 0.00475071)
(0.00771053 0.0032425 0.00514013)
(0.00775803 0.00321816 0.00564979)
(0.00805338 0.00352238 0.00580494)
(0.00824216 0.00405781 0.00613108)
(0.00913462 0.00490825 0.00622325)
(0.00860368 0.00443789 0.00634106)
(0.00846809 0.00438817 0.00614001)
(0.00839414 0.00451512 0.00609943)
(0.00892802 0.0053109 0.00634342)
(0.00927276 0.00517602 0.00668434)
(0.00842364 0.00209539 0.0052527)
(0.00927663 0.00228682 0.00527097)
(0.00955093 0.00242779 0.00504071)
(0.0098796 0.00254222 0.00531811)
(0.00992681 0.00266258 0.00502982)
(0.00919511 0.00222487 0.00539785)
(0.00918448 0.00236785 0.00498828)
(0.0116256 0.00302773 0.00468515)
(0.0116364 0.00284187 0.0051214)
(0.010926 0.00242276 0.00527601)
(0.0109994 0.00234458 0.00531086)
(0.0116344 0.00250991 0.00516331)
(0.0113563 0.00222249 0.00534388)
(0.0114271 0.00296926 0.00489492)
(0.0111781 0.00278927 0.00502996)
(0.00828286 0.00100781 0.00554643)
(0.00840103 0.00111125 0.0056396)
(0.0096758 0.00109531 0.00586744)
(0.00877046 0.00124371 0.00615361)
(0.00811616 0.00158249 0.00570021)
(0.00882811 0.00150756 0.00606877)
(0.008268 0.00164823 0.00556196)
(0.010634 0.00162239 0.00566242)
(0.010879 0.00186916 0.0055049)
(0.00905263 0.0015255 0.00589551)
(0.00991609 0.00138849 0.00553826)
(0.00897654 0.00163196 0.00560699)
(0.00815428 0.00155709 0.00541638)
(0.0097607 0.00176228 0.00535436)
(0.00990356 0.00192689 0.0053001)
(0.00917615 0.00213968 0.00534395)
(0.00915538 0.00215572 0.00550702)
(0.00801286 0.00193137 0.00525302)
(0.0115989 0.00278028 0.00543687)
(0.00946014 0.00225053 0.00485118)
(0.0100999 0.00222004 0.0051829)
(0.0107962 0.00251419 0.00517651)
(0.0103129 0.00237029 0.00508255)
(0.00773767 0.00265065 0.00515573)
(0.00759105 0.00230759 0.00521879)
(0.00822946 0.00234098 0.00555098)
(0.00806424 0.00250955 0.00496867)
(0.00815225 0.00251386 0.00516689)
(0.00805229 0.00251391 0.00472072)
(0.00778854 0.00356222 0.00589388)
(0.00763314 0.00297916 0.00562201)
(0.00754605 0.00283128 0.00546434)
(0.00758603 0.0028613 0.0056099)
(0.00766255 0.00272193 0.00536231)
(0.00768775 0.0030418 0.00559328)
(0.00760454 0.00249011 0.00541135)
(0.00770804 0.00253771 0.00532551)
(0.00766103 0.00253636 0.00550047)
(0.00791362 0.0023425 0.00534629)
(0.00766275 0.00272034 0.005327)
(0.00742328 0.00309875 0.00564854)
(0.00763882 0.00300923 0.00563308)
(0.00778961 0.002631 0.0056007)
(0.00741252 0.00270832 0.00546291)
(0.0170892 0.0117433 0.0142995)
(0.0165975 0.0110174 0.0126474)
(0.0174782 0.0120594 0.0133412)
(0.0169533 0.0112101 0.0133605)
(0.0176982 0.00750788 0.0142755)
(0.0180815 0.00859223 0.0153833)
(0.0166362 0.0106965 0.0132242)
(0.0173595 0.0102584 0.0149637)
(0.0197578 0.0088638 0.0154435)
(0.0173908 0.00905833 0.014131)
(0.0170482 0.00961908 0.0141892)
(0.0173701 0.0106151 0.0133676)
(0.0178348 0.00952626 0.0142043)
(0.0166077 0.00903156 0.0138112)
(0.0183875 0.00879056 0.0155601)
(0.0187785 0.0104869 0.0147883)
(0.0168881 0.0103409 0.0141662)
(0.0184393 0.00710009 0.014012)
(0.0183794 0.00660908 0.0135714)
(0.0214223 0.00513082 0.0141727)
(0.0228303 0.00492823 0.0132757)
(0.0223044 0.00496658 0.0132962)
(0.0202322 0.0063812 0.0148925)
(0.0193136 0.00576095 0.0135055)
(0.0210444 0.00559815 0.0141108)
(0.0221664 0.00569597 0.0139635)
(0.0230524 0.00516292 0.00674636)
(0.0236248 0.00448456 0.00863109)
(0.0254638 0.00550477 0.00874831)
(0.0255305 0.00686495 0.0077113)
(0.0241694 0.00514648 0.0124222)
(0.0244388 0.00438573 0.0110131)
(0.0231556 0.00588893 0.0134748)
(0.0237634 0.00505229 0.0123843)
(0.0214249 0.00567844 0.0136484)
(0.0231101 0.00538838 0.0134862)
(0.0240954 0.00578939 0.00803305)
(0.0251883 0.0061987 0.0100784)
(0.0233353 0.00556344 0.0110444)
(0.0250006 0.00562761 0.0103748)
(0.0220844 0.00540658 0.0122329)
(0.0224531 0.00489683 0.0113146)
(0.0248749 0.00586518 0.0114575)
(0.022176 0.00505127 0.00942007)
(0.0242314 0.00498506 0.0117717)
(0.0250334 0.00539656 0.0109936)
(0.024335 0.00555836 0.0085772)
(0.0243515 0.00543287 0.00794112)
(0.0246216 0.00607627 0.00792135)
(0.0234177 0.00644848 0.00631944)
(0.0227429 0.00598396 0.00614407)
(0.0199913 0.00955716 0.00468938)
(0.0190745 0.00956997 0.00492547)
(0.0206492 0.00992033 0.00451966)
(0.0211199 0.00949891 0.00460179)
(0.0216145 0.0085073 0.00555062)
(0.0230308 0.00657873 0.00676427)
(0.0237757 0.00787575 0.00557652)
(0.0249459 0.00743135 0.00668883)
(0.0240806 0.00653306 0.00743247)
(0.0194572 0.00880059 0.00486099)
(0.0188175 0.00962232 0.00493085)
(0.0194704 0.00968301 0.00447367)
(0.0192087 0.0109652 0.00631943)
(0.015656 0.0105251 0.00431171)
(0.0174374 0.00930636 0.00460253)
(0.0203645 0.00811778 0.0053528)
(0.0218639 0.00806534 0.00497314)
(0.0204966 0.00921476 0.00530023)
(0.0212324 0.00846964 0.00565459)
(0.0238071 0.00838581 0.00537794)
(0.0215491 0.00778186 0.00490218)
(0.0276397 0.00785851 0.00806405)
(0.0260031 0.00752972 0.00799197)
(0.0238249 0.00764483 0.00709803)
(0.0223977 0.00782803 0.00580704)
(0.0244383 0.00822974 0.0064401)
(0.0247459 0.00745058 0.00455325)
(0.0245901 0.00712181 0.00549593)
(0.0249692 0.00383994 0.00744034)
(0.0244802 0.00460332 0.00588928)
(0.0252907 0.00229394 0.00825832)
(0.0260393 0.00300082 0.00663388)
(0.0217977 0.00680172 0.00568446)
(0.0212862 0.00739547 0.00503075)
(0.0207709 0.00786976 0.0047593)
(0.0225011 0.00760284 0.0056482)
(0.0211023 0.00807288 0.00448784)
(0.0200162 0.00747005 0.0158829)
(0.020324 0.00571083 0.014121)
(0.0204777 0.00707624 0.0155289)
(0.0210443 0.00583422 0.0146061)
(0.0196536 0.00574634 0.0143414)
(0.0207372 0.00742194 0.015522)
(0.00876488 0.00167556 0.00525367)
(0.0085416 0.0017251 0.00524406)
(0.00921456 0.00180213 0.0053817)
(0.00937961 0.00195524 0.00538469)
(0.00843702 0.00432588 0.00606476)
(0.00826161 0.00369256 0.00590192)
(0.00820875 0.0036909 0.00553157)
(0.00816054 0.00417631 0.00582514)
(0.00853413 0.00417416 0.00587558)
(0.00784905 0.00358071 0.00542965)
(0.00834455 0.00441415 0.00583605)
(0.0083415 0.00394413 0.00590651)
(0.00819766 0.00408844 0.00562882)
(0.00760688 0.00364501 0.00550628)
(0.0075979 0.00257941 0.00497357)
(0.00803275 0.00250188 0.00484073)
(0.00783609 0.00242901 0.00478162)
(0.00709251 0.0023791 0.00453682)
(0.00730537 0.00241607 0.00467488)
(0.00794702 0.0026308 0.00507506)
(0.0118017 0.00823448 0.00600884)
(0.0103375 0.00663481 0.00642794)
(0.0109664 0.00729713 0.00640571)
(0.00985204 0.00612655 0.0060957)
(0.00989796 0.00584778 0.00632206)
(0.0106958 0.00732642 0.00615403)
(0.0105139 0.00675712 0.006192)
(0.0098349 0.00616923 0.0059942)
(0.0204309 0.00732859 0.0136793)
(0.0220313 0.00689322 0.0141256)
(0.0203003 0.00603596 0.0119683)
(0.0199479 0.00814179 0.0143255)
(0.0215397 0.00721391 0.0132603)
(0.0243459 0.00680195 0.00856939)
(0.0238408 0.00696991 0.00857151)
(0.0238443 0.00638257 0.00934249)
(0.0234353 0.0061959 0.00866232)
(0.0237099 0.00721795 0.00789997)
(0.0174191 0.0121567 0.0135409)
(0.0179853 0.010534 0.0142954)
(0.0191901 0.00979923 0.0152403)
(0.0226655 0.00851482 0.00522026)
(0.0219785 0.00925103 0.0048431)
(0.0214553 0.00847805 0.00501152)
(0.0201256 0.00915792 0.0042153)
(0.0213229 0.00935127 0.00444941)
(0.0205226 0.00923788 0.0043287)
(0.0141991 0.00978699 0.00640955)
(0.0140328 0.00946137 0.00609535)
(0.0138183 0.0102406 0.00535029)
(0.0177086 0.00980941 0.00421114)
(0.0161756 0.0100411 0.00521569)
(0.0175089 0.00982544 0.00446649)
(0.0186151 0.00962056 0.00616907)
(0.0188654 0.0100002 0.00536319)
(0.0167746 0.0100049 0.00607231)
(0.0164688 0.00980371 0.00494577)
(0.0150422 0.00997373 0.00563001)
(0.0152476 0.0102686 0.00549071)
(0.0180759 0.00992186 0.00593077)
(0.0204939 0.0102704 0.00536935)
(0.020712 0.0109161 0.00535301)
(0.0181487 0.0105515 0.00481985)
(0.0191993 0.0104528 0.00457428)
(0.0178988 0.0105184 0.0060085)
(0.0114948 0.00798776 0.0070181)
(0.0109529 0.00764325 0.00677313)
(0.0103668 0.00734567 0.00659408)
(0.0104259 0.0077814 0.00660186)
(0.0108225 0.00776138 0.00638845)
(0.011891 0.00848389 0.00708864)
(0.0112807 0.00844757 0.00627864)
(0.011443 0.00892305 0.00613713)
(0.0119554 0.00850494 0.0065477)
(0.0127643 0.00896995 0.00659674)
(0.0131315 0.00987692 0.00603975)
(0.0121699 0.0090094 0.00626781)
(0.0186203 0.0122388 0.0105506)
(0.020921 0.0135898 0.0141052)
(0.0234059 0.00235018 0.0151413)
(0.023995 0.00151491 0.0130099)
(0.0248251 0.00148749 0.0120779)
(0.0253356 0.00179533 0.0146439)
(0.0241005 0.00165571 0.0146481)
(0.0249138 0.00172792 0.0136302)
(0.0248095 0.00118272 0.0102525)
(0.0258695 0.00131632 0.0120639)
(0.0242066 0.000926456 0.012206)
(0.0215859 0.00665806 0.0171169)
(0.020224 0.00773184 0.0169928)
(0.0215439 0.00577081 0.017512)
(0.0212995 0.00561597 0.0173506)
(0.0226776 0.00945556 0.0178881)
(0.0199685 0.00766425 0.0166016)
(0.0220604 0.00744361 0.0186285)
(0.0218485 0.00841788 0.00564971)
(0.0226129 0.0084567 0.00419919)
(0.0212236 0.00789304 0.00441873)
(0.0223015 0.00911049 0.00572192)
(0.0248742 0.00747603 0.00466786)
(0.025799 0.00640456 0.00605619)
(0.0254083 0.00612247 0.00607978)
(0.0235946 0.00810648 0.00416916)
(0.0249687 0.00737863 0.00524435)
(0.0239479 0.0081472 0.00470078)
(0.0242072 0.0072047 0.0059658)
(0.0226253 0.00797768 0.0044191)
(0.0229841 0.00899639 0.00488284)
(0.0231794 0.00766489 0.00519777)
(0.0239447 0.00684692 0.00577352)
(0.0228783 0.00839588 0.00523035)
(0.020636 0.0102089 0.00436991)
(0.0190617 0.00974355 0.00494481)
(0.0207062 0.00939662 0.00486239)
(0.0216905 0.00984254 0.00442537)
(0.0238252 0.00346998 0.0113611)
(0.025063 0.00411923 0.0108974)
(0.0244347 0.0042785 0.0116015)
(0.0242061 0.00426277 0.00802746)
(0.0218566 0.0058502 0.0167509)
(0.0234955 0.00343167 0.0147103)
(0.0226974 0.00471876 0.0167379)
(0.0226857 0.00371135 0.0158429)
(0.0220876 0.00437908 0.0157363)
(0.023038 0.00346423 0.0145557)
(0.0208432 0.0041036 0.0156184)
(0.0201995 0.0068801 0.0165204)
(0.0198136 0.00668449 0.0162507)
(0.0194364 0.00568607 0.0157053)
(0.0209713 0.00570165 0.0162109)
(0.0213326 0.0073311 0.01719)
(0.0213746 0.00488699 0.0156508)
(0.016966 0.00985336 0.00600209)
(0.0188585 0.00984531 0.00615606)
(0.0225124 0.00877338 0.00479557)
(0.0182211 0.00925282 0.00573199)
(0.0172052 0.00935178 0.0062763)
(0.0173017 0.00957458 0.00565723)
(0.019022 0.0101156 0.00511204)
(0.0193971 0.0100263 0.00460432)
(0.0190138 0.00922566 0.00502136)
(0.020713 0.00882947 0.00506151)
(0.00768914 0.00227595 0.00625588)
(0.00786766 0.00299316 0.00647535)
(0.00782636 0.00267643 0.00646507)
(0.00741998 0.0024595 0.00624415)
(0.0076799 0.00292564 0.00652439)
(0.0078668 0.0026034 0.00648398)
(0.00768621 0.00227199 0.00628383)
(0.00759935 0.00194127 0.00607577)
(0.00757338 0.00174898 0.00597149)
(0.00746226 0.00186728 0.00594852)
(0.00753774 0.00226441 0.00606664)
(0.00773164 0.00202845 0.00609685)
(0.00898059 0.0044694 0.00734249)
(0.00826633 0.00471845 0.00660584)
(0.0100552 0.00650214 0.00712746)
(0.0103588 0.00710334 0.006896)
(0.00966789 0.00559597 0.00714787)
(0.00959639 0.0052268 0.00725887)
(0.0108151 0.00721954 0.00680721)
(0.0103989 0.0064936 0.0070021)
(0.0111615 0.00747851 0.00712397)
(0.00929527 0.00575258 0.0066911)
(0.009735 0.00533735 0.00726743)
(0.00984156 0.0055508 0.00769232)
(0.00934749 0.00586172 0.00690448)
(0.0106476 0.00674276 0.00724607)
(0.0106615 0.00615961 0.00739768)
(0.00974264 0.00622762 0.00705549)
(0.00728169 0.00103436 0.00560761)
(0.00754567 0.00112943 0.00576473)
(0.00776545 0.00240737 0.00646965)
(0.00767526 0.00195165 0.00636297)
(0.00744878 0.00138562 0.00596273)
(0.00708499 0.00178795 0.00613268)
(0.00779382 0.00287131 0.0059813)
(0.00742308 0.00342498 0.00594952)
(0.00817823 0.00380551 0.00657867)
(0.00818973 0.00390157 0.00626581)
(0.00805396 0.00434953 0.0062704)
(0.00792408 0.00333658 0.00615238)
(0.00727145 0.0033172 0.00569596)
(0.00745728 0.00330955 0.0056494)
(0.00732033 0.00279888 0.00529626)
(0.00764082 0.00266265 0.00563173)
(0.00759362 0.00305512 0.00591266)
(0.00759126 0.00222107 0.00607061)
(0.00748293 0.00243585 0.00597301)
(0.00760614 0.00223914 0.00592955)
(0.00747463 0.00247831 0.00571888)
(0.00811407 0.00207143 0.00589127)
(0.00748387 0.00233555 0.00599726)
(0.00732224 0.00178869 0.00544693)
(0.00780062 0.00168418 0.00567963)
(0.00775748 0.00234671 0.0059175)
(0.00813801 0.00191121 0.00583759)
(0.00800262 0.00359973 0.00641657)
(0.00934641 0.0056007 0.00684776)
(0.00904753 0.00613733 0.00661836)
(0.00750158 0.00394773 0.00631996)
(0.007684 0.00340955 0.00606664)
(0.00796483 0.00458023 0.00625416)
(0.00848259 0.00433903 0.00678277)
(0.00807194 0.0039702 0.00617532)
(0.00863177 0.00456836 0.00677729)
(0.00822836 0.0041367 0.00660601)
(0.00902326 0.00503126 0.0069078)
(0.00884052 0.00513752 0.00652402)
(0.0082167 0.00452366 0.00627715)
(0.0245052 0.00253894 0.0122911)
(0.0249251 0.00286433 0.012694)
(0.0244787 0.0024145 0.00850652)
(0.0251874 0.00211803 0.0107964)
(0.024355 0.00349409 0.00955041)
(0.0240797 0.00393503 0.00840535)
(0.0259327 0.00368955 0.0119397)
(0.0256533 0.00295256 0.0113685)
(0.0239479 0.00496001 0.00677756)
(0.0256982 0.00450184 0.00836859)
(0.0258818 0.00581501 0.00674875)
(0.0237351 0.00344267 0.0070754)
(0.0252247 0.0050327 0.00723569)
(0.0196651 0.0102692 0.0158067)
(0.0179749 0.0115545 0.0130808)
(0.0190824 0.0105359 0.0153429)
(0.0197152 0.0118824 0.0137375)
(0.0213607 0.0129156 0.0140663)
(0.0186793 0.0114483 0.0137584)
(0.0202391 0.0112677 0.0156844)
(0.0220993 0.0117102 0.016587)
(0.0200189 0.0124613 0.0140942)
(0.020792 0.0117674 0.0157185)
(0.0206627 0.0121868 0.0152624)
(0.00944036 0.00291224 0.00513004)
(0.00925119 0.00291383 0.00458252)
(0.0087443 0.00266812 0.0046934)
(0.00992879 0.00256599 0.0054576)
(0.0104289 0.00342032 0.00477465)
(0.0107505 0.00326505 0.00522858)
(0.0112531 0.00418955 0.00439117)
(0.0108213 0.00341751 0.00502952)
(0.00994432 0.00277649 0.00486997)
(0.00920039 0.00259919 0.00508106)
(0.0109353 0.00355381 0.00455574)
(0.0104719 0.00304602 0.00485944)
(0.0214212 0.0104752 0.00491485)
(0.0219012 0.00929875 0.00564258)
(0.0162046 0.0108664 0.00435324)
(0.0167752 0.0104346 0.00542452)
(0.0179055 0.0100074 0.00568232)
(0.0206747 0.0106104 0.00456482)
(0.0236558 0.00909879 0.00633654)
(0.0226185 0.00922828 0.0057339)
(0.0153237 0.0103918 0.00538247)
(0.01342 0.00925401 0.00597113)
(0.0147923 0.0101209 0.00574071)
(0.0109269 0.00782334 0.00662396)
(0.0121158 0.00854654 0.00699616)
(0.0164513 0.0100082 0.00584825)
(0.015038 0.00989013 0.00574096)
(0.0157505 0.0101325 0.00464327)
(0.0124099 0.00873171 0.00647939)
(0.0133349 0.00905967 0.00634929)
(0.014207 0.0101586 0.00547799)
(0.0137087 0.00935351 0.00562506)
(0.0094574 0.00540946 0.00693098)
(0.00909292 0.00573731 0.00651464)
(0.00989417 0.0064806 0.00659757)
(0.010309 0.00662895 0.0069948)
(0.0085279 0.00477248 0.00602869)
(0.00870908 0.00491181 0.00630193)
(0.00917934 0.00573444 0.00623681)
(0.00891296 0.00513094 0.00621728)
(0.009433 0.00540371 0.00666924)
(0.00941605 0.00592502 0.00656596)
)
;
    }
    INLET
    {
        type            calculated;
        value           nonuniform 0();
    }
    OUTLET
    {
        type            calculated;
        value           nonuniform 0();
    }
    procBoundary21to20
    {
        type            processor;
        value           uniform (0 0 0);
    }
    procBoundary21to23
    {
        type            processor;
        value           uniform (0 0 0);
    }
}


// ************************************************************************* //
