/*--------------------------------*- C++ -*----------------------------------*\
| =========                 |                                                 |
| \\      /  F ield         | OpenFOAM: The Open Source CFD Toolbox           |
|  \\    /   O peration     | Version:  v1612+                                |
|   \\  /    A nd           | Web:      www.OpenFOAM.com                      |
|    \\/     M anipulation  |                                                 |
\*---------------------------------------------------------------------------*/
FoamFile
{
    version     2.0;
    format      ascii;
    class       volVectorField;
    location    "50";
    object      wallShearStress;
}
// * * * * * * * * * * * * * * * * * * * * * * * * * * * * * * * * * * * * * //

dimensions      [0 2 -2 0 0 0 0];

internalField   uniform (0 0 0);

boundaryField
{
    WALL
    {
        type            calculated;
        value           nonuniform List<vector> 
1482
(
(-0.00707032 -0.0088663 -0.0028903)
(-0.00710087 -0.00897642 -0.00297819)
(-0.00812954 -0.00988066 -0.00365404)
(-0.0076444 -0.00886146 -0.00340315)
(-0.00732623 -0.00907269 -0.0029502)
(-0.007196 -0.00913172 -0.0030956)
(-0.00767422 -0.00949388 -0.00329175)
(-0.00786256 -0.00966822 -0.00302566)
(-0.0073273 -0.00897334 -0.00291964)
(-0.00725528 -0.0087937 -0.00278817)
(-0.00761246 -0.00960344 -0.00277637)
(-0.0078611 -0.00958256 -0.00300898)
(-0.00761516 -0.00922186 -0.00318966)
(-0.0075661 -0.0088576 -0.0036254)
(-0.00749375 -0.00915312 -0.00314156)
(-0.00762757 -0.00912035 -0.00324108)
(-0.00714553 -0.00868977 -0.00304144)
(-0.00733715 -0.00851961 -0.00321364)
(-0.00741491 -0.0091245 -0.00303506)
(-0.00689821 -0.00852129 -0.00305248)
(-0.00764998 -0.00911695 -0.00276768)
(-0.0070861 -0.00892407 -0.00298335)
(-0.00724222 -0.00912006 -0.00285331)
(-0.00681104 -0.00860161 -0.00314311)
(-0.00766466 -0.00988341 -0.00332634)
(-0.00790438 -0.00987838 -0.00329471)
(-0.00643832 -0.0079913 -0.00253064)
(-0.00696436 -0.00869156 -0.0027774)
(-0.00625439 -0.00782303 -0.00270123)
(-0.00654564 -0.00816361 -0.0027144)
(-0.00706205 -0.00850875 -0.00276483)
(-0.00714246 -0.00891547 -0.00294569)
(-0.0071922 -0.00889467 -0.00268569)
(-0.00746288 -0.00895301 -0.00304342)
(-0.00751696 -0.00863151 -0.00343962)
(-0.00765586 -0.00926209 -0.00346947)
(-0.00714419 -0.00862014 -0.00266886)
(-0.00722908 -0.0093938 -0.0027976)
(-0.00723597 -0.00943471 -0.00332066)
(-0.00775561 -0.0096095 -0.00329524)
(-0.00697294 -0.00891156 -0.00313941)
(-0.00703331 -0.00847438 -0.00271285)
(-0.00758147 -0.00927184 -0.00313975)
(-0.00729041 -0.00913687 -0.00324034)
(-0.00689929 -0.00863039 -0.00286825)
(-0.00758643 -0.00962531 -0.00330066)
(-0.00711858 -0.00900308 -0.00284593)
(-0.00654544 -0.00806256 -0.00307487)
(-0.00719148 -0.00876459 -0.00277878)
(-0.00643441 -0.00833142 -0.00284236)
(-0.00807028 -0.00967874 -0.00333132)
(-0.00768079 -0.00951209 -0.00312419)
(-0.00708438 -0.00869697 -0.00289908)
(-0.00733252 -0.00899474 -0.00293384)
(-0.00753414 -0.00900955 -0.00299195)
(-0.00762835 -0.00904296 -0.00291504)
(-0.00734852 -0.00944702 -0.00312834)
(-0.00708162 -0.00920233 -0.00307993)
(-0.00743488 -0.00899483 -0.00292036)
(-0.00747419 -0.00938113 -0.00320273)
(-0.00728353 -0.00921214 -0.00333611)
(-0.00701212 -0.0088367 -0.00298069)
(-0.00733872 -0.00901581 -0.00305014)
(-0.00732141 -0.0087254 -0.00309294)
(-0.00702844 -0.00902341 -0.00311002)
(-0.00700806 -0.00909854 -0.0033568)
(-0.0070598 -0.00906267 -0.00319929)
(-0.00728463 -0.00908358 -0.00311156)
(-0.00742176 -0.00851969 -0.00270435)
(-0.00699327 -0.00887285 -0.00303689)
(-0.00739039 -0.0093691 -0.00313869)
(-0.00699741 -0.00886728 -0.00318734)
(-0.00713857 -0.00937406 -0.00341835)
(-0.00715937 -0.00894942 -0.00300942)
(-0.00748649 -0.00921572 -0.00308812)
(-0.00740061 -0.00894974 -0.0029471)
(-0.00753308 -0.00903088 -0.00308229)
(-0.00750143 -0.00914258 -0.00299872)
(-0.00768562 -0.00907093 -0.00310249)
(-0.00736082 -0.00872568 -0.00296063)
(-0.0070168 -0.008596 -0.00273417)
(-0.00761206 -0.00910611 -0.00284901)
(-0.00695462 -0.00881731 -0.0029498)
(-0.00719854 -0.00919941 -0.00337188)
(-0.00740473 -0.00870434 -0.00268883)
(-0.00735065 -0.00906466 -0.0027911)
(-0.00728046 -0.00872468 -0.00273027)
(-0.00741466 -0.00924954 -0.00316523)
(-0.00804917 -0.00911106 -0.00364087)
(-0.00772989 -0.00938467 -0.00313273)
(-0.00810144 -0.00936005 -0.00376003)
(-0.00793722 -0.00960478 -0.00339858)
(-0.00738587 -0.0094347 -0.00311359)
(-0.00772652 -0.00938691 -0.00325374)
(-0.00685953 -0.00842256 -0.00266939)
(-0.0070882 -0.00882092 -0.0027883)
(-0.00675968 -0.00855401 -0.00250106)
(-0.00728164 -0.00891409 -0.00284296)
(-0.00733928 -0.00916791 -0.00314764)
(-0.00791059 -0.00937157 -0.00347692)
(-0.00716886 -0.00870367 -0.00289209)
(-0.00753506 -0.0089687 -0.00343043)
(-0.00785485 -0.00939968 -0.0035135)
(-0.00611913 -0.00802531 -0.00276431)
(-0.00675185 -0.00822424 -0.00261367)
(-0.00687196 -0.00839299 -0.00272109)
(-0.00572114 -0.00803716 -0.00256716)
(-0.00682715 -0.00860571 -0.00279318)
(-0.0066515 -0.00830307 -0.00281373)
(-0.00789999 -0.00881392 -0.00358413)
(-0.00772301 -0.00954133 -0.00317515)
(-0.00774967 -0.00921442 -0.00270608)
(-0.00803506 -0.00963596 -0.00301089)
(-0.00700766 -0.00871081 -0.00284604)
(-0.00731801 -0.00918794 -0.00277022)
(-0.00801653 -0.00935132 -0.00366462)
(-0.00787493 -0.00897765 -0.0038077)
(-0.00735983 -0.0095931 -0.00291439)
(-0.00781232 -0.00984067 -0.00312725)
(-0.00751731 -0.00947934 -0.00292724)
(-0.00741694 -0.00951443 -0.00271061)
(-0.00739092 -0.00956303 -0.00280477)
(-0.00790652 -0.00957404 -0.00315315)
(-0.00701684 -0.00875618 -0.0030009)
(-0.00714945 -0.00895923 -0.0027808)
(-0.00679677 -0.00876301 -0.00287827)
(-0.00751016 -0.00953518 -0.00322638)
(-0.0075592 -0.00905154 -0.00284195)
(-0.00765844 -0.00973431 -0.00320794)
(-0.0074906 -0.00938424 -0.00314835)
(-0.00719703 -0.00941063 -0.00335359)
(-0.00748001 -0.00940549 -0.003239)
(-0.00735417 -0.00972978 -0.00351739)
(-0.00731975 -0.00934496 -0.00306463)
(-0.0069789 -0.0081328 -0.00322025)
(-0.0068716 -0.00871969 -0.00260972)
(-0.00699605 -0.00876162 -0.00276478)
(-0.00708013 -0.00847451 -0.00272666)
(-0.0078811 -0.00959311 -0.00300962)
(-0.00715541 -0.00936734 -0.00285636)
(-0.00770537 -0.00950937 -0.00317194)
(-0.00789297 -0.00940183 -0.00310058)
(-0.00763072 -0.00934523 -0.00292868)
(-0.00712305 -0.00870112 -0.00322346)
(-0.00786496 -0.00912749 -0.00311334)
(-0.0076469 -0.0091471 -0.00268426)
(-0.00744187 -0.00886877 -0.00284365)
(-0.00704821 -0.00855992 -0.0027045)
(-0.00735649 -0.00888747 -0.00360254)
(-0.007657 -0.00927448 -0.00285532)
(-0.0073009 -0.00903636 -0.00302085)
(-0.00698194 -0.00860445 -0.00268307)
(-0.0070505 -0.00863046 -0.00299794)
(-0.00715827 -0.00863123 -0.00275943)
(-0.00816934 -0.00993845 -0.00327541)
(-0.00803112 -0.00970327 -0.00317613)
(-0.00821111 -0.0100101 -0.00317589)
(-0.00841196 -0.0105881 -0.00349071)
(-0.00788421 -0.0099737 -0.00327376)
(-0.00821302 -0.00996506 -0.00319205)
(-0.00815343 -0.0101586 -0.00334587)
(-0.00785823 -0.00971728 -0.00316243)
(-0.00836426 -0.0101325 -0.00322054)
(-0.00790147 -0.00990899 -0.00319582)
(-0.00808523 -0.00969294 -0.00320951)
(-0.00787145 -0.00960715 -0.00323644)
(-0.00754355 -0.0090707 -0.00288327)
(-0.0079058 -0.00949566 -0.00309693)
(-0.00798066 -0.00962859 -0.00313609)
(-0.00788745 -0.00922711 -0.00314173)
(-0.00819925 -0.0100411 -0.00320778)
(-0.00834562 -0.00988943 -0.00331068)
(-0.00813458 -0.0096773 -0.00340157)
(-0.00766118 -0.00940234 -0.00302389)
(-0.00811202 -0.00961577 -0.00337361)
(-0.00814039 -0.00944789 -0.00332618)
(-0.00820946 -0.0101289 -0.00337682)
(-0.0082879 -0.00994059 -0.00346014)
(-0.00820672 -0.00992487 -0.00331874)
(-0.00726923 -0.00951544 -0.00324916)
(-0.0074038 -0.0091283 -0.00303321)
(-0.00710022 -0.00944739 -0.00312586)
(-0.00726213 -0.00931818 -0.00305179)
(-0.00766616 -0.00954818 -0.00312654)
(-0.00724763 -0.00928096 -0.00313965)
(-0.00739955 -0.00948361 -0.00311793)
(-0.00723478 -0.00924132 -0.0030085)
(-0.00764854 -0.00961229 -0.00301879)
(-0.0069452 -0.00919189 -0.00303635)
(-0.0070454 -0.00892499 -0.00294959)
(-0.00745154 -0.00945854 -0.00315659)
(-0.00724945 -0.00916991 -0.00295792)
(-0.00724685 -0.00881125 -0.0028737)
(-0.00725612 -0.00923801 -0.00288317)
(-0.00703193 -0.00924593 -0.00298792)
(-0.00724691 -0.00894302 -0.00297247)
(-0.00751044 -0.00938258 -0.00307747)
(-0.00731586 -0.00886142 -0.00284368)
(-0.0076143 -0.00925707 -0.00288698)
(-0.00726114 -0.00875713 -0.00287249)
(-0.00743186 -0.0092452 -0.00302084)
(-0.0074975 -0.00895422 -0.00284252)
(-0.00732879 -0.00885099 -0.00313327)
(-0.0070869 -0.00819985 -0.0031014)
(-0.00731427 -0.00877706 -0.00302213)
(-0.00720202 -0.00911205 -0.00305872)
(-0.00692875 -0.00816656 -0.00314809)
(-0.00706892 -0.00832613 -0.00309483)
(-0.00729139 -0.00867839 -0.00304231)
(-0.00733416 -0.00880777 -0.00318451)
(-0.00767906 -0.00942864 -0.00327314)
(-0.00770561 -0.00918262 -0.00321239)
(-0.00738519 -0.0090712 -0.00312669)
(-0.00737082 -0.00905915 -0.00311116)
(-0.00789081 -0.0089285 -0.00312071)
(-0.00752594 -0.00914444 -0.00308635)
(-0.00795029 -0.0092429 -0.00309148)
(-0.00795603 -0.00925864 -0.00323264)
(-0.00746239 -0.00885312 -0.00301964)
(-0.00797524 -0.00949062 -0.00306541)
(-0.00739567 -0.00920588 -0.00301854)
(-0.0072533 -0.00906223 -0.00297056)
(-0.00740115 -0.00927252 -0.00305639)
(-0.00746881 -0.00930837 -0.00299843)
(-0.00715032 -0.00889989 -0.00300868)
(-0.00745449 -0.00931825 -0.00302104)
(-0.00739254 -0.00927577 -0.00303837)
(-0.00725116 -0.00850991 -0.00270589)
(-0.00742693 -0.00948515 -0.00300074)
(-0.00725148 -0.00937262 -0.0031082)
(-0.00729157 -0.00888177 -0.00285985)
(-0.00719082 -0.00876786 -0.0028832)
(-0.00729043 -0.00877577 -0.00288216)
(-0.00743445 -0.00853145 -0.00276916)
(-0.0070476 -0.00863229 -0.00287591)
(-0.00746317 -0.00886677 -0.00284338)
(-0.00722691 -0.00860689 -0.00275556)
(-0.00812987 -0.00969208 -0.00321643)
(-0.00802285 -0.0100617 -0.0033071)
(-0.00768857 -0.00913073 -0.00298251)
(-0.00768874 -0.00910266 -0.00311751)
(-0.0077203 -0.00954285 -0.00308687)
(-0.00780331 -0.00931082 -0.00321148)
(-0.00715738 -0.00904067 -0.00302026)
(-0.00719025 -0.00930256 -0.00303465)
(-0.00737474 -0.00950008 -0.00323599)
(-0.00719952 -0.00885356 -0.00291301)
(-0.0071776 -0.0091592 -0.00309853)
(-0.0070995 -0.0087896 -0.00286706)
(-0.00661568 -0.00765737 -0.00224059)
(-0.00640222 -0.00771437 -0.00251611)
(-0.00635933 -0.00808243 -0.00269052)
(-0.00664802 -0.00802993 -0.00266721)
(-0.00645825 -0.00787827 -0.00256308)
(-0.00639395 -0.0081934 -0.0026498)
(-0.00793943 -0.00948904 -0.00316254)
(-0.00816965 -0.00971082 -0.00336541)
(-0.00789823 -0.00939917 -0.00324543)
(-0.00800014 -0.00971195 -0.00322254)
(-0.00761929 -0.00949834 -0.00316324)
(-0.00747979 -0.00936366 -0.00318666)
(-0.007905 -0.00918768 -0.00329467)
(-0.00776451 -0.0091407 -0.00321019)
(-0.00765025 -0.00910498 -0.00319615)
(-0.0076159 -0.0091105 -0.00319181)
(-0.00778245 -0.00940639 -0.00316979)
(-0.00730955 -0.00879599 -0.0030053)
(-0.00758944 -0.00973122 -0.00305468)
(-0.00691413 -0.00858371 -0.00274264)
(-0.0070334 -0.00869653 -0.0028626)
(-0.00710249 -0.00883319 -0.00346175)
(-0.00726611 -0.00891412 -0.00272808)
(-0.00719345 -0.00925767 -0.00343299)
(-0.00669899 -0.00843972 -0.0027419)
(-0.00687032 -0.00838606 -0.0030537)
(-0.00675454 -0.00842617 -0.00271999)
(-0.0068225 -0.00825532 -0.00311124)
(-0.00672573 -0.00836706 -0.00289056)
(-0.00723085 -0.00930241 -0.00299176)
(-0.00768652 -0.00931737 -0.00298128)
(-0.00712777 -0.00875138 -0.00281141)
(-0.0075514 -0.00926011 -0.00278306)
(-0.00643794 -0.00826308 -0.0027791)
(-0.00676797 -0.00860919 -0.00286125)
(-0.00743883 -0.0093022 -0.0031691)
(-0.00715586 -0.00863687 -0.00284245)
(-0.00754535 -0.00892941 -0.00281341)
(-0.00731081 -0.00854989 -0.00275632)
(-0.0071781 -0.00878107 -0.00285252)
(-0.00708144 -0.00866865 -0.00283059)
(-0.00726507 -0.00857995 -0.00278523)
(-0.00687266 -0.00886275 -0.00300469)
(-0.00762184 -0.0087651 -0.00278128)
(-0.00702078 -0.00894917 -0.00337147)
(-0.00753014 -0.00940307 -0.00328774)
(-0.00738687 -0.00899711 -0.00264623)
(-0.00715892 -0.00914261 -0.00348211)
(-0.00744233 -0.00924489 -0.00353745)
(-0.00711697 -0.00868577 -0.00304221)
(-0.00768698 -0.00934427 -0.00305749)
(-0.007664 -0.00907222 -0.00300742)
(-0.00705362 -0.00918892 -0.00359416)
(-0.00763224 -0.00916331 -0.00282566)
(-0.00744879 -0.00902435 -0.00319828)
(-0.00682365 -0.00853301 -0.00285781)
(-0.00692104 -0.00892133 -0.00345373)
(-0.00739194 -0.00909114 -0.00325442)
(-0.00761634 -0.00905793 -0.00297239)
(-0.00714772 -0.00949031 -0.00370379)
(-0.00709422 -0.0085754 -0.00289514)
(-0.00762567 -0.00950389 -0.00312122)
(-0.00761638 -0.00979295 -0.00329533)
(-0.00806115 -0.00975109 -0.0034286)
(-0.00670928 -0.00893854 -0.00361711)
(-0.00701209 -0.00943033 -0.0035425)
(-0.00716779 -0.00922613 -0.00311207)
(-0.00705942 -0.00898595 -0.00308244)
(-0.00748062 -0.00980602 -0.00348186)
(-0.0071882 -0.00891114 -0.00320483)
(-0.00639792 -0.00835916 -0.00309043)
(-0.00682068 -0.0084835 -0.00253535)
(-0.0067771 -0.00828064 -0.00249559)
(-0.00662909 -0.00845591 -0.0030836)
(-0.00652275 -0.00807791 -0.00260251)
(-0.00658765 -0.00799399 -0.00233577)
(-0.00750786 -0.00879492 -0.00260175)
(-0.00695958 -0.00887521 -0.00312207)
(-0.00778233 -0.00945555 -0.00314777)
(-0.00719378 -0.00870068 -0.00281036)
(-0.00719136 -0.00888106 -0.00312377)
(-0.00746884 -0.00935057 -0.00275212)
(-0.00766979 -0.00932459 -0.00309478)
(-0.007194 -0.00881768 -0.00281183)
(-0.00735474 -0.00896635 -0.00310219)
(-0.00759114 -0.00893342 -0.00292475)
(-0.00763055 -0.00899659 -0.00301112)
(-0.00757825 -0.00916592 -0.00306435)
(-0.00740273 -0.00895612 -0.00283455)
(-0.00730821 -0.00880722 -0.00295355)
(-0.00710281 -0.00827975 -0.00260267)
(-0.0074095 -0.00866182 -0.00274627)
(-0.00765543 -0.00906344 -0.00289831)
(-0.00722415 -0.00872991 -0.00287972)
(-0.00714591 -0.0093273 -0.00236164)
(-0.0074185 -0.00911102 -0.00277361)
(-0.00743437 -0.00978394 -0.00276294)
(-0.00776479 -0.00950747 -0.00327358)
(-0.00761536 -0.00938094 -0.00302736)
(-0.00782513 -0.0093403 -0.00300597)
(-0.0079057 -0.00977357 -0.00313323)
(-0.00751142 -0.00934843 -0.00234498)
(-0.00707033 -0.00885179 -0.00269928)
(-0.00744534 -0.00912153 -0.00247672)
(-0.00717354 -0.00866674 -0.00263419)
(-0.00728768 -0.00897663 -0.00337939)
(-0.00773657 -0.00951517 -0.00303563)
(-0.00762303 -0.0090963 -0.0033801)
(-0.008601 -0.0102989 -0.00290841)
(-0.00714296 -0.00876058 -0.00319657)
(-0.00750136 -0.00920432 -0.00288041)
(-0.00755326 -0.00920915 -0.00340211)
(-0.00769567 -0.00954019 -0.00305393)
(-0.00776235 -0.00936631 -0.00298379)
(-0.00747474 -0.00918037 -0.00278577)
(-0.00733873 -0.00894524 -0.00283816)
(-0.00717586 -0.00880263 -0.00284447)
(-0.00736063 -0.00899828 -0.00271895)
(-0.00731967 -0.00865889 -0.00279478)
(-0.00712761 -0.0087473 -0.00278165)
(-0.00720141 -0.00868019 -0.00269695)
(-0.00727029 -0.00908824 -0.00297327)
(-0.00736548 -0.00894868 -0.00294661)
(-0.00772279 -0.00960924 -0.00306159)
(-0.00744961 -0.00946988 -0.00331975)
(-0.00742724 -0.00915399 -0.00310964)
(-0.00743947 -0.00956835 -0.00324926)
(-0.00743789 -0.00951143 -0.00324379)
(-0.00691561 -0.00911666 -0.0032212)
(-0.00754307 -0.00912871 -0.00301183)
(-0.00721661 -0.00894437 -0.00307016)
(-0.00751631 -0.00900711 -0.00295942)
(-0.00762558 -0.00931852 -0.00295286)
(-0.007717 -0.00983868 -0.00340272)
(-0.00736488 -0.00916773 -0.00326879)
(-0.00734407 -0.009 -0.00359805)
(-0.0073175 -0.00930721 -0.00373019)
(-0.00803656 -0.0097844 -0.00337611)
(-0.00730181 -0.00919273 -0.00349101)
(-0.00809038 -0.0103308 -0.00349979)
(-0.0076837 -0.00969304 -0.00285206)
(-0.00741294 -0.00911869 -0.00318341)
(-0.00720734 -0.00922279 -0.00355759)
(-0.00773848 -0.00984063 -0.0036696)
(-0.00731459 -0.00888182 -0.00284426)
(-0.00768616 -0.00983523 -0.00380495)
(-0.00703866 -0.0089643 -0.00258902)
(-0.00709923 -0.00898976 -0.00280885)
(-0.00713621 -0.00899006 -0.00292774)
(-0.00723385 -0.00919873 -0.00276498)
(-0.00679859 -0.008262 -0.00255947)
(-0.00694726 -0.00874906 -0.00276365)
(-0.00701723 -0.00913993 -0.00286199)
(-0.00753497 -0.00966156 -0.00292313)
(-0.00772824 -0.00970856 -0.00302389)
(-0.00788754 -0.00982967 -0.00308173)
(-0.00826097 -0.0100923 -0.00325023)
(-0.00767988 -0.00968928 -0.0030597)
(-0.00815837 -0.00952688 -0.00339545)
(-0.00824076 -0.00948334 -0.00329026)
(-0.00822028 -0.0100023 -0.00331907)
(-0.00814923 -0.00980779 -0.0033219)
(-0.0078904 -0.00952436 -0.00318616)
(-0.00747079 -0.00912871 -0.0029569)
(-0.00774961 -0.0094167 -0.00308254)
(-0.00783869 -0.00938694 -0.00318408)
(-0.00771 -0.00924436 -0.00317037)
(-0.00762831 -0.00943849 -0.00295253)
(-0.00781441 -0.00966774 -0.00313015)
(-0.00686514 -0.00847782 -0.00274527)
(-0.00737307 -0.00893221 -0.00279069)
(-0.00759084 -0.00883052 -0.00359629)
(-0.00729372 -0.00917076 -0.00297581)
(-0.00769717 -0.00930104 -0.00348299)
(-0.00716072 -0.00875696 -0.00324801)
(-0.00706159 -0.00876075 -0.00264595)
(-0.00717204 -0.00882529 -0.00300656)
(-0.00714259 -0.00871514 -0.00337993)
(-0.00725818 -0.00932383 -0.00291067)
(-0.0076793 -0.00915494 -0.00329746)
(-0.0074549 -0.00879816 -0.00350328)
(-0.00776455 -0.00929049 -0.00319042)
(-0.00738996 -0.00927996 -0.00286284)
(-0.00779862 -0.00901606 -0.00314466)
(-0.00803163 -0.00953764 -0.00322468)
(-0.00785109 -0.00986515 -0.00311631)
(-0.00738098 -0.00897191 -0.00287247)
(-0.00734215 -0.00935225 -0.00255444)
(-0.0075818 -0.00917739 -0.002607)
(-0.00692414 -0.00867402 -0.0026903)
(-0.00763862 -0.00909239 -0.00322792)
(-0.00780898 -0.00935201 -0.00353972)
(-0.00718026 -0.00865311 -0.003017)
(-0.00806186 -0.00948027 -0.0032953)
(-0.00697925 -0.0083658 -0.00296349)
(-0.00755261 -0.00885394 -0.00345068)
(-0.00720656 -0.00862 -0.00277363)
(-0.00745724 -0.00914514 -0.00285955)
(-0.00724295 -0.00862509 -0.00296571)
(-0.00729226 -0.00865086 -0.00267167)
(-0.00733598 -0.00951288 -0.00268053)
(-0.0070693 -0.00840929 -0.003312)
(-0.0078152 -0.00928822 -0.00325714)
(-0.00757496 -0.00883661 -0.00365718)
(-0.00698791 -0.00824138 -0.00299667)
(-0.00796368 -0.00935977 -0.00342103)
(-0.00781296 -0.00947073 -0.00322107)
(-0.00805875 -0.00960065 -0.00335505)
(-0.00761336 -0.00914276 -0.00310033)
(-0.00789197 -0.00966904 -0.00327008)
(-0.00768581 -0.00931229 -0.00310081)
(-0.00805239 -0.0096823 -0.00323673)
(-0.00757234 -0.00918323 -0.00322454)
(-0.00778141 -0.0091712 -0.00337027)
(-0.00776016 -0.00930878 -0.00309416)
(-0.00820582 -0.00992343 -0.00363624)
(-0.00785497 -0.00903665 -0.00357316)
(-0.00796694 -0.00962559 -0.00356186)
(-0.00732826 -0.00883946 -0.00314966)
(-0.00777388 -0.00926218 -0.00365033)
(-0.00764204 -0.00909461 -0.00333231)
(-0.0074601 -0.0091958 -0.00298362)
(-0.00750049 -0.00935472 -0.0031506)
(-0.00630582 -0.00864363 -0.00325835)
(-0.00665967 -0.00876751 -0.00324786)
(-0.00749236 -0.0091008 -0.00324495)
(-0.00694352 -0.00873943 -0.00307517)
(-0.00734481 -0.00998045 -0.00354474)
(-0.00744391 -0.00890709 -0.00291883)
(-0.0076817 -0.00861932 -0.00271774)
(-0.00756717 -0.00869037 -0.00283066)
(-0.00766334 -0.00915449 -0.00302268)
(-0.00741488 -0.00897289 -0.00288659)
(-0.00800025 -0.00923297 -0.00290475)
(-0.00793863 -0.00959646 -0.00327944)
(-0.00694771 -0.00849475 -0.00272475)
(-0.00676746 -0.00819367 -0.00278182)
(-0.00691734 -0.00892748 -0.00308398)
(-0.00618524 -0.00788773 -0.00268684)
(-0.00657113 -0.0084014 -0.00285734)
(-0.00673458 -0.00865201 -0.00275344)
(-0.00683863 -0.00826985 -0.0026797)
(-0.00667236 -0.0087022 -0.00275169)
(-0.00677574 -0.00874285 -0.00275178)
(-0.00668915 -0.00772064 -0.00226547)
(-0.00744856 -0.0092717 -0.00325003)
(-0.00744871 -0.00895787 -0.00298055)
(-0.00759197 -0.00951217 -0.00352394)
(-0.00751184 -0.00887297 -0.0027505)
(-0.00698582 -0.00898594 -0.00328147)
(-0.0077438 -0.00989333 -0.00324927)
(-0.00743566 -0.0097295 -0.00324724)
(-0.00766469 -0.00955483 -0.00310657)
(-0.00782943 -0.00986258 -0.00333655)
(-0.00737439 -0.0093593 -0.00310356)
(-0.00732082 -0.00849337 -0.00401279)
(-0.00780041 -0.00903462 -0.00345269)
(-0.00705977 -0.00877233 -0.00286949)
(-0.00761593 -0.00969956 -0.0034623)
(-0.00678288 -0.00813097 -0.00299161)
(-0.0076599 -0.00955171 -0.00327629)
(-0.00779365 -0.00930149 -0.00349054)
(-0.00759154 -0.00938992 -0.00299269)
(-0.00815734 -0.00986025 -0.00332108)
(-0.00763327 -0.00916933 -0.003211)
(-0.00775334 -0.00952129 -0.00326891)
(-0.00759876 -0.0093736 -0.00280642)
(-0.0077254 -0.00927651 -0.00346708)
(-0.00761797 -0.00937638 -0.00303084)
(-0.00810029 -0.0100575 -0.00326484)
(-0.00771686 -0.00915325 -0.00351734)
(-0.00771226 -0.00989613 -0.00318412)
(-0.00734945 -0.00910439 -0.00270834)
(-0.00785688 -0.00950028 -0.00355086)
(-0.00733634 -0.00923452 -0.00262433)
(-0.00709696 -0.00869729 -0.00302671)
(-0.00788414 -0.0100076 -0.00284242)
(-0.00725588 -0.00904286 -0.00315632)
(-0.00729846 -0.0089401 -0.00328444)
(-0.00790208 -0.00947751 -0.00334357)
(-0.00736715 -0.0093318 -0.00319246)
(-0.00679164 -0.00838969 -0.00265598)
(-0.00748121 -0.00916466 -0.00289866)
(-0.00729914 -0.00909379 -0.00330283)
(-0.00710225 -0.00836224 -0.00232714)
(-0.00788177 -0.00905861 -0.00286231)
(-0.00695194 -0.00834326 -0.00254935)
(-0.00721843 -0.00845512 -0.00236524)
(-0.0080945 -0.00989956 -0.00276231)
(-0.00807347 -0.00952364 -0.00289912)
(-0.00739962 -0.00911971 -0.00326565)
(-0.00748896 -0.00951206 -0.00346157)
(-0.0073815 -0.00895114 -0.00293633)
(-0.00736953 -0.00929429 -0.00354137)
(-0.00732434 -0.00906909 -0.00336198)
(-0.00789052 -0.00963463 -0.00327061)
(-0.00784217 -0.00960716 -0.00277195)
(-0.00764673 -0.00915351 -0.00276507)
(-0.00695 -0.00910604 -0.00289291)
(-0.00711792 -0.00920512 -0.00299131)
(-0.00736507 -0.00945922 -0.00310739)
(-0.00703435 -0.00894921 -0.00290207)
(-0.00694301 -0.00914292 -0.00286086)
(-0.00711139 -0.00911938 -0.00288999)
(-0.00693255 -0.00863534 -0.00275055)
(-0.00717153 -0.00824161 -0.00340101)
(-0.00672464 -0.00839744 -0.0027033)
(-0.00768417 -0.00891897 -0.00356972)
(-0.00712158 -0.0088761 -0.00301059)
(-0.00731372 -0.00895091 -0.00291023)
(-0.0067167 -0.00815791 -0.0027905)
(-0.00734344 -0.00861144 -0.00324668)
(-0.00776916 -0.0092835 -0.00321747)
(-0.00726492 -0.00911052 -0.00285236)
(-0.00682668 -0.00860819 -0.00278191)
(-0.00749052 -0.00909994 -0.00309999)
(-0.00738075 -0.00894125 -0.00306973)
(-0.00711021 -0.00870337 -0.00293146)
(-0.0070976 -0.00874183 -0.00285497)
(-0.00737616 -0.00919767 -0.00304617)
(-0.00732616 -0.00949615 -0.00285905)
(-0.00706263 -0.00905613 -0.00282434)
(-0.0070044 -0.00884842 -0.00283431)
(-0.00740975 -0.0092359 -0.00303352)
(-0.00781278 -0.0093133 -0.00323151)
(-0.00773452 -0.00902777 -0.00305996)
(-0.0078828 -0.00920343 -0.00330111)
(-0.00733054 -0.0087821 -0.00294358)
(-0.00763922 -0.00882719 -0.00317588)
(-0.00765243 -0.009014 -0.0030995)
(-0.0078353 -0.00904372 -0.00327818)
(-0.00772817 -0.00898365 -0.00309714)
(-0.0075503 -0.00892636 -0.00318652)
(-0.00745883 -0.00878943 -0.00313657)
(-0.0076341 -0.00897573 -0.00321816)
(-0.00787619 -0.00922178 -0.00323666)
(-0.00719946 -0.00886507 -0.00290683)
(-0.00720038 -0.0087418 -0.00299987)
(-0.007014 -0.00883438 -0.00290025)
(-0.00709137 -0.00894689 -0.00278453)
(-0.0072724 -0.00903355 -0.00288257)
(-0.00704083 -0.00916152 -0.0028063)
(-0.00679998 -0.00881483 -0.00277266)
(-0.00698845 -0.00902276 -0.00272084)
(-0.00697708 -0.00901718 -0.00287231)
(-0.00695633 -0.00893384 -0.0026366)
(-0.00714646 -0.00881321 -0.0025066)
(-0.00709889 -0.00895438 -0.00292276)
(-0.00718465 -0.00879815 -0.00245297)
(-0.00747188 -0.00946457 -0.0027381)
(-0.00813136 -0.009637 -0.00330888)
(-0.00752022 -0.00934304 -0.00245442)
(-0.0078895 -0.00959993 -0.00345423)
(-0.00732324 -0.00903649 -0.00288333)
(-0.00788517 -0.00974874 -0.00334227)
(-0.00752308 -0.00909827 -0.00329395)
(-0.00726371 -0.00874844 -0.00307113)
(-0.00730457 -0.009 -0.00297754)
(-0.00817454 -0.0097167 -0.00275284)
(-0.00760336 -0.00944566 -0.0036544)
(-0.00739076 -0.00897393 -0.00265986)
(-0.00783373 -0.00992176 -0.00311705)
(-0.00718554 -0.00897867 -0.0028599)
(-0.0078201 -0.00963021 -0.0033934)
(-0.00714506 -0.00920421 -0.00332526)
(-0.00716705 -0.00926164 -0.00316858)
(-0.00746754 -0.00959145 -0.00335322)
(-0.00755151 -0.00971739 -0.00338263)
(-0.00644244 -0.00844173 -0.00359983)
(-0.00754411 -0.00912482 -0.00326264)
(-0.00660874 -0.00820237 -0.0026985)
(-0.00724305 -0.0089825 -0.00302195)
(-0.0064619 -0.00820661 -0.00286078)
(-0.00657393 -0.00863172 -0.00286689)
(-0.0064124 -0.00811817 -0.00271478)
(-0.00726861 -0.00919459 -0.00248263)
(-0.00759814 -0.00936219 -0.00302749)
(-0.00759456 -0.00903727 -0.00271048)
(-0.00737864 -0.0088822 -0.00310483)
(-0.00727827 -0.00866516 -0.00312054)
(-0.00708938 -0.00889887 -0.00276054)
(-0.00757216 -0.00916013 -0.00291338)
(-0.00715543 -0.0090303 -0.00272081)
(-0.00736741 -0.00893407 -0.00344077)
(-0.00793685 -0.0099717 -0.00322317)
(-0.00776687 -0.00910434 -0.00361962)
(-0.00706683 -0.00892033 -0.00258897)
(-0.0074485 -0.00920011 -0.00241405)
(-0.0072877 -0.00904316 -0.00254335)
(-0.00720371 -0.00867503 -0.00264385)
(-0.00733637 -0.00926422 -0.0033237)
(-0.00667429 -0.00850657 -0.00316866)
(-0.00686874 -0.00833696 -0.0027838)
(-0.00743935 -0.00911309 -0.00317598)
(-0.00731095 -0.00917381 -0.00273818)
(-0.00759471 -0.00952632 -0.00291798)
(-0.00689052 -0.00875501 -0.0031471)
(-0.00712504 -0.0087627 -0.0029907)
(-0.00753588 -0.00923928 -0.0032152)
(-0.00727778 -0.00906087 -0.00348535)
(-0.00707356 -0.0088953 -0.00289142)
(-0.00756591 -0.00956249 -0.0029836)
(-0.00756793 -0.00911269 -0.00285435)
(-0.00701221 -0.00861579 -0.00333609)
(-0.00673654 -0.00820071 -0.00260665)
(-0.00713014 -0.00886571 -0.0034863)
(-0.00728777 -0.00918777 -0.00290787)
(-0.00679065 -0.00829501 -0.00310069)
(-0.00710708 -0.00882464 -0.00319366)
(-0.00734156 -0.00889266 -0.0028769)
(-0.00670335 -0.00834159 -0.00286604)
(-0.00741738 -0.0090779 -0.00304634)
(-0.00707871 -0.00874771 -0.00287299)
(-0.00712859 -0.00888249 -0.00376042)
(-0.00737507 -0.00899642 -0.00301513)
(-0.00721093 -0.00905519 -0.00308688)
(-0.00746098 -0.00936972 -0.00316469)
(-0.00756148 -0.00967484 -0.00327191)
(-0.0079135 -0.00972891 -0.00398097)
(-0.00696265 -0.00861248 -0.00305251)
(-0.00691175 -0.00905522 -0.00353206)
(-0.00808803 -0.00987344 -0.00358942)
(-0.00744257 -0.00919079 -0.00327459)
(-0.00818689 -0.0100968 -0.00291566)
(-0.00710244 -0.00907367 -0.00265821)
(-0.007463 -0.00942928 -0.00299813)
(-0.00781363 -0.0092795 -0.00363377)
(-0.00735315 -0.00919624 -0.00278028)
(-0.00735845 -0.00871111 -0.00337623)
(-0.00750024 -0.00944099 -0.00290812)
(-0.00783248 -0.00967642 -0.00316583)
(-0.00777739 -0.00981598 -0.00343799)
(-0.00807548 -0.00981534 -0.00304107)
(-0.00816369 -0.00980478 -0.00347496)
(-0.00802781 -0.00975436 -0.00304234)
(-0.00741238 -0.00906798 -0.00315736)
(-0.00734662 -0.00870951 -0.00297341)
(-0.00747583 -0.0088128 -0.00321627)
(-0.00727183 -0.00897751 -0.00307313)
(-0.00732419 -0.00900298 -0.00292685)
(-0.00742763 -0.00876702 -0.00308995)
(-0.00776387 -0.00912968 -0.00314953)
(-0.00745437 -0.00888264 -0.00310054)
(-0.00723349 -0.00882519 -0.00295731)
(-0.00734447 -0.00887697 -0.00299876)
(-0.00747103 -0.00913168 -0.00297461)
(-0.00758683 -0.00894439 -0.00311427)
(-0.00716808 -0.00898101 -0.00287216)
(-0.00730035 -0.00875977 -0.0030539)
(-0.00728597 -0.00913766 -0.00295615)
(-0.00741832 -0.00906074 -0.00293566)
(-0.00767383 -0.00909047 -0.00316444)
(-0.00794412 -0.00908508 -0.0033991)
(-0.00780802 -0.00922321 -0.00324682)
(-0.00769509 -0.00932611 -0.00307496)
(-0.00753194 -0.00907011 -0.00303853)
(-0.00714617 -0.00878889 -0.00284106)
(-0.0074479 -0.00908263 -0.0031341)
(-0.0074547 -0.00877634 -0.00319752)
(-0.0071967 -0.00890545 -0.00289556)
(-0.00695685 -0.00864329 -0.00306481)
(-0.00718731 -0.00883359 -0.00289344)
(-0.0070394 -0.00871261 -0.00287108)
(-0.00730802 -0.00897943 -0.00294823)
(-0.0072111 -0.00885669 -0.00291564)
(-0.00785933 -0.0091416 -0.00323426)
(-0.00766304 -0.0090191 -0.00324471)
(-0.00744311 -0.00901934 -0.00300683)
(-0.00708944 -0.00858378 -0.00294595)
(-0.0073287 -0.00904559 -0.00280753)
(-0.00738737 -0.00869722 -0.00318999)
(-0.00720942 -0.00886146 -0.00287005)
(-0.00711211 -0.0089543 -0.00285509)
(-0.0074272 -0.00870696 -0.00325512)
(-0.00691751 -0.00842081 -0.0033296)
(-0.00726783 -0.00918101 -0.00319487)
(-0.00763874 -0.00926946 -0.00294168)
(-0.00668698 -0.00842388 -0.00271197)
(-0.00708626 -0.00902273 -0.00288668)
(-0.00710136 -0.00909749 -0.00282893)
(-0.00704061 -0.00926736 -0.00279556)
(-0.00656027 -0.00863326 -0.00247204)
(-0.0069369 -0.00871695 -0.00258432)
(-0.00688659 -0.00845646 -0.0029456)
(-0.00754655 -0.00962546 -0.00302221)
(-0.00742667 -0.00926499 -0.00278938)
(-0.00737364 -0.00919501 -0.00320857)
(-0.00739767 -0.0088833 -0.00349562)
(-0.00744469 -0.00886759 -0.00332743)
(-0.00713045 -0.00883583 -0.00286687)
(-0.00772439 -0.00940668 -0.00302349)
(-0.00752085 -0.00897798 -0.00349415)
(-0.00710125 -0.00881316 -0.00335761)
(-0.00721867 -0.00915143 -0.00312427)
(-0.00709981 -0.00907518 -0.00329456)
(-0.0072047 -0.00879709 -0.00298685)
(-0.00721971 -0.00915386 -0.00310616)
(-0.00742243 -0.00909868 -0.00289263)
(-0.00757872 -0.00921237 -0.00312392)
(-0.00716925 -0.00879407 -0.00289296)
(-0.00827055 -0.00962897 -0.0030061)
(-0.00800614 -0.0100036 -0.00304446)
(-0.00737611 -0.00911363 -0.00300104)
(-0.00814157 -0.00997496 -0.00304815)
(-0.00749498 -0.00891401 -0.00269485)
(-0.00690254 -0.00842163 -0.00272296)
(-0.00681905 -0.00885147 -0.00322447)
(-0.00725659 -0.00890975 -0.00266722)
(-0.00721967 -0.0090765 -0.00320113)
(-0.00788188 -0.00992151 -0.00329889)
(-0.0070236 -0.00903657 -0.00341242)
(-0.00788952 -0.00973657 -0.00322908)
(-0.00761373 -0.00941768 -0.00260911)
(-0.0076453 -0.00933083 -0.00280849)
(-0.00691894 -0.00890669 -0.0032211)
(-0.00730288 -0.00893623 -0.0034895)
(-0.00783327 -0.0092723 -0.00274156)
(-0.0077102 -0.00917466 -0.00271929)
(-0.00726259 -0.00877297 -0.00295204)
(-0.00688681 -0.00876543 -0.00307345)
(-0.00651955 -0.00853818 -0.00308334)
(-0.00750238 -0.0089956 -0.00270843)
(-0.00778631 -0.0091858 -0.00282874)
(-0.0072957 -0.00889059 -0.00280683)
(-0.0071989 -0.00865426 -0.00285946)
(-0.00722866 -0.00879085 -0.00291438)
(-0.00767895 -0.00947724 -0.00341027)
(-0.00799478 -0.00929349 -0.00360242)
(-0.00726094 -0.00883213 -0.00317244)
(-0.0083267 -0.00988388 -0.00355777)
(-0.00768173 -0.00908402 -0.00366887)
(-0.0075662 -0.00920757 -0.00298411)
(-0.0077563 -0.00957022 -0.00317414)
(-0.00724242 -0.00893376 -0.0031567)
(-0.00705576 -0.00881414 -0.00289271)
(-0.00753579 -0.00913688 -0.00281835)
(-0.00734017 -0.00938826 -0.00312272)
(-0.00742769 -0.00920305 -0.00344154)
(-0.00732346 -0.00894258 -0.00340866)
(-0.00780226 -0.00951885 -0.003172)
(-0.00768414 -0.00934671 -0.00299348)
(-0.00744273 -0.00897307 -0.00334047)
(-0.00738787 -0.0089938 -0.00308245)
(-0.0083965 -0.0100634 -0.00339844)
(-0.00730557 -0.00877917 -0.00323598)
(-0.00783023 -0.00964367 -0.00316935)
(-0.00792429 -0.00968331 -0.00345917)
(-0.00727731 -0.00927041 -0.00323593)
(-0.00724702 -0.00922683 -0.00316571)
(-0.00702701 -0.00861542 -0.00296826)
(-0.0074113 -0.00895359 -0.00329657)
(-0.00727426 -0.00919401 -0.00340939)
(-0.00750594 -0.00898969 -0.00282901)
(-0.00681846 -0.00880131 -0.00302873)
(-0.00709926 -0.0090943 -0.00322578)
(-0.00709877 -0.00881636 -0.00362792)
(-0.00677702 -0.00839939 -0.00273484)
(-0.00690252 -0.00830748 -0.00306664)
(-0.00760019 -0.00922575 -0.00278311)
(-0.00735593 -0.0092746 -0.00302143)
(-0.00686706 -0.00852553 -0.00309397)
(-0.00726556 -0.00951453 -0.00318078)
(-0.00734252 -0.00945431 -0.00332491)
(-0.00744928 -0.00935122 -0.00296039)
(-0.00747713 -0.0092523 -0.00305214)
(-0.00677385 -0.00831839 -0.0029427)
(-0.0069982 -0.00878853 -0.00331355)
(-0.00707441 -0.00879819 -0.00327432)
(-0.00736508 -0.00897256 -0.0027808)
(-0.00724288 -0.00895564 -0.00335911)
(-0.00701728 -0.00865811 -0.00299648)
(-0.00699507 -0.00850249 -0.00328389)
(-0.00704081 -0.00872573 -0.00287633)
(-0.00719996 -0.00860357 -0.00322424)
(-0.00781776 -0.00940162 -0.00308846)
(-0.00716344 -0.00872463 -0.00339153)
(-0.00708044 -0.00858595 -0.00294397)
(-0.00713207 -0.00882493 -0.00314663)
(-0.0071562 -0.00890001 -0.0030711)
(-0.00709422 -0.00915351 -0.00317154)
(-0.00667819 -0.0081596 -0.0027856)
(-0.00662792 -0.00839738 -0.00275369)
(-0.0071836 -0.00864549 -0.00299909)
(-0.00724192 -0.00907076 -0.00307963)
(-0.00669196 -0.00843678 -0.00291898)
(-0.00692767 -0.00819629 -0.00290704)
(-0.00677039 -0.00814136 -0.00293875)
(-0.00705494 -0.00822149 -0.00285792)
(-0.00689068 -0.00891397 -0.00314541)
(-0.0065932 -0.00851079 -0.00308113)
(-0.00664453 -0.00858741 -0.00294006)
(-0.00681485 -0.00876539 -0.00311733)
(-0.00822397 -0.00967532 -0.00351033)
(-0.00733936 -0.00872558 -0.00301183)
(-0.00757805 -0.00927385 -0.00298106)
(-0.00719794 -0.00902816 -0.00273433)
(-0.00829566 -0.00987228 -0.00317298)
(-0.00728105 -0.00884326 -0.00265301)
(-0.00770165 -0.00954862 -0.00299328)
(-0.00812358 -0.0100717 -0.00342918)
(-0.0075956 -0.00974781 -0.0029456)
(-0.00701686 -0.00864892 -0.00331208)
(-0.00745752 -0.00921456 -0.00271905)
(-0.00743909 -0.00950206 -0.002936)
(-0.00778878 -0.00922242 -0.00345094)
(-0.00742149 -0.00936954 -0.0029996)
(-0.00684844 -0.00875013 -0.00260624)
(-0.00741574 -0.00894717 -0.00310647)
(-0.00777893 -0.0092751 -0.00315081)
(-0.00748418 -0.00895656 -0.00297973)
(-0.00780584 -0.00985458 -0.00316027)
(-0.0077208 -0.00939685 -0.00301524)
(-0.00742974 -0.00875926 -0.0030952)
(-0.00760075 -0.0091641 -0.00314694)
(-0.00734098 -0.00880286 -0.00314279)
(-0.00776979 -0.00925236 -0.00328765)
(-0.0077963 -0.00953019 -0.00331048)
(-0.00777428 -0.00940214 -0.00317629)
(-0.00716013 -0.00868322 -0.00305707)
(-0.00736259 -0.00880409 -0.00311485)
(-0.00766102 -0.00943856 -0.00299453)
(-0.0071678 -0.00869105 -0.00305599)
(-0.00770255 -0.0094417 -0.00331707)
(-0.00751126 -0.00923267 -0.00315353)
(-0.0073235 -0.00877064 -0.00308772)
(-0.00773236 -0.00911482 -0.00332313)
(-0.00755245 -0.00918088 -0.00304811)
(-0.00750393 -0.00879694 -0.00319641)
(-0.00730964 -0.00874997 -0.00304076)
(-0.00771689 -0.00952407 -0.003209)
(-0.00723464 -0.00887754 -0.00360545)
(-0.00782482 -0.00982553 -0.00333169)
(-0.00721413 -0.00873858 -0.00260404)
(-0.007393 -0.00910944 -0.0026911)
(-0.00794483 -0.00935271 -0.00316224)
(-0.00801049 -0.00933154 -0.00337291)
(-0.00784267 -0.00961214 -0.00324588)
(-0.0077357 -0.00969222 -0.00300091)
(-0.00815608 -0.00951095 -0.00335353)
(-0.00731382 -0.00935503 -0.0029506)
(-0.00731103 -0.00925798 -0.00293114)
(-0.00703618 -0.00918154 -0.00288202)
(-0.0068706 -0.00839606 -0.002652)
(-0.00696602 -0.00872393 -0.0027591)
(-0.00701596 -0.00910048 -0.00295667)
(-0.007082 -0.0087116 -0.00280315)
(-0.00672821 -0.00811892 -0.00261696)
(-0.00696989 -0.00873138 -0.0027926)
(-0.00658002 -0.00841723 -0.00268939)
(-0.00715365 -0.00895479 -0.00289131)
(-0.00678438 -0.00862983 -0.00267346)
(-0.00728158 -0.00897894 -0.00286833)
(-0.00722895 -0.00891655 -0.00316148)
(-0.00741615 -0.00933288 -0.00347212)
(-0.00675648 -0.00863275 -0.00309533)
(-0.0076116 -0.00954752 -0.00386782)
(-0.00765407 -0.00946482 -0.00304435)
(-0.00697574 -0.00904449 -0.00329768)
(-0.00707613 -0.00879357 -0.00299699)
(-0.00763189 -0.00936895 -0.00337153)
(-0.00763813 -0.00954829 -0.00315602)
(-0.00741435 -0.00935212 -0.0033778)
(-0.00744102 -0.00876423 -0.00255104)
(-0.00765417 -0.00941742 -0.00330661)
(-0.0077031 -0.00940147 -0.00257304)
(-0.00736307 -0.00931277 -0.00337355)
(-0.0073519 -0.00949051 -0.0034258)
(-0.0073591 -0.00898741 -0.00276262)
(-0.00763719 -0.00916588 -0.00283286)
(-0.00755404 -0.00956999 -0.00327129)
(-0.00765155 -0.00969342 -0.00341486)
(-0.00679374 -0.00839751 -0.00274198)
(-0.00713693 -0.00906856 -0.0033517)
(-0.00766756 -0.00887055 -0.00270974)
(-0.00740183 -0.00876747 -0.00253614)
(-0.00721608 -0.00908523 -0.0029277)
(-0.00735385 -0.0091438 -0.00293234)
(-0.00714987 -0.00903287 -0.00308494)
(-0.00743755 -0.00910501 -0.00285647)
(-0.0071813 -0.00906705 -0.00292699)
(-0.00756389 -0.00941172 -0.0036275)
(-0.00763417 -0.0091604 -0.00345187)
(-0.00741411 -0.00895307 -0.00291319)
(-0.00690801 -0.00849045 -0.00264611)
(-0.00705165 -0.00838427 -0.00332419)
(-0.00664203 -0.00826688 -0.00278407)
(-0.0074213 -0.00895934 -0.0034238)
(-0.0073799 -0.00894511 -0.00295415)
(-0.0072165 -0.008949 -0.0032161)
(-0.00751821 -0.00951435 -0.00300015)
(-0.00718733 -0.00886781 -0.00332258)
(-0.00738175 -0.00920527 -0.00296586)
(-0.0079558 -0.00970295 -0.00312128)
(-0.00737663 -0.00894837 -0.00323184)
(-0.00753409 -0.00945764 -0.00347241)
(-0.0074817 -0.00912805 -0.00315833)
(-0.00745344 -0.00899342 -0.00290855)
(-0.00711273 -0.00872566 -0.00341055)
(-0.00792112 -0.00966795 -0.00323907)
(-0.00768955 -0.00976823 -0.0032716)
(-0.00762236 -0.00918427 -0.00357858)
(-0.0073654 -0.00886274 -0.00354627)
(-0.00809814 -0.00926849 -0.00385633)
(-0.00711649 -0.00887364 -0.00333297)
(-0.00706771 -0.00858466 -0.00303245)
(-0.00714946 -0.00871093 -0.00310688)
(-0.00715324 -0.00888505 -0.00353405)
(-0.00753604 -0.00912833 -0.00299943)
(-0.0070191 -0.00872085 -0.00329044)
(-0.00755465 -0.00912864 -0.00318042)
(-0.00750577 -0.00927772 -0.0029701)
(-0.00742271 -0.00903097 -0.00338085)
(-0.00709244 -0.00880781 -0.00285176)
(-0.00711671 -0.00883581 -0.00339976)
(-0.00697924 -0.00866645 -0.00279616)
(-0.00684566 -0.00835747 -0.00329442)
(-0.00738848 -0.00916857 -0.00316763)
(-0.00748024 -0.00903636 -0.0029667)
(-0.00798921 -0.00933926 -0.00352836)
(-0.00768365 -0.00931915 -0.00322641)
(-0.00824984 -0.0100426 -0.00365702)
(-0.00788831 -0.00937917 -0.00328724)
(-0.00706459 -0.00881105 -0.002818)
(-0.00760879 -0.00896179 -0.00326431)
(-0.00734875 -0.0091151 -0.00303518)
(-0.00744857 -0.00942984 -0.00310046)
(-0.0074089 -0.00959751 -0.00342983)
(-0.00772078 -0.0095222 -0.00286773)
(-0.00774972 -0.00945527 -0.00320495)
(-0.00721776 -0.00902708 -0.00305839)
(-0.00743015 -0.00917384 -0.003018)
(-0.00762569 -0.00996925 -0.00371243)
(-0.00778076 -0.00968369 -0.00295971)
(-0.00729814 -0.00908263 -0.00295194)
(-0.00693528 -0.00923906 -0.00346847)
(-0.00718907 -0.00884336 -0.00288618)
(-0.00769354 -0.00923138 -0.00288663)
(-0.00739586 -0.00966907 -0.00356826)
(-0.00751372 -0.00940203 -0.00329276)
(-0.00695013 -0.00868731 -0.00258952)
(-0.00790871 -0.0099105 -0.00309648)
(-0.00763182 -0.00934023 -0.00317939)
(-0.00693942 -0.00857815 -0.0026293)
(-0.00697012 -0.00864475 -0.00226142)
(-0.0072461 -0.00879967 -0.00267781)
(-0.00792314 -0.00954746 -0.00342369)
(-0.00734584 -0.00902963 -0.00286186)
(-0.0075149 -0.00925527 -0.00320652)
(-0.00722103 -0.00838348 -0.00289781)
(-0.00784888 -0.00960952 -0.00256389)
(-0.00724833 -0.00915896 -0.0037355)
(-0.00786386 -0.00939649 -0.00320623)
(-0.00815401 -0.0103409 -0.00291045)
(-0.00833391 -0.0105438 -0.00335758)
(-0.00734356 -0.00939247 -0.00341247)
(-0.00717494 -0.00929722 -0.00328302)
(-0.00708769 -0.00857607 -0.00251895)
(-0.00766078 -0.00905858 -0.00336401)
(-0.00702918 -0.00893124 -0.00260502)
(-0.00761339 -0.00929006 -0.00338087)
(-0.00740765 -0.00924416 -0.00305687)
(-0.0074467 -0.00933033 -0.00340378)
(-0.0074233 -0.00915629 -0.00352671)
(-0.00734186 -0.00887908 -0.00321203)
(-0.00720569 -0.00907292 -0.00299578)
(-0.00787255 -0.00968651 -0.00315264)
(-0.00801363 -0.0103358 -0.00321179)
(-0.00750846 -0.00899248 -0.00353721)
(-0.00813829 -0.0104792 -0.00356579)
(-0.00814865 -0.00968992 -0.00327884)
(-0.00808562 -0.00986554 -0.00317183)
(-0.0073063 -0.00905009 -0.00281102)
(-0.00768473 -0.00919467 -0.00362236)
(-0.00738077 -0.00907441 -0.00275785)
(-0.00728195 -0.00915946 -0.00319542)
(-0.00721623 -0.00916107 -0.00308205)
(-0.00756207 -0.00951995 -0.00331879)
(-0.00722787 -0.00885253 -0.00287935)
(-0.00736877 -0.00846905 -0.00256753)
(-0.00723756 -0.00894927 -0.00304283)
(-0.0070205 -0.00870535 -0.00291519)
(-0.00722907 -0.00885172 -0.00293356)
(-0.00719523 -0.00881853 -0.00290214)
(-0.0081758 -0.00953869 -0.00315333)
(-0.00719119 -0.00916344 -0.00320659)
(-0.0077307 -0.00934998 -0.00305306)
(-0.00755923 -0.00890247 -0.00273675)
(-0.00732778 -0.00858225 -0.00272807)
(-0.00722117 -0.00918286 -0.00297429)
(-0.00734352 -0.00879731 -0.00290426)
(-0.00723644 -0.00876515 -0.00292842)
(-0.00749685 -0.00901329 -0.00258228)
(-0.00763496 -0.00931574 -0.00304478)
(-0.00747645 -0.00931784 -0.00305584)
(-0.00734969 -0.00914751 -0.00313288)
(-0.00723639 -0.0086695 -0.00251375)
(-0.007352 -0.00912562 -0.00356173)
(-0.00717087 -0.00866433 -0.00279252)
(-0.00746155 -0.00922406 -0.00278817)
(-0.00691189 -0.00875999 -0.00300778)
(-0.00713727 -0.00888435 -0.00332632)
(-0.00763243 -0.00893729 -0.00273693)
(-0.0073565 -0.00842571 -0.00275106)
(-0.00729515 -0.00875476 -0.00294757)
(-0.00693862 -0.00902917 -0.00310301)
(-0.00726621 -0.00889264 -0.00290734)
(-0.00742804 -0.00910511 -0.00294391)
(-0.00729185 -0.0088379 -0.00294269)
(-0.00741333 -0.00910961 -0.00324167)
(-0.00725279 -0.00888106 -0.00274863)
(-0.00667075 -0.00834371 -0.00316508)
(-0.00697247 -0.00869473 -0.00284332)
(-0.00698621 -0.00866072 -0.00310345)
(-0.00649155 -0.00815811 -0.00273048)
(-0.00669266 -0.00850127 -0.00249396)
(-0.00703818 -0.00870224 -0.00291761)
(-0.00707639 -0.00892434 -0.00308669)
(-0.00663716 -0.00839219 -0.00268874)
(-0.0064784 -0.00819763 -0.00273068)
(-0.00800373 -0.00955249 -0.00297921)
(-0.00750109 -0.00927729 -0.00256099)
(-0.00740221 -0.00927393 -0.00342792)
(-0.00686439 -0.00860526 -0.0026934)
(-0.00681929 -0.0087206 -0.00323187)
(-0.00654796 -0.00809592 -0.00258511)
(-0.00677785 -0.00873007 -0.00268307)
(-0.00656523 -0.00808463 -0.00240006)
(-0.00661336 -0.0083147 -0.00273712)
(-0.00628617 -0.00805823 -0.00265842)
(-0.00680535 -0.00828752 -0.00251192)
(-0.00691311 -0.00857049 -0.00261238)
(-0.00742362 -0.00866866 -0.0025454)
(-0.00635226 -0.00805269 -0.00270069)
(-0.00690627 -0.00864395 -0.00307211)
(-0.00638776 -0.00800487 -0.00260647)
(-0.00632399 -0.00802803 -0.00285651)
(-0.00701573 -0.00866577 -0.00266148)
(-0.00664899 -0.00825518 -0.00294335)
(-0.00684716 -0.00851823 -0.00283702)
(-0.0067992 -0.00839425 -0.00261344)
(-0.00672279 -0.0083759 -0.00291772)
(-0.0077997 -0.00948592 -0.00328515)
(-0.00810488 -0.00943131 -0.00338841)
(-0.00741329 -0.00923525 -0.00309447)
(-0.00714731 -0.00862171 -0.00281529)
(-0.00773479 -0.00914367 -0.00291064)
(-0.0073717 -0.00948643 -0.00318527)
(-0.00754771 -0.00896843 -0.00295007)
(-0.00788377 -0.00895389 -0.00309055)
(-0.0078441 -0.00916613 -0.0031821)
(-0.00788214 -0.00956663 -0.00333952)
(-0.00780227 -0.00962966 -0.00327244)
(-0.008152 -0.00975078 -0.00335476)
(-0.00786151 -0.00952371 -0.00321107)
(-0.00776208 -0.00923758 -0.00325139)
(-0.00766114 -0.00949366 -0.0030374)
(-0.0075238 -0.00891118 -0.0029002)
(-0.00754464 -0.00931185 -0.00298535)
(-0.0075335 -0.00930076 -0.00306598)
(-0.00732261 -0.00882901 -0.0031235)
(-0.00713458 -0.00874926 -0.00297995)
(-0.00734107 -0.00864766 -0.00297425)
(-0.00772279 -0.00946166 -0.00325717)
(-0.00770062 -0.0094259 -0.00303439)
(-0.00778103 -0.00892154 -0.00316575)
(-0.00642509 -0.00823644 -0.00268806)
(-0.00748805 -0.00913236 -0.00318579)
(-0.00681851 -0.00811605 -0.00292004)
(-0.00665264 -0.00812424 -0.00249712)
(-0.00612705 -0.00781093 -0.00246728)
(-0.00630457 -0.00782084 -0.00250359)
(-0.00628638 -0.00790672 -0.00285203)
(-0.00664404 -0.00816736 -0.00268966)
(-0.00673359 -0.00812731 -0.00258324)
(-0.00655178 -0.00802135 -0.00249633)
(-0.00671071 -0.00813086 -0.00237088)
(-0.00662436 -0.00779522 -0.00255706)
(-0.00611907 -0.00740508 -0.00254722)
(-0.0074374 -0.00924555 -0.00313715)
(-0.00728858 -0.00926453 -0.00311004)
(-0.00745214 -0.00936999 -0.0031473)
(-0.00815113 -0.010055 -0.00319828)
(-0.00686642 -0.00837609 -0.0027428)
(-0.00703199 -0.00871927 -0.00283906)
(-0.00747909 -0.00866464 -0.00272744)
(-0.00725536 -0.00851181 -0.00279574)
(-0.00721323 -0.00866404 -0.00281116)
(-0.00701238 -0.00862504 -0.00284131)
(-0.00703362 -0.00876333 -0.00281563)
(-0.00755576 -0.00914057 -0.00298961)
(-0.00788805 -0.00941587 -0.00316954)
(-0.00756016 -0.00960185 -0.00296531)
(-0.00796959 -0.0100082 -0.00318261)
(-0.00766398 -0.00916881 -0.00298531)
(-0.00800278 -0.00991433 -0.00311296)
(-0.00757632 -0.00940948 -0.0031399)
(-0.00753022 -0.00935675 -0.00314638)
(-0.00743152 -0.00909935 -0.0030697)
(-0.00766155 -0.00959012 -0.00312856)
(-0.00702885 -0.00830675 -0.00278655)
(-0.00725163 -0.00883458 -0.00287052)
(-0.00734572 -0.00897932 -0.00294376)
(-0.00778101 -0.00983047 -0.0032482)
(-0.00749331 -0.0092995 -0.00313612)
(-0.00726074 -0.0091219 -0.0029626)
(-0.00785862 -0.00935639 -0.0032756)
(-0.00780698 -0.00961604 -0.00316921)
(-0.00820258 -0.00962509 -0.00343966)
(-0.0077311 -0.00893053 -0.00328478)
(-0.00822535 -0.00968486 -0.00335969)
(-0.00800271 -0.00948806 -0.00335478)
(-0.0077119 -0.00889113 -0.00296212)
(-0.00812889 -0.0093996 -0.00325135)
(-0.00766223 -0.0095002 -0.00329541)
(-0.00801833 -0.00983049 -0.00323563)
(-0.0075807 -0.00883306 -0.00303079)
(-0.0071256 -0.00845084 -0.00281953)
(-0.00772158 -0.0091791 -0.00316386)
(-0.008075 -0.00938568 -0.00310925)
(-0.00766913 -0.00974313 -0.00320756)
(-0.00796546 -0.0093534 -0.00337939)
(-0.00673277 -0.00809405 -0.00281866)
(-0.00689232 -0.00820389 -0.00295989)
(-0.00787768 -0.00915352 -0.00333525)
(-0.0070192 -0.0083139 -0.00286438)
(-0.00675672 -0.00815406 -0.00289996)
(-0.00672154 -0.00828261 -0.00285386)
(-0.00685138 -0.00827904 -0.00279377)
(-0.00688027 -0.00835163 -0.00278693)
(-0.00750203 -0.0087663 -0.00308952)
(-0.00701415 -0.00845424 -0.00302751)
(-0.00740969 -0.00881205 -0.00314082)
(-0.00700808 -0.00819853 -0.00302476)
(-0.00721121 -0.00938458 -0.00326664)
(-0.00738234 -0.00964921 -0.00337948)
(-0.00704338 -0.00917086 -0.00307702)
(-0.00716671 -0.00917191 -0.00319704)
(-0.0070859 -0.00913985 -0.00306383)
(-0.00723492 -0.00954382 -0.00326637)
(-0.00712875 -0.00878604 -0.00276687)
(-0.00687386 -0.00874399 -0.00275057)
(-0.00738629 -0.00874402 -0.0026683)
(-0.00725923 -0.00871167 -0.00274411)
(-0.00753377 -0.00871838 -0.00278493)
(-0.00766888 -0.00882468 -0.00288045)
(-0.00731788 -0.0087451 -0.00286372)
(-0.00738073 -0.008756 -0.00277643)
(-0.00709198 -0.00852351 -0.00267361)
(-0.00728157 -0.00854145 -0.00268732)
(-0.00751092 -0.0088048 -0.00273818)
(-0.00728104 -0.00856088 -0.00263418)
(-0.00721165 -0.00847725 -0.00278345)
(-0.00742112 -0.00876766 -0.00277323)
(-0.00766612 -0.00918229 -0.00282086)
(-0.00746132 -0.00869162 -0.00283049)
(-0.00758839 -0.00890049 -0.00288867)
(-0.00745249 -0.00876555 -0.00285262)
(-0.00741058 -0.00924394 -0.00308749)
(-0.00742292 -0.0091574 -0.00308515)
(-0.00710729 -0.00925105 -0.00304345)
(-0.00728048 -0.00909081 -0.00294362)
(-0.00716586 -0.00906712 -0.00297692)
(-0.00725454 -0.00913692 -0.00304889)
(-0.00715059 -0.00894881 -0.00301076)
(-0.00743437 -0.00933866 -0.00310458)
(-0.00739077 -0.00941039 -0.00292662)
(-0.00721202 -0.00913262 -0.00307571)
(-0.00757992 -0.0095659 -0.00304478)
(-0.00726576 -0.00934105 -0.00298089)
(-0.00732383 -0.00930439 -0.00302689)
(-0.00730547 -0.00940147 -0.0031388)
(-0.00728183 -0.00944813 -0.00319843)
(-0.00758207 -0.00945635 -0.00307793)
(-0.00726704 -0.0093745 -0.00317049)
(-0.00744818 -0.00944601 -0.00319849)
(-0.00730393 -0.00941353 -0.00320346)
(-0.00753534 -0.00956889 -0.00325562)
(-0.00698654 -0.00855998 -0.0029875)
(-0.0070086 -0.00825848 -0.00305567)
(-0.00700426 -0.0084172 -0.00282073)
(-0.0073379 -0.00921698 -0.00304462)
(-0.00778968 -0.0094 -0.00346253)
(-0.00778553 -0.00907411 -0.00305681)
(-0.00733784 -0.00903807 -0.00278221)
(-0.00768493 -0.00974463 -0.00320397)
(-0.00796638 -0.00941324 -0.00330349)
(-0.007616 -0.00893945 -0.00306962)
(-0.00793001 -0.00974391 -0.00318015)
(-0.00786818 -0.00991861 -0.00312014)
(-0.00780196 -0.00933571 -0.00321051)
(-0.00793166 -0.00966887 -0.00324602)
(-0.00823406 -0.00991801 -0.00349569)
(-0.00793415 -0.00989876 -0.00325562)
(-0.00804463 -0.00965813 -0.00321605)
(-0.00790924 -0.00948149 -0.00331275)
(-0.00789588 -0.00957621 -0.00329922)
(-0.00783589 -0.00948299 -0.00315763)
(-0.00788112 -0.00955143 -0.00324152)
(-0.00761184 -0.00933766 -0.00302705)
(-0.00775523 -0.00921412 -0.00311313)
(-0.00757957 -0.00930393 -0.00300935)
(-0.0075929 -0.00911046 -0.0031136)
(-0.00820136 -0.00974896 -0.00331481)
(-0.00818526 -0.0102272 -0.0034379)
(-0.00801739 -0.00957455 -0.00328476)
(-0.00819549 -0.00997477 -0.0031549)
(-0.00837967 -0.0102749 -0.00346865)
(-0.00819505 -0.0100123 -0.00344932)
(-0.00772958 -0.00973198 -0.0031129)
(-0.00769385 -0.00949192 -0.00304076)
(-0.00737465 -0.00927906 -0.00301612)
(-0.00756629 -0.00971873 -0.00328837)
(-0.00750898 -0.00950051 -0.0032286)
(-0.00771846 -0.00975332 -0.0033532)
(-0.00733929 -0.00968881 -0.0033021)
(-0.00772188 -0.00993266 -0.00329906)
(-0.00764641 -0.00981048 -0.00327544)
(-0.00802122 -0.0101168 -0.00339009)
(-0.007758 -0.00994827 -0.003314)
(-0.0080703 -0.00989973 -0.00325318)
(-0.0081162 -0.00988235 -0.00315865)
(-0.00836335 -0.01044 -0.00348399)
(-0.00774637 -0.00978051 -0.00313204)
(-0.00789642 -0.0100751 -0.00328238)
(-0.00783686 -0.00987601 -0.00333312)
(-0.00780801 -0.00999697 -0.00326748)
(-0.00847397 -0.0106801 -0.00363855)
(-0.0082935 -0.0102824 -0.00326162)
(-0.00796595 -0.0100906 -0.00341079)
(-0.00787928 -0.00946351 -0.00314334)
(-0.00770611 -0.00970243 -0.00319394)
(-0.00749902 -0.00956166 -0.00310418)
(-0.00776373 -0.00985159 -0.00318402)
(-0.00728433 -0.00901569 -0.00290009)
(-0.00721069 -0.00888424 -0.00278527)
(-0.00737487 -0.00927767 -0.00287826)
(-0.00717122 -0.00889379 -0.00287684)
(-0.00757515 -0.0093161 -0.00298421)
(-0.00740366 -0.00905901 -0.00294735)
(-0.00713483 -0.00885075 -0.00278209)
(-0.00709746 -0.00884312 -0.00274115)
(-0.0071876 -0.00871074 -0.0029531)
(-0.00673525 -0.00845789 -0.00264031)
(-0.00686186 -0.00843106 -0.00275752)
(-0.00686146 -0.00876436 -0.0026965)
(-0.00658231 -0.00849932 -0.00248534)
(-0.00742602 -0.00940401 -0.0029415)
(-0.00706549 -0.00900883 -0.00278367)
(-0.0069587 -0.00845861 -0.00270816)
(-0.0068265 -0.0083149 -0.00268916)
(-0.00667394 -0.00828791 -0.0025714)
(-0.00670855 -0.00811643 -0.00254947)
(-0.00691123 -0.00825886 -0.00254862)
(-0.00754026 -0.00921472 -0.00306372)
(-0.00738168 -0.00907643 -0.00296898)
(-0.00730846 -0.0090398 -0.00295531)
(-0.00707815 -0.00892878 -0.00303698)
(-0.00721412 -0.00901328 -0.00305562)
(-0.00712665 -0.00854885 -0.00281892)
(-0.00685221 -0.00876641 -0.00312466)
(-0.00661957 -0.00874366 -0.00305476)
(-0.00769435 -0.00924005 -0.00337954)
(-0.0073367 -0.00893717 -0.00311669)
(-0.00769105 -0.00931735 -0.0031056)
(-0.0073852 -0.00904385 -0.0032929)
(-0.00719634 -0.00885131 -0.00303069)
(-0.00710652 -0.00861859 -0.00282661)
(-0.00734111 -0.00899414 -0.00278784)
(-0.00729986 -0.00863026 -0.00276936)
(-0.00783196 -0.00961088 -0.00299933)
(-0.00728453 -0.00900125 -0.0033465)
(-0.00764987 -0.0090052 -0.00275476)
(-0.00769374 -0.00950479 -0.00362227)
(-0.0068989 -0.00879376 -0.00313872)
(-0.0066834 -0.00827637 -0.00307595)
(-0.00711545 -0.00872505 -0.00255302)
(-0.00742634 -0.00921807 -0.0030636)
(-0.00686882 -0.00871347 -0.00266155)
(-0.00715466 -0.00897299 -0.00282888)
(-0.00684373 -0.00851038 -0.00274017)
(-0.00842138 -0.0100849 -0.0032934)
(-0.00850757 -0.0101683 -0.00347027)
(-0.00760654 -0.00986916 -0.0030866)
(-0.00809166 -0.0100455 -0.00333056)
(-0.00788363 -0.00929613 -0.00323598)
(-0.00818727 -0.00960445 -0.00337038)
(-0.00830652 -0.00999543 -0.00345921)
(-0.00813164 -0.00992205 -0.00336342)
(-0.00799471 -0.00996605 -0.00334775)
(-0.00791534 -0.00963802 -0.00306907)
(-0.00781 -0.00987346 -0.00304221)
(-0.00836708 -0.00995812 -0.0033558)
(-0.00747294 -0.00969097 -0.00316485)
(-0.00709634 -0.00918188 -0.00300612)
(-0.00754753 -0.00971723 -0.00313355)
(-0.00775786 -0.0095486 -0.00315685)
(-0.00723155 -0.00937672 -0.00305267)
(-0.00747601 -0.00924662 -0.00309956)
(-0.00741546 -0.00934287 -0.00308266)
(-0.00744304 -0.00982666 -0.00322615)
(-0.00777751 -0.0097658 -0.00312588)
(-0.00755213 -0.00970548 -0.00317354)
(-0.00730088 -0.00950136 -0.00314338)
(-0.0072624 -0.00911308 -0.00302522)
(-0.0070045 -0.00924361 -0.0030496)
(-0.00696161 -0.00924962 -0.0030632)
(-0.00760588 -0.00955835 -0.00323132)
(-0.00763232 -0.00922361 -0.00303483)
(-0.00762318 -0.00911609 -0.00295005)
(-0.0076972 -0.00938147 -0.00312814)
(-0.00819213 -0.00984434 -0.00312385)
(-0.00794226 -0.00987759 -0.00343542)
(-0.00783452 -0.00907401 -0.00304751)
(-0.00709131 -0.00919575 -0.00312507)
(-0.00750682 -0.00947382 -0.00317618)
(-0.00748058 -0.00928704 -0.00310239)
(-0.00729018 -0.00919106 -0.00301001)
(-0.0073788 -0.00936246 -0.0031722)
(-0.00776414 -0.00986842 -0.00331008)
(-0.00618556 -0.00763544 -0.00259599)
(-0.00736175 -0.00913251 -0.00303722)
(-0.00736232 -0.00868743 -0.00259925)
(-0.00725578 -0.00915562 -0.00321694)
(-0.00724616 -0.00904799 -0.00301654)
(-0.00717447 -0.00908997 -0.00303825)
(-0.00704138 -0.00841781 -0.00280526)
(-0.00716202 -0.00927381 -0.00331452)
(-0.00730008 -0.00948506 -0.00331132)
(-0.0074653 -0.00910282 -0.00320372)
(-0.00746113 -0.00955801 -0.00332277)
(-0.00764984 -0.00969954 -0.0030021)
(-0.0067886 -0.00894753 -0.00289708)
(-0.0077522 -0.0100226 -0.00317845)
(-0.00725352 -0.00933512 -0.00294119)
(-0.00726519 -0.00956215 -0.00286979)
(-0.00716366 -0.00913703 -0.00269359)
(-0.00718954 -0.00959166 -0.00286577)
(-0.00800068 -0.00982268 -0.00337103)
(-0.0082909 -0.00947787 -0.00334128)
(-0.00768935 -0.00938544 -0.0031301)
(-0.00812224 -0.00950716 -0.00327171)
(-0.0076877 -0.00915471 -0.00315448)
(-0.00787467 -0.0089812 -0.00321329)
(-0.00783407 -0.00931099 -0.00340328)
(-0.00823351 -0.0093635 -0.00357652)
(-0.00782038 -0.00932561 -0.00324106)
(-0.00808473 -0.00973014 -0.00330813)
(-0.00787663 -0.00961732 -0.00320096)
(-0.0083776 -0.00991294 -0.00351744)
(-0.00766059 -0.00941213 -0.00326115)
(-0.00780765 -0.00944962 -0.00332258)
(-0.00736971 -0.00895641 -0.00317802)
(-0.0073556 -0.00879577 -0.00322614)
(-0.00732192 -0.00909699 -0.00292195)
(-0.00741546 -0.0089126 -0.00305538)
(-0.00761519 -0.00907426 -0.00335712)
(-0.00681479 -0.00875941 -0.00207632)
(-0.00697098 -0.00857022 -0.0025566)
(-0.00716527 -0.00871753 -0.0028038)
(-0.00668525 -0.00873985 -0.00275538)
(-0.00735971 -0.00850661 -0.00381923)
(-0.0080767 -0.0100406 -0.00310372)
(-0.0070963 -0.0085961 -0.00278136)
(-0.00706491 -0.00906234 -0.00347299)
(-0.00746753 -0.00917014 -0.00302593)
(-0.00774269 -0.0094905 -0.00356452)
(-0.00712174 -0.00871226 -0.00287283)
(-0.0071132 -0.00875464 -0.00329953)
(-0.00800092 -0.0094752 -0.00314057)
(-0.00762605 -0.00947721 -0.00280607)
(-0.00797639 -0.00958083 -0.00330467)
(-0.00761173 -0.00954257 -0.00300188)
(-0.00694411 -0.00860492 -0.00329632)
(-0.00758734 -0.00919393 -0.00310199)
(-0.00776589 -0.00931843 -0.00364865)
(-0.00726355 -0.00878532 -0.00307403)
(-0.00709947 -0.0091613 -0.00323359)
(-0.00758751 -0.00940833 -0.00320451)
(-0.00742619 -0.00948474 -0.00324318)
(-0.0072512 -0.00924484 -0.00326484)
(-0.00743511 -0.00937442 -0.00326232)
(-0.00726708 -0.00905306 -0.00307366)
(-0.00750449 -0.00911274 -0.0030753)
(-0.00778006 -0.00910695 -0.00332957)
(-0.0077706 -0.00931835 -0.00320039)
(-0.00719309 -0.00871036 -0.00305608)
(-0.00794239 -0.00970882 -0.00294268)
(-0.00740557 -0.00908751 -0.00301737)
(-0.00767442 -0.00871932 -0.00364381)
(-0.00843756 -0.00968002 -0.00372906)
(-0.00761914 -0.00909509 -0.00330885)
(-0.00757388 -0.00974995 -0.00314786)
(-0.00785796 -0.00962427 -0.00320807)
(-0.00797054 -0.00964376 -0.00336602)
(-0.00752203 -0.00920705 -0.00310441)
(-0.00801623 -0.00967344 -0.00323339)
(-0.00803669 -0.00970938 -0.00334893)
(-0.00809125 -0.00987547 -0.00341604)
(-0.00765541 -0.00967249 -0.00299815)
(-0.00774422 -0.00942946 -0.00337287)
(-0.00732551 -0.00918609 -0.00298027)
(-0.00744053 -0.00927259 -0.00294985)
(-0.00730937 -0.00904561 -0.00300074)
(-0.00735993 -0.00910336 -0.0030702)
(-0.00745404 -0.0091875 -0.00301628)
(-0.00732444 -0.0094096 -0.00296192)
(-0.00729562 -0.00909041 -0.00304455)
(-0.00772703 -0.00906771 -0.0031339)
(-0.00747952 -0.00884649 -0.00304147)
(-0.00771479 -0.00914478 -0.00293346)
(-0.00752678 -0.00913025 -0.0030924)
(-0.00772229 -0.00925317 -0.00302739)
(-0.00707512 -0.0086513 -0.00276702)
(-0.0072596 -0.00873554 -0.00286517)
(-0.00756698 -0.00941179 -0.00291136)
(-0.00747032 -0.00876723 -0.00307771)
(-0.00762705 -0.0093854 -0.00297498)
(-0.00771115 -0.00970127 -0.00330205)
(-0.00739795 -0.00919179 -0.00346139)
(-0.00746069 -0.00951645 -0.00273519)
(-0.00803215 -0.00975915 -0.00363981)
(-0.0075685 -0.00962152 -0.00350536)
(-0.00705844 -0.0089481 -0.00357786)
(-0.00741346 -0.00943889 -0.00373239)
(-0.0071009 -0.00928037 -0.0031971)
(-0.0071354 -0.00938369 -0.00351134)
(-0.00703125 -0.0094144 -0.00341401)
(-0.0072012 -0.00911347 -0.00367174)
(-0.00791476 -0.00953124 -0.00320994)
(-0.00705645 -0.0087906 -0.00349106)
(-0.00673264 -0.00849041 -0.00310022)
(-0.00715088 -0.00885376 -0.00331678)
(-0.00680781 -0.00904772 -0.00383077)
)
;
    }
    INLET
    {
        type            calculated;
        value           nonuniform 0();
    }
    OUTLET
    {
        type            calculated;
        value           uniform (0 0 0);
    }
    procBoundary5to4
    {
        type            processor;
        value           uniform (0 0 0);
    }
}


// ************************************************************************* //
