/*--------------------------------*- C++ -*----------------------------------*\
| =========                 |                                                 |
| \\      /  F ield         | OpenFOAM: The Open Source CFD Toolbox           |
|  \\    /   O peration     | Version:  v1612+                                |
|   \\  /    A nd           | Web:      www.OpenFOAM.com                      |
|    \\/     M anipulation  |                                                 |
\*---------------------------------------------------------------------------*/
FoamFile
{
    version     2.0;
    format      ascii;
    class       labelList;
    location    "constant/polyMesh";
    object      pointProcAddressing;
}
// * * * * * * * * * * * * * * * * * * * * * * * * * * * * * * * * * * * * * //


6566
(
136
137
138
139
312
315
316
317
318
319
320
321
322
323
324
1343
1346
1347
1348
1350
1351
1354
1355
1356
1357
1358
1359
1360
1368
1369
1370
1371
1373
1374
1375
1376
1377
1378
1379
1380
1381
1382
1383
1384
1385
1386
1387
1388
1389
1390
1391
1392
1393
1394
1395
1396
1397
1398
1399
1400
1401
1402
1403
1404
1405
1406
1407
1408
1409
1410
1411
1416
1417
1418
1423
1424
1425
1426
1427
1428
1429
1430
1431
1432
1433
1434
1435
1436
1437
1438
1439
1440
1441
1442
2910
2911
2912
2913
2914
2915
2916
2921
2922
2923
2924
2925
2926
2927
2928
2929
2930
2931
2932
2933
2934
2935
2936
2937
2938
2939
2940
2941
2942
2943
2944
2945
2946
2947
2948
3027
3220
3221
3222
3223
3226
3227
3237
3241
3242
3253
3729
3730
3731
3732
3733
3734
3735
3736
3737
3738
3739
3740
3741
3742
3743
3744
3745
3746
3747
3748
3749
3750
3751
3752
3753
3754
3755
3756
3757
3758
3759
3760
3761
3762
3763
3764
3765
3766
3767
3768
3769
3770
3771
3772
3773
3774
3775
3776
3777
3778
3782
3783
3784
3786
3788
3793
3795
3796
3799
3800
3801
3802
3803
3804
3805
3806
3807
3808
3809
3810
3811
3812
3813
3814
3815
3816
3817
3818
3819
3820
3821
3822
3823
3824
3825
3826
3827
3828
3829
3830
3831
3832
3833
3834
3835
3836
3837
3838
3839
3840
3841
3842
3843
3844
3845
3846
3847
3848
3849
3850
3851
3852
3853
3857
3858
3859
3860
3861
3862
3872
3873
3874
3875
3876
3877
3878
3879
3880
3881
3883
3884
3885
3898
14228
14240
14242
14245
14246
14247
14248
14249
14250
14251
14252
14253
14254
14255
14256
14257
14258
14259
14260
14261
14262
14263
14264
14265
14302
14303
14304
14305
14306
14307
14308
14309
14310
14311
14312
14313
14314
14315
14316
14321
14325
14331
14332
14336
14337
14338
14339
14340
14341
14342
14343
14344
14345
14346
14347
14348
14349
14383
14384
14385
14386
14387
14388
14389
14390
14391
14392
14393
14394
14395
14396
14397
14398
14399
14400
14401
14402
14403
14404
14405
14406
14407
14408
14409
14412
14413
14414
14415
14416
14417
14418
14419
14420
14421
14422
14423
14424
14425
14428
14429
14430
14431
14432
14433
14434
14435
14436
14437
14438
14439
14440
14441
14442
14443
14444
14445
14446
14447
14448
14449
14450
14451
14452
14453
14454
14455
14456
14457
14458
14459
14460
14461
14462
14463
14464
14465
14466
14467
14468
14469
14470
14471
14472
14473
14474
14475
14476
14477
14478
14479
14480
14481
14482
14483
14484
14485
14486
14487
14488
14489
14490
14491
14492
14493
14494
14495
14496
14497
14498
14499
14500
14501
14502
14503
14504
14505
14506
14507
14508
14509
14510
14511
14512
14513
14514
14515
14516
14517
14518
14519
14520
14521
14522
14523
14524
14525
14526
14527
14528
14529
14530
14531
14532
14533
14534
14535
14536
14537
14538
14539
14540
14541
14542
14543
14544
14545
14546
14547
14548
14549
14550
14551
14552
14553
14554
14555
14556
14560
14564
14565
14569
14570
14596
14597
14598
14599
14600
14601
14602
14603
14604
14605
14606
14607
14608
14609
14610
14611
14612
14613
14614
14615
14616
14617
14618
14619
14620
14621
14622
14623
14624
14625
14626
14627
14628
14629
14630
14631
14632
14645
14650
14652
14653
14654
14655
14656
14657
14658
14659
14663
14664
14665
14666
14667
14668
14669
14670
14671
14672
14673
14674
14675
14676
14677
14678
14679
14680
14681
14682
14683
14684
14685
14688
14689
14693
14694
14695
14696
14697
14698
14699
14700
14702
14704
14705
14706
14707
14708
14709
14710
14711
14796
22094
22095
22096
22097
22098
22099
22100
22101
22102
22103
22104
22105
22107
22108
22109
22110
22111
22112
22113
22114
22132
22133
22152
22153
22154
22155
23362
23366
23367
23368
23369
23370
23371
23372
23373
23374
23375
23376
23377
23378
23379
23380
23381
23382
23383
23384
23385
23386
23387
23388
23389
23390
23391
23392
23393
23394
23395
23396
23484
23485
23486
23487
23489
23663
23664
23667
23668
23669
24721
24724
24728
24729
24730
24731
24732
24738
24739
24740
24741
24742
24743
24744
24745
24746
24747
24748
24749
24750
24751
24752
24753
24754
24755
24756
24757
24759
24760
24761
24762
24763
24764
24765
24766
24767
24773
24774
24775
24776
24778
24779
24790
24791
24792
24793
24794
24795
24797
24801
26316
26320
26321
26322
26323
26324
26325
26326
26327
26328
26329
26330
26331
26335
26336
26337
26338
26339
26340
26341
26342
26343
26344
26345
26346
26413
26454
26455
26456
26457
26458
26648
26650
26651
26654
26655
26656
26815
26816
26853
26908
26931
26932
26933
26934
26935
26936
26973
26989
26990
26991
27225
27226
27227
27228
27229
27230
27231
27232
27233
27234
27235
27236
27237
27238
27239
27240
27241
27242
27417
27451
27452
27485
27524
27525
27526
27527
27539
28038
28055
28089
28130
28158
28175
28202
28210
28223
28265
28296
28303
28338
28372
28373
28378
28392
28400
28405
28409
28433
28436
28439
28456
28459
28494
28498
28533
28535
28650
28661
28703
28729
28730
28735
28749
28750
28757
28759
28796
28823
28831
28837
28850
28868
28876
28878
28940
28945
28950
28994
29026
29091
29092
29093
29153
29191
29224
29226
29311
29345
29355
29387
29404
29419
29485
29490
29507
29515
29518
29531
29535
29554
29558
29569
29571
29574
29598
29607
29624
29664
29689
29699
29711
29712
29735
29740
29756
29767
29780
29789
29804
29829
29877
29883
29892
29914
29924
29948
29969
29977
29978
29979
29984
29987
30006
30007
30031
30034
30050
30069
30096
30130
30179
30186
30191
30232
30240
30250
30255
30285
30291
30294
30303
30313
30336
30345
30349
30398
30421
30433
30434
30436
30448
30452
30455
30456
30461
30466
30508
30532
30539
30540
30562
30564
30579
30584
30600
30618
30674
30680
30707
30724
30736
30760
30781
30784
30788
30793
30794
30809
30835
30857
30873
30907
30923
30941
30944
30956
30982
30988
31002
31008
31054
31057
31110
31132
31150
31173
31180
31224
31231
31291
31321
31350
31361
31387
31394
31406
31432
31451
31527
31596
31606
31615
31622
31652
31711
31739
31762
31773
31793
31804
31805
31821
31829
31838
31858
31897
31943
31950
32017
32117
32131
32135
32159
32174
32181
32224
32252
32259
32271
32287
32342
32357
32385
32419
32420
32444
32462
32468
32473
32477
32548
32557
32581
32582
32583
32607
32625
32631
32634
32646
32654
32729
32777
32812
32836
32882
32907
32909
32930
32953
32966
32967
32992
32999
33005
33026
33044
33061
33066
33074
33098
33099
33147
33150
33152
33173
33187
33240
33267
33300
33316
33320
33338
33340
33374
33479
33565
33568
33604
33626
33628
33634
33648
33664
33676
33691
33857
33864
33871
33880
33882
33889
33896
33902
33912
33914
33928
33941
33966
33970
33986
34006
34013
34042
34045
34099
34158
34160
34250
34258
34259
34302
34322
34327
34385
34404
34408
34411
34440
34493
34510
34511
34532
34553
34621
34623
34656
34687
34703
34755
34792
34822
34883
34896
34920
34929
34942
34956
34999
35005
35013
35018
35021
35051
35078
35084
35091
35092
35114
35131
35179
35196
35215
35234
35266
35327
35346
35360
35408
35410
35420
35443
35463
35468
35521
35554
35572
35601
35602
35617
35624
35645
35653
35655
35672
35719
35726
35745
35795
35796
35817
35826
35889
35928
35932
35934
35938
35950
35973
35979
35987
36016
36026
36030
36038
36051
36080
36082
36108
36119
36135
36144
36169
36172
36187
36190
36227
36246
36268
36272
36279
36313
36330
36386
36388
36397
36415
36431
36433
36439
36457
36460
36477
36493
36496
36497
36507
36510
36535
36544
36561
36580
36581
36597
36618
36662
36670
36700
36718
36772
36794
36806
36808
36859
36902
36954
36984
37063
37065
37071
37087
37089
37095
37098
37125
37164
37185
37203
37235
37243
37260
37269
37283
37287
37288
37303
37305
37341
37366
37380
37389
37398
37435
37466
37499
37541
37553
37557
37573
37593
37612
37631
37633
37641
37653
37659
37665
37673
37674
37688
37692
37711
37731
37735
37761
37768
37811
37812
37813
37831
37843
37866
37884
37894
37900
37901
37919
37937
37958
37966
37975
37982
37985
37987
38039
38045
38064
38093
38111
38114
38128
38134
38139
38176
38178
38185
38258
38266
38268
38269
38291
38308
38341
38348
38388
38441
38455
38480
38505
38547
38565
38590
38604
38623
38657
38685
38696
38704
38751
38785
38794
38796
38820
38826
38843
38849
38872
38885
38911
38961
38988
39008
39010
39019
39022
39047
39070
39072
39078
39080
39084
39093
39108
39124
39145
39162
39195
39209
39211
39242
39258
39261
39266
39268
39272
39286
39326
39366
39367
39369
39384
39483
39492
39560
39578
39621
39627
39649
39650
39664
39709
39725
39744
39814
39826
39831
39841
39851
39864
39883
39893
39938
39948
39991
40001
40021
40059
40065
40071
40077
40092
40099
40118
40138
40148
40156
40167
40174
40189
40212
40246
40265
40266
40341
40343
40366
40369
40392
40399
40416
40444
40458
40471
40515
40521
40538
40558
40565
40604
40660
40671
40683
40691
40693
40698
40720
40782
40799
40828
40863
40889
40900
40926
40932
41055
41082
41090
41121
41178
41231
41235
41244
41246
41268
41278
41286
41309
41316
41330
41390
41395
41401
41419
41427
41443
41474
41484
41499
41512
41562
41576
41584
41603
41642
41647
41657
41660
41677
41691
41710
41726
41729
41752
41781
41792
41821
41833
41836
41844
41932
41937
41975
42000
42019
42066
42081
42103
42131
42166
42200
42208
42232
42238
42278
42280
42314
42331
42332
42392
42398
42405
42407
42424
42437
42460
42518
42525
42528
42531
42549
42563
42569
42595
42613
42624
42630
42637
42657
42661
42662
42685
42687
42697
42704
42726
42727
42732
42741
42762
42774
42777
42781
42794
42871
42896
42948
42966
42972
43031
43036
43045
43067
43074
43093
43193
43280
43319
43357
43367
43392
43435
43459
43534
43540
43545
43568
43588
43589
43596
43615
43664
43666
43670
43671
43706
43748
43818
43823
43844
43855
43869
43871
43882
43929
43931
43937
43954
43955
43998
44026
44037
44040
44101
44128
44134
44211
44223
44237
44240
44283
44294
44297
44299
44308
44314
44325
44330
44441
44460
44470
44508
44553
44555
44563
44565
44575
44608
44631
44643
44645
44649
44658
44659
44706
44729
44764
44779
44788
44811
44828
44875
44895
44912
44931
44957
44971
44973
44989
44991
45043
45060
45081
45084
45111
45130
45156
45157
45174
45176
45187
45201
45220
45225
45227
45229
45243
45246
45261
45275
45281
45317
45375
45392
45419
45454
45459
45465
45466
45483
45514
45561
45585
45597
45601
45615
45623
45627
45631
45634
45638
45640
45658
45677
45744
45755
45762
45770
45781
45784
45801
45807
45810
45820
45828
45839
45846
45867
45873
45876
45928
45941
46010
46031
46039
46044
46063
46066
46070
46140
46144
46148
46154
46193
46214
46246
46258
46285
46287
46298
46299
46332
46343
46355
46378
46441
46460
46470
46498
46539
46619
46647
46694
46706
46747
46816
46827
46829
46830
46859
46871
46916
46988
47022
47033
47052
47055
47067
47081
47089
47107
47110
47115
47120
47140
47142
47151
47154
47162
47170
47179
47206
47231
47232
47233
47263
47272
47303
47319
47354
47356
47368
47369
47421
47440
47476
47486
47492
47572
47580
47591
47605
47614
47627
47631
47651
47664
47687
47691
47728
47752
47761
47819
47839
47853
47874
47877
47879
47884
47917
47951
47958
47964
47970
48021
48053
48056
48059
48072
48075
48106
48142
48155
48180
48186
48189
48240
48248
48275
48284
48289
48294
48300
48313
48316
48343
48367
48393
48400
48410
48488
48518
48521
48532
48548
48576
48577
48592
48594
48601
48620
48635
48660
48662
48686
48719
48727
48731
48740
48752
48758
48762
48796
48807
48811
48859
48911
48914
48934
48946
48948
48951
48957
48963
48981
49005
49016
49020
49021
49046
49053
49062
49095
49113
49148
49175
49185
49212
49214
49251
49263
49269
49317
49323
49327
49328
49364
49366
49393
49416
49428
49441
49506
49509
49510
49521
49531
49534
49537
49578
49582
49590
49596
49598
49639
49667
49693
49694
49718
49761
49769
49812
49826
49834
49835
49838
49865
49877
49884
49887
49904
49936
49959
49970
49972
49981
49984
49985
49997
50028
50030
50044
50048
50054
50078
50100
50103
50107
50137
50139
50198
50200
50208
50242
50276
50277
50317
50329
50334
50340
50354
50414
50441
50461
50469
50532
50536
50563
50605
50627
50643
50662
50671
50674
50691
50713
50800
50802
50809
50815
50848
50855
50875
50897
50910
50926
50935
50943
50951
51001
51003
51013
51027
51054
51069
51112
51116
51128
51136
51166
51198
51236
51268
51334
51355
51371
51376
51398
51407
51414
51463
51490
51504
51566
51570
51575
51576
51592
51603
51605
51610
51634
51644
51659
51690
51693
51696
51725
51741
51769
51784
51815
51838
51880
51902
51903
51937
51945
51958
51964
51991
51995
52003
52026
52039
52152
52168
52203
52232
52238
52256
52275
52301
52304
52375
52386
52426
52473
52515
52529
52591
52628
52643
52670
52672
52690
52691
52738
53075
53077
53078
53079
53080
53081
53082
53086
53087
53089
53090
53091
53092
53093
53094
53095
53096
53097
53098
53099
53100
53101
53102
53103
53104
53105
53106
53107
53108
53582
53583
53584
53585
53669
53670
53671
53672
53673
53674
53675
53847
53848
53849
53850
53851
53852
53853
53854
53855
53856
53857
53858
53859
53861
53862
53863
53864
53865
53866
53867
53868
53869
53870
53871
53872
53873
53874
53875
53876
53877
53881
53882
53883
53884
53894
53895
53896
53897
53898
53899
57368
57369
57370
57371
57372
57376
57377
57378
57379
57380
57381
57382
57390
57391
57392
57393
57401
57402
57403
57404
57405
57406
57407
57408
57409
57410
57411
57412
57414
57415
57416
57417
57418
57419
57420
57421
57422
57423
57424
57425
57426
57427
57428
57429
57430
57431
57432
57433
57434
57435
57436
57437
57438
57439
57440
57441
57442
57443
57444
57445
57446
57447
57465
57466
57467
57468
57469
57470
57471
57472
57473
57474
57475
57479
57480
57481
57483
57484
57485
57486
57487
57488
57489
57493
57494
57495
59908
59909
59910
60192
60193
60194
60195
60196
60197
60266
60267
60268
60269
60270
60271
60272
60273
60274
60275
60276
60277
60278
60279
60280
60281
60287
60288
60950
60951
60957
60959
60960
60961
60962
60963
60964
60965
60966
60967
60968
60969
60970
60971
65813
65814
65815
65816
65817
65818
65819
65820
65821
65830
65831
65833
65834
65835
65845
65846
65847
65848
65849
65850
65851
65852
65853
65854
65855
65856
65857
65858
65859
65860
65861
65862
65863
65882
65885
65888
65889
65890
65891
65892
65893
65894
65895
65896
65897
65898
65899
65900
65901
65902
65903
65904
65905
65906
65907
65908
65909
65910
65911
65912
65913
65914
65915
65916
65917
65918
65919
65920
65921
65922
65923
65924
65925
65926
65927
65928
65929
65930
65931
65932
65933
65934
65935
65936
65937
65938
65939
65940
65941
65942
65943
65944
65945
65946
65947
65948
65949
65950
65951
65952
65953
65954
65955
65956
65957
65958
65959
65960
65961
65962
65963
65964
65965
65966
65967
65968
65969
65974
65975
65976
65977
65978
65979
65980
65981
65982
65983
65984
65985
65986
65987
65988
65989
65990
65991
65992
65993
65994
65995
65996
65997
65998
65999
66000
66001
66002
66003
66004
66005
66006
66007
66008
66009
66010
66011
66012
66013
66014
66015
66044
66045
66046
66047
66048
66049
66050
66051
66052
66053
66054
66055
66057
66062
66063
66064
66065
66066
66067
66068
66069
66070
66071
66118
66119
66120
66121
66122
66123
66124
66125
66126
66127
66128
66129
66130
66131
66132
66133
66134
66135
66136
66137
66138
66139
66140
66147
66148
66151
66152
66168
66169
66170
66171
66174
73665
73667
73668
73669
73670
73671
73672
73676
73677
73679
73680
73681
73682
73683
73684
73685
73686
73687
73688
73689
73690
73691
73692
73693
73694
73695
73696
73697
73698
74172
74173
74174
74175
74259
74260
74261
74262
74263
74264
74265
74437
74438
74439
74440
74441
74442
74443
74444
74445
74446
74447
74448
74449
74451
74452
74453
74454
74455
74456
74457
74458
74459
74460
74461
74462
74463
74464
74465
74466
74467
74471
74472
74473
74474
74484
74485
74486
74487
74488
74489
77958
77959
77960
77961
77962
77966
77967
77968
77969
77970
77971
77972
77980
77981
77982
77983
77991
77992
77993
77994
77995
77996
77997
77998
77999
78000
78001
78002
78004
78005
78006
78007
78008
78009
78010
78011
78012
78013
78014
78015
78016
78017
78018
78019
78020
78021
78022
78023
78024
78025
78026
78027
78028
78029
78030
78031
78032
78033
78034
78035
78036
78037
78055
78056
78057
78058
78059
78060
78061
78062
78063
78064
78065
78069
78070
78071
78073
78074
78075
78076
78077
78078
78079
78083
78084
78085
80498
80499
80500
80782
80783
80784
80785
80786
80787
80856
80857
80858
80859
80860
80861
80862
80863
80864
80865
80866
80867
80868
80869
80870
80871
80877
80878
81540
81541
81547
81549
81550
81551
81552
81553
81554
81555
81556
81557
81558
81559
81560
81561
86403
86404
86405
86406
86407
86408
86409
86410
86411
86420
86421
86423
86424
86425
86435
86436
86437
86438
86439
86440
86441
86442
86443
86444
86445
86446
86447
86448
86449
86450
86451
86452
86453
86472
86475
86478
86479
86480
86481
86482
86483
86484
86485
86486
86487
86488
86489
86490
86491
86492
86493
86494
86495
86496
86497
86498
86499
86500
86501
86502
86503
86504
86505
86506
86507
86508
86509
86510
86511
86512
86513
86514
86515
86516
86517
86518
86519
86520
86521
86522
86523
86524
86525
86526
86527
86528
86529
86530
86531
86532
86533
86534
86535
86536
86537
86538
86539
86540
86541
86542
86543
86544
86545
86546
86547
86548
86549
86550
86551
86552
86553
86554
86555
86556
86557
86558
86559
86564
86565
86566
86567
86568
86569
86570
86571
86572
86573
86574
86575
86576
86577
86578
86579
86580
86581
86582
86583
86584
86585
86586
86587
86588
86589
86590
86591
86592
86593
86594
86595
86596
86597
86598
86599
86600
86601
86602
86603
86604
86605
86634
86635
86636
86637
86638
86639
86640
86641
86642
86643
86644
86645
86647
86652
86653
86654
86655
86656
86657
86658
86659
86660
86661
86708
86709
86710
86711
86712
86713
86714
86715
86716
86717
86718
86719
86720
86721
86722
86723
86724
86725
86726
86727
86728
86729
86730
86737
86738
86741
86742
86758
86759
86760
86761
86764
93822
93824
93825
93826
93827
93828
93829
93833
93834
93836
93837
93838
93839
93840
93841
93842
93843
93844
93845
93846
93847
93848
93849
93850
93851
93852
93853
93854
93855
94329
94330
94331
94332
94416
94417
94418
94419
94420
94421
94422
94594
94595
94596
94597
94598
94599
94600
94601
94602
94603
94604
94605
94606
94608
94609
94610
94611
94612
94613
94614
94615
94616
94617
94618
94619
94620
94621
94622
94623
94624
94628
94629
94630
94631
94641
94642
94643
94644
94645
94646
98115
98116
98117
98118
98119
98123
98124
98125
98126
98127
98128
98129
98137
98138
98139
98140
98148
98149
98150
98151
98152
98153
98154
98155
98156
98157
98158
98159
98161
98162
98163
98164
98165
98166
98167
98168
98169
98170
98171
98172
98173
98174
98175
98176
98177
98178
98179
98180
98181
98182
98183
98184
98185
98186
98187
98188
98189
98190
98191
98192
98193
98194
98212
98213
98214
98215
98216
98217
98218
98219
98220
98221
98222
98226
98227
98228
98230
98231
98232
98233
98234
98235
98236
98240
98241
98242
100655
100656
100657
100939
100940
100941
100942
100943
100944
101013
101014
101015
101016
101017
101018
101019
101020
101021
101022
101023
101024
101025
101026
101027
101028
101034
101035
101697
101698
101704
101706
101707
101708
101709
101710
101711
101712
101713
101714
101715
101716
101717
101718
106560
106561
106562
106563
106564
106565
106566
106567
106568
106577
106578
106580
106581
106582
106592
106593
106594
106595
106596
106597
106598
106599
106600
106601
106602
106603
106604
106605
106606
106607
106608
106609
106610
106629
106632
106635
106636
106637
106638
106639
106640
106641
106642
106643
106644
106645
106646
106647
106648
106649
106650
106651
106652
106653
106654
106655
106656
106657
106658
106659
106660
106661
106662
106663
106664
106665
106666
106667
106668
106669
106670
106671
106672
106673
106674
106675
106676
106677
106678
106679
106680
106681
106682
106683
106684
106685
106686
106687
106688
106689
106690
106691
106692
106693
106694
106695
106696
106697
106698
106699
106700
106701
106702
106703
106704
106705
106706
106707
106708
106709
106710
106711
106712
106713
106714
106715
106716
106721
106722
106723
106724
106725
106726
106727
106728
106729
106730
106731
106732
106733
106734
106735
106736
106737
106738
106739
106740
106741
106742
106743
106744
106745
106746
106747
106748
106749
106750
106751
106752
106753
106754
106755
106756
106757
106758
106759
106760
106761
106762
106791
106792
106793
106794
106795
106796
106797
106798
106799
106800
106801
106802
106804
106809
106810
106811
106812
106813
106814
106815
106816
106817
106818
106865
106866
106867
106868
106869
106870
106871
106872
106873
106874
106875
106876
106877
106878
106879
106880
106881
106882
106883
106884
106885
106886
106887
106894
106895
106898
106899
106915
106916
106917
106918
106921
113531
113533
113534
113535
113536
113537
113538
113542
113543
113545
113546
113547
113548
113549
113550
113551
113552
113553
113554
113555
113556
113557
113558
113559
113560
113561
113562
113563
113564
114038
114039
114040
114041
114125
114126
114127
114128
114129
114130
114131
114303
114304
114305
114306
114307
114308
114309
114310
114311
114312
114313
114314
114315
114317
114318
114319
114320
114321
114322
114323
114324
114325
114326
114327
114328
114329
114330
114331
114332
114333
114337
114338
114339
114340
114350
114351
114352
114353
114354
114355
117824
117825
117826
117827
117828
117832
117833
117834
117835
117836
117837
117838
117846
117847
117848
117849
117857
117858
117859
117860
117861
117862
117863
117864
117865
117866
117867
117868
117870
117871
117872
117873
117874
117875
117876
117877
117878
117879
117880
117881
117882
117883
117884
117885
117886
117887
117888
117889
117890
117891
117892
117893
117894
117895
117896
117897
117898
117899
117900
117901
117902
117903
117921
117922
117923
117924
117925
117926
117927
117928
117929
117930
117931
117935
117936
117937
117939
117940
117941
117942
117943
117944
117945
117949
117950
117951
120364
120365
120366
120648
120649
120650
120651
120652
120653
120722
120723
120724
120725
120726
120727
120728
120729
120730
120731
120732
120733
120734
120735
120736
120737
120743
120744
121406
121407
121413
121415
121416
121417
121418
121419
121420
121421
121422
121423
121424
121425
121426
121427
126269
126270
126271
126272
126273
126274
126275
126276
126277
126286
126287
126289
126290
126291
126301
126302
126303
126304
126305
126306
126307
126308
126309
126310
126311
126312
126313
126314
126315
126316
126317
126318
126319
126338
126341
126344
126345
126346
126347
126348
126349
126350
126351
126352
126353
126354
126355
126356
126357
126358
126359
126360
126361
126362
126363
126364
126365
126366
126367
126368
126369
126370
126371
126372
126373
126374
126375
126376
126377
126378
126379
126380
126381
126382
126383
126384
126385
126386
126387
126388
126389
126390
126391
126392
126393
126394
126395
126396
126397
126398
126399
126400
126401
126402
126403
126404
126405
126406
126407
126408
126409
126410
126411
126412
126413
126414
126415
126416
126417
126418
126419
126420
126421
126422
126423
126424
126425
126430
126431
126432
126433
126434
126435
126436
126437
126438
126439
126440
126441
126442
126443
126444
126445
126446
126447
126448
126449
126450
126451
126452
126453
126454
126455
126456
126457
126458
126459
126460
126461
126462
126463
126464
126465
126466
126467
126468
126469
126470
126471
126500
126501
126502
126503
126504
126505
126506
126507
126508
126509
126510
126511
126513
126518
126519
126520
126521
126522
126523
126524
126525
126526
126527
126574
126575
126576
126577
126578
126579
126580
126581
126582
126583
126584
126585
126586
126587
126588
126589
126590
126591
126592
126593
126594
126595
126596
126603
126604
126607
126608
126624
126625
126626
126627
126630
134073
134074
134075
134080
134081
134091
134093
134094
134095
134097
134099
134100
134101
134102
134103
134104
134105
134106
134107
134108
134109
134110
134111
134112
134113
134114
134115
134116
134117
134118
134119
134120
134121
134122
134123
134124
134125
134126
134127
134128
134129
134130
134131
134132
134133
134134
134135
134136
134137
134138
134139
134140
134141
134142
134143
134144
134145
134146
134149
134158
134159
134164
134165
134166
134167
134168
134169
134170
134171
134172
134173
134174
134175
134176
134177
134178
134179
134180
134181
134182
134183
134184
134185
134186
134187
134188
134190
134192
134193
134197
134198
134199
134200
134201
134202
134203
134204
134205
134206
134207
134208
134209
134210
134211
134212
134213
134214
134215
134216
134217
134218
134545
134550
134552
134553
134713
134779
134780
134781
134782
134783
134784
134785
134786
134787
134788
134789
134790
134791
134792
134793
134794
134795
134796
134797
134798
134799
134800
134801
134802
134803
134804
134805
134806
134807
136031
136032
136033
136034
136035
136036
136044
136045
136046
136047
136048
136049
136050
136051
136052
136053
136067
136069
136070
136071
136072
136073
136074
136075
136076
136077
136078
136080
136081
136083
136084
136085
136086
136087
137084
137085
137086
137087
137088
137089
137090
137091
137092
137093
137094
137095
137096
137097
137452
137454
137455
137456
137457
137458
137459
137463
137464
137466
137467
137468
137469
137470
137471
137472
137473
137474
137475
137476
137477
137478
137479
137480
137481
137482
137483
137484
137485
137959
137960
137961
137962
138046
138047
138048
138049
138050
138051
138052
138224
138225
138226
138227
138228
138229
138230
138231
138232
138233
138234
138235
138236
138238
138239
138240
138241
138242
138243
138244
138245
138246
138247
138248
138249
138250
138251
138252
138253
138254
138258
138259
138260
138261
138271
138272
138273
138274
138275
138276
141745
141746
141747
141748
141749
141753
141754
141755
141756
141757
141758
141759
141767
141768
141769
141770
141778
141779
141780
141781
141782
141783
141784
141785
141786
141787
141788
141789
141791
141792
141793
141794
141795
141796
141797
141798
141799
141800
141801
141802
141803
141804
141805
141806
141807
141808
141809
141810
141811
141812
141813
141814
141815
141816
141817
141818
141819
141820
141821
141822
141823
141824
141842
141843
141844
141845
141846
141847
141848
141849
141850
141851
141852
141856
141857
141858
141860
141861
141862
141863
141864
141865
141866
141870
141871
141872
144285
144286
144287
144569
144570
144571
144572
144573
144574
144643
144644
144645
144646
144647
144648
144649
144650
144651
144652
144653
144654
144655
144656
144657
144658
144664
144665
145327
145328
145334
145336
145337
145338
145339
145340
145341
145342
145343
145344
145345
145346
145347
145348
150190
150191
150192
150193
150194
150195
150196
150197
150198
150207
150208
150210
150211
150212
150222
150223
150224
150225
150226
150227
150228
150229
150230
150231
150232
150233
150234
150235
150236
150237
150238
150239
150240
150259
150262
150265
150266
150267
150268
150269
150270
150271
150272
150273
150274
150275
150276
150277
150278
150279
150280
150281
150282
150283
150284
150285
150286
150287
150288
150289
150290
150291
150292
150293
150294
150295
150296
150297
150298
150299
150300
150301
150302
150303
150304
150305
150306
150307
150308
150309
150310
150311
150312
150313
150314
150315
150316
150317
150318
150319
150320
150321
150322
150323
150324
150325
150326
150327
150328
150329
150330
150331
150332
150333
150334
150335
150336
150337
150338
150339
150340
150341
150342
150343
150344
150345
150346
150351
150352
150353
150354
150355
150356
150357
150358
150359
150360
150361
150362
150363
150364
150365
150366
150367
150368
150369
150370
150371
150372
150373
150374
150375
150376
150377
150378
150379
150380
150381
150382
150383
150384
150385
150386
150387
150388
150389
150390
150391
150392
150421
150422
150423
150424
150425
150426
150427
150428
150429
150430
150431
150432
150434
150439
150440
150441
150442
150443
150444
150445
150446
150447
150448
150495
150496
150497
150498
150499
150500
150501
150502
150503
150504
150505
150506
150507
150508
150509
150510
150511
150512
150513
150514
150515
150516
150517
150524
150525
150528
150529
150545
150546
150547
150548
150551
157994
157995
157996
158001
158002
158012
158014
158015
158016
158018
158020
158021
158022
158023
158024
158025
158026
158027
158028
158029
158030
158031
158032
158033
158034
158035
158036
158037
158038
158039
158040
158041
158042
158043
158044
158045
158046
158047
158048
158049
158050
158051
158052
158053
158054
158055
158056
158057
158058
158059
158060
158061
158062
158063
158064
158065
158066
158067
158070
158079
158080
158085
158086
158087
158088
158089
158090
158091
158092
158093
158094
158095
158096
158097
158098
158099
158100
158101
158102
158103
158104
158105
158106
158107
158108
158109
158111
158113
158114
158118
158119
158120
158121
158122
158123
158124
158125
158126
158127
158128
158129
158130
158131
158132
158133
158134
158135
158136
158137
158138
158139
158466
158471
158473
158474
158634
158700
158701
158702
158703
158704
158705
158706
158707
158708
158709
158710
158711
158712
158713
158714
158715
158716
158717
158718
158719
158720
158721
158722
158723
158724
158725
158726
158727
158728
159952
159953
159954
159955
159956
159957
159965
159966
159967
159968
159969
159970
159971
159972
159973
159974
159988
159990
159991
159992
159993
159994
159995
159996
159997
159998
159999
160001
160002
160004
160005
160006
160007
160008
161005
161006
161007
161008
161009
161010
161011
161012
161013
161014
161015
161016
161017
161018
161260
161261
161262
161283
161284
161285
161286
161388
161389
161390
161391
161392
161393
161394
161395
161396
161397
161398
161399
161400
161401
161402
161403
161404
161405
161406
161407
161408
161409
161410
161579
161580
161581
161582
161583
161658
161659
161660
161661
161662
161663
161664
161665
161666
161667
161668
161669
161670
162808
162809
162810
162811
162812
162813
162814
162815
162816
162817
162818
162819
162820
162821
162822
162823
162824
162825
162826
162827
162828
162829
162830
162831
162832
162833
162834
162835
162836
162837
162838
162839
162840
162841
162842
162843
162844
162845
162846
162847
162848
162849
162850
162851
162852
162853
162854
162855
162856
162857
162858
162859
162860
162861
162862
162863
162864
162865
162866
162867
162868
162869
162870
162871
162872
162873
162874
162875
162876
162877
162878
162879
162880
162881
162882
162883
162884
162885
162886
162887
162888
162891
163736
163737
163738
163739
163740
163902
163903
163904
163905
163906
163907
163908
163909
163910
163911
164071
164072
164073
164074
164075
164271
164272
164273
164274
164275
164276
164277
164278
164279
164280
164281
164282
164283
164284
164285
164286
164287
164288
164289
164290
164349
164350
164351
164352
164353
164721
164723
164724
164725
164726
164727
164728
164732
164733
164735
164736
164737
164738
164739
164740
164741
164742
164743
164744
164745
164746
164747
164748
164749
164750
164751
164752
164753
164754
165228
165229
165230
165231
165315
165316
165317
165318
165319
165320
165321
165493
165494
165495
165496
165497
165498
165499
165500
165501
165502
165503
165504
165505
165507
165508
165509
165510
165511
165512
165513
165514
165515
165516
165517
165518
165519
165520
165521
165522
165523
165527
165528
165529
165530
165540
165541
165542
165543
165544
165545
169014
169015
169016
169017
169018
169022
169023
169024
169025
169026
169027
169028
169036
169037
169038
169039
169047
169048
169049
169050
169051
169052
169053
169054
169055
169056
169057
169058
169060
169061
169062
169063
169064
169065
169066
169067
169068
169069
169070
169071
169072
169073
169074
169075
169076
169077
169078
169079
169080
169081
169082
169083
169084
169085
169086
169087
169088
169089
169090
169091
169092
169093
169111
169112
169113
169114
169115
169116
169117
169118
169119
169120
169121
169125
169126
169127
169129
169130
169131
169132
169133
169134
169135
169139
169140
169141
171554
171555
171556
171838
171839
171840
171841
171842
171843
171912
171913
171914
171915
171916
171917
171918
171919
171920
171921
171922
171923
171924
171925
171926
171927
171933
171934
172596
172597
172603
172605
172606
172607
172608
172609
172610
172611
172612
172613
172614
172615
172616
172617
177459
177460
177461
177462
177463
177464
177465
177466
177467
177476
177477
177479
177480
177481
177491
177492
177493
177494
177495
177496
177497
177498
177499
177500
177501
177502
177503
177504
177505
177506
177507
177508
177509
177528
177531
177534
177535
177536
177537
177538
177539
177540
177541
177542
177543
177544
177545
177546
177547
177548
177549
177550
177551
177552
177553
177554
177555
177556
177557
177558
177559
177560
177561
177562
177563
177564
177565
177566
177567
177568
177569
177570
177571
177572
177573
177574
177575
177576
177577
177578
177579
177580
177581
177582
177583
177584
177585
177586
177587
177588
177589
177590
177591
177592
177593
177594
177595
177596
177597
177598
177599
177600
177601
177602
177603
177604
177605
177606
177607
177608
177609
177610
177611
177612
177613
177614
177615
177620
177621
177622
177623
177624
177625
177626
177627
177628
177629
177630
177631
177632
177633
177634
177635
177636
177637
177638
177639
177640
177641
177642
177643
177644
177645
177646
177647
177648
177649
177650
177651
177652
177653
177654
177655
177656
177657
177658
177659
177660
177661
177690
177691
177692
177693
177694
177695
177696
177697
177698
177699
177700
177701
177703
177708
177709
177710
177711
177712
177713
177714
177715
177716
177717
177764
177765
177766
177767
177768
177769
177770
177771
177772
177773
177774
177775
177776
177777
177778
177779
177780
177781
177782
177783
177784
177785
177786
177793
177794
177797
177798
177814
177815
177816
177817
177820
185263
185264
185265
185270
185271
185281
185283
185284
185285
185287
185289
185290
185291
185292
185293
185294
185295
185296
185297
185298
185299
185300
185301
185302
185303
185304
185305
185306
185307
185308
185309
185310
185311
185312
185313
185314
185315
185316
185317
185318
185319
185320
185321
185322
185323
185324
185325
185326
185327
185328
185329
185330
185331
185332
185333
185334
185335
185336
185339
185348
185349
185354
185355
185356
185357
185358
185359
185360
185361
185362
185363
185364
185365
185366
185367
185368
185369
185370
185371
185372
185373
185374
185375
185376
185377
185378
185380
185382
185383
185387
185388
185389
185390
185391
185392
185393
185394
185395
185396
185397
185398
185399
185400
185401
185402
185403
185404
185405
185406
185407
185408
185735
185740
185742
185743
185903
185969
185970
185971
185972
185973
185974
185975
185976
185977
185978
185979
185980
185981
185982
185983
185984
185985
185986
185987
185988
185989
185990
185991
185992
185993
185994
185995
185996
185997
187221
187222
187223
187224
187225
187226
187234
187235
187236
187237
187238
187239
187240
187241
187242
187243
187257
187259
187260
187261
187262
187263
187264
187265
187266
187267
187268
187270
187271
187273
187274
187275
187276
187277
188274
188275
188276
188277
188278
188279
188280
188281
188282
188283
188284
188285
188286
188287
188529
188530
188531
188552
188553
188554
188555
188657
188658
188659
188660
188661
188662
188663
188664
188665
188666
188667
188668
188669
188670
188671
188672
188673
188674
188675
188676
188677
188678
188679
188848
188849
188850
188851
188852
188927
188928
188929
188930
188931
188932
188933
188934
188935
188936
188937
188938
188939
190077
190078
190079
190080
190081
190082
190083
190084
190085
190086
190087
190088
190089
190090
190091
190092
190093
190094
190095
190096
190097
190098
190099
190100
190101
190102
190103
190104
190105
190106
190107
190108
190109
190110
190111
190112
190113
190114
190115
190116
190117
190118
190119
190120
190121
190122
190123
190124
190125
190126
190127
190128
190129
190130
190131
190132
190133
190134
190135
190136
190137
190138
190139
190140
190141
190142
190143
190144
190145
190146
190147
190148
190149
190150
190151
190152
190153
190154
190155
190156
190157
190160
191005
191006
191007
191008
191009
191171
191172
191173
191174
191175
191176
191177
191178
191179
191180
191340
191341
191342
191343
191344
191540
191541
191542
191543
191544
191545
191546
191547
191548
191549
191550
191551
191552
191553
191554
191555
191556
191557
191558
191559
191618
191619
191620
191621
191622
191700
191737
191738
191845
191849
192010
192034
192069
192071
192148
192191
192222
192237
192259
192327
192334
192498
192595
192606
192620
192635
192642
192927
192980
192981
192983
192996
193005
193025
193271
193293
193325
193327
193334
193335
193363
193586
193620
193651
193654
193658
193659
193660
193665
193667
193751
193803
193860
193861
193864
193865
194059
194060
194061
194062
194063
194064
194065
194066
194074
194075
194076
194077
194078
194079
194080
194081
194082
194083
194317
194318
194553
194554
194555
194556
194909
194910
194911
194912
194913
194914
194919
194920
194921
194922
194923
194924
194925
194941
194942
194943
194944
194945
194946
194947
194948
194949
194950
194951
194952
194953
194954
194955
194956
194971
194972
194982
194983
194984
194985
194986
194987
194991
194992
195105
195106
195107
195108
195109
195110
195111
195112
195225
195226
195227
195228
195229
195966
196081
196082
196083
196194
196198
196202
196203
196205
196211
196214
196230
196231
196232
196233
196234
196238
196239
196240
196241
196242
196243
196274
196276
196380
196381
196382
196465
196466
196467
196468
197345
197346
197347
197348
197349
197350
197351
197423
197424
197425
197426
197427
197428
197429
197460
197461
197462
197510
197517
197554
197555
197678
197679
197680
198547
198548
198549
198550
198551
198552
198553
198584
198625
198626
198650
198671
198672
198673
198674
198675
198698
198699
198959
198960
198961
198962
198963
199431
199432
199433
199434
199633
199634
199694
199695
199696
199736
199737
199832
199833
199834
199835
199836
199950
199951
200159
200164
200165
200166
200167
200246
200247
200248
200315
200316
200317
200690
200691
200692
200693
200694
200704
200705
200706
200952
200953
200954
200955
200956
201037
201038
201039
201040
201065
201096
201108
201109
201110
201111
201112
201113
201172
201173
201174
201295
201296
201301
201302
201303
201535
201536
201570
201571
201572
201573
201574
201691
201692
201749
201750
201751
201803
201804
201805
201827
201828
201829
201830
201953
201954
201955
201956
201957
201958
202289
202290
202291
202304
202305
202306
202307
202308
202314
202324
202325
202359
202360
202361
202742
202743
202784
202785
202822
202823
202833
202834
202835
202869
202870
203212
203213
203214
203242
203289
203291
203303
203304
203305
203306
203307
203308
203310
203311
203312
203320
203325
203326
203327
203328
203369
203370
203405
203406
203667
203668
203669
203707
203740
203742
203743
203744
203745
203746
203748
203754
203755
203756
203759
203760
203762
203763
203764
203765
203833
203967
204034
204035
204036
204040
204122
204124
204168
204215
204274
204279
204280
204338
204347
204365
204366
204398
204460
204468
204484
204572
204573
204574
204576
204577
204663
204737
204848
204852
204853
204861
204862
204872
204873
204874
204916
204917
204918
204954
204955
205198
205199
205200
205235
205237
205244
205245
205246
205312
205313
205604
205605
205624
205652
205716
205752
205986
205987
205988
206383
206473
206474
206590
206594
206595
206629
206630
206653
206803
206934
206983
206992
206993
206994
206995
207017
207062
207063
207064
207065
207066
207067
207068
207168
207187
207269
207296
207297
207298
207299
207312
207313
207378
207379
207380
207381
207382
207383
207549
207550
207551
207557
207558
207564
207773
207774
207779
207780
207794
207945
207946
207981
207987
207994
207995
208037
208140
208141
208187
208188
208190
208193
208194
208195
208228
208281
208282
208312
208313
208314
208315
208316
208317
208341
208379
208408
208412
208443
208594
208595
208668
208669
208682
208683
208757
208850
208851
208852
208908
208909
208910
208911
208912
208913
208915
208916
208917
208918
208919
208920
208981
208982
208983
208984
209101
209165
209166
209167
209168
209169
209170
209171
209176
209177
209178
209179
209180
209183
209185
209186
209187
209273
209274
209275
209276
209277
209491
209553
209554
209555
209556
209557
209572
209580
209585
209586
209587
209588
209639
209640
209928
209929
209954
209955
209967
209968
209969
210341
210342
210343
210351
210357
210358
210359
210607
210608
210609
210610
210701
210702
210703
210704
210720
210721
210722
210723
210724
210725
210763
210764
211028
211029
211030
211031
211032
211088
211123
211124
211125
211126
211127
211141
211339
211340
211550
211551
211554
211555
212095
212336
212561
212562
212566
212567
212589
212737
212738
212739
212770
212884
212885
212886
212923
212937
213012
213013
213014
213015
213231
213232
213233
213234
213289
213290
213293
213294
213560
213561
213562
213563
213605
213606
213607
213986
213987
213988
214332
214693
214694
214695
214959
214960
214961
214962
214968
214969
215180
215181
215182
215183
215365
215372
215373
215374
215375
215376
215377
215378
215414
215415
215474
215475
215476
215477
215478
215479
215480
215481
215482
215705
215706
215707
215733
215734
215735
215736
215737
215746
215785
215818
215819
215820
215821
215997
215998
216002
216003
216007
216008
216009
216010
216011
216229
216242
216243
216244
216245
216253
216254
216255
216275
216423
216424
216425
216426
216427
216461
216465
216470
216478
216479
216519
216521
216619
216620
216663
216665
216666
216667
216672
216673
216749
216750
216751
216774
216775
216789
216790
216887
217110
217111
217112
217113
217114
217136
217137
217138
217139
217169
217170
217171
217172
217275
217276
217277
217282
217283
217284
217286
217464
217465
217466
217467
217518
217519
217520
217521
217527
217537
217542
217544
217583
217584
217585
217586
217788
217806
217807
217808
217809
217820
217821
217822
217823
217824
217842
217843
218104
218105
218106
218107
218108
218111
218289
218290
218291
218292
218326
218360
218374
218375
218376
218377
218399
218400
218401
218402
218403
218589
218590
218591
218592
218593
218594
218595
218666
218667
218668
218669
218670
218678
218805
218806
218957
218968
218969
218970
218971
219341
219530
219531
219676
219697
219815
219836
219905
219906
219959
219960
219961
219962
219963
219964
219965
219966
220064
220065
220077
220089
220090
220264
220288
220489
221067
221068
221069
221070
221078
221199
221200
221201
221300
221301
221302
221303
221304
221356
221357
221358
221359
221360
221481
221482
221483
221484
221505
221506
221507
221521
221561
221668
221669
221670
221671
221672
221822
221823
221824
221825
221826
221830
221831
221832
221833
221834
221847
221919
221920
221921
221950
221952
221953
221954
221955
222036
222038
222065
222066
222067
222068
222078
222084
222204
222222
222223
222224
222261
222262
222267
222268
222369
222370
222371
222372
222373
222380
222398
222399
222400
222509
222510
222511
222512
222513
222517
222518
222519
222520
222521
222522
222629
222749
222750
222760
222762
222777
222778
222779
222874
222875
222908
223063
223415
223502
223503
223587
223588
223811
223906
223940
223941
223950
224010
224051
224052
224053
224054
224055
224081
224082
224095
224096
224119
224156
224159
224160
224167
224177
224340
224362
224371
224390
224395
224411
224414
224426
224506
224553
224573
224585
224597
224760
224817
224863
224926
224943
224960
224982
225000
225012
225086
225154
225188
225219
225248
225272
225319
225327
225345
225410
225540
225542
225589
225592
225772
225795
225861
225866
225869
225919
225952
225983
226074
226076
226239
226258
)


// ************************************************************************* //
