/*--------------------------------*- C++ -*----------------------------------*\
| =========                 |                                                 |
| \\      /  F ield         | OpenFOAM: The Open Source CFD Toolbox           |
|  \\    /   O peration     | Version:  v1612+                                |
|   \\  /    A nd           | Web:      www.OpenFOAM.com                      |
|    \\/     M anipulation  |                                                 |
\*---------------------------------------------------------------------------*/
FoamFile
{
    version     2.0;
    format      ascii;
    class       volVectorField;
    location    "100";
    object      wallShearStress;
}
// * * * * * * * * * * * * * * * * * * * * * * * * * * * * * * * * * * * * * //

dimensions      [0 2 -2 0 0 0 0];

internalField   uniform (0 0 0);

boundaryField
{
    WALL
    {
        type            calculated;
        value           nonuniform List<vector> 
1684
(
(0.0153257 0.00693224 0.00475655)
(0.0126959 0.00800295 0.00374114)
(0.0126691 0.0079564 0.00227158)
(0.0138326 0.0060073 0.00280871)
(0.0144907 0.00620275 0.00231489)
(0.0098319 0.00470572 0.00331097)
(0.0106563 0.00481985 0.00358507)
(0.0175152 0.00861069 0.00538059)
(0.0160287 0.00698279 0.00410374)
(0.0176599 0.00463892 0.00923439)
(0.0178866 0.00450057 0.00903533)
(0.0126452 0.00902791 0.00885739)
(0.0142646 0.00777817 0.00898673)
(0.0136432 0.0070449 0.00175037)
(0.0136 0.00655896 0.00227371)
(0.00834752 0.00204738 0.00537454)
(0.0168957 0.00731101 0.00453506)
(0.0172058 0.00627825 0.00371236)
(0.0171432 0.00699294 0.00418644)
(0.0179944 0.00547423 0.00362631)
(0.0121223 0.00898126 0.00389902)
(0.0111504 0.00719901 0.00223194)
(0.0146829 0.00524368 0.00930272)
(0.0158732 0.00718726 0.010515)
(0.00945146 0.00158763 0.00246565)
(0.00880139 0.0013131 0.00269111)
(0.00875094 0.00218991 0.00349653)
(0.0102249 0.00242843 0.00313638)
(0.0127257 0.00685825 0.00285494)
(0.013738 0.00896226 0.00289544)
(0.0140114 0.0059035 0.002366)
(0.0139643 0.00568931 0.00267194)
(0.0136964 0.00519885 0.00253711)
(0.0155759 0.0054801 0.00257302)
(0.0122999 0.00545294 0.00264457)
(0.0107347 0.00505742 0.00245689)
(0.0102508 0.00498444 0.00331542)
(0.00868498 0.0037803 0.00339585)
(0.00780399 0.0045976 0.00311184)
(0.0136984 0.00606188 0.00257783)
(0.0130287 0.00561833 0.00395096)
(0.0116563 0.00580473 0.00269734)
(0.0120045 0.00594952 0.00289432)
(0.00986088 0.00428326 0.00248177)
(0.0121547 0.00577526 0.00463207)
(0.0123912 0.00611417 0.00449517)
(0.0161846 0.00982388 0.00558545)
(0.0167855 0.00973475 0.00548789)
(0.0171405 0.0105884 0.00708262)
(0.0177166 0.010816 0.00655572)
(0.0171438 0.010127 0.00578346)
(0.0173223 0.0105225 0.00673329)
(0.0175551 0.00260076 0.00933669)
(0.0175596 0.00229033 0.00852715)
(0.0168425 0.00236683 0.00955468)
(0.0108663 0.00309709 0.00195345)
(0.010987 0.00346289 0.00175094)
(0.0108821 0.00296332 0.00153205)
(0.0112741 0.00385876 0.0017067)
(0.0105809 0.00268206 0.00166341)
(0.0110915 0.00394077 0.00183234)
(0.00913381 0.00190376 0.00231387)
(0.00887189 0.00152636 0.00235687)
(0.00946218 0.00204564 0.00267962)
(0.00922256 0.00148056 0.00276666)
(0.0127057 0.00371983 0.00741907)
(0.0123559 0.00294998 0.00767198)
(0.0109936 0.00308514 0.00717107)
(0.0176777 0.0027849 0.00402276)
(0.017723 0.00307458 0.00449)
(0.0174104 0.00372964 0.00462535)
(0.0178839 0.003598 0.00457316)
(0.0177067 0.0029639 0.00524478)
(0.011644 0.0087176 0.00811897)
(0.0136416 0.00958187 0.0087537)
(0.011699 0.00846468 0.00726617)
(0.0114861 0.00883744 0.00764122)
(0.0111354 0.00813495 0.00780469)
(0.0113996 0.00714348 0.00795182)
(0.0125068 0.00371309 0.00542)
(0.0132847 0.00407717 0.00491562)
(0.0125102 0.00378818 0.00522025)
(0.0143692 0.00481433 0.00551606)
(0.013595 0.00431899 0.00524969)
(0.0138459 0.00439738 0.00559042)
(0.00904109 0.00392303 0.00408741)
(0.00924402 0.00413724 0.00384414)
(0.00966208 0.00461342 0.00405987)
(0.00847847 0.00360066 0.00397876)
(0.00862579 0.00424274 0.00409827)
(0.0099004 0.0041599 0.00438191)
(0.00938963 0.00170574 0.00448463)
(0.0107803 0.0012003 0.00541799)
(0.0103471 0.00101228 0.00509166)
(0.0109757 0.000989284 0.0052815)
(0.00975041 0.00111415 0.00400102)
(0.0101822 0.00196467 0.00542034)
(0.0109968 0.00112137 0.00468874)
(0.00912029 0.00112902 0.00324821)
(0.00888997 0.00126033 0.00347756)
(0.0090152 0.00119655 0.00360348)
(0.00945077 0.00103935 0.00328278)
(0.00920922 0.001065 0.0034842)
(0.00925986 0.00123129 0.00377919)
(0.00960866 0.00098302 0.00256204)
(0.0100205 0.000845893 0.00291333)
(0.0100708 0.000805826 0.00292311)
(0.00958045 0.0010977 0.00250724)
(0.00974736 0.00110528 0.00298271)
(0.0102324 0.000826295 0.00320501)
(0.012511 0.00784261 0.00229544)
(0.0119575 0.00594535 0.00211534)
(0.0125321 0.00768848 0.00228999)
(0.0127969 0.00805427 0.00338686)
(0.0127904 0.00804336 0.00253278)
(0.0121071 0.0064192 0.00220517)
(0.0111993 0.00664114 0.00182977)
(0.0126398 0.00800114 0.00277587)
(0.0135729 0.00547577 0.00225457)
(0.014156 0.00736046 0.00271837)
(0.0142714 0.0072395 0.00264688)
(0.015714 0.00916662 0.00331593)
(0.0147187 0.00837661 0.00291285)
(0.0153454 0.00877898 0.00292163)
(0.0142097 0.00811187 0.00201968)
(0.0144888 0.0065487 0.00282836)
(0.0204313 0.00771564 0.0104673)
(0.018334 0.00930761 0.0103388)
(0.0176687 0.00792064 0.00951944)
(0.0177225 0.00696112 0.0101305)
(0.0177686 0.00616033 0.00963034)
(0.0179178 0.00738363 0.0104656)
(0.0208078 0.00457471 0.00890613)
(0.0201824 0.00400181 0.00777829)
(0.0198253 0.00462357 0.00910222)
(0.0209383 0.00431531 0.00839158)
(0.0204232 0.00453542 0.00885628)
(0.0212194 0.00959902 0.0113211)
(0.0201423 0.00901323 0.0109971)
(0.0222255 0.00938128 0.0123317)
(0.0209812 0.00889362 0.0120856)
(0.0195595 0.00862178 0.0109212)
(0.0220585 0.0100701 0.0120994)
(0.0204317 0.00764253 0.0115354)
(0.0200717 0.00667096 0.0106646)
(0.0214878 0.00776392 0.011367)
(0.0196009 0.00677629 0.0105695)
(0.0204449 0.00792762 0.0117957)
(0.0190557 0.00642262 0.0101523)
(0.0203692 0.00753683 0.0108979)
(0.0221575 0.00739624 0.0111788)
(0.0214333 0.00888001 0.0122347)
(0.0205642 0.00847709 0.0117551)
(0.0209501 0.0100374 0.012059)
(0.0195237 0.00884902 0.0108463)
(0.0115051 0.00589967 0.00338099)
(0.0104096 0.00458506 0.00375576)
(0.0108653 0.00539859 0.00321677)
(0.0104642 0.00460082 0.00423838)
(0.0113102 0.00586862 0.00320828)
(0.0110629 0.00465835 0.00412208)
(0.0105274 0.00459646 0.0028215)
(0.00970461 0.0057922 0.00260522)
(0.0112741 0.00531278 0.00255104)
(0.0125542 0.00548399 0.00275555)
(0.0122295 0.00537703 0.00292009)
(0.0124063 0.00548903 0.00272687)
(0.00981616 0.00473854 0.00297147)
(0.00851453 0.00503096 0.00259452)
(0.0093463 0.0049937 0.00292078)
(0.00954593 0.00522545 0.00282748)
(0.00880452 0.00503731 0.00258198)
(0.00986971 0.00447786 0.00295838)
(0.0143805 0.00443326 0.0045013)
(0.0149122 0.00447161 0.00353448)
(0.0133171 0.00429573 0.00344935)
(0.0134905 0.00480797 0.00350017)
(0.0138325 0.00406134 0.00371753)
(0.0127315 0.00466708 0.00338026)
(0.0201158 0.00485722 0.00979613)
(0.0205114 0.00470788 0.00894895)
(0.0204642 0.00503336 0.00967181)
(0.0196711 0.0044044 0.00878933)
(0.0197933 0.0049022 0.00927665)
(0.020045 0.004505 0.00909057)
(0.0181726 0.00486216 0.00381451)
(0.0182938 0.00494883 0.00337114)
(0.0176352 0.00430638 0.00399278)
(0.0200998 0.00478869 0.00496862)
(0.0192727 0.00451869 0.0045582)
(0.0182989 0.00516773 0.00341108)
(0.0119186 0.00614949 0.00302536)
(0.0122924 0.00605273 0.00309304)
(0.0124946 0.00548667 0.00341343)
(0.0131362 0.00510435 0.00340045)
(0.0116864 0.00592953 0.00308964)
(0.0131318 0.00546552 0.00339987)
(0.0121164 0.00537898 0.00285039)
(0.0127584 0.00560192 0.00266197)
(0.0131808 0.00520679 0.00314904)
(0.0138079 0.00533296 0.00322513)
(0.0138983 0.00540085 0.00244343)
(0.00858887 0.00414346 0.00345006)
(0.00826108 0.00404015 0.00316163)
(0.00913127 0.00479711 0.00315637)
(0.00865645 0.00465497 0.00318177)
(0.0095147 0.00500003 0.0031953)
(0.00977194 0.00528451 0.00315023)
(0.0107335 0.00478642 0.00336443)
(0.00948033 0.0051495 0.00314985)
(0.015873 0.00456705 0.00295406)
(0.0169557 0.00458528 0.00297453)
(0.017374 0.00482719 0.00305851)
(0.016009 0.0047954 0.00267925)
(0.0180894 0.00473555 0.00310809)
(0.019937 0.00374477 0.0044139)
(0.0186083 0.00398649 0.00358665)
(0.018381 0.0042854 0.00324173)
(0.0194533 0.00395634 0.00394374)
(0.0191945 0.00427748 0.00329571)
(0.01887 0.00354285 0.00383126)
(0.0153764 0.00643952 0.00276533)
(0.0148254 0.00544472 0.00317465)
(0.0148025 0.00613605 0.00243214)
(0.0159883 0.00545607 0.00324357)
(0.0153561 0.00602712 0.00267227)
(0.0148595 0.0062997 0.00259689)
(0.0157196 0.00512305 0.00245697)
(0.0168207 0.00548631 0.00257245)
(0.0169972 0.00524822 0.00252988)
(0.0156291 0.00544759 0.00250392)
(0.0153727 0.00556002 0.00239418)
(0.0159721 0.00562617 0.00238337)
(0.0186822 0.00632728 0.0100886)
(0.0191344 0.00498397 0.00967143)
(0.0188931 0.00428371 0.00885953)
(0.0202131 0.00535749 0.00952715)
(0.0187556 0.00539728 0.0094275)
(0.0179478 0.0044814 0.00914681)
(0.0196568 0.00411117 0.00856927)
(0.0186734 0.00446884 0.00926415)
(0.019008 0.00461839 0.0094519)
(0.0201221 0.00372259 0.00767837)
(0.0189544 0.00411863 0.00872223)
(0.0192797 0.00451403 0.00911931)
(0.0214143 0.00530189 0.0100996)
(0.0205829 0.00565919 0.0103453)
(0.0206109 0.00476716 0.00937201)
(0.0195436 0.00428879 0.00880935)
(0.0201143 0.00439198 0.00897301)
(0.0208982 0.00547532 0.0098822)
(0.0211277 0.00458149 0.00860483)
(0.0203779 0.0044826 0.00845279)
(0.0210061 0.00451872 0.00681005)
(0.0198799 0.00409064 0.00712173)
(0.0209989 0.00459269 0.00778383)
(0.0205347 0.00410605 0.0067397)
(0.018894 0.00429427 0.00850823)
(0.0188765 0.00460007 0.00808632)
(0.0131851 0.00492644 0.00361393)
(0.0135798 0.00559126 0.00274969)
(0.0127216 0.0046001 0.00360983)
(0.0149362 0.00621483 0.00362083)
(0.0148193 0.00624497 0.00302279)
(0.0156223 0.00667951 0.00347369)
(0.0164816 0.00730479 0.0047941)
(0.0177947 0.00715395 0.00608602)
(0.0191765 0.00973179 0.006977)
(0.0181224 0.00974121 0.00580454)
(0.0192493 0.0101191 0.00637419)
(0.0180999 0.00763654 0.00675096)
(0.0168732 0.00795086 0.00549743)
(0.0176012 0.00773423 0.00467848)
(0.01635 0.00986296 0.00566572)
(0.0162268 0.0113317 0.0068814)
(0.0160251 0.0114094 0.00720695)
(0.0163374 0.00965191 0.00663159)
(0.0141758 0.00959072 0.00540435)
(0.0146909 0.00956041 0.00636752)
(0.0136392 0.0100524 0.00473414)
(0.0133626 0.00824262 0.00416025)
(0.0133547 0.0101227 0.00503016)
(0.0121281 0.00885268 0.00401995)
(0.0133439 0.00854753 0.00432393)
(0.0123327 0.00951566 0.00447151)
(0.00972002 0.000860489 0.0029124)
(0.00941222 0.000997028 0.00293873)
(0.00976648 0.000836551 0.00333561)
(0.00946726 0.000846864 0.00304526)
(0.00975799 0.000943401 0.00318074)
(0.00949736 0.000918289 0.00325706)
(0.00949658 0.000970848 0.00420921)
(0.00929553 0.000935171 0.00372939)
(0.00944225 0.00104668 0.00397628)
(0.00860313 0.000919388 0.00361697)
(0.00949886 0.000906323 0.00380773)
(0.00945427 0.00125051 0.004278)
(0.00718635 0.00271097 0.00343275)
(0.00709595 0.00343493 0.003574)
(0.00687588 0.00270268 0.00341477)
(0.00720814 0.00286076 0.00390027)
(0.00689225 0.00245481 0.0035404)
(0.00668384 0.0030339 0.00377538)
(0.00762499 0.00343383 0.00356725)
(0.00766074 0.00320944 0.00379331)
(0.00780498 0.00396124 0.00356407)
(0.00762086 0.00380495 0.00337626)
(0.00765577 0.00408822 0.00341463)
(0.00738964 0.00325249 0.00338669)
(0.0079316 0.00177706 0.00351019)
(0.00855582 0.00174683 0.00309664)
(0.00845819 0.00168402 0.00313049)
(0.00801827 0.00155843 0.00307125)
(0.00860026 0.00183117 0.00353922)
(0.0076984 0.00255657 0.00378797)
(0.00739637 0.00211872 0.00372948)
(0.0074461 0.00215772 0.00370434)
(0.00771386 0.0024781 0.00396755)
(0.0079057 0.00261104 0.00405576)
(0.00725494 0.00222655 0.00372612)
(0.010234 0.00216921 0.00242132)
(0.00989774 0.0017937 0.00210297)
(0.00979143 0.00158171 0.00241366)
(0.00944142 0.0017696 0.00250059)
(0.0103797 0.00204024 0.00222545)
(0.0103039 0.00260255 0.00190548)
(0.0103647 0.00278988 0.00170709)
(0.0118477 0.00378847 0.00125899)
(0.0113909 0.00344356 0.00157066)
(0.0119354 0.00353639 0.00135283)
(0.0114756 0.00295677 0.00178482)
(0.00824263 0.00157398 0.00252195)
(0.00940958 0.00180924 0.00222689)
(0.00864732 0.00156192 0.00258604)
(0.00899684 0.00189497 0.00230807)
(0.00907099 0.00167117 0.00238663)
(0.00781494 0.00260213 0.00387163)
(0.007624 0.00317435 0.00412363)
(0.0086736 0.00285855 0.00451258)
(0.00759922 0.00195727 0.00358719)
(0.00881362 0.00326871 0.0043333)
(0.00768928 0.00295389 0.00400262)
(0.00893678 0.0014185 0.00444473)
(0.00995945 0.00220476 0.00509976)
(0.00917262 0.00181208 0.0046597)
(0.00929083 0.0022804 0.0050557)
(0.0100491 0.00214034 0.0053919)
(0.00942481 0.00167703 0.00474816)
(0.00879077 0.00137421 0.00399262)
(0.00862951 0.00151173 0.00393039)
(0.00904503 0.00187172 0.00437042)
(0.00892184 0.00135387 0.00405025)
(0.00927341 0.000981169 0.00390991)
(0.00934791 0.001348 0.00413908)
(0.00877411 0.00410286 0.00425304)
(0.00886117 0.00433381 0.00449256)
(0.00879644 0.00294895 0.00410743)
(0.00921926 0.00325271 0.0046521)
(0.00900934 0.00333848 0.00441547)
(0.00879869 0.00309398 0.00439975)
(0.0122791 0.00336327 0.00351777)
(0.0117163 0.00330178 0.00345581)
(0.0127297 0.00359108 0.00405146)
(0.0114036 0.00313546 0.00372825)
(0.0126411 0.00374627 0.00373521)
(0.01187 0.00340652 0.00356445)
(0.0104427 0.00270057 0.00562645)
(0.00852521 0.00210906 0.00559158)
(0.0104861 0.00287509 0.00536919)
(0.00933398 0.00244628 0.00522708)
(0.0120064 0.00370136 0.00264296)
(0.0132741 0.00479271 0.0022884)
(0.0131532 0.00487334 0.0024171)
(0.0116308 0.00360149 0.00275796)
(0.012504 0.00410004 0.00247867)
(0.0124229 0.00441339 0.00245688)
(0.00559203 0.00255783 0.00406282)
(0.00613387 0.00274897 0.00415941)
(0.00568512 0.00282456 0.00378613)
(0.00584587 0.00270559 0.00374799)
(0.00601259 0.00280865 0.00383485)
(0.00558711 0.00287716 0.00376506)
(0.00561154 0.00244383 0.00356244)
(0.00589868 0.00251534 0.00350082)
(0.00664718 0.00276062 0.00362062)
(0.00627108 0.00295808 0.00366118)
(0.00644725 0.00243889 0.00348421)
(0.00659494 0.00306813 0.00380644)
(0.00679628 0.00255247 0.00382271)
(0.00662607 0.00275983 0.00370849)
(0.00606443 0.00246728 0.0042864)
(0.0059402 0.00259885 0.00423805)
(0.00638552 0.00230818 0.00409009)
(0.00640107 0.0023045 0.00417837)
(0.00620562 0.00208963 0.00365877)
(0.00586788 0.00257089 0.00427255)
(0.00676357 0.00223613 0.00372739)
(0.00651717 0.0022312 0.00365294)
(0.00658331 0.00245919 0.00383109)
(0.00659172 0.00214577 0.00344569)
(0.00628065 0.00248742 0.00367439)
(0.00627403 0.00259761 0.0037851)
(0.00734665 0.00184557 0.00350342)
(0.00692192 0.00193833 0.00343916)
(0.00714402 0.00173047 0.00322961)
(0.00730487 0.00178248 0.00326458)
(0.00723565 0.00189902 0.00348263)
(0.00768187 0.00176082 0.00340102)
(0.00670363 0.00216889 0.00357711)
(0.00685328 0.00257021 0.00358032)
(0.00726869 0.00211349 0.00339437)
(0.00656516 0.0022626 0.00370257)
(0.00704722 0.00178257 0.00335897)
(0.00646821 0.00221442 0.00321513)
(0.0129306 0.00922188 0.00646839)
(0.0131603 0.0104116 0.00717099)
(0.0127726 0.00945122 0.00654873)
(0.0131397 0.0100657 0.00756333)
(0.0133359 0.00959707 0.00648895)
(0.0127714 0.00838977 0.00711756)
(0.0126302 0.00570459 0.00182061)
(0.0128996 0.00469327 0.00140999)
(0.0129098 0.0049131 0.00229722)
(0.0119772 0.00457123 0.00203545)
(0.0117049 0.00402783 0.00136004)
(0.0138938 0.00740332 0.00158494)
(0.0134946 0.00749244 0.00286922)
(0.0137429 0.0072296 0.00253619)
(0.0133708 0.00777257 0.00303466)
(0.0134395 0.00709623 0.00144117)
(0.0136199 0.00736336 0.00194751)
(0.0142798 0.00938457 0.00386474)
(0.0139193 0.00978345 0.00289737)
(0.0146489 0.00913971 0.00336891)
(0.0154467 0.0100939 0.00494506)
(0.0148904 0.0103479 0.00381233)
(0.0139044 0.00887603 0.00328355)
(0.0195252 0.0030159 0.00591333)
(0.0196403 0.0031304 0.00607185)
(0.020781 0.0035629 0.0055318)
(0.020606 0.00381691 0.00506096)
(0.0197178 0.00322935 0.00659724)
(0.0205211 0.00363443 0.00470469)
(0.0133317 0.00442552 0.00970645)
(0.0156341 0.00401801 0.00964414)
(0.0150136 0.00363384 0.00934918)
(0.0151647 0.00347475 0.00926359)
(0.0140849 0.00371782 0.00954591)
(0.013775 0.00348471 0.00858988)
(0.0179904 0.0027263 0.00752915)
(0.0175101 0.00292939 0.00827745)
(0.0178693 0.00312058 0.00837381)
(0.0185675 0.00276038 0.00667667)
(0.0186858 0.00269846 0.00682078)
(0.0181485 0.00309886 0.00775393)
(0.0168532 0.00334466 0.0091315)
(0.0172202 0.0034023 0.0090227)
(0.0159967 0.00341969 0.00890231)
(0.016345 0.00372794 0.00941085)
(0.0177423 0.00309792 0.00862851)
(0.0171982 0.00303216 0.00835403)
(0.0182729 0.0056341 0.00955336)
(0.0182723 0.00503286 0.00971065)
(0.0174112 0.00692666 0.00995357)
(0.019099 0.00565447 0.0100975)
(0.0182826 0.00620023 0.0103254)
(0.0188165 0.00582489 0.0100597)
(0.0178809 0.00668722 0.0100756)
(0.0185814 0.00491338 0.00958601)
(0.0144347 0.00876936 0.00982141)
(0.0143278 0.00722706 0.00911383)
(0.0120586 0.00575755 0.00855069)
(0.0144906 0.0075198 0.00974347)
(0.0124871 0.00770731 0.00797448)
(0.0145808 0.00746838 0.0101296)
(0.0133702 0.00682504 0.00991542)
(0.0134391 0.00609934 0.00935592)
(0.0146022 0.00590112 0.00981626)
(0.0156338 0.00467414 0.00994326)
(0.01607 0.0045332 0.00981568)
(0.0156931 0.00562639 0.0105522)
(0.0152856 0.00527749 0.00965605)
(0.0147634 0.00617108 0.0100912)
(0.01411 0.0102716 0.00769501)
(0.0149421 0.0103581 0.00833413)
(0.0143372 0.0104562 0.00782889)
(0.0153803 0.00874489 0.00871311)
(0.0157101 0.0101607 0.00882891)
(0.0195761 0.00435654 0.00584013)
(0.0196014 0.00354415 0.0065846)
(0.0183123 0.00385404 0.00574406)
(0.0194427 0.00385023 0.00603794)
(0.0104699 0.00525704 0.00214853)
(0.0106769 0.00505711 0.00224751)
(0.0109323 0.0063244 0.00215343)
(0.0114318 0.00672403 0.00207802)
(0.0105095 0.00566051 0.00194386)
(0.0117311 0.00700964 0.00227178)
(0.0113081 0.00768501 0.00474915)
(0.0103541 0.00809299 0.00488076)
(0.0113285 0.0080268 0.00383215)
(0.00984827 0.00348705 0.00249497)
(0.00985917 0.00393712 0.00250127)
(0.00990554 0.00316676 0.00201859)
(0.0102725 0.00355562 0.00188316)
(0.0101624 0.00369461 0.0023009)
(0.00981392 0.00414173 0.00244419)
(0.0101009 0.000713259 0.0044434)
(0.0103851 0.00062318 0.00456313)
(0.0107787 0.00101765 0.00541826)
(0.0103715 0.000706219 0.00468703)
(0.0108453 0.00100218 0.00554802)
(0.0104603 0.000977389 0.00497771)
(0.0111782 0.0032016 0.00673115)
(0.0102714 0.00201735 0.00596847)
(0.0115024 0.0020215 0.00664769)
(0.0107162 0.0019791 0.00610359)
(0.0114659 0.00205148 0.00631198)
(0.0110518 0.00134332 0.00600677)
(0.00963194 0.00131998 0.00282098)
(0.0097064 0.00153383 0.00268918)
(0.00939035 0.00124291 0.00275212)
(0.00916387 0.00158461 0.00240997)
(0.00947515 0.00107172 0.00282763)
(0.00926896 0.0011205 0.00266386)
(0.0123145 0.00582747 0.00149875)
(0.012406 0.00552731 0.0012787)
(0.0121704 0.00593411 0.00184647)
(0.0118414 0.00504763 0.00129019)
(0.012017 0.00547589 0.00135753)
(0.0124088 0.00630034 0.00201438)
(0.0192878 0.0067758 0.00517299)
(0.0194606 0.00665262 0.00498365)
(0.0187353 0.00674101 0.00500205)
(0.0183672 0.00654844 0.00464556)
(0.0186112 0.00566123 0.00584871)
(0.0198012 0.00603394 0.00531478)
(0.0170129 0.00603585 0.00468514)
(0.0184572 0.00627209 0.00427346)
(0.016789 0.00572365 0.00458166)
(0.0172686 0.00661193 0.00485703)
(0.0178209 0.00623233 0.00395042)
(0.018219 0.00612916 0.00378835)
(0.0101233 0.00502681 0.00420464)
(0.00898481 0.00394644 0.00402633)
(0.0102505 0.00481119 0.00426877)
(0.0105921 0.00525413 0.00420855)
(0.0107117 0.00478496 0.00482331)
(0.00979604 0.00381978 0.00430215)
(0.0131018 0.00588525 0.00375913)
(0.0119152 0.00597774 0.00474168)
(0.0127655 0.0064 0.0044007)
(0.0133877 0.00579274 0.00468966)
(0.0137678 0.00627635 0.00393723)
(0.0134485 0.00587003 0.00462891)
(0.0104615 0.00373653 0.00519289)
(0.0095681 0.00298272 0.00513533)
(0.0110388 0.00377585 0.0058248)
(0.0101024 0.0028867 0.00538889)
(0.0113446 0.00429457 0.00594642)
(0.00958265 0.00293065 0.00508655)
(0.0184258 0.00997362 0.00869474)
(0.0212371 0.00989435 0.0101807)
(0.0192896 0.0107796 0.00897741)
(0.0202728 0.0085438 0.00924995)
(0.0135103 0.00540262 0.00712639)
(0.0121321 0.00509105 0.00601833)
(0.0108567 0.00361338 0.0057509)
(0.0117144 0.00458764 0.00598355)
(0.0118251 0.0046238 0.00634005)
(0.0126544 0.00620514 0.00500317)
(0.0138444 0.00652632 0.00566519)
(0.0137055 0.00663353 0.00542686)
(0.0133534 0.00628652 0.0057468)
(0.0122788 0.00526233 0.00522844)
(0.0170925 0.00632421 0.00627882)
(0.017944 0.00616225 0.00628791)
(0.0169402 0.00764116 0.0056685)
(0.0171205 0.00773497 0.00583549)
(0.0093604 0.00202982 0.00227165)
(0.00972484 0.00262664 0.00188019)
(0.0097631 0.00244401 0.00216989)
(0.00948809 0.00245684 0.00213494)
(0.00925826 0.00186171 0.00230422)
(0.00968514 0.00207262 0.00257089)
(0.0103278 0.00387595 0.00161929)
(0.0104638 0.00354681 0.00171468)
(0.0109727 0.00446285 0.00153987)
(0.0109221 0.00418825 0.00148091)
(0.0101604 0.00357673 0.00147387)
(0.0101627 0.00329561 0.00180745)
(0.0120523 0.00941405 0.00857235)
(0.0130203 0.00699749 0.00988463)
(0.0113336 0.0071995 0.00811185)
(0.011801 0.00862176 0.00816713)
(0.0126812 0.00836107 0.00775283)
(0.011874 0.00962956 0.00589292)
(0.0113799 0.00879301 0.00569076)
(0.0108865 0.00879792 0.00591526)
(0.0128914 0.00855319 0.00752518)
(0.0114269 0.00958573 0.00595008)
(0.018635 0.00295212 0.00689897)
(0.0177566 0.0026863 0.00569717)
(0.0172875 0.00248623 0.00578229)
(0.0179738 0.00252632 0.0079877)
(0.0176587 0.00217857 0.00713836)
(0.0183658 0.00241169 0.00726918)
(0.0193325 0.00320054 0.00647816)
(0.0155615 0.00915169 0.00950194)
(0.0155939 0.00866686 0.00906266)
(0.0134324 0.0073453 0.008571)
(0.0146269 0.00757887 0.00938182)
(0.0147558 0.00798811 0.00945512)
(0.0156487 0.00928269 0.00989117)
(0.0147585 0.00606598 0.00990355)
(0.0147488 0.00710343 0.00937937)
(0.0148468 0.00849255 0.010189)
(0.0149321 0.00636896 0.0102663)
(0.0157767 0.00566122 0.0100903)
(0.0157705 0.00668818 0.00982316)
(0.00731412 0.00210198 0.00405391)
(0.00731651 0.00191297 0.00378697)
(0.00761842 0.00185069 0.0036066)
(0.00705553 0.00180426 0.00353839)
(0.00696981 0.00214335 0.0041061)
(0.00681686 0.00210926 0.00401224)
(0.0104339 0.00256023 0.00314473)
(0.010766 0.00284245 0.00354016)
(0.00950928 0.00239964 0.00364069)
(0.00950145 0.00236883 0.00337721)
(0.0114154 0.00288907 0.00326666)
(0.0095859 0.00217188 0.00311395)
(0.00725659 0.00191174 0.00460335)
(0.00700766 0.00212077 0.00429577)
(0.00777851 0.00228476 0.00429428)
(0.00763049 0.00207894 0.00444607)
(0.00674577 0.00196839 0.00443463)
(0.0181257 0.00910084 0.00871244)
(0.0182076 0.00959603 0.00862345)
(0.0174901 0.00987111 0.00734166)
(0.0184484 0.0115947 0.00930453)
(0.0194868 0.00992026 0.00873547)
(0.017085 0.00853499 0.00935708)
(0.0191503 0.00978343 0.00921121)
(0.0186356 0.0102356 0.0099611)
(0.0163595 0.00942734 0.00786777)
(0.0163913 0.0108228 0.00763294)
(0.0174787 0.0105039 0.0099558)
(0.0159167 0.00909819 0.00314598)
(0.0167425 0.00931044 0.00504494)
(0.0166609 0.0093472 0.00441291)
(0.0160721 0.00880099 0.00364782)
(0.0161151 0.00899051 0.00421807)
(0.0158489 0.00838807 0.00347319)
(0.00602688 0.00353257 0.00361337)
(0.00573429 0.00272178 0.00320038)
(0.00621631 0.00269829 0.00343436)
(0.00602756 0.00359194 0.00369732)
(0.00671946 0.00293606 0.00327335)
(0.00675145 0.00339341 0.00289627)
(0.00703833 0.00407571 0.00293978)
(0.00740192 0.00438123 0.00299241)
(0.0166054 0.00537255 0.00287956)
(0.0170023 0.00530054 0.00312263)
(0.0170932 0.011598 0.00779295)
(0.0157906 0.00719149 0.00457698)
(0.0160725 0.00717499 0.00431439)
(0.0151101 0.00799874 0.00347547)
(0.0165403 0.00919228 0.00440073)
(0.0167778 0.00933956 0.00443599)
(0.0174631 0.0087873 0.00571177)
(0.0194985 0.00989918 0.00759678)
(0.0189474 0.0100812 0.00651022)
(0.020682 0.0110248 0.00886158)
(0.0177582 0.0102973 0.00692682)
(0.0195834 0.0112752 0.00979791)
(0.0159703 0.00993408 0.00585711)
(0.0168326 0.00989505 0.00676576)
(0.0168291 0.0100054 0.00706518)
(0.0164729 0.010755 0.00550026)
(0.0160266 0.0107871 0.00502733)
(0.0159601 0.00923034 0.00485753)
(0.0163801 0.0108032 0.00566806)
(0.00666973 0.00223714 0.00416742)
(0.00607983 0.00223818 0.00412241)
(0.00630968 0.00231606 0.00418649)
(0.00669196 0.0022642 0.00432597)
(0.00637442 0.00188929 0.00404946)
(0.00665671 0.00216981 0.00388015)
(0.0161566 0.00216941 0.00717591)
(0.0184995 0.00265688 0.00750342)
(0.0185485 0.00263706 0.00804763)
(0.0193046 0.00297508 0.00734056)
(0.0189929 0.00315009 0.00677644)
(0.0170607 0.00206978 0.00812912)
(0.0170166 0.00260081 0.00900697)
(0.0161396 0.00184504 0.00817136)
(0.0152667 0.0034421 0.00999774)
(0.0159075 0.00249247 0.00813534)
(0.0156862 0.00321007 0.00949196)
(0.0160958 0.0025579 0.00967144)
(0.0147774 0.00397444 0.0105581)
(0.0147947 0.00403478 0.0106126)
(0.0167595 0.00295403 0.0101118)
(0.0161984 0.00354159 0.0111741)
(0.0115525 0.00884877 0.00786582)
(0.012336 0.0080065 0.00805319)
(0.0120387 0.00920643 0.00676684)
(0.0116015 0.0082697 0.00732411)
(0.0132234 0.00930091 0.00866747)
(0.0106921 0.00806521 0.0072142)
(0.0148688 0.00591013 0.00602408)
(0.0133226 0.0053509 0.00731884)
(0.0124662 0.0054151 0.00573124)
(0.0121642 0.00493736 0.00691942)
(0.0129887 0.00492603 0.00749413)
(0.0106832 0.0044924 0.00553126)
(0.0106078 0.00385679 0.00601693)
(0.0113248 0.00362444 0.00628161)
(0.0124239 0.00388354 0.00662632)
(0.0111865 0.00291197 0.00622395)
(0.0131189 0.00592191 0.00450432)
(0.0135061 0.00590889 0.00424314)
(0.0109287 0.00526866 0.00380143)
(0.0113891 0.0048883 0.00457623)
(0.0103086 0.00486139 0.00502075)
(0.00980168 0.00390152 0.00481717)
(0.0128176 0.00502166 0.00726408)
(0.0147524 0.00717194 0.00486777)
(0.0135155 0.00650203 0.00531938)
(0.014706 0.0060493 0.00571344)
(0.0141745 0.00600344 0.00503017)
(0.0138919 0.00615278 0.00537146)
(0.016254 0.00623445 0.007364)
(0.0155149 0.00653287 0.00693894)
(0.0161653 0.0069489 0.00644986)
(0.0154852 0.00637666 0.00751737)
(0.0154306 0.00677319 0.00536993)
(0.014232 0.0062838 0.00357672)
(0.0182496 0.00636668 0.00499905)
(0.0190035 0.00536463 0.00444155)
(0.0189913 0.00440624 0.00529851)
(0.0188824 0.00614916 0.00364305)
(0.0193359 0.00647612 0.00437511)
(0.0196584 0.00628862 0.00403296)
(0.0170219 0.00770859 0.00655918)
(0.0157549 0.00723394 0.00600267)
(0.0162736 0.00692841 0.00602062)
(0.0170425 0.00621117 0.00510593)
(0.0102546 0.00265914 0.00205289)
(0.00928673 0.00242691 0.00195063)
(0.0100476 0.0031653 0.00173074)
(0.0100457 0.00303878 0.00170456)
(0.0102039 0.00339519 0.0015261)
(0.0101506 0.00314691 0.00171345)
(0.0107868 0.0040074 0.0014249)
(0.0131599 0.00649166 0.00134402)
(0.0125863 0.00598526 0.00141078)
(0.0130672 0.00612976 0.00145853)
(0.0120156 0.00531171 0.0012515)
(0.01207 0.00511557 0.00139663)
(0.0110326 0.00404756 0.00147787)
(0.0109974 0.00424901 0.00121352)
(0.0111991 0.00449339 0.00126318)
(0.0119693 0.00527035 0.00129713)
(0.0120533 0.00470879 0.00182891)
(0.0115406 0.00467861 0.00175067)
(0.0116949 0.00396953 0.00201782)
(0.0113213 0.00380323 0.0018664)
(0.0101218 0.00232144 0.00184415)
(0.00938305 0.00191708 0.0019127)
(0.00954267 0.00210526 0.00227322)
(0.00985352 0.00185039 0.00203034)
(0.00965217 0.00161241 0.00224738)
(0.0112209 0.00342046 0.00139105)
(0.0117813 0.00373351 0.00150116)
(0.011311 0.00311658 0.00134585)
(0.011667 0.00349541 0.00146732)
(0.0111201 0.00279969 0.00169134)
(0.0111754 0.00300745 0.00136353)
(0.0108552 0.00236341 0.00201037)
(0.0099871 0.00204598 0.00184283)
(0.0107563 0.00274564 0.0015431)
(0.0103648 0.00229984 0.00163678)
(0.0100036 0.00156532 0.00207292)
(0.00978553 0.00173978 0.00208927)
(0.0103286 0.002002 0.00218219)
(0.0108167 0.00240387 0.00194015)
(0.0100805 0.00209047 0.00200951)
(0.00973688 0.00274114 0.00217521)
(0.00979238 0.00261344 0.0021331)
(0.0097791 0.00240992 0.00247973)
(0.00927259 0.00231228 0.00224552)
(0.00962514 0.00229692 0.00246177)
(0.00998057 0.002787 0.00231409)
(0.0102518 0.00326758 0.00189964)
(0.00971674 0.00263511 0.00226025)
(0.00983213 0.00288269 0.00202028)
(0.00975417 0.00282694 0.00200089)
(0.00971248 0.00214357 0.00262273)
(0.00950258 0.00223267 0.00245671)
(0.00921533 0.00177148 0.00235681)
(0.00980754 0.00155917 0.00272582)
(0.00950864 0.00161436 0.00219177)
(0.00917106 0.00124424 0.00306333)
(0.00944164 0.00110735 0.00311893)
(0.0140531 0.00520835 0.00790711)
(0.0132899 0.00544942 0.00721485)
(0.0145994 0.00690717 0.00728715)
(0.0140176 0.00601348 0.00726912)
(0.0117376 0.00295768 0.00725888)
(0.0124276 0.00406188 0.00721969)
(0.0108614 0.00293834 0.00632463)
(0.0116367 0.00293718 0.00672558)
(0.0113698 0.00213437 0.00659916)
(0.0118816 0.00210923 0.00723072)
(0.0116327 0.00209595 0.00708357)
(0.00997457 0.000968916 0.00391708)
(0.00968742 0.000978928 0.0033951)
(0.00958259 0.000965348 0.00320139)
(0.010908 0.00149685 0.00622677)
(0.0107589 0.00106707 0.00576311)
(0.0100851 0.000783637 0.00398182)
(0.0102814 0.000821312 0.00446999)
(0.00991018 0.000870733 0.00351382)
(0.0102654 0.000678632 0.00408115)
(0.00987558 0.000812517 0.00372915)
(0.0101218 0.000728755 0.0039066)
(0.0101122 0.000766722 0.00356827)
(0.0100331 0.000877333 0.00282442)
(0.00967717 0.00081102 0.003111)
(0.0110089 0.00139825 0.00612484)
(0.0106284 0.00132703 0.00588566)
(0.0105663 0.00154811 0.00591281)
(0.0104999 0.00127037 0.0055307)
(0.0104466 0.000778115 0.00491246)
(0.0105034 0.00115999 0.00534617)
(0.0100363 0.000781944 0.00463602)
(0.0102894 0.000687879 0.00421871)
(0.0106749 0.00079627 0.00498106)
(0.0104482 0.00574016 0.00324956)
(0.010418 0.00829956 0.00555884)
(0.0106754 0.00580754 0.00206139)
(0.0105012 0.00422699 0.00227992)
(0.0106368 0.0054077 0.00219092)
(0.0104564 0.00619529 0.00328994)
(0.0116077 0.0075692 0.00342888)
(0.0112533 0.00655638 0.0030323)
(0.0107644 0.00572015 0.00281521)
(0.0110574 0.00818996 0.00313401)
(0.0113903 0.00818911 0.00401465)
(0.0111749 0.00812762 0.00498165)
(0.0110304 0.0078723 0.00336007)
(0.0127847 0.0096489 0.00666142)
(0.0119346 0.00853374 0.00571466)
(0.0122547 0.0088589 0.00469827)
(0.0119173 0.00850398 0.00540163)
(0.0125225 0.00866966 0.00567664)
(0.0126863 0.00872236 0.00513222)
(0.0113438 0.00875749 0.0040037)
(0.0122253 0.00935131 0.00390448)
(0.0117498 0.0089154 0.00372723)
(0.0118203 0.0073564 0.00360168)
(0.0110812 0.00819301 0.00359646)
(0.0111821 0.00753986 0.00340054)
(0.0117641 0.00691921 0.00322134)
(0.0120308 0.00748785 0.00370987)
(0.0121667 0.00790018 0.00256738)
(0.0113145 0.00699669 0.00191871)
(0.0138119 0.00468319 0.0108896)
(0.0134128 0.00504158 0.0108884)
(0.0130117 0.00570207 0.00982457)
(0.012623 0.00502875 0.0103439)
(0.0129339 0.00682175 0.0107137)
(0.012554 0.00714431 0.0101634)
(0.0193131 0.0047689 0.00630827)
(0.019354 0.00463734 0.00646735)
(0.0189418 0.00675343 0.00526582)
(0.0179642 0.00628944 0.0065658)
(0.0181276 0.00660349 0.00557789)
(0.0185026 0.00675307 0.00543724)
(0.0177171 0.00806019 0.00680767)
(0.0183358 0.00687953 0.00739807)
(0.0188043 0.00546482 0.004997)
(0.0197442 0.00569352 0.00419668)
(0.0189501 0.00472927 0.00541875)
(0.0190449 0.00427268 0.0059607)
(0.0187396 0.00340911 0.00575928)
(0.0193875 0.00356153 0.00569295)
(0.0175474 0.00350254 0.00499239)
(0.0190771 0.00396967 0.00559301)
(0.0188876 0.00553397 0.00375216)
(0.0189346 0.00508646 0.00371962)
(0.0177072 0.00493328 0.00327672)
(0.014784 0.00906203 0.00816054)
(0.01366 0.00888768 0.00724059)
(0.014038 0.0105152 0.00789111)
(0.0152502 0.00699749 0.0104383)
(0.0161395 0.00441336 0.00940546)
(0.015097 0.00565599 0.00999879)
(0.016466 0.00657586 0.00953217)
(0.016136 0.00565332 0.00967625)
(0.0162182 0.00506184 0.0100488)
(0.015278 0.00506454 0.00927674)
(0.0165245 0.00625164 0.0102231)
(0.0149954 0.0102253 0.0086806)
(0.0133012 0.0099497 0.00720711)
(0.0134331 0.00834952 0.00740014)
(0.0144034 0.00817309 0.00808259)
(0.0139461 0.00870217 0.00952232)
(0.0133776 0.00735506 0.00851959)
(0.0145979 0.00896439 0.00900872)
(0.0138648 0.00878392 0.00923979)
(0.0150387 0.00938729 0.00895074)
(0.0139276 0.00942507 0.009403)
(0.0189874 0.00379189 0.00862569)
(0.0190591 0.00442665 0.00919947)
(0.0198761 0.0035812 0.00792116)
(0.016671 0.00371183 0.00864236)
(0.0166276 0.00439722 0.00936452)
(0.0161412 0.0050804 0.00956521)
(0.0174194 0.00414341 0.00891668)
(0.0174058 0.00357389 0.00833431)
(0.018898 0.00371228 0.00838958)
(0.01654 0.00795729 0.0101164)
(0.0161957 0.00698853 0.00923384)
(0.0163501 0.00859029 0.0102156)
(0.0156001 0.00762736 0.00938292)
(0.0178679 0.00645607 0.00981049)
(0.0179891 0.00718055 0.010553)
(0.0174105 0.00762158 0.0102086)
(0.0170318 0.00690878 0.00981226)
(0.0163278 0.00367551 0.00927543)
(0.0166502 0.00415712 0.00985567)
(0.0166353 0.00280267 0.0075627)
(0.0181802 0.00288601 0.00770802)
(0.0177162 0.0030498 0.00784046)
(0.0177455 0.00287978 0.00738466)
(0.0144016 0.0039765 0.00989667)
(0.015359 0.005222 0.00981373)
(0.0152014 0.00374254 0.00913935)
(0.0154305 0.0029795 0.00893294)
(0.0169249 0.00368259 0.00942049)
(0.0135066 0.00440188 0.00989526)
(0.0139426 0.00399944 0.00990155)
(0.0144288 0.00552412 0.0106311)
(0.0131663 0.00430753 0.0097508)
(0.0144648 0.00464561 0.0107998)
(0.0142896 0.00498538 0.0105087)
(0.0139389 0.00584393 0.010766)
(0.012779 0.00622917 0.00968588)
(0.0128592 0.0049149 0.00896106)
(0.0182211 0.00259852 0.00675737)
(0.019248 0.00323838 0.00890959)
(0.0168528 0.00302296 0.00842823)
(0.0167997 0.00270435 0.00787601)
(0.0166843 0.00188212 0.00659265)
(0.017893 0.00320874 0.00808498)
(0.0180313 0.00243725 0.00659248)
(0.0180717 0.00239787 0.00460454)
(0.0190645 0.00277344 0.00570468)
(0.0167408 0.00232592 0.00626096)
(0.0166364 0.00241677 0.00605181)
(0.0199 0.0032168 0.00790824)
(0.0195585 0.00301003 0.00709638)
(0.020303 0.00411481 0.00399307)
(0.0189218 0.00292587 0.00802733)
(0.0190592 0.00280207 0.00681202)
(0.019583 0.00297928 0.00578971)
(0.0185952 0.00452052 0.00440724)
(0.019149 0.00491201 0.00412052)
(0.0187352 0.00415869 0.00380063)
(0.0190117 0.00299317 0.00715218)
(0.0182 0.00309541 0.0049221)
(0.0194042 0.00288082 0.00610059)
(0.0189333 0.00392459 0.00452959)
(0.0186415 0.00249462 0.00612962)
(0.02005 0.00362358 0.00538853)
(0.0187362 0.00292353 0.0051568)
(0.0194251 0.00319031 0.00579471)
(0.0187355 0.00452027 0.00391131)
(0.0175537 0.00483424 0.00261954)
(0.0187253 0.00485548 0.00323796)
(0.0184394 0.00491913 0.00311417)
(0.0192253 0.00421675 0.00379228)
(0.0193013 0.00478709 0.00377993)
(0.0192868 0.00355337 0.00438273)
(0.0180459 0.00424204 0.00325865)
(0.0181909 0.00346669 0.00371226)
(0.0185968 0.00421242 0.0035047)
(0.0200639 0.00436833 0.00388082)
(0.0191128 0.003593 0.0043237)
(0.012163 0.00550119 0.00180504)
(0.0125804 0.00626753 0.00130999)
(0.0122028 0.00644014 0.0095562)
(0.0125206 0.00634776 0.00967862)
(0.0128175 0.00604779 0.00980294)
(0.0113631 0.00614266 0.00873933)
(0.0113685 0.00864457 0.00805586)
(0.0134815 0.00728397 0.00901554)
(0.0133138 0.00851504 0.00969463)
(0.0114556 0.00858741 0.00826944)
(0.0129352 0.00762199 0.00976248)
(0.0124592 0.00797144 0.00728802)
(0.0123989 0.00928402 0.00658633)
(0.011113 0.00834202 0.00561535)
(0.0119483 0.00923236 0.00613078)
(0.0202115 0.00324004 0.00683313)
(0.00710477 0.0019345 0.0035453)
(0.00692541 0.00199797 0.0034888)
(0.00672155 0.00218702 0.0036685)
(0.00667504 0.00196773 0.0036031)
(0.00657541 0.00259446 0.00382308)
(0.00622994 0.00281566 0.0033778)
(0.0062388 0.00256205 0.00367483)
(0.00605091 0.00229708 0.00343666)
(0.00583951 0.00262248 0.00356236)
(0.00583598 0.00239558 0.0042151)
(0.00649813 0.00201932 0.00457372)
(0.00577584 0.00205148 0.00414501)
(0.00567885 0.0025499 0.00417035)
(0.00618996 0.00269738 0.00412656)
(0.0136324 0.00526372 0.00196587)
(0.00958648 0.00248866 0.0050563)
(0.00867721 0.00236814 0.00477625)
(0.00958549 0.00257824 0.00460291)
(0.0100856 0.00260108 0.003941)
(0.0115778 0.002999 0.00431066)
(0.0113485 0.00323729 0.00317965)
(0.0115792 0.00310935 0.00338133)
(0.010729 0.002882 0.00364084)
(0.00989513 0.00272501 0.00489878)
(0.0114677 0.00306647 0.00453279)
(0.0101517 0.00282483 0.00460937)
(0.0118178 0.0033734 0.00436166)
(0.0127289 0.00364325 0.00417841)
(0.0127472 0.00388828 0.00420494)
(0.0166618 0.00716436 0.00602373)
(0.0108575 0.00520281 0.00506935)
(0.0103708 0.00362129 0.00544186)
(0.010318 0.00413788 0.0050243)
(0.00928065 0.003796 0.00507285)
(0.00930159 0.00328596 0.00470315)
(0.00962174 0.00146788 0.00457329)
(0.00892915 0.0020651 0.00465385)
(0.00979827 0.00338615 0.0053873)
(0.00977802 0.00265656 0.0051014)
(0.0092657 0.00217267 0.00495362)
(0.0100727 0.00182955 0.00203405)
(0.00978624 0.00134848 0.00242854)
(0.0097276 0.00160307 0.00223658)
(0.0103072 0.0015228 0.00238166)
(0.0103215 0.00178273 0.00248087)
(0.00821109 0.0026842 0.00390948)
(0.0079791 0.00225115 0.00402289)
(0.00793746 0.00211745 0.00364209)
(0.00795837 0.0021849 0.00396291)
(0.0083329 0.00222619 0.0040902)
(0.00867999 0.00377862 0.00398439)
(0.00829668 0.00370644 0.00380735)
(0.0122919 0.0040218 0.00217979)
(0.0109986 0.00334516 0.00191356)
(0.0137114 0.00536903 0.00181819)
(0.0128385 0.00490204 0.00171616)
(0.0135108 0.00513377 0.00183536)
(0.012382 0.00445465 0.00158523)
(0.00967692 0.00223354 0.00228699)
(0.00921693 0.00201972 0.00182623)
(0.00852527 0.00179243 0.00194977)
(0.0109229 0.00323344 0.00193396)
(0.00977561 0.00246692 0.00197576)
(0.0102439 0.0026496 0.00218496)
(0.0120333 0.00382172 0.00132387)
(0.0124924 0.00440886 0.00149788)
(0.0128664 0.00452014 0.00126636)
(0.0130306 0.00476407 0.00131518)
(0.0114259 0.00357882 0.00161598)
(0.00957483 0.00136971 0.00259897)
(0.00975792 0.00129576 0.00287144)
(0.0114622 0.00284186 0.00175334)
(0.0103638 0.00233278 0.00187494)
(0.00953829 0.00216156 0.00201599)
(0.00927996 0.00193113 0.00228283)
(0.00747261 0.00237382 0.0038597)
(0.00778118 0.00202463 0.00392325)
(0.00730308 0.00186299 0.00345036)
(0.00733961 0.0017862 0.0034884)
(0.00748477 0.00197887 0.00357731)
(0.00745628 0.00190535 0.00362438)
(0.00733827 0.00178782 0.00350972)
(0.00772415 0.00189285 0.00373791)
(0.007966 0.00143293 0.00351429)
(0.00788473 0.00152899 0.00349704)
(0.00769285 0.00180402 0.00364692)
(0.00772663 0.00168216 0.00350873)
(0.00880237 0.00130934 0.00378599)
(0.00870406 0.00176403 0.00418553)
(0.0084083 0.00185505 0.00392221)
(0.00855006 0.00171341 0.00404749)
(0.00838232 0.00144601 0.00375505)
(0.00819601 0.00146992 0.00365513)
(0.00853211 0.00130818 0.00353515)
(0.00845024 0.00137688 0.0036871)
(0.00824011 0.00112606 0.00314195)
(0.00819098 0.00131662 0.00318937)
(0.00847532 0.00151924 0.00369696)
(0.00913273 0.00196653 0.00290687)
(0.0088213 0.00188139 0.00309636)
(0.00886889 0.002118 0.0034858)
(0.00772355 0.00162362 0.00339558)
(0.00781806 0.00199266 0.00359073)
(0.00844291 0.00202058 0.00376074)
(0.00730698 0.0015412 0.00303141)
(0.00772294 0.00173583 0.00324818)
(0.00812635 0.00142734 0.00334193)
(0.00792404 0.00168134 0.00328884)
(0.00780966 0.00164482 0.00347733)
(0.00763987 0.00152123 0.00288477)
(0.00800435 0.00148697 0.00286011)
(0.00812784 0.00155593 0.00305573)
(0.00970792 0.00179268 0.0026992)
(0.00866888 0.00154459 0.00251394)
(0.00834641 0.00163497 0.00286304)
(0.00877356 0.00131397 0.00245008)
(0.00830922 0.0013772 0.00222037)
(0.00858831 0.00157194 0.00270708)
(0.00928966 0.0018445 0.00285556)
(0.00676175 0.00313661 0.00328009)
(0.00735738 0.00325951 0.00323172)
(0.00791281 0.00379269 0.00346831)
(0.00775453 0.00374441 0.00347831)
(0.00814568 0.0031896 0.00373928)
(0.00862413 0.00374122 0.00406525)
(0.00762767 0.00290538 0.00379631)
(0.00754877 0.00315879 0.00384328)
(0.00843709 0.00346165 0.00408944)
(0.00778137 0.00292148 0.00390086)
(0.00745455 0.00255445 0.00375156)
(0.00798816 0.00338615 0.00387737)
(0.0065788 0.00285675 0.00362161)
(0.00763281 0.00300677 0.00387149)
(0.00703944 0.00275201 0.00381202)
(0.00689384 0.00313276 0.00339814)
(0.00708693 0.00309974 0.00357633)
(0.00727149 0.00310264 0.00373926)
(0.00738585 0.00353206 0.00377332)
(0.00725801 0.003163 0.00359106)
(0.0187059 0.00601668 0.00408178)
(0.0174561 0.0052875 0.00270002)
(0.0180773 0.00520676 0.002705)
(0.0176341 0.00526181 0.00282721)
(0.0180697 0.00526571 0.00320838)
(0.0161809 0.00526316 0.00270104)
(0.0158186 0.00502537 0.00283816)
(0.0162146 0.00522895 0.0034952)
(0.0157304 0.00493271 0.00337204)
(0.0156187 0.00611706 0.0031467)
(0.00880876 0.00139998 0.00250088)
(0.00947539 0.00143905 0.00297377)
(0.00822047 0.00136807 0.00332948)
(0.00869743 0.00132283 0.00349274)
(0.00883594 0.00112027 0.0032185)
(0.00837334 0.00125879 0.00326191)
(0.00868272 0.00107272 0.00312513)
(0.00904179 0.00135932 0.00325622)
(0.00924019 0.00110862 0.00322262)
(0.00866759 0.0012582 0.00325251)
(0.00902286 0.0013118 0.00321545)
(0.00902768 0.00131176 0.00296004)
(0.00923985 0.00156443 0.00288223)
(0.0105557 0.000956345 0.00493017)
(0.0103481 0.000803489 0.00382601)
(0.0100118 0.000711076 0.00379973)
(0.00950339 0.000799143 0.00354721)
(0.00966006 0.00117037 0.00294654)
(0.0105748 0.00103731 0.00444766)
(0.0101883 0.000794694 0.00449417)
(0.0104637 0.000563107 0.00418808)
(0.0102137 0.000705814 0.00416429)
(0.00976491 0.00130489 0.00276244)
(0.00969261 0.00102639 0.00277788)
(0.0116837 0.00552274 0.00133967)
(0.0111642 0.00631809 0.00197873)
(0.010816 0.00468337 0.00212604)
(0.0110171 0.00445261 0.00133847)
(0.0108504 0.00484811 0.00130684)
(0.0111018 0.00523113 0.00219964)
(0.0131692 0.00893083 0.0029106)
(0.0139746 0.00972361 0.00335981)
(0.01366 0.00941395 0.00290628)
(0.0130439 0.00634164 0.00174565)
(0.0132003 0.00849035 0.00273797)
(0.0124053 0.00819954 0.00238162)
(0.0131308 0.0066654 0.00262112)
(0.0126043 0.00650737 0.00182301)
(0.0134746 0.00543449 0.00261377)
(0.0142982 0.00801727 0.00290857)
(0.0128444 0.00626139 0.0022716)
(0.0131175 0.00530179 0.00263398)
(0.0136686 0.00728047 0.00174614)
(0.0138801 0.00767471 0.00189802)
(0.0129793 0.00928917 0.0055661)
(0.0135233 0.00867051 0.00263682)
(0.0135525 0.00897518 0.00404535)
(0.0133394 0.00849233 0.00357066)
(0.0145543 0.0105653 0.00741417)
(0.0135486 0.00879369 0.00712728)
(0.0141451 0.00920747 0.00648761)
(0.0138595 0.00917236 0.00432233)
(0.0140866 0.00926353 0.00484144)
(0.0140361 0.0104394 0.00562717)
(0.0137915 0.0103121 0.00521034)
(0.0124722 0.00817329 0.00549193)
(0.0128523 0.0089995 0.00599243)
(0.0131293 0.00919875 0.00528077)
(0.0124021 0.00963095 0.00438132)
(0.0151851 0.0101371 0.00643867)
(0.0155998 0.00981172 0.00735981)
(0.0141402 0.0105304 0.00616441)
(0.0143077 0.0107195 0.00570301)
(0.0158016 0.00937478 0.00800581)
(0.015156 0.0100201 0.00591637)
(0.0144453 0.00799935 0.00210752)
(0.014921 0.00842904 0.00225279)
(0.014665 0.00797868 0.00342124)
(0.0154893 0.00989245 0.00501335)
(0.0154942 0.0110234 0.00398076)
(0.0193527 0.00852004 0.0100573)
(0.0198464 0.0114241 0.0106641)
(0.0199234 0.00955738 0.00993463)
(0.0190224 0.00978025 0.00932874)
(0.0205987 0.0098375 0.0108194)
(0.0211007 0.0101675 0.0107252)
(0.0205307 0.00954293 0.0112054)
(0.019581 0.00848457 0.0107736)
(0.0223003 0.0108619 0.010545)
(0.020394 0.00917128 0.0103305)
(0.0201802 0.0111872 0.00897123)
(0.0205016 0.00924049 0.00960232)
(0.015031 0.00976025 0.00416411)
(0.0159837 0.00918901 0.00441367)
(0.0158185 0.0106162 0.00431032)
(0.014941 0.00864967 0.00388277)
(0.0122438 0.00415869 0.00303221)
(0.0125349 0.00458231 0.00242164)
(0.0139847 0.00564078 0.00227717)
(0.0150089 0.00702606 0.00321391)
(0.0154282 0.00817555 0.00354651)
(0.0151821 0.00670287 0.00321978)
(0.013626 0.00536078 0.0026137)
(0.0175605 0.00762622 0.00632021)
(0.0178719 0.00869331 0.00711124)
(0.0194495 0.00991872 0.00775201)
(0.0179166 0.0083358 0.00694185)
(0.0182639 0.00770839 0.00729417)
(0.0203728 0.00891621 0.00802629)
(0.0200018 0.00903487 0.00883045)
(0.0192392 0.00930226 0.00796279)
(0.01994 0.0107159 0.0087164)
(0.0205681 0.0108289 0.00892738)
(0.0194493 0.010337 0.00896091)
(0.0143228 0.00535966 0.00474445)
(0.0166338 0.00702878 0.00525801)
(0.0173387 0.00739564 0.00594547)
(0.0171322 0.00733261 0.00499948)
(0.0156314 0.006472 0.00440818)
(0.0135429 0.00432772 0.00498653)
(0.0146919 0.00580087 0.00446423)
(0.0153388 0.00652529 0.00366046)
(0.013082 0.00385793 0.00456751)
(0.0150742 0.00673777 0.00317174)
(0.0147114 0.00668175 0.00355201)
(0.0139721 0.0060221 0.00288987)
(0.0119278 0.0037927 0.00384772)
(0.0117333 0.00358637 0.00362409)
(0.0129767 0.00510052 0.00283277)
(0.0119321 0.00403055 0.00319368)
(0.0185852 0.00853183 0.0103832)
(0.0162147 0.011012 0.0075729)
(0.0161286 0.00938817 0.0075515)
(0.0179328 0.0108377 0.00882461)
(0.0185889 0.010289 0.0105908)
(0.0187726 0.0085531 0.00966693)
(0.0171563 0.0090578 0.00891893)
(0.0166907 0.0106021 0.00946042)
(0.0190274 0.0102579 0.00929601)
(0.0158824 0.00853619 0.00860502)
(0.0182779 0.0082755 0.0106224)
(0.0181743 0.00792508 0.0105665)
(0.0177331 0.00859963 0.00965184)
(0.0174378 0.00943292 0.0097829)
(0.0188975 0.0101706 0.0105806)
(0.0188414 0.00845823 0.0100242)
(0.0202273 0.00911628 0.0110276)
(0.0196996 0.00294206 0.00617975)
(0.0196584 0.00325136 0.0069627)
(0.0194937 0.00313559 0.00788553)
(0.0186145 0.00511876 0.00976551)
(0.0180271 0.00663624 0.0101326)
(0.0199308 0.00622613 0.0103703)
(0.0192113 0.00316017 0.00572743)
(0.019293 0.00290941 0.0065921)
(0.0187481 0.00325677 0.00428834)
(0.0201984 0.00326585 0.00501317)
(0.0201561 0.00331371 0.00569658)
(0.0192181 0.00346209 0.00457888)
(0.0194613 0.00350239 0.00448207)
(0.019238 0.00287661 0.00519062)
(0.0186058 0.00456204 0.00329435)
(0.0155747 0.00474306 0.00351951)
(0.00847092 0.0037657 0.00367648)
(0.00823137 0.00378453 0.00349283)
(0.00812762 0.00396914 0.00339834)
(0.0145299 0.00547671 0.0024951)
(0.0151647 0.00543861 0.00263195)
(0.0149879 0.00532613 0.00263803)
(0.0110912 0.00535723 0.00272141)
(0.0121312 0.00571825 0.00274986)
(0.0150054 0.00597194 0.00235403)
(0.0142603 0.00555053 0.00243684)
(0.0146453 0.00576258 0.00209191)
(0.0128894 0.00558057 0.00255403)
(0.0138926 0.0054611 0.00252509)
(0.0142765 0.00573217 0.0026514)
(0.0102946 0.00502116 0.00304999)
(0.0105973 0.00474381 0.00386322)
(0.00961259 0.00518378 0.00348258)
(0.00882826 0.00389938 0.00370767)
(0.00928262 0.0042811 0.00389885)
(0.00977054 0.004922 0.00373647)
(0.00900109 0.00408865 0.00400537)
(0.00989746 0.0049323 0.00369084)
(0.00916069 0.00460817 0.00342593)
(0.0190508 0.00397244 0.00534597)
(0.0179441 0.00350731 0.00384381)
(0.0195532 0.00389127 0.00511808)
(0.0175098 0.00373221 0.00324485)
(0.0167016 0.00473372 0.00286797)
(0.0168787 0.00516002 0.00296385)
(0.0209732 0.00471268 0.00907875)
(0.0206296 0.0060455 0.0107358)
(0.0210721 0.00518486 0.0101109)
(0.0177484 0.00508935 0.00379346)
(0.0191688 0.00440376 0.00498811)
(0.0178922 0.00458877 0.0042062)
(0.0181574 0.00489387 0.00403275)
(0.0164327 0.00424722 0.00492606)
(0.0136516 0.00372908 0.00507435)
(0.0159752 0.00416631 0.00565731)
(0.014104 0.00430198 0.00549191)
(0.0144894 0.00508592 0.00424169)
(0.0133184 0.00534965 0.00347446)
(0.0127576 0.00453358 0.00400535)
(0.0137287 0.00544244 0.0035935)
(0.0131839 0.00530915 0.00339069)
(0.0163658 0.00517019 0.00307171)
(0.0164905 0.00443183 0.00430471)
(0.0171887 0.004857 0.00387204)
(0.0157421 0.00465035 0.00358675)
(0.013857 0.00392672 0.00471418)
(0.0139791 0.00395073 0.0041494)
(0.0154671 0.00405653 0.00463891)
(0.0162702 0.00436901 0.00433248)
(0.00725985 0.00453235 0.00281189)
(0.00771697 0.00496275 0.00303469)
(0.00806282 0.00435848 0.00326845)
(0.0122703 0.0055149 0.00270714)
(0.00859481 0.00447625 0.002893)
(0.0096413 0.00590719 0.00244334)
(0.0113452 0.00535703 0.00244713)
(0.0118855 0.00532406 0.00254517)
(0.0076745 0.00399711 0.00313951)
(0.0080498 0.00458404 0.00292953)
(0.00908605 0.00487233 0.00302986)
(0.00978228 0.0047581 0.00299207)
(0.0104404 0.00480674 0.00270479)
(0.0106408 0.00509695 0.00286858)
(0.0115406 0.00555979 0.00232536)
(0.0118239 0.00475935 0.00341135)
(0.00855405 0.00409397 0.00342908)
(0.00878967 0.00465537 0.00290162)
(0.00816725 0.00429857 0.00282484)
(0.00738472 0.00386427 0.00302582)
(0.00855857 0.00402365 0.003213)
(0.00895243 0.00467961 0.00290119)
(0.0114601 0.00545564 0.00329984)
(0.0142253 0.00645978 0.00330812)
(0.0150372 0.00639232 0.00358778)
(0.0154224 0.00585917 0.00339539)
(0.0155396 0.00675766 0.00313612)
(0.0150446 0.00644707 0.00275755)
(0.0161618 0.00597927 0.00327213)
(0.0144749 0.00653672 0.00256088)
(0.0127876 0.00520856 0.00345086)
(0.0142846 0.00648168 0.00282238)
(0.0130246 0.00572685 0.00321695)
(0.0128986 0.00578678 0.00389238)
(0.0138556 0.00628358 0.00348497)
(0.0123004 0.0062437 0.00363483)
(0.0116412 0.00561351 0.00383812)
(0.0203866 0.00907096 0.0102746)
(0.0204935 0.0110219 0.0107439)
(0.0197444 0.00864218 0.0110186)
(0.0196453 0.00770316 0.0106225)
(0.0205101 0.00877279 0.0113338)
(0.0193146 0.00693558 0.010619)
(0.0224759 0.0090997 0.0114513)
(0.0208812 0.00822795 0.0117172)
(0.0196365 0.00799886 0.0110455)
(0.0206148 0.00684408 0.0113975)
(0.020057 0.00613633 0.010632)
(0.0208967 0.00778364 0.011923)
(0.0213559 0.00768124 0.0116458)
(0.0215105 0.00738016 0.0120165)
(0.0195181 0.00625331 0.0106993)
(0.0212431 0.00653539 0.0108692)
(0.0203754 0.00681779 0.011203)
(0.0203139 0.00697815 0.011852)
(0.0198961 0.00658276 0.0111348)
(0.0203103 0.00651117 0.0112994)
(0.0208676 0.00705631 0.0119109)
(0.0207042 0.00596526 0.0104921)
(0.0206925 0.00517551 0.0101153)
(0.0208996 0.00605459 0.0106982)
(0.020362 0.00653234 0.011075)
(0.0143524 0.00475176 0.00293943)
(0.0135486 0.0049511 0.00313471)
(0.0126509 0.00514635 0.0029148)
(0.0138466 0.00482244 0.00304127)
(0.0126842 0.00492602 0.00274285)
(0.0203188 0.00445916 0.00565441)
(0.0191818 0.0047566 0.0053296)
(0.0197188 0.00461566 0.00555552)
(0.0198339 0.00442966 0.00617226)
(0.0208815 0.00495372 0.00781196)
(0.0200873 0.00430573 0.00812265)
(0.0201439 0.00423473 0.00769952)
(0.0198363 0.00453439 0.00810892)
(0.0187538 0.00442789 0.00600571)
(0.0191678 0.00440209 0.00665929)
(0.0164819 0.00403608 0.00515805)
(0.0179855 0.00420621 0.00737586)
(0.0176709 0.00435966 0.00643963)
(0.0101261 0.00484799 0.00361194)
(0.0116609 0.00571138 0.00315317)
(0.0109362 0.0048898 0.00370199)
(0.0131258 0.00532942 0.00282263)
(0.0129646 0.00538125 0.0032564)
(0.0113951 0.00565442 0.00296709)
(0.0121591 0.00598757 0.00271918)
(0.0128625 0.00524567 0.00345586)
(0.0126017 0.00523041 0.0025236)
(0.010153 0.0046197 0.00328851)
(0.0102675 0.00510429 0.00279831)
(0.0119435 0.00563941 0.00287635)
(0.0112354 0.00539876 0.00275224)
(0.0106696 0.00505043 0.00296533)
(0.0157792 0.00614303 0.00245671)
(0.0174549 0.0043829 0.00294321)
(0.0156875 0.00472329 0.0033752)
(0.0157576 0.0044932 0.00328512)
(0.0152046 0.00521462 0.00285332)
(0.01696 0.00439713 0.00291566)
(0.0167573 0.00359647 0.00327649)
(0.0166506 0.00425129 0.00301396)
(0.0156223 0.00397699 0.00308724)
(0.0181127 0.00393421 0.00351818)
(0.017429 0.00397585 0.00297221)
(0.0165629 0.0044482 0.00332106)
(0.0162452 0.00539682 0.00262388)
(0.0160532 0.00581178 0.00236462)
(0.0166227 0.00459451 0.00357053)
(0.0192564 0.00442167 0.0090636)
(0.0188644 0.00343108 0.00602158)
(0.0201312 0.00338347 0.00540469)
(0.0200712 0.00397328 0.00742778)
(0.0192571 0.00303223 0.00563833)
(0.0199303 0.00466671 0.00932894)
(0.0202412 0.00445843 0.00885614)
(0.0201695 0.00381133 0.00678083)
(0.0127717 0.00888402 0.004203)
(0.0128327 0.00941786 0.00436475)
(0.0129187 0.00950936 0.00432006)
(0.012414 0.0081139 0.00394476)
(0.0129944 0.0073851 0.00243955)
(0.0126005 0.00734455 0.00234468)
(0.0136471 0.00870034 0.00326175)
(0.0131037 0.00910225 0.00699953)
(0.0140697 0.00950332 0.00649778)
(0.0126956 0.00911753 0.00528917)
(0.0134697 0.009428 0.00466236)
(0.0138945 0.00989454 0.00640744)
(0.0130773 0.0094609 0.00458787)
(0.0135704 0.0100784 0.0054515)
(0.0133166 0.0100401 0.00494389)
(0.0147141 0.0103689 0.00644651)
(0.0100691 0.000707475 0.00337115)
(0.0105397 0.000906318 0.00398246)
(0.0104078 0.00066974 0.00381139)
(0.0103913 0.000761836 0.00343997)
(0.010058 0.000750082 0.00326593)
(0.0101208 0.00101141 0.00247556)
(0.00988394 0.00101116 0.00262857)
(0.0098491 0.00130982 0.00240835)
(0.00948173 0.00114969 0.00243965)
(0.0101739 0.00143742 0.00267379)
(0.00996043 0.00127543 0.002458)
(0.0102244 0.00148754 0.00240488)
(0.00927283 0.00116038 0.00393701)
(0.00963944 0.000927445 0.00352545)
(0.00961774 0.000966604 0.00284854)
(0.00889282 0.000945129 0.00292357)
(0.00907236 0.00122003 0.00318046)
(0.0095319 0.00106431 0.00315988)
(0.0103495 0.00208972 0.00516754)
(0.011256 0.00256898 0.00619593)
(0.0113888 0.00210604 0.0060107)
(0.00978822 0.00154533 0.0049513)
(0.0100823 0.000922417 0.0048698)
(0.0104974 0.00138395 0.00548809)
(0.0103305 0.000913445 0.00497364)
(0.01033 0.00090255 0.00497685)
(0.00892178 0.000997679 0.00399301)
(0.0082611 0.00131214 0.00315767)
(0.00825984 0.00140808 0.00272487)
(0.00839816 0.00142389 0.00309907)
(0.00850631 0.00143043 0.00289078)
(0.00814668 0.00140859 0.00312559)
(0.00843365 0.00150201 0.00315167)
(0.00748132 0.00194704 0.00362685)
(0.00780661 0.00167438 0.00349045)
(0.00793212 0.00186505 0.00382278)
(0.00724297 0.00212243 0.00380843)
(0.00745884 0.00146431 0.00322028)
(0.00768323 0.00169528 0.00362358)
(0.00958453 0.00388871 0.00470524)
(0.00977287 0.00482354 0.00410536)
(0.00918781 0.00451578 0.00345891)
(0.00908792 0.00253219 0.00453415)
(0.00928735 0.00244889 0.00463035)
(0.00946333 0.00346173 0.00496079)
(0.00895853 0.00202801 0.00463025)
(0.00844681 0.00217299 0.00417267)
(0.00841661 0.00174517 0.00401241)
(0.00939304 0.00241443 0.00488578)
(0.0090492 0.00284988 0.00455503)
(0.00863928 0.00222424 0.00433498)
(0.00866149 0.00252268 0.0046076)
(0.0150236 0.0057094 0.00571354)
(0.0150278 0.00501522 0.00624124)
(0.0156245 0.00624471 0.0056665)
(0.01369 0.00439888 0.00441384)
(0.0144939 0.0048535 0.0059365)
(0.0146104 0.0047207 0.00542404)
(0.0112673 0.00331199 0.00472666)
(0.0133843 0.00422125 0.00458835)
(0.0120105 0.00355637 0.00441643)
(0.0116299 0.0033224 0.00565747)
(0.0111924 0.00319847 0.00497411)
(0.00746934 0.00194742 0.00494632)
(0.00974573 0.00219625 0.00279833)
(0.0103777 0.00229061 0.00261078)
(0.00966007 0.00214149 0.00208012)
(0.0112475 0.00295694 0.00239487)
(0.00998195 0.00203813 0.00263085)
(0.00973535 0.00240271 0.00214736)
(0.0115952 0.00350742 0.0031269)
(0.0110992 0.00312704 0.00289184)
(0.0112751 0.00281592 0.00294299)
(0.0111605 0.00307023 0.00267109)
(0.0104774 0.00255251 0.00275075)
(0.011342 0.00311731 0.0030377)
(0.00938711 0.00204331 0.00323499)
(0.01066 0.00264868 0.00289026)
(0.0107382 0.00274821 0.00300477)
(0.00979132 0.00230757 0.00289003)
(0.00533601 0.00237258 0.0040172)
(0.00617899 0.00214462 0.00424719)
(0.00550101 0.00225084 0.00394993)
(0.0108282 0.00862001 0.00568009)
(0.0119727 0.00851393 0.00727004)
(0.0130025 0.00989316 0.00680916)
(0.0118661 0.00927048 0.00655196)
(0.0130219 0.00829558 0.00852882)
(0.0123788 0.00700921 0.00950979)
(0.012096 0.00711232 0.00963832)
(0.0168007 0.00367502 0.0092426)
(0.0162765 0.00298388 0.00828288)
(0.016708 0.00330184 0.00878931)
(0.0169002 0.00315668 0.00842778)
(0.0162652 0.00503609 0.00948059)
(0.0165189 0.00593401 0.0100577)
(0.0180146 0.00536028 0.00996588)
(0.0176144 0.00484463 0.00947476)
(0.0178161 0.00485447 0.00957968)
(0.0166573 0.00500793 0.00928146)
(0.0189111 0.00463796 0.00939705)
(0.0194283 0.00392625 0.00831007)
(0.0117435 0.00811416 0.0102008)
(0.0127516 0.0075146 0.0104979)
(0.0102647 0.0053552 0.0020989)
(0.0103088 0.00545931 0.00252084)
(0.0095578 0.00452545 0.00256128)
(0.00954802 0.00443518 0.00212601)
(0.00960363 0.0029652 0.00262585)
(0.0099741 0.00289072 0.00231344)
(0.0100891 0.00461324 0.00246629)
(0.0094367 0.00329306 0.00292391)
(0.011783 0.00379294 0.00685065)
(0.0125553 0.00495317 0.00742541)
(0.0126857 0.00386705 0.00775831)
(0.0119771 0.00401844 0.00757144)
(0.0168637 0.00572303 0.00360086)
(0.0177628 0.00556439 0.00384523)
(0.0149445 0.00636939 0.00380052)
(0.0146104 0.00681397 0.00351958)
(0.0181456 0.0061131 0.00358053)
(0.0171491 0.00592455 0.00355695)
(0.0157282 0.00567663 0.00365994)
(0.0172367 0.00658431 0.00453947)
(0.0155186 0.00720857 0.00322669)
(0.0159503 0.00572472 0.0027243)
(0.0150292 0.00681523 0.00446196)
(0.0157967 0.00727633 0.00447508)
(0.0162297 0.00643798 0.00475274)
(0.0144366 0.00682043 0.00378742)
(0.0152129 0.00664215 0.00379337)
(0.0162093 0.00633091 0.00402794)
(0.011247 0.00467285 0.00551062)
(0.0109861 0.00523896 0.00535167)
(0.0108274 0.0054457 0.00500354)
(0.0112001 0.00543191 0.00515892)
(0.0118025 0.00553268 0.0053476)
(0.0113701 0.00503353 0.0045875)
(0.0125682 0.00623396 0.00436147)
(0.0117703 0.0058209 0.00396422)
(0.0117329 0.00471299 0.00468816)
(0.0118515 0.00493385 0.00534924)
(0.0119881 0.00502758 0.00504472)
(0.01313 0.00605791 0.00547315)
(0.0164057 0.00654866 0.00755568)
(0.0160029 0.00676817 0.00640062)
(0.0142679 0.00601497 0.00642495)
(0.0146353 0.00693486 0.00680784)
(0.0131855 0.00527244 0.00658196)
(0.0144387 0.00641296 0.00717233)
(0.01451 0.00667381 0.006689)
(0.0144385 0.00740012 0.00652743)
(0.00681578 0.00202424 0.00404763)
(0.007322 0.00211164 0.00408427)
(0.00698345 0.00217241 0.00419611)
(0.00824408 0.0020113 0.00374188)
(0.00770193 0.00211091 0.0038998)
(0.00825341 0.00202255 0.00352219)
(0.00719747 0.00219861 0.00427068)
(0.00781232 0.00209058 0.00404465)
(0.0101669 0.00259027 0.00410966)
(0.0084527 0.00229778 0.00431381)
(0.00942358 0.00255923 0.00450754)
(0.00852304 0.00223902 0.00405751)
(0.00907824 0.00222855 0.00383213)
(0.00905614 0.00226266 0.00369065)
(0.018466 0.0110765 0.00710934)
(0.0174613 0.0091383 0.00646553)
(0.0187643 0.0112812 0.00716104)
(0.016808 0.0091195 0.00433118)
(0.0175937 0.00974949 0.00477888)
(0.0183339 0.00995321 0.00598196)
(0.019031 0.0110438 0.00857041)
(0.0172921 0.00970674 0.0070907)
(0.0164534 0.00952618 0.00750081)
(0.0168098 0.010234 0.00550829)
(0.0166113 0.00977722 0.00452703)
(0.00672375 0.00321694 0.00384595)
(0.00662154 0.00335627 0.00321622)
(0.00653711 0.00363604 0.00332584)
(0.00642152 0.00347861 0.00326476)
(0.00599231 0.00286061 0.00310016)
(0.00721249 0.00388523 0.00321554)
(0.00689333 0.00375777 0.00326955)
(0.0066153 0.00407448 0.00334234)
(0.00628682 0.00356905 0.003196)
(0.00710767 0.00394503 0.00309913)
(0.00681492 0.00379153 0.00326109)
)
;
    }
    INLET
    {
        type            calculated;
        value           nonuniform 0();
    }
    OUTLET
    {
        type            calculated;
        value           nonuniform 0();
    }
    procBoundary24to19
    {
        type            processor;
        value           uniform (0 0 0);
    }
    procBoundary24to25
    {
        type            processor;
        value           uniform (0 0 0);
    }
}


// ************************************************************************* //
