/*--------------------------------*- C++ -*----------------------------------*\
| =========                 |                                                 |
| \\      /  F ield         | OpenFOAM: The Open Source CFD Toolbox           |
|  \\    /   O peration     | Version:  v1612+                                |
|   \\  /    A nd           | Web:      www.OpenFOAM.com                      |
|    \\/     M anipulation  |                                                 |
\*---------------------------------------------------------------------------*/
FoamFile
{
    version     2.0;
    format      ascii;
    class       volVectorField;
    location    "118";
    object      wallShearStress;
}
// * * * * * * * * * * * * * * * * * * * * * * * * * * * * * * * * * * * * * //

dimensions      [0 2 -2 0 0 0 0];

internalField   uniform (0 0 0);

boundaryField
{
    WALL
    {
        type            calculated;
        value           nonuniform List<vector> 
1494
(
(-0.00312074 -0.0133989 0.00360825)
(-0.00298437 -0.0135284 0.00370831)
(-0.00275898 -0.012628 0.00343791)
(-0.00288456 -0.0124509 0.00346451)
(-0.00288474 -0.0128753 0.00346224)
(-0.00306514 -0.01312 0.00362353)
(-0.0027764 -0.0129901 0.0035559)
(-0.00260601 -0.0123632 0.00356464)
(-0.00311455 -0.0133661 0.00359177)
(-0.00323283 -0.0137864 0.0037237)
(-0.00307248 -0.0130777 0.00344175)
(-0.00291633 -0.0124428 0.00339309)
(-0.00303098 -0.0130758 0.00409176)
(-0.00286708 -0.0127181 0.00360716)
(-0.00307015 -0.0134109 0.00369411)
(-0.00310593 -0.0135935 0.00374134)
(-0.00303612 -0.0135897 0.00384687)
(-0.00295566 -0.0135529 0.00387761)
(-0.0029814 -0.0130471 0.00348887)
(-0.00275848 -0.0128293 0.00351083)
(-0.00290014 -0.0132941 0.0037846)
(-0.00258251 -0.0125612 0.00369239)
(-0.00276989 -0.0125675 0.00353746)
(-0.00265637 -0.0124138 0.00348143)
(-0.00267663 -0.0128712 0.00391711)
(-0.00262765 -0.0118291 0.00363681)
(-0.00311652 -0.0134802 0.0037398)
(-0.00278759 -0.0130357 0.00363783)
(-0.00291063 -0.0132024 0.00364042)
(-0.00295066 -0.013302 0.00370828)
(-0.00287379 -0.0131486 0.00359534)
(-0.00313236 -0.0131445 0.00361533)
(-0.00292556 -0.0129186 0.00334603)
(-0.00283136 -0.0125805 0.00324518)
(-0.00290679 -0.0131907 0.00341015)
(-0.00305742 -0.0132931 0.00368882)
(-0.00305053 -0.0130435 0.0033936)
(-0.00297832 -0.0134905 0.00369296)
(-0.0029123 -0.0133914 0.00359093)
(-0.00289399 -0.0133225 0.00370054)
(-0.00304516 -0.0135119 0.00373049)
(-0.00301996 -0.0134673 0.00374804)
(-0.00292604 -0.0132478 0.00365657)
(-0.00306955 -0.0135229 0.00398668)
(-0.00307281 -0.0135893 0.0038581)
(-0.00307882 -0.0136292 0.00387135)
(-0.00293442 -0.0131867 0.00353661)
(-0.00277876 -0.0126487 0.00375141)
(-0.00272437 -0.012552 0.00329777)
(-0.0032183 -0.01318 0.00349049)
(-0.00280487 -0.0124667 0.0033443)
(-0.00271266 -0.0127044 0.00359995)
(-0.00297299 -0.0127208 0.00359145)
(-0.00297275 -0.0125337 0.0034754)
(-0.00293698 -0.0128297 0.00362651)
(-0.00288629 -0.0126583 0.00357185)
(-0.00284041 -0.0126633 0.00346722)
(-0.00270984 -0.0125534 0.00342939)
(-0.00290092 -0.0129726 0.00363852)
(-0.00277705 -0.0130641 0.00363797)
(-0.00275466 -0.0122915 0.00331646)
(-0.00281028 -0.0127344 0.00345326)
(-0.00263201 -0.012534 0.0033809)
(-0.00290166 -0.0127655 0.00356824)
(-0.00254527 -0.0122827 0.00321852)
(-0.00257679 -0.0125129 0.00335015)
(-0.00273075 -0.0130607 0.00355838)
(-0.00273785 -0.0121853 0.00344794)
(-0.00261614 -0.0128446 0.00335501)
(-0.00274078 -0.0128718 0.00357356)
(-0.00261152 -0.0125839 0.00339655)
(-0.00269079 -0.0126685 0.0035141)
(-0.00287334 -0.0128069 0.00355997)
(-0.00283162 -0.0129637 0.00347944)
(-0.00280895 -0.0128383 0.00361973)
(-0.00276631 -0.0126159 0.00352793)
(-0.00288324 -0.0126154 0.00345089)
(-0.00284352 -0.0129002 0.00345608)
(-0.00275275 -0.0129072 0.0035071)
(-0.00280573 -0.0131069 0.00360976)
(-0.00284935 -0.0128253 0.0035429)
(-0.00268679 -0.012164 0.00333349)
(-0.00280986 -0.0129091 0.00363596)
(-0.00287849 -0.0128915 0.00350464)
(-0.00299489 -0.0136009 0.00369822)
(-0.00301551 -0.0134163 0.00370152)
(-0.00302246 -0.0135349 0.00361302)
(-0.00304598 -0.013488 0.00368284)
(-0.0033006 -0.0137647 0.00362676)
(-0.0032233 -0.0139087 0.00379603)
(-0.00295439 -0.0135004 0.0036622)
(-0.0027373 -0.0132184 0.0038689)
(-0.0030872 -0.0140695 0.00383914)
(-0.002791 -0.0133335 0.00380702)
(-0.0028969 -0.0140459 0.00398737)
(-0.00300086 -0.0135148 0.00371784)
(-0.00305048 -0.0135311 0.00374804)
(-0.00295379 -0.0132237 0.00370265)
(-0.00286868 -0.0132514 0.00375717)
(-0.00304605 -0.0138257 0.00381512)
(-0.00310138 -0.013532 0.00368893)
(-0.00315724 -0.013619 0.00356392)
(-0.00292383 -0.0134455 0.00375243)
(-0.00274858 -0.0134351 0.00390886)
(-0.00292726 -0.0134589 0.00372634)
(-0.00322499 -0.0142769 0.0039346)
(-0.00288887 -0.0138587 0.00418851)
(-0.00290955 -0.0134814 0.00387795)
(-0.00323975 -0.0135304 0.00363116)
(-0.00295126 -0.013397 0.0037039)
(-0.00316632 -0.0139103 0.00374296)
(-0.00296746 -0.0138931 0.00383634)
(-0.00295075 -0.0136863 0.00386037)
(-0.00328903 -0.0136803 0.00361418)
(-0.0030474 -0.0134189 0.00364935)
(-0.00299043 -0.0136147 0.00370326)
(-0.00313325 -0.0139901 0.00382677)
(-0.00290309 -0.0132968 0.00362299)
(-0.00304798 -0.01344 0.00364856)
(-0.00317014 -0.0132766 0.00363802)
(-0.00313087 -0.0134731 0.00376311)
(-0.00318519 -0.01354 0.00367037)
(-0.00311714 -0.0134236 0.00359737)
(-0.0030536 -0.013304 0.00361767)
(-0.00304595 -0.013443 0.00366599)
(-0.00313711 -0.0132268 0.00354847)
(-0.0030428 -0.0131941 0.00348802)
(-0.00326449 -0.0137508 0.00370837)
(-0.00272188 -0.0127526 0.00324436)
(-0.00261 -0.0126792 0.00314521)
(-0.00266972 -0.0130184 0.00342891)
(-0.00278601 -0.0128048 0.00371413)
(-0.00260718 -0.0124393 0.00364999)
(-0.00295079 -0.0129131 0.0034597)
(-0.00283904 -0.0126283 0.00354714)
(-0.00289165 -0.0133047 0.00354236)
(-0.00280622 -0.0124447 0.00357046)
(-0.00290648 -0.012896 0.00385121)
(-0.00289637 -0.0133503 0.00360004)
(-0.00275506 -0.0126752 0.00353966)
(-0.00285288 -0.0126721 0.0033383)
(-0.00287152 -0.0128586 0.00360613)
(-0.00268553 -0.0126784 0.0037214)
(-0.00270489 -0.0129778 0.00364437)
(-0.00287805 -0.0130689 0.0035289)
(-0.00273351 -0.0126779 0.00335124)
(-0.0027072 -0.0125163 0.00359096)
(-0.00271944 -0.0121359 0.00329721)
(-0.00274448 -0.012668 0.00342971)
(-0.00279537 -0.0122123 0.00359625)
(-0.00298177 -0.0129409 0.00349287)
(-0.00281692 -0.0128101 0.00346782)
(-0.002955 -0.012984 0.00346489)
(-0.00305927 -0.0129832 0.00343963)
(-0.00295175 -0.0126412 0.00345035)
(-0.00297695 -0.0131913 0.0034903)
(-0.00291954 -0.0128609 0.00351527)
(-0.00275035 -0.0125139 0.00344306)
(-0.00280689 -0.0125709 0.00369148)
(-0.00303562 -0.0128419 0.0034154)
(-0.00279352 -0.0130454 0.00356813)
(-0.00293325 -0.0131905 0.00348069)
(-0.00336271 -0.0138389 0.00398923)
(-0.00305559 -0.012747 0.0035561)
(-0.00298922 -0.0131064 0.00373489)
(-0.00302128 -0.0137355 0.00384803)
(-0.00310635 -0.0131455 0.00369213)
(-0.00308063 -0.0134296 0.00383016)
(-0.0026341 -0.0123254 0.00339414)
(-0.00313794 -0.0133338 0.00375336)
(-0.00306294 -0.0130093 0.00361157)
(-0.00305488 -0.0131342 0.00363232)
(-0.0032198 -0.0134358 0.00367991)
(-0.00302901 -0.0126857 0.00374235)
(-0.00307046 -0.0128119 0.00364809)
(-0.00292653 -0.0129316 0.00361311)
(-0.00312701 -0.0131472 0.00390064)
(-0.00290688 -0.0127851 0.00348126)
(-0.00292388 -0.0130643 0.00357817)
(-0.00281769 -0.0122532 0.00331473)
(-0.00278442 -0.0124123 0.00371752)
(-0.00278741 -0.0119405 0.00322655)
(-0.00269579 -0.0125472 0.00331117)
(-0.00252077 -0.0117567 0.00335177)
(-0.00271928 -0.0120968 0.00341766)
(-0.00306396 -0.0132534 0.00372508)
(-0.00266305 -0.0123618 0.00344962)
(-0.0027071 -0.0136703 0.00357449)
(-0.00281236 -0.0125838 0.00341591)
(-0.0026863 -0.0129138 0.00366384)
(-0.0031344 -0.0130123 0.00327072)
(-0.00274782 -0.0131117 0.00371654)
(-0.0029012 -0.0134515 0.00372814)
(-0.00302831 -0.0129685 0.00333532)
(-0.00301635 -0.0133464 0.00350333)
(-0.00283734 -0.0130988 0.00354033)
(-0.00290863 -0.0132625 0.0035002)
(-0.00281203 -0.0130224 0.00344724)
(-0.00281569 -0.0130895 0.00351408)
(-0.00283959 -0.0125346 0.00330532)
(-0.00296847 -0.013552 0.00366149)
(-0.00301057 -0.0135208 0.00371821)
(-0.00312323 -0.012981 0.00349073)
(-0.00314969 -0.0136139 0.00382071)
(-0.00316471 -0.0138057 0.00382939)
(-0.00322553 -0.013417 0.00361783)
(-0.00288928 -0.0126235 0.00326711)
(-0.00296763 -0.0133166 0.00355912)
(-0.00276996 -0.0131838 0.00376654)
(-0.00276262 -0.0124177 0.00338269)
(-0.00297099 -0.0128184 0.00327225)
(-0.00267629 -0.0129718 0.00363133)
(-0.00309574 -0.0130074 0.00353386)
(-0.0027354 -0.012821 0.00355128)
(-0.0027744 -0.0129705 0.00355359)
(-0.00274209 -0.012948 0.00354325)
(-0.00303382 -0.0131767 0.0036524)
(-0.00289992 -0.0129144 0.00356326)
(-0.00281434 -0.0127944 0.00346581)
(-0.00294515 -0.012547 0.0033011)
(-0.00296661 -0.0131555 0.00356199)
(-0.00268915 -0.0129999 0.00350459)
(-0.00287663 -0.0126641 0.00338518)
(-0.00276503 -0.012375 0.0033271)
(-0.00289789 -0.0123789 0.00355556)
(-0.00282355 -0.0129343 0.00360161)
(-0.0028205 -0.0129433 0.00351217)
(-0.00280669 -0.0128154 0.00359703)
(-0.00290886 -0.012464 0.00362564)
(-0.0032142 -0.0128436 0.00355103)
(-0.00289139 -0.0127105 0.00352357)
(-0.00299478 -0.013537 0.00377526)
(-0.00303202 -0.0127185 0.00343207)
(-0.0030031 -0.0128367 0.00341802)
(-0.00263808 -0.0125961 0.00356754)
(-0.00280852 -0.0130815 0.00360483)
(-0.00274044 -0.01228 0.00342635)
(-0.0028881 -0.012721 0.00338556)
(-0.00262349 -0.0125001 0.00349198)
(-0.00253425 -0.0125298 0.00331763)
(-0.00290489 -0.0124869 0.00340452)
(-0.0026211 -0.0127692 0.0035012)
(-0.00235302 -0.0126799 0.0032771)
(-0.00279091 -0.0123161 0.00326529)
(-0.00282718 -0.0124225 0.00351806)
(-0.00294792 -0.0129257 0.00364303)
(-0.00275325 -0.0127154 0.00356585)
(-0.0029035 -0.0128203 0.00365804)
(-0.00271001 -0.0127037 0.00349989)
(-0.00293603 -0.0127819 0.00344494)
(-0.00297524 -0.0126689 0.00334761)
(-0.00305115 -0.0129418 0.00349383)
(-0.00311758 -0.0131662 0.00354801)
(-0.00300596 -0.013174 0.00367412)
(-0.00275853 -0.0128115 0.00351153)
(-0.00304151 -0.0131684 0.00383607)
(-0.00316884 -0.0135362 0.00364152)
(-0.00292427 -0.0129719 0.00372479)
(-0.00302134 -0.013694 0.00366699)
(-0.00295839 -0.0133713 0.00361253)
(-0.00316461 -0.0130748 0.00396245)
(-0.00273483 -0.0130029 0.00372533)
(-0.00301641 -0.012814 0.00349287)
(-0.00289298 -0.0130376 0.0036348)
(-0.00310083 -0.0129646 0.00348943)
(-0.0027591 -0.0128586 0.00372663)
(-0.00305254 -0.0129643 0.00350297)
(-0.00261544 -0.0124716 0.00375141)
(-0.0029298 -0.013375 0.00357218)
(-0.00270391 -0.0129125 0.0035363)
(-0.00260505 -0.0125577 0.00387378)
(-0.0027523 -0.012599 0.003503)
(-0.00259559 -0.0125891 0.00371003)
(-0.00290833 -0.0130735 0.00371888)
(-0.00279982 -0.0125327 0.00346467)
(-0.00281134 -0.0128933 0.00355389)
(-0.0029368 -0.0130018 0.00336464)
(-0.00300686 -0.0130491 0.00345606)
(-0.00268617 -0.0123613 0.00343525)
(-0.00285505 -0.0130035 0.0035025)
(-0.00286803 -0.0128412 0.00328006)
(-0.00275544 -0.0128314 0.0037084)
(-0.00276935 -0.0131161 0.00366719)
(-0.00287482 -0.0127098 0.00329704)
(-0.00267891 -0.0129656 0.00369226)
(-0.00310246 -0.0128044 0.00363463)
(-0.00277972 -0.012705 0.00345545)
(-0.00298604 -0.0131054 0.00379746)
(-0.00272822 -0.0127136 0.00341079)
(-0.00296228 -0.0129698 0.00362941)
(-0.00298296 -0.0132079 0.00385678)
(-0.00268836 -0.0127182 0.00355643)
(-0.00276095 -0.0126534 0.00357518)
(-0.00256996 -0.0128052 0.00341722)
(-0.00277382 -0.0136634 0.00375202)
(-0.00261197 -0.0130223 0.00338485)
(-0.0026867 -0.013086 0.00337787)
(-0.00283445 -0.012639 0.00339775)
(-0.00265163 -0.012661 0.00330701)
(-0.00273944 -0.0133305 0.00340364)
(-0.00286755 -0.0127205 0.00338739)
(-0.00279833 -0.0126109 0.00341682)
(-0.00265812 -0.0126205 0.00321829)
(-0.00290356 -0.013138 0.00368182)
(-0.00298127 -0.0130769 0.00374731)
(-0.00258503 -0.0121667 0.0032524)
(-0.00261442 -0.0122842 0.00339756)
(-0.00263459 -0.0123285 0.00327724)
(-0.00265953 -0.0123268 0.00329332)
(-0.00272685 -0.0125513 0.00344769)
(-0.0027053 -0.0122829 0.00324395)
(-0.00264388 -0.0125918 0.0032502)
(-0.0027737 -0.0123215 0.00340555)
(-0.00262337 -0.0127899 0.00350397)
(-0.0026276 -0.0126139 0.00337416)
(-0.00266106 -0.012121 0.00335024)
(-0.00272042 -0.0126098 0.00342356)
(-0.00285268 -0.0127522 0.00365497)
(-0.00305457 -0.0125918 0.00355901)
(-0.00271123 -0.0128585 0.00354461)
(-0.00278171 -0.0125001 0.00352931)
(-0.00276967 -0.0128305 0.00354929)
(-0.00274926 -0.0124651 0.00339883)
(-0.00271893 -0.0125685 0.00350131)
(-0.00291103 -0.0128738 0.00355164)
(-0.00275457 -0.0131247 0.00353949)
(-0.00281112 -0.0129682 0.00354668)
(-0.0027269 -0.0132368 0.00344762)
(-0.00317182 -0.01327 0.0039066)
(-0.00275113 -0.0124378 0.00316531)
(-0.00309933 -0.0127068 0.00354553)
(-0.00273005 -0.0124263 0.00322977)
(-0.00271434 -0.0127114 0.00334748)
(-0.00310029 -0.0129611 0.00345519)
(-0.00277679 -0.0125117 0.00343893)
(-0.00291406 -0.0124789 0.00334061)
(-0.00297524 -0.0124877 0.00337468)
(-0.00273609 -0.0127306 0.00336787)
(-0.00271785 -0.0126525 0.00358035)
(-0.00267627 -0.0129689 0.00331849)
(-0.0025716 -0.0130751 0.00331222)
(-0.00270755 -0.0120783 0.00328737)
(-0.00281228 -0.012542 0.00352356)
(-0.00286038 -0.0125248 0.0034769)
(-0.0029107 -0.0123989 0.00349795)
(-0.00243099 -0.0126315 0.00299911)
(-0.00270108 -0.0129629 0.00335384)
(-0.00255665 -0.0124592 0.00321434)
(-0.0029391 -0.0128951 0.00351038)
(-0.00304155 -0.012792 0.00344339)
(-0.00305395 -0.0128429 0.00340843)
(-0.0030818 -0.0131172 0.00359283)
(-0.00282944 -0.0128863 0.0035721)
(-0.00284109 -0.012835 0.00349825)
(-0.00301992 -0.0127748 0.00353477)
(-0.0030505 -0.0129678 0.00359866)
(-0.00274701 -0.0128429 0.00357891)
(-0.00335734 -0.0134563 0.00365319)
(-0.00316514 -0.0132592 0.00389178)
(-0.00296334 -0.0125965 0.00351305)
(-0.00270961 -0.0128201 0.00356154)
(-0.00274654 -0.0124404 0.00346312)
(-0.00299626 -0.0127274 0.00345794)
(-0.0027767 -0.0125704 0.0034287)
(-0.00273694 -0.0126777 0.00348938)
(-0.00318158 -0.0132973 0.00362797)
(-0.00279972 -0.0130529 0.00361833)
(-0.0028145 -0.0125902 0.003403)
(-0.00278923 -0.012987 0.00353113)
(-0.00313538 -0.01283 0.00364432)
(-0.00291249 -0.0132384 0.00358296)
(-0.00308384 -0.0130457 0.00370731)
(-0.00270954 -0.0124498 0.00342489)
(-0.00296914 -0.012804 0.00373573)
(-0.00300938 -0.0128864 0.00360494)
(-0.00333164 -0.0128595 0.00375575)
(-0.00294464 -0.0126521 0.00351988)
(-0.00285338 -0.0126699 0.00359361)
(-0.00298151 -0.0132012 0.00363318)
(-0.00259262 -0.0131357 0.00354417)
(-0.00313291 -0.0133003 0.00364362)
(-0.00269696 -0.0134713 0.00356208)
(-0.00298614 -0.0131389 0.00362586)
(-0.00304022 -0.0130666 0.00380326)
(-0.00312216 -0.0131324 0.0039426)
(-0.00281017 -0.0128615 0.00367273)
(-0.00311747 -0.0132281 0.00378425)
(-0.00293694 -0.0125376 0.00361113)
(-0.0028941 -0.0129441 0.00370758)
(-0.00324249 -0.0139434 0.00377637)
(-0.00288512 -0.0133733 0.00375645)
(-0.00300401 -0.0132059 0.00377514)
(-0.00292048 -0.0135205 0.0034082)
(-0.00270097 -0.0119862 0.00335561)
(-0.00262415 -0.012451 0.00295935)
(-0.00273934 -0.0135234 0.00352249)
(-0.0031077 -0.0127826 0.00377004)
(-0.00250476 -0.01228 0.00325804)
(-0.00281481 -0.0129243 0.00331359)
(-0.0028229 -0.0127754 0.00376374)
(-0.00298856 -0.0131174 0.00353341)
(-0.00290051 -0.0131199 0.00356302)
(-0.00283589 -0.0130651 0.00350278)
(-0.00293023 -0.0129599 0.00338826)
(-0.00290677 -0.0135167 0.00376181)
(-0.00274347 -0.0124498 0.0035309)
(-0.00307714 -0.0133745 0.00388095)
(-0.00286637 -0.0126678 0.003652)
(-0.0031355 -0.013494 0.00388295)
(-0.00280981 -0.0129879 0.00371669)
(-0.00287807 -0.013595 0.00381913)
(-0.0029698 -0.0133907 0.00364347)
(-0.00286765 -0.0135041 0.00367554)
(-0.00286781 -0.0133835 0.00374213)
(-0.00298979 -0.0135377 0.00374134)
(-0.00302833 -0.0136343 0.00376167)
(-0.00297238 -0.0129951 0.00332141)
(-0.00275717 -0.0131702 0.0035584)
(-0.00292976 -0.0130771 0.00361354)
(-0.0029831 -0.0130135 0.00343184)
(-0.00292389 -0.0134481 0.00386776)
(-0.00302893 -0.0134854 0.00377365)
(-0.00291182 -0.0133242 0.00369842)
(-0.00297141 -0.0131438 0.00358353)
(-0.00296807 -0.0134299 0.00370531)
(-0.00286894 -0.01324 0.00389879)
(-0.00292574 -0.0130742 0.00353791)
(-0.00283669 -0.0128757 0.00369227)
(-0.00280948 -0.012767 0.0037022)
(-0.00303663 -0.013585 0.00365084)
(-0.00306832 -0.0135162 0.0036337)
(-0.00318713 -0.0132604 0.00356181)
(-0.00279814 -0.01298 0.00349002)
(-0.00319064 -0.0132673 0.00397891)
(-0.00306204 -0.0131319 0.0036256)
(-0.00267265 -0.0123938 0.00335888)
(-0.00274149 -0.0128618 0.00364852)
(-0.00277468 -0.0126806 0.00350495)
(-0.0029999 -0.0126655 0.00344527)
(-0.00270208 -0.0126103 0.00349352)
(-0.00307411 -0.012864 0.0035459)
(-0.00319728 -0.0130562 0.00366077)
(-0.00291835 -0.012938 0.00352024)
(-0.00273074 -0.0128096 0.00342708)
(-0.0027309 -0.0127903 0.00359765)
(-0.00281734 -0.0128275 0.00353262)
(-0.00342603 -0.0137369 0.0036323)
(-0.00327433 -0.013604 0.00346243)
(-0.00309762 -0.0136702 0.00362747)
(-0.00343394 -0.0138864 0.00377199)
(-0.00294058 -0.0129319 0.00354234)
(-0.00302867 -0.0131113 0.00348982)
(-0.00309293 -0.0133894 0.00372406)
(-0.00300925 -0.0130481 0.00358775)
(-0.00310636 -0.0128636 0.00349653)
(-0.00287728 -0.0128886 0.00350915)
(-0.00277488 -0.0127005 0.00360871)
(-0.00302064 -0.0136892 0.00390638)
(-0.00322053 -0.0139535 0.00399812)
(-0.00295555 -0.0131387 0.00348554)
(-0.003185 -0.0138293 0.00395303)
(-0.00313453 -0.0139546 0.00360483)
(-0.00333961 -0.0130425 0.00333738)
(-0.00292418 -0.0132516 0.00358323)
(-0.00293575 -0.0142666 0.00408269)
(-0.00323914 -0.0137498 0.00350043)
(-0.00334087 -0.0141811 0.00376411)
(-0.00296323 -0.0135942 0.00391129)
(-0.00311566 -0.0137523 0.00365027)
(-0.00296822 -0.013285 0.00398043)
(-0.00307539 -0.0136433 0.00381002)
(-0.0031505 -0.0133477 0.00387047)
(-0.00353474 -0.0134644 0.00379271)
(-0.00290792 -0.0132366 0.00358484)
(-0.00282661 -0.0131924 0.00356421)
(-0.00303746 -0.0125255 0.00348485)
(-0.0030264 -0.013011 0.00368873)
(-0.00339696 -0.0135704 0.0038965)
(-0.00301268 -0.0125004 0.00355641)
(-0.00294366 -0.0130272 0.00368786)
(-0.0029191 -0.0133601 0.00379422)
(-0.00289358 -0.0130512 0.00352253)
(-0.00277317 -0.012689 0.00359537)
(-0.00284636 -0.0133126 0.0038608)
(-0.0027747 -0.0131779 0.00363997)
(-0.00303101 -0.0138087 0.00377132)
(-0.00296532 -0.0129058 0.00367663)
(-0.00324677 -0.013441 0.00362988)
(-0.00278128 -0.0132233 0.00365969)
(-0.00305345 -0.0129894 0.00361805)
(-0.00312194 -0.0128815 0.003659)
(-0.00303289 -0.0134182 0.00359787)
(-0.00285117 -0.0125118 0.00346619)
(-0.00318901 -0.0133555 0.00364908)
(-0.00275955 -0.0124087 0.00345543)
(-0.00284471 -0.0126532 0.00352047)
(-0.00291785 -0.0127596 0.00348673)
(-0.00285923 -0.0128271 0.00353822)
(-0.00269335 -0.0118464 0.0032619)
(-0.00280026 -0.0124414 0.00335898)
(-0.00272317 -0.0123611 0.0031436)
(-0.00270972 -0.0127029 0.00328798)
(-0.00280908 -0.0125909 0.00318322)
(-0.00286696 -0.0124172 0.00317162)
(-0.00283241 -0.0130216 0.00371132)
(-0.00278166 -0.0128737 0.00350211)
(-0.00284947 -0.0125644 0.00357908)
(-0.00272821 -0.0122227 0.0034095)
(-0.00278883 -0.0129792 0.00346627)
(-0.00299953 -0.0139342 0.00414236)
(-0.00291307 -0.0126522 0.0034402)
(-0.00275578 -0.012108 0.00330714)
(-0.0028651 -0.0127896 0.00352569)
(-0.00272565 -0.0126877 0.00348962)
(-0.00284283 -0.0128752 0.00336977)
(-0.00269831 -0.0130369 0.0036407)
(-0.00279524 -0.0128258 0.00332771)
(-0.00278009 -0.0127845 0.00343568)
(-0.00274732 -0.0130792 0.00365439)
(-0.00290488 -0.0127109 0.0034528)
(-0.00280688 -0.0124836 0.00353257)
(-0.00270341 -0.0122812 0.00359761)
(-0.00276647 -0.0127563 0.00356534)
(-0.00287234 -0.0130027 0.00386897)
(-0.00287925 -0.0132671 0.00418956)
(-0.00289512 -0.0126744 0.00370126)
(-0.00279921 -0.0126657 0.00377397)
(-0.00270826 -0.012404 0.00350799)
(-0.00289034 -0.0130666 0.00349182)
(-0.00276828 -0.0130956 0.00361602)
(-0.00281461 -0.0129765 0.00368067)
(-0.00267505 -0.0121379 0.00355344)
(-0.00254104 -0.0123693 0.00366682)
(-0.00274804 -0.0126941 0.00349796)
(-0.002906 -0.0129662 0.00369616)
(-0.00298104 -0.0127733 0.00347185)
(-0.00292583 -0.0124641 0.00361741)
(-0.00292512 -0.0129718 0.00362639)
(-0.00274679 -0.0126001 0.00323542)
(-0.00270568 -0.012191 0.00323379)
(-0.00294868 -0.0127739 0.00340972)
(-0.0028895 -0.0133128 0.00370736)
(-0.00272557 -0.0127635 0.00338461)
(-0.00271932 -0.0125406 0.00360364)
(-0.00269465 -0.0122918 0.00335637)
(-0.00270252 -0.01241 0.00334069)
(-0.00270819 -0.0123499 0.00365647)
(-0.00285391 -0.0123396 0.00335173)
(-0.00297916 -0.0130532 0.00343301)
(-0.00271543 -0.0123309 0.00334642)
(-0.00297505 -0.0128531 0.00323429)
(-0.00284968 -0.0126115 0.00333073)
(-0.00299504 -0.0127203 0.00323236)
(-0.00289131 -0.0127946 0.003472)
(-0.00275494 -0.0127322 0.00347915)
(-0.00279902 -0.0125425 0.00331364)
(-0.0027079 -0.0126272 0.00342901)
(-0.00270697 -0.0124611 0.00342046)
(-0.00268623 -0.0123672 0.00343458)
(-0.002906 -0.0131231 0.00335253)
(-0.00277659 -0.0124142 0.00344247)
(-0.00273305 -0.0124779 0.00318009)
(-0.00295708 -0.0126361 0.00352993)
(-0.00279758 -0.0136182 0.00385576)
(-0.00297012 -0.0136235 0.00368551)
(-0.00292125 -0.0132727 0.00371952)
(-0.00274454 -0.0131486 0.0038009)
(-0.0027538 -0.0129234 0.00350539)
(-0.00286137 -0.013455 0.00379979)
(-0.00291023 -0.0135184 0.00383335)
(-0.00303054 -0.0131538 0.00352051)
(-0.00318343 -0.0137751 0.0037573)
(-0.00283077 -0.013181 0.00391935)
(-0.00322855 -0.0139297 0.00383914)
(-0.00319911 -0.0136182 0.00359995)
(-0.00283639 -0.0134355 0.00378967)
(-0.0029659 -0.0135293 0.00389143)
(-0.00278059 -0.0132976 0.00377267)
(-0.00300074 -0.0127822 0.0035265)
(-0.00315243 -0.0132901 0.00363219)
(-0.00306577 -0.0134381 0.00366128)
(-0.00314578 -0.0133079 0.00364707)
(-0.00303834 -0.0126651 0.00353472)
(-0.00298665 -0.0130733 0.00358791)
(-0.00299418 -0.0128422 0.00352434)
(-0.0030721 -0.012578 0.0034434)
(-0.00303182 -0.0128171 0.00355375)
(-0.00281319 -0.0130138 0.00356555)
(-0.00286384 -0.0130761 0.00360086)
(-0.0033601 -0.0131787 0.00375156)
(-0.00288665 -0.0128148 0.00372409)
(-0.00290295 -0.0135649 0.00387902)
(-0.00268872 -0.012785 0.00347851)
(-0.002821 -0.0129253 0.00357029)
(-0.00286764 -0.0131511 0.00382344)
(-0.00301659 -0.0135828 0.00373471)
(-0.00295157 -0.0130392 0.0034353)
(-0.00302344 -0.0134991 0.00370243)
(-0.00300606 -0.0134485 0.00386306)
(-0.00293177 -0.013461 0.00381564)
(-0.00291971 -0.0131217 0.00370981)
(-0.00306349 -0.0135948 0.0036354)
(-0.00296169 -0.0135016 0.00378027)
(-0.00317715 -0.0136571 0.00363466)
(-0.00292271 -0.0138386 0.00386751)
(-0.00323708 -0.0137154 0.00363847)
(-0.00304065 -0.0136952 0.0039597)
(-0.00298976 -0.013585 0.00373321)
(-0.00308482 -0.0135258 0.00368657)
(-0.00288091 -0.0132433 0.00373929)
(-0.00301742 -0.0135 0.00374107)
(-0.00281328 -0.0135256 0.00375365)
(-0.00305466 -0.0135144 0.00366083)
(-0.00280822 -0.0130737 0.00369989)
(-0.00283677 -0.0131709 0.00385899)
(-0.00289784 -0.0134061 0.00383832)
(-0.0028105 -0.0132151 0.00386012)
(-0.00286861 -0.0130639 0.00368597)
(-0.00280497 -0.0135993 0.00384425)
(-0.00306336 -0.0135777 0.00372907)
(-0.0031199 -0.0132703 0.00351115)
(-0.00307373 -0.0138068 0.0039052)
(-0.00308358 -0.0133322 0.00358692)
(-0.0029322 -0.0132823 0.00355141)
(-0.00294614 -0.013407 0.00354763)
(-0.00303326 -0.0133321 0.00365937)
(-0.00306807 -0.0135704 0.00373532)
(-0.00298459 -0.0136865 0.00388124)
(-0.00282434 -0.0131918 0.0038736)
(-0.00285581 -0.0131939 0.00363109)
(-0.00276781 -0.0133881 0.00375954)
(-0.0028806 -0.0132307 0.00368272)
(-0.00287786 -0.0133293 0.00370902)
(-0.00302437 -0.0135456 0.00380069)
(-0.00289169 -0.0134027 0.00351188)
(-0.00268333 -0.0127121 0.00347905)
(-0.00299639 -0.0133803 0.00372563)
(-0.0030249 -0.0135534 0.00375726)
(-0.0030494 -0.013248 0.00378571)
(-0.00317424 -0.0135637 0.00369603)
(-0.00311298 -0.013524 0.00353131)
(-0.00264107 -0.012626 0.00322985)
(-0.00309488 -0.0133969 0.0037838)
(-0.00303384 -0.0140821 0.0039745)
(-0.00281242 -0.0136865 0.00403906)
(-0.00332496 -0.0143695 0.00424855)
(-0.00268673 -0.0129607 0.00387129)
(-0.0028861 -0.0132885 0.00398796)
(-0.00284555 -0.0125616 0.00389765)
(-0.00305147 -0.0131603 0.00363652)
(-0.00310425 -0.0132769 0.00373398)
(-0.00292188 -0.0130309 0.00371702)
(-0.00306995 -0.0135629 0.00412972)
(-0.00267895 -0.0132367 0.00372566)
(-0.00271334 -0.0127182 0.00372974)
(-0.00298507 -0.0130378 0.0036302)
(-0.0026855 -0.0126031 0.00360584)
(-0.00304492 -0.0134735 0.00375627)
(-0.00289094 -0.0130791 0.00394517)
(-0.0029698 -0.0129183 0.00381729)
(-0.00288132 -0.0128679 0.00335975)
(-0.00292375 -0.0131506 0.00342339)
(-0.00305212 -0.0133327 0.00358504)
(-0.00321476 -0.0136601 0.00361764)
(-0.00279763 -0.0123228 0.00335674)
(-0.0031166 -0.0137994 0.00374463)
(-0.00309254 -0.0134409 0.00347607)
(-0.00301977 -0.0138042 0.00388835)
(-0.00305399 -0.0134895 0.00354848)
(-0.00309414 -0.0138591 0.00358385)
(-0.00329495 -0.0138488 0.00349414)
(-0.00301751 -0.0128906 0.00334128)
(-0.00319238 -0.0132962 0.00358961)
(-0.00275882 -0.0133894 0.00374843)
(-0.00293484 -0.0133928 0.00361725)
(-0.00281004 -0.0121824 0.00345159)
(-0.00296292 -0.0128083 0.00361499)
(-0.00263444 -0.0129139 0.00342443)
(-0.0029635 -0.0129654 0.00362074)
(-0.00265636 -0.0130914 0.00352339)
(-0.00285165 -0.0124261 0.00359729)
(-0.00251141 -0.0126071 0.00339093)
(-0.00274559 -0.0133568 0.00345171)
(-0.00264431 -0.0124577 0.00327013)
(-0.00291886 -0.0127193 0.0036366)
(-0.00258278 -0.0123216 0.00326543)
(-0.00300342 -0.0127608 0.00361302)
(-0.00257175 -0.012787 0.00329838)
(-0.00286779 -0.013293 0.00366897)
(-0.00264014 -0.0127644 0.00349531)
(-0.00316765 -0.0134236 0.0036579)
(-0.00271858 -0.0133522 0.00360035)
(-0.00318958 -0.0130189 0.00380609)
(-0.00294893 -0.0133462 0.00368522)
(-0.00342285 -0.0133801 0.00375224)
(-0.00293782 -0.0126357 0.0034362)
(-0.00290787 -0.0127859 0.00341982)
(-0.00299853 -0.0127653 0.00363168)
(-0.00322875 -0.0134928 0.00368471)
(-0.0031164 -0.0132337 0.00359738)
(-0.00302729 -0.0128137 0.00347607)
(-0.00285676 -0.0128638 0.00367985)
(-0.00308489 -0.0135549 0.00357502)
(-0.00320098 -0.0128451 0.00351617)
(-0.00308791 -0.0127869 0.00351608)
(-0.00318359 -0.0134953 0.00371109)
(-0.0030629 -0.0129566 0.00372007)
(-0.00339245 -0.0129434 0.00361995)
(-0.00284074 -0.0125265 0.00337668)
(-0.0027967 -0.0128071 0.00322297)
(-0.0026552 -0.0124286 0.00330722)
(-0.00290838 -0.0128044 0.00345337)
(-0.00281729 -0.0129009 0.00349948)
(-0.00269406 -0.0120511 0.00321293)
(-0.00287158 -0.0131979 0.00332215)
(-0.00306326 -0.0129929 0.00374102)
(-0.00303516 -0.0130082 0.00367378)
(-0.00291128 -0.0125729 0.00346875)
(-0.00317593 -0.0129824 0.0036233)
(-0.00299829 -0.0130426 0.00360181)
(-0.00312225 -0.0128461 0.00369929)
(-0.00284787 -0.0124566 0.00324289)
(-0.00308454 -0.013119 0.00352797)
(-0.00279718 -0.0130202 0.00334836)
(-0.00268344 -0.0129186 0.00340637)
(-0.00307152 -0.0135414 0.00339811)
(-0.00293772 -0.0132235 0.00354475)
(-0.00325155 -0.0135828 0.0038039)
(-0.00302917 -0.013251 0.00367483)
(-0.00307608 -0.0132996 0.00373911)
(-0.00275588 -0.013031 0.00338306)
(-0.0028881 -0.0128616 0.0035936)
(-0.00286261 -0.0132966 0.00361768)
(-0.00280308 -0.0126324 0.00351761)
(-0.00286208 -0.0126701 0.0034169)
(-0.00277733 -0.0124407 0.00343711)
(-0.00285081 -0.0128799 0.00356682)
(-0.00279946 -0.0127329 0.0034206)
(-0.00281611 -0.0128432 0.00341876)
(-0.00275415 -0.0125449 0.00347384)
(-0.00272385 -0.0131211 0.00355796)
(-0.00307738 -0.0128637 0.00352313)
(-0.00322393 -0.0130677 0.00361486)
(-0.00289119 -0.0122541 0.00330766)
(-0.00315435 -0.0127527 0.00340766)
(-0.00290171 -0.0128859 0.00347572)
(-0.00298787 -0.0129099 0.00354988)
(-0.00307176 -0.0132276 0.00354792)
(-0.00288286 -0.0129489 0.00364346)
(-0.00309384 -0.0134474 0.00381742)
(-0.00297134 -0.0128302 0.00361121)
(-0.0031149 -0.013095 0.00357357)
(-0.00301614 -0.01305 0.00363507)
(-0.00293683 -0.0129987 0.00356425)
(-0.00322654 -0.0134129 0.00384561)
(-0.00322064 -0.0131103 0.00360773)
(-0.00288189 -0.0125585 0.00341046)
(-0.00316703 -0.0131964 0.00366316)
(-0.00292127 -0.0128219 0.00346761)
(-0.00294542 -0.0126447 0.00337932)
(-0.00263871 -0.0127794 0.00356094)
(-0.0031661 -0.0131788 0.00373831)
(-0.00290349 -0.0129392 0.00354731)
(-0.00298345 -0.0134551 0.00382742)
(-0.0027846 -0.01319 0.00362888)
(-0.00288849 -0.0133744 0.00364833)
(-0.00304296 -0.0129638 0.00354048)
(-0.00299702 -0.012915 0.00356094)
(-0.00287949 -0.012989 0.00348988)
(-0.00286259 -0.0125695 0.00345413)
(-0.00297585 -0.0131913 0.00375558)
(-0.003151 -0.0129247 0.00359365)
(-0.00286251 -0.0134416 0.00382411)
(-0.00283116 -0.0123108 0.0035945)
(-0.00290364 -0.0125343 0.00359012)
(-0.00279858 -0.0124292 0.00339662)
(-0.00273511 -0.0128471 0.00360132)
(-0.00299492 -0.0124177 0.00346904)
(-0.00294277 -0.0127723 0.00366141)
(-0.00270306 -0.0128186 0.0034284)
(-0.00275107 -0.0126715 0.00351038)
(-0.00297914 -0.0128871 0.00351531)
(-0.00310225 -0.0133734 0.00368426)
(-0.00305521 -0.013184 0.0038381)
(-0.00280969 -0.0126822 0.00357753)
(-0.00271277 -0.0127929 0.00322226)
(-0.00269429 -0.0127197 0.00350217)
(-0.00271278 -0.0134855 0.00349692)
(-0.00306897 -0.0132469 0.00370864)
(-0.00290141 -0.013306 0.00389321)
(-0.00302861 -0.0135966 0.00395048)
(-0.00291808 -0.0128977 0.00377061)
(-0.00294105 -0.0130366 0.00376298)
(-0.00287359 -0.013454 0.00381561)
(-0.00273024 -0.0129442 0.00333831)
(-0.00265432 -0.0122706 0.00324897)
(-0.00296631 -0.0134564 0.00363447)
(-0.0027322 -0.0130818 0.00354763)
(-0.00267675 -0.0126475 0.00347455)
(-0.0026945 -0.0129006 0.00351953)
(-0.00302739 -0.012926 0.00375822)
(-0.00294455 -0.0127464 0.00343026)
(-0.00274718 -0.0128522 0.0034161)
(-0.00260675 -0.0133793 0.00357797)
(-0.00308953 -0.0129567 0.00368494)
(-0.00316751 -0.0132134 0.00364906)
(-0.00313454 -0.0130544 0.0036554)
(-0.00294211 -0.0128336 0.00371665)
(-0.00295515 -0.0129059 0.00349048)
(-0.0028168 -0.0129354 0.00359808)
(-0.00288903 -0.0134803 0.00374005)
(-0.00301427 -0.0127673 0.00357284)
(-0.00289695 -0.0131978 0.0040443)
(-0.00270531 -0.0129734 0.00350151)
(-0.00292756 -0.0123674 0.00367268)
(-0.0026983 -0.0120632 0.00329016)
(-0.00292386 -0.0128577 0.00344897)
(-0.00277512 -0.0121962 0.00334672)
(-0.0026923 -0.0123495 0.00312276)
(-0.0025943 -0.0123114 0.00349612)
(-0.00275622 -0.0125549 0.00355352)
(-0.00282144 -0.0133397 0.00388761)
(-0.00296335 -0.0130596 0.00363156)
(-0.00286405 -0.0137203 0.00382762)
(-0.00291918 -0.0133143 0.00335411)
(-0.00282831 -0.0128538 0.00355794)
(-0.00272889 -0.0125081 0.00329252)
(-0.00277372 -0.0131749 0.00346148)
(-0.00304435 -0.0125896 0.00369179)
(-0.00298411 -0.0131579 0.00374499)
(-0.00287356 -0.0132272 0.0035735)
(-0.00306465 -0.0131687 0.00414118)
(-0.00297373 -0.0130333 0.00334685)
(-0.00277496 -0.0129678 0.00337652)
(-0.00268223 -0.0123356 0.00314562)
(-0.00302568 -0.0128339 0.00379795)
(-0.00281936 -0.0125793 0.00325297)
(-0.00271754 -0.0122576 0.00325752)
(-0.00282643 -0.0125036 0.00344641)
(-0.00260006 -0.0125454 0.00320465)
(-0.00319873 -0.0134785 0.00400277)
(-0.00263341 -0.0124607 0.00356386)
(-0.00283177 -0.0123765 0.00313275)
(-0.00289008 -0.012653 0.00364861)
(-0.00300252 -0.0125555 0.00337097)
(-0.00282857 -0.0130236 0.00340364)
(-0.00284417 -0.0131265 0.00345106)
(-0.0028769 -0.0127159 0.00321933)
(-0.00280006 -0.0127964 0.00344559)
(-0.00261944 -0.0127258 0.00369479)
(-0.00273124 -0.0125119 0.00365441)
(-0.00286142 -0.0130982 0.00353374)
(-0.00285033 -0.0129243 0.00354064)
(-0.00293056 -0.0126912 0.00339686)
(-0.00299617 -0.01294 0.0035124)
(-0.00301539 -0.0130089 0.00362283)
(-0.00281327 -0.0131415 0.00354544)
(-0.00291244 -0.0131383 0.00361181)
(-0.00290533 -0.0129252 0.00351462)
(-0.00276504 -0.0130438 0.00362025)
(-0.00275643 -0.0129147 0.00365189)
(-0.00273107 -0.0127932 0.00361393)
(-0.00275937 -0.0127425 0.0035383)
(-0.00270168 -0.0125274 0.00347947)
(-0.00288531 -0.0128382 0.00335284)
(-0.00293 -0.0133341 0.0035806)
(-0.00297973 -0.013314 0.00352783)
(-0.00288309 -0.012974 0.00348466)
(-0.0028702 -0.0130234 0.00356934)
(-0.00286534 -0.0130441 0.00362732)
(-0.00293809 -0.0126316 0.00370997)
(-0.00324856 -0.0134174 0.00391633)
(-0.00295703 -0.0131215 0.00346399)
(-0.00259741 -0.0126105 0.00329727)
(-0.00291409 -0.0129923 0.00344977)
(-0.00304322 -0.0131405 0.00357329)
(-0.00287411 -0.0133359 0.00343797)
(-0.00297383 -0.0132838 0.00366312)
(-0.00304094 -0.0134888 0.00374641)
(-0.00293826 -0.0132488 0.00366574)
(-0.00294534 -0.0129659 0.00350706)
(-0.00295077 -0.0127563 0.00368231)
(-0.00296405 -0.0133449 0.00360153)
(-0.00293497 -0.0129847 0.0037855)
(-0.00295059 -0.0135155 0.00377981)
(-0.00321433 -0.0138062 0.00374025)
(-0.00309487 -0.0135859 0.00386229)
(-0.00284458 -0.0129143 0.00358212)
(-0.00317309 -0.0136013 0.00401514)
(-0.00309412 -0.013555 0.0037288)
(-0.00306113 -0.0135482 0.0037956)
(-0.00294192 -0.0132325 0.00378828)
(-0.00290098 -0.0127554 0.00365286)
(-0.00269258 -0.0126074 0.00360371)
(-0.00280777 -0.0123296 0.00350689)
(-0.00283773 -0.0129428 0.00360327)
(-0.00306483 -0.0132199 0.0037838)
(-0.00284743 -0.0127773 0.00350512)
(-0.00293616 -0.0128038 0.00343769)
(-0.00269899 -0.0126866 0.00340869)
(-0.00255951 -0.0130359 0.00333942)
(-0.00271558 -0.0125926 0.00337624)
(-0.00269423 -0.0123223 0.00340419)
(-0.00271976 -0.0124774 0.00342217)
(-0.00283594 -0.0128151 0.00360213)
(-0.00288329 -0.0129113 0.00362001)
(-0.002815 -0.0126593 0.00343618)
(-0.00287375 -0.0133105 0.00357582)
(-0.00263262 -0.0126831 0.00347358)
(-0.00300852 -0.0132802 0.00360436)
(-0.00285761 -0.0131249 0.00358052)
(-0.00288821 -0.0130444 0.00374659)
(-0.00277924 -0.0129263 0.0036195)
(-0.00273808 -0.0129014 0.00359906)
(-0.00290579 -0.0131092 0.00372994)
(-0.00319305 -0.0135145 0.0037825)
(-0.00315564 -0.0132458 0.00368626)
(-0.00315174 -0.0130275 0.00369346)
(-0.00277786 -0.0133347 0.00346954)
(-0.00300862 -0.0130792 0.0034479)
(-0.00285406 -0.0129918 0.00349945)
(-0.00293165 -0.0131114 0.00361233)
(-0.00276166 -0.0129083 0.00361026)
(-0.00320229 -0.0126508 0.00373876)
(-0.00263835 -0.0126621 0.00336483)
(-0.00292159 -0.0132184 0.00356667)
(-0.00276255 -0.012917 0.00362943)
(-0.00323458 -0.0130623 0.00371644)
(-0.00260037 -0.0128392 0.00351032)
(-0.00283376 -0.013536 0.00342865)
(-0.00287189 -0.0134671 0.00376146)
(-0.00306155 -0.0132195 0.00396343)
(-0.00301055 -0.013435 0.00392379)
(-0.00295013 -0.0131194 0.00390002)
(-0.00290806 -0.0133439 0.00371491)
(-0.0027697 -0.0128703 0.00361255)
(-0.00270762 -0.0127872 0.00376114)
(-0.00327077 -0.0136367 0.00403433)
(-0.00313517 -0.0141869 0.00356607)
(-0.0030587 -0.0134463 0.00329517)
(-0.00290646 -0.0130125 0.00344114)
(-0.00279676 -0.0123697 0.00323354)
(-0.00271051 -0.0127954 0.00332187)
(-0.00254146 -0.0129056 0.0032944)
(-0.00355262 -0.0141252 0.00400691)
(-0.00304791 -0.0139158 0.00400472)
(-0.00307641 -0.0131921 0.00386646)
(-0.0028038 -0.0130855 0.00345008)
(-0.00330524 -0.0138145 0.00394613)
(-0.00257952 -0.0130927 0.00330112)
(-0.00318223 -0.0129742 0.00393823)
(-0.00284925 -0.0135757 0.00334479)
(-0.00309425 -0.0128149 0.00383576)
(-0.00291007 -0.0130097 0.00371888)
(-0.00289654 -0.0127554 0.00338905)
(-0.00319615 -0.012738 0.00388758)
(-0.00288517 -0.0122391 0.00333681)
(-0.00324084 -0.0135085 0.0037591)
(-0.00290885 -0.0130917 0.00344111)
(-0.00297351 -0.0124687 0.00346571)
(-0.00336361 -0.0128396 0.00399957)
(-0.00288685 -0.0122905 0.00353095)
(-0.00310978 -0.0124617 0.00367415)
(-0.00293212 -0.0126338 0.00353606)
(-0.00260119 -0.0128462 0.00343264)
(-0.00293265 -0.012483 0.0035802)
(-0.00282128 -0.0130582 0.00337287)
(-0.0027371 -0.012893 0.00353917)
(-0.00288789 -0.0130143 0.00366495)
(-0.00303597 -0.0129008 0.00349937)
(-0.0030875 -0.0129496 0.00363737)
(-0.0027935 -0.0127735 0.0034213)
(-0.00303472 -0.0131839 0.00352439)
(-0.00285015 -0.0130971 0.00350893)
(-0.00268643 -0.012443 0.00359709)
(-0.0027483 -0.0131178 0.00351086)
(-0.00285699 -0.0126036 0.00338027)
(-0.00284982 -0.0127927 0.00346349)
(-0.00285522 -0.0127537 0.00352048)
(-0.00258619 -0.0126177 0.00348572)
(-0.00258304 -0.0128395 0.0035586)
(-0.00255826 -0.0122729 0.00363914)
(-0.00278807 -0.0125125 0.00351879)
(-0.00288553 -0.0128537 0.00351891)
(-0.00284856 -0.0127591 0.0035396)
(-0.00280091 -0.0124407 0.00352125)
(-0.00284657 -0.0125472 0.00356025)
(-0.00289709 -0.0124237 0.00342151)
(-0.00261187 -0.0123375 0.00340345)
(-0.0031213 -0.0135635 0.00365013)
(-0.00294003 -0.0131683 0.00363521)
(-0.00290724 -0.0126077 0.00342882)
(-0.00283002 -0.01275 0.00334898)
(-0.00273482 -0.0123997 0.00346795)
(-0.00292095 -0.0126173 0.00339979)
(-0.0029099 -0.0128336 0.00342733)
(-0.00301893 -0.0137708 0.00374706)
(-0.00301657 -0.0132121 0.00355769)
(-0.00286046 -0.0130719 0.00364509)
(-0.00264716 -0.0124914 0.00351509)
(-0.00276027 -0.013457 0.00362137)
(-0.00307979 -0.0132391 0.00350967)
(-0.00289567 -0.0130335 0.00361565)
(-0.00276459 -0.012896 0.00359739)
(-0.00282214 -0.0132035 0.00362636)
(-0.00295335 -0.0137391 0.00388028)
(-0.00290204 -0.0134482 0.00349637)
(-0.00287964 -0.0134513 0.00358715)
(-0.00271862 -0.0123639 0.00340647)
(-0.00262276 -0.0123165 0.00341773)
(-0.00283616 -0.0130247 0.00372815)
(-0.00268746 -0.0123797 0.00345315)
(-0.00288818 -0.0125125 0.00356544)
(-0.00280504 -0.0126914 0.00371087)
(-0.00297205 -0.0131561 0.00385563)
(-0.00275496 -0.0130585 0.00410023)
(-0.00289696 -0.012924 0.00402131)
(-0.00292515 -0.0132659 0.00333778)
(-0.00293077 -0.0133061 0.00378054)
(-0.00279101 -0.012743 0.00387063)
(-0.0028691 -0.0125166 0.00353968)
(-0.00282842 -0.0130934 0.00374405)
(-0.00285627 -0.0132739 0.00360877)
(-0.00278159 -0.0132016 0.00358753)
(-0.00258427 -0.012854 0.00392664)
(-0.00279495 -0.0125884 0.00345022)
(-0.00276625 -0.0125006 0.00362428)
(-0.00270877 -0.0130569 0.00384127)
(-0.00274435 -0.0137864 0.00340835)
(-0.00270317 -0.0119461 0.00351179)
(-0.00267938 -0.0124126 0.00355343)
(-0.00276409 -0.0124224 0.00327461)
(-0.00271049 -0.0133925 0.00354349)
(-0.00279583 -0.0127438 0.00318775)
(-0.00301468 -0.0129874 0.0033517)
(-0.00293292 -0.0135808 0.00363559)
(-0.00308091 -0.0135631 0.00386545)
(-0.00319524 -0.0124029 0.00382573)
(-0.00297312 -0.0120319 0.00342287)
(-0.00307446 -0.0128533 0.0036271)
(-0.00307641 -0.0135837 0.00377142)
(-0.00323048 -0.0133715 0.00370965)
(-0.00314264 -0.0124746 0.00333614)
(-0.00299812 -0.0128058 0.00329397)
(-0.00273771 -0.0120761 0.00318505)
(-0.00256199 -0.0126741 0.00315914)
(-0.00320496 -0.0135168 0.00399311)
(-0.00351439 -0.0131933 0.00398618)
(-0.00321732 -0.0132486 0.00382522)
(-0.00281243 -0.0126041 0.00359186)
(-0.00292009 -0.0121812 0.00370188)
(-0.00304177 -0.0124122 0.0038524)
(-0.00317376 -0.0134796 0.00377628)
(-0.0030202 -0.0130682 0.00399381)
(-0.00279113 -0.0120248 0.00326636)
(-0.00268431 -0.0126247 0.00357589)
(-0.0026794 -0.0120378 0.00328285)
(-0.00308741 -0.012447 0.00346395)
(-0.00291377 -0.0138227 0.00392906)
(-0.00276966 -0.0127298 0.00355454)
(-0.00313609 -0.0129055 0.00406069)
(-0.00324903 -0.0135437 0.00416796)
(-0.00322909 -0.0131145 0.0039552)
(-0.00278445 -0.0122337 0.00376162)
(-0.00318277 -0.0129829 0.00377237)
(-0.00263917 -0.0124687 0.00342101)
(-0.00304856 -0.0126358 0.00362738)
(-0.003125 -0.0127248 0.00364068)
(-0.0025318 -0.0130045 0.00360689)
(-0.00290013 -0.0131626 0.00359287)
(-0.00305272 -0.0133866 0.00372096)
(-0.00291779 -0.0132326 0.00365262)
(-0.00306002 -0.0133098 0.00356498)
(-0.00307326 -0.0135526 0.00364315)
(-0.00291797 -0.0127047 0.00361373)
(-0.00313435 -0.0129638 0.00364118)
(-0.002857 -0.0135539 0.00389369)
(-0.00289307 -0.0131199 0.0036803)
(-0.00287136 -0.0131434 0.00364143)
(-0.00322646 -0.013441 0.00371005)
(-0.00302869 -0.0131887 0.00347839)
(-0.00316265 -0.0137958 0.00371441)
(-0.00253403 -0.0131152 0.00350644)
(-0.00291535 -0.0133198 0.00368554)
(-0.00283033 -0.0136355 0.00368678)
(-0.00286327 -0.0130405 0.00358908)
(-0.00271273 -0.0118906 0.00333958)
(-0.00271111 -0.0121438 0.00327379)
(-0.00280596 -0.0124952 0.00334762)
(-0.00301208 -0.0124011 0.00357502)
(-0.00301022 -0.0122947 0.00341123)
(-0.00301897 -0.0127603 0.00353358)
(-0.00270272 -0.012592 0.00348023)
(-0.00283982 -0.0125784 0.00345523)
(-0.00266535 -0.0122883 0.00342996)
(-0.00263944 -0.0125257 0.00329169)
(-0.00286941 -0.0129635 0.00361172)
(-0.00274607 -0.0128681 0.00346153)
(-0.00286984 -0.0130043 0.00350011)
(-0.00271828 -0.0127657 0.00349986)
(-0.00279943 -0.0129091 0.00350309)
(-0.00305047 -0.012787 0.00383995)
(-0.00306795 -0.0127805 0.00396307)
(-0.00278261 -0.0126365 0.00367575)
(-0.00264817 -0.0126653 0.00324986)
(-0.0027882 -0.0122139 0.00340703)
(-0.00295305 -0.0130178 0.0035784)
(-0.00267956 -0.0128019 0.00345994)
(-0.00264279 -0.0130507 0.00331898)
(-0.00270503 -0.0131264 0.00337155)
(-0.00295691 -0.0130133 0.00377945)
(-0.00264518 -0.0128491 0.00310701)
(-0.00289288 -0.0132898 0.00328345)
(-0.00272912 -0.0128003 0.0033922)
(-0.00304509 -0.0125712 0.00342005)
(-0.00290402 -0.0127347 0.00350383)
(-0.00282676 -0.0125725 0.00347639)
(-0.00285886 -0.0126308 0.00339505)
(-0.00299745 -0.0126821 0.00337632)
(-0.00292052 -0.0128359 0.00343264)
(-0.00287798 -0.0129696 0.00350486)
(-0.00289622 -0.012778 0.00346785)
(-0.00270702 -0.0126321 0.00350967)
(-0.00279081 -0.0129186 0.0034649)
(-0.00284203 -0.0125313 0.0034125)
(-0.00282204 -0.0126845 0.00357401)
(-0.00282708 -0.0126318 0.00344266)
(-0.00283624 -0.0125551 0.00341327)
(-0.00306217 -0.012793 0.00344604)
(-0.002799 -0.0129818 0.00345885)
(-0.00286291 -0.0126405 0.00341658)
(-0.00282182 -0.0128256 0.0035885)
(-0.00287444 -0.0126317 0.00335875)
(-0.00278098 -0.0127931 0.00356315)
(-0.00286963 -0.0126824 0.00346011)
(-0.00284012 -0.0129759 0.00351104)
(-0.0028369 -0.0129938 0.00353987)
(-0.0029356 -0.0127632 0.00344987)
(-0.00294156 -0.0127453 0.0035943)
(-0.00283094 -0.0127472 0.00344663)
(-0.00274435 -0.0130731 0.00357128)
(-0.00276243 -0.0126007 0.00364335)
(-0.00293257 -0.0126642 0.00347018)
(-0.00287151 -0.0128884 0.00329591)
(-0.00285298 -0.0130592 0.00345522)
(-0.00278505 -0.0124752 0.00340745)
(-0.0027563 -0.0127823 0.00370851)
(-0.00279194 -0.0124985 0.00340306)
(-0.00283262 -0.0128308 0.00353789)
(-0.00289611 -0.0125926 0.00325926)
(-0.002746 -0.0123565 0.00348424)
(-0.0027767 -0.0129033 0.00355299)
(-0.00296579 -0.0126796 0.00328649)
(-0.00286114 -0.0132194 0.00361704)
(-0.00301093 -0.0131739 0.00383113)
(-0.00284853 -0.012922 0.00378303)
(-0.00297846 -0.0129067 0.00383982)
(-0.00308132 -0.0131386 0.0038421)
(-0.00280841 -0.013445 0.00353156)
(-0.00289913 -0.0129241 0.0031177)
(-0.00270208 -0.0122928 0.00343512)
(-0.00267994 -0.0118991 0.00310889)
(-0.00265246 -0.0122657 0.00339201)
(-0.00266433 -0.0123981 0.00329772)
(-0.00289451 -0.0132131 0.00351302)
(-0.00280129 -0.0128501 0.00341787)
(-0.00280097 -0.0130611 0.0035914)
(-0.00278351 -0.0131266 0.00364979)
(-0.00302595 -0.0132012 0.00387316)
(-0.00281586 -0.0126451 0.00368215)
(-0.00275544 -0.0130709 0.00332515)
(-0.00283003 -0.0131965 0.00377805)
(-0.00275946 -0.0125062 0.00341562)
(-0.00282179 -0.0129022 0.00335317)
(-0.00278335 -0.0124393 0.00309492)
(-0.00277294 -0.0125815 0.00333672)
(-0.00268898 -0.0127303 0.00324852)
(-0.00312546 -0.0133121 0.00350597)
(-0.00330725 -0.0139216 0.00362215)
(-0.00332408 -0.0139559 0.00380023)
(-0.00322581 -0.0135834 0.00348617)
(-0.00307431 -0.0135098 0.00366174)
(-0.00314716 -0.0132264 0.00347071)
(-0.00310574 -0.0134745 0.00363906)
(-0.0031811 -0.0135623 0.00359131)
(-0.00319145 -0.0133024 0.00357023)
(-0.00291947 -0.0131133 0.00356114)
(-0.00320234 -0.0129634 0.00363801)
(-0.00293095 -0.0128399 0.00346761)
(-0.00315441 -0.013107 0.00372245)
(-0.00285627 -0.0124023 0.00342498)
(-0.0029949 -0.0128905 0.00364991)
(-0.00295099 -0.0128813 0.00348713)
(-0.00303636 -0.0131051 0.00355236)
(-0.00333163 -0.0133895 0.00368861)
(-0.00298158 -0.0128724 0.00357013)
(-0.00306278 -0.0127319 0.00346591)
(-0.0030778 -0.0131754 0.0035626)
(-0.00302494 -0.0134878 0.00367176)
(-0.00311571 -0.0130743 0.00348552)
(-0.00300834 -0.0126804 0.00339759)
(-0.00273441 -0.0132977 0.00379431)
(-0.00299269 -0.0130985 0.00351648)
(-0.00307699 -0.0132146 0.00361843)
(-0.00293469 -0.0133091 0.0035969)
(-0.00314133 -0.0136017 0.00367255)
(-0.00278445 -0.0132843 0.00368601)
(-0.00308137 -0.0133225 0.00349675)
(-0.00305064 -0.0127361 0.00345551)
(-0.00331403 -0.013469 0.00376091)
(-0.00310253 -0.0133332 0.00362319)
(-0.00308238 -0.0137624 0.00378406)
(-0.00308401 -0.0138308 0.00383058)
(-0.00301873 -0.0136628 0.00377602)
(-0.00308333 -0.0135985 0.00375882)
(-0.00305179 -0.0135153 0.00363728)
(-0.00291321 -0.0136205 0.00382463)
(-0.00286311 -0.0134137 0.00388072)
(-0.00309305 -0.0140322 0.00391923)
(-0.00302375 -0.0133245 0.00348334)
(-0.00307292 -0.0138823 0.0038292)
(-0.00300531 -0.0130552 0.00373595)
(-0.00330977 -0.0141996 0.00400711)
(-0.00308844 -0.013581 0.00375818)
(-0.00288823 -0.0133239 0.00383945)
(-0.00272262 -0.0130625 0.00392309)
(-0.00281845 -0.012686 0.0036827)
(-0.00300768 -0.0138363 0.00385066)
(-0.00338507 -0.0141265 0.00368285)
(-0.00292216 -0.0133995 0.00386484)
(-0.00290961 -0.0135284 0.00372902)
(-0.00300521 -0.0137467 0.00403733)
(-0.00310018 -0.0135248 0.00346624)
(-0.00300338 -0.013672 0.00375975)
(-0.00311501 -0.0134557 0.00360736)
(-0.00313502 -0.013451 0.00363689)
(-0.00301116 -0.0132158 0.00357172)
(-0.00306567 -0.013568 0.00368384)
(-0.00309431 -0.0131151 0.00346183)
(-0.00304719 -0.0136696 0.00374081)
(-0.00302537 -0.0136192 0.00376867)
(-0.00304001 -0.0137493 0.00369826)
(-0.00300677 -0.0141796 0.0040399)
(-0.00300145 -0.0135274 0.0037145)
(-0.00304475 -0.0137767 0.00370752)
(-0.00303083 -0.0138469 0.00385401)
(-0.00307742 -0.0138258 0.00368533)
(-0.00290191 -0.0135685 0.00382317)
(-0.00301424 -0.0135851 0.00374868)
(-0.00305471 -0.0128243 0.00338044)
(-0.00301323 -0.0129987 0.00362597)
(-0.00309214 -0.013055 0.00355843)
(-0.00327614 -0.0132499 0.00357708)
(-0.00329818 -0.0141168 0.00377937)
(-0.00315624 -0.0133843 0.0036358)
(-0.00312121 -0.0133085 0.0035984)
(-0.00288116 -0.0132738 0.00364494)
(-0.00309529 -0.0130661 0.00354174)
(-0.00312082 -0.0129955 0.00347282)
(-0.00307632 -0.0129963 0.00342588)
(-0.00317838 -0.0137824 0.00369969)
(-0.00305568 -0.0125945 0.00346494)
(-0.00281952 -0.0126824 0.00318286)
(-0.00279525 -0.0123462 0.00342567)
(-0.00287428 -0.012493 0.00360402)
(-0.00281894 -0.0128403 0.00356365)
(-0.00290042 -0.0129623 0.00347911)
(-0.00297359 -0.0126391 0.00370419)
(-0.00282847 -0.0123821 0.00360646)
(-0.00273273 -0.012332 0.00347817)
(-0.00305334 -0.0127143 0.00365203)
(-0.00310354 -0.0129785 0.00370784)
(-0.00304699 -0.0132257 0.00362982)
(-0.00281452 -0.0129354 0.00345542)
(-0.00269146 -0.0124339 0.00332834)
(-0.00272061 -0.012647 0.00332581)
(-0.00266566 -0.0124887 0.00340756)
(-0.00292949 -0.0127125 0.00365379)
(-0.00298342 -0.0127234 0.00357345)
(-0.00272922 -0.0126679 0.00331355)
(-0.00292363 -0.0130517 0.00353234)
(-0.00281779 -0.0131776 0.00361716)
(-0.00280158 -0.0132115 0.0035171)
(-0.00302186 -0.0127641 0.00365728)
(-0.00295959 -0.0137023 0.00385199)
(-0.0027307 -0.0125357 0.00345323)
(-0.00283927 -0.0129124 0.00321904)
(-0.00236798 -0.0128833 0.00319772)
(-0.00261235 -0.0124454 0.00319873)
(-0.00290252 -0.0139363 0.00388755)
(-0.00301213 -0.0143828 0.00350344)
(-0.00315875 -0.0126709 0.00367429)
(-0.00283362 -0.0133817 0.00368461)
(-0.00278345 -0.013281 0.00352659)
(-0.00266931 -0.012925 0.00347471)
(-0.00272134 -0.012651 0.00351454)
(-0.00331548 -0.0136261 0.00395982)
(-0.00283188 -0.013122 0.00338317)
(-0.0027742 -0.0136318 0.00383201)
(-0.00264035 -0.012914 0.00357962)
(-0.00269005 -0.0130927 0.00358418)
(-0.00271579 -0.0129029 0.00359646)
(-0.00305379 -0.0127215 0.00334765)
(-0.00293712 -0.0124794 0.0033861)
(-0.00285695 -0.0125104 0.00359728)
(-0.00300623 -0.0128906 0.0037834)
(-0.0029217 -0.0124922 0.0036935)
(-0.00282998 -0.0122449 0.00342606)
(-0.00261397 -0.0125002 0.00387152)
(-0.00273391 -0.0128996 0.00342807)
(-0.00264033 -0.0121213 0.00356563)
(-0.0026058 -0.0131283 0.00415799)
(-0.0026843 -0.0129085 0.00344544)
(-0.00284977 -0.0128083 0.00368236)
(-0.00286654 -0.0129469 0.00353892)
(-0.00290133 -0.0132615 0.00363682)
(-0.00286274 -0.0126941 0.00346386)
(-0.00269815 -0.012704 0.00344593)
(-0.00265759 -0.0121324 0.0033653)
(-0.00287151 -0.0126765 0.00350517)
(-0.00277404 -0.0129134 0.00346912)
(-0.00251985 -0.0125219 0.0034401)
(-0.00259976 -0.0122027 0.0033576)
(-0.00311821 -0.0132174 0.0032812)
(-0.00272476 -0.0135005 0.00375715)
(-0.00264803 -0.0127678 0.0037013)
(-0.00277502 -0.0125539 0.00359341)
(-0.00282804 -0.0126522 0.00340246)
(-0.003178 -0.0132349 0.00329873)
(-0.00311021 -0.0128081 0.00339243)
(-0.00304151 -0.0130295 0.00350149)
(-0.00286427 -0.0126777 0.00348722)
(-0.00278985 -0.0128521 0.00355317)
(-0.00293746 -0.0127886 0.00343542)
(-0.00278038 -0.0133031 0.00379557)
(-0.00290853 -0.0128746 0.00356657)
(-0.00282156 -0.0125061 0.00341184)
(-0.00277794 -0.012509 0.00340051)
(-0.00296661 -0.0132995 0.00353872)
(-0.00292651 -0.0128348 0.0034849)
(-0.0028569 -0.0129951 0.00353813)
(-0.00290411 -0.0125488 0.00347556)
(-0.00267004 -0.0122704 0.00338617)
(-0.00283722 -0.0127035 0.00336235)
(-0.002987 -0.0124566 0.00341512)
(-0.00301729 -0.0133074 0.00359083)
(-0.00295737 -0.0128171 0.00352189)
(-0.00318166 -0.0128671 0.00350356)
(-0.00291392 -0.0130151 0.00363109)
(-0.00286749 -0.0125566 0.00344108)
(-0.00305016 -0.0134881 0.00363499)
(-0.00266979 -0.0131205 0.00342339)
(-0.00266007 -0.0127228 0.00356251)
(-0.00269314 -0.0128594 0.00348554)
(-0.0027158 -0.0130776 0.00349132)
(-0.00274514 -0.0132723 0.00344121)
(-0.00282918 -0.012864 0.00351923)
(-0.00262844 -0.012636 0.00336136)
(-0.00299038 -0.0129567 0.00365887)
(-0.00284376 -0.0123781 0.00351976)
(-0.00275433 -0.0123856 0.00352468)
(-0.0028633 -0.0121056 0.00333345)
(-0.00258327 -0.0126066 0.00308648)
(-0.00285359 -0.0128367 0.00332558)
(-0.00289385 -0.0132342 0.00368221)
(-0.00277229 -0.0131352 0.00353934)
(-0.00287541 -0.0131287 0.00343761)
(-0.00284954 -0.0128582 0.00354353)
(-0.00287417 -0.0128722 0.00354598)
(-0.00290713 -0.0130272 0.00365855)
(-0.00286128 -0.0130031 0.00364716)
(-0.00291541 -0.0131793 0.00365365)
(-0.00272118 -0.0129044 0.00363454)
(-0.00300471 -0.0132176 0.00368801)
(-0.00272555 -0.013003 0.00372981)
(-0.00293789 -0.0127862 0.00348573)
(-0.00290527 -0.0127872 0.00340636)
(-0.00289282 -0.0129329 0.00349929)
(-0.00289537 -0.0129216 0.00349895)
(-0.00293613 -0.0129319 0.00348897)
(-0.00295204 -0.0130559 0.00357933)
(-0.00279859 -0.012605 0.00353472)
(-0.00278658 -0.0120972 0.00356632)
(-0.00305541 -0.0131761 0.00358844)
(-0.00290359 -0.0133538 0.00348856)
(-0.00276985 -0.0132161 0.00355337)
(-0.00272799 -0.0127434 0.0036178)
(-0.00287919 -0.0132288 0.00358687)
(-0.00304359 -0.013113 0.00336401)
(-0.00265923 -0.0120546 0.00362701)
(-0.00289165 -0.0129952 0.00337)
(-0.00274241 -0.0124895 0.00352626)
(-0.00279945 -0.0130243 0.00355836)
(-0.00281451 -0.013281 0.00371178)
(-0.0028443 -0.0127293 0.00355428)
(-0.00264526 -0.0125975 0.00316982)
(-0.0028998 -0.0139764 0.00361482)
(-0.00279234 -0.0126177 0.00356498)
(-0.0029504 -0.0130648 0.00371521)
(-0.00283855 -0.0123873 0.00337905)
(-0.00283803 -0.013119 0.00355838)
(-0.00260173 -0.0127106 0.00336229)
(-0.00270075 -0.0123644 0.00342205)
(-0.00306336 -0.0128403 0.00394407)
(-0.00280722 -0.0125165 0.00354065)
(-0.00298035 -0.0133485 0.00357792)
(-0.00296991 -0.0133117 0.00368928)
(-0.00311576 -0.0128389 0.00350728)
(-0.00291084 -0.0130401 0.00358211)
(-0.0032954 -0.013477 0.00390668)
(-0.00311843 -0.0129852 0.00358085)
(-0.00265385 -0.0128533 0.00354822)
(-0.00284155 -0.0125841 0.00363902)
(-0.00263154 -0.0124475 0.00334747)
(-0.00271602 -0.0120963 0.00338981)
(-0.0027386 -0.0125823 0.00344094)
(-0.00300681 -0.0131181 0.0037742)
(-0.0027591 -0.0123096 0.00350477)
(-0.00294877 -0.0127585 0.00344001)
(-0.0028269 -0.0124555 0.00342554)
(-0.00296655 -0.0129249 0.00370254)
(-0.00306741 -0.0129526 0.00362985)
(-0.00292791 -0.0128818 0.00376684)
(-0.00261992 -0.0124433 0.00333355)
(-0.00318751 -0.0130062 0.00361731)
(-0.00286327 -0.0130271 0.00361904)
(-0.00290159 -0.0124424 0.00355841)
(-0.00290199 -0.0126877 0.00340923)
(-0.00286682 -0.0128098 0.00354532)
(-0.0028915 -0.0131446 0.00360974)
(-0.00286883 -0.0131056 0.00351074)
(-0.00281412 -0.0133084 0.00358383)
(-0.00314377 -0.0132807 0.00388829)
(-0.00296628 -0.0127935 0.00358182)
(-0.00259949 -0.0129525 0.00345534)
(-0.00288771 -0.0133592 0.00364007)
(-0.00315438 -0.0129075 0.00352907)
(-0.00317526 -0.0136265 0.00373432)
(-0.00288537 -0.012811 0.00355047)
(-0.00290467 -0.0126706 0.00337689)
(-0.00311569 -0.0129679 0.00344649)
(-0.00295751 -0.0137075 0.00380077)
(-0.00335446 -0.0136965 0.00375153)
(-0.00299211 -0.0133632 0.00392677)
(-0.00314851 -0.0139641 0.00371713)
(-0.00327034 -0.0140217 0.0038426)
(-0.00309411 -0.0132302 0.00356459)
(-0.00280615 -0.0132024 0.00397294)
(-0.00320707 -0.013884 0.00382104)
(-0.00298067 -0.0129139 0.00375735)
(-0.0029961 -0.0129858 0.00358039)
(-0.00302033 -0.013124 0.00384772)
(-0.00291523 -0.0129448 0.00364508)
(-0.00298321 -0.0130823 0.00381364)
(-0.00308009 -0.0136986 0.00366639)
(-0.00308623 -0.0133899 0.00380886)
(-0.00291206 -0.0131644 0.00355114)
(-0.00298113 -0.0135175 0.00377798)
(-0.00285787 -0.0123432 0.00320949)
(-0.00307774 -0.0134549 0.0038694)
(-0.0029393 -0.0132971 0.00378941)
(-0.00305745 -0.0135786 0.00388601)
(-0.00284782 -0.0126193 0.00347446)
(-0.00267094 -0.0130686 0.00373451)
(-0.00315457 -0.0132552 0.00359206)
(-0.00280936 -0.0132014 0.00371901)
(-0.00315505 -0.0133214 0.00374205)
(-0.00321409 -0.01326 0.00375228)
(-0.0029676 -0.0132771 0.00379436)
(-0.00289925 -0.0133889 0.00373006)
(-0.00290263 -0.0127098 0.00348909)
(-0.00292859 -0.0131586 0.00360037)
(-0.00316609 -0.0140291 0.00390036)
(-0.00275848 -0.0130975 0.00391496)
(-0.00281316 -0.0129161 0.00373323)
(-0.00300181 -0.013472 0.00375544)
(-0.00309613 -0.0133481 0.00401765)
(-0.00299219 -0.0129916 0.00399363)
(-0.00319446 -0.0138478 0.00430573)
(-0.00302158 -0.0132884 0.00370364)
(-0.00311799 -0.0136186 0.00375709)
(-0.00283611 -0.0132435 0.0036685)
(-0.00296516 -0.0127427 0.00364014)
(-0.00263595 -0.0128041 0.00345055)
(-0.00282826 -0.0126163 0.00345167)
(-0.00326513 -0.0132754 0.00359046)
(-0.00300655 -0.0129966 0.00359075)
(-0.0031578 -0.0131535 0.00360195)
(-0.00322474 -0.0135919 0.00369088)
(-0.00312604 -0.0128152 0.00356905)
(-0.00306425 -0.0131888 0.00358035)
(-0.00294138 -0.0130633 0.00364173)
(-0.00320293 -0.0131993 0.00367621)
(-0.00321443 -0.0133591 0.00372915)
)
;
    }
    INLET
    {
        type            calculated;
        value           nonuniform 0();
    }
    OUTLET
    {
        type            calculated;
        value           nonuniform 0();
    }
    procBoundary12to11
    {
        type            processor;
        value           uniform (0 0 0);
    }
    procBoundary12to14
    {
        type            processor;
        value           uniform (0 0 0);
    }
}


// ************************************************************************* //
