/*--------------------------------*- C++ -*----------------------------------*\
| =========                 |                                                 |
| \\      /  F ield         | OpenFOAM: The Open Source CFD Toolbox           |
|  \\    /   O peration     | Version:  v1612+                                |
|   \\  /    A nd           | Web:      www.OpenFOAM.com                      |
|    \\/     M anipulation  |                                                 |
\*---------------------------------------------------------------------------*/
FoamFile
{
    version     2.0;
    format      ascii;
    class       volVectorField;
    location    "50";
    object      wallShearStress;
}
// * * * * * * * * * * * * * * * * * * * * * * * * * * * * * * * * * * * * * //

dimensions      [0 2 -2 0 0 0 0];

internalField   uniform (0 0 0);

boundaryField
{
    WALL
    {
        type            calculated;
        value           nonuniform List<vector> 
1537
(
(-0.0170256 -0.0151803 0.00863546)
(-0.0192425 -0.0144034 0.00997012)
(-0.0125623 -0.00506221 -0.00392033)
(-0.0122359 -0.00428808 -0.00456876)
(-0.0125481 -0.0166031 0.00566518)
(-0.0120759 -0.0172501 0.00583438)
(-0.00848552 -0.0049897 -0.00473299)
(-0.00826651 -0.00490283 -0.00384834)
(-0.01811 -0.00789173 -0.0107842)
(-0.0196482 -0.00870547 -0.0107218)
(-0.0139428 -0.0186313 0.0176284)
(-0.016136 -0.015994 0.0187343)
(-0.0128178 -0.00468381 0.00289034)
(-0.0151751 -0.000520002 0.00363516)
(-0.00894375 -0.00941175 0.00383547)
(-0.00910375 -0.00815519 0.003826)
(-0.00863085 -0.00579401 -0.00159658)
(-0.00859738 -0.00577745 -0.00274331)
(-0.00928028 -0.00773946 0.00216591)
(-0.00933062 -0.00864427 0.00191965)
(-0.00880757 -0.0106712 0.00204275)
(-0.00805228 -0.0110437 0.00158639)
(-0.00744094 -0.0041428 -0.00357822)
(-0.0156399 -0.00571336 -0.0102419)
(-0.0162962 -0.00669479 -0.0100564)
(-0.0146486 0.00429208 -0.00215187)
(-0.0134366 0.00286636 -0.000925296)
(-0.016216 -0.0169529 0.00895814)
(-0.0173596 -0.0157668 0.0106817)
(-0.0225473 -0.0037622 -0.00253066)
(-0.0253557 -0.00312743 -0.000605201)
(-0.0173142 -0.0118071 0.00239023)
(-0.015826 -0.0109992 0.000532557)
(-0.0112777 0.00251509 -0.00147142)
(-0.0112761 0.00182847 -0.00263313)
(-0.0148896 0.00362681 0.0147882)
(-0.0135176 0.0018571 0.0169956)
(-0.0106927 -0.00550536 -0.00598461)
(-0.0096711 -0.00534716 -0.00559708)
(-0.0172184 -0.00841281 -0.00488011)
(-0.0157672 -0.00803795 -0.00459991)
(-0.0150087 -0.00598321 -0.00848707)
(-0.0147285 -0.00459858 -0.00925273)
(-0.00770123 -0.00447375 -0.00298563)
(-0.00738863 -0.00384908 -0.00230604)
(-0.00801805 -0.00468501 -0.00253077)
(-0.00775028 -0.00422413 -0.00339555)
(-0.00767436 -0.00420177 -0.00230432)
(-0.00765359 -0.00408624 -0.00271963)
(-0.0135627 -0.00321073 -0.00703609)
(-0.0120835 -0.0021291 -0.00636602)
(-0.0129259 -0.00356451 -0.00569334)
(-0.0140674 -0.00471388 -0.00600002)
(-0.0124097 -0.00235537 -0.0059616)
(-0.0137006 -0.00440243 -0.00598508)
(-0.00730009 -0.0105884 0.000632585)
(-0.0092568 -0.0100371 -0.00144371)
(-0.00894247 -0.0107189 0.000225352)
(-0.00796338 -0.00974094 -0.000415428)
(-0.00799802 -0.00972885 -0.00110417)
(-0.00774244 -0.00917804 -0.000535892)
(-0.00705587 -0.0100155 0.000239601)
(-0.0105783 -0.00321237 0.00957375)
(-0.010357 -0.00171662 0.0104013)
(-0.0100516 -0.00317413 0.011082)
(-0.0114446 -0.00233466 0.012594)
(-0.0112513 -0.000676331 0.0114436)
(-0.0117613 -0.000450518 0.012824)
(-0.00988272 -0.00863115 -0.0013664)
(-0.011108 -0.00839876 -0.00329436)
(-0.010938 -0.00814899 -0.00321586)
(-0.0103421 -0.00907178 -0.00133598)
(-0.0108837 -0.00877603 -0.00221149)
(-0.00970179 -0.0082447 -0.00205411)
(-0.0128344 -0.00896003 -0.00083736)
(-0.0143106 -0.0110863 0.000191796)
(-0.0131162 -0.00993784 -0.000664617)
(-0.0134338 -0.0123157 0.00137203)
(-0.0122142 -0.00976895 -0.000148825)
(-0.0132058 -0.0130652 0.00204853)
(-0.0126518 0.00492933 0.00194252)
(-0.012667 0.00356638 7.13979e-05)
(-0.0128749 0.0033171 0.000819594)
(-0.0117916 0.00311896 -0.000392133)
(-0.0120986 0.00229378 -0.000539943)
(-0.0126435 0.00453088 0.0019017)
(-0.0148841 0.00192007 0.00449631)
(-0.0140941 0.00236922 0.00348062)
(-0.0139092 0.000990976 0.00279936)
(-0.016051 0.00377255 0.00699367)
(-0.014904 0.00459733 0.00733242)
(-0.0148079 0.00400011 0.0057396)
(-0.0128291 0.00341006 0.0142218)
(-0.0127398 0.00481507 0.0133342)
(-0.013883 0.00479368 0.013585)
(-0.0131585 0.00373387 0.0147801)
(-0.0136873 0.00532675 0.0114377)
(-0.0130118 0.00563543 0.0119754)
(-0.0248408 -0.00932016 -0.00565562)
(-0.0247712 -0.00956517 -0.00704638)
(-0.0250433 -0.00911691 -0.00658176)
(-0.0278527 -0.00912819 -0.00634107)
(-0.0278079 -0.00889256 -0.00519929)
(-0.0254383 -0.00881946 -0.00495579)
(-0.0128151 0.00201275 0.000463705)
(-0.011746 -3.14583e-05 -0.000253842)
(-0.0122028 0.000879697 0.000447319)
(-0.0135413 0.00172438 -0.000895968)
(-0.0202964 -0.00439092 -0.010139)
(-0.0176139 -0.0036499 -0.00934765)
(-0.0198188 -0.00411366 -0.0102711)
(-0.0214455 -0.0027665 -0.010511)
(-0.0199447 -0.00287592 -0.0106429)
(-0.010511 -0.00142173 0.00169089)
(-0.00982896 -0.00187109 0.00118095)
(-0.0105194 -0.00125055 0.00268209)
(-0.0103435 -0.00218656 0.00211056)
(-0.00971997 -0.00254297 0.00141227)
(-0.00976562 -0.00261873 0.000923894)
(-0.0155738 -0.0134311 0.0040772)
(-0.0164753 -0.0130959 0.0045193)
(-0.0171948 -0.0141549 0.00595628)
(-0.0193582 -0.0155474 0.0100161)
(-0.016525 -0.0134988 0.00687939)
(-0.0154599 -0.0136908 0.00430184)
(-0.0148905 -0.0136222 0.00389421)
(-0.0194085 -0.0141086 0.00814114)
(-0.0113522 -0.00157023 0.0171921)
(-0.0121833 0.000818336 0.0158198)
(-0.0122889 0.00117959 0.0161046)
(-0.0116314 -0.000583694 0.0159188)
(-0.0112169 -0.00178731 0.0166605)
(-0.0120854 -0.000137885 0.0168471)
(-0.014762 -0.000345969 0.0191788)
(-0.0129384 -0.00166898 0.0204168)
(-0.0115437 -0.00257191 0.0215614)
(-0.007952 -0.00901904 0.0129071)
(-0.00850893 -0.00814177 0.0145725)
(-0.0092639 -0.00741479 0.0165858)
(-0.00774281 -0.00893101 0.0149721)
(-0.00700757 -0.00912062 0.0129349)
(-0.00868177 -0.0075546 0.0158297)
(-0.00884818 -0.00586202 0.0146469)
(-0.00897139 -0.00675863 0.0155421)
(-0.0104964 -0.00609108 0.0163915)
(-0.0100211 -0.00446167 0.0151265)
(-0.00986551 -0.00401248 0.0170369)
(-0.00880465 -0.00759683 0.00580047)
(-0.00936217 -0.00759593 0.00471991)
(-0.00906097 -0.00734507 0.00685432)
(-0.0091214 -0.00706836 0.00543428)
(-0.00895353 -0.00763399 0.00456183)
(-0.00958497 -0.00711219 0.00636841)
(-0.00881478 -0.00930133 0.00374126)
(-0.00894757 -0.0089301 0.00513076)
(-0.00901005 -0.00947838 0.00311116)
(-0.00845341 -0.00922159 0.00466864)
(-0.00847699 -0.0091643 0.00545272)
(-0.00875621 -0.00875178 0.00425485)
(-0.0107068 -0.00438927 0.0180553)
(-0.0113011 -0.00280087 0.0182096)
(-0.0106298 -0.00421391 0.0182363)
(-0.0124522 -0.000777058 0.0184411)
(-0.0118527 -0.00251197 0.0190375)
(-0.0116741 -0.00113754 0.0179714)
(-0.0064879 -0.0107164 0.0145637)
(-0.00719177 -0.0107461 0.0142283)
(-0.00629602 -0.0109546 0.010417)
(-0.00677752 -0.0112664 0.0105447)
(-0.00584353 -0.0109601 0.0128288)
(-0.00620777 -0.0101934 0.0117105)
(-0.00477074 -0.0110122 0.00589831)
(-0.00573794 -0.0103421 0.004661)
(-0.00555213 -0.011061 0.00589222)
(-0.00597833 -0.0103562 0.00427162)
(-0.00621315 -0.0106348 0.004074)
(-0.00480851 -0.0112941 0.00636037)
(-0.00494836 -0.0110544 0.00931003)
(-0.00544261 -0.0117464 0.0114713)
(-0.00534295 -0.0117285 0.00837948)
(-0.00480519 -0.0119076 0.0119264)
(-0.00486347 -0.0120774 0.0106048)
(-0.00492228 -0.0118112 0.00868509)
(-0.0293042 -0.00236343 -0.00925738)
(-0.0285878 -0.00171329 -0.00608572)
(-0.0305379 -0.00300374 -0.00845661)
(-0.0288805 -0.00140154 -0.00812346)
(-0.030341 -0.00211033 -0.00768461)
(-0.0222214 -0.00401304 -0.000939426)
(-0.023601 -0.0035386 0.000829329)
(-0.0203812 -0.00478968 -0.00175657)
(-0.0217415 -0.00328187 0.00166535)
(-0.0184706 -0.0044885 -0.00080177)
(-0.0202364 -0.00397331 0.000664202)
(-0.011415 -0.00278316 -0.00300504)
(-0.0122366 -0.00486118 -0.00276215)
(-0.0121623 -0.00466867 -0.00274013)
(-0.0116036 -0.00369892 -0.00315229)
(-0.0117013 -0.00393343 -0.00270345)
(-0.0116359 -0.00279967 -0.00276641)
(-0.0123744 -0.0061674 -0.00297418)
(-0.0135923 -0.0082313 -0.00227378)
(-0.0126524 -0.00935251 -0.00102854)
(-0.0122475 -0.00722561 -0.00210342)
(-0.0122719 -0.00549119 -0.00324828)
(-0.0125697 -0.00953438 -0.00085213)
(-0.0124403 -0.00545218 -0.00431021)
(-0.0134493 -0.00682099 -0.0034065)
(-0.0119346 -0.00362535 -0.00442664)
(-0.0134297 -0.00626493 -0.00445182)
(-0.0144431 -0.00732097 -0.0042456)
(-0.0139371 -0.00849745 -0.00219969)
(-0.0135935 -0.00820963 -0.00230482)
(-0.0128214 -0.00655783 -0.00316039)
(-0.0132006 -0.0177803 0.00737944)
(-0.0126063 -0.0184958 0.0087579)
(-0.0142852 -0.0183567 0.0102432)
(-0.0129541 -0.0170824 0.00785742)
(-0.012682 -0.0168709 0.00511426)
(-0.0141044 -0.0190242 0.0112762)
(-0.0135987 -0.0194449 0.0105088)
(-0.0124227 -0.0185047 0.00778996)
(-0.0141512 -0.0138426 0.00280333)
(-0.0149112 -0.0137564 0.00395988)
(-0.0147847 -0.0141478 0.00300739)
(-0.0143736 -0.0140582 0.005782)
(-0.0146477 -0.0141636 0.00334235)
(-0.015441 -0.0146834 0.00489061)
(-0.0128354 0.00153916 -0.00889874)
(-0.0130255 0.000760089 -0.00961448)
(-0.0133464 -0.000644327 -0.00961902)
(-0.0128338 0.000512727 -0.00888892)
(-0.0137222 -0.00119652 -0.00989177)
(-0.0134574 0.000200789 -0.0103304)
(-0.0140007 0.00282888 -0.0113085)
(-0.00750256 -0.00402198 -0.00335923)
(-0.00781962 -0.00441149 -0.00378034)
(-0.00911808 -0.00215996 0.000331073)
(-0.00805365 -0.00284907 -0.00094709)
(-0.008951 -0.00273702 -0.000735446)
(-0.00909048 -0.00284749 -7.94357e-06)
(-0.00798024 -0.00287101 -0.000551929)
(-0.00942973 -0.00227962 6.53227e-05)
(-0.0104828 -0.00311191 0.00500322)
(-0.0101085 -0.00313455 0.00419637)
(-0.0110237 -0.001388 0.00574612)
(-0.0108784 -0.00227498 0.00585935)
(-0.0112807 -0.00154384 0.0052864)
(-0.0102642 -0.00207934 0.00480555)
(-0.0081396 -0.00487562 -0.0029537)
(-0.00859422 -0.00549438 -0.00300352)
(-0.008644 -0.00538865 -0.00382765)
(-0.00832519 -0.00533723 -0.00265134)
(-0.00872483 -0.00505082 -0.00488843)
(-0.00835755 -0.00507137 -0.00355569)
(-0.00924784 -0.00535862 -0.00460781)
(-0.00808954 -0.00477243 -0.00427366)
(-0.00950622 -0.00433861 0.00327135)
(-0.00875673 -0.00453026 0.00248598)
(-0.00873376 -0.00475154 0.00168588)
(-0.00900163 -0.00471165 0.00159051)
(-0.00982885 -0.0043759 0.0031424)
(-0.00858241 -0.00413228 0.00234131)
(-0.00862321 -0.00525485 0.00053965)
(-0.00873972 -0.00504505 0.000303786)
(-0.00864141 -0.00548106 -0.000555645)
(-0.0083512 -0.00530191 -1.18303e-05)
(-0.00871337 -0.00571016 -0.000344966)
(-0.00827642 -0.0049518 -0.000190114)
(-0.0131047 -0.0196083 0.0135116)
(-0.012669 -0.0195877 0.0116046)
(-0.0116725 -0.0199443 0.0107685)
(-0.012431 -0.000993112 -0.00549545)
(-0.0117018 0.00026426 -0.00453506)
(-0.0116674 0.00205932 -0.00450201)
(-0.012093 -0.000795381 -0.00521023)
(-0.0129101 0.000787539 -0.00608352)
(-0.0114105 0.00194215 -0.00491069)
(-0.0128399 0.00681435 -0.00177568)
(-0.0114717 0.00536037 -0.00201809)
(-0.0122662 0.00450543 -0.00346051)
(-0.0124266 0.00524255 -0.00320535)
(-0.0122164 0.00529249 -0.00191793)
(-0.0126829 0.00391474 -0.00389203)
(-0.0107189 0.00497436 -7.11562e-05)
(-0.0118089 0.003579 -0.00179913)
(-0.0122159 0.00115561 -0.00194705)
(-0.0106537 0.00325426 -0.00187147)
(-0.0118565 0.00405422 -0.000410546)
(-0.0238044 -0.0101535 0.000624426)
(-0.0231914 -0.00909185 0.0027473)
(-0.0210096 -0.0099795 0.00132263)
(-0.0235934 -0.0100564 0.00365225)
(-0.0211393 -0.0100421 0.00266683)
(-0.0205377 -0.0102888 0.00095774)
(-0.0168213 -0.00852233 -0.0032505)
(-0.0173023 -0.00965887 -0.00116482)
(-0.0196163 -0.00993721 -0.00113687)
(-0.0191549 -0.00955135 -0.00273777)
(-0.0175706 -0.00911353 -0.00322475)
(-0.018812 -0.00997713 -0.000991937)
(-0.0142704 -0.00948313 -0.00126775)
(-0.014311 -0.00991044 -0.000267755)
(-0.0137381 -0.00928473 -0.00132796)
(-0.014148 -0.0099829 -0.000348198)
(-0.0152894 -0.0106626 0.00106888)
(-0.015429 -0.0120869 0.00308285)
(-0.0273275 -0.00880963 0.00135279)
(-0.0286704 -0.006784 0.00227502)
(-0.0284176 -0.00788889 0.00209204)
(-0.0272401 -0.00886361 0.000938365)
(-0.0292039 -0.00714472 0.00100159)
(-0.0275233 -0.00795208 0.00103581)
(-0.0296316 -0.00297006 -0.00531467)
(-0.0278583 -0.0027924 -0.00334915)
(-0.0305514 -0.00308099 -0.00404285)
(-0.0289725 -0.0031917 -0.00614811)
(-0.0262497 -0.00300215 -0.00464068)
(-0.0283022 -0.00297317 -0.00272942)
(-0.0224101 -0.00563692 0.00929085)
(-0.0207647 -0.00467772 0.00667868)
(-0.0204903 -0.00437564 0.00776425)
(-0.018452 -0.00473119 0.00630094)
(-0.0200347 -0.00565037 0.0093001)
(-0.0184529 -0.00478032 0.00810333)
(-0.021457 -0.00451073 0.00545117)
(-0.0221984 -0.00394111 0.00330509)
(-0.0242907 -0.00443999 0.00525422)
(-0.0188951 -0.00422114 0.00263208)
(-0.0200775 -0.00431503 0.00425816)
(-0.0208478 -0.00414702 0.0022995)
(-0.0259822 -0.00978298 0.0116941)
(-0.0241846 -0.00998045 0.0112439)
(-0.0225283 -0.00909415 0.0122104)
(-0.0197872 -0.0143553 0.0120484)
(-0.0212211 -0.011761 0.0136592)
(-0.0205706 -0.0132564 0.014686)
(-0.0204687 -0.0132526 0.0123171)
(-0.0229629 -0.0123982 0.0120829)
(-0.0190276 -0.0139088 0.0135037)
(-0.0192946 -0.0145637 0.0182987)
(-0.019378 -0.0125593 0.0178384)
(-0.0190182 -0.0108348 0.0172882)
(-0.0181226 -0.0124213 0.0173175)
(-0.0184549 -0.0138127 0.0184447)
(-0.0199113 -0.0120208 0.0177609)
(-0.0146936 -0.00553845 -0.00867298)
(-0.0141066 -0.00478 -0.00880548)
(-0.0132703 -0.00529623 -0.0079357)
(-0.0164018 -0.005258 -0.00930013)
(-0.0170679 -0.00334094 -0.010286)
(-0.0173315 -0.00361984 -0.0108129)
(-0.0159026 -0.00665228 -0.00780473)
(-0.0154916 -0.00642145 -0.00804708)
(-0.012858 -0.00765706 -0.00547643)
(-0.0136395 -0.00714836 -0.00599032)
(-0.0154607 -0.00706101 -0.0068278)
(-0.0141186 -0.00636442 -0.00742173)
(-0.0213812 -0.00507226 -0.00860165)
(-0.018935 -0.00497534 -0.0085284)
(-0.0210878 -0.00555552 -0.00863235)
(-0.0233163 -0.00337406 -0.00941035)
(-0.0205185 -0.00331673 -0.00871219)
(-0.017785 -0.00503872 -0.00783884)
(-0.0197377 -0.00717415 0.0131053)
(-0.0173508 -0.00570006 0.0102635)
(-0.0184807 -0.00559897 0.0101664)
(-0.0186619 -0.00704679 0.0121746)
(-0.0186663 -0.00596984 0.0114091)
(-0.0188909 -0.00751386 0.0134127)
(-0.0154585 0.00570278 -0.0102353)
(-0.0161978 0.00585263 -0.00999715)
(-0.0155118 0.00386223 -0.0111483)
(-0.0153847 0.00485713 -0.010471)
(-0.0158664 0.00565499 -0.00969592)
(-0.0145037 0.00490194 -0.00273459)
(-0.0138812 0.00385932 -0.00186002)
(-0.0138749 0.00338703 -0.00161244)
(-0.014701 0.00567407 -0.00270908)
(-0.01386 0.00466879 -0.00215414)
(-0.0155516 0.00605581 -0.0042984)
(-0.0149456 0.00589216 -0.00358594)
(-0.0151288 0.00530993 -0.00364593)
(-0.0149565 0.00479335 -0.00256556)
(-0.0126538 0.00359311 -0.00693968)
(-0.0124376 0.0023261 -0.00786617)
(-0.0125146 0.00410935 -0.00656673)
(-0.0126729 0.00203586 -0.00748104)
(-0.0126603 0.0040938 -0.00682686)
(-0.0129313 0.00297934 -0.00815878)
(-0.0128957 0.00496669 -0.00501143)
(-0.0129192 0.00615983 -0.0030225)
(-0.0131337 0.00641417 -0.00414217)
(-0.0128171 0.00684965 -0.00235669)
(-0.0140591 0.00585005 -0.00410103)
(-0.0132132 0.00572181 -0.00523137)
(-0.0134953 0.00549697 -0.00258183)
(-0.0133712 0.00618884 -0.00189652)
(-0.0128138 0.00574007 -0.0039877)
(-0.0134857 0.00631673 -0.00449988)
(-0.0143365 0.00581087 -0.00421081)
(-0.0138404 0.00587705 -0.00304494)
(-0.0322983 -0.00383575 -0.00630631)
(-0.0314237 -0.00402426 -0.0046182)
(-0.0317135 -0.00329764 -0.00673127)
(-0.0290768 -0.00291594 -0.00473292)
(-0.0306601 -0.00445424 -0.00321043)
(-0.0324536 -0.00410495 -0.00481731)
(-0.0324464 -0.00554281 -0.0048853)
(-0.0149096 -0.0056394 -0.00684617)
(-0.0145081 -0.00675317 -0.0050268)
(-0.0159502 -0.00714205 -0.00613807)
(-0.0145815 -0.0052752 -0.00680912)
(-0.0154648 -0.00785137 -0.00459993)
(-0.0219381 -0.00899753 -0.00455385)
(-0.0217315 -0.00916696 -0.00428579)
(-0.0196463 -0.00894383 -0.00637834)
(-0.0201118 -0.00887983 -0.00642105)
(-0.0219318 -0.0094407 -0.00622387)
(-0.0202597 -0.00896497 -0.00479962)
(-0.0141348 -0.00146401 -0.0115505)
(-0.0147178 -0.00274168 -0.012539)
(-0.0146546 -0.00267443 -0.012547)
(-0.0142643 4.25718e-05 -0.0125646)
(-0.013751 -0.00156825 -0.0119783)
(-0.0149307 -0.000628465 -0.0121327)
(-0.0152193 -0.0018636 -0.0136359)
(-0.0161578 -0.00651405 -0.00795651)
(-0.0163367 -0.0068587 -0.00913123)
(-0.0176682 -0.00776067 -0.00751128)
(-0.0167854 -0.00715998 -0.00780948)
(-0.0145978 -0.004284 -0.00961742)
(-0.014413 -0.00269509 -0.0103592)
(-0.0129731 -0.00253243 -0.0104135)
(-0.0138213 -0.00407795 -0.00982493)
(-0.0141778 -0.00333736 -0.0113149)
(-0.0129099 -0.00177206 -0.00999648)
(-0.0173222 -0.00742922 -0.0117469)
(-0.019915 -0.00886193 -0.0104666)
(-0.0159634 -0.00627924 -0.0117638)
(-0.0300257 -0.00099721 -0.008487)
(-0.0319558 -0.00129167 -0.00929351)
(-0.0306691 -0.000327635 -0.0115302)
(-0.0290983 -0.000476032 -0.00902133)
(-0.0302419 -0.000946862 -0.0102081)
(-0.0290059 -0.00121919 -0.0107144)
(-0.0263808 0.00153254 -0.0112671)
(-0.0299224 0.000594935 -0.0100041)
(-0.0286922 0.000880595 -0.0110066)
(-0.0303779 -0.00335364 -0.00761554)
(-0.0302999 -0.00256712 -0.00802605)
(-0.0308525 -0.00107622 -0.0090269)
(-0.0316502 -0.00374312 -0.00807763)
(-0.0320637 -0.00289094 -0.00944517)
(-0.0309256 -0.00138417 -0.00881895)
(-0.0286593 -0.00660988 -0.00698466)
(-0.0291114 -0.00776028 -0.00765046)
(-0.0310869 -0.00617692 -0.00691709)
(-0.0307029 -0.00541657 -0.00713471)
(-0.0306743 -0.00586293 -0.0075827)
(-0.0292139 -0.00691356 -0.00640797)
(-0.0142357 -0.00926215 -0.00482185)
(-0.0146755 -0.00896508 -0.00425115)
(-0.0137082 -0.00916182 -0.00429641)
(-0.0127842 -0.0082436 -0.00285899)
(-0.0104703 -0.00959584 -0.00212796)
(-0.0127004 -0.00991967 -0.00260895)
(-0.00863321 -0.00986906 0.0024019)
(-0.00918919 -0.00967831 0.00235831)
(-0.00938972 -0.0108644 0.00176139)
(-0.00924778 -0.0108814 0.000994565)
(-0.00966774 -0.0100517 0.00145222)
(-0.00998994 -0.0104296 0.000657532)
(-0.010966 -0.00911939 -0.00265613)
(-0.0122306 -0.00995484 -0.00262896)
(-0.0103063 -0.010456 -0.000921527)
(-0.0112985 -0.0109575 -0.00186967)
(-0.0102771 -0.0102941 -0.000635634)
(-0.0107372 -0.0104656 -0.00143611)
(-0.00529403 -0.0106968 0.00304952)
(-0.00570608 -0.0104484 0.0027358)
(-0.00571223 -0.0096574 0.00176525)
(-0.00618875 -0.0103707 0.00183527)
(-0.0055907 -0.0106436 0.00277661)
(-0.00632451 -0.0102023 0.00133623)
(-0.00925102 -0.00717375 -0.00122936)
(-0.0098637 -0.00702348 -0.00133357)
(-0.00834408 -0.00745761 -0.00111595)
(-0.00752396 -0.00831775 -0.000618111)
(-0.00636876 -0.00929002 0.000300983)
(-0.00630778 -0.00786218 -0.00021005)
(-0.00659459 -0.00840735 -0.000230421)
(-0.00598978 -0.00868549 0.000168411)
(-0.0058425 -0.00898625 0.000604691)
(-0.0152634 -0.00490046 -0.000746233)
(-0.0169511 -0.00428286 0.000497494)
(-0.0125739 -0.00546711 -0.000368706)
(-0.0140719 -0.00467859 0.00044446)
(-0.0139422 -0.00591233 -0.000947133)
(-0.0156291 -0.00431945 0.00074793)
(-0.0144457 0.00530527 0.011827)
(-0.0145961 0.0054289 0.0098334)
(-0.0143335 0.00477458 0.00918993)
(-0.0138955 0.00478164 0.00719198)
(-0.0148629 0.00514932 0.0115104)
(-0.0137008 0.0050272 0.00741646)
(-0.0135389 0.004086 0.00348575)
(-0.0127775 0.00259349 0.00182527)
(-0.0130863 0.00517551 0.005205)
(-0.013386 0.003076 0.00184505)
(-0.0133974 0.0030584 0.0028908)
(-0.0140073 0.0040269 0.00434764)
(-0.0146429 -0.0190562 0.0138411)
(-0.0149599 -0.0185496 0.0164808)
(-0.015424 -0.0178588 0.019173)
(-0.0174235 -0.0165221 0.0173603)
(-0.0159423 -0.01763 0.0155692)
(-0.0152179 -0.0178528 0.0143254)
(-0.0139616 -0.0193297 0.0147233)
(-0.0149527 -0.0166187 0.0161184)
(-0.00975659 -0.00485717 0.00111114)
(-0.0137291 -0.00435139 0.00433901)
(-0.011086 -0.00475671 0.00200291)
(-0.0111984 -0.00782609 -0.00444621)
(-0.0115226 -0.00627707 -0.00587368)
(-0.0114114 -0.00674792 -0.00557473)
(-0.0103826 -0.00731511 -0.00377644)
(-0.00943427 -0.00664399 -0.00306618)
(-0.00996681 -0.00644967 -0.00430684)
(-0.00888249 -0.00592426 0.000572185)
(-0.00894403 -0.00558751 0.00206105)
(-0.00840052 -0.0052565 0.00122144)
(-0.0091767 -0.00650977 0.00157247)
(-0.00880631 -0.00647696 0.00101735)
(-0.00900948 -0.00590663 0.00197063)
(-0.00963974 -0.00772207 -0.000284293)
(-0.0094826 -0.00847623 0.000238067)
(-0.00921097 -0.00709295 0.00116949)
(-0.00922007 -0.00725388 0.000502767)
(-0.00975776 -0.00839048 0.000832195)
(-0.0121624 0.0018755 0.0145212)
(-0.0126647 0.0011028 0.0135211)
(-0.0123924 -9.73727e-05 0.0145405)
(-0.0128818 0.00271357 0.0132491)
(-0.0121587 0.000279678 0.014697)
(-0.0126905 0.00245636 0.013077)
(-0.0100393 -0.00489179 0.00732793)
(-0.00935637 -0.00607326 0.00581849)
(-0.00942336 -0.00504619 0.00619717)
(-0.00965386 -0.00596878 0.00721844)
(-0.00978434 -0.00591673 0.00563617)
(-0.00945703 -0.00500291 0.00821334)
(-0.031669 -0.0026251 -0.00742211)
(-0.0307904 -0.0038548 -0.00709741)
(-0.0314801 -0.00486292 -0.00694344)
(-0.0330256 -0.00278375 -0.00810972)
(-0.0316571 -0.00310522 -0.0065129)
(-0.0319524 -0.00421403 -0.00626865)
(-0.00710451 -0.00348642 -0.00258418)
(-0.00753444 -0.00363666 -0.00206314)
(-0.00719203 -0.0031138 -0.00194123)
(-0.00728179 -0.0033191 -0.00145783)
(-0.00715846 -0.0033482 -0.00276496)
(-0.0126748 0.00334093 0.0115674)
(-0.0127896 0.0051941 0.00931617)
(-0.0126656 0.00425621 0.0100064)
(-0.0134121 0.00691309 0.00766422)
(-0.0129536 0.00698948 0.00631482)
(-0.0129021 0.00656125 0.0090585)
(-0.0127985 0.00538661 0.00939624)
(-0.0128476 0.0051499 0.0113594)
(-0.0127636 0.00351388 0.0115226)
(-0.0120949 0.00460294 0.0107568)
(-0.0120872 0.00695706 0.00239928)
(-0.0121258 0.00632303 0.00182456)
(-0.0126407 0.00686018 0.00439166)
(-0.0123417 0.00410087 0.00982921)
(-0.0126534 0.00388916 0.0088538)
(-0.0123539 0.00301626 0.0101773)
(-0.0125074 0.0033101 0.0107674)
(-0.0121832 0.00170366 0.0100999)
(-0.0086573 -0.00487885 0.00269281)
(-0.00908747 -0.00695096 0.000566997)
(-0.00843197 -0.0057719 7.46447e-05)
(-0.00907514 -0.00706848 4.15633e-06)
(-0.00894192 -0.00668742 -0.000241395)
(-0.00932798 -0.00706064 -0.00157289)
(-0.00862223 -0.00654304 -0.000689026)
(-0.00915417 -0.00653107 -0.00246284)
(-0.0120038 -0.00989034 -0.00295691)
(-0.0108151 -0.0105589 -0.00153531)
(-0.0103851 -0.00985633 -0.00123894)
(-0.0102699 -0.00999497 -0.000248688)
(-0.00945075 -0.00890906 0.00131569)
(-0.0095886 -0.00906774 0.000564068)
(-0.00933977 -0.00946651 0.000799076)
(-0.00932363 -0.00912067 0.00192211)
(-0.00972158 -0.0098173 0.00146412)
(-0.0111855 -0.00507631 0.00126773)
(-0.0128279 -0.0165043 0.00688372)
(-0.0117232 -0.0152641 0.00524831)
(-0.0118596 -0.0128071 0.00210147)
(-0.0126824 -0.0131354 0.00200706)
(-0.0118478 -0.014765 0.00292606)
(-0.0129561 -0.0156979 0.00444664)
(-0.011616 -0.0140524 0.00292518)
(-0.0117578 -0.0111195 0.000711293)
(-0.0131399 -0.0112781 0.000525873)
(-0.0121782 -0.00996143 -8.2486e-05)
(-0.0119126 -0.00696281 -0.00130428)
(-0.0128493 -0.00523301 -0.00178632)
(-0.0127525 -0.00611266 -0.00200837)
(-0.0127209 0.00589715 0.00317416)
(-0.0124825 0.00634929 0.00195061)
(-0.0131542 0.0064454 0.00311376)
(-0.012181 -0.0041563 -0.00201703)
(-0.0121823 -0.00243068 -0.00219748)
(-0.0129084 0.00219704 0.000433435)
(-0.0134637 0.0050925 0.00417541)
(-0.0132826 0.00509854 0.00326945)
(-0.0140342 0.00586827 0.00539503)
(-0.0129767 0.00641076 0.00577266)
(-0.0129368 0.00603661 0.00422229)
(-0.0128361 0.00585323 0.00437554)
(-0.0130514 0.00609522 0.00567663)
(-0.0128055 0.00600625 0.0102402)
(-0.01269 0.00685947 0.00907646)
(-0.013002 0.00694981 0.00782543)
(-0.0133875 0.0061557 0.007157)
(-0.0144813 -0.00738504 0.00111297)
(-0.0135944 -0.00226958 0.00131118)
(-0.014171 -0.00436564 0.00111009)
(-0.0166366 0.00150005 0.00566741)
(-0.0141542 -2.64955e-05 0.002748)
(-0.0136539 -0.000489407 0.00254874)
(-0.0155599 0.000498571 0.00353885)
(-0.0154283 0.00269286 0.00619817)
(-0.0159017 0.00311508 0.00880032)
(-0.0168748 0.00294098 0.00798876)
(-0.0156977 0.00369977 0.00778564)
(-0.0163357 0.00304834 0.00898981)
(-0.0122577 -0.00307444 0.00073904)
(-0.014246 -0.00138283 0.0014363)
(-0.0148894 -0.000119731 0.00167963)
(-0.0128864 0.00211015 0.00238101)
(-0.0136202 0.00577544 0.00655758)
(-0.0130757 0.00554899 0.00603769)
(-0.0140834 0.00492822 0.00636407)
(-0.0143315 -0.00469223 -0.000181378)
(-0.012583 -0.0080326 7.01007e-05)
(-0.0130557 -0.00889288 0.000154911)
(-0.012391 -0.0101412 0.000325471)
(-0.0119007 -0.0104977 0.000421156)
(-0.0124893 0.000677143 -0.000281954)
(-0.0126095 -0.000689925 -0.00132886)
(-0.0123636 -0.00242638 -0.00147948)
(-0.0135852 -0.000792359 0.000616483)
(-0.0130172 0.00151715 0.0013971)
(-0.0127071 0.000739082 0.000728347)
(-0.012428 -0.000349278 -0.000390284)
(-0.012945 -0.00856488 -0.000535269)
(-0.0128114 -0.00568997 -0.000122166)
(-0.0120499 -0.00247636 -1.54319e-05)
(-0.0116516 -0.00801454 -0.000539934)
(-0.0123483 -0.00580944 -0.00123588)
(-0.0126487 -0.00246544 -0.000694637)
(-0.0121848 -0.00383341 -0.00150881)
(-0.0123484 -0.00342322 -0.000759773)
(-0.0122533 -0.00600526 -0.00061239)
(-0.0152449 -0.00546783 -0.00189693)
(-0.0152946 -0.00603027 -0.00310726)
(-0.0164768 -0.00563761 -0.00274542)
(-0.017134 -0.00630509 -0.00415774)
(-0.0187757 -0.00533358 -0.00392862)
(-0.0124727 -0.00505292 0.000300544)
(-0.00699668 -0.00713386 -0.000171816)
(-0.0125405 -0.00610686 -0.00178049)
(-0.0122779 -0.00596283 -0.00137311)
(-0.0108395 -0.0067028 -0.000936469)
(-0.00785281 -0.00731227 -0.000873351)
(-0.00566376 -0.00910522 0.00115898)
(-0.0136281 -0.00790535 -0.00309019)
(-0.0119463 -0.00767713 -0.0022196)
(-0.00981876 -0.0105474 -2.37715e-05)
(-0.0125379 -0.00950228 -0.00342953)
(-0.0129933 -0.00947769 -0.00436827)
(-0.0128629 -0.00732368 -0.00263879)
(-0.0113018 -0.00875083 -0.0030211)
(-0.0155782 -0.00697764 -0.00426004)
(-0.0100196 -0.0112832 -0.00116425)
(-0.0100379 -0.0108801 -0.000451574)
(-0.00925395 -0.0111765 0.00037709)
(-0.0103105 -0.0105614 -9.3598e-05)
(-0.00915728 -0.0103268 9.71747e-05)
(-0.00766558 -0.0109839 0.00136213)
(-0.00884873 -0.0106089 0.00125786)
(-0.00791362 -0.0105381 0.0022937)
(-0.00828692 -0.011015 0.00327592)
(-0.0306204 -0.00559902 -0.00611926)
(-0.0315839 -0.0042036 -0.00748682)
(-0.0301813 -0.00472051 -0.00716267)
(-0.0224993 -0.00947066 -0.00906808)
(-0.0225825 -0.00981492 -0.0109799)
(-0.0269266 -0.00905162 -0.00758037)
(-0.0243371 -0.00912445 -0.00731649)
(-0.0242523 -0.0096632 -0.00896965)
(-0.0297821 -0.00790736 -0.00690656)
(-0.0272689 -0.00863137 -0.0071224)
(-0.021792 0.000652528 -0.0120198)
(-0.0202057 0.000783011 -0.0123125)
(-0.0208258 0.000695483 -0.0120027)
(-0.0260759 0.00215492 -0.0119119)
(-0.0238927 0.00173748 -0.0117987)
(-0.0136631 -0.00286975 -0.0103473)
(-0.0131131 -0.00335866 -0.00919745)
(-0.011899 -0.00247922 -0.00929429)
(-0.0115117 -0.00433437 -0.00772183)
(-0.0278036 0.00108063 -0.0106018)
(-0.0323037 0.000424527 -0.00964055)
(-0.0318961 -0.00160285 -0.00819289)
(-0.0320529 -0.00139105 -0.00791126)
(-0.0271676 0.000442959 -0.0118186)
(-0.0241997 -0.000173114 -0.0119055)
(-0.0254722 -7.93301e-05 -0.0138062)
(-0.0257416 0.000165341 -0.0114033)
(-0.0276902 -0.000812509 -0.0112525)
(-0.00843821 -0.00447003 -0.00565047)
(-0.00888997 -0.00414204 -0.00644701)
(-0.00785369 -0.00448518 -0.00416592)
(-0.0101602 -0.00501687 -0.00665422)
(-0.0099162 -0.00452139 -0.00717202)
(-0.011059 -0.00377721 -0.00825096)
(-0.00954247 -0.00461739 -0.00612132)
(-0.0101828 -0.00449467 -0.00695355)
(-0.0108642 -0.00440775 -0.00809677)
(-0.0212901 -0.00928292 -0.00925887)
(-0.0202366 -0.00900651 -0.00927893)
(-0.0191936 -0.00850989 -0.00894714)
(-0.0213429 -0.00976377 -0.00115074)
(-0.0210164 -0.00969785 -0.00264878)
(-0.0234345 -0.00984739 -0.00295133)
(-0.0209518 -0.00921497 -0.00316572)
(-0.022729 -0.00915265 -0.00305411)
(-0.0188552 -0.00829894 -0.00794114)
(-0.0189769 -0.0084038 -0.00775231)
(-0.0201836 -0.00886573 -0.00740037)
(-0.0205005 -0.00873142 -0.00887458)
(-0.029812 -0.00730267 -0.00604717)
(-0.0310337 -0.00652232 -0.00586317)
(-0.030821 -0.00551356 -0.00514158)
(-0.0334865 -0.00468058 -0.00531894)
(-0.032167 -0.00711318 -0.00592077)
(-0.0254864 -0.00856131 0.00836682)
(-0.0158155 -0.0083322 -0.00352865)
(-0.0149311 -0.00670401 -0.00518801)
(-0.0130062 0.00540139 -0.00464972)
(-0.0126235 0.00450181 -0.00628624)
(-0.0129432 0.00538484 -0.00527288)
(-0.012656 0.00464855 -0.00549107)
(-0.0130739 0.00379705 -0.00601685)
(-0.0116965 0.0017969 -0.00574976)
(-0.0123071 0.0024586 -0.00636816)
(-0.0129997 0.0045816 -0.00552415)
(-0.0124737 0.00307905 -0.00555153)
(-0.0150319 0.00527207 -0.0062603)
(-0.0151676 0.00538659 -0.00469546)
(-0.0157103 0.00535915 -0.00395045)
(-0.0155472 0.0063034 -0.0052157)
(-0.0159992 0.00560363 -0.00660987)
(-0.0153847 0.00541439 -0.00604226)
(-0.0153021 0.00557733 -0.00499683)
(-0.0169583 0.00586502 -0.00827106)
(-0.0158537 0.00569889 -0.0077379)
(-0.0142523 0.00433289 -0.00820414)
(-0.0155491 0.00602764 -0.00853863)
(-0.01423 0.00485473 -0.00748853)
(-0.0165033 0.00541693 -0.00944726)
(-0.0139612 0.00441666 -0.000453859)
(-0.0139036 0.0044982 -0.00126299)
(-0.0135168 0.00518875 -0.00217843)
(-0.0137938 0.00411906 -0.000964445)
(-0.0144274 0.00388931 -0.000275264)
(-0.0133581 0.003125 -0.000259652)
(-0.0141914 0.00317463 -0.00120818)
(-0.0140555 0.002252 -0.000134016)
(-0.0112645 -0.000966954 -0.000143383)
(-0.0166032 -0.00761541 -0.00712071)
(-0.0144477 -0.00846599 -0.0052952)
(-0.0147123 -0.00729183 -0.00634527)
(-0.0234339 -0.00324209 -0.00902243)
(-0.0143541 -0.00204608 -0.00992924)
(-0.0136208 -0.00285652 -0.00939537)
(-0.0131219 -0.00490789 -0.00862538)
(-0.0139318 -0.00603954 -0.00744954)
(-0.0123196 -0.00566409 -0.00738071)
(-0.0176314 -0.00255252 -0.0117162)
(-0.0190737 -0.00279408 -0.0118646)
(-0.0252237 -0.00202374 -0.00954535)
(-0.0260145 -0.000836362 -0.0100366)
(-0.0276484 -0.000930514 -0.00912244)
(-0.0278534 -0.000765852 -0.0097506)
(-0.0263177 -0.00195919 -0.00945813)
(-0.0194627 -0.00967334 0.0160082)
(-0.0200908 -0.00925169 0.0152457)
(-0.0178431 -0.0154843 0.0193507)
(-0.019503 -0.00877605 0.0148171)
(-0.0176054 -0.0166143 0.0154209)
(-0.018891 -0.0171285 0.0151023)
(-0.0186406 -0.0151423 0.014577)
(-0.0191302 -0.0155823 0.0139528)
(-0.0192775 -0.00765379 0.0140504)
(-0.0195266 -0.00752557 0.0133889)
(-0.0247766 -0.00835267 0.0095939)
(-0.023825 -0.00914071 0.0102767)
(-0.023841 -0.0101571 0.0103709)
(-0.0221049 -0.0106899 0.0123034)
(-0.0218628 -0.00763323 0.0127885)
(-0.0174306 -0.015311 0.0162859)
(-0.0166179 -0.0144984 0.017107)
(-0.0177246 -0.00472222 0.0017247)
(-0.0268911 -0.0044681 0.00580316)
(-0.0129545 -0.00446096 0.00191468)
(-0.0138914 -0.0049498 0.0012822)
(-0.0159634 -0.00480958 0.00223033)
(-0.0169824 -0.00573118 0.00892179)
(-0.0151768 -0.00475444 0.00698875)
(-0.0143533 -0.0046578 0.00289724)
(-0.0156176 -0.00462076 0.00549479)
(-0.0165885 -0.00470621 0.00732224)
(-0.0172267 -0.00474479 0.00851549)
(-0.0209719 -0.00729042 0.0117465)
(-0.0231456 -0.007241 0.012306)
(-0.0195247 -0.00599649 0.0111211)
(-0.0172184 -0.00409438 0.00404543)
(-0.0170165 -0.00465335 0.00507896)
(-0.0153444 -0.00413615 0.00377262)
(-0.0189881 -0.00396316 0.00513351)
(-0.0265362 -0.00777042 0.00957539)
(-0.0253995 -0.0060871 0.00868804)
(-0.0260685 -0.00731593 0.0101809)
(-0.0256838 -0.00794244 0.0105764)
(-0.0231568 -0.00797166 0.0123485)
(-0.0232788 -0.00692496 0.0105628)
(-0.0218841 -0.00588247 0.0102681)
(-0.0235768 -0.00595655 0.00998649)
(-0.0222563 -0.00450659 0.00772928)
(-0.0237293 -0.00524151 0.00856788)
(-0.0255501 -0.00538001 0.00799031)
(-0.0248722 -0.00444596 0.00639091)
(-0.0256607 -0.00313589 -0.00264923)
(-0.0299978 -0.00340817 -0.00159345)
(-0.0279368 -0.00333106 -0.000720336)
(-0.0271752 -0.00312379 -0.00139709)
(-0.0275712 -0.00385106 0.000514229)
(-0.0274225 -0.0038812 0.00475098)
(-0.029135 -0.00420203 0.000336788)
(-0.0286539 -0.00421716 0.00371702)
(-0.0271823 -0.00339247 0.00190685)
(-0.0258538 -0.00743737 0.00769994)
(-0.0267573 -0.00771383 0.00664792)
(-0.0314193 -0.00280571 -0.00633734)
(-0.0295817 -0.00457967 0.00146931)
(-0.027359 -0.00693126 0.00575838)
(-0.0301503 -0.00517186 0.00362958)
(-0.0282379 -0.00574173 0.00572976)
(-0.0279388 -0.0050866 0.00439069)
(-0.0264204 -0.00968547 -0.00348888)
(-0.028168 -0.00814534 -0.00188061)
(-0.0316558 -0.00619218 -0.00392015)
(-0.0310113 -0.00699086 -0.0033698)
(-0.0256885 -0.00898711 -0.00108538)
(-0.0267968 -0.00844844 -0.0013362)
(-0.0306477 -0.00638733 0.00343895)
(-0.0300119 -0.00725357 0.00453052)
(-0.0258904 -0.00830894 0.00500666)
(-0.0285352 -0.00797032 0.00447487)
(-0.0255094 -0.00898608 0.00335717)
(-0.0300279 -0.00608487 -0.00158821)
(-0.0305435 -0.00712056 -0.00137375)
(-0.0316885 -0.00643232 0.00181877)
(-0.0296644 -0.00651712 6.04394e-05)
(-0.0312448 -0.0056956 -0.000444276)
(-0.030021 -0.00367252 -0.000828261)
(-0.032473 -0.00465502 0.000442461)
(-0.0309492 -0.00502016 0.00136698)
(-0.0302338 -0.00356773 -0.00317217)
(-0.0307136 -0.00451568 -0.000806922)
(-0.0316407 -0.00392655 -0.00179183)
(-0.0313458 -0.00515683 -0.00226857)
(-0.0174478 -0.0124687 0.00417393)
(-0.0185663 -0.0122251 0.00464447)
(-0.0181943 -0.0118761 0.00647487)
(-0.0165046 -0.0126262 0.00409425)
(-0.0177843 -0.012863 0.00679045)
(-0.016852 -0.0129554 0.00532763)
(-0.0270432 -0.00960136 0.00449809)
(-0.0258692 -0.00873578 0.00632311)
(-0.0231592 -0.00983715 0.00921124)
(-0.0245544 -0.00948129 0.00738967)
(-0.0243804 -0.00925588 0.00811814)
(-0.0232067 -0.0100713 0.00663211)
(-0.0155905 -0.00844224 -0.00349135)
(-0.0152933 -0.00789401 -0.00420829)
(-0.0154661 -0.00932895 -0.00204286)
(-0.0150903 -0.010108 -0.000233621)
(-0.0158021 -0.00913625 -0.00198296)
(-0.0208508 -0.0101329 -0.000905181)
(-0.0235171 -0.010433 0.00508115)
(-0.0239227 -0.00966225 0.00516422)
(-0.0171647 -0.0100371 -0.00103499)
(-0.0185774 -0.0100412 0.000805881)
(-0.0121322 0.00554452 0.000349482)
(-0.0123028 0.00608572 0.000389609)
(-0.0121728 0.00689571 0.0015515)
(-0.0125524 0.00722548 0.0016494)
(-0.0135452 0.00632943 -0.000277217)
(-0.0126062 0.000229885 -0.00597625)
(-0.0121996 0.00279955 -0.00509843)
(-0.00888867 -0.00597742 -0.00114275)
(-0.00813946 -0.0045801 -0.000482715)
(-0.00828113 -0.00433293 -7.08132e-05)
(-0.00859552 -0.00428886 0.000583269)
(-0.00849316 -0.00494716 0.000962024)
(-0.00855346 -0.00453093 0.000710294)
(-0.00813295 -0.00467454 -0.000914207)
(-0.00829509 -0.00499881 -0.00144599)
(-0.00841877 -0.00543418 -0.000943921)
(-0.00867289 -0.00602312 -0.00158789)
(-0.00755411 -0.00303779 -0.0016963)
(-0.00876266 -0.00588409 -0.00214842)
(-0.00803708 -0.00493137 -0.00187553)
(-0.00825784 -0.00541862 -0.00187652)
(-0.012369 0.00636145 0.0045207)
(-0.012598 0.00533452 0.00672276)
(-0.0128392 0.005814 0.0052348)
(-0.0130556 0.00631158 -0.000152626)
(-0.0131035 0.00744966 0.00255393)
(-0.0130737 0.00741731 0.00151811)
(-0.0127404 0.00680789 0.00309465)
(-0.0134461 0.00571246 -0.00284391)
(-0.0134023 0.00612815 -0.00115387)
(-0.0135281 0.00600624 -0.0013609)
(-0.0129174 0.00565361 0.0050512)
(-0.0128269 0.00599465 0.00371715)
(-0.0130613 0.00660175 0.00297386)
(-0.0132813 0.00597702 0.00356208)
(-0.0137924 0.00613627 0.000168601)
(-0.0111226 -0.00123985 0.00752667)
(-0.0108906 -0.0022293 0.00671912)
(-0.0130644 0.0055759 0.00261961)
(-0.0123379 0.0034657 0.00825941)
(-0.012718 0.00433411 0.00714023)
(-0.0113131 -4.39784e-05 0.00793554)
(-0.0120074 0.00109848 0.00878601)
(-0.0123849 0.0024374 0.00841329)
(-0.0115448 -0.000417345 0.00671616)
(-0.0133084 0.00474348 0.00348407)
(-0.0132194 0.00531624 0.00415245)
(-0.012853 0.00394146 0.00378917)
(-0.0135704 0.00203894 -0.000108694)
(-0.0137152 0.00320706 0.000305559)
(-0.0128525 0.0035988 0.00318973)
(-0.013419 0.00580895 0.00101249)
(-0.0131235 0.00521752 0.00207251)
(-0.0128906 0.0044342 0.00235235)
(-0.0117998 0.000935073 0.00100954)
(-0.012884 0.00147879 0.000658465)
(-0.0126915 0.0016163 0.00123961)
(-0.00925693 -0.00400826 0.000893894)
(-0.00896539 -0.0037434 0.00205698)
(-0.0106157 -0.00121879 0.00429248)
(-0.00956631 -0.00263579 0.00305589)
(-0.0092475 -0.00322708 0.00277822)
(-0.0090593 -0.00326808 0.0036619)
(-0.0103856 -0.00200325 0.00417884)
(-0.011588 0.000292839 0.00401424)
(-0.0128211 0.00288184 0.00345411)
(-0.0129002 0.00270183 0.00286507)
(-0.0121269 0.00112922 0.00381915)
(-0.0126067 0.00206164 0.00397075)
(-0.0121341 0.000840359 0.00313286)
(-0.0125206 0.00156726 0.00221486)
(-0.0121603 0.00192073 0.00308896)
(-0.007738 -0.00380148 -0.00197734)
(-0.00827037 -0.00411366 -0.000127389)
(-0.0108182 -0.000683581 0.000519179)
(-0.0113003 -2.23976e-05 0.000884448)
(-0.0120785 0.000912978 0.00212171)
(-0.0123131 0.000881195 0.00171329)
(-0.0110117 0.000144963 0.0015056)
(-0.00835908 -0.00360146 -0.000151375)
(-0.00839078 -0.00378226 0.000142665)
(-0.00893918 -0.00372344 0.000953918)
(-0.00798171 -0.00334449 -0.000592447)
(-0.00791717 -0.00333166 -0.00110156)
(-0.0103566 -0.00137317 0.000482061)
(-0.0102666 -0.00186374 0.000121799)
(-0.00784744 -0.0035171 -0.000763011)
(-0.00766536 -0.00370418 -0.00138959)
(-0.00789514 -0.00369641 -0.000583804)
(-0.008074 -0.0044402 -0.0011404)
(-0.00760489 -0.00388054 -0.00129474)
(-0.00798595 -0.00415482 -0.000777396)
(-0.00812358 -0.00408082 -0.00110803)
(-0.00949002 -0.00395278 0.0043956)
(-0.0102577 -0.00351766 0.00478816)
(-0.00939542 -0.00544927 0.00461005)
(-0.00981224 -0.00493302 0.00547524)
(-0.00920408 -0.00436188 0.00465722)
(-0.00952485 -0.00559331 0.00375964)
(-0.00940566 -0.00517495 0.00389118)
(-0.010148 -0.00434989 0.00498072)
(-0.00985364 -0.00332315 0.00577505)
(-0.010723 -0.00307092 0.00631545)
(-0.00996856 -0.00442411 0.00572352)
(-0.00764563 -0.00401815 -0.00299148)
(-0.0158298 0.00609326 -0.00541887)
(-0.0153189 0.00624563 -0.00634625)
(-0.0159927 0.00410354 -0.0110342)
(-0.0135791 0.00324865 -0.0106032)
(-0.0149625 0.0043729 -0.0102947)
(-0.0143477 0.00295958 -0.0121779)
(-0.0144594 -0.00456431 -0.00706127)
(-0.0135895 0.0037659 -0.00929915)
(-0.0133174 0.00427795 -0.00971095)
(-0.0128379 0.00401908 -0.00863448)
(-0.0133987 0.00298904 -0.00940657)
(-0.0141197 0.00135216 -0.0111868)
(-0.0139217 0.00321374 -0.0113306)
(-0.0147484 0.00228533 -0.0119234)
(-0.0143145 0.00245639 -0.0115958)
(-0.0127047 0.00084289 -0.0105439)
(-0.0123762 0.00137669 -0.0099658)
(-0.0124893 0.00144085 -0.00913112)
(-0.0134024 0.00381447 -0.0085685)
(-0.013058 0.00299771 -0.00897915)
(-0.0134239 0.00230277 -0.00857797)
(-0.0132327 0.000102348 -0.0106855)
(-0.0138604 -0.00351123 -0.00838798)
(-0.0138707 -0.00415348 -0.00864255)
(-0.0149461 -0.00281978 -0.0105403)
(-0.0134246 -0.0016651 -0.00877304)
(-0.0127346 0.00106415 -0.00835552)
(-0.0131868 -0.00356304 -0.00736606)
(-0.0140122 -0.00213016 -0.00871714)
(-0.0134854 -0.00291639 -0.00728833)
(-0.0133958 -0.000286362 -0.00839401)
(-0.0124739 0.000459847 -0.00677451)
(-0.0125559 0.00151898 -0.00667663)
(-0.0132951 -0.000739551 -0.00764503)
(-0.0134442 -0.00065321 -0.00770962)
(-0.0125729 0.00104965 -0.00748957)
(-0.0131572 0.000262167 -0.00817004)
(-0.0161268 -0.0127717 0.00256816)
(-0.0141964 -0.0167353 0.00735494)
(-0.0152052 -0.0155713 0.00559976)
(-0.0160057 -0.0165984 0.00949151)
(-0.0152799 -0.0160842 0.00688155)
(-0.017098 -0.0169271 0.0128408)
(-0.0152351 -0.0170683 0.00898972)
(-0.0174858 -0.0169552 0.0114267)
(-0.0207709 -0.0109903 0.0063964)
(-0.0197667 -0.0117577 0.00704206)
(-0.0225924 -0.0104448 0.00826242)
(-0.0219889 -0.0106849 0.00712164)
(-0.0226878 -0.0107161 0.0098777)
(-0.022602 -0.0117512 0.0107409)
(-0.0220525 -0.0113338 0.00975371)
(-0.0199342 -0.0111855 0.00841943)
(-0.0112411 -0.0196026 0.00917628)
(-0.0108534 -0.0169314 0.00512271)
(-0.0120018 -0.00241758 -0.00423448)
(-0.012719 -0.0028271 -0.00538896)
(-0.0112844 -0.00203605 -0.00443576)
(-0.0141203 -0.0124376 0.00265543)
(-0.015403 -0.0128331 0.00179881)
(-0.0135 -0.010493 4.18345e-05)
(-0.0128817 -0.00967617 -0.000684732)
(-0.0132912 -0.0096434 -0.000585971)
(-0.013383 -0.0105982 0.00114502)
(-0.0145339 -0.0109655 0.000512225)
(-0.0131312 -0.0101137 -0.000445165)
(-0.0131692 -0.00829462 -0.00202992)
(-0.0117284 -0.00372565 -0.00372963)
(-0.0123342 -0.00450005 -0.00394571)
(-0.0116546 -0.00297796 -0.00362508)
(-0.0110569 -0.00105587 -0.00343179)
(-0.0118693 -0.00430773 -0.00338747)
(-0.0130578 -0.00870457 -0.001545)
(-0.0130232 -0.00674768 -0.00244219)
(-0.0132716 -0.00753595 -0.00201117)
(-0.0116103 -0.00171983 -0.00331704)
(-0.0126229 -0.00128779 -0.00268653)
(-0.0111169 -0.00227743 -0.00220623)
(-0.012366 -0.00119115 -0.00252177)
(-0.0116445 -0.00615734 -0.00193929)
(-0.0116923 -0.00325643 -0.00248247)
(-0.0119579 -0.0051453 -0.00210443)
(-0.0224957 -0.00370772 -0.00439713)
(-0.0250121 -0.00331802 -0.00503679)
(-0.0213548 -0.00481695 -0.00494969)
(-0.0166385 -0.00525601 -0.00143295)
(-0.0187924 -0.00383455 0.00103484)
(-0.0250876 -0.00381088 -0.00365768)
(-0.024807 -0.00358917 -0.00137026)
(-0.0185575 -0.00476747 -0.00231842)
(-0.0204657 -0.00459712 -0.00312142)
(-0.0284714 -0.00492738 0.00619963)
(-0.0265114 -0.00669065 0.00851825)
(-0.0276035 -0.00608408 0.00823483)
(-0.0269397 -0.00517009 0.00656941)
(-0.0268429 -0.00547125 0.00671653)
(-0.0275857 -0.00671513 0.00747996)
(-0.025407 -0.0035138 0.00177881)
(-0.0269188 -0.00346786 0.00402037)
(-0.0247817 -0.00348454 0.0041922)
(-0.0244069 -0.00372715 0.00312741)
(-0.0243419 -0.00430811 -0.00646976)
(-0.0239405 -0.00452066 -0.00835985)
(-0.0270016 -0.00377924 -0.00787902)
(-0.0267854 -0.00332965 -0.00720676)
(-0.0242404 -0.00330051 -0.00792347)
(-0.0259253 -0.00318601 -0.00870154)
(-0.0264038 -0.00210161 -0.00780949)
(-0.029632 -0.00234515 -0.00783168)
(-0.0287249 -0.00208822 -0.00694195)
(-0.0281615 -0.00204865 -0.00876306)
(-0.00823872 -0.0100479 0.00291355)
(-0.00746238 -0.011083 0.00254069)
(-0.00649402 -0.0102328 0.0028909)
(-0.00594204 -0.0104245 0.0031782)
(-0.00548059 -0.0113151 0.006668)
(-0.005635 -0.0107545 0.00891209)
(-0.00484292 -0.0108474 0.0129668)
(-0.00583725 -0.0110675 0.0150598)
(-0.00471338 -0.0117649 0.00762208)
(-0.00786974 -0.00928458 0.00565414)
(-0.00862251 -0.010076 0.00383532)
(-0.00813781 -0.0104249 0.00345083)
(-0.0081364 -0.00911721 0.00451031)
(-0.00852274 -0.00959939 0.00308885)
(-0.00904173 -0.00828772 0.00325296)
(-0.0094907 -0.00902304 0.00254363)
(-0.00824649 -0.00792584 0.00597365)
(-0.00797508 -0.00928503 0.00691965)
(-0.00853509 -0.00939542 0.00682292)
(-0.00974558 -0.00614946 0.00884505)
(-0.00909183 -0.00626222 0.00739394)
(-0.00997244 -0.0057849 0.0172977)
(-0.00946929 -0.00831912 0.0145671)
(-0.00657778 -0.00935365 0.00892646)
(-0.00701458 -0.00985924 0.0112204)
(-0.00767431 -0.00919636 0.010493)
(-0.00749723 -0.00922197 0.00864697)
(-0.0109976 -0.0023528 0.0151634)
(-0.00948455 -0.00472311 0.0132912)
(-0.0105061 -0.00384385 0.0146692)
(-0.0105132 -0.00353212 0.015596)
(-0.0113193 -0.00318294 0.0170599)
(-0.0116128 -0.000985804 0.0151555)
(-0.0100777 -0.00533672 0.0180648)
(-0.00918892 -0.00459888 0.0190616)
(-0.0109685 -0.00382743 0.0193536)
(-0.0114286 -0.00194338 0.0196152)
(-0.0111086 -0.00330143 0.0201455)
(-0.00981868 -0.0043797 0.0207665)
(-0.0111545 -0.00149726 0.0206523)
(-0.0100443 -0.00491776 0.0198639)
(-0.0163047 0.00374787 0.00830383)
(-0.0149058 0.00437046 0.00878577)
(-0.015821 0.00376529 0.0100291)
(-0.0150502 0.00465242 0.010945)
(-0.0166947 0.00316569 0.0171196)
(-0.0169087 0.00381868 0.0139892)
(-0.0151196 0.00409507 0.0144637)
(-0.0149279 0.00491526 0.0129191)
(-0.0157081 0.00350991 0.011333)
(-0.0126834 -2.07533e-05 0.0171277)
(-0.0129168 0.00144514 0.0167886)
(-0.0122306 0.000983265 0.0180739)
(-0.0137207 0.00271323 0.0159635)
(-0.0145301 0.00450369 0.0130897)
(-0.0129345 0.00253828 0.0155011)
(-0.0142446 0.00376479 0.0150697)
(-0.0140586 0.00318204 0.0164518)
(-0.0146512 0.00455722 0.0123707)
(-0.0155561 0.003518 0.0141272)
(-0.0145563 0.00339903 0.0163468)
(-0.0150439 0.00470226 0.013165)
(-0.0141009 -0.000609258 0.0200144)
(-0.0133853 0.00110377 0.0183562)
(-0.0158994 0.00205102 0.0162068)
(-0.0146255 0.00239615 0.0166762)
(-0.0132411 -0.000509329 0.0196543)
(-0.0144797 0.00117327 0.0199741)
(-0.0138585 0.00287925 0.0181467)
(-0.00772097 -0.00801211 0.011728)
(-0.00867795 -0.00823485 0.00729882)
(-0.00864374 -0.00916824 0.00997878)
(-0.00804307 -0.00871418 0.00791712)
(-0.00960382 -0.00599382 0.0118396)
(-0.00869094 -0.00642088 0.0122918)
(-0.00882702 -0.00630795 0.00997005)
(-0.00878709 -0.00760384 0.01092)
(-0.00909359 -0.00722023 0.00855097)
(-0.00829965 -0.0074894 0.00864383)
(-0.00814422 -0.0108217 0.00454011)
(-0.00773066 -0.0105106 0.00420384)
(-0.00733616 -0.0103718 0.00755852)
(-0.00659354 -0.0110798 0.00856175)
(-0.00789297 -0.010763 0.00547972)
(-0.00685462 -0.00986604 0.00612748)
(-0.00559961 -0.0101514 0.00705659)
(-0.00653934 -0.0107139 0.00737041)
(-0.00740509 -0.0103069 0.00548858)
(-0.00608683 -0.0105708 0.00592928)
(-0.00609617 -0.010559 0.00461761)
(-0.00719621 -0.0106683 0.00348678)
(-0.00718387 -0.00988823 0.00373103)
(-0.00779542 -0.0107151 0.00307577)
(-0.00685267 -0.00979345 0.0044696)
(-0.00601945 -0.0104855 0.0050874)
(-0.0205858 -0.0122311 0.0108493)
(-0.0206192 -0.0128076 0.00946044)
(-0.0182086 -0.0127938 0.00859186)
(-0.0216422 -0.0138754 0.0110175)
(-0.0179885 -0.0159598 0.00758804)
(-0.0187662 -0.015447 0.0109068)
(-0.0165983 -0.0155836 0.0120646)
(-0.0172154 -0.01646 0.00939625)
(-0.0152417 0.000429503 -0.0135499)
(-0.00874313 -0.00332684 0.000174706)
(-0.00893738 -0.00331424 7.84096e-05)
(-0.00899736 -0.0028907 0.00039771)
(-0.0116734 0.000165693 0.00252423)
(-0.011441 0.000235468 0.00296532)
(-0.00961153 -0.00283883 0.00197822)
(-0.00941014 -0.0031328 0.00110808)
(-0.00906515 -0.00304213 0.00147122)
(-0.00993959 -0.00196577 0.00280916)
(-0.0107057 -0.00136328 0.00354925)
(-0.0115321 -0.000647291 0.00306059)
(-0.0114187 -0.000535864 0.00352159)
(-0.0109143 -0.000764422 0.00122692)
(-0.0108594 -0.000640627 0.00208803)
(-0.0100362 -0.00197065 0.000768727)
(-0.0101445 -0.00117454 0.00106919)
(-0.0128262 0.00344617 0.00212184)
(-0.0131401 0.00401424 0.00172032)
(-0.0128784 0.00256246 0.00181655)
(-0.0132337 0.00336149 0.00162346)
(-0.013659 0.00388744 0.000792939)
(-0.0131096 0.00228428 0.00121053)
(-0.014164 0.00398886 0.000473506)
(-0.0132097 0.00331664 0.000990686)
(-0.0136694 0.00552918 0.000514534)
(-0.0132238 0.00490333 0.00102237)
(-0.0139538 0.0046557 0.00046342)
(-0.0140348 0.00579663 -0.000942082)
(-0.0140276 0.00526772 -0.000550186)
(-0.0136656 0.00595975 -0.000450457)
(-0.0127659 0.00388939 0.00656368)
(-0.0127061 0.00435943 0.00503279)
(-0.0125765 0.00500075 0.00569026)
(-0.0128289 0.00312777 0.00457248)
(-0.0123461 0.00229906 0.00469033)
(-0.0128474 0.0034391 0.00508485)
(-0.0122842 0.00185346 0.00742388)
(-0.0117826 0.000751128 0.00684175)
(-0.0123235 0.00251794 0.00595204)
(-0.0125388 0.00309958 0.00694844)
(-0.0119289 0.00148458 0.00556971)
(-0.0116809 0.000333713 0.00561457)
(-0.0111577 -0.000423369 0.00529783)
(-0.0122394 0.00118949 0.00478968)
(-0.0114883 0.000454425 0.00457215)
(-0.0113696 -0.000472014 0.00481414)
(-0.0126735 0.00686775 0.00177828)
(-0.0121895 0.00663223 0.00104366)
(-0.0125049 0.00612928 -0.00418103)
(-0.0122975 0.00496601 -0.00445852)
(-0.0129125 0.00553371 0.00172681)
(-0.012999 0.00585454 0.000301088)
(-0.0125098 0.00628287 -0.000307424)
(-0.0126245 0.00635897 0.0013481)
(-0.0130563 0.00615794 0.00230275)
(-0.0122201 0.00668939 0.000141091)
(-0.0121628 0.00643787 -0.00196816)
(-0.0122056 0.00674469 -0.000629407)
(-0.0125784 0.00637409 -0.000906248)
(-0.012438 0.00587014 -0.00330246)
(-0.0129587 0.00640509 -0.00161867)
(-0.0135114 0.00638555 -0.00184216)
(-0.0138297 0.00577231 -0.0040613)
(-0.0128816 0.00644198 -0.00228661)
(-0.0118291 -0.00475883 -0.00750285)
(-0.0122902 -0.00554021 -0.00753367)
(-0.0110899 -0.00416744 -0.00712807)
(-0.00937881 -0.00660025 -0.00267984)
(-0.00872474 -0.00585427 -0.00325763)
(-0.00920093 -0.00529117 -0.00482042)
(-0.0102413 -0.0061795 -0.00499627)
(-0.00913563 -0.00633743 -0.00384508)
(-0.0105292 -0.00537727 -0.00608132)
(-0.0119727 0.00392378 -0.00379771)
(-0.0122348 0.00515802 -0.00099422)
(-0.0125301 0.00561135 -0.00111698)
(-0.0122363 0.00415069 -0.00307842)
(-0.0119374 0.00493353 -0.0022191)
(-0.0121671 0.000168876 -0.0039436)
(-0.0118042 0.00268693 -0.00329308)
(-0.0123289 -0.000176034 -0.00424117)
(-0.0115297 0.00141147 -0.00405799)
(-0.0128947 0.00396788 -0.00197972)
(-0.0111299 0.000941525 -0.00306288)
(-0.0116709 0.000218251 -0.00289698)
(-0.0118987 0.00232466 -0.00311641)
(-0.0161508 -0.0105171 0.00232406)
(-0.018352 -0.010404 0.000748234)
(-0.0160763 -0.0102025 0.000371377)
(-0.0172426 -0.0102463 0.000281686)
(-0.0207628 -0.0113217 0.00497401)
(-0.0214851 -0.0106029 0.00454296)
(-0.0189928 -0.0112785 0.00439295)
(-0.0189168 -0.0113695 0.00310765)
(-0.0186681 -0.0104596 0.0025696)
(-0.0214167 -0.0108576 0.00291506)
(-0.023548 -0.00985349 0.0149234)
(-0.0219741 -0.00972272 0.0137427)
(-0.0187813 -0.00929387 0.0161897)
(-0.018923 -0.0103404 0.016209)
(-0.0203376 -0.0150662 0.0161165)
(-0.0189085 -0.0142855 0.0157489)
(-0.0189901 -0.0132432 0.0171216)
(-0.0209663 -0.0122784 0.015729)
(-0.0211142 -0.0101621 0.0142904)
(-0.0223058 -0.0106805 0.0142199)
(-0.0203979 -0.0131948 0.0154365)
(-0.0215932 -0.0121075 0.0158569)
(-0.0196757 -0.00287371 -0.01118)
(-0.0243392 -0.000319254 -0.0112826)
(-0.02359 -0.0012452 -0.0120646)
(-0.0247484 -0.00170753 -0.0102477)
(-0.022944 -0.00209026 -0.0092476)
(-0.0215962 -0.00208473 -0.0101968)
(-0.0190609 -0.00331254 -0.0107415)
(-0.016653 -0.00509732 -0.00911742)
(-0.0216768 -0.0037315 -0.00961725)
(-0.0184066 -0.00552947 -0.00876699)
(-0.0134616 0.00576595 -0.00573208)
(-0.0139494 0.00591079 -0.00630206)
(-0.01412 0.00495218 -0.00827509)
(-0.0139459 0.00564212 -0.00750996)
(-0.0131344 0.00561394 -0.005913)
(-0.0129161 0.00506425 -0.00780998)
(-0.0131208 0.00472845 -0.00773334)
(-0.0135797 0.00523201 -0.00641124)
(-0.0134103 0.00546093 -0.00696)
(-0.0136652 0.00473825 -0.00769789)
(-0.0296015 -0.00771649 -0.002849)
(-0.0290396 -0.00839553 -0.00252017)
(-0.0242785 -0.00851672 -0.00313624)
(-0.0260307 -0.00846122 -0.00253408)
(-0.0227209 -0.00883325 -0.0036359)
(-0.0214453 -0.00913162 -0.00666154)
(-0.0296943 -0.00802611 -0.00573352)
(-0.0274248 -0.00844945 -0.0058008)
(-0.0300485 -0.0085408 -0.00575614)
(-0.0295941 -0.00725069 -0.0046249)
(-0.0228269 -0.00950936 -0.00878637)
(-0.0230405 -0.00944111 -0.00645287)
(-0.0221216 -0.00902049 -0.00783013)
(-0.0243608 -0.00934506 -0.00741208)
(-0.0185315 -0.00883778 -0.00316786)
(-0.017857 -0.00856041 -0.00475737)
(-0.0199755 -0.00922388 -0.00449754)
(-0.0185934 -0.00866981 -0.00514725)
(-0.0143791 -0.00417504 -0.00820563)
(-0.0168903 -0.00786133 -0.00617236)
(-0.016149 -0.00816418 -0.00444562)
(-0.0155298 -0.00596738 -0.00772563)
(-0.0150571 -0.00500126 -0.00812204)
(-0.0155045 -0.00669766 -0.00621449)
(-0.0158783 -0.00557027 -0.00956675)
(-0.0167061 -0.00686143 -0.00780203)
(-0.0150651 -0.00532411 -0.00823071)
(-0.0177615 -0.00824311 -0.00599889)
(-0.0185134 -0.00838877 -0.00636401)
(-0.0168723 -0.00761809 -0.00628059)
(-0.0242136 -0.00894516 0.000827613)
(-0.0238536 -0.00974598 -0.00164682)
(-0.0216976 -0.00955979 -0.000360829)
(-0.0232015 -0.00929943 4.96285e-05)
(-0.0241168 -0.00924155 -0.00125203)
(-0.0148552 -0.00416148 -0.012438)
(-0.017641 -0.00777916 -0.00889307)
(-0.0184785 -0.0081429 -0.00950704)
(-0.0182807 -0.00799333 -0.0107506)
(-0.0170884 -0.00730793 -0.00942999)
(-0.0155035 -0.00509135 -0.0119118)
(-0.0159418 -0.00627936 -0.0112132)
(-0.0165885 -0.00687965 -0.0105466)
(-0.0154535 -0.00624089 -0.0089878)
(-0.015551 -0.00561742 -0.0105838)
(-0.0153181 -0.0049687 -0.0116964)
(-0.0147612 -0.00361737 -0.0117634)
(-0.0189507 -0.00040339 -0.0122094)
(-0.0159192 -0.00182665 -0.0108381)
(-0.0145924 -0.00249806 -0.0107241)
(-0.0255599 -0.0098611 -0.00913186)
(-0.0265946 -0.00912337 -0.00810385)
(-0.0270558 -0.00858496 -0.00742286)
(-0.0147103 -0.00846715 -0.00508472)
(-0.0141861 -0.00791895 -0.00438028)
(-0.0149011 -0.0075267 -0.00480766)
(-0.0192351 -0.0066624 -0.00708343)
(-0.0160339 -0.00845257 -0.00626309)
(-0.0183463 -0.00653169 -0.00560654)
(-0.0185247 -0.00590804 -0.0065112)
(-0.0210452 -0.00522777 -0.00692399)
(-0.0155611 -0.00648674 -0.00522054)
(-0.0219531 -0.00460553 -0.00632135)
(-0.0190174 -0.00516866 -0.00521792)
(-0.0044368 -0.010057 0.00367261)
(-0.00790577 -0.00609927 -0.00020774)
(-0.00844145 -0.00668472 -0.000586027)
(-0.00990765 -0.00590425 0.000122715)
(-0.00857739 -0.0061708 -0.000179957)
(-0.00989721 -0.00591026 -0.00035441)
(-0.0113553 -0.00584549 -9.15241e-06)
(-0.01233 -0.0169161 0.00372102)
(-0.0117868 -0.0150656 0.00263287)
(-0.0103193 -0.012549 0.00136973)
(-0.0133934 -0.0119453 0.00120447)
(-0.0135231 0.00575752 0.0101588)
(-0.0140806 0.00556209 0.00813133)
(-0.0137144 0.00657061 0.00921938)
(-0.0131002 0.00614592 0.0103366)
(-0.0124282 0.00226524 0.0149113)
(-0.0124844 0.00422987 0.0127767)
(-0.0122352 0.00026222 -0.0025684)
(-0.013654 0.00493564 0.000601835)
(-0.0115969 0.000130086 -0.00182887)
(-0.0127745 0.00140154 -0.00171039)
(-0.0125388 0.000276929 -0.00116301)
(-0.0116977 -0.000653541 -0.00179399)
(-0.0127602 -0.013753 0.00253907)
(-0.0126558 -0.0140886 0.00349057)
(-0.0140405 -0.0140302 0.0027687)
(-0.0131651 -0.0140216 0.0037267)
(-0.0133296 -0.0112344 0.000931536)
(-0.0134359 -0.00884528 -0.00128403)
(-0.0125231 -0.0093289 -0.000961557)
(-0.013364 -0.00985931 -0.000412454)
(-0.0138327 -0.0173527 0.0109371)
(-0.0164483 -0.0179333 0.0125906)
(-0.0100421 -0.0091842 -0.000485529)
(-0.0101883 -0.00905594 -0.000469847)
(-0.0104778 -0.0092175 -0.00120044)
(-0.0122019 -0.00940961 -0.00319973)
(-0.0122798 -0.00897951 -0.00411979)
(-0.0124792 -0.00842263 -0.00442939)
(-0.0109849 -0.0091621 -0.00226732)
(-0.0117358 -0.00817614 -0.00445273)
(-0.00897812 -0.00707305 -0.000535755)
(-0.00921941 -0.00770938 -0.000775007)
(-0.0102068 -0.00739899 -0.00260645)
(-0.00930046 -0.00735504 -0.00113391)
(-0.00903886 -0.00581451 0.00488261)
(-0.00927985 -0.00598651 0.00287358)
(-0.00913447 -0.00624229 0.00399359)
(-0.00902839 -0.00618934 0.00310621)
(-0.00898492 -0.00656141 0.00401741)
(-0.00943148 -0.0066702 0.00490031)
(-0.00897321 -0.0065222 0.0024809)
(-0.00917311 -0.00684553 0.0019522)
(-0.00889012 -0.00701749 0.0026259)
(-0.00951003 -0.0072906 0.00330178)
(-0.00929785 -0.00751033 0.00356122)
(-0.00935732 -0.00789893 0.00290175)
(-0.00899139 -0.00757767 0.00145385)
(-0.00927414 -0.00810525 0.00230003)
(-0.0124401 0.00207139 0.011697)
(-0.012533 0.0024062 0.0123283)
(-0.0123524 0.000764536 0.0129671)
(-0.010968 -0.000775756 0.00902495)
(-0.0115737 0.000883586 0.0114116)
(-0.011433 0.000408145 0.010145)
(-0.0098234 -0.00503868 0.010012)
(-0.00989368 -0.00443469 0.0126311)
(-0.0109817 -0.00302605 0.0133672)
(-0.0117364 -0.00207307 0.0136088)
(-0.0102836 -0.00284334 0.00737094)
(-0.0102816 -0.0037719 0.00718256)
(-0.0105674 -0.00199708 0.00851315)
(-0.00980653 -0.00380388 0.00820464)
(-0.0106871 -0.00477569 0.0101068)
(-0.0125509 0.00619181 0.00827726)
(-0.0125842 0.00658586 0.00732447)
(-0.0126473 0.00703735 0.00305054)
(-0.0124597 0.00663996 0.0029455)
(-0.0123737 0.00694033 0.00453657)
(-0.0124293 0.00704381 0.0056967)
(-0.0121495 0.00680083 0.00497995)
(-0.0120972 0.00682151 0.00392805)
(-0.0124239 0.0070202 0.00582411)
(-0.0128033 0.00717949 0.00423323)
(-0.0125366 0.00635451 0.00632122)
(-0.0122628 0.00582932 0.00777823)
(-0.0122693 0.00508522 0.00846751)
(-0.0125874 0.00484857 0.00826875)
(-0.0125495 0.00616651 0.0061341)
(-0.012615 0.00563912 0.00712671)
(-0.0099169 -0.00882638 -0.00186204)
(-0.0102679 -0.00838625 -0.00199632)
(-0.00770862 -0.00858655 -0.000837677)
(-0.00658237 -0.00980216 0.000671494)
(-0.00755231 -0.0109914 0.00200919)
(-0.0067351 -0.0103837 0.00147997)
(-0.00704572 -0.0103162 0.00209888)
(-0.00733022 -0.0103932 0.00135599)
(-0.00783745 -0.00441459 -0.0014885)
(-0.00786941 -0.00461081 -0.00178698)
(-0.00806223 -0.00483565 -0.00232469)
(-0.00789591 -0.00426995 -0.00181056)
(-0.0098515 -0.00677229 0.0186815)
(-0.00930571 -0.00643519 0.0190211)
(-0.00739148 -0.00773235 0.0181241)
(-0.00835073 -0.00795607 0.0186229)
(-0.00678129 -0.00928407 0.0175818)
(-0.00621246 -0.00983968 0.0159004)
(-0.00688328 -0.0100013 0.0161671)
(-0.0077143 -0.00883244 0.017124)
(-0.00714536 -0.00916781 0.015531)
(-0.00797875 -0.00657444 0.0173862)
(-0.00810379 -0.0074833 0.0182567)
(-0.00833116 -0.00898475 0.017339)
)
;
    }
    INLET
    {
        type            calculated;
        value           nonuniform 0();
    }
    OUTLET
    {
        type            calculated;
        value           nonuniform 0();
    }
    procBoundary6to5
    {
        type            processor;
        value           uniform (0 0 0);
    }
    procBoundary6to8
    {
        type            processor;
        value           uniform (0 0 0);
    }
}


// ************************************************************************* //
