/*--------------------------------*- C++ -*----------------------------------*\
| =========                 |                                                 |
| \\      /  F ield         | OpenFOAM: The Open Source CFD Toolbox           |
|  \\    /   O peration     | Version:  v1612+                                |
|   \\  /    A nd           | Web:      www.OpenFOAM.com                      |
|    \\/     M anipulation  |                                                 |
\*---------------------------------------------------------------------------*/
FoamFile
{
    version     2.0;
    format      ascii;
    class       volVectorField;
    location    "150";
    object      wallShearStress;
}
// * * * * * * * * * * * * * * * * * * * * * * * * * * * * * * * * * * * * * //

dimensions      [0 2 -2 0 0 0 0];

internalField   uniform (0 0 0);

boundaryField
{
    WALL
    {
        type            calculated;
        value           nonuniform List<vector> 
1500
(
(-0.0136487 0.00991982 0.0323261)
(-0.0147758 0.00943888 0.0361998)
(-0.00168799 0.00140881 0.00391433)
(-0.00168589 0.00118003 0.00376567)
(-0.00143151 0.00440225 0.00619065)
(-0.00164294 0.00444707 0.00629568)
(-0.00288812 -0.000713004 0.00682526)
(-0.00255019 -0.000408137 0.00528282)
(-0.00135571 0.00369362 0.00567256)
(-0.00150038 0.00330854 0.00538577)
(-0.00195049 0.00249238 0.00525728)
(-0.0017845 0.00296846 0.00543354)
(-0.00159097 0.00319232 0.00546692)
(-0.00167092 0.00344319 0.00571917)
(-0.00237727 0.00238115 0.00636387)
(-0.00260484 0.00243912 0.00713481)
(-0.00266344 -0.00242311 0.00404233)
(-0.00224622 -0.00169967 0.00280298)
(-0.00161868 0.00187935 0.00433103)
(-0.00177356 0.00174798 0.00434974)
(-0.00493746 0.00714367 0.0100233)
(-0.00488199 0.0107002 0.0135785)
(-0.00519658 0.0100744 0.0150596)
(-0.0125714 0.0124428 0.0325905)
(-0.0106692 0.013174 0.0299828)
(-0.00164798 0.00615983 0.0314612)
(-0.0238474 -0.0118896 0.0485328)
(-0.0230019 -0.00576136 0.0442863)
(-0.014717 0.00450645 0.0334722)
(-0.0159505 0.000339813 0.0333719)
(-0.00812068 0.0156258 0.0262997)
(-0.00860425 0.0166215 0.0283851)
(-0.006492 0.0164813 0.0247931)
(-0.0114265 0.0155428 0.0345256)
(-0.0121203 0.01439 0.0327883)
(-0.00263684 -0.00426467 0.00409622)
(-0.0030151 -0.00637852 0.00673902)
(-0.00296309 -0.00489356 0.00622186)
(-0.00286861 -0.00548245 0.00552966)
(-0.00251423 -0.00336795 0.00393738)
(-0.00282928 -0.00381528 0.00491181)
(-0.0015852 -0.000126058 0.0023728)
(-0.00157767 -0.000373832 0.00215525)
(-0.00186188 -0.000366787 0.00284664)
(-0.00176202 -0.000153401 0.00271623)
(-0.00196844 -0.000592749 0.002724)
(-0.00176532 -0.00055358 0.00240102)
(-0.00136887 0.00211289 0.00515855)
(-0.00130396 0.00200902 0.00487424)
(-0.00145006 0.00174077 0.00437105)
(-0.00160303 0.00180676 0.00447951)
(-0.00151681 0.00209274 0.00487857)
(-0.00120796 0.00175103 0.00437325)
(-0.00193063 0.00190234 0.00459639)
(-0.00201868 0.00164471 0.00457689)
(-0.00195243 0.00157885 0.0043989)
(-0.0018368 0.00186103 0.00442344)
(-0.00195573 0.00188305 0.00476026)
(-0.00186782 0.00162305 0.00432461)
(-0.00790304 -0.0161049 0.0275829)
(-0.00692532 -0.0208302 0.026629)
(-0.0087616 -0.0197063 0.025935)
(-0.00343997 0.00562807 0.0234802)
(-0.00441594 0.00798462 0.0238019)
(-0.00315886 0.00427991 0.0221981)
(-0.00413092 0.00602964 0.0194165)
(-0.00354846 0.00429069 0.0190749)
(-0.00449881 0.00712395 0.0203821)
(-0.00316418 0.00552456 0.0111671)
(-0.00374001 0.00661184 0.0133281)
(-0.00375624 0.00671993 0.012773)
(-0.00329116 0.0059881 0.0103988)
(-0.00312273 0.00605464 0.0100925)
(-0.00378078 0.00726223 0.0120025)
(-0.00881875 0.0163165 0.0287794)
(-0.00952511 0.017787 0.0317995)
(-0.00901427 0.0163073 0.0290341)
(-0.00914234 0.016683 0.0294312)
(-0.00869944 0.0160291 0.028883)
(-0.00840412 0.0155095 0.0279952)
(-0.00378711 0.0113063 0.0315938)
(-0.0051613 0.0130036 0.0328329)
(-0.00488149 0.0129691 0.0320612)
(-0.00443613 0.0128947 0.0346649)
(-0.00617825 0.0146024 0.0336509)
(-0.00561192 0.0139154 0.0322681)
(-0.0121707 0.00584632 0.0297688)
(-0.0128004 0.00961543 0.0318416)
(-0.0140652 0.0114026 0.0352209)
(-0.0125204 0.00875769 0.0307483)
(-0.0132342 0.00526282 0.030641)
(-0.0111483 0.00766709 0.0288372)
(-0.0145619 0.00677931 0.0330937)
(-0.013979 0.00751602 0.0332538)
(0.00312963 0.00153968 0.0336187)
(0.00104303 0.00251828 0.02924)
(0.00284769 -0.000455346 0.0314419)
(0.000540033 0.00216341 0.0301081)
(0.00251099 -0.000811207 0.029542)
(0.00071948 0.00491039 0.0345932)
(0.0233414 -0.0160578 0.0373964)
(0.0159078 -0.0107797 0.0391356)
(0.0190203 -0.00780409 0.0440772)
(0.0215809 -0.013952 0.0498596)
(0.0171572 -0.0150979 0.0392847)
(0.0154449 -0.00754031 0.0453709)
(0.005326 -0.013428 0.0224778)
(0.00268222 -0.0128945 0.0182694)
(0.00320272 -0.0122208 0.021152)
(0.00540831 -0.0155024 0.0216979)
(0.00516702 -0.0167196 0.0181742)
(0.00232181 -0.0145127 0.0187438)
(-0.00604135 0.0150689 0.021702)
(-0.00647897 0.0151772 0.0229367)
(-0.00593424 0.0160056 0.0220585)
(-0.00656384 0.0167281 0.0234069)
(-0.00651397 0.0163064 0.0234862)
(-0.00112437 0.00307845 0.00819318)
(-0.00137017 0.00312145 0.00736293)
(-0.00107357 0.0029086 0.00765308)
(-0.00124055 0.00311093 0.00731845)
(-0.00113443 0.00317218 0.00777795)
(-0.00106868 0.00318898 0.00854804)
(-0.000959018 0.00274767 0.0107028)
(-0.00129977 0.00304265 0.0120046)
(-0.00187081 0.00361813 0.0120737)
(-0.0015472 0.00355115 0.00995744)
(-0.00175847 0.0038284 0.0109581)
(-0.000896154 0.00291959 0.00978044)
(-0.00297976 0.00533089 0.0103898)
(-0.00254109 0.00490561 0.00962772)
(-0.00290918 0.00546909 0.010062)
(-0.00297003 0.00530662 0.010881)
(-0.00309501 0.0056219 0.0106241)
(-0.0025411 0.0048615 0.00931026)
(-0.00177451 0.00391954 0.00993811)
(-0.00189694 0.00396476 0.00957177)
(-0.00193404 0.00409807 0.00973259)
(-0.00180073 0.00378235 0.00822427)
(-0.00181525 0.00372728 0.00829891)
(-0.0017654 0.00392606 0.00851239)
(-0.00230858 0.00439513 0.013599)
(-0.00240814 0.00476034 0.0112272)
(-0.00338523 0.0060544 0.0133637)
(-0.00201477 0.00387491 0.0124166)
(-0.00278745 0.00532986 0.0123467)
(-0.00194611 0.0040647 0.0112376)
(-0.00220401 0.0050172 0.00728434)
(-0.00201443 0.00474986 0.00694431)
(-0.00225519 0.0059357 0.00765738)
(-0.0021535 0.00513251 0.00742179)
(-0.00244835 0.00574574 0.00797498)
(-0.00231043 0.00630283 0.00812438)
(-0.00147321 0.00378144 0.00576618)
(-0.00128538 0.00378661 0.00581463)
(-0.00140311 0.00341451 0.00550009)
(-0.00150601 0.00387409 0.00595142)
(-0.00140824 0.00384736 0.00584541)
(-0.00142569 0.00348543 0.00551146)
(-0.0011005 0.0037513 0.00596364)
(-0.00119038 0.00400858 0.00636554)
(-0.00111496 0.00370874 0.00598411)
(-0.00137548 0.00403247 0.00662013)
(-0.00113218 0.00392901 0.00610643)
(-0.00115452 0.00394258 0.00635336)
(-0.00814809 0.0172494 0.0304861)
(-0.00923126 0.0167487 0.0297139)
(-0.00837267 0.016882 0.0296253)
(-0.00818614 0.0160395 0.0283957)
(-0.00923223 0.0174823 0.0303695)
(-0.00922473 0.0176129 0.0306736)
(-0.00961997 0.0160311 0.0303056)
(-0.00905664 0.0161555 0.0302686)
(-0.00908376 0.016049 0.0289872)
(-0.0088245 0.0166135 0.0295945)
(-0.00943151 0.017 0.0311663)
(-0.00940453 0.0159485 0.029648)
(-0.00570929 0.0157629 0.0199527)
(-0.00658093 0.0150445 0.0216729)
(-0.00609506 0.0145446 0.0200093)
(-0.00586273 0.0146768 0.0190682)
(-0.0057056 0.0164552 0.0207041)
(-0.00701227 0.0159892 0.0253069)
(-0.00709526 0.015183 0.0245868)
(-0.00762545 0.0171191 0.0270037)
(-0.00721023 0.0166665 0.0264226)
(-0.00721939 0.0166433 0.0270158)
(-0.00727476 0.0159699 0.0260801)
(-0.00785933 0.0173264 0.0281644)
(-0.00780663 0.0172707 0.0282969)
(0.0128933 -0.0216 0.0212469)
(0.00929837 -0.0232079 0.015416)
(0.00854259 -0.0191809 0.0219806)
(0.00695171 -0.0198043 0.0176803)
(0.0116331 -0.0230874 0.0205474)
(0.00627684 -0.021094 0.0168358)
(0.000318373 -0.00970207 0.0181732)
(0.000872282 -0.00771974 0.0204411)
(-0.00130949 -0.00827789 0.0166099)
(0.00115953 -0.00955137 0.0204307)
(-0.00119763 -0.00719803 0.0170162)
(-0.000788488 -0.00679587 0.0188931)
(-0.00248502 -0.00579065 0.0134772)
(-0.0028085 -0.00639568 0.0107475)
(-0.00308906 -0.00473244 0.012715)
(-0.00274283 -0.00635788 0.0134275)
(-0.00326177 -0.0042839 0.0104276)
(-0.00302276 -0.00446843 0.0103964)
(-0.0167452 0.00885703 0.0407222)
(-0.0186842 0.00546611 0.0442505)
(-0.0203744 0.006993 0.0470997)
(-0.0153702 0.0103364 0.0427097)
(-0.0168271 0.00705031 0.039337)
(-0.018446 0.00439171 0.0405511)
(-0.0194503 -0.000190588 0.0408268)
(-0.0174792 -0.00512079 0.0368258)
(-0.0198302 -0.0060852 0.0376894)
(-0.0177746 -0.00225536 0.0365935)
(-0.0207512 -0.00151184 0.0404847)
(-0.011672 -0.00344826 0.028146)
(-0.0127329 -0.00789871 0.0291109)
(-0.0112196 -0.00477982 0.0299356)
(-0.0146661 -0.0057849 0.0336233)
(-0.0151383 -0.00337337 0.0324391)
(-0.0139089 -0.0028833 0.0314705)
(0.0133125 -0.0125402 0.0326817)
(0.0089842 -0.0132346 0.0267399)
(0.0144853 -0.0161633 0.033358)
(0.0101054 -0.0165006 0.0269627)
(0.00991503 -0.0118371 0.0316775)
(0.0134157 -0.0177516 0.0268928)
(-0.00225666 0.00905363 0.0646055)
(-0.00535791 0.00947414 0.0501502)
(-0.000252533 0.00861538 0.0508777)
(-0.00057669 0.008098 0.0516804)
(-0.00554811 0.0109338 0.0517386)
(-0.000944344 0.00720995 0.033366)
(-0.00245101 0.00856008 0.0323809)
(-0.00263952 0.00998744 0.0340585)
(-0.000522788 0.00625715 0.0317215)
(-0.0018061 0.005345 0.0281117)
(-0.00107757 0.00825729 0.0323701)
(0.0032853 0.00486779 0.038149)
(0.000229713 0.00736762 0.0378918)
(0.00203517 0.00884494 0.0435167)
(0.0035806 0.00583244 0.0422523)
(0.0010835 0.00823713 0.0367516)
(-0.00193726 0.0115444 0.0431101)
(-0.00295473 0.00477954 0.0258562)
(-0.00202129 0.0016325 0.02384)
(-0.00228027 0.00294913 0.0248392)
(-0.000300832 0.00301534 0.0245305)
(-0.00210139 0.00449814 0.0275833)
(0.00694531 0.000159533 0.0401867)
(0.010644 -0.0066457 0.0374234)
(0.0067537 -0.00105791 0.0365995)
(0.00648313 -0.00323994 0.0346452)
(0.00878358 -0.00661458 0.0347224)
(0.0106351 -0.00396265 0.0412665)
(0.0056534 -0.00993279 0.0256746)
(0.00447451 -0.00507615 0.0288596)
(0.00318172 -0.00538463 0.0268198)
(0.00369911 -0.00959109 0.0237438)
(0.00620492 -0.00820348 0.0288235)
(0.0031316 -0.00717285 0.0241941)
(2.7941e-06 0.000548454 0.0261433)
(0.000633826 -0.00203597 0.0262791)
(-0.000277942 -0.00425171 0.0200275)
(-0.00168815 -0.00105778 0.0199257)
(-0.00113731 -0.000506969 0.0207574)
(0.000585363 -0.00432185 0.0227034)
(-0.00931145 0.015204 0.0453003)
(-0.00344648 0.0146008 0.0466252)
(-0.00373341 0.0132652 0.0449719)
(-0.00583203 0.0134352 0.0463499)
(-0.00717729 0.0162422 0.0449955)
(-0.00549943 0.0148015 0.0410687)
(-0.00859877 0.0149936 0.0366639)
(-0.00718589 0.0162873 0.0383787)
(-0.00709735 0.0149523 0.0374396)
(-0.00909604 0.0168981 0.0390175)
(-0.00637625 0.0155469 0.0390795)
(-0.0139488 0.013149 0.0429814)
(-0.0149334 0.0117539 0.0388652)
(-0.0128263 0.0135328 0.0384251)
(-0.011504 0.0140463 0.0375043)
(-0.0090791 0.0152535 0.0410807)
(-0.0128701 0.0143522 0.0427167)
(-0.00858306 0.0129109 0.0261509)
(-0.00774077 0.0118736 0.0246549)
(-0.00916895 0.0126284 0.0266874)
(-0.00883357 0.0141675 0.027478)
(-0.00965738 0.011425 0.0263873)
(-0.00863148 0.012667 0.0258992)
(-0.00837418 0.0175293 0.0331524)
(-0.00793236 0.0168158 0.0344051)
(-0.00620416 0.0147621 0.0305335)
(-0.00731576 0.0158303 0.0313945)
(-0.00775329 0.0158893 0.0297286)
(-0.00844356 0.0160152 0.0307847)
(-0.00434528 0.00699395 0.0141444)
(-0.00397517 0.006367 0.0146844)
(-0.00514194 0.00905291 0.0170606)
(-0.00442839 0.00721387 0.0176031)
(-0.00469463 0.00768266 0.0156851)
(-0.00411187 0.00676952 0.0175007)
(-0.00286232 -0.00079015 0.0190389)
(-0.00344426 -9.63333e-05 0.0180321)
(-0.00199532 0.000425262 0.0164922)
(-0.0031593 0.000411348 0.0179804)
(-0.00243866 0.000663647 0.0163426)
(-0.00192407 -5.6986e-05 0.0167898)
(-0.00171365 0.00330824 0.00633495)
(-0.00157214 0.00312875 0.00594532)
(-0.00163323 0.00292415 0.00556053)
(-0.00147432 0.00305803 0.00572367)
(-0.00167781 0.00336658 0.00604703)
(-0.00156952 0.00321423 0.0061625)
(-0.00173578 0.00278214 0.013699)
(-0.00172776 0.00168761 0.0148204)
(-0.00171417 0.00257083 0.01372)
(-0.00201154 0.00314388 0.0144142)
(-0.00279504 0.00355009 0.0154993)
(-0.00196255 0.00170533 0.0151071)
(-0.00463682 -0.000932626 0.0201366)
(-0.00664627 0.00291246 0.023248)
(-0.00683899 0.00081911 0.0232336)
(-0.00615135 -0.000429781 0.0224986)
(-0.00578291 0.00212089 0.0218656)
(-0.00478555 0.00169697 0.0203064)
(-0.00857237 0.0044683 0.0257436)
(-0.00963199 0.00452143 0.0261335)
(-0.00862743 0.00546723 0.0246835)
(-0.0105598 0.00639953 0.0276797)
(-0.00930459 0.00368734 0.0260277)
(-0.0100499 0.00697999 0.0272619)
(-0.00604332 0.00803371 0.0204148)
(-0.00576088 0.007503 0.0208243)
(-0.00640281 0.00788803 0.0218037)
(-0.00622667 0.00822482 0.0204516)
(-0.00602026 0.00912347 0.0206412)
(-0.0077928 -0.0117951 0.0258174)
(-0.00769075 -0.00702989 0.0257756)
(-0.00426082 -0.00872144 0.0215301)
(-0.00867689 -0.010486 0.025039)
(-0.00537622 -0.00771235 0.0229037)
(-0.00482154 -0.0107639 0.0209596)
(-0.0145267 -0.0244592 0.0305926)
(-0.018363 -0.0233223 0.0397013)
(-0.00673448 0.0145864 0.0192051)
(-0.00607034 0.0128818 0.0172072)
(-0.00624839 0.0126339 0.0177114)
(-0.00589865 0.0126489 0.0159611)
(-0.00680536 0.0131189 0.0170719)
(-0.00628818 0.013466 0.0182059)
(-0.00685775 0.0123565 0.022262)
(-0.00743247 0.0122911 0.0231359)
(-0.00646387 0.011451 0.0206763)
(-0.00661315 0.0105363 0.0211057)
(-0.00731398 0.0104063 0.0225596)
(-0.00785124 0.0110828 0.0239956)
(-0.00224039 0.00419451 0.00718287)
(-0.00339728 0.00541893 0.00842494)
(-0.00258553 0.00440767 0.00738294)
(-0.00292347 0.00495401 0.00801222)
(-0.00246318 0.00445571 0.00768093)
(-0.00289086 0.00506497 0.00817508)
(-0.00200851 0.00402017 0.00681686)
(-0.00171711 0.00405207 0.00684085)
(-0.00159767 0.00362068 0.00609349)
(-0.00165755 0.00373634 0.00641443)
(-0.00177956 0.00374805 0.00643309)
(-0.00131666 0.00351543 0.00588453)
(-0.00137953 0.00357968 0.0061003)
(-0.00404802 0.00565938 0.00839667)
(-0.00348063 0.00519053 0.00818814)
(-0.00440355 0.00686298 0.00985457)
(-0.00451506 0.00632533 0.0087829)
(-0.0040265 0.0060861 0.00927178)
(-0.00671894 0.0124979 0.0143887)
(-0.00646873 0.0122022 0.014825)
(0.000578825 0.000803608 0.00634663)
(0.00119835 0.0001346 0.00683072)
(0.000997345 0.000221365 0.00564691)
(0.0010388 0.000274333 0.00680436)
(0.000339315 0.000772098 0.00535733)
(0.000240487 0.000918719 0.00569027)
(0.00201415 -0.000813465 0.00678659)
(0.00235197 -0.00144772 0.00754607)
(0.00238006 -0.00106223 0.00590799)
(0.00158927 -0.000367074 0.0059586)
(0.00139302 -0.000173211 0.00565684)
(0.00313629 -0.00205635 0.00730363)
(0.00279245 -0.00161427 0.00651462)
(0.00281287 -0.00578172 0.0119846)
(0.00316439 -0.00595106 0.0116568)
(0.00258648 -0.00945217 0.0153305)
(0.00361552 -0.00831663 0.0122082)
(0.00237206 -0.00651273 0.0136337)
(0.00206233 -0.0088158 0.0149569)
(0.000280185 -0.00353966 0.0152153)
(-0.00057954 -0.00161761 0.0160187)
(-0.000799932 -0.00294236 0.0171691)
(0.000606824 -0.00266467 0.0145461)
(-0.000203281 -0.00388442 0.016127)
(8.5854e-05 -0.00162442 0.0142959)
(0.00098951 0.000299501 0.00792376)
(0.00105668 0.000156951 0.00929134)
(0.00102906 0.000186364 0.00912898)
(0.000547466 0.000936864 0.00857766)
(0.000285678 0.0011235 0.00770442)
(0.000652603 0.000887431 0.00755799)
(-0.00133428 -0.00763267 0.0178698)
(0.000546443 -0.00884231 0.016332)
(-0.00107037 -0.00893785 0.0184125)
(-0.000698349 -0.00600876 0.0178946)
(0.00129368 -0.0069766 0.0154985)
(0.00085916 -0.00648435 0.0157229)
(-0.00170856 0.00265772 0.00514718)
(-0.00158453 0.00253919 0.00494956)
(-0.00158743 0.00279787 0.00521798)
(-0.00165651 0.00284877 0.00545434)
(-0.00177913 0.00271269 0.00529174)
(-0.00172259 0.00272091 0.00507362)
(-0.00192476 0.00136651 0.0042465)
(-0.00188397 0.00134618 0.00434663)
(-0.00190524 0.00106986 0.0041189)
(-0.00196784 0.00113488 0.00430135)
(-0.00181138 0.00103355 0.00380678)
(-0.00183268 0.00107556 0.00373618)
(-0.00155064 0.00141293 0.00393112)
(-0.00178081 0.00131534 0.00389164)
(-0.00185574 0.0013627 0.00401487)
(-0.00180503 0.00128622 0.00398558)
(-0.00181344 0.00113832 0.00397345)
(-0.00176839 0.0010414 0.00369514)
(-0.0010482 0.00122143 0.00454756)
(-0.00140864 0.000977734 0.00363755)
(-0.00132683 0.00113709 0.00367317)
(-0.00083125 0.00128011 0.00446636)
(-0.00125107 0.000966225 0.00377423)
(-0.0011913 0.0013195 0.00419646)
(-0.00261363 0.000509507 0.00581164)
(-0.00246583 0.000810845 0.00542306)
(-0.00236209 0.000458508 0.00485095)
(-0.00262134 0.000409193 0.00564682)
(-0.00222506 0.00079763 0.00465063)
(-0.00224853 0.000902996 0.00483978)
(-0.00267879 0.00252898 0.0194719)
(-0.00346753 0.00263383 0.0188319)
(-0.0021509 0.000791152 0.021438)
(-0.00198842 -0.000142799 0.017826)
(-0.00288139 0.000684965 0.0174483)
(-0.0034516 0.00480608 0.0108711)
(-0.00268125 0.00470614 0.00879146)
(-0.00258025 0.00429295 0.0081514)
(-0.00261593 0.00379889 0.00794298)
(-0.0028434 0.00541871 0.0101416)
(-0.0028466 0.00356363 0.00866571)
(-0.00263214 0.00155386 0.0066652)
(-0.00247138 0.00170088 0.0062296)
(-0.00274175 0.00207475 0.00788546)
(-0.00251721 0.00225405 0.00716079)
(-0.00286444 0.00197457 0.00776885)
(-0.00204899 0.0034268 0.00622414)
(-0.00212395 0.00393177 0.00680025)
(-0.00198227 0.00326524 0.00631035)
(-0.0018977 0.00325654 0.00590472)
(-0.00219674 0.00355039 0.00679963)
(-0.00231986 0.00319473 0.00678591)
(-0.00207819 0.00230029 0.00553794)
(-0.00206668 0.00189038 0.00517317)
(-0.0020076 0.00192667 0.00493378)
(-0.00219217 0.00198484 0.00559457)
(-0.00219336 0.0018697 0.00546348)
(-0.00199388 0.00209616 0.00510889)
(-0.00164205 0.00297746 0.00524164)
(-0.00156438 0.00297862 0.00529333)
(-0.00164481 0.00270862 0.00507921)
(-0.00152629 0.00288765 0.00514984)
(-0.00156484 0.00273843 0.00508521)
(-0.00317701 0.00133267 0.00993389)
(-0.00346637 0.00239095 0.0110318)
(-0.00323233 0.00241802 0.00977317)
(-0.00305 0.00169631 0.00887334)
(-0.00362706 0.00146317 0.0117813)
(-0.00031781 0.00122703 0.00567981)
(-1.36298e-05 0.00136972 0.00625066)
(-0.000710182 0.00144805 0.00512114)
(2.33605e-05 0.00125063 0.00609087)
(-0.000415775 0.00165929 0.00592876)
(-0.000591217 0.00148468 0.00522159)
(0.00397967 -0.00367889 0.00700215)
(0.00320888 -0.00236931 0.00677447)
(0.00271874 -0.00162745 0.00581214)
(0.00375166 -0.00321482 0.00667061)
(0.0024478 -0.00139741 0.00546928)
(0.00313726 -0.00218968 0.00571096)
(-0.0013971 -0.000146228 0.00195431)
(-0.00122426 -4.73563e-05 0.00180501)
(-0.00122808 0.00019012 0.00223896)
(-0.00140963 9.20081e-06 0.00214861)
(-0.00130062 -0.000168187 0.00179172)
(-0.00128328 0.000232069 0.00232175)
(-0.000186188 0.000128479 0.00275287)
(-0.000778066 8.2362e-05 0.00216912)
(-0.000959745 1.6902e-05 0.00198538)
(-0.000466131 0.000179297 0.0026971)
(-0.00307736 -0.00491332 0.00772488)
(-0.00328414 -0.00356312 0.00753671)
(-0.00297637 -0.00278956 0.00559392)
(-0.00303118 -0.00436378 0.00670748)
(-0.00315585 -0.00362477 0.00574197)
(-0.00312334 -0.0031425 0.00605751)
(-0.00210519 -0.000576146 0.00377406)
(-0.00272465 -0.00168917 0.00504738)
(-0.00218893 -0.000989816 0.00364993)
(-0.0026378 -0.000902525 0.00505187)
(-0.00243983 -0.000543599 0.00437081)
(-0.00244166 -0.00144367 0.00434461)
(-0.00326586 -0.00108069 0.00851868)
(-0.00276036 0.00012736 0.00642119)
(-0.00312585 -0.000139394 0.0083834)
(-0.00309867 -3.07316e-05 0.00731992)
(-0.00327074 -0.00125896 0.00889583)
(-0.00269998 -9.80007e-05 0.00564652)
(-0.00170448 0.00356296 0.00624516)
(-0.00189387 0.00381575 0.00697967)
(-0.00240035 0.00409613 0.00694218)
(-0.00186167 0.00342193 0.00605571)
(-0.00198509 0.0037723 0.00692507)
(-0.00205876 0.00403982 0.00686052)
(0.00541957 -0.0130634 0.0119759)
(0.00446159 -0.0107456 0.0123892)
(0.00329582 -0.0125256 0.0152536)
(0.00481147 -0.0101758 0.0120845)
(0.00407553 -0.0153364 0.0145327)
(0.00336171 -0.015782 0.0149534)
(0.00601255 -0.0101645 0.00970293)
(0.00516878 -0.00810484 0.00966845)
(0.00495433 -0.00641762 0.00835576)
(-0.000663182 0.00240553 0.00790011)
(-0.000282533 0.00200052 0.00882416)
(-0.000533448 0.00227353 0.00961373)
(-0.000256351 0.00196896 0.00946955)
(-0.000417407 0.0021148 0.00790185)
(-0.000755479 0.00269311 0.00902613)
(-8.68773e-05 0.00171136 0.00790646)
(-0.000116421 0.00161931 0.00733225)
(-0.000360936 0.00206197 0.00743305)
(-0.00054448 0.00195608 0.00669655)
(-0.000548715 0.00184408 0.00661467)
(0.000179166 0.00142648 0.00776297)
(-0.000922214 0.00189514 0.0129892)
(-0.000635992 0.00168407 0.0113249)
(-0.00132773 0.00156629 0.0146461)
(-0.000351973 0.00180924 0.0120639)
(-9.47454e-05 0.000341083 0.0124508)
(-0.000542457 0.00049582 0.0143841)
(0.000358642 0.000431017 0.0121522)
(-0.00908133 0.0159367 0.0302639)
(-0.00920689 0.017777 0.0339601)
(-0.00853962 0.0173374 0.0316118)
(-0.00855493 0.0171264 0.0320269)
(-0.00939338 0.0166002 0.0312503)
(-0.00942646 0.0168401 0.031883)
(-0.0131895 0.0123194 0.0331642)
(-0.0112582 0.0109002 0.029351)
(-0.0127492 0.0124124 0.0328441)
(-0.0111032 0.0126273 0.029978)
(-0.0122719 0.0140015 0.0331477)
(-0.0104934 0.0152329 0.0312981)
(-0.0015386 0.0042787 0.00619362)
(-0.00169 0.00451473 0.00655066)
(-0.0012788 0.004301 0.00611705)
(-0.00133353 0.00409166 0.00591993)
(-0.0010083 0.00409246 0.00605687)
(-0.00103563 0.00407563 0.00604897)
(-0.00116567 0.00440224 0.00625315)
(-0.00107576 0.00420186 0.00604365)
(-0.00132334 0.00440178 0.00616685)
(-0.00149157 0.00447763 0.00633153)
(-0.00168044 0.0047449 0.00663787)
(-0.0123391 0.0154803 0.0370182)
(-0.0123493 0.0133173 0.0341028)
(-0.0123669 0.0132739 0.0344143)
(-0.0121994 0.0150038 0.0374342)
(-0.00947699 0.0148471 0.0289276)
(-0.0101894 0.0127259 0.0281753)
(-0.00911864 0.0143013 0.028282)
(-0.0104914 0.0143312 0.0304253)
(-0.00955054 0.0160435 0.0355106)
(-0.00734655 0.0156694 0.0337343)
(-0.00803724 0.0151698 0.0328364)
(-0.00992821 0.0175916 0.0380149)
(-0.00842322 0.0166379 0.0356653)
(-0.00845289 0.0166306 0.0341508)
(-0.00886665 0.0173417 0.0343902)
(0.000452628 0.000294165 0.0113844)
(0.00055083 0.000391845 0.0111359)
(0.000209281 0.00103131 0.0103858)
(0.000294036 0.000721548 0.0105038)
(0.000332392 0.0011635 0.00974018)
(-0.000150617 0.00148662 0.00970732)
(0.000486084 0.00109382 0.00857005)
(-0.000225336 0.00180855 0.00842033)
(-0.000692172 0.00220487 0.00724133)
(-0.000218616 0.00165925 0.0103835)
(-0.00867234 -0.00206367 0.0266513)
(-0.00861484 -0.00133154 0.0247609)
(-0.0101655 0.000128172 0.0278361)
(0.00421411 -0.00475825 0.00800845)
(0.00514956 -0.00863766 0.0098342)
(0.00568416 -0.011971 0.0111203)
(-0.00179123 -0.0215235 0.0210947)
(0.00130502 -0.0165849 0.0187084)
(0.0012345 -0.0206287 0.0171505)
(-0.00178811 0.00334123 0.00582718)
(-0.00181107 0.00337913 0.00607594)
(6.99185e-05 0.000191611 0.00345695)
(0.000661338 0.000267381 0.00428732)
(0.000360272 0.00025567 0.00352347)
(3.46654e-06 0.000639175 0.00418117)
(0.000478183 0.00053079 0.00445435)
(-0.00084281 0.000796244 0.00345648)
(-0.000593045 0.000839028 0.00377846)
(-0.00139631 -0.000405011 0.00140416)
(-0.00131285 -0.000198159 0.00158576)
(-0.00132306 -0.000248864 0.00152072)
(-0.00331846 0.00608313 0.00982776)
(-0.00311475 0.00553302 0.00956289)
(-0.00297978 0.00504936 0.00845506)
(-0.0028353 0.00485812 0.0083322)
(-0.00259562 0.00448703 0.00747055)
(-0.00352683 0.00456973 0.0112278)
(-0.00314553 0.00281391 0.00992953)
(-0.00344585 0.0042681 0.0120638)
(-0.00319748 0.00374484 0.0118917)
(-0.00341929 0.00299549 0.0123134)
(-0.00374173 0.00488987 0.0165415)
(-0.0035989 0.00465437 0.0142549)
(-0.00132449 0.00324504 0.00527415)
(-0.00146652 0.00315626 0.00531524)
(-0.00158781 0.00307228 0.00533274)
(-0.00167194 0.00228996 0.00466689)
(-0.00177482 0.0024119 0.0048945)
(-0.00172292 0.00266118 0.00509903)
(-0.00148756 0.00317828 0.00554726)
(-0.00145636 0.00320727 0.00566672)
(-0.00145405 0.00307818 0.00528072)
(-0.00149557 0.00298134 0.00526673)
(-0.00147108 0.00311652 0.00541684)
(-0.00147311 0.00304205 0.0053664)
(-0.00178014 0.0026307 0.00514585)
(-0.00176594 0.00266424 0.00523726)
(-0.00188188 0.00264697 0.00532803)
(-0.00174665 0.0028008 0.00522458)
(-0.00190847 0.00219884 0.00489577)
(-0.00202305 0.0025108 0.00544635)
(-0.00196154 0.00234835 0.00521708)
(-0.00238066 0.00438629 0.0078168)
(-0.00200447 0.0042509 0.00698877)
(-0.00166767 0.00309316 0.00554579)
(-0.00161805 0.00332117 0.00558554)
(-0.00187128 0.00345423 0.00599777)
(-0.00184338 0.00309547 0.00569957)
(-0.00178422 0.00328723 0.0057476)
(-0.00194143 0.00304608 0.00579404)
(-0.00184429 0.00281147 0.00551235)
(-0.00281461 0.00264196 0.00806295)
(-0.0032017 0.00240477 0.00954377)
(-0.0029074 0.00273689 0.00909014)
(-0.00245565 0.00196055 0.00654179)
(-0.00258094 0.00417062 0.00804544)
(-0.00238011 0.00389174 0.00734598)
(-0.00260316 0.00331167 0.00746711)
(-0.00299234 0.00308751 0.0089228)
(-0.00278649 0.00332487 0.00839305)
(-0.00328962 0.00362199 0.0103493)
(-0.0032261 0.00312785 0.00965012)
(-0.00267303 -0.00198069 0.00464595)
(-0.00197948 -0.00183194 0.00183358)
(-0.00224915 -0.00873268 0.00486981)
(-0.00277926 -0.00688831 0.00454419)
(-0.00207558 -0.00245786 0.00206801)
(-0.000967188 0.000787926 0.00347188)
(-0.00109124 0.000528838 0.0028123)
(-0.00201306 -8.4301e-05 0.00347268)
(-0.00203096 -0.00012414 0.00348788)
(-0.00238237 -0.000425518 0.0040063)
(-0.00231464 -0.000438598 0.00388493)
(-0.0011834 0.000451493 0.00262448)
(-0.0018268 0.000151638 0.00320788)
(-0.00167313 0.000183612 0.00301526)
(-0.00155699 0.000247241 0.00269219)
(-0.00148484 0.00043382 0.00282825)
(-0.00167605 0.000273806 0.00290742)
(-0.00127937 0.000788614 0.00347204)
(-0.00141479 0.000601573 0.00312379)
(-0.00209512 -0.00185684 0.00209941)
(-0.00195332 -0.00165839 0.00169755)
(-0.00160876 -0.00115827 0.001396)
(-0.00148016 -0.000646235 0.00126394)
(-0.00134033 -0.00041532 0.0013183)
(-0.0013521 -0.000318912 0.0013513)
(-0.00222295 -0.00139468 0.00330481)
(-0.00246413 -0.00172593 0.00411277)
(-0.00237252 -0.00217525 0.0033135)
(-0.00190472 -0.00142496 0.00218693)
(-0.00202014 -0.00120084 0.00285681)
(-0.00179552 -0.000828381 0.00236971)
(-0.00151451 -0.000899741 0.00129948)
(-0.00143806 -0.000678353 0.0012852)
(-0.00164349 -0.000793502 0.00193793)
(-0.00168406 -0.00106853 0.00174212)
(-0.00158194 -0.000605288 0.00176192)
(-0.00135458 -0.000334283 0.00149847)
(-0.00141488 -0.000514215 0.00151265)
(-0.00197335 5.70683e-05 0.00323026)
(-0.0020074 0.000448594 0.00345492)
(-0.00190031 0.000774743 0.00367302)
(-0.00234482 -3.06211e-05 0.00446416)
(-0.00196108 0.000406136 0.00364449)
(-0.00220762 -1.40359e-05 0.00396937)
(-0.00207247 4.82889e-05 0.00344723)
(-0.00184665 0.000772899 0.00368856)
(-0.00185212 0.000308592 0.00321839)
(-0.00184032 0.000452468 0.00319456)
(-0.0017721 0.000277641 0.00317477)
(-0.00147665 0.000615818 0.00311586)
(-0.00160154 0.000505111 0.00316382)
(-0.0016158 0.000459976 0.0031034)
(-0.00152762 0.000701809 0.00320468)
(-0.00170126 0.000688189 0.00328306)
(-0.00141614 0.00106433 0.0034971)
(-0.00147508 0.000776144 0.00331337)
(-0.00141351 0.000808188 0.00320494)
(-0.00172036 0.00108427 0.00370372)
(-0.00178359 0.000910717 0.003614)
(-0.00163258 0.000914054 0.00346067)
(-0.00350441 -5.75251e-05 0.0120362)
(-0.00333205 0.000741425 0.0106109)
(-0.00330393 -0.000779729 0.0131345)
(-0.00322501 -7.78122e-05 0.00992716)
(-0.00301098 -0.000443772 0.0111949)
(-0.003705 -0.000597414 0.0119213)
(-0.00340149 -0.00058401 0.0158038)
(-0.00392982 0.00410374 0.0188637)
(-0.00294534 -0.00108592 0.0156398)
(-0.00199799 0.000794663 0.00409231)
(-0.00208762 0.000511977 0.00406378)
(-0.00220708 0.000454123 0.0045168)
(-0.00204827 0.000871062 0.00421289)
(-0.00220192 0.00111858 0.00488997)
(-0.00209214 0.00110553 0.00463218)
(-0.00225227 0.00156004 0.00532744)
(-0.00235996 0.00173173 0.00573325)
(-0.00323384 0.00131213 0.0098079)
(-0.00303233 0.000802883 0.0083455)
(-0.00284764 0.00108241 0.00768197)
(-0.0029264 0.00138086 0.00808434)
(-0.00312216 0.000111785 0.00873532)
(-0.00308088 0.000633798 0.00774422)
(-0.00295293 0.000449989 0.00681812)
(-0.00287393 0.000415475 0.00656633)
(-0.00263004 0.00107785 0.00679265)
(-0.00231516 0.00127135 0.00553722)
(-0.00251914 0.00138755 0.00631348)
(-0.00268448 0.000840571 0.0064196)
(-0.00227859 0.00111464 0.00528481)
(-0.00252362 0.00077859 0.00560864)
(-0.00331407 0.00112298 0.0164168)
(-0.00335772 0.00063011 0.0149641)
(-0.00343839 0.00184132 0.0126533)
(-0.00332976 6.27994e-05 0.0125617)
(-0.00417522 0.00383003 0.0157729)
(-0.00368488 0.00225615 0.0137794)
(-0.0036086 0.00254373 0.0137614)
(-0.00311777 0.00258772 0.0159542)
(-0.00352387 0.00264447 0.0163249)
(-0.00137551 -0.000706007 0.00128671)
(-0.00146545 -0.0010112 0.00136083)
(-0.00145514 0.00110682 0.00350583)
(-0.00169875 0.00121393 0.00388335)
(-0.000931438 0.00235503 0.00654238)
(-0.00107953 0.00139892 0.00433295)
(-0.00155368 0.00147982 0.00426152)
(-0.00140776 0.00144144 0.00420151)
(-0.00141008 0.0014479 0.00413839)
(-0.000725795 0.00173568 0.00593861)
(-0.000923319 0.0014952 0.00483424)
(-0.000963272 0.00172059 0.00500174)
(-0.000946036 0.0018859 0.00557213)
(-0.00134643 0.001816 0.00485104)
(-0.000976536 0.00220199 0.0059534)
(-0.000708084 0.00200574 0.00593531)
(-0.00100977 0.00198376 0.00565536)
(-0.00170768 0.00165367 0.00422087)
(-0.00166094 0.00309956 0.00552413)
(-0.0016017 0.00279635 0.00505761)
(-0.00152762 0.00303098 0.00534222)
(-0.00153548 0.00303902 0.00540862)
(-0.00160531 0.00238042 0.00473091)
(-0.0016633 0.00183236 0.00428634)
(-0.00165387 0.00272531 0.00558949)
(-0.00157701 0.00251733 0.00517147)
(-0.00149934 0.00281135 0.00574997)
(-0.00151978 0.00294749 0.00570102)
(-0.00144407 0.00275089 0.00542579)
(-0.00187197 0.00284937 0.00534595)
(-0.00153808 0.00263013 0.00516895)
(-0.00159304 0.00265415 0.00500935)
(-0.00163483 0.00235176 0.0046994)
(-0.00155436 0.00231939 0.00461932)
(-0.00180804 0.00221899 0.00478457)
(-0.00159062 0.00219946 0.00469495)
(-0.00166843 0.00262495 0.00527337)
(-0.00157547 0.00257874 0.00529413)
(-0.00180502 0.00223457 0.00473315)
(-0.00166635 0.00210154 0.00451392)
(0.00109504 -0.000193944 0.00454101)
(0.000468336 -2.99798e-05 0.00378391)
(0.00143324 -0.000667694 0.00437907)
(0.00195753 -0.000849437 0.00490126)
(0.000194832 1.22274e-05 0.0028544)
(0.000510518 -9.09087e-06 0.00341815)
(0.0010834 -0.000424499 0.00352631)
(-0.00637943 -0.00523536 0.0250111)
(-0.00267879 -0.00850285 0.0200458)
(-4.59564e-05 0.00153107 0.00715248)
(-0.00148282 0.000230384 0.0155628)
(-0.00107886 -0.00473932 0.018018)
(0.00160872 -0.00412288 0.0139759)
(0.00108643 -0.00484289 0.0153016)
(0.00437241 -0.00649828 0.00957782)
(0.00440743 -0.00527858 0.00837402)
(0.00192102 -0.00437524 0.0137156)
(0.00200272 -0.00627985 0.0142873)
(-0.00359713 -0.0205139 0.0215244)
(-0.00216319 -0.0105068 0.0200578)
(0.00067476 -0.0161751 0.0176761)
(-0.00227052 -0.0163638 0.0229359)
(-0.00288435 -0.0139675 0.0200029)
(-0.00106303 -0.0128331 0.0189848)
(0.00124877 -0.0132794 0.0173493)
(0.00252959 -0.0124531 0.0154565)
(0.000489154 -0.0123615 0.017857)
(0.00124806 -0.010435 0.0170114)
(0.00178709 -0.000934865 0.009501)
(0.00302458 -0.00367213 0.00979893)
(0.00225797 -0.00374654 0.0118358)
(0.00240746 -0.00231773 0.00958873)
(0.00254295 -0.00407267 0.0115128)
(0.00277463 -0.00348617 0.0100854)
(0.00211297 -0.00200677 0.0100554)
(0.00192079 -0.00249932 0.0112171)
(0.00318512 -0.0031011 0.00882452)
(0.00157011 -0.000389904 0.00463077)
(0.000972496 -8.13116e-05 0.00456312)
(0.00223389 -0.000970531 0.00543351)
(0.00306106 -0.00280968 0.00838855)
(0.00347442 -0.00272781 0.00690737)
(0.00384824 -0.00387181 0.0079324)
(0.00372222 -0.00400816 0.00825119)
(0.000515161 0.000954578 0.00666964)
(0.00173704 -0.000602299 0.00833491)
(0.00127182 5.20219e-05 0.00769428)
(0.000164035 0.000603712 0.0043622)
(-0.000331478 0.000959111 0.00444364)
(0.000795816 0.00028942 0.00548946)
(-0.0038501 0.00693957 0.0110089)
(-0.00430705 0.00772753 0.0119204)
(-0.00454385 0.00851695 0.0141389)
(-0.00453513 0.00806757 0.0127278)
(-0.00450688 0.00832312 0.0135175)
(-0.00382363 0.0072266 0.0126397)
(-0.0033593 0.00629354 0.0107018)
(-0.00364859 0.00657272 0.011469)
(-0.00480016 0.00876129 0.0137138)
(-0.00472538 0.00846517 0.0124166)
(-0.0048914 0.00822788 0.0121457)
(-0.00483226 0.00786913 0.0109202)
(-0.00425202 0.00694395 0.0101903)
(-0.00136674 0.00379779 0.00628849)
(-0.00438569 0.00679198 0.00990941)
(-0.00356445 0.00635837 0.00981581)
(-0.00312608 0.00540587 0.00870336)
(-0.00388944 0.00598714 0.00888968)
(-0.00214857 0.00414059 0.00717789)
(-0.00193317 0.00379772 0.00657341)
(-0.00200696 0.00371298 0.00643853)
(-0.0015861 0.00329272 0.00575632)
(-0.0014928 0.00342821 0.00601816)
(-0.00162488 0.00352947 0.00621636)
(-0.00186577 0.00359792 0.00641644)
(-0.00185862 0.00376892 0.00627179)
(-0.00153176 0.00329313 0.00579922)
(-0.00173108 0.00339485 0.00594063)
(-0.00143579 0.00342981 0.00577082)
(-0.00154249 0.00349225 0.00596197)
(-0.00433772 0.00547396 0.0178134)
(-0.00421201 0.00501844 0.0179589)
(-0.0049516 0.00744733 0.0175)
(-0.00548019 0.010994 0.0188729)
(-0.00607642 0.0120973 0.0200786)
(-0.00619081 0.0118473 0.0141213)
(-0.00504678 0.00987668 0.0148525)
(-0.00449626 0.00877671 0.0139566)
(-0.00632718 0.012255 0.0152242)
(-0.00524373 0.00965655 0.017238)
(-0.00483082 0.00914233 0.0154475)
(-0.00533624 0.0110858 0.0156933)
(-0.00400335 0.00839394 0.0115942)
(-0.00358875 0.00821337 0.0107791)
(-0.00307265 0.00761705 0.00973873)
(-0.00275526 0.00692902 0.00903071)
(-0.00603908 0.010682 0.020464)
(-0.00571086 0.0104514 0.0208195)
(-0.00529659 0.0102086 0.0181542)
(-0.00580605 0.0100858 0.0212124)
(-0.00560821 0.00976159 0.0217971)
(-0.00474834 0.00991294 0.023619)
(-0.00484963 0.00872795 0.0218007)
(-0.00563225 0.0105839 0.0240799)
(-0.00639149 0.0114837 0.0224179)
(-0.00545899 0.0100931 0.0219074)
(-0.00565718 0.0105632 0.0231856)
(-0.00604097 0.0114803 0.0245442)
(-0.00742686 0.0134592 0.0250801)
(-0.00683913 0.0121649 0.0222811)
(-0.00721743 0.0136091 0.0254944)
(-0.00860968 0.0152956 0.0255623)
(-0.00903512 0.0156365 0.0254371)
(-0.00772392 0.0143977 0.0273109)
(-0.00823153 0.015503 0.0273426)
(-0.00880913 0.0164208 0.0286798)
(-0.00815953 0.0150251 0.0278928)
(-0.00701155 0.0130534 0.0262899)
(-0.00664306 0.0123271 0.0258577)
(-0.0049928 0.0108868 0.0257459)
(-0.00534336 0.0114005 0.0272883)
(-0.00422226 0.00948461 0.0123785)
(-0.00532339 0.0123693 0.0134884)
(-0.00669084 0.0140148 0.0170226)
(-0.00650963 0.0124282 0.0172544)
(-0.00544491 0.00997754 0.0173176)
(-0.0050883 0.0103227 0.0148291)
(-0.00674255 0.0122037 0.0204307)
(-0.00617984 0.0111133 0.0176769)
(-0.00652628 0.0128661 0.0176218)
(-0.00721797 0.0128203 0.0174605)
(-0.00805093 0.0141974 0.0208754)
(-0.00795898 0.0140099 0.0232595)
(-0.00846688 0.0147103 0.0239759)
(-0.00881383 0.0156613 0.0242521)
(-0.00744694 0.0133748 0.0217559)
(-0.00849127 0.0154814 0.0214139)
(-0.027241 -0.0211981 0.0556158)
(-0.024593 -0.0214703 0.042099)
(-0.00516144 0.00884737 0.0176369)
(-0.00500462 0.00766546 0.017124)
(-0.00512371 0.00884606 0.0170242)
(-0.0053459 0.00947457 0.0182751)
(-0.00636856 0.0104761 0.020374)
(-0.0067855 0.00932812 0.0219409)
(-0.00763649 0.00931743 0.0233438)
(-0.00816524 0.000556278 0.0247859)
(-0.00524994 0.00687272 0.0200399)
(-0.00452904 0.00369038 0.0196024)
(-0.00382704 0.00499514 0.0175386)
(-0.00428038 0.00469509 0.0186797)
(-0.0034815 0.00302939 0.0180191)
(-0.00967117 0.00130551 0.0258743)
(-0.0086414 0.00177683 0.0245931)
(-0.0108648 0.00279483 0.027884)
(-0.0038887 0.00100877 0.0195338)
(-0.00160785 0.00127453 0.015087)
(-0.00280304 0.00233897 0.0165274)
(-0.00488454 0.00924304 0.0153809)
(-0.00388765 0.00797248 0.0119557)
(-0.00829365 0.016035 0.0292183)
(-0.00879791 0.0161299 0.0288074)
(-0.00649568 0.0135801 0.0299536)
(-0.00432222 0.00581705 0.0182938)
(-0.005181 0.00910399 0.0214626)
(-0.00467212 0.00789639 0.0191495)
(-0.00414594 0.00593157 0.0134856)
(-0.00454308 0.0082521 0.015033)
(-0.00477919 0.0104144 0.0271312)
(-0.0041503 0.00834886 0.024745)
(-0.00488446 0.00963637 0.0267174)
(-0.00437232 0.0117344 0.0298622)
(-0.00479818 0.0114876 0.0305806)
(-0.00837406 0.0171222 0.0311066)
(-0.00590387 0.0132412 0.0282202)
(-0.00702104 0.015556 0.0329556)
(-0.00751218 0.014281 0.0283323)
(-0.00850362 0.0153035 0.0278131)
(-0.00949527 0.0168093 0.0301185)
(-0.00877288 0.0155521 0.0286093)
(-0.00726797 0.0141617 0.0277015)
(-0.00653973 0.0148211 0.0322345)
(-0.00744814 0.0156579 0.0339139)
(-0.00855327 0.00894257 0.0253894)
(-0.00956854 0.00856608 0.0261733)
(-0.0103984 0.0133177 0.0293732)
(-0.0087828 0.00993703 0.0256529)
(-0.007965 0.0104581 0.0242496)
(-0.00782059 0.00901022 0.0233284)
(-0.00945153 0.0107937 0.0269371)
(-0.00893783 0.0148961 0.0284587)
(-0.00788397 0.0124211 0.0240552)
(-0.0100893 0.0102412 0.0270509)
(-0.0106786 0.00939837 0.0284474)
(-0.0106225 0.0108913 0.0297561)
(-0.0114835 0.0118758 0.0303768)
(-0.0101637 0.0114882 0.0282357)
(-0.0109125 0.00982629 0.029436)
(-0.0140302 0.0117852 0.0356708)
(-0.0143391 0.0125064 0.0379791)
(-0.0140131 0.0140297 0.0387968)
(-0.0117998 0.0158318 0.0392447)
(-0.00944607 0.0156848 0.0399909)
(-0.00632356 0.0149556 0.0335878)
(-0.00948876 0.0171212 0.0377391)
(-0.00278677 0.0034041 0.0218198)
(-0.00212149 0.00142076 0.0228639)
(-0.00337794 0.0067484 0.0260629)
(-0.00318556 0.00749092 0.0269777)
(-0.00387612 0.00940311 0.0299707)
(-0.00314262 0.00776578 0.0288839)
(-0.00429404 0.0110624 0.0334374)
(0.00674872 0.00249945 0.0410009)
(0.00539065 0.00374063 0.0471487)
(-0.00266463 0.0108819 0.0364516)
(-0.00147902 0.0110117 0.0346661)
(-0.00394475 0.0139435 0.0405209)
(-0.00098638 0.0115933 0.0392727)
(-0.00660519 0.0152927 0.0358691)
(-0.0043668 0.0137419 0.0347403)
(-0.00416624 0.0125902 0.0351105)
(-0.00320573 0.0110276 0.0329967)
(-0.00388482 0.0137615 0.0366539)
(-0.0065451 0.0160839 0.0371094)
(-0.00556884 0.0149589 0.0375439)
(-0.00529319 0.0150001 0.0405506)
(0.00763043 0.00429189 0.048831)
(0.00412231 0.00550545 0.0640607)
(0.00861519 -0.0086069 0.0308067)
(0.0140394 -0.0211892 0.0270276)
(0.0182231 -0.0224855 0.0251616)
(0.0178639 -0.0262944 0.0254269)
(0.0230014 -0.0275702 0.0222109)
(0.0242118 -0.027736 0.0308266)
(0.00362312 0.00349527 0.060597)
(0.0107381 -0.00212328 0.0585057)
(0.0163063 -0.00959505 0.0575752)
(0.0141577 -0.00458279 0.0533951)
(0.0057518 -0.00582593 0.0695409)
(-0.0264232 -0.0138748 0.0568376)
(-0.0257618 -0.0118152 0.06939)
(-0.00823081 0.0134377 0.0517055)
(-0.0117365 0.0132979 0.053565)
(-0.0141439 0.0130348 0.0463643)
(-0.0112022 0.0145425 0.0459877)
(-0.0142402 -0.0179954 0.0307122)
(-0.0124966 -0.0198515 0.0329441)
(-0.0119102 -0.0149682 0.0306739)
(-0.0193873 -0.0190272 0.035289)
(-0.0226202 -0.0183149 0.0438735)
(-0.0170351 -0.0161253 0.0364993)
(-0.0253513 -0.0133769 0.0478416)
(-0.0274226 -0.0121938 0.0576127)
(-0.0236099 -0.00455283 0.0513857)
(-0.0130649 -0.012544 0.0294722)
(-0.0120928 -0.0101141 0.0307724)
(-0.00775588 -0.00426052 0.0257997)
(-0.00919182 -0.00219949 0.0278389)
(-0.00876317 -0.00693448 0.0254328)
(-0.0100426 -0.00222525 0.0274474)
(-0.0108749 -0.000601901 0.0279897)
(-0.0239899 -0.00451831 0.0510045)
(-0.0153717 -0.0106622 0.0340522)
(-0.0158865 -0.00750875 0.032702)
(-0.0231751 -0.0135934 0.0397624)
(-0.0204508 -0.0104926 0.0416796)
(-0.0172819 -0.0123901 0.0337573)
(-0.0226892 -0.00601187 0.0453114)
(-0.0165389 0.00597328 0.0378037)
(-0.0163858 0.00336593 0.0372055)
(-0.0163707 -0.00241438 0.0345272)
(-0.0159714 0.00463063 0.0344921)
(-0.0124521 0.00285913 0.0294759)
(-0.013499 0.00371802 0.0312131)
(-0.0123059 0.00135919 0.0307974)
(-0.0136087 -0.000813776 0.030184)
(-0.0151265 0.00207446 0.0345706)
(-0.014349 0.0129338 0.0492554)
(-0.0174799 0.00964218 0.0529596)
(-0.0163834 0.0113476 0.0445704)
(-0.0171678 0.00336258 0.0375733)
(-0.0168195 0.00647105 0.0379521)
(-0.0140772 0.0116023 0.0394593)
(-0.0148629 0.0106226 0.0375148)
(-0.0150272 0.00914516 0.03626)
(-0.0205297 0.00137372 0.0457012)
(-0.0218823 0.00229449 0.0503987)
(-0.0209741 0.0014235 0.0464192)
(-0.0191871 0.00680189 0.0479599)
(-0.00354673 -0.00217143 0.015747)
(-0.00347059 -0.00247909 0.0115498)
(-0.0027037 -0.00396637 0.0126713)
(-0.00313904 -0.00297547 0.0123921)
(-0.00293394 -0.00188794 0.00600894)
(-0.0031079 -0.00217484 0.00676648)
(-0.00322439 -0.00282763 0.0077277)
(-0.00330785 -0.00284133 0.00966543)
(-0.00327619 -0.00287447 0.00831758)
(-0.00330841 -0.00370831 0.00839107)
(-0.003229 -0.00290741 0.0105153)
(-0.00302415 -0.00395654 0.0118057)
(-0.00320542 -0.00342491 0.00951715)
(-0.00311655 -0.00541217 0.0102204)
(-0.00302818 -0.00686105 0.0107496)
(-0.00233475 -0.00991638 0.00785209)
(0.000334531 -0.0163248 0.010389)
(-0.000895679 -0.0143542 0.00751781)
(-0.00135895 -0.0124154 0.00812513)
(0.00136059 -0.0176552 0.0104567)
(-0.000743222 -0.0134272 0.0103303)
(0.00145499 -0.00657142 0.0227597)
(-0.00221343 -0.00470642 0.0149533)
(-0.00180673 -0.0080506 0.0144726)
(-0.00224421 -0.00610872 0.0156876)
(0.00486336 -0.0206162 0.0132078)
(0.00212104 -0.0183744 0.0140938)
(-0.00186921 -0.0110478 0.0117985)
(-0.000295987 -0.0138705 0.012163)
(-0.00142349 -0.0112979 0.0117951)
(-0.00227362 -0.00917784 0.0108801)
(-0.00193591 -0.00892258 0.0137738)
(-0.00209279 -0.00884164 0.0107547)
(-0.00756735 0.0138637 0.0243366)
(-0.00705798 0.0137842 0.0226703)
(-0.00753097 0.0141069 0.0239908)
(-0.00581956 0.0119565 0.0187613)
(-0.0056902 0.0112983 0.0186474)
(-0.00610014 0.0133001 0.0205901)
(-0.00647586 0.0141041 0.0210615)
(-0.00654846 0.0139714 0.0216489)
(-0.00743476 0.0143242 0.0224528)
(-0.00638466 0.013632 0.0194312)
(-0.00557988 0.0139914 0.0176989)
(-0.0082134 0.0146497 0.0260771)
(-0.00815893 0.015891 0.0272555)
(-0.00804293 0.0157893 0.0266525)
(-0.00736864 0.0140697 0.0245984)
(-0.00955083 0.0160462 0.0294424)
(-0.00879817 0.0135577 0.0256132)
(-0.00810125 0.0142103 0.0258777)
(-0.00996229 0.0158453 0.0299551)
(-0.00945132 0.014833 0.0280551)
(-0.00854763 0.0181506 0.0323753)
(-0.00916286 0.0166759 0.0304796)
(-0.00140884 0.00314881 0.0054172)
(-0.00144066 0.00311317 0.00524158)
(-0.001342 0.00327618 0.00555564)
(-0.00140911 0.00327943 0.00556302)
(-0.00196665 0.00517818 0.00723884)
(-0.00152754 0.00367197 0.00581991)
(-0.00156439 0.00406818 0.00602944)
(-0.00277418 0.00536361 0.0089069)
(-0.00259688 0.00465827 0.00812042)
(-0.00311051 0.00715375 0.0102435)
(-0.00299234 0.00523009 0.00911966)
(-0.00327213 0.00643512 0.00963092)
(-0.00356229 0.00697366 0.0110256)
(-0.00224473 0.00471227 0.00759138)
(-0.00275065 0.00534985 0.00895268)
(-0.00250437 0.00610655 0.00863343)
(-0.00155624 0.00308188 0.00598303)
(-0.00162749 0.0033559 0.00637909)
(-0.00145774 0.00307473 0.00610067)
(-0.00163457 0.00316996 0.0059959)
(-0.00242916 0.00460127 0.00819894)
(-0.0020886 0.00413082 0.00773541)
(-0.00217294 0.00407662 0.00747859)
(-0.00206037 0.00386289 0.00722972)
(-0.00197632 0.00373909 0.0068741)
(-0.00164593 0.00357142 0.00700805)
(-0.00152017 0.00336589 0.006667)
(-0.00389885 0.00578267 0.015591)
(-0.00311773 0.00521196 0.0144597)
(-0.00166694 0.0036792 0.00737214)
(-0.00170219 0.00352397 0.00714917)
(-0.00167948 0.00341742 0.00680099)
(-0.00442418 0.0075925 0.0157109)
(-0.00487582 0.00889062 0.0155614)
(-0.00428358 0.00755921 0.0136834)
(-0.0042748 0.00809305 0.0138843)
(-0.00434498 0.00730224 0.0152571)
(-0.00395314 0.00601117 0.0153427)
(-0.00383033 0.00622097 0.0154595)
(-0.0037956 0.00679981 0.0135334)
(-0.00344215 0.00606203 0.0129373)
(-0.00361138 0.00589862 0.0135039)
(-0.00311905 0.00569171 0.0103314)
(-0.00274475 0.00498664 0.00874588)
(-0.00304143 0.00551394 0.00951441)
(-0.00314371 0.00561871 0.0118688)
(-0.0033477 0.00634086 0.0117187)
(-0.00236164 0.00447306 0.00852201)
(-0.002319 0.0045218 0.00878974)
(-0.0019424 0.00428406 0.00835552)
(-0.00217107 0.00432637 0.00849189)
(-0.0021737 0.00449012 0.0106589)
(-0.0032015 0.0057297 0.0123256)
(-0.00181144 0.00394594 0.0109994)
(-0.00188711 0.00340468 0.0125887)
(-0.00145776 0.00269599 0.012855)
(-0.000649235 0.00236265 0.0106142)
(-0.00136338 0.00367581 0.00943754)
(-0.00148521 0.00304251 0.00650087)
(-0.00143492 0.00326491 0.00689522)
(-0.00160523 0.00336583 0.00761951)
(-0.000904152 0.00283905 0.00902211)
(-0.00105018 0.00259719 0.00638405)
(-0.000721716 0.00242594 0.00684957)
(-0.000771076 0.00262262 0.00742903)
(-0.00161118 0.00280979 0.0061374)
(-0.00150827 0.00292048 0.00641533)
(-0.00129382 0.00271686 0.00608556)
(-0.00117393 0.00272454 0.00645046)
(-0.0018798 0.0043855 0.00660842)
(-0.00213594 0.00466414 0.00705369)
(-0.00170811 0.00382633 0.00613112)
(-0.00187756 0.00405527 0.00641909)
(-0.00208696 0.00423068 0.00675676)
(-0.00166896 0.00402267 0.00616602)
(-0.00185238 0.00378206 0.00621057)
(-0.00188352 0.00418408 0.00648738)
(-0.00126715 0.00390888 0.00581193)
(-0.00118561 0.0038947 0.00595353)
(-0.00113136 0.00375663 0.00590434)
(-0.0011314 0.00370436 0.00572987)
(-0.00128306 0.00358344 0.00574689)
(-0.0012614 0.00371798 0.00601423)
(-0.00154889 0.00361291 0.0060504)
(-0.00121857 0.00344276 0.00556585)
(-0.00118468 0.00371015 0.00563762)
(-0.00113416 0.00357885 0.00557335)
(-0.00140295 0.00316542 0.005278)
(-0.0012968 0.00341142 0.00556492)
(-0.00136322 0.0033318 0.00553222)
(-0.00130684 0.00322549 0.00521954)
(-0.00139778 0.00344372 0.00553894)
(-0.00800887 0.0160282 0.0270287)
(-0.0082225 0.0165907 0.0281281)
(-0.00815238 0.01778 0.0297646)
(-0.00869641 0.0167987 0.0288743)
(-0.0084162 0.0166897 0.0293676)
(-0.00819621 0.0171111 0.0294888)
(-0.00795581 0.0157344 0.0274711)
(-0.00732544 0.0171335 0.0277494)
(-0.00889242 0.0165622 0.0290695)
(-0.00859345 0.0155763 0.0277845)
(-0.00779477 0.015986 0.0275581)
(-0.0089003 0.0170203 0.0290944)
(-0.00620753 0.0155323 0.0211691)
(-0.00751592 0.0149718 0.0247821)
(-0.00741612 0.0147527 0.0240248)
(-0.00677729 0.0159494 0.0243673)
(-0.00682309 0.0158805 0.0242013)
(-0.00603656 0.0128311 0.0199387)
(-0.0066098 0.0145395 0.021946)
(-0.00661565 0.0138136 0.0220148)
(-0.0064404 0.0140567 0.0217241)
(-0.000157138 -0.0111797 0.014197)
(0.000227722 -0.0109545 0.0177294)
(-0.000391591 -0.0125586 0.0144117)
(0.000890426 -0.0151773 0.0144778)
(0.00295051 -0.0173134 0.014509)
(0.00131768 -0.0145879 0.0153045)
(0.00911336 -0.0172094 0.0218539)
(0.00434294 -0.0180387 0.0176485)
(0.006513 -0.0123952 0.0254722)
(0.00281736 -0.0103207 0.0220234)
(-0.0152346 0.00878747 0.0519627)
(-0.00766767 0.0107364 0.058313)
(-0.0122364 0.0108754 0.0517289)
(-0.020718 -0.00273092 0.0588701)
(-0.0233535 -0.00284662 0.0583391)
(-0.0190322 0.00311195 0.0529166)
(-0.0194317 0.00412017 0.0547591)
(-0.0101859 0.00646415 0.0548398)
(-0.00582769 -0.00421043 0.0682979)
(-0.0191586 -0.00121254 0.0695075)
(-0.013438 -0.0041424 0.0624659)
(-0.0147816 0.00377976 0.0568138)
(0.000181771 0.000404448 0.0603003)
(-0.0130809 0.00247553 0.06626)
(-0.00313109 0.00110701 0.0631177)
(0.000694331 0.00181156 0.0620278)
(-0.00301798 0.00668497 0.0630298)
(0.010065 0.000132194 0.0448922)
(0.00721971 0.0015782 0.0552751)
(0.0111289 -0.00285104 0.0427108)
(0.0241578 -0.0225554 0.0297605)
(0.0192279 -0.0216874 0.0321583)
(0.0128012 -0.0103249 0.0376092)
(0.018973 -0.0178811 0.0321497)
(0.0235045 -0.0149172 0.0553564)
(0.013009 -0.00360747 0.0499626)
(0.0158712 -0.00552654 0.0583097)
(0.0190504 -0.00852636 0.0519109)
(0.0233605 -0.0212036 0.0409487)
(0.0233279 -0.0136707 0.0443624)
(0.00177938 0.00909541 0.0474292)
(0.00113386 0.00870334 0.0465961)
(-0.00191986 0.0109816 0.0500585)
(0.00425611 0.00672386 0.0531782)
(0.00627308 0.00519226 0.0447564)
(0.00159336 0.00564295 0.0351288)
(0.00366019 0.002263 0.0367732)
(0.00495364 -0.00365166 0.0315299)
(0.00116106 0.000669588 0.0281483)
(0.00216017 -0.00235884 0.028869)
(-0.0106107 0.00461244 0.0273065)
(-0.0103906 0.0073223 0.0277496)
(0.0163059 -0.0263776 0.0187867)
(-0.00325391 -0.00549165 0.0204319)
(-0.0050362 -0.00384955 0.0233827)
(-0.00189548 -0.00516098 0.0185514)
(-0.00220458 -0.00178395 0.0187471)
(-0.003143 -0.00170069 0.0197103)
(-0.00615211 -0.00131203 0.0235762)
(-0.00673452 -0.00292319 0.0225768)
(-0.00424929 -0.000714902 0.0204017)
(-0.00397149 -0.0013163 0.0208062)
(-0.00787464 0.00779117 0.0241057)
(-0.00649736 0.00622113 0.0218132)
(-0.0070303 0.00806907 0.0229358)
(-0.00731157 0.00481068 0.0235389)
(-0.00728981 0.00284298 0.0232024)
(-0.00748145 0.00599382 0.0232839)
(-0.00588488 0.00408989 0.020797)
(-0.00430339 0.00386466 0.0187139)
(-0.00487401 0.00332919 0.0195512)
(-0.00579929 0.00322262 0.021537)
(-0.0050044 0.0050339 0.0195981)
(-0.00586023 0.00599101 0.0213216)
(-0.00394814 -0.0109926 0.0219069)
(-0.00902763 -0.0149476 0.0258398)
(-0.00449786 -0.0167644 0.022368)
(-0.00392627 0.00972691 0.010762)
(-0.00508982 0.0111518 0.0126694)
(-0.0022635 0.00414035 0.00697941)
(-0.00316219 0.00495518 0.0082091)
(-0.00249384 0.00428811 0.00727346)
(-0.00277522 0.00437405 0.0071613)
(-0.00334585 0.00517382 0.00808753)
(-0.00270263 0.00447958 0.00752268)
(-0.00238975 0.00434821 0.00737228)
(-0.0018558 0.00379408 0.00664842)
(-0.00221423 0.00404813 0.00681722)
(-0.00215272 0.00409841 0.00710342)
(-0.00195707 0.00387879 0.00665827)
(-0.00509777 0.00894792 0.0126463)
(-0.0049676 0.00962445 0.0127108)
(-0.00488538 0.00751968 0.0102314)
(-0.00452778 0.00706609 0.00999731)
(-0.00496076 0.00864018 0.0116664)
(-0.00490701 0.00801434 0.0112962)
(-0.00522614 0.00876897 0.011754)
(-0.00518485 0.00962023 0.0121519)
(-0.0064133 0.0117896 0.0131909)
(-0.00529991 0.0082838 0.0105488)
(0.00172172 -0.000521632 0.00725615)
(0.00188785 -0.000836947 0.00808825)
(0.00232068 -0.00175883 0.00846977)
(0.00259812 -0.00194503 0.00829456)
(0.00374546 -0.00803746 0.0124334)
(0.00353359 -0.00512405 0.0101264)
(0.00356339 -0.00495054 0.00969425)
(0.00409747 -0.00655809 0.0100183)
(0.000435511 -0.00080001 0.0128829)
(0.000660594 -0.000499594 0.0125076)
(0.00158185 -0.0021041 0.0114822)
(0.00081319 -0.000701668 0.0122948)
(0.00104243 -0.002059 0.0130014)
(0.00136434 -0.00257178 0.0130022)
(0.00100229 -7.2106e-05 0.0103971)
(0.00119716 -0.000690188 0.0107999)
(0.00149396 -0.000717849 0.00970887)
(0.00152873 -0.00124403 0.0104762)
(-0.00166324 0.00212596 0.0045487)
(-0.00180911 0.0020472 0.0045695)
(-0.00184351 0.00189911 0.00444393)
(-0.00202339 0.0018176 0.00494014)
(-0.00216183 0.001475 0.00487082)
(-0.00206783 0.00133452 0.00472477)
(-0.00197778 0.0014027 0.00455668)
(-0.00187467 0.00156031 0.00430006)
(-0.00176597 0.00217972 0.00473393)
(-0.00176877 0.00220243 0.00475141)
(-0.00194164 0.00206327 0.00481696)
(-0.00200648 0.00201445 0.00492526)
(-0.00146715 0.00151584 0.00407623)
(-0.00115287 0.00189529 0.00496775)
(-0.00140571 0.00167482 0.00429066)
(-0.00127138 0.00181064 0.00485247)
(-0.00148244 0.00144505 0.00394345)
(-0.00127024 0.00241463 0.00593348)
(-0.00123543 0.00206617 0.00504035)
(-0.00118652 0.00239632 0.00578569)
(-0.00176692 0.0018414 0.00434327)
(-0.00180859 0.00162487 0.00421485)
(-0.0016618 0.0016718 0.00423686)
(-0.00124275 0.00242965 0.00562158)
(-0.00141915 0.0023318 0.00542199)
(-0.00135577 0.00233214 0.00513709)
(-0.00176814 0.00217155 0.00494484)
(-0.00149719 0.00208958 0.00474252)
(-0.00172177 -0.00477308 0.0162283)
(-0.000854526 -0.00525762 0.0185981)
(-0.00311091 0.000360207 0.0194575)
(-0.00240897 -0.00296864 0.0158015)
(-0.00259601 -0.00163047 0.0185881)
(-0.00218612 -0.000506037 0.00336028)
(-0.00218037 -0.000891954 0.00328259)
(-0.00154707 2.59193e-05 0.0023898)
(-0.00152465 -0.000368942 0.00196759)
(-0.00254286 -0.00473616 0.003601)
(-0.00266631 -0.0057408 0.00481521)
(-0.00266822 -0.00849716 0.00801198)
(-0.00232189 -0.0100637 0.00863141)
(-0.00293583 -0.00696021 0.00583466)
(-0.00282019 -0.00309016 0.00465734)
(-0.0029059 -0.00711854 0.00828227)
(-0.00299736 -0.0055451 0.0069757)
(-0.00262056 -0.00842438 0.00872719)
(-0.00294518 -0.00729353 0.00893621)
(-0.00226812 -0.0024651 0.00256568)
(-0.00250994 -0.00370775 0.00359609)
(-0.00227792 -0.00284112 0.00265644)
(-0.00248788 -0.0027969 0.0032168)
(-0.00277948 0.00239436 0.00765709)
(-0.00236417 0.00310034 0.00683191)
(-0.00243499 0.00296108 0.00722566)
(-0.00235505 0.00249337 0.00654968)
(-0.00219234 0.00235686 0.005954)
(-0.00214522 0.00240888 0.00577958)
(-0.0022453 0.00300098 0.00632513)
(-0.00234872 0.00260744 0.00633702)
(-0.00199682 0.0027497 0.00567713)
(-0.00200486 0.00263176 0.00559185)
(-0.000834914 0.00110654 0.00429224)
(-0.000462932 0.00103633 0.00442257)
(-0.000329362 0.00122186 0.00530534)
(-0.00136488 -0.000735704 0.00109335)
(-0.00147029 -0.000663005 0.00114632)
(-0.00125261 -9.02402e-05 0.00174537)
(-0.00128151 -0.000132473 0.00151445)
(-0.00120492 8.78433e-06 0.0017654)
(-0.00092851 0.00075597 0.00342736)
(-0.000430993 0.000591818 0.0035218)
(-0.00119739 0.000370021 0.00252341)
(-0.00104473 0.000567814 0.00286906)
(-0.000722491 0.000488962 0.00314454)
(-0.00044405 0.00038272 0.00312031)
(-0.00106006 0.000344572 0.00243957)
(-0.00110996 0.000224749 0.00209281)
(-0.000969781 6.87577e-05 0.00209083)
(-0.000867811 0.000197956 0.00229117)
(-0.000100932 0.000173234 0.00285863)
(-0.000513443 0.000241592 0.00272435)
(-0.00293361 -0.00149538 0.0062097)
(-0.00259657 -0.000941892 0.00514788)
(-0.00246791 -0.000174241 0.00494551)
(-0.002468 -0.000459277 0.00471409)
(-0.00330693 -0.00206785 0.00782117)
(-0.0033468 -0.00202772 0.00880284)
(-0.00309482 -0.00162275 0.00675682)
(-0.00283675 -0.000603263 0.00646741)
(-0.00935938 0.0154976 0.0327753)
(-0.00954155 0.0160486 0.0331057)
(-0.0102705 0.0170336 0.0338457)
(-0.00883463 0.0166731 0.0313622)
(-0.0102374 0.0160832 0.0322646)
(-0.0100146 0.015857 0.0313208)
(-0.01111 0.0150362 0.0346591)
(-0.0105581 0.0172985 0.0359404)
(-0.0107112 0.0156857 0.0350362)
(-0.0107626 0.01676 0.0345232)
(-0.0108941 0.015739 0.0325094)
(-0.0100758 0.0155378 0.0310344)
(-0.0097586 0.0151908 0.0298393)
(-0.00954713 0.0151456 0.0296892)
(-0.0103799 0.0142064 0.0300449)
(-0.0110238 0.0153332 0.0317409)
)
;
    }
    INLET
    {
        type            calculated;
        value           nonuniform 0();
    }
    OUTLET
    {
        type            calculated;
        value           nonuniform 0();
    }
    procBoundary17to14
    {
        type            processor;
        value           uniform (0 0 0);
    }
    procBoundary17to16
    {
        type            processor;
        value           uniform (0 0 0);
    }
}


// ************************************************************************* //
