/*--------------------------------*- C++ -*----------------------------------*\
| =========                 |                                                 |
| \\      /  F ield         | OpenFOAM: The Open Source CFD Toolbox           |
|  \\    /   O peration     | Version:  v1612+                                |
|   \\  /    A nd           | Web:      www.OpenFOAM.com                      |
|    \\/     M anipulation  |                                                 |
\*---------------------------------------------------------------------------*/
FoamFile
{
    version     2.0;
    format      ascii;
    class       volVectorField;
    location    "150";
    object      wallShearStress;
}
// * * * * * * * * * * * * * * * * * * * * * * * * * * * * * * * * * * * * * //

dimensions      [0 2 -2 0 0 0 0];

internalField   uniform (0 0 0);

boundaryField
{
    WALL
    {
        type            calculated;
        value           nonuniform List<vector> 
1531
(
(-0.00550207 -0.0238585 0.0040133)
(-0.00765528 -0.0255099 0.00349143)
(-0.00435139 -0.0156155 -0.00457935)
(-0.00431874 -0.0168488 -0.0047305)
(-0.00906753 -0.0277415 -0.00348662)
(-0.0085076 -0.0296222 -0.00418472)
(-0.00592905 -0.0267798 0.00455016)
(-0.0076244 -0.0283726 0.00505927)
(-0.00624896 -0.00986824 -0.00292287)
(-0.00585078 -0.00884768 -0.002773)
(-0.00632517 -0.0232561 0.00308446)
(-0.00705208 -0.0240115 0.00267607)
(-0.0101152 -0.0263476 0.00254085)
(-0.0104035 -0.0280074 0.00293448)
(-0.00898947 -0.0272854 0.00348651)
(-0.00910684 -0.0260988 0.00341096)
(-0.0096905 -0.0263802 0.00298249)
(-0.00919204 -0.0262358 0.00322175)
(-0.00623504 -0.02102 -0.00237281)
(-0.00574054 -0.0194016 -0.00178499)
(-0.00712443 -0.0231312 -0.00277559)
(-0.00532328 -0.0206027 -0.00223549)
(-0.00707702 -0.0242837 -0.002532)
(-0.00506454 -0.0211334 -0.00280038)
(-0.0095019 -0.0249766 -0.00234318)
(-0.00963136 -0.0247644 -0.00215711)
(-0.0096321 -0.0260963 -0.0026105)
(-0.00967973 -0.0246974 -0.00218674)
(-0.00843575 -0.0233569 -0.00273356)
(-0.00871398 -0.0242716 -0.00251545)
(-0.0112426 -0.027052 0.00185182)
(-0.0115514 -0.0273487 0.000316734)
(-0.0111468 -0.0261577 0.00087386)
(-0.0112997 -0.0261962 0.000394239)
(-0.0110971 -0.0268208 0.00221099)
(-0.0114699 -0.0269553 0.00169703)
(-0.00567185 -0.0267529 0.00431749)
(-0.00550913 -0.0260049 0.00400854)
(-0.00615202 -0.0265267 0.00440849)
(-0.00763139 -0.0279679 0.00417905)
(-0.00527267 -0.0263829 0.00381972)
(-0.00489314 -0.0267298 0.00375482)
(-0.00543197 -0.0120689 -0.00648236)
(-0.0052529 -0.0122729 -0.00633822)
(-0.00479554 -0.0135654 -0.00661651)
(-0.00456282 -0.0118 -0.00662497)
(-0.00469344 -0.0139103 -0.00670633)
(-0.00476433 -0.0129674 -0.00680237)
(-0.00333703 -0.018912 -0.00315966)
(-0.00376027 -0.0192796 -0.00356937)
(-0.0029367 -0.0196503 -0.00258729)
(-0.00304921 -0.019197 -0.00289342)
(-0.00307592 -0.0202994 -0.00286258)
(-0.00323578 -0.0193884 -0.00316422)
(-0.000178675 -0.0223497 -0.00644306)
(7.76779e-05 -0.0212973 -0.00767234)
(0.000409015 -0.0222785 -0.00571786)
(-0.00590255 -0.00633882 -0.00274265)
(-0.00540005 -0.00599506 -0.0021222)
(-0.00558013 -0.00615503 -0.0024147)
(-0.00588492 -0.00667996 -0.00294002)
(-0.00586271 -0.00610813 -0.00241885)
(-0.0057012 -0.0066005 -0.00281909)
(-0.00586937 -0.0241919 -0.00283608)
(-0.00671978 -0.0259906 -0.00321511)
(-0.00743738 -0.0263 -0.00355465)
(-0.00526302 -0.00930609 -0.00563516)
(-0.00506824 -0.00833664 -0.00510036)
(-0.00498479 -0.0106426 -0.0071895)
(-0.0051743 -0.00867521 -0.00570884)
(-0.00502213 -0.00953236 -0.00638137)
(-0.00507616 -0.0104533 -0.00638411)
(-0.0054119 -0.00576772 -0.00136131)
(-0.00575058 -0.00610318 -0.00151167)
(-0.00537456 -0.00616812 -0.000817229)
(-0.0056435 -0.00641973 -0.000899672)
(-0.00530582 -0.00602396 -0.000972482)
(-0.00580668 -0.00613722 -0.0012382)
(-0.0055126 -0.00686638 -0.00345661)
(-0.00521627 -0.00743119 -0.00415303)
(-0.00552288 -0.00709294 -0.00347556)
(-0.00529059 -0.00732426 -0.00394992)
(-0.00520673 -0.00762924 -0.00430866)
(-0.00568054 -0.00747258 -0.00384417)
(-0.00279148 -0.0261444 0.00377782)
(-0.00244853 -0.0267132 0.00289882)
(-0.00317652 -0.0250901 0.00352562)
(-0.00119897 -0.0254493 0.0027562)
(-0.00328471 -0.0275453 0.00289278)
(-0.00520778 -0.0277388 0.0050431)
(-0.00412274 -0.0266643 0.00466671)
(-0.00392651 -0.0249438 0.00528143)
(-0.00362505 -0.0260548 0.00476297)
(-0.00487691 -0.0257347 0.00549028)
(-0.00539494 -0.0262312 0.00516438)
(-0.000499015 -0.0262774 -0.000821486)
(-0.000909613 -0.0275806 -0.000169992)
(-4.42307e-05 -0.0266858 -0.00174374)
(-0.000386555 -0.0261817 -0.00122747)
(-0.00110756 -0.0263047 0.000485491)
(-0.000418817 -0.0255674 0.000131636)
(-0.00363069 -0.0141345 -0.00860839)
(-0.00426701 -0.0128505 -0.00808572)
(-0.00447769 -0.0127469 -0.00834166)
(-0.00326051 -0.0152426 -0.00859067)
(-0.00353042 -0.015256 -0.00904817)
(-0.00389837 -0.0137103 -0.00869874)
(-0.00207665 -0.0182201 -0.00873143)
(-0.00229793 -0.0181806 -0.00800913)
(-0.00297845 -0.0179851 -0.00825958)
(-0.00309899 -0.0156846 -0.00843839)
(-0.0024322 -0.0164437 -0.00876646)
(-0.00316936 -0.0159814 -0.00829933)
(-0.00725606 -0.0234427 0.00239442)
(-0.0069853 -0.0225283 0.00201017)
(-0.00652824 -0.0231261 0.00182509)
(-0.00670252 -0.023493 0.0021623)
(-0.0075928 -0.024577 0.00205505)
(-0.00753982 -0.0230918 0.00199415)
(-0.00910726 -0.0227751 0.000880696)
(-0.00933299 -0.022821 0.000414773)
(-0.00950332 -0.0239965 0.000747831)
(-0.00199314 -0.0208224 -0.00486886)
(-0.00172015 -0.022008 -0.00442182)
(-0.00161909 -0.0214784 -0.00397223)
(-0.00226146 -0.0207085 -0.00500899)
(-0.00195564 -0.0211748 -0.00444239)
(-0.00246895 -0.0206883 -0.00532293)
(-0.00213691 -0.0237016 -0.000931308)
(-0.00218257 -0.022616 -0.000573543)
(-0.00236843 -0.0237082 0.000716288)
(-0.00246454 -0.0240915 0.000411985)
(-0.00182239 -0.0238169 -0.00018717)
(-0.00229541 -0.0233613 -6.08182e-05)
(-0.00343948 -0.0235334 0.00154718)
(-0.00367839 -0.0236067 0.00219717)
(-0.00280233 -0.022788 0.00107958)
(-0.00261705 -0.0234783 0.000924058)
(-0.00318264 -0.0238675 0.00151466)
(-0.00329155 -0.0247747 0.00199497)
(-0.00288279 -0.0206255 -0.000569018)
(-0.00329764 -0.0220294 -0.000747358)
(-0.00322081 -0.0212387 -0.00031039)
(-0.00402922 -0.023175 0.00141577)
(-0.00435699 -0.023102 0.00146413)
(-0.00447169 -0.0236862 0.00219405)
(-0.00459272 -0.0221261 0.00182129)
(-0.0028883 -0.0208517 0.00137923)
(-0.00500548 -0.0235429 0.00259252)
(-0.00679424 -0.0232838 0.00256264)
(-0.00611812 -0.0250673 0.00338068)
(-0.00527397 -0.0231694 0.00261422)
(-0.0062892 -0.0233363 0.00242488)
(-0.0052547 -0.0227424 0.00300219)
(-0.00537466 -0.00882367 -0.000566272)
(-0.00529685 -0.0090001 -0.000655203)
(-0.00299193 -0.019943 -0.00620389)
(-0.00371443 -0.0179692 -0.00603991)
(-0.00275659 -0.0175221 -0.00642813)
(-0.0036923 -0.0177229 -0.00639338)
(-0.00335846 -0.0184397 -0.00555539)
(-0.0028751 -0.0190622 -0.00538038)
(-0.00389435 -0.0169352 -0.00311702)
(-0.00432112 -0.0168568 -0.00297148)
(-0.00384076 -0.0165791 -0.00300686)
(-0.00461383 -0.0172611 -0.00305116)
(-0.00451274 -0.0164188 -0.00316097)
(-0.00435529 -0.016278 -0.00322159)
(-0.00501479 -0.0155238 -0.00385844)
(-0.00437482 -0.0153291 -0.00404073)
(-0.00498296 -0.0155045 -0.00373678)
(-0.00473052 -0.0169983 -0.00396016)
(-0.00480491 -0.0166695 -0.00336069)
(-0.00498407 -0.0164695 -0.00348231)
(-0.00342353 -0.0179734 -0.0032839)
(-0.00367324 -0.0184364 -0.00296842)
(-0.00332885 -0.0183148 -0.0026409)
(-0.00379319 -0.0180486 -0.00344427)
(-0.00367665 -0.0176312 -0.00324161)
(-0.00343113 -0.0187107 -0.00296706)
(-0.00489878 -0.0157223 -0.00339968)
(-0.00511198 -0.0151817 -0.00320452)
(-0.00526861 -0.0150106 -0.00320825)
(-0.00461033 -0.0156091 -0.00331938)
(-0.00448528 -0.0147597 -0.00572337)
(-0.00449708 -0.0148074 -0.00602153)
(-0.00523745 -0.014595 -0.00545432)
(-0.00493346 -0.0128751 -0.0051065)
(-0.00500907 -0.0132145 -0.00568696)
(-0.00489529 -0.0142417 -0.00580622)
(-0.00577479 -0.0118684 -0.00351573)
(-0.00587594 -0.0135577 -0.00339281)
(-0.00556917 -0.0122478 -0.00375845)
(-0.00575995 -0.0132876 -0.00418477)
(-0.00573144 -0.011614 -0.00311643)
(-0.00596013 -0.0126253 -0.00328699)
(-0.00375515 -0.0213692 0.000947994)
(-0.00282657 -0.0201381 0.000883604)
(-0.00299273 -0.0207356 0.000392324)
(-0.00339985 -0.0203636 0.000531066)
(-0.00379458 -0.0217878 0.00154748)
(-0.00375575 -0.0217681 0.00137283)
(-0.00487349 -0.0118195 9.03555e-05)
(-0.00494453 -0.0114969 0.000191263)
(-0.00492145 -0.0119324 3.2071e-05)
(-0.00488793 -0.0111566 0.00016548)
(-0.00466147 -0.0107965 0.000221844)
(-0.00488182 -0.0106082 0.000241483)
(-0.00656279 -0.0173946 -0.000881934)
(-0.00663046 -0.0178655 -0.000766117)
(-0.00589688 -0.0154721 -0.000264886)
(-0.00633734 -0.0166482 -0.000500259)
(-0.00555513 -0.0156047 -0.000939882)
(-0.00581193 -0.0158992 -0.000527053)
(-0.00545306 -0.0134237 -8.15683e-05)
(-0.00549955 -0.0144618 -0.000217443)
(-0.00581161 -0.0150821 -0.000423948)
(-0.0053721 -0.0139134 -0.00016765)
(-0.0060828 -0.0156616 -0.000212007)
(-0.00544981 -0.0138585 -0.000248861)
(-0.00479043 -0.0106796 0.000199465)
(-0.00478238 -0.00982461 0.000208395)
(-0.00483615 -0.0114572 4.3962e-05)
(-0.00495336 -0.0117118 0.000160693)
(-0.00476678 -0.0106598 0.000115362)
(-0.00471056 -0.00994147 0.000130027)
(-0.00504327 -0.00839645 -0.000300651)
(-0.00502616 -0.00888809 -0.000339892)
(-0.00527547 -0.00858082 -0.000637777)
(-0.00535163 -0.00875118 -0.000697681)
(-0.00529301 -0.00853607 -0.000514286)
(-0.00503828 -0.0087618 -0.000256946)
(-0.00626339 -0.0104023 -0.00309778)
(-0.00592286 -0.0100714 -0.00302141)
(-0.00552025 -0.00916626 -0.00211872)
(-0.005607 -0.00941039 -0.00240985)
(-0.00596836 -0.00935978 -0.0024583)
(-0.0054519 -0.00893124 -0.00160007)
(-0.005902 -0.00874467 -0.00185897)
(-0.00545143 -0.00901339 -0.00135236)
(-0.00627529 -0.00993792 -0.00201607)
(-0.00610586 -0.00876008 -0.00175823)
(-0.00617577 -0.00979883 -0.00223037)
(-0.0052028 -0.00805206 -0.000854447)
(-0.00533766 -0.00835632 -0.000987992)
(-0.00527355 -0.00826685 -0.000727869)
(-0.00535309 -0.0081657 -0.00103175)
(-0.00513158 -0.00815061 -0.000574211)
(-0.00519314 -0.00806231 -0.000595081)
(-0.00375756 -0.0150922 -0.00722996)
(-0.00372219 -0.0157854 -0.00756198)
(-0.00311516 -0.0169655 -0.00698388)
(-0.0032934 -0.0158639 -0.00718206)
(-0.0040754 -0.0151274 -0.00732718)
(-0.0032637 -0.0171672 -0.00764083)
(-0.00513249 -0.00852684 -0.00504198)
(-0.00567518 -0.0100596 -0.00583292)
(-0.0055783 -0.0103956 -0.00488948)
(-0.00565663 -0.00925348 -0.0045734)
(-0.00540512 -0.0081376 -0.0040822)
(-0.00556222 -0.00835895 -0.00442187)
(-0.00564026 -0.00950109 -0.00316872)
(-0.00582299 -0.0106492 -0.00397604)
(-0.00568003 -0.0110225 -0.00401926)
(-0.00606404 -0.0107673 -0.00347921)
(-0.00568128 -0.00979856 -0.00347171)
(-0.0056416 -0.0107188 -0.00371591)
(-0.00544712 -0.0116348 -0.00494084)
(-0.00561889 -0.0104599 -0.00455238)
(-0.00556534 -0.0109334 -0.00467164)
(-0.00528678 -0.0117672 -0.00496273)
(-0.00620403 -0.0122204 -0.00493518)
(-0.00537132 -0.00801922 -0.00232473)
(-0.00511427 -0.00727961 -0.00163791)
(-0.00511387 -0.00718757 -0.00183272)
(-0.00578431 -0.00802052 -0.00290535)
(-0.00533337 -0.00787393 -0.00180464)
(-0.00541062 -0.00766927 -0.0023302)
(-0.00547764 -0.00851871 -0.0036724)
(-0.00556006 -0.00801096 -0.00359672)
(-0.00555373 -0.00820245 -0.0030492)
(-0.00570388 -0.00862544 -0.00411658)
(-0.00522335 -0.00743864 -0.00286642)
(-0.00521165 -0.00737249 -0.00262716)
(-0.00478941 -0.00684388 -0.000970957)
(-0.00474174 -0.0069777 -0.000726525)
(-0.00504132 -0.00693091 -0.00122022)
(-0.00485174 -0.00704526 -0.00113049)
(-0.00469499 -0.00704241 -0.0006994)
(-0.00492539 -0.00694054 -0.000943554)
(-0.00466864 -0.0065058 -0.000869645)
(-0.00465778 -0.00679287 -0.000629605)
(-0.00465237 -0.00629944 -0.000889821)
(-0.00486507 -0.0063894 -0.00108779)
(-0.00451744 -0.00621466 -0.000740533)
(-0.00447048 -0.00649682 -0.00055897)
(-0.00491746 -0.00683279 -0.00138343)
(-0.00509036 -0.00679019 -0.00146964)
(-0.00524292 -0.007055 -0.00203754)
(-0.00488634 -0.00649014 -0.00176193)
(-0.00506652 -0.00711714 -0.00194315)
(-0.00519683 -0.00712081 -0.00168019)
(-0.00513538 -0.00778018 -0.000811169)
(-0.00467214 -0.00777243 -0.00037751)
(-0.00500939 -0.0076195 -0.000730648)
(-0.00464646 -0.00763012 -0.000354991)
(-0.00480801 -0.00746208 -0.000601971)
(-0.00485944 -0.0078923 -0.000441096)
(-0.00435897 -0.0174985 -0.000642103)
(-0.00464601 -0.0197345 -0.00100954)
(-0.00498913 -0.0186296 -0.000352882)
(-0.00480781 -0.0200028 -0.000817722)
(-0.00445904 -0.0209863 -0.00173579)
(-0.00525455 -0.0224815 -0.00136892)
(-0.00397324 -0.0161702 -0.000916888)
(-0.0043066 -0.0151537 -0.000388035)
(-0.00436832 -0.0168895 -0.000690971)
(-0.00440608 -0.0132908 0.000133997)
(-0.00399471 -0.0148624 -0.000345058)
(-0.00396388 -0.0127464 -0.000160134)
(-0.00145192 -0.0269859 0.000914167)
(-0.00241022 -0.0258873 0.00186725)
(-0.00260343 -0.0274286 0.00239157)
(-0.00225312 -0.0250674 0.00112107)
(-0.00296364 -0.0268205 0.00264578)
(-0.0022081 -0.0264039 0.00167859)
(-0.00289013 -0.0253798 0.00105778)
(-0.0025533 -0.0257206 0.000421034)
(-0.00182032 -0.0254493 0.000805355)
(-0.0025942 -0.0237932 -0.00174264)
(-0.00201463 -0.0229387 -0.00273935)
(-0.00161057 -0.0237548 -0.00234889)
(-0.00110373 -0.0231294 -0.00187601)
(-0.00138802 -0.0220621 -0.00318963)
(-0.00100388 -0.0251811 -0.000877824)
(-0.000656517 -0.0249694 -0.00233928)
(-0.0010721 -0.025494 -0.000444928)
(-0.000692221 -0.0248775 -0.00162601)
(-0.00133704 -0.0237074 -0.00186362)
(-0.000573419 -0.0240263 -0.001248)
(-0.00451678 -0.0263188 0.00397006)
(-0.00512085 -0.0271797 0.00444608)
(-0.00471085 -0.027459 0.0040409)
(-0.00355091 -0.0276087 0.00385023)
(-0.00530409 -0.0263346 0.0044687)
(-0.00407126 -0.0275237 0.00378132)
(-0.0061731 -0.0265791 0.00501168)
(-0.00609334 -0.0269227 0.00526781)
(-0.00729916 -0.0284923 0.00544244)
(-0.00727912 -0.0265521 0.00529543)
(-0.00696713 -0.0265411 0.00498058)
(-0.00712828 -0.0262026 0.00567869)
(-0.00991117 -0.027436 0.00380959)
(-0.0087058 -0.0283266 0.00455386)
(-0.00991728 -0.0280693 0.00416454)
(-0.00928507 -0.0282206 0.00429018)
(-0.00866573 -0.0275103 0.00472593)
(-0.00924426 -0.0275368 0.00467997)
(-0.00589753 -0.0272448 0.00379429)
(-0.00434444 -0.0253226 0.00292617)
(-0.0062451 -0.0249522 0.0033629)
(-0.00552996 -0.0245692 0.00307214)
(-0.00465986 -0.0249193 0.00356448)
(-0.00464084 -0.0250268 0.00304195)
(-0.00818027 -0.0260227 0.00436658)
(-0.0078557 -0.0266733 0.00379507)
(-0.00737236 -0.0260196 0.00469042)
(-0.00738677 -0.0274567 0.00376442)
(-0.00745396 -0.0267648 0.00418576)
(-0.00824493 -0.0265699 0.00410994)
(-0.010316 -0.0269606 0.00275438)
(-0.0106381 -0.0289525 0.00317492)
(-0.0106194 -0.0279761 0.00293706)
(-0.0106646 -0.0268871 0.00220391)
(-0.0114903 -0.0285445 0.00160913)
(-0.0118677 -0.0295155 0.00215799)
(-0.00924235 -0.0247642 0.00242138)
(-0.00826595 -0.0251017 0.00274024)
(-0.0080749 -0.0235082 0.00271407)
(-0.00931245 -0.026304 0.00240057)
(-0.00578368 -0.0236864 0.00367413)
(-0.00787225 -0.0245353 0.00275069)
(-0.00691074 -0.0251314 0.00377786)
(-0.00803485 -0.0261816 0.00266441)
(-0.0113329 -0.0287407 -0.00190883)
(-0.00956341 -0.0260982 -0.00333047)
(-0.0110516 -0.0275048 -0.00148323)
(-0.010231 -0.0279072 -0.00234918)
(-0.0110976 -0.0267414 -0.0013004)
(-0.0105741 -0.02701 -0.00218752)
(-0.00815956 -0.0249692 0.00249096)
(-0.00723428 -0.022814 0.00288241)
(-0.00800887 -0.0245104 0.00290577)
(-0.00808701 -0.0234377 0.00210649)
(-0.00711717 -0.0240535 0.00293952)
(-0.00614548 -0.023402 0.00270667)
(-0.00744644 -0.0211602 -0.00159088)
(-0.00637143 -0.0190788 -0.00182021)
(-0.00745083 -0.0205661 -0.00189087)
(-0.00723814 -0.0202991 -0.00180966)
(-0.00767495 -0.0211865 -0.00191274)
(-0.00654881 -0.0191473 -0.00162816)
(-0.00896199 -0.0221488 -0.00146212)
(-0.00953837 -0.0231468 -0.00111107)
(-0.0091901 -0.0214906 -0.00154494)
(-0.0093096 -0.0235895 0.00132672)
(-0.00949961 -0.0244285 0.00133825)
(-0.00920757 -0.024605 0.00160626)
(-0.00937805 -0.0234981 0.000969783)
(-0.00973468 -0.0235608 0.00055834)
(-0.00988413 -0.0247593 0.000802706)
(-0.00832228 -0.0208921 -0.00143711)
(-0.0075754 -0.0194028 -0.00165123)
(-0.00864449 -0.0210975 -0.0015743)
(-0.00790775 -0.0199962 -0.00160966)
(-0.00899266 -0.0225755 -0.00229267)
(-0.00891737 -0.0215735 -0.00143474)
(-0.0098145 -0.0237232 -0.000874636)
(-0.00979182 -0.0241602 -0.00122503)
(-0.00999942 -0.0238015 -0.00068958)
(-0.00936313 -0.0224749 -0.000353788)
(-0.00941471 -0.0229806 -0.00132908)
(-0.0101746 -0.0252379 -0.00026231)
(-0.0105133 -0.0248522 -0.000125183)
(-0.010865 -0.0257992 0.00153719)
(-0.0100521 -0.0251554 0.00179591)
(-0.0109939 -0.0270893 0.000352338)
(-0.0109081 -0.026726 0.00157781)
(-0.00971327 -0.0244901 0.00163776)
(-0.00963237 -0.0230167 -0.00110596)
(-0.00991738 -0.0242723 -0.00102182)
(-0.0104908 -0.0251478 -0.000692669)
(-0.0102266 -0.0243583 -0.000364078)
(-0.0104747 -0.0255848 -0.000449232)
(-0.0097152 -0.0233616 -0.000725237)
(-0.0101371 -0.0251879 0.000441649)
(-0.0101036 -0.0248692 0.000348727)
(-0.00894612 -0.023187 0.00178028)
(-0.0101711 -0.0255194 0.000762847)
(-0.00937863 -0.0254748 0.00193673)
(-0.00970934 -0.0249825 0.00122192)
(-0.010844 -0.0278379 -0.00213905)
(-0.0103133 -0.0274714 -0.00240216)
(-0.0104485 -0.0282063 -0.00252811)
(-0.00911227 -0.0274834 -0.00358798)
(-0.00909145 -0.0257499 -0.00336851)
(-0.00950327 -0.0267858 -0.00293374)
(-0.0115178 -0.0269286 0.000222189)
(-0.0107194 -0.0264487 -0.00171385)
(-0.0111024 -0.0269235 -0.00137043)
(-0.0117916 -0.0288509 -0.000795006)
(-0.0107507 -0.0272726 -0.00224831)
(-0.0111989 -0.0272958 -0.000560408)
(-0.0108863 -0.0277632 -0.00112199)
(-0.0108133 -0.0264284 -8.21859e-05)
(-0.0106268 -0.0255212 -0.00102671)
(-0.00849998 -0.0247587 -0.00279907)
(-0.00670883 -0.0226106 -0.00271462)
(-0.00678867 -0.0225644 -0.00330229)
(-0.00788985 -0.0241572 -0.00288135)
(-0.0083278 -0.0253781 -0.00311603)
(-0.00675208 -0.0217815 -0.00257428)
(-0.00426398 -0.0135797 -0.000205747)
(-0.00452693 -0.016635 -0.00103999)
(-0.00424776 -0.0164891 -0.00106393)
(-0.00465216 -0.0155232 -0.000591257)
(-0.00417325 -0.0135423 -0.000323465)
(-0.00409685 -0.0144263 -0.000625122)
(-0.00645952 -0.0200742 -0.00191053)
(-0.00643791 -0.0192738 -0.000810812)
(-0.00510767 -0.0165482 -0.0013228)
(-0.00573459 -0.0183932 -0.00156225)
(-0.00640395 -0.0191625 -0.00146562)
(-0.00432517 -0.0127781 -0.000109818)
(-0.00451959 -0.0115249 0.000180805)
(-0.00442397 -0.0146296 -0.000471805)
(-0.0045749 -0.013776 -0.000277488)
(-0.00491508 -0.0130434 2.44035e-05)
(-0.00428099 -0.0116559 -2.52627e-05)
(-0.00505392 -0.0184877 -0.00153908)
(-0.00507775 -0.0183294 -0.00122417)
(-0.00541478 -0.017047 -0.000917194)
(-0.00576525 -0.0202556 -0.00202295)
(-0.0060374 -0.0201346 -0.00161311)
(-0.00527424 -0.0184857 -0.00169559)
(-0.00524781 -0.0138327 -0.000121275)
(-0.00468467 -0.0132449 -0.000170511)
(-0.00513421 -0.0162752 -0.000747767)
(-0.00511751 -0.0150653 -0.000449595)
(-0.00550524 -0.0156194 -0.000590219)
(-0.00499584 -0.0130064 -4.43285e-05)
(-0.00500354 -0.0135703 -2.17685e-05)
(-0.00510566 -0.0123438 0.00014381)
(-0.00468232 -0.0112127 0.000135362)
(-0.00484202 -0.012532 -7.03942e-05)
(-0.00489424 -0.012811 -0.000114986)
(-0.00474864 -0.0110108 0.00010782)
(-0.00482657 -0.0117038 3.54678e-06)
(-0.00506646 -0.0152495 -0.000761868)
(-0.00600191 -0.0169622 -0.000859015)
(-0.0055393 -0.0161538 -0.000899039)
(-0.00531449 -0.0146176 -0.000476478)
(-0.00520355 -0.0149017 -0.000388376)
(-0.00559228 -0.0168815 -0.00120618)
(-0.00326757 -0.0212367 0.000380141)
(-0.0035357 -0.0207981 0.000242142)
(-0.00395594 -0.0211013 0.000595911)
(-0.00322407 -0.0185452 -0.00105916)
(-0.0030352 -0.0195281 -0.00155863)
(-0.00294352 -0.0197488 -0.00115635)
(-0.00246052 -0.0196073 -0.00082122)
(-0.00280081 -0.0209155 -0.00046796)
(-0.00341731 -0.0206912 -0.000574605)
(-0.00373965 -0.0201655 -0.00136111)
(-0.00308735 -0.0191663 -0.00145159)
(-0.00277943 -0.0195207 -0.00129534)
(-0.00345727 -0.0186613 -0.00174539)
(-0.00347757 -0.0176915 -0.00179983)
(-0.00328437 -0.0183065 -0.00198085)
(-0.00364031 -0.0189022 -0.00211375)
(-0.00363745 -0.017249 -0.00231933)
(-0.00356241 -0.0177526 -0.0020614)
(-0.00371285 -0.0177972 -0.00271138)
(-0.00346288 -0.0177867 -0.00237523)
(-0.00372978 -0.0179472 -0.00240551)
(-0.00406966 -0.017518 -0.00246809)
(-0.00409772 -0.0171153 -0.00262682)
(-0.00912776 -0.0231354 -0.0014583)
(-0.0089521 -0.0220294 -0.00159865)
(-0.00867868 -0.0223459 -0.00148823)
(-0.00812416 -0.0209878 -0.00184613)
(-0.00800153 -0.0209856 -0.00175321)
(-0.00833187 -0.021936 -0.00133321)
(-0.00794468 -0.0253508 -0.00338613)
(-0.00873767 -0.0263689 -0.00309208)
(-0.00777827 -0.0257177 -0.00330723)
(-0.00869871 -0.0266858 -0.0039311)
(-0.00726688 -0.0265377 -0.003753)
(-0.00221898 -0.0187835 -0.00706339)
(-0.00185247 -0.0203685 -0.00602845)
(-0.00149858 -0.0204788 -0.00662793)
(-0.00198425 -0.0194512 -0.00705752)
(-0.0023034 -0.018585 -0.00726863)
(-0.00216229 -0.0201717 -0.00650772)
(-0.00535156 -0.0149449 -0.0042534)
(-0.00538992 -0.0160208 -0.00410125)
(-0.00489905 -0.0145273 -0.00399892)
(-0.00541318 -0.0145017 -0.00377828)
(-0.00578833 -0.014966 -0.00416992)
(-0.00502809 -0.0155734 -0.00368344)
(-0.00542999 -0.0126057 -0.00427665)
(-0.00580141 -0.0140456 -0.00463758)
(-0.00528594 -0.0137358 -0.0044755)
(-0.00558898 -0.0131788 -0.00448053)
(-0.00524421 -0.0136301 -0.0045224)
(-0.00426751 -0.0176237 -0.00545452)
(-0.00426453 -0.0170998 -0.00476772)
(-0.00448798 -0.0163015 -0.00549568)
(-0.00457481 -0.0168255 -0.00479502)
(-0.00460109 -0.0158572 -0.00511923)
(-0.00469976 -0.0158773 -0.00555869)
(-0.00391164 -0.0188496 -0.00416285)
(-0.00479438 -0.0173326 -0.00429303)
(-0.00397548 -0.0179522 -0.00346379)
(-0.0043882 -0.017772 -0.00385821)
(-0.00368441 -0.0176229 -0.00452316)
(-0.00401827 -0.0174531 -0.00480364)
(-0.00435107 -0.0157916 -0.00489497)
(-0.00416761 -0.0169276 -0.00435815)
(-0.00266361 -0.0217608 5.58052e-05)
(-0.0023622 -0.020937 -0.000184817)
(-0.00272605 -0.0215291 -0.000526693)
(-0.0024745 -0.0217332 0.000341737)
(-0.00294157 -0.0229316 0.000665634)
(-0.00354585 -0.0214016 0.000729993)
(-0.002593 -0.0221529 0.000176583)
(-0.00327916 -0.0226276 0.00153768)
(-0.00296582 -0.0232776 0.00132335)
(-0.00302329 -0.0227982 0.000977761)
(-0.00250848 -0.0216122 0.000358855)
(-0.00282971 -0.0225266 0.000692848)
(-0.00285573 -0.0201652 -0.00157908)
(-0.00257647 -0.0209449 -0.00103039)
(-0.00298671 -0.0205717 -0.00197164)
(-0.00277037 -0.0210253 -0.00134401)
(-0.00233199 -0.0207283 -0.000832813)
(-0.00250496 -0.0202524 -0.00151527)
(-0.00255804 -0.0221117 -0.000659469)
(-0.00193867 -0.0220095 -0.00100965)
(-0.00254499 -0.0228683 -0.000420596)
(-0.0023812 -0.022173 -9.45149e-05)
(-0.00235886 -0.0210393 -0.00123236)
(-0.00227234 -0.0218538 -0.00156665)
(-0.00453875 -0.00638288 -0.00044061)
(-0.00451634 -0.005989 -0.00072594)
(-0.00475207 -0.00587907 -0.000886916)
(-0.0045073 -0.00559829 -0.000719749)
(-0.00464199 -0.00654706 -0.000396255)
(-0.00441157 -0.00619428 -0.000369435)
(-0.00636967 -0.0107152 -0.00193031)
(-0.006002 -0.0105155 -0.00189242)
(-0.00551545 -0.0098755 -0.00136579)
(-0.00393959 -0.0175277 -0.004621)
(-0.00404363 -0.0178133 -0.00365544)
(-0.00424426 -0.0174272 -0.00397703)
(-0.00463532 -0.0170464 -0.00398483)
(-0.00394193 -0.0171481 -0.00380476)
(-0.00389404 -0.0162733 -0.00402508)
(-0.00557897 -0.0136309 -0.00407086)
(-0.00542166 -0.0149176 -0.00465112)
(-0.00496786 -0.0167653 -0.00402694)
(-0.00514356 -0.0161242 -0.00407705)
(-0.00453143 -0.0163553 -0.00383595)
(-0.00449593 -0.0152951 -0.00385597)
(-0.00514814 -0.0161903 -0.00443711)
(-0.00485084 -0.0146802 -0.00477615)
(-0.00477954 -0.0141388 -0.00502411)
(-0.00538135 -0.0146003 -0.00462785)
(-0.00473184 -0.0145262 -0.00469651)
(-0.00552634 -0.0146613 -0.00483225)
(-0.00481961 -0.0123743 7.61556e-07)
(-0.00523764 -0.0132838 -2.92728e-05)
(-0.00468242 -0.00958643 8.21827e-05)
(-0.00949236 -0.0267271 0.00372482)
(-0.0110781 -0.0282349 0.00331273)
(-0.00931125 -0.0258483 0.00363782)
(-0.0102217 -0.0269059 0.00316025)
(-0.00904803 -0.0262379 0.00305256)
(-0.00893726 -0.0247226 0.00283051)
(-0.00898961 -0.0250326 0.00298795)
(-0.00846864 -0.0251318 0.00352846)
(-0.00847535 -0.0259377 0.00359302)
(-0.00782879 -0.0256758 0.00344819)
(-0.00756537 -0.0268694 0.00372894)
(-0.00593945 -0.0247852 0.00433063)
(-0.00726945 -0.0194854 -0.00162484)
(-0.00686545 -0.0189547 -0.00172862)
(-0.00810726 -0.0217739 -0.00168998)
(-0.00807758 -0.021017 -0.00149862)
(-0.00924705 -0.022743 -0.00155938)
(-0.00821823 -0.0209216 -0.00178973)
(-0.00888564 -0.0225601 -0.00131862)
(-0.00428943 -0.0176245 -0.00261401)
(-0.00358678 -0.018014 -0.00206042)
(-0.00326828 -0.0196825 -0.00180299)
(-0.00317678 -0.0185874 -0.00179438)
(-0.00367528 -0.0211498 -0.000699871)
(-0.00317594 -0.019796 -0.000673715)
(-0.00373467 -0.0211755 -0.00049732)
(-0.00448998 -0.0166971 -0.00262543)
(-0.00495901 -0.0137551 -0.000184735)
(-0.00502226 -0.0152574 -0.00054777)
(-0.00450655 -0.0156919 -0.000771002)
(-0.00848466 -0.0252606 -0.00343767)
(-0.00887624 -0.0249256 -0.00305016)
(-0.00634592 -0.021195 -0.00224842)
(-0.00511046 -0.0174491 -0.00153993)
(-0.00640887 -0.0195977 -0.00187229)
(-0.00640341 -0.0206496 -0.0022134)
(-0.00633431 -0.0203997 -0.001747)
(-0.00999955 -0.0268904 -0.00224283)
(-0.0112753 -0.0276061 -0.000229654)
(-0.0111964 -0.0269917 0.00012213)
(-0.0101692 -0.0255494 -0.00123078)
(-0.00774695 -0.0217727 -0.00197241)
(-0.00924843 -0.0240741 -0.00178505)
(-0.00891993 -0.0238011 -0.00176081)
(-0.00676946 -0.0209704 -0.00238024)
(-0.00650197 -0.0202213 -0.00212626)
(-0.00773245 -0.0228072 -0.00223333)
(-0.0110979 -0.0270328 -0.00090277)
(-0.0116002 -0.0273944 0.0008408)
(-0.0110926 -0.0262165 -0.000320758)
(-0.0111759 -0.0270336 -0.000335857)
(-0.0107825 -0.0268682 0.00214455)
(-0.0108913 -0.0261551 0.000405294)
(-0.0108528 -0.025983 0.000873431)
(-0.0107455 -0.026559 0.00157598)
(-0.0102551 -0.0266709 0.00256465)
(-0.0104822 -0.0261618 0.00199013)
(-0.010608 -0.0264201 0.0015398)
(-0.0103255 -0.0264964 0.00238534)
(-0.0110366 -0.0271207 0.0014122)
(-0.0110242 -0.0266015 0.00126038)
(-0.010239 -0.0261704 -0.00204149)
(-0.0112813 -0.0284205 -0.00120427)
(-0.010289 -0.027004 -0.00247838)
(-0.00947095 -0.0254894 -0.00303687)
(-0.0116985 -0.0287936 0.00071557)
(-0.0109444 -0.0265163 0.00150904)
(-0.0111541 -0.0270356 -0.000533525)
(-0.0111304 -0.0269076 0.00123335)
(-0.0109466 -0.0265244 -0.000455105)
(-0.0114051 -0.0274329 0.00036216)
(-0.0113978 -0.0270236 0.000126988)
(-0.00720155 -0.0239798 -0.00337044)
(-0.00713237 -0.0252338 -0.00405415)
(-0.00753658 -0.0254687 -0.00418257)
(-0.00901994 -0.0257129 -0.00305373)
(-0.00962513 -0.0266367 -0.00306035)
(-0.0090117 -0.0268288 -0.00307161)
(-0.00900374 -0.0265851 -0.00396087)
(-0.0113226 -0.0282071 -0.000963172)
(-0.0116242 -0.0280159 -0.000522142)
(-0.0104354 -0.0265032 -0.00196069)
(-0.0112722 -0.0279951 -0.00157652)
(-0.0103398 -0.026672 -0.00270967)
(-0.00969867 -0.0237003 -0.00146632)
(-0.00979221 -0.0249288 -0.00134392)
(-0.00962847 -0.0238141 -0.00130151)
(-0.0100476 -0.0242322 0.000337935)
(-0.0101526 -0.0267031 0.0019979)
(-0.0103784 -0.0261548 0.00173801)
(-0.0102663 -0.0258937 0.00143267)
(-0.009561 -0.0228566 -1.51453e-05)
(-0.0100013 -0.0240421 -0.000388986)
(-0.00991171 -0.0241257 0.000442875)
(-0.00968626 -0.0223644 -0.00126216)
(-0.00916538 -0.0225037 -0.00137165)
(-0.00780903 -0.0204149 -0.00110851)
(-0.00759943 -0.0196002 -0.00128619)
(-0.00531148 -0.0159459 -0.000857334)
(-0.00721455 -0.0190014 -0.00120508)
(-0.00617023 -0.0177131 -0.000923144)
(-0.00753211 -0.0206467 -0.00152446)
(-0.00729525 -0.0200923 -0.00128647)
(-0.00638988 -0.0180658 -0.00116362)
(-0.00622722 -0.0187235 -0.00145971)
(-0.00735824 -0.0212829 -0.00171578)
(-0.00626915 -0.0187065 -0.00127744)
(-0.0087158 -0.0234687 -0.0018206)
(-0.00878509 -0.0224962 -0.00179914)
(-0.00891745 -0.0228075 -0.00171914)
(-0.00855823 -0.0223241 -0.00187232)
(-0.00856448 -0.0237572 0.00166753)
(-0.00932366 -0.0252602 0.00166169)
(-0.00902138 -0.0236452 0.000825485)
(-0.0100169 -0.0248128 0.000261148)
(-0.0100508 -0.0242531 -0.000294604)
(-0.0100142 -0.0243721 0.000265937)
(-0.00972557 -0.0252534 0.000725693)
(-0.00928835 -0.0227475 0.000501693)
(-0.00828638 -0.0245561 0.00189904)
(-0.00729445 -0.023898 0.00207495)
(-0.00805551 -0.0239185 0.00195299)
(-0.00824811 -0.0237898 0.00223839)
(-0.00874488 -0.0235526 0.00162154)
(-0.00847333 -0.023727 0.00185792)
(-0.00853556 -0.0231831 0.00159882)
(-0.00874765 -0.0247574 0.0018416)
(-0.0120314 -0.0297582 0.000662608)
(-0.0109972 -0.026513 0.0015358)
(-0.0119402 -0.0286375 0.00128551)
(-0.0112459 -0.0268787 -0.000300934)
(-0.00786343 -0.0236157 0.00307696)
(-0.00914813 -0.0241661 0.00259171)
(-0.0100025 -0.0260371 0.00179757)
(-0.00922003 -0.0251796 0.00226764)
(-0.00992169 -0.0247667 0.0016336)
(-0.0108235 -0.0261486 0.00136375)
(-0.0109235 -0.026403 0.00152892)
(-0.00964387 -0.0281938 0.00361564)
(-0.0101682 -0.0279885 0.00336833)
(-0.00736412 -0.0252751 0.00414578)
(-0.00901646 -0.0267265 0.00396236)
(-0.00890624 -0.0280642 0.00406777)
(-0.00785642 -0.0270845 0.00415055)
(-0.00894097 -0.026911 0.00394955)
(-0.00591127 -0.0248387 0.00440774)
(-0.00335235 -0.0271046 0.00229314)
(-0.00378856 -0.0260113 0.00233687)
(-0.00316759 -0.0253065 0.00283938)
(-0.00343302 -0.0258505 0.0028705)
(-0.0109378 -0.0271422 0.00220314)
(-0.00943047 -0.029249 0.00428101)
(-0.00766578 -0.0270754 0.00496719)
(-0.0104725 -0.0272372 0.0028897)
(-0.00926052 -0.0271835 0.0039284)
(-0.00760271 -0.0275313 0.00455541)
(-0.00774895 -0.0267476 0.00488827)
(-0.0104304 -0.0269985 0.00345322)
(-0.0106891 -0.0263852 0.0020213)
(-0.010923 -0.0273213 0.00244929)
(-0.0113097 -0.0291358 0.00340312)
(-0.0105545 -0.0271142 0.00300477)
(-0.0103181 -0.0281222 0.00376578)
(-0.0104634 -0.0278054 0.00338086)
(-0.00907565 -0.0265667 0.00413417)
(-0.00908724 -0.0286115 0.00442038)
(-0.00733301 -0.028307 0.00470432)
(-0.00785964 -0.0278013 0.00455366)
(-0.00894664 -0.0271184 0.00512312)
(-0.00825509 -0.0264561 0.00520247)
(-0.00920467 -0.0259597 0.00473423)
(-0.0079192 -0.0257651 0.0050236)
(-0.00410693 -0.0272279 0.00400796)
(-0.00338067 -0.0279831 0.0035051)
(-0.00384935 -0.0264207 0.00336846)
(-0.00513072 -0.0275592 0.00417857)
(-0.00577072 -0.028133 0.00438931)
(-0.005921 -0.0270409 0.00474175)
(-0.0056944 -0.0272852 0.00497536)
(-0.00555226 -0.0270926 0.00482497)
(-0.0087171 -0.0211575 -0.00165226)
(-0.00761443 -0.0196056 -0.00151048)
(-0.00753574 -0.0193383 -0.00180234)
(-0.00812555 -0.0206673 -0.00204598)
(-0.00796957 -0.0198494 -0.00208872)
(-0.00858216 -0.0202174 -0.00198148)
(-0.00946198 -0.022383 -0.000829177)
(-0.00948968 -0.0217624 -0.00140911)
(-0.00985033 -0.0226953 -0.000469458)
(-0.00971351 -0.0230803 -0.00105115)
(-0.000738074 -0.0225708 -0.00373153)
(-0.00101641 -0.025199 -0.00296895)
(-0.00222099 -0.0265972 -0.000868185)
(-0.00284043 -0.0276277 0.00319912)
(-0.00175146 -0.0273155 0.000533117)
(-0.00338064 -0.0266502 0.001997)
(-0.00234892 -0.0252973 0.00202819)
(-0.0049531 -0.00700587 -0.00284846)
(-0.00506302 -0.00742875 -0.00352438)
(-0.00500628 -0.00735099 -0.00368571)
(-0.00517458 -0.00822493 -0.00477821)
(-0.00504821 -0.00747738 -0.0040158)
(-0.00522096 -0.00674451 -0.00227039)
(-0.00513068 -0.00656407 -0.00191845)
(-0.0049189 -0.00662914 -0.00259137)
(-0.00523294 -0.00681987 -0.00227228)
(-0.00278461 -0.0247824 0.00167445)
(-0.00379088 -0.00705957 -8.34834e-06)
(-0.00430104 -0.00673792 -0.000119821)
(-0.00424511 -0.010792 0.000201766)
(-0.00402672 -0.0132896 -0.000342366)
(-0.00401039 -0.0112884 8.58383e-05)
(-0.00406209 -0.0130643 -0.00033128)
(-0.00427594 -0.0164373 -0.000972833)
(-0.0043083 -0.0149701 -0.000500043)
(-0.00380812 -0.0144228 -0.000534438)
(-0.00415159 -0.0170664 -0.00100572)
(-0.00694837 -0.023728 -0.00338592)
(-0.00652638 -0.0248674 -0.00340235)
(-0.00624983 -0.0233488 -0.00259325)
(-0.00392321 -0.018082 -0.00152057)
(-0.00494792 -0.021051 -0.00186692)
(-0.00485283 -0.0212962 -0.00251295)
(-0.00501317 -0.0217449 -0.00248529)
(-0.00554317 -0.022814 -0.0031179)
(-0.00451436 -0.0160752 -0.000147917)
(-0.00461848 -0.0115002 0.000247146)
(-0.00441043 -0.0106737 0.000225234)
(-0.00452702 -0.00926846 0.000244476)
(-0.00431694 -0.00994212 6.39048e-05)
(-0.00465287 -0.0112124 0.000195535)
(-0.00431576 -0.0111995 3.61815e-05)
(-0.00409911 -0.00830209 0.000152947)
(-0.0042234 -0.00751878 3.272e-05)
(-0.00442385 -0.00729392 -0.000157083)
(-0.00425657 -0.00707029 -0.000252485)
(-0.00473507 -0.0081638 -6.56073e-05)
(-0.00458365 -0.00736517 -0.000319647)
(-0.00447083 -0.00736704 -0.000330158)
(-0.00451912 -0.00807157 -5.53801e-05)
(-0.00465787 -0.00906633 0.000117593)
(-0.00453415 -0.00887664 9.0549e-05)
(-0.00420241 -0.00936358 0.000102906)
(-0.00464498 -0.0107698 0.000204289)
(-0.00498754 -0.00984619 0.000226981)
(-0.00496472 -0.0117163 0.000150919)
(-0.00476582 -0.0107491 0.000135034)
(-0.00467249 -0.00817428 -7.22271e-05)
(-0.00484932 -0.00766236 -0.000437818)
(-0.00461897 -0.00903795 9.90063e-05)
(-0.00448278 -0.0080147 -0.000106582)
(-0.00472637 -0.00829479 -0.000127088)
(-0.00486596 -0.00787791 -0.000200385)
(-0.00501468 -0.00721048 -0.00237177)
(-0.00489059 -0.00661978 -0.00182749)
(-0.00480197 -0.00657888 -0.00160297)
(-0.00395768 -0.0086226 0.000172266)
(-0.0040351 -0.0093044 0.00013722)
(-0.00428503 -0.0075379 -4.78735e-05)
(-0.00422865 -0.00734467 -0.000130981)
(-0.00427056 -0.00966759 0.000105485)
(-0.0038934 -0.00682446 -8.26417e-05)
(-0.00454645 -0.00753919 -5.21986e-05)
(-0.00409671 -0.00813673 5.52068e-05)
(-0.00415519 -0.00845337 0.000138293)
(-0.00392796 -0.00647677 -0.00016588)
(-0.00457502 -0.00712078 -0.000268989)
(-0.004245 -0.00692314 -0.000286968)
(-0.00443576 -0.00647332 -0.000507146)
(-0.00481543 -0.00619477 -0.000996938)
(-0.00484841 -0.00620536 -0.00121768)
(-0.0048561 -0.00653299 -0.00131644)
(-0.00498805 -0.00655904 -0.00135943)
(-0.00476132 -0.00729491 -0.000513804)
(-0.00494552 -0.00748967 -0.000694547)
(-0.00506802 -0.00748035 -0.000962835)
(-0.00479983 -0.00700397 -0.0006698)
(-0.00461312 -0.0070248 -0.000451224)
(-0.00521881 -0.00750199 -0.00134848)
(-0.00511739 -0.00735492 -0.00105894)
(-0.00478599 -0.00695623 -0.000803208)
(-0.00535518 -0.00738071 -0.00147001)
(-0.0048684 -0.00689337 -0.00103482)
(-0.00496048 -0.00703091 -0.00152415)
(-0.0105364 -0.0260187 -0.000977114)
(-0.00554343 -0.00766783 -0.00238363)
(-0.00612124 -0.0108098 -0.00445181)
(-0.00567575 -0.00815819 -0.00364421)
(-0.00565795 -0.00987866 -0.00476039)
(-0.00558622 -0.00921594 -0.00447494)
(-0.00507235 -0.0123272 -0.00728419)
(-0.00506188 -0.00874823 -0.00501964)
(-0.00507693 -0.00978237 -0.00564438)
(-0.00532493 -0.00993703 -0.00515181)
(-0.00287002 -0.0178172 -0.00742824)
(-0.00569921 -0.01127 -0.00567786)
(-0.00553439 -0.0112781 -0.00531545)
(-0.00567348 -0.0127869 -0.00586312)
(-0.00536948 -0.0131144 -0.00601286)
(-0.00543701 -0.00778258 -0.00164746)
(-0.00549821 -0.00770797 -0.00194875)
(-0.00574254 -0.00953508 -0.00328139)
(-0.00541175 -0.0083239 -0.00241738)
(-0.00574164 -0.00842697 -0.00219824)
(-0.00556023 -0.0089366 -0.00265361)
(-0.00557745 -0.00922434 -0.00213491)
(-0.00619619 -0.00990357 -0.00293162)
(-0.00619359 -0.00899743 -0.00268228)
(-0.00526782 -0.00864367 -0.000896812)
(-0.00536166 -0.00857846 -0.00108919)
(-0.00509709 -0.00806159 -0.000412583)
(-0.00492841 -0.008591 -8.85943e-05)
(-0.00510318 -0.00852536 -0.000263052)
(-0.00549118 -0.00856041 -0.00110749)
(-0.00595759 -0.00924865 -0.00125986)
(-0.00522401 -0.00886141 -0.000814243)
(-0.00552609 -0.00933817 -0.00115937)
(-0.00541417 -0.0153706 -0.000496136)
(-0.00531705 -0.0139668 -0.000159781)
(-0.00524893 -0.0138513 -0.000284488)
(-0.00557613 -0.0141693 -0.000187194)
(-0.00550871 -0.0145229 -0.000188659)
(-0.00531171 -0.0148849 -0.000418251)
(-0.00499041 -0.013162 -0.000172289)
(-0.00519329 -0.0131669 -4.31378e-05)
(-0.00504533 -0.012584 1.03744e-05)
(-0.0046544 -0.00808306 -4.70714e-05)
(-0.00462724 -0.00857175 2.43743e-05)
(-0.00455207 -0.00818315 -2.16052e-05)
(-0.00500582 -0.0107121 0.00015958)
(-0.00460346 -0.00875261 9.18303e-06)
(-0.00480645 -0.00862712 8.54127e-05)
(-0.004933 -0.0093297 0.000159088)
(-0.00443598 -0.00888336 0.000129834)
(-0.00435344 -0.00877196 0.000106849)
(-0.00425679 -0.00957959 5.32519e-05)
(-0.00496987 -0.0123618 8.68688e-05)
(-0.00471784 -0.0112482 0.000188421)
(-0.0070715 -0.0185676 -0.00116908)
(-0.00676146 -0.0182312 -0.00148322)
(-0.00554196 -0.0149624 -0.000527944)
(-0.00696027 -0.0182918 -0.000916058)
(-0.00504376 -0.0115903 0.000241017)
(-0.00489864 -0.0107486 0.000168413)
(-0.00487838 -0.0103869 0.000229966)
(-0.00648914 -0.017299 -0.000766645)
(-0.00606725 -0.0171219 -0.000696939)
(-0.00520611 -0.0149864 -0.000709079)
(-0.00617694 -0.0164667 -0.000422475)
(-0.0053869 -0.014759 -0.000366306)
(-0.00517408 -0.0134492 -0.00023667)
(-0.00655902 -0.017993 -0.00134934)
(-0.00620012 -0.0168612 -0.00119627)
(-0.00570093 -0.0157531 -0.000924555)
(-0.00728298 -0.0189476 -0.00129394)
(-0.00694931 -0.0183127 -0.00104577)
(-0.00748154 -0.0197014 -0.00111611)
(-0.00647044 -0.017494 -0.00114615)
(-0.00524721 -0.0138645 -0.000159289)
(-0.0051691 -0.0140107 -0.000480341)
(-0.00492754 -0.0105558 0.000203376)
(-0.00467424 -0.00991712 0.000142245)
(-0.00508478 -0.012898 -6.01237e-05)
(-0.00526281 -0.0127569 8.77967e-05)
(-0.00507251 -0.0127951 -8.56136e-06)
(-0.00490237 -0.0112424 0.000151549)
(-0.00493391 -0.0127552 -0.000107093)
(-0.00486821 -0.0117605 5.21051e-05)
(-0.0049459 -0.00957119 0.000334973)
(-0.00477905 -0.00989716 0.000228407)
(-0.0053406 -0.00889612 -0.000456352)
(-0.00475553 -0.00867462 0.00013122)
(-0.00455332 -0.00852719 9.76373e-05)
(-0.00506501 -0.00954976 0.000229505)
(-0.00492111 -0.00860698 -5.77389e-05)
(-0.00483399 -0.00823312 -4.73645e-05)
(-0.0047435 -0.0085776 -0.000126893)
(-0.00484976 -0.00910386 0.000143944)
(-0.00477838 -0.00836963 -0.000218103)
(-0.00274104 -0.0205026 -5.41008e-06)
(-0.00307457 -0.0218809 9.37105e-06)
(-0.00425479 -0.0210537 0.000922331)
(-0.00331442 -0.0204108 0.000659968)
(-0.00677897 -0.0243702 0.00238474)
(-0.00467349 -0.0223762 0.00165328)
(-0.00571154 -0.0229207 0.0018189)
(-0.00578187 -0.0224734 0.00218832)
(-0.0030939 -0.0208471 0.00123549)
(-0.00444336 -0.0222479 0.00112668)
(-0.00478093 -0.0223062 0.00177304)
(-0.0045612 -0.0230617 0.00128511)
(-0.00481928 -0.0220162 0.00169258)
(-0.00591035 -0.013449 -0.00423307)
(-0.0060649 -0.0103681 -0.00246107)
(-0.00593486 -0.0120372 -0.00449096)
(-0.00516291 -0.012935 -0.004718)
(-0.00579089 -0.0131251 -0.00479877)
(-0.00554627 -0.0119527 -0.00441544)
(-0.00563693 -0.0123704 -0.00457958)
(-0.00520474 -0.0144178 -0.0061856)
(-0.00523033 -0.0124143 -0.00518675)
(-0.00564701 -0.0135066 -0.0048611)
(-0.00519032 -0.0133029 -0.00491616)
(-0.00532571 -0.0155019 -0.00569808)
(-0.00499469 -0.0145082 -0.0050565)
(-0.00596594 -0.0137905 -0.00553558)
(-0.00351732 -0.0182636 -0.00346733)
(-0.00375314 -0.0174436 -0.00354107)
(-0.00339185 -0.0192894 -0.00209726)
(-0.00352678 -0.0182057 -0.00267846)
(-0.00306928 -0.01821 -0.00248978)
(-0.00336351 -0.0181148 -0.00236719)
(-0.00364249 -0.0177003 -0.00258215)
(-0.0048515 -0.0143924 -0.00378726)
(-0.00462696 -0.0163754 -0.00336085)
(-0.00481167 -0.0164199 -0.00332534)
(-0.00388049 -0.0175895 -0.00528954)
(-0.00259244 -0.0181137 -0.00715241)
(-0.00346344 -0.0161683 -0.00705254)
(-0.00427122 -0.0165225 -0.00722011)
(-0.00414576 -0.0145071 -0.00694372)
(-0.00482937 -0.0146709 -0.00639335)
(-0.00490799 -0.0146471 -0.00678123)
(-0.00593633 -0.00974364 -0.00164739)
(-0.0054708 -0.00904053 -0.00141177)
(-0.00544355 -0.00891486 -0.000961791)
(-0.00603577 -0.00961529 -0.00157948)
(-0.00559614 -0.00979848 -0.00119236)
(-0.00536096 -0.00871374 -0.00128891)
(-0.00592591 -0.0107792 -0.00295275)
(-0.00617748 -0.0101668 -0.00265155)
(-0.00617245 -0.0107589 -0.00265521)
(-0.0062913 -0.0107488 -0.00287238)
(-0.00590852 -0.00959081 -0.0018234)
(-0.00562469 -0.00985979 -0.00185393)
(-0.00593631 -0.00921686 -0.00185426)
(-0.00592832 -0.0100429 -0.00221421)
(-0.00525907 -0.0155464 -0.00362738)
(-0.00512117 -0.0138869 -0.00312881)
(-0.0055704 -0.00960065 -0.00094619)
(-0.00542625 -0.00894375 -0.000893441)
(-0.00554321 -0.00898977 -0.000685901)
(-0.0039954 -0.0223682 0.000824981)
(-0.00714568 -0.0235879 0.00299456)
(-0.00374133 -0.0238331 0.00204926)
(-0.00325119 -0.0219309 0.000466409)
(-0.00301201 -0.020818 0.00028328)
(-0.00435165 -0.0234021 0.00235413)
(-0.00409469 -0.0227713 0.0020971)
(-0.00429577 -0.0230819 0.00220804)
(-0.00389411 -0.0227619 0.00194853)
(-0.00301422 -0.0223726 0.00113456)
(-0.00380695 -0.0233493 0.00155967)
(-0.00322652 -0.0216777 0.00115438)
(-0.00412704 -0.0228701 0.00193131)
(-0.00454429 -0.0226315 0.00209868)
(-0.00473043 -0.0225769 0.00221422)
(-0.00552898 -0.0236159 0.00224304)
(-0.00501273 -0.0221177 0.00192616)
(-0.00473984 -0.0231344 0.00192462)
(-0.0056638 -0.0231124 0.00251566)
(-0.00687741 -0.0240366 0.00228169)
(-0.00649172 -0.0222311 0.00250997)
(-0.00642361 -0.0222015 0.00230396)
(-0.00585158 -0.0224669 0.00197643)
(-0.00606015 -0.0244626 0.00273213)
(-0.00529242 -0.0225281 0.0023369)
(-0.00517655 -0.0238883 0.00238257)
(-0.00455366 -0.0245495 0.00272408)
(-0.00486341 -0.0230322 0.00260168)
(-0.00407381 -0.0248798 0.00283585)
(-0.00377404 -0.0243575 0.00226023)
(-0.00292513 -0.023874 0.00192581)
(-0.00367238 -0.0246465 0.00259556)
(-0.00326606 -0.0233266 0.00190953)
(-0.00277139 -0.0233267 0.000390788)
(-0.00479715 -0.0243216 0.00300021)
(-0.00730776 -0.0256548 0.00353303)
(-0.00531997 -0.0232273 0.00274671)
(-0.00558648 -0.0238079 0.00328848)
(-0.00612509 -0.0258596 0.0029969)
(-0.00646106 -0.0241651 0.00283534)
(-0.00694346 -0.0241416 0.00280763)
(-0.00761939 -0.0238576 0.0034752)
(-0.00760809 -0.0242595 0.0035905)
(-0.00740085 -0.0237628 0.00317241)
(-0.00418402 -0.0233415 0.00273922)
(-0.00394093 -0.0240051 0.00233129)
(-0.00379899 -0.0235878 0.00246772)
(-0.00470622 -0.024007 0.00278441)
(-0.00487991 -0.0248425 0.00332863)
(-0.00505901 -0.0233656 0.00314959)
(-0.00555151 -0.024238 0.0034846)
(-0.00560594 -0.0247654 0.00341582)
(-0.00613378 -0.0259461 0.0040357)
(-0.00654231 -0.0247553 0.00343433)
(-0.00270543 -0.0246917 0.00136236)
(-0.00160434 -0.0231313 0.00105799)
(-0.00233976 -0.0222928 0.000252999)
(-0.00190673 -0.0237017 -0.000639018)
(-0.00220332 -0.0242471 -0.000370277)
(-0.00304114 -0.0187412 -0.00268249)
(-0.00281156 -0.0200901 -0.00216515)
(-0.00284368 -0.0200784 -0.000933698)
(-0.00320727 -0.0185468 -0.00213755)
(-0.00329961 -0.019104 -0.0024087)
(-0.00311091 -0.01926 -0.00233487)
(-0.00261789 -0.0195078 -0.00193508)
(-0.00262008 -0.0198543 -0.00142562)
(-0.00282035 -0.0190575 -0.00219436)
(-0.00272924 -0.0194925 -0.00121776)
(-0.00216922 -0.0196427 -0.000851864)
(-0.0031225 -0.0207068 -0.00192876)
(-0.00376355 -0.0183459 -0.00444427)
(-0.00396573 -0.0189805 -0.0051914)
(-0.00332489 -0.0187192 -0.00491481)
(-0.00322838 -0.0189814 -0.00444635)
(-0.00334417 -0.0181678 -0.00409629)
(-0.00342005 -0.0196203 -0.004131)
(-0.00349762 -0.0190677 -0.00410435)
(-0.00325374 -0.019787 -0.00353647)
(-0.00264809 -0.0200079 -0.0024715)
(-0.00251816 -0.019751 -0.00439311)
(-0.00262505 -0.0185846 -0.00367091)
(-0.00261515 -0.0193276 -0.0031448)
(-0.002729 -0.0203361 -0.00279236)
(-0.00275535 -0.0200153 -0.00336612)
(-0.00245531 -0.0205867 -0.00222499)
(-0.00267092 -0.021254 -0.00171045)
(-0.00213653 -0.0194989 -0.00540242)
(-0.00211482 -0.0196318 -0.00541122)
(-0.00236712 -0.019826 -0.0059298)
(-0.00126536 -0.0220219 -0.00424345)
(-0.00152613 -0.0221744 -0.00396573)
(-0.0011617 -0.0214716 -0.00508595)
(-0.0018407 -0.0215144 -0.00559992)
(-0.00242379 -0.0212173 -0.0025795)
(-0.00249338 -0.0207611 -0.00315659)
(-0.00278985 -0.0210287 -0.00456622)
(-0.00266769 -0.0209575 -0.00409214)
(-0.00238899 -0.0215886 -0.00364564)
(-0.00223822 -0.0215652 -0.00315202)
(-0.00219085 -0.0218328 -0.00343638)
(-0.0020428 -0.0205643 -0.00405986)
(-0.00227645 -0.0217359 -0.00184362)
(-0.00204734 -0.0224206 -0.00129713)
(-0.00262618 -0.021939 -0.00240174)
(-0.00252647 -0.0213161 -0.00196182)
(-0.00499592 -0.0230569 0.00183572)
(-0.00543236 -0.0225608 0.00196392)
(-0.00922256 -0.0250548 0.00102992)
(-0.0100572 -0.0237826 -0.000724829)
(-0.00526551 -0.0136034 -0.00358712)
(-0.00619148 -0.0112244 -0.00265512)
(-0.00581763 -0.0102226 -0.00202816)
(-0.00632029 -0.0112358 -0.00217754)
(-0.00575636 -0.0107526 -0.0024713)
(-0.00560969 -0.0103015 -0.00198851)
(-0.00573719 -0.010626 -0.002395)
(-0.00566525 -0.0109308 -0.00248886)
(-0.00576841 -0.0116687 -0.00287993)
(-0.00566351 -0.0134554 -0.00363746)
(-0.00552777 -0.0128497 -0.00353172)
(-0.00605345 -0.0132349 -0.00336884)
(-0.00573722 -0.0126859 -0.00311391)
(-0.00559334 -0.0117217 -0.00273889)
(-0.00548231 -0.012534 -0.00323701)
(-0.00545108 -0.0122237 -0.00293486)
(-0.0061472 -0.0120575 -0.00329936)
(-0.00622097 -0.0117864 -0.00304389)
(-0.00589903 -0.0124254 -0.00334146)
(-0.00612773 -0.0115071 -0.00304092)
(-0.00272176 -0.0166232 -0.00915773)
(-0.00420324 -0.0119675 -0.00741377)
(-0.0041524 -0.0143148 -0.00815881)
(-0.00381894 -0.0157992 -0.00807727)
(-0.00343418 -0.0143275 -0.00832586)
(-0.0041441 -0.01359 -0.00801642)
(-0.00079822 -0.0239868 -0.00417868)
(-0.000730501 -0.0241432 -0.00338844)
(-0.000901769 -0.0223464 -0.00479107)
(-0.00128311 -0.0216109 -0.0053067)
(-0.00111085 -0.0206972 -0.00604006)
(-0.00227237 -0.0193088 -0.00720174)
(-0.00178828 -0.0188898 -0.0083106)
(-0.000692162 -0.0232923 -0.00549563)
(-0.0016167 -0.0206146 -0.00787381)
(-0.00153571 -0.0198547 -0.00706421)
(-0.000884543 -0.0210349 -0.0066798)
(-0.000966556 -0.0219202 -0.00604949)
(-0.000500775 -0.0244701 -0.00391088)
(-0.000334773 -0.0233537 -0.00494016)
(-0.00280984 -0.0158009 -0.00934347)
(-0.00169039 -0.0189425 -0.00887728)
(-0.00218736 -0.0176303 -0.00922547)
(-0.00239789 -0.0172564 -0.00931568)
(-0.00177495 -0.0182539 -0.00912649)
(-0.000124335 -0.0244439 -0.00305143)
(0.000178071 -0.0249091 -0.00356321)
(-0.000396103 -0.0258199 0.00193601)
(-0.00127146 -0.0256957 0.00126365)
(0.000693983 -0.0249975 -0.00284119)
(-0.00224401 -0.0274834 0.00136844)
(-0.00120947 -0.0260388 0.000159316)
(-0.00027436 -0.0260533 -0.00206654)
(-0.0104536 -0.0256949 0.00294574)
(-0.0107404 -0.027001 0.00461106)
(-0.00990016 -0.0256618 0.0040912)
(-0.00808173 -0.0247946 0.00501534)
(-0.00927981 -0.0253005 0.0045765)
(-0.0067896 -0.0253481 0.00508793)
(-0.00674398 -0.0271244 0.00500454)
(-0.00660846 -0.0248842 0.00506331)
(-0.00524782 -0.024292 0.00560886)
(-0.00392214 -0.0268272 0.00427347)
(-0.00547985 -0.00770631 -0.00397621)
(-0.00526776 -0.00675462 -0.00314371)
(-0.00546828 -0.00731465 -0.00362897)
(-0.00548918 -0.00664943 -0.00320621)
(-0.00491679 -0.0061564 -0.00134508)
(-0.00496657 -0.00638145 -0.00170209)
(-0.00483244 -0.00552104 -0.00110721)
(-0.00465138 -0.00557775 -0.000834035)
(-0.004703 -0.00562714 -0.00115383)
(-0.00498022 -0.00545548 -0.00141854)
(-0.00508983 -0.00617078 -0.00218321)
(-0.00536366 -0.00613541 -0.00202206)
(-0.00520093 -0.0058583 -0.00178248)
(-0.00512566 -0.0057508 -0.00170872)
(-0.00581911 -0.00620198 -0.00199776)
(-0.00517478 -0.00558262 -0.00154793)
(-0.00519916 -0.00568981 -0.00120499)
(-0.00541938 -0.00575784 -0.00164621)
(-0.00443011 -0.0121603 -0.00746232)
(-0.00526598 -0.010153 -0.00628539)
(-0.00475275 -0.0102352 -0.00667968)
(-0.00485115 -0.0108439 -0.00711257)
(-0.00518211 -0.00825753 -0.00491959)
(-0.00458486 -0.011151 -0.00734246)
(-0.0114045 -0.0267535 -0.000352662)
(-0.00578318 -0.00675217 -0.00057409)
(-0.00576333 -0.0077343 -5.63516e-05)
(-0.00457567 -0.0140968 -3.35561e-05)
(-0.00489644 -0.0164608 8.28462e-05)
(-0.00510468 -0.0222864 -0.00241936)
(-0.00553578 -0.023449 -0.00210252)
(-0.00567793 -0.0242049 -0.00297422)
(-0.00635382 -0.0243804 -0.00359875)
(-0.00507447 -0.00575609 -0.000914216)
(-0.00462103 -0.00594646 -0.000621373)
(-0.00436748 -0.00629098 -0.000231201)
(-0.00483389 -0.00609678 -0.00055575)
(-0.00499927 -0.00733068 -9.32227e-05)
(-0.00533299 -0.00650406 -0.000398485)
(-0.00450187 -0.00645128 -0.000304108)
(-0.00447848 -0.0122471 0.000287098)
(-0.00505682 -0.00859349 0.000135234)
(-0.00480451 -0.0103179 0.00017782)
(-0.00416723 -0.0107959 6.59545e-05)
(-0.00444694 -0.00722837 -0.000111888)
(-0.00407871 -0.00905667 0.000180541)
(-0.00460538 -0.00807671 -5.96915e-06)
(-0.00433575 -0.00678757 -0.000125446)
(-0.00427971 -0.00770437 0.000207288)
(-0.00474239 -0.00970391 0.000177367)
(-0.0054863 -0.00830721 -0.00459697)
(-0.00537934 -0.00793991 -0.00444073)
(-0.00545443 -0.00856974 -0.0051218)
(-0.00510796 -0.00897253 -0.00559345)
(-0.00509641 -0.00624695 -0.00232738)
(-0.00578407 -0.00685397 -0.00316774)
(-0.00510197 -0.00604007 -0.00211196)
(-0.00528774 -0.00678316 -0.00282929)
(-0.00290642 -0.0257737 0.00418775)
(-0.000171477 -0.0230573 -0.00523311)
(0.000360972 -0.0231284 -0.00439871)
(0.000468724 -0.0240925 -0.00503227)
(-0.00107584 -0.0193883 -0.00830672)
(-0.00103769 -0.0195272 -0.00893963)
(-0.00073555 -0.0220389 -0.00678671)
(-0.000772827 -0.0204799 -0.00730373)
(-0.00065906 -0.0209503 -0.00800895)
(-0.00020402 -0.0222088 -0.00609269)
(-0.00547348 -0.0226273 0.00176697)
(-0.00643089 -0.0242272 0.00216072)
(-0.00189306 -0.0226852 -0.00158686)
(-0.00217771 -0.0227605 -0.00223352)
(-0.00175889 -0.0232454 -0.0033719)
(-0.00198586 -0.0216785 -0.00269306)
(-0.00298751 -0.019177 -0.00176831)
(-0.00302031 -0.018759 -0.00178809)
(-0.00253816 -0.0195931 -0.00104152)
(-0.00314202 -0.0197992 -0.00138668)
(-0.0031421 -0.0204952 -0.00137631)
(-0.00544652 -0.0144873 -0.00375772)
(-0.00547803 -0.0149875 -0.00387188)
(-0.00536987 -0.0145851 -0.00347113)
(-0.00516621 -0.0132977 -0.0035324)
(-0.00584065 -0.0141436 -0.00379473)
(-0.00565544 -0.0137905 -0.00338945)
(-0.00544586 -0.013709 -0.00341226)
(-0.00610934 -0.00979641 -0.00243068)
(-0.00574919 -0.00975673 -0.00149635)
(-0.0054431 -0.00877578 -0.00130981)
(-0.00560898 -0.00974346 -0.00195891)
(-0.00455943 -0.0161023 -0.00558185)
(-0.00419874 -0.0163246 -0.00651515)
(-0.00459049 -0.0160548 -0.00648427)
(-0.00439312 -0.0158642 -0.00606697)
(-0.00375731 -0.0176738 -0.00578353)
(-0.00386491 -0.0163375 -0.00574979)
(-0.00402157 -0.0166176 -0.00623516)
(-0.0034139 -0.0179878 -0.00469818)
(-0.00331636 -0.0177455 -0.00564973)
(-0.00276678 -0.0197856 -0.00522534)
(-0.00301474 -0.018387 -0.00419298)
(-0.00337476 -0.0176389 -0.00566179)
(-0.00314686 -0.0183478 -0.00512097)
(-0.00387996 -0.017411 -0.00640832)
(-0.00363433 -0.0172044 -0.00611537)
(-0.00383807 -0.017385 -0.002992)
(-0.00392302 -0.0162604 -0.00394622)
(-0.00466049 -0.0173571 -0.00331238)
(-0.00386654 -0.017006 -0.00328715)
(-0.00392177 -0.0178429 -0.00269869)
(-0.00422302 -0.0179268 -0.00286407)
(-0.00463387 -0.0178834 -0.00344317)
(-0.00411396 -0.0176552 -0.00299541)
(-0.00456171 -0.0176913 -0.00313121)
(-0.00596074 -0.0124484 -0.00412978)
(-0.00584759 -0.010356 -0.00313832)
(-0.00568706 -0.0102255 -0.0027243)
(-0.00581984 -0.0109528 -0.00285937)
(-0.00582854 -0.0109531 -0.00337136)
(-0.00567438 -0.0113222 -0.00331107)
(-0.00574915 -0.0126004 -0.00398533)
(-0.00571607 -0.0121637 -0.00387291)
(-0.00596419 -0.0116463 -0.0037494)
(-0.00601294 -0.0107566 -0.0033738)
(-0.00608657 -0.0113373 -0.00350533)
(-0.00603617 -0.0119706 -0.00415576)
(-0.0059437 -0.0117206 -0.00396356)
(-0.0052314 -0.00796296 -0.000687154)
(-0.00519024 -0.00860854 -0.000525526)
(-0.00558698 -0.0083736 -0.000938857)
(-0.00534612 -0.00862267 -0.000747567)
(-0.00508652 -0.00830176 -0.000458246)
(-0.00463511 -0.00799584 -0.000169143)
(-0.00507382 -0.00790618 -0.000538996)
(-0.00527196 -0.00875966 -0.000257617)
(-0.00488949 -0.008089 -0.000408652)
(-0.00553687 -0.00879241 -0.00167008)
(-0.00580234 -0.00840013 -0.00229028)
(-0.00573258 -0.00909713 -0.00212904)
(-0.00549334 -0.0082836 -0.00138056)
(-0.00526005 -0.00795215 -0.000866939)
(-0.00565345 -0.00855849 -0.00166159)
(-0.00562117 -0.00849168 -0.0014249)
(-0.00566545 -0.00866848 -0.00173435)
(-0.00538037 -0.0080605 -0.00116306)
(-0.00515431 -0.00763338 -0.00114093)
(-0.00544511 -0.00789868 -0.00157182)
(-0.00530427 -0.00774497 -0.00152912)
(-0.0055234 -0.00799393 -0.00179214)
(-0.00513809 -0.00758032 -0.00111155)
(-0.00551758 -0.00805119 -0.00124866)
(-0.00538663 -0.00701434 -0.00259912)
(-0.00547128 -0.0074014 -0.00331497)
(-0.00513159 -0.00686733 -0.00243207)
(-0.00543057 -0.00717337 -0.00290577)
(-0.00548837 -0.00743249 -0.00328562)
(-0.00514487 -0.0067065 -0.00292733)
(-0.00518906 -0.0113205 -0.00607984)
(-0.00541192 -0.0128833 -0.00642313)
(-0.004751 -0.0130391 -0.0065106)
(-0.00413495 -0.0145177 -0.00712703)
(-0.00416005 -0.0135937 -0.00765564)
(-0.00403292 -0.013392 -0.00717863)
(-0.00489577 -0.0101523 -0.00606476)
(-0.0048587 -0.0119685 -0.0066664)
(-0.00432683 -0.0117542 -0.00710903)
(-0.00489461 -0.00993554 -0.00591779)
(-0.00509575 -0.011307 -0.00580559)
(-0.00540881 -0.0103768 -0.00548266)
(-0.00590829 -0.0099148 -0.00405391)
(-0.00612738 -0.00971707 -0.00377625)
(-0.00587399 -0.00996932 -0.0039761)
(-0.0055178 -0.00964163 -0.00451807)
(-0.00572934 -0.0106892 -0.00507769)
(-0.00574283 -0.0109065 -0.00434695)
(-0.0056034 -0.00902753 -0.00360879)
(-0.00563094 -0.00913221 -0.00402473)
(-0.00595467 -0.00905908 -0.00336809)
(-0.00565975 -0.00837929 -0.00279516)
(-0.0060349 -0.00909049 -0.00334515)
(-0.00574326 -0.00813513 -0.00320957)
(-0.00448038 -0.00679568 -0.000496466)
(-0.0044536 -0.00729775 -0.000257327)
(-0.00444326 -0.00719595 -0.000331642)
(-0.00446117 -0.00701721 -0.000460256)
(-0.00441625 -0.0183272 -0.0013199)
(-0.00432925 -0.0186558 -0.00126453)
(-0.00454978 -0.0198439 -0.00206004)
(-0.0048044 -0.0208387 -0.00183816)
(-0.00386528 -0.0264453 0.00296071)
(-0.00402436 -0.0243872 0.0028891)
(-0.00426332 -0.0257121 0.00364654)
(-0.00571199 -0.0261319 0.00402444)
(-0.00429759 -0.0265112 0.00306676)
(-0.00435827 -0.0264231 0.00332415)
(-0.00445862 -0.0258514 0.00376753)
(-0.00602313 -0.0267934 0.00420649)
(-0.00659242 -0.0270407 0.00467995)
(-0.00544647 -0.0269594 0.00400486)
(-0.00676162 -0.0267411 0.00471074)
(-0.00974642 -0.0231088 -6.24389e-05)
(-0.00950753 -0.0228485 0.000144884)
(-0.00976804 -0.0238086 0.00061817)
(-0.00665329 -0.0178663 -0.000835036)
(-0.00587636 -0.016158 -0.000793556)
(-0.00601083 -0.0166025 -0.000638296)
(-0.00624893 -0.0172414 -0.000851606)
(-0.00701812 -0.0187714 -0.00102447)
(-0.00633643 -0.0177873 -0.00149222)
(-0.00690166 -0.0192939 -0.00145548)
(-0.00688807 -0.0187521 -0.000617574)
(-0.00583964 -0.0167325 -0.000991387)
(-0.00582893 -0.0169909 -0.00127234)
(-0.00745336 -0.0198147 -0.00152426)
(-0.00750165 -0.0195531 -0.0015068)
(-0.00844889 -0.0206507 -0.00119974)
(-0.00813391 -0.019927 -0.00130366)
(-0.00854141 -0.0217692 -0.00157043)
(-0.00855344 -0.0213573 -0.00111888)
(-0.0101948 -0.0251262 0.000372169)
(-0.00977528 -0.0230886 -0.000335264)
(-0.00957729 -0.0229978 -0.000497929)
(-0.00977259 -0.023761 -0.000405752)
(-0.00904403 -0.0227972 -0.00128839)
(-0.00919645 -0.0227784 -0.00102199)
(-0.00885147 -0.0221748 -0.0014496)
(-0.0100457 -0.0251719 -0.000947821)
(-0.00996946 -0.0237359 -0.000927608)
(-0.00913897 -0.0222537 -0.000960097)
(-0.00912419 -0.0225291 -0.00159101)
(-0.00896518 -0.0218106 -0.00114271)
(-0.00940793 -0.0225715 -0.000849046)
(-0.0101022 -0.0248744 0.000861352)
(-0.0109578 -0.0261003 0.000284181)
(-0.0101992 -0.0249008 0.000722496)
(-0.0094601 -0.0232593 -0.00151979)
(-0.00986177 -0.0237113 0.000139736)
(-0.0104767 -0.0263699 -0.000637787)
(-0.0101715 -0.0240926 -0.000300778)
(-0.0104872 -0.0244661 -0.000513411)
(-0.00982553 -0.0240665 -0.00116299)
(-0.0106868 -0.0259422 -0.00124005)
(-0.0102621 -0.0253168 -0.000810702)
(-0.0104142 -0.0261154 -0.00119771)
(-0.00729714 -0.021894 -0.0025601)
(-0.00757848 -0.022412 -0.00205372)
(-0.00796756 -0.0228369 -0.00256965)
(-0.00953865 -0.0250994 -0.00220589)
(-0.00821196 -0.0229701 -0.00232448)
(-0.0093041 -0.0250674 -0.00207077)
(-0.00796879 -0.0233238 -0.00270515)
(-0.00946987 -0.0259037 -0.00238613)
(-0.0107519 -0.0269045 -0.00140595)
(-0.0107213 -0.0260814 -0.0015873)
(-0.0100819 -0.0260709 -0.00210294)
(-0.00532979 -0.0199647 -0.00193963)
(-0.00483824 -0.0182592 -0.00140279)
(-0.00574431 -0.0236771 -0.00355842)
(-0.00710714 -0.0250973 -0.00321382)
(-0.00500258 -0.0218217 -0.00306244)
(-0.00785104 -0.0245712 -0.00346852)
(-0.0083759 -0.0253775 -0.00286512)
(-0.00743176 -0.0242767 -0.00282451)
(-0.00461325 -0.0177569 -0.00166112)
(-0.00709908 -0.0233899 -0.00336368)
(-0.00570891 -0.0199817 -0.00241874)
(-0.00515861 -0.0180853 -0.00128399)
(-0.00441527 -0.0129514 -0.000177759)
(-0.00434417 -0.0114888 0.000136273)
(-0.00423388 -0.0102667 -3.72786e-05)
(-0.00367809 -0.00991922 -7.15468e-05)
(-0.00438645 -0.0107866 0.000219351)
(-0.00413988 -0.0118179 0.000103047)
(-0.0041084 -0.00902938 9.97848e-05)
(-0.00398025 -0.0119696 -0.000104536)
(-0.00377852 -0.00910266 8.77582e-05)
(-0.00444452 -0.013445 -0.000167801)
(-0.00446191 -0.0125041 -9.55537e-05)
(-0.00444785 -0.01302 -0.000295741)
(-0.00452462 -0.0119508 -4.61626e-05)
(-0.00579208 -0.0178804 -0.0011097)
(-0.0046809 -0.015287 -0.000800662)
(-0.00520424 -0.0158911 -0.000755688)
(-0.00547034 -0.0167567 -0.000755937)
(-0.00485141 -0.0148524 -0.000575163)
(-0.00549489 -0.0175584 -0.00111389)
(-0.00489647 -0.015078 -0.000541349)
(-0.011167 -0.0283285 0.00279334)
(-0.00957481 -0.0249701 0.00255669)
(-0.00470589 -0.015394 -0.00458314)
(-0.00493083 -0.0157386 -0.00512978)
(-0.00278645 -0.0217824 -0.000314252)
(-0.00252041 -0.0211582 -0.00033995)
)
;
    }
    INLET
    {
        type            calculated;
        value           nonuniform 0();
    }
    OUTLET
    {
        type            calculated;
        value           nonuniform 0();
    }
    procBoundary3to2
    {
        type            processor;
        value           uniform (0 0 0);
    }
    procBoundary3to7
    {
        type            processor;
        value           uniform (0 0 0);
    }
}


// ************************************************************************* //
