/*--------------------------------*- C++ -*----------------------------------*\
| =========                 |                                                 |
| \\      /  F ield         | OpenFOAM: The Open Source CFD Toolbox           |
|  \\    /   O peration     | Version:  v1612+                                |
|   \\  /    A nd           | Web:      www.OpenFOAM.com                      |
|    \\/     M anipulation  |                                                 |
\*---------------------------------------------------------------------------*/
FoamFile
{
    version     2.0;
    format      ascii;
    class       volVectorField;
    location    "100";
    object      wallShearStress;
}
// * * * * * * * * * * * * * * * * * * * * * * * * * * * * * * * * * * * * * //

dimensions      [0 2 -2 0 0 0 0];

internalField   uniform (0 0 0);

boundaryField
{
    WALL
    {
        type            calculated;
        value           nonuniform List<vector> 
1500
(
(-0.0130538 -0.0200462 -0.00821228)
(-0.0138432 -0.021546 -0.00855752)
(-0.00825708 -0.0104094 -0.00325281)
(-0.00942323 -0.0112554 -0.00362434)
(-0.00961525 -0.0116953 -0.00395841)
(-0.00979433 -0.0119417 -0.0040802)
(-0.00943743 -0.0106789 -0.00451012)
(-0.00881293 -0.0107763 -0.00356731)
(-0.0127715 -0.0137601 -0.00662741)
(-0.011958 -0.0147636 -0.00531238)
(-0.00652258 -0.00880803 -0.00257412)
(-0.00622853 -0.00825888 -0.00244654)
(-0.00880301 -0.0113895 -0.00378445)
(-0.00903544 -0.0117221 -0.00393562)
(-0.00779384 -0.0101582 -0.00298599)
(-0.00718819 -0.00976061 -0.00259696)
(-0.00833939 -0.0106842 -0.00272985)
(-0.00878938 -0.0112096 -0.00336994)
(-0.00903998 -0.0110976 -0.00372158)
(-0.00909144 -0.0120066 -0.00458657)
(-0.0088525 -0.0113575 -0.00460388)
(-0.00917887 -0.0118064 -0.00422471)
(-0.0154771 -0.0181632 -0.00671388)
(-0.0164056 -0.0188055 -0.0074836)
(-0.0111919 -0.0137575 -0.00441946)
(-0.0113915 -0.0150618 -0.00448614)
(-0.00955578 -0.0134527 -0.00546338)
(-0.00918485 -0.0121067 -0.00448028)
(-0.0104288 -0.0152478 -0.00596588)
(-0.0110548 -0.0156573 -0.00594988)
(-0.0121387 -0.0187039 -0.00699839)
(-0.0119253 -0.0172908 -0.00639933)
(-0.00747537 -0.00853289 -0.00412152)
(-0.00856193 -0.00979209 -0.0048099)
(-0.0107906 -0.0142633 -0.00658171)
(-0.0102604 -0.0135583 -0.00629416)
(-0.0106214 -0.0150292 -0.00821179)
(-0.0100676 -0.0155566 -0.00831172)
(-0.00870652 -0.013547 -0.00654137)
(-0.00949423 -0.0149317 -0.00788277)
(-0.00928525 -0.0123106 -0.00475839)
(-0.00896004 -0.0119266 -0.00468216)
(-0.00925288 -0.0121762 -0.00455523)
(-0.00907194 -0.0120294 -0.00434039)
(-0.0103687 -0.0132744 -0.00606197)
(-0.00952248 -0.0132717 -0.0061868)
(-0.00817168 -0.0147138 -0.00635294)
(-0.00737904 -0.0141059 -0.00623641)
(-0.010377 -0.0136189 -0.005818)
(-0.0113344 -0.0153396 -0.00656788)
(-0.0082886 -0.0106882 -0.00332064)
(-0.00750917 -0.00986571 -0.00321294)
(-0.00861675 -0.0112935 -0.00376528)
(-0.00846861 -0.0113944 -0.00387175)
(-0.00862491 -0.0108453 -0.00348047)
(-0.00853393 -0.010782 -0.00346447)
(-0.00937666 -0.0126302 -0.0053349)
(-0.0097706 -0.0133042 -0.00594008)
(-0.00920182 -0.0125514 -0.00566026)
(-0.00929025 -0.0121783 -0.00487541)
(-0.0106939 -0.0131978 -0.00481639)
(-0.010955 -0.0126453 -0.00532467)
(-0.00984163 -0.012791 -0.00453292)
(-0.00882718 -0.0121996 -0.00503006)
(-0.00906178 -0.0118499 -0.00449405)
(-0.00917657 -0.0125105 -0.00559246)
(-0.00690506 -0.00910635 -0.00282816)
(-0.00608863 -0.00807638 -0.00247323)
(-0.00624989 -0.00809943 -0.00261508)
(-0.00625805 -0.00802563 -0.00262798)
(-0.00617301 -0.00762213 -0.00261601)
(-0.0103312 -0.0127007 -0.00427516)
(-0.0103486 -0.0132861 -0.00439132)
(-0.010549 -0.014007 -0.00445335)
(-0.0101839 -0.0133648 -0.00442089)
(-0.0104902 -0.0132671 -0.00450692)
(-0.0098309 -0.0132779 -0.00439688)
(-0.00930657 -0.0113048 -0.00440283)
(-0.0098517 -0.0119171 -0.00454391)
(-0.00957184 -0.0118244 -0.00443138)
(-0.0101657 -0.0122882 -0.00476145)
(-0.00945745 -0.0117755 -0.00400698)
(-0.00978547 -0.0117889 -0.00403071)
(-0.00922493 -0.0119835 -0.00431168)
(-0.00910426 -0.0121599 -0.00521537)
(-0.00914948 -0.0118773 -0.0046381)
(-0.00883409 -0.0111432 -0.00391461)
(-0.00977603 -0.0126917 -0.00472767)
(-0.00873848 -0.011729 -0.00448609)
(-0.00958006 -0.0122825 -0.00443537)
(-0.00968525 -0.0126249 -0.00461593)
(-0.0090724 -0.0123822 -0.00474415)
(-0.00945189 -0.0123866 -0.00471812)
(-0.0112285 -0.0135663 -0.0046133)
(-0.011245 -0.0143454 -0.00451899)
(-0.0111522 -0.0136745 -0.00458194)
(-0.0107694 -0.0131073 -0.00443228)
(-0.011358 -0.0142092 -0.00461454)
(-0.0115336 -0.0141293 -0.00478536)
(-0.0106808 -0.0124877 -0.00473981)
(-0.010579 -0.0124893 -0.00493856)
(-0.0111458 -0.0126196 -0.00561818)
(-0.0109852 -0.0128757 -0.00537943)
(-0.0108543 -0.0123999 -0.00555731)
(-0.0128379 -0.0192376 -0.00649675)
(-0.0123454 -0.0177801 -0.00622969)
(-0.0123528 -0.0181033 -0.00636749)
(-0.0133287 -0.0191273 -0.00660182)
(-0.0123598 -0.0191152 -0.00664592)
(-0.00813112 -0.00905632 -0.0054052)
(-0.00863715 -0.00923552 -0.00647296)
(-0.00805334 -0.00877452 -0.0050117)
(-0.00796458 -0.00860321 -0.005304)
(-0.00709754 -0.00760714 -0.00430146)
(-0.00736974 -0.00776984 -0.00461803)
(-0.0108404 -0.0149616 -0.0062157)
(-0.00999548 -0.0137325 -0.00579226)
(-0.0103996 -0.0142502 -0.00594217)
(-0.0104534 -0.0148974 -0.00613755)
(-0.0108116 -0.0148697 -0.00598844)
(-0.010557 -0.0157408 -0.00682611)
(-0.0105773 -0.0163535 -0.00940874)
(-0.0120447 -0.0170715 -0.00966224)
(-0.010565 -0.0147653 -0.00931139)
(-0.0105423 -0.0151784 -0.010241)
(-0.00844086 -0.0101801 -0.00345222)
(-0.00816735 -0.00976917 -0.00342308)
(-0.00802331 -0.0100368 -0.00320238)
(-0.00918948 -0.0109633 -0.00363057)
(-0.00811467 -0.010636 -0.00335519)
(-0.00842222 -0.0106486 -0.00322278)
(-0.0078276 -0.00956383 -0.0031809)
(-0.00824155 -0.0102097 -0.00345502)
(-0.00819931 -0.00995801 -0.00331672)
(-0.00826339 -0.0104082 -0.00321342)
(-0.00823717 -0.00990296 -0.00329455)
(-0.00988296 -0.0135515 -0.00514217)
(-0.00949105 -0.0126504 -0.00499257)
(-0.00927089 -0.0131167 -0.0052014)
(-0.0101184 -0.013045 -0.00511019)
(-0.00975963 -0.0127351 -0.00458639)
(-0.00985027 -0.0134711 -0.00531852)
(-0.010394 -0.014519 -0.00562534)
(-0.0100298 -0.0143575 -0.00552831)
(-0.00989632 -0.0136964 -0.0052112)
(-0.00904177 -0.0130262 -0.00566309)
(-0.00950436 -0.0131897 -0.00530776)
(-0.0102575 -0.0138832 -0.00549277)
(-0.00960847 -0.0137555 -0.00603431)
(-0.0096645 -0.0127242 -0.00474299)
(-0.0101069 -0.0134381 -0.00575232)
(-0.0101342 -0.0141899 -0.00631362)
(-0.0102953 -0.0136778 -0.00561039)
(-0.0104789 -0.0164881 -0.00980721)
(-0.0121262 -0.0171025 -0.00889267)
(-0.0140382 -0.021741 -0.00795352)
(-0.0144491 -0.0218464 -0.00774686)
(-0.0130777 -0.020456 -0.00907032)
(-0.0120171 -0.0192609 -0.00852471)
(-0.0123939 -0.0183905 -0.00798282)
(-0.0134456 -0.0205207 -0.0078572)
(-0.0125973 -0.0202435 -0.00888884)
(-0.0133078 -0.0209251 -0.00877221)
(-0.0128598 -0.0197206 -0.00943523)
(-0.0122439 -0.0194722 -0.00923053)
(-0.0083508 -0.0104982 -0.00311837)
(-0.00828209 -0.00998864 -0.0034763)
(-0.00793936 -0.00991481 -0.00310899)
(-0.00819183 -0.0104182 -0.00336448)
(-0.00856553 -0.0102313 -0.00360263)
(-0.00846153 -0.0104574 -0.00334282)
(-0.00782135 -0.0100177 -0.00306662)
(-0.00798495 -0.0100272 -0.00317609)
(-0.00828909 -0.010177 -0.00340386)
(-0.00807996 -0.010369 -0.00314412)
(-0.00798157 -0.010303 -0.00318595)
(-0.00801172 -0.0102962 -0.00323446)
(-0.00840548 -0.0110034 -0.00360108)
(-0.00845154 -0.0107517 -0.00343771)
(-0.00810929 -0.0105006 -0.00336089)
(-0.00821166 -0.0106263 -0.00341967)
(-0.00809281 -0.0108281 -0.00344648)
(-0.00789897 -0.0102336 -0.00322107)
(-0.0092746 -0.0110717 -0.00361256)
(-0.00881643 -0.0108533 -0.00369914)
(-0.00847375 -0.010379 -0.00342567)
(-0.00898643 -0.0110374 -0.00323037)
(-0.0089814 -0.0109049 -0.00421432)
(-0.00942553 -0.0114622 -0.00364426)
(-0.00850572 -0.010299 -0.00334034)
(-0.00885729 -0.0113358 -0.00355653)
(-0.00853201 -0.0100386 -0.00377573)
(-0.00832744 -0.0101059 -0.00335972)
(-0.00861898 -0.0104882 -0.00408952)
(-0.00969425 -0.0116276 -0.00475737)
(-0.00837058 -0.0104323 -0.00382709)
(-0.00836964 -0.0101658 -0.00429795)
(-0.00880942 -0.0108062 -0.00320982)
(-0.00893703 -0.0107081 -0.00443166)
(-0.00893978 -0.0111985 -0.00348905)
(-0.008668 -0.0106173 -0.00338354)
(-0.00885533 -0.0105743 -0.00406001)
(-0.00914228 -0.0110879 -0.00419836)
(-0.00910587 -0.0110637 -0.00331852)
(-0.00819147 -0.0100474 -0.00304787)
(-0.00906391 -0.0111906 -0.00361427)
(-0.00902628 -0.0115951 -0.00474253)
(-0.00865645 -0.0107119 -0.00404441)
(-0.00880568 -0.0113925 -0.00494734)
(-0.00959202 -0.0117237 -0.00412315)
(-0.00946226 -0.0120192 -0.00487107)
(-0.00933858 -0.0117037 -0.00410291)
(-0.00890476 -0.0110785 -0.00464749)
(-0.00873741 -0.0105472 -0.00372705)
(-0.00917137 -0.0114864 -0.00399667)
(-0.00994954 -0.0118051 -0.00396859)
(-0.00855556 -0.0105409 -0.00371665)
(-0.0086941 -0.0103021 -0.00425866)
(-0.00885135 -0.0107167 -0.00356084)
(-0.00914071 -0.0112569 -0.00445454)
(-0.00988309 -0.0119478 -0.00452167)
(-0.00956159 -0.0119591 -0.00401441)
(-0.00880867 -0.0109266 -0.00379668)
(-0.00885763 -0.0107674 -0.0045223)
(-0.00912963 -0.011454 -0.00425786)
(-0.00874192 -0.010881 -0.00409291)
(-0.0089372 -0.0115691 -0.00469389)
(-0.00939591 -0.0117492 -0.00412069)
(-0.00907271 -0.0117415 -0.00470273)
(-0.00957081 -0.0117106 -0.00437241)
(-0.011572 -0.0181073 -0.00788146)
(-0.01181 -0.0183193 -0.00740195)
(-0.0126097 -0.0182871 -0.00789505)
(-0.012206 -0.017872 -0.00730125)
(-0.012715 -0.019718 -0.00822242)
(-0.0123299 -0.0189992 -0.00773623)
(-0.00560203 -0.0110619 -0.00397109)
(-0.00529937 -0.0125827 -0.00512163)
(-0.00527123 -0.011107 -0.00403133)
(-0.00578982 -0.0123355 -0.00466982)
(-0.00990212 -0.0135934 -0.00631464)
(-0.0101636 -0.0138376 -0.00676701)
(-0.010907 -0.0142556 -0.00657811)
(-0.0107994 -0.0141933 -0.0075879)
(-0.0102801 -0.0135522 -0.00674916)
(-0.0106291 -0.0140223 -0.00649038)
(-0.00919923 -0.012741 -0.00487913)
(-0.00956974 -0.0132071 -0.00519422)
(-0.00844334 -0.0124578 -0.00482999)
(-0.00923612 -0.0126521 -0.00466852)
(-0.00916502 -0.0130172 -0.00572364)
(-0.00860247 -0.0124202 -0.00537226)
(-0.00897639 -0.0137301 -0.00587028)
(-0.00891895 -0.0132202 -0.00557489)
(-0.00812441 -0.0130631 -0.00579758)
(-0.0102757 -0.0137245 -0.00816657)
(-0.00995158 -0.0144598 -0.00830545)
(-0.0110076 -0.0154435 -0.00860134)
(-0.0107473 -0.015545 -0.0087917)
(-0.0104588 -0.0139777 -0.00693416)
(-0.0111875 -0.0142669 -0.00763419)
(-0.0107186 -0.0149493 -0.00754853)
(-0.0111161 -0.0157946 -0.00739294)
(-0.0108492 -0.0153911 -0.00672973)
(-0.0117454 -0.0162173 -0.00730795)
(-0.0109966 -0.0148739 -0.00706572)
(-0.0111772 -0.017114 -0.00833002)
(-0.00986872 -0.013879 -0.00665051)
(-0.0105098 -0.0145074 -0.00690266)
(-0.0104904 -0.0137387 -0.00532207)
(-0.0109524 -0.0154397 -0.00667558)
(-0.0109174 -0.0141672 -0.00661186)
(-0.00950654 -0.0110506 -0.00681906)
(-0.00950706 -0.0118122 -0.00552112)
(-0.00997352 -0.0120526 -0.00654556)
(-0.00876298 -0.010447 -0.00536106)
(-0.00955289 -0.0112225 -0.00552508)
(-0.0101911 -0.0123797 -0.00706976)
(-0.00911584 -0.0110854 -0.00817854)
(-0.00968754 -0.0116198 -0.00698984)
(-0.0107529 -0.0136088 -0.0087752)
(-0.0104593 -0.0137966 -0.00854022)
(-0.00992131 -0.0113608 -0.00802946)
(-0.00965005 -0.0120609 -0.00751913)
(-0.00778864 -0.00997142 -0.00255722)
(-0.00865148 -0.0110505 -0.0026505)
(-0.00833822 -0.0103473 -0.00360501)
(-0.00741428 -0.00992161 -0.00232217)
(-0.00829176 -0.00988623 -0.0032749)
(-0.00799876 -0.0107019 -0.00277465)
(-0.00662221 -0.00835615 -0.00265442)
(-0.00609614 -0.00789313 -0.00250121)
(-0.00654258 -0.00886793 -0.00247317)
(-0.00591015 -0.00774877 -0.00237057)
(-0.0065373 -0.00876784 -0.00246896)
(-0.00862548 -0.0106331 -0.00289112)
(-0.00892266 -0.0107902 -0.00379419)
(-0.00790748 -0.00966192 -0.00333633)
(-0.00854308 -0.0103113 -0.00365808)
(-0.00871198 -0.010776 -0.00337952)
(-0.00788481 -0.00960265 -0.00293345)
(-0.00753489 -0.0087845 -0.00367326)
(-0.00788255 -0.0093195 -0.00347817)
(-0.00668799 -0.00792691 -0.00334226)
(-0.00877241 -0.0100939 -0.00472785)
(-0.00712146 -0.00823185 -0.0033878)
(-0.00645999 -0.00782972 -0.00268543)
(-0.00832204 -0.0099561 -0.00400228)
(-0.0090159 -0.0104848 -0.00454992)
(-0.00864798 -0.0102735 -0.0042514)
(-0.00856695 -0.0098649 -0.00454824)
(-0.00901349 -0.0106558 -0.00474257)
(-0.00801182 -0.00970833 -0.00342473)
(-0.00862154 -0.0116294 -0.00407365)
(-0.00887899 -0.0116963 -0.00403108)
(-0.00887019 -0.0118411 -0.00403534)
(-0.00845397 -0.0117914 -0.00436662)
(-0.00872638 -0.0122848 -0.00445764)
(-0.0091758 -0.0121678 -0.00423053)
(-0.00703379 -0.0110426 -0.00375635)
(-0.00675596 -0.0100933 -0.00324456)
(-0.00716213 -0.0101681 -0.00305842)
(-0.00701009 -0.0113068 -0.00373962)
(-0.00782648 -0.0111666 -0.00358824)
(-0.00705724 -0.0108311 -0.00323898)
(-0.00804456 -0.0110333 -0.00352405)
(-0.00766288 -0.00997541 -0.00321313)
(-0.00779521 -0.0105402 -0.00341571)
(-0.00766147 -0.00988489 -0.00313255)
(-0.00812837 -0.0106182 -0.00320032)
(-0.00761162 -0.0102635 -0.00330404)
(-0.00818105 -0.0123826 -0.00457977)
(-0.00809463 -0.0119559 -0.00445782)
(-0.0078478 -0.0117722 -0.00403676)
(-0.00780928 -0.0117531 -0.00403488)
(-0.00812673 -0.0117218 -0.00408455)
(-0.0077332 -0.0118617 -0.00429428)
(-0.0113689 -0.0165398 -0.00653616)
(-0.0113567 -0.0168644 -0.00628332)
(-0.0113037 -0.0164247 -0.00632141)
(-0.0115809 -0.0169439 -0.0064804)
(-0.0117579 -0.0166521 -0.00671781)
(-0.0141427 -0.0182162 -0.00574632)
(-0.0139993 -0.0181582 -0.0056974)
(-0.0144901 -0.0191295 -0.00581641)
(-0.0139698 -0.0177146 -0.00557251)
(-0.0154231 -0.0191111 -0.00659281)
(-0.0146154 -0.0186755 -0.00609706)
(-0.0102945 -0.0143762 -0.00548597)
(-0.0106329 -0.0153174 -0.00564079)
(-0.0104405 -0.0150081 -0.00543502)
(-0.0100282 -0.0138542 -0.00504767)
(-0.00994293 -0.0143124 -0.00543804)
(-0.0100474 -0.0145455 -0.00532033)
(-0.0117802 -0.014797 -0.00482937)
(-0.0125644 -0.0154534 -0.00512229)
(-0.0130613 -0.0158856 -0.00541512)
(-0.012239 -0.0146946 -0.00507485)
(-0.012648 -0.0153361 -0.00545825)
(-0.0123269 -0.0176922 -0.00555182)
(-0.0133614 -0.0180727 -0.00565219)
(-0.0133097 -0.0181301 -0.00568229)
(-0.0125766 -0.0182232 -0.0055875)
(-0.0140884 -0.0193484 -0.0062323)
(-0.0130712 -0.017709 -0.00555735)
(-0.0113159 -0.0158423 -0.00545144)
(-0.0109209 -0.01562 -0.0053291)
(-0.0115241 -0.0162346 -0.00525221)
(-0.0111986 -0.0152848 -0.00523025)
(-0.0110258 -0.0154118 -0.00509973)
(-0.0114936 -0.0156508 -0.00512379)
(-0.0140994 -0.0162824 -0.00596519)
(-0.0139979 -0.016817 -0.00565179)
(-0.0142466 -0.0176398 -0.00601778)
(-0.0142247 -0.0167833 -0.00592461)
(-0.013703 -0.0167403 -0.00560226)
(-0.0147019 -0.0176472 -0.00615406)
(-0.0143714 -0.0164739 -0.00676045)
(-0.0134658 -0.0154756 -0.00609237)
(-0.0144076 -0.0172713 -0.0070886)
(-0.0145425 -0.0172556 -0.00660457)
(-0.0138598 -0.0162308 -0.00600339)
(-0.0130321 -0.0150081 -0.0059277)
(-0.0120644 -0.0152696 -0.00784255)
(-0.0117062 -0.0146408 -0.00680484)
(-0.0127844 -0.015105 -0.00698812)
(-0.0114718 -0.01398 -0.00668283)
(-0.011189 -0.0140078 -0.00756139)
(-0.0127289 -0.0157841 -0.00687793)
(-0.0107449 -0.0132364 -0.0060799)
(-0.0113009 -0.0137306 -0.00699623)
(-0.0102572 -0.0130381 -0.00621054)
(-0.0115204 -0.0145955 -0.00594423)
(-0.0113042 -0.0138674 -0.0063438)
(-0.0104181 -0.0135308 -0.00672757)
(-0.0124608 -0.0151263 -0.00757062)
(-0.0136084 -0.0171283 -0.0080396)
(-0.0135038 -0.0157896 -0.00811781)
(-0.0135662 -0.0165106 -0.00703146)
(-0.0134093 -0.0160869 -0.00750237)
(-0.0129772 -0.0151146 -0.00819377)
(-0.0141426 -0.0179928 -0.00927918)
(-0.0127391 -0.0171509 -0.00956464)
(-0.0138918 -0.0167865 -0.00831556)
(-0.0120143 -0.0157129 -0.00807628)
(-0.0121881 -0.0152451 -0.00796228)
(-0.0121192 -0.0159019 -0.00948004)
(-0.0146115 -0.0170764 -0.00621027)
(-0.0145653 -0.0167304 -0.00661665)
(-0.01512 -0.0180358 -0.00686517)
(-0.0150728 -0.0177149 -0.00641925)
(-0.0153396 -0.0175221 -0.0066508)
(-0.0149294 -0.0167226 -0.00691244)
(-0.0147318 -0.0169678 -0.00820969)
(-0.0143357 -0.0163569 -0.00882075)
(-0.0145204 -0.0168878 -0.00885434)
(-0.0145686 -0.0176695 -0.00818315)
(-0.015605 -0.0178258 -0.00959678)
(-0.0147607 -0.0170015 -0.00849258)
(-0.0156453 -0.0189072 -0.00636583)
(-0.0154199 -0.0186162 -0.00649962)
(-0.0150055 -0.0186917 -0.0062571)
(-0.0147635 -0.0175154 -0.00617769)
(-0.0158084 -0.0196116 -0.0065123)
(-0.0148558 -0.0185546 -0.00585916)
(-0.01679 -0.0220751 -0.00720601)
(-0.0148697 -0.0221771 -0.0075296)
(-0.0150116 -0.0208652 -0.00657599)
(-0.0159847 -0.0225485 -0.00774403)
(-0.00932532 -0.0121523 -0.00430217)
(-0.00929046 -0.0126168 -0.00452269)
(-0.00958015 -0.0129887 -0.00464516)
(-0.00939892 -0.0128524 -0.00463096)
(-0.00998856 -0.0125933 -0.00452721)
(-0.00918725 -0.0120251 -0.00433392)
(-0.00984651 -0.0123343 -0.00408391)
(-0.00960172 -0.0116601 -0.00399261)
(-0.0100632 -0.0119986 -0.00437911)
(-0.0101643 -0.0120057 -0.00447415)
(-0.00981959 -0.0117933 -0.00414957)
(-0.00990786 -0.0117648 -0.00414361)
(-0.0100462 -0.012106 -0.00424001)
(-0.00995573 -0.0119976 -0.00411367)
(-0.00956383 -0.011964 -0.00397037)
(-0.00969621 -0.0115897 -0.00396847)
(-0.00986265 -0.0116045 -0.00401588)
(-0.00962674 -0.0120725 -0.0039063)
(-0.0093101 -0.0113298 -0.00387202)
(-0.00992591 -0.0122327 -0.00402319)
(-0.009038 -0.0110879 -0.0036322)
(-0.00940828 -0.0112369 -0.00396273)
(-0.00950574 -0.0113386 -0.004014)
(-0.00959621 -0.0112362 -0.00410629)
(-0.00951574 -0.0116117 -0.00403028)
(-0.00954185 -0.0115557 -0.00401313)
(-0.00886772 -0.0114236 -0.00443847)
(-0.00956257 -0.0122997 -0.00408883)
(-0.00945558 -0.0115956 -0.00438588)
(-0.00912185 -0.0113366 -0.0043214)
(-0.00883283 -0.0111417 -0.00441426)
(-0.0095803 -0.0118985 -0.00479181)
(-0.008808 -0.0116089 -0.00423406)
(-0.00897136 -0.0115022 -0.00397119)
(-0.00858931 -0.0111992 -0.00373198)
(-0.00859971 -0.011426 -0.00402416)
(-0.00858166 -0.0110994 -0.00390596)
(-0.00902428 -0.011694 -0.00405403)
(-0.00984717 -0.0118161 -0.0038172)
(-0.00874015 -0.0108233 -0.00391385)
(-0.00936444 -0.0114839 -0.00417298)
(-0.00940214 -0.0113611 -0.00472852)
(-0.00925197 -0.0114341 -0.00383017)
(-0.00908826 -0.0111073 -0.00409335)
(-0.00904839 -0.0109298 -0.00387491)
(-0.0093502 -0.0116775 -0.00400814)
(-0.00888741 -0.0110009 -0.00404069)
(-0.00934765 -0.0126183 -0.00528814)
(-0.00992944 -0.012634 -0.00452079)
(-0.00880446 -0.0118597 -0.005053)
(-0.00884723 -0.0114739 -0.00467678)
(-0.008993 -0.0117771 -0.00505403)
(-0.00971639 -0.0120164 -0.004419)
(-0.00955973 -0.0123694 -0.00454714)
(-0.00884924 -0.0120863 -0.00513656)
(-0.00926759 -0.0117085 -0.00489839)
(-0.00928757 -0.0118056 -0.00411672)
(-0.00890297 -0.0113485 -0.00434815)
(-0.00894275 -0.0119777 -0.00459915)
(-0.00842985 -0.011742 -0.00464845)
(-0.00886426 -0.0114364 -0.0041859)
(-0.00935266 -0.0122893 -0.00443281)
(-0.00950168 -0.0125696 -0.00480181)
(-0.00903667 -0.0120897 -0.00473595)
(-0.00795402 -0.0106955 -0.00255601)
(-0.00864178 -0.0106519 -0.00350427)
(-0.00758726 -0.0102372 -0.00251363)
(-0.00805498 -0.0105255 -0.00308313)
(-0.00812473 -0.0100196 -0.00302541)
(-0.0079573 -0.0101667 -0.00313657)
(-0.00777822 -0.0104218 -0.00291704)
(-0.00808207 -0.0103585 -0.0030423)
(-0.00794607 -0.0106497 -0.00256602)
(-0.00822537 -0.010435 -0.0031811)
(-0.00761241 -0.00972239 -0.0027903)
(-0.00869044 -0.0105909 -0.00358062)
(-0.00876757 -0.0107478 -0.00300337)
(-0.00895313 -0.0107815 -0.00409888)
(-0.00917738 -0.011181 -0.00380148)
(-0.00833876 -0.0104796 -0.00336607)
(-0.00878078 -0.010829 -0.00371936)
(-0.00852102 -0.0113298 -0.00360479)
(-0.00863511 -0.011399 -0.00377801)
(-0.00852482 -0.0110887 -0.00357178)
(-0.00849044 -0.0110094 -0.00359726)
(-0.00874705 -0.0113168 -0.00372082)
(-0.0088447 -0.0113948 -0.00364249)
(-0.00890634 -0.0114861 -0.00373421)
(-0.00868592 -0.0116822 -0.00389292)
(-0.00875716 -0.0117618 -0.00390823)
(-0.00868014 -0.011781 -0.0040807)
(-0.00871321 -0.0118279 -0.00399508)
(-0.0088019 -0.011815 -0.00401485)
(-0.00884267 -0.0117262 -0.00386762)
(-0.00857491 -0.0114198 -0.00371273)
(-0.00842923 -0.0112141 -0.00364305)
(-0.0085155 -0.0118932 -0.00391112)
(-0.00852985 -0.011477 -0.00356023)
(-0.00843078 -0.0111965 -0.0036519)
(-0.00831903 -0.0107287 -0.00353238)
(-0.00825588 -0.0106292 -0.00343065)
(-0.00885682 -0.0109601 -0.0033648)
(-0.00769149 -0.00993163 -0.00318899)
(-0.00814873 -0.0105012 -0.00331747)
(-0.00750245 -0.010191 -0.00279222)
(-0.0076294 -0.00998716 -0.00296607)
(-0.0075939 -0.0098737 -0.00301393)
(-0.00733049 -0.00967794 -0.00288896)
(-0.0075339 -0.010219 -0.00276352)
(-0.00778026 -0.0100754 -0.00311603)
(-0.00758108 -0.0100697 -0.00294869)
(-0.00750558 -0.0100409 -0.00293314)
(-0.00782752 -0.0105197 -0.00299716)
(-0.00780208 -0.00987638 -0.00322374)
(-0.00778756 -0.010051 -0.00311851)
(-0.00800516 -0.0102222 -0.00325784)
(-0.00781215 -0.0101172 -0.0031194)
(-0.00776438 -0.0103191 -0.00322605)
(-0.0078971 -0.00995664 -0.00317181)
(-0.00801002 -0.0102913 -0.00324996)
(-0.00777394 -0.00997437 -0.00310483)
(-0.00893313 -0.0118426 -0.00405391)
(-0.00875339 -0.0118965 -0.0042384)
(-0.00911368 -0.0119079 -0.00410813)
(-0.00902183 -0.0118132 -0.00402538)
(-0.00888501 -0.0119687 -0.00431694)
(-0.0106335 -0.0127108 -0.00440007)
(-0.0096896 -0.0117684 -0.004067)
(-0.00956802 -0.0116161 -0.00404903)
(-0.0103922 -0.0122318 -0.00525542)
(-0.0108299 -0.0133072 -0.00490349)
(-0.0103451 -0.0120111 -0.00524021)
(-0.0109903 -0.0139776 -0.00481651)
(-0.0106054 -0.0133278 -0.00436252)
(-0.0103659 -0.0134203 -0.004334)
(-0.00984944 -0.0130469 -0.00458287)
(-0.00972924 -0.0129589 -0.00453414)
(-0.0103196 -0.0138826 -0.00467129)
(-0.010232 -0.0132816 -0.00461698)
(-0.00995725 -0.0132698 -0.00451599)
(-0.00972479 -0.0128226 -0.00447717)
(-0.0101957 -0.0136812 -0.00475829)
(-0.00973685 -0.0124834 -0.00431231)
(-0.00960006 -0.012647 -0.00438968)
(-0.0102353 -0.013033 -0.00438494)
(-0.0101305 -0.0124376 -0.00422843)
(-0.012264 -0.0141392 -0.00536258)
(-0.0116666 -0.014207 -0.00485371)
(-0.0118071 -0.0138595 -0.00504074)
(-0.0120583 -0.0147181 -0.00534162)
(-0.0113942 -0.0136664 -0.00484522)
(-0.0112357 -0.0137687 -0.00460403)
(-0.0117751 -0.0135715 -0.00568237)
(-0.011066 -0.0131743 -0.00474199)
(-0.0120403 -0.0134171 -0.00616551)
(-0.0126693 -0.0142768 -0.00614732)
(-0.0112666 -0.0139737 -0.00502827)
(-0.0112153 -0.0133062 -0.00460014)
(-0.012332 -0.013562 -0.00581909)
(-0.0109103 -0.0127223 -0.00451525)
(-0.013054 -0.0146441 -0.00667044)
(-0.0134706 -0.0153393 -0.00682508)
(-0.0122959 -0.0138678 -0.0065011)
(-0.0124996 -0.0146425 -0.00575985)
(-0.0133971 -0.0152047 -0.00713272)
(-0.0130153 -0.0155607 -0.00626055)
(-0.0046841 -0.00625556 -0.00201359)
(-0.00568103 -0.00720999 -0.00230548)
(-0.00565551 -0.00733669 -0.00233463)
(-0.00526031 -0.00739317 -0.00211855)
(-0.00534149 -0.00715318 -0.00223008)
(-0.00503888 -0.00667066 -0.00222904)
(-0.00587777 -0.00838687 -0.00245945)
(-0.00631404 -0.0095727 -0.00290899)
(-0.00579751 -0.00851442 -0.00265917)
(-0.00564306 -0.00776657 -0.00248945)
(-0.00628716 -0.00908089 -0.00283357)
(-0.00622028 -0.0088087 -0.00261545)
(-0.0118335 -0.0153178 -0.00803972)
(-0.0106673 -0.0144997 -0.00761161)
(-0.0114761 -0.0149355 -0.00675295)
(-0.0116544 -0.0145172 -0.00685279)
(-0.0101851 -0.0142165 -0.00746411)
(-0.012418 -0.0158623 -0.00901234)
(-0.00814883 -0.0130143 -0.00565535)
(-0.00844296 -0.0136569 -0.00604057)
(-0.00849121 -0.0139533 -0.00641699)
(-0.00947317 -0.0153178 -0.00733242)
(-0.00983187 -0.0152362 -0.00717339)
(-0.0136515 -0.0203664 -0.00774016)
(-0.0132329 -0.0201289 -0.00743172)
(-0.0133509 -0.0195214 -0.00686683)
(-0.0148208 -0.0224307 -0.00800856)
(-0.0133489 -0.0197878 -0.0072298)
(-0.0139179 -0.0205674 -0.00705956)
(-0.00829499 -0.0103999 -0.00390752)
(-0.00946268 -0.0121228 -0.00432416)
(-0.00864026 -0.011149 -0.00468289)
(-0.00796838 -0.0104599 -0.0035092)
(-0.00708177 -0.00966892 -0.00315765)
(-0.00754403 -0.0104448 -0.00325223)
(-0.00722924 -0.00914165 -0.00304821)
(-0.00805535 -0.0102075 -0.00319933)
(-0.00730562 -0.00947126 -0.00297417)
(-0.00737589 -0.00978577 -0.00290695)
(-0.006906 -0.00913171 -0.00275769)
(-0.00720603 -0.00949884 -0.00277648)
(-0.00674881 -0.00893957 -0.00268554)
(-0.00682879 -0.00901445 -0.00259895)
(-0.0119051 -0.0172584 -0.0058139)
(-0.0132715 -0.0154015 -0.00571931)
(-0.0130732 -0.0151918 -0.00566076)
(-0.0132593 -0.0162273 -0.00561039)
(-0.0126641 -0.0148537 -0.00551473)
(-0.0127425 -0.0147283 -0.0055683)
(-0.0126938 -0.0153545 -0.00522802)
(-0.0129635 -0.015817 -0.00569784)
(-0.0135828 -0.0159601 -0.00598427)
(-0.0100022 -0.0123638 -0.00434061)
(-0.00949107 -0.0111901 -0.003989)
(-0.00876445 -0.0107897 -0.00328889)
(-0.00769925 -0.00971478 -0.00303691)
(-0.00799486 -0.0103799 -0.00332842)
(-0.00848659 -0.01119 -0.00316794)
(-0.00738896 -0.00961131 -0.00303188)
(-0.00779826 -0.0101588 -0.00303987)
(-0.00783992 -0.0103659 -0.00313406)
(-0.00789876 -0.0103236 -0.00337304)
(-0.00767179 -0.00993187 -0.0032537)
(-0.0087491 -0.0105473 -0.0035124)
(-0.00806778 -0.0102763 -0.00314878)
(-0.00820931 -0.0102061 -0.00323054)
(-0.00791638 -0.0107717 -0.00329351)
(-0.00814894 -0.010339 -0.00336031)
(-0.00849806 -0.0108133 -0.0035572)
(-0.0087636 -0.0118917 -0.00398411)
(-0.00882344 -0.0116032 -0.00382646)
(-0.0085674 -0.0109974 -0.00370414)
(-0.00872819 -0.0112685 -0.00380114)
(-0.00890882 -0.0113734 -0.00390444)
(-0.00868704 -0.0111214 -0.0035631)
(-0.00766445 -0.0099489 -0.00297785)
(-0.00842253 -0.0106614 -0.00305975)
(-0.0078725 -0.0100708 -0.0027585)
(-0.0081348 -0.0107806 -0.00291232)
(-0.00821465 -0.0103206 -0.00341425)
(-0.00744746 -0.00948954 -0.00281047)
(-0.00786918 -0.0107839 -0.00268376)
(-0.00756031 -0.00997549 -0.00283767)
(-0.00828259 -0.0101849 -0.00337307)
(-0.00811988 -0.0102227 -0.00328876)
(-0.0088261 -0.0105575 -0.00352606)
(-0.00830604 -0.0104362 -0.00329481)
(-0.00825671 -0.010441 -0.00328072)
(-0.00795408 -0.0102556 -0.00312455)
(-0.00765008 -0.0102756 -0.00286725)
(-0.00785421 -0.0101207 -0.00302464)
(-0.00813025 -0.0104399 -0.00322592)
(-0.00874269 -0.0104254 -0.00369859)
(-0.0085928 -0.010213 -0.00337506)
(-0.00803906 -0.010302 -0.00284952)
(-0.0078227 -0.00987456 -0.0029502)
(-0.00824961 -0.0106375 -0.00303023)
(-0.00942738 -0.0120417 -0.00411056)
(-0.00888301 -0.0117312 -0.00432927)
(-0.00981407 -0.0127841 -0.00495283)
(-0.00975181 -0.0119735 -0.00433238)
(-0.0104805 -0.0125391 -0.00460706)
(-0.0105912 -0.0131047 -0.00514351)
(-0.00895151 -0.0115382 -0.00392701)
(-0.00936989 -0.0120441 -0.00435758)
(-0.00981766 -0.0122853 -0.00504824)
(-0.00949847 -0.0119274 -0.00405394)
(-0.00949463 -0.0117785 -0.00431294)
(-0.00970646 -0.0122477 -0.00521632)
(-0.00964384 -0.0123046 -0.00456343)
(-0.00958781 -0.012002 -0.00461536)
(-0.0102355 -0.0130662 -0.0048995)
(-0.00975193 -0.0128646 -0.00582034)
(-0.00968864 -0.0126872 -0.00538579)
(-0.00923503 -0.0123329 -0.00559578)
(-0.0101854 -0.0125566 -0.00579382)
(-0.00919956 -0.0117876 -0.00531837)
(-0.00961605 -0.0120451 -0.00522156)
(-0.0105214 -0.0128679 -0.00545891)
(-0.00967051 -0.0117869 -0.00533436)
(-0.0101569 -0.0128554 -0.00493478)
(-0.0098331 -0.0120143 -0.00454975)
(-0.00984023 -0.0121558 -0.00468659)
(-0.00933339 -0.0119818 -0.00492486)
(-0.00958857 -0.0120746 -0.00476697)
(-0.0101397 -0.0124648 -0.00498331)
(-0.00989596 -0.0121744 -0.00538553)
(-0.00951235 -0.0118331 -0.00452096)
(-0.00992544 -0.012633 -0.00454383)
(-0.00997039 -0.012192 -0.00472179)
(-0.00912353 -0.0112001 -0.00436678)
(-0.00959765 -0.0117141 -0.00405579)
(-0.00926156 -0.0120659 -0.00439423)
(-0.00925305 -0.0120353 -0.00420839)
(-0.00966132 -0.0124748 -0.00468244)
(-0.00966821 -0.0116552 -0.00408918)
(-0.00875075 -0.0115398 -0.00423977)
(-0.00878379 -0.011303 -0.0039722)
(-0.00920654 -0.0115176 -0.00372516)
(-0.00985582 -0.0116959 -0.00403934)
(-0.00940419 -0.0115538 -0.00418368)
(-0.0094299 -0.0109107 -0.00458204)
(-0.0096241 -0.0117741 -0.00403843)
(-0.0106681 -0.0127281 -0.00445277)
(-0.0105019 -0.0134393 -0.00432378)
(-0.010037 -0.0127692 -0.00398266)
(-0.0108381 -0.012217 -0.00448816)
(-0.00991473 -0.0121669 -0.00384867)
(-0.00985363 -0.0121911 -0.00403927)
(-0.00968972 -0.0118033 -0.00392932)
(-0.0106338 -0.0126328 -0.00436471)
(-0.0106835 -0.0133304 -0.0043887)
(-0.0102896 -0.012434 -0.00426113)
(-0.00945919 -0.0119538 -0.00386065)
(-0.00974757 -0.0121326 -0.00391897)
(-0.00956325 -0.0121635 -0.00395405)
(-0.0096823 -0.0134765 -0.00484708)
(-0.00944213 -0.0131209 -0.00480507)
(-0.00982604 -0.0127535 -0.00443383)
(-0.00960782 -0.0122474 -0.00414115)
(-0.00952453 -0.011378 -0.00390973)
(-0.00983476 -0.0124796 -0.00422959)
(-0.00966224 -0.0119752 -0.00403082)
(-0.00937018 -0.0124042 -0.00424932)
(-0.00973167 -0.0124398 -0.00431714)
(-0.0106793 -0.0134057 -0.00444343)
(-0.0111179 -0.0137329 -0.00469945)
(-0.0107056 -0.0134521 -0.00442285)
(-0.0103175 -0.0121636 -0.00466562)
(-0.0112093 -0.0132225 -0.00481846)
(-0.0105033 -0.0126597 -0.00451546)
(-0.0102042 -0.0124547 -0.00441385)
(-0.0104338 -0.0117936 -0.00482961)
(-0.0102919 -0.0117255 -0.0047373)
(-0.0110631 -0.0133511 -0.00455224)
(-0.0109105 -0.0128173 -0.00456998)
(-0.0109353 -0.012954 -0.0045261)
(-0.0103909 -0.0126399 -0.00435138)
(-0.0109335 -0.0130208 -0.0046837)
(-0.0100519 -0.0120926 -0.00421663)
(-0.0107077 -0.0125311 -0.00452344)
(-0.0104293 -0.0124564 -0.00459093)
(-0.0102865 -0.011987 -0.00443885)
(-0.0104894 -0.0125221 -0.00441835)
(-0.0105099 -0.0124627 -0.00452684)
(-0.0165772 -0.020399 -0.00707517)
(-0.0164292 -0.0211205 -0.00669535)
(-0.0146874 -0.0216568 -0.00759332)
(-0.0164931 -0.0203948 -0.00693501)
(-0.0164392 -0.0192777 -0.00708708)
(-0.0162819 -0.0189963 -0.0071791)
(-0.0148238 -0.0172429 -0.00637574)
(-0.014903 -0.0183374 -0.00681171)
(-0.0157205 -0.0176803 -0.00852456)
(-0.0133099 -0.0158596 -0.00633208)
(-0.0151453 -0.0176689 -0.00643809)
(-0.014734 -0.0171092 -0.00653667)
(-0.0156773 -0.0180179 -0.00779518)
(-0.0142279 -0.0157749 -0.00670024)
(-0.0138848 -0.0157725 -0.00667879)
(-0.0152977 -0.0169335 -0.00736614)
(-0.0145228 -0.0161055 -0.00833771)
(-0.0130603 -0.0150179 -0.00696825)
(-0.0141698 -0.0165993 -0.00769803)
(-0.0144045 -0.0166741 -0.00720472)
(-0.013527 -0.0159308 -0.00891622)
(-0.011992 -0.0151798 -0.00872311)
(-0.0116136 -0.0142322 -0.00691108)
(-0.0110947 -0.0131406 -0.00476714)
(-0.0110545 -0.0134791 -0.00466813)
(-0.0109342 -0.0128517 -0.00472976)
(-0.0109522 -0.0133184 -0.00462528)
(-0.0105945 -0.0123051 -0.00463565)
(-0.0114002 -0.0128293 -0.00507306)
(-0.00976373 -0.0119241 -0.00557597)
(-0.0105097 -0.0125472 -0.00490351)
(-0.010698 -0.0132311 -0.00553528)
(-0.00995226 -0.0119846 -0.0053485)
(-0.0107558 -0.0127859 -0.00507521)
(-0.0107096 -0.0123741 -0.00589378)
(-0.0115764 -0.0131707 -0.00624115)
(-0.0132759 -0.0153561 -0.006904)
(-0.0114992 -0.0140942 -0.00734721)
(-0.0121001 -0.0139338 -0.00649279)
(-0.0121927 -0.0146776 -0.00595619)
(-0.011351 -0.0132609 -0.00564309)
(-0.0104658 -0.0123691 -0.00554893)
(-0.0117191 -0.0133504 -0.00647716)
(-0.0108432 -0.0128076 -0.00507172)
(-0.0112263 -0.0138691 -0.00540821)
(-0.0103883 -0.0127036 -0.00572967)
(-0.0113238 -0.0134528 -0.00604329)
(-0.0119485 -0.0147352 -0.00616263)
(-0.0121941 -0.0142902 -0.00648153)
(-0.0117427 -0.0141593 -0.00580962)
(-0.0107769 -0.0129887 -0.00544763)
(-0.0122887 -0.0149342 -0.00666868)
(-0.0119269 -0.0138935 -0.00603358)
(-0.0116177 -0.0141046 -0.0067369)
(-0.00990281 -0.0129324 -0.00504654)
(-0.00948825 -0.0122593 -0.00500976)
(-0.00942127 -0.0121486 -0.00504454)
(-0.00941767 -0.0124532 -0.00447289)
(-0.00898521 -0.0124428 -0.00531211)
(-0.0135769 -0.0155699 -0.00597764)
(-0.0138169 -0.0163163 -0.00612604)
(-0.0126924 -0.0147773 -0.00593942)
(-0.0136962 -0.0153333 -0.00779139)
(-0.0122527 -0.0145079 -0.00553818)
(-0.0129899 -0.0159689 -0.00626123)
(-0.0137483 -0.0156465 -0.00669829)
(-0.0140401 -0.0152867 -0.00800099)
(-0.0123015 -0.0145972 -0.00635106)
(-0.0119038 -0.0141994 -0.00649874)
(-0.012101 -0.0141858 -0.00744664)
(-0.0127562 -0.0147716 -0.00784912)
(-0.0103198 -0.0146624 -0.0051508)
(-0.0102575 -0.0142367 -0.0049217)
(-0.0105614 -0.0144113 -0.0048749)
(-0.0107269 -0.0142977 -0.0048532)
(-0.0102636 -0.0135219 -0.0044526)
(-0.0107573 -0.0145568 -0.0048573)
(-0.0107711 -0.0137561 -0.00443461)
(-0.0106114 -0.0137334 -0.00440002)
(-0.0111801 -0.0151919 -0.00480213)
(-0.0107686 -0.0143857 -0.00437881)
(-0.0108584 -0.0139615 -0.0045844)
(-0.0104292 -0.0143196 -0.00451817)
(-0.0118474 -0.0155247 -0.00524189)
(-0.0132629 -0.0160599 -0.00524743)
(-0.0136309 -0.0164565 -0.0055943)
(-0.0116338 -0.0161369 -0.0051294)
(-0.012486 -0.0169922 -0.00564974)
(-0.0124284 -0.016968 -0.00538273)
(-0.0121085 -0.014278 -0.0051606)
(-0.0125295 -0.0149064 -0.00527443)
(-0.0121366 -0.0141878 -0.00513191)
(-0.0126885 -0.0150889 -0.0052556)
(-0.0126354 -0.0156888 -0.00507284)
(-0.0130025 -0.0159312 -0.00542041)
(-0.0113624 -0.0144082 -0.00452935)
(-0.0122129 -0.0147114 -0.00517287)
(-0.0118266 -0.014209 -0.00488995)
(-0.0123996 -0.0173513 -0.00557141)
(-0.0118118 -0.0169377 -0.00563629)
(-0.0100842 -0.0145956 -0.00556534)
(-0.0114275 -0.0162924 -0.00563683)
(-0.0105969 -0.0143106 -0.00499351)
(-0.0113171 -0.0164616 -0.00581916)
(-0.0113297 -0.0152626 -0.00495374)
(-0.0105076 -0.0150016 -0.0053687)
(-0.00994877 -0.0138253 -0.00499378)
(-0.0104066 -0.0144257 -0.00535838)
(-0.0121244 -0.0162454 -0.00519608)
(-0.011705 -0.0164927 -0.00540969)
(-0.0123841 -0.016875 -0.0054036)
(-0.0121087 -0.015909 -0.00513983)
(-0.0115517 -0.0147737 -0.00487829)
(-0.0107542 -0.0133247 -0.00428333)
(-0.0109888 -0.0142836 -0.00454809)
(-0.0119589 -0.0158516 -0.00487784)
(-0.0124083 -0.0153757 -0.00503673)
(-0.01116 -0.0159286 -0.00592774)
(-0.0117139 -0.0169625 -0.0059451)
(-0.0110986 -0.0159598 -0.0057077)
(-0.0106251 -0.0155657 -0.00603608)
(-0.0101135 -0.014089 -0.00540845)
(-0.0152202 -0.0192341 -0.00629623)
(-0.0151627 -0.0193634 -0.00603384)
(-0.014248 -0.0173917 -0.00592017)
(-0.0133789 -0.0162206 -0.00543153)
(-0.0138586 -0.0173638 -0.00575002)
(-0.0134017 -0.0174019 -0.00549568)
(-0.0146866 -0.0176778 -0.00599936)
(-0.0110211 -0.0158333 -0.00634873)
(-0.010416 -0.0151776 -0.00606749)
(-0.0105776 -0.0154646 -0.00624401)
(-0.0112595 -0.0164186 -0.00588503)
(-0.0112776 -0.0161232 -0.00594338)
(-0.0130671 -0.0188921 -0.00650171)
(-0.0129303 -0.0190115 -0.00689493)
(-0.0153654 -0.0193027 -0.00632694)
(-0.0152908 -0.0200597 -0.00642212)
(-0.0148246 -0.0196394 -0.00641975)
(-0.0147231 -0.0187445 -0.00602232)
(-0.014201 -0.019442 -0.00609975)
(-0.0162197 -0.0214806 -0.00673816)
(-0.0168057 -0.0219439 -0.00749056)
(-0.014191 -0.0199142 -0.00636042)
(-0.0134323 -0.0198977 -0.00663389)
(-0.0138606 -0.0200047 -0.00677097)
(-0.0149293 -0.0213811 -0.00672352)
(-0.0142285 -0.0190798 -0.00598624)
(-0.0083597 -0.0115663 -0.00395553)
(-0.00839311 -0.0114853 -0.00380895)
(-0.00781679 -0.0122756 -0.0042753)
(-0.00764407 -0.0124864 -0.00463876)
(-0.00845488 -0.0129778 -0.0050399)
(-0.0082995 -0.0126548 -0.0049737)
(-0.00774647 -0.0129908 -0.00476926)
(-0.00752999 -0.0125341 -0.00473929)
(-0.00674386 -0.0118185 -0.00426152)
(-0.00671752 -0.0120975 -0.00471947)
(-0.00720991 -0.00949148 -0.00284117)
(-0.0074549 -0.00967655 -0.00300987)
(-0.00739284 -0.00972855 -0.00291547)
(-0.00733288 -0.00963318 -0.00298433)
(-0.00741693 -0.0097489 -0.00303955)
(-0.00776235 -0.009833 -0.00318182)
(-0.00740427 -0.00973405 -0.00311457)
(-0.00767768 -0.00984061 -0.00329709)
(-0.00755889 -0.0101304 -0.0030555)
(-0.00772823 -0.0117882 -0.00392341)
(-0.00759536 -0.0108823 -0.00363828)
(-0.00888209 -0.0117295 -0.0041206)
(-0.00442429 -0.00733901 -0.00199937)
(-0.00525134 -0.00761373 -0.00222417)
(-0.00485108 -0.00658116 -0.00206936)
(-0.00388393 -0.00600387 -0.00173236)
(-0.00581563 -0.0106898 -0.00342089)
(-0.00549134 -0.0096614 -0.0029039)
(-0.00625846 -0.01068 -0.00339638)
(-0.00650349 -0.0101257 -0.0032827)
(-0.00659285 -0.0115158 -0.00388611)
(-0.00667164 -0.0113188 -0.00393251)
(-0.00459498 -0.00632425 -0.00197661)
(-0.00525246 -0.00707656 -0.00205032)
(-0.00566624 -0.00747104 -0.0022814)
(-0.00568249 -0.00755861 -0.00230297)
(-0.00729022 -0.00934779 -0.0028067)
(-0.00703222 -0.00954064 -0.00261509)
(-0.00700707 -0.00954788 -0.00251483)
(-0.00934302 -0.0113205 -0.00364225)
(-0.00878824 -0.0106251 -0.00368295)
(-0.0103927 -0.0126881 -0.00523464)
(-0.00862928 -0.0101934 -0.00374461)
(-0.00904689 -0.0108482 -0.0038214)
(-0.00847083 -0.0108972 -0.00241284)
(-0.00950151 -0.0112198 -0.00352048)
(-0.00909674 -0.0112617 -0.00398251)
(-0.0081925 -0.00993893 -0.00306016)
(-0.00822025 -0.010252 -0.00306679)
(-0.00903625 -0.0113458 -0.00342967)
(-0.00883125 -0.0109645 -0.00411547)
(-0.00872342 -0.0105174 -0.00389609)
(-0.0073091 -0.00944729 -0.00281956)
(-0.00773259 -0.0096832 -0.00303616)
(-0.00853003 -0.0104551 -0.0032989)
(-0.00734573 -0.0094848 -0.00254724)
(-0.00833826 -0.0100695 -0.003617)
(-0.00900704 -0.0109375 -0.00373099)
(-0.00812494 -0.0103838 -0.00258553)
(-0.00840245 -0.0100104 -0.0035537)
(-0.0079143 -0.010177 -0.00300284)
(-0.0102615 -0.0124751 -0.00472679)
(-0.00905138 -0.010794 -0.00500466)
(-0.0100754 -0.0119524 -0.00461762)
(-0.0101823 -0.013097 -0.00556189)
(-0.00935095 -0.0118562 -0.00531659)
(-0.00518016 -0.00673696 -0.00212914)
(-0.00614085 -0.00761093 -0.00244571)
(-0.00594151 -0.00696155 -0.00253293)
(-0.00552907 -0.00666145 -0.0025298)
(-0.0047361 -0.00635842 -0.00182467)
(-0.00509487 -0.00644777 -0.00209111)
(-0.00504411 -0.00611712 -0.00222564)
(-0.00500265 -0.00563604 -0.00242274)
(-0.00982824 -0.0122464 -0.00524417)
(-0.0102759 -0.0130812 -0.00533116)
(-0.0102313 -0.013968 -0.00632636)
(-0.00891111 -0.0109019 -0.00452259)
(-0.00928342 -0.0111659 -0.00445279)
(-0.00969824 -0.0114153 -0.0053083)
(-0.00890873 -0.010602 -0.00495367)
(-0.0095602 -0.0120043 -0.00757737)
(-0.0108598 -0.0150029 -0.00987261)
(-0.0124193 -0.0170112 -0.0093392)
(-0.012004 -0.016022 -0.00781071)
(-0.0110803 -0.015994 -0.00912237)
(-0.00831567 -0.0113858 -0.00401875)
(-0.00803023 -0.0119417 -0.00429589)
(-0.00858033 -0.0121233 -0.00418419)
(-0.0085829 -0.0130185 -0.00491877)
(-0.00890457 -0.0123622 -0.00435679)
(-0.00849096 -0.0123059 -0.00452282)
(-0.00867287 -0.0126952 -0.00459205)
(-0.00899153 -0.0132619 -0.00546157)
(-0.00868129 -0.0132223 -0.00600145)
(-0.00824652 -0.0119662 -0.00443572)
(-0.00797528 -0.0128535 -0.00572252)
(-0.00953124 -0.0133334 -0.00509172)
(-0.00833468 -0.0120806 -0.00452831)
(-0.00977689 -0.0137583 -0.00618791)
(-0.010991 -0.0159203 -0.00834021)
(-0.0108553 -0.0149991 -0.00739643)
(-0.0103639 -0.0147736 -0.00705034)
(-0.0102724 -0.0155347 -0.00757658)
(-0.00989207 -0.0151753 -0.00728929)
(-0.0091344 -0.014049 -0.00703353)
(-0.0090352 -0.0122245 -0.00432409)
(-0.00871241 -0.0122789 -0.00466296)
(-0.00934897 -0.0123152 -0.00448351)
(-0.00912857 -0.0123876 -0.00522833)
(-0.00903961 -0.0134555 -0.00611232)
(-0.00887297 -0.01246 -0.00463321)
(-0.00928505 -0.0129894 -0.00562254)
(-0.00955556 -0.0125672 -0.00573243)
(-0.00949797 -0.0132302 -0.00562402)
(-0.00960582 -0.0129532 -0.00568154)
(-0.00953924 -0.0128374 -0.00502108)
(-0.00930863 -0.0124658 -0.00580317)
(-0.0095364 -0.0123447 -0.00484595)
(-0.00956415 -0.0127435 -0.00540312)
(-0.00979947 -0.0139853 -0.00582482)
(-0.0102254 -0.0141765 -0.00594968)
(-0.00982503 -0.0134813 -0.00650189)
(-0.0100635 -0.013396 -0.00567957)
(-0.010369 -0.0135184 -0.00595891)
(-0.010408 -0.0136637 -0.00563658)
(-0.0113083 -0.0144527 -0.00655927)
(-0.011748 -0.0151272 -0.00785961)
(-0.0096658 -0.0141971 -0.00721751)
(-0.00901755 -0.0129069 -0.00620133)
(-0.0101199 -0.0146302 -0.00756837)
(-0.0108547 -0.0153202 -0.00780816)
(-0.00767742 -0.0133053 -0.00547542)
(-0.00909824 -0.015684 -0.00842087)
(-0.00901275 -0.0154736 -0.00815549)
(-0.01065 -0.0156502 -0.00807884)
(-0.00807147 -0.014448 -0.00722985)
(-0.00710615 -0.0140011 -0.00626373)
(-0.00808568 -0.0145012 -0.0067433)
(-0.00714879 -0.0139628 -0.00635101)
(-0.00661088 -0.0128506 -0.00540843)
(-0.00559749 -0.010837 -0.00365824)
(-0.00634534 -0.0113296 -0.00407267)
(-0.00550724 -0.0108128 -0.00354031)
(-0.0066579 -0.013298 -0.00553943)
(-0.00676151 -0.0138015 -0.00595546)
(-0.00639451 -0.0142038 -0.006167)
(-0.00603665 -0.0117636 -0.00449023)
(-0.0131311 -0.0157034 -0.00877314)
(-0.0100603 -0.0134413 -0.00938272)
(-0.00351991 -0.00602346 -0.00150907)
(-0.00390027 -0.00708532 -0.00186452)
(-0.00494495 -0.00985998 -0.00315064)
(-0.00485722 -0.0105654 -0.00350021)
(-0.0117222 -0.0168063 -0.00886058)
(-0.0116806 -0.0169166 -0.00898355)
(-0.0121405 -0.0187828 -0.00724289)
(-0.0127007 -0.0191589 -0.00738879)
(-0.0128169 -0.0198952 -0.00806152)
(-0.0109275 -0.0158851 -0.00695983)
(-0.0118272 -0.0177198 -0.00839579)
(-0.0116375 -0.017201 -0.00659323)
(-0.0114226 -0.0173326 -0.00691926)
(-0.0120384 -0.0185049 -0.00723492)
(-0.0112604 -0.0166051 -0.00720737)
(-0.0112233 -0.0161078 -0.00633089)
(-0.0116059 -0.0168989 -0.00667183)
(-0.0102927 -0.0154276 -0.00696501)
(-0.00988449 -0.0147296 -0.00677969)
(-0.0112799 -0.0161055 -0.00684862)
(-0.010939 -0.0164054 -0.00724473)
(-0.0116473 -0.0182865 -0.00956427)
(-0.0112327 -0.0174422 -0.00937323)
(-0.0121196 -0.0173849 -0.00805687)
(-0.0112058 -0.0166985 -0.00879576)
(-0.00952532 -0.0122455 -0.00443837)
(-0.00937534 -0.0117116 -0.00440876)
(-0.00916052 -0.0117824 -0.00421291)
(-0.00930711 -0.0118074 -0.00433007)
(-0.00895207 -0.0117183 -0.00496593)
(-0.00882266 -0.0108995 -0.00463756)
(-0.00947148 -0.012153 -0.00492078)
(-0.00901755 -0.0117582 -0.00462316)
(-0.00920402 -0.0117862 -0.00450768)
(-0.00883759 -0.0111911 -0.0046082)
(-0.00919699 -0.0113014 -0.00394564)
(-0.00855258 -0.0105044 -0.00354838)
(-0.00838171 -0.0100161 -0.00361944)
(-0.00804234 -0.0103927 -0.00265018)
(-0.0087387 -0.0112767 -0.00321756)
(-0.00950553 -0.0113523 -0.00359789)
(-0.00845648 -0.0103813 -0.00392482)
(-0.00898706 -0.0112082 -0.00375437)
(-0.00951455 -0.0120342 -0.00430675)
(-0.0099774 -0.0120606 -0.00421099)
(-0.00955179 -0.0114203 -0.00473968)
(-0.00868884 -0.0107546 -0.00337773)
(-0.00863997 -0.0109022 -0.00283079)
(-0.00904464 -0.0109515 -0.00371513)
(-0.00805311 -0.0103857 -0.00283383)
(-0.00853885 -0.0105918 -0.0032897)
(-0.00874278 -0.0108246 -0.00360197)
(-0.00808442 -0.0105852 -0.00298387)
(-0.00857014 -0.0109048 -0.00309097)
(-0.00921929 -0.0115948 -0.00374984)
(-0.00833148 -0.0104474 -0.00331244)
(-0.00893985 -0.0107363 -0.00445567)
(-0.00870945 -0.0101834 -0.00394)
(-0.00913747 -0.0109649 -0.00383395)
(-0.00899832 -0.0112896 -0.00365459)
(-0.00860385 -0.010702 -0.00336453)
(-0.00836598 -0.0106412 -0.00347814)
(-0.00851799 -0.0109162 -0.00356389)
(-0.00850877 -0.0105691 -0.003504)
(-0.00868701 -0.0112831 -0.00395321)
(-0.008922 -0.0112881 -0.00381856)
(-0.00867493 -0.0114523 -0.00392917)
(-0.00851624 -0.0111822 -0.00366038)
(-0.00857952 -0.0114832 -0.00380171)
(-0.00840141 -0.0109653 -0.00358775)
(-0.00864961 -0.0110556 -0.00363187)
(-0.0084962 -0.0116143 -0.00408925)
(-0.00851025 -0.0112832 -0.00374795)
(-0.0085068 -0.0110305 -0.0034959)
(-0.00834345 -0.0107919 -0.00345192)
(-0.0082555 -0.0106572 -0.00353144)
(-0.00835484 -0.0108481 -0.00355378)
(-0.00897203 -0.0117439 -0.00409479)
(-0.00947391 -0.0124847 -0.00413127)
(-0.00929274 -0.0118552 -0.00415615)
(-0.00879156 -0.0123969 -0.00480009)
(-0.0089147 -0.0124002 -0.00472969)
(-0.00959035 -0.0127507 -0.00455371)
(-0.00886065 -0.0120683 -0.00418103)
(-0.00858734 -0.011562 -0.00394004)
(-0.00857232 -0.0117383 -0.00403555)
(-0.0090264 -0.0122272 -0.00423549)
(-0.00895122 -0.0116252 -0.00392427)
(-0.00918951 -0.0119783 -0.0040923)
(-0.00865393 -0.0117717 -0.00402357)
(-0.00891175 -0.0121745 -0.00423133)
(-0.00792178 -0.0100192 -0.00325991)
(-0.00797924 -0.0102713 -0.00308654)
(-0.00809838 -0.0102255 -0.00318079)
(-0.00758856 -0.00981731 -0.00306302)
(-0.00800087 -0.0103679 -0.00303141)
(-0.00826649 -0.0100748 -0.00328555)
(-0.00796064 -0.0100963 -0.00317644)
(-0.00812084 -0.00996421 -0.00326768)
(-0.00802136 -0.0101365 -0.00314506)
(-0.00838323 -0.0104818 -0.00339922)
(-0.00795299 -0.0101578 -0.00314181)
(-0.00838158 -0.0106652 -0.00334989)
(-0.00846565 -0.0104541 -0.00325429)
(-0.00805334 -0.0102769 -0.00326897)
(-0.00874236 -0.0104998 -0.00384445)
(-0.00832629 -0.00998624 -0.00323129)
(-0.00891916 -0.0109969 -0.00325661)
(-0.00884366 -0.0107034 -0.0035201)
(-0.00863474 -0.0108193 -0.00336974)
(-0.00778047 -0.0100153 -0.00311625)
(-0.00802708 -0.00975141 -0.00332512)
(-0.00833643 -0.0101119 -0.00341097)
(-0.00851735 -0.0105381 -0.00331111)
(-0.00841572 -0.0107963 -0.0032956)
(-0.00845109 -0.0111207 -0.00346001)
(-0.00849618 -0.0105883 -0.00349157)
(-0.0084664 -0.010253 -0.00336764)
(-0.00802834 -0.0100759 -0.00321207)
(-0.00800566 -0.00964866 -0.00319431)
(-0.00817419 -0.0104023 -0.00337105)
(-0.00810489 -0.0104706 -0.00345205)
(-0.00794143 -0.0104617 -0.00336897)
(-0.0081766 -0.0105335 -0.00327694)
(-0.00792813 -0.0103815 -0.00302624)
(-0.00809511 -0.0105311 -0.00316537)
(-0.0083553 -0.0104109 -0.00321802)
(-0.00796423 -0.0101504 -0.0030389)
(-0.0081039 -0.0102738 -0.00332597)
(-0.00807389 -0.00996616 -0.00331608)
(-0.00773049 -0.0096712 -0.00315107)
(-0.00819392 -0.0100151 -0.00326931)
(-0.00835805 -0.0105707 -0.00321073)
(-0.00788153 -0.00986798 -0.0030868)
(-0.00789452 -0.0101059 -0.00312786)
(-0.00785232 -0.0100194 -0.00313203)
(-0.00791656 -0.0103364 -0.00312956)
(-0.00785956 -0.00989195 -0.00312485)
(-0.0134421 -0.0213621 -0.00805936)
(-0.0109943 -0.017241 -0.00967007)
(-0.0101801 -0.0165643 -0.00903124)
(-0.00987909 -0.0124005 -0.00483685)
(-0.00948635 -0.0121143 -0.00510466)
(-0.00960594 -0.0123351 -0.00452683)
(-0.00882795 -0.0109075 -0.00388908)
(-0.00884214 -0.0109893 -0.00502971)
(-0.00940402 -0.0115172 -0.00459795)
(-0.00926798 -0.0113576 -0.0042223)
(-0.00867013 -0.0108764 -0.00385498)
(-0.00882794 -0.010806 -0.00394102)
(-0.00876637 -0.0109271 -0.00354308)
(-0.00895598 -0.0108578 -0.0042616)
(-0.00951648 -0.0116077 -0.00421086)
(-0.00890704 -0.0113551 -0.00477407)
(-0.00985399 -0.0129702 -0.00547264)
(-0.0103802 -0.0129876 -0.00518249)
(-0.00900183 -0.0119495 -0.0052417)
(-0.0108357 -0.0143711 -0.00568198)
(-0.0101542 -0.0139986 -0.00542518)
(-0.00916834 -0.0116835 -0.00442878)
(-0.00915605 -0.011714 -0.00472754)
(-0.00834675 -0.0111728 -0.00369493)
(-0.00952421 -0.0133693 -0.00561673)
(-0.00934149 -0.0124545 -0.00473647)
(-0.0103367 -0.0130354 -0.00504744)
(-0.00876914 -0.0111027 -0.00426563)
(-0.00902668 -0.0115213 -0.00499485)
(-0.00969767 -0.0119913 -0.00439926)
(-0.0090225 -0.0112599 -0.00455583)
(-0.00951733 -0.0126614 -0.00580974)
(-0.010448 -0.0125893 -0.00486774)
(-0.0100717 -0.0128245 -0.00451458)
(-0.00900972 -0.0115224 -0.00450617)
(-0.00997722 -0.0132741 -0.00521662)
(-0.00908416 -0.0121394 -0.00531597)
(-0.00919246 -0.0122071 -0.00500775)
(-0.00968285 -0.0118705 -0.00427274)
(-0.00946408 -0.0119367 -0.00426259)
(-0.00857682 -0.0113704 -0.00383943)
(-0.00863812 -0.0114829 -0.0038457)
(-0.0085389 -0.0113471 -0.00383564)
(-0.00861149 -0.0113973 -0.00374902)
(-0.0087462 -0.0112411 -0.00367442)
(-0.00850801 -0.0115023 -0.00391937)
(-0.0085799 -0.0107953 -0.00361062)
(-0.00849041 -0.0108693 -0.00357249)
(-0.0119604 -0.0182527 -0.009599)
(-0.010138 -0.0135521 -0.00577254)
(-0.0103536 -0.0141389 -0.00541242)
(-0.00799885 -0.0155216 -0.00831427)
(-0.00750255 -0.0144568 -0.00699568)
(-0.00951206 -0.0121891 -0.00628642)
(-0.00909739 -0.0109791 -0.004995)
(-0.00913698 -0.0115463 -0.00529427)
(-0.00913157 -0.0107821 -0.00535848)
(-0.00973087 -0.012555 -0.00689242)
(-0.00978005 -0.0125875 -0.00744666)
(-0.0100104 -0.012901 -0.00597519)
(-0.010258 -0.0144344 -0.00742065)
(-0.00983582 -0.0132408 -0.00699773)
(-0.0112234 -0.0142833 -0.00701145)
(-0.0093346 -0.0115058 -0.00533091)
(-0.0104914 -0.0124552 -0.00507677)
(-0.0100471 -0.012483 -0.00541532)
(-0.00969972 -0.0126659 -0.0063148)
(-0.00985271 -0.0128537 -0.00641308)
(-0.00607471 -0.00696179 -0.00276144)
(-0.00624657 -0.00737704 -0.00308093)
(-0.00594099 -0.00618254 -0.0033607)
(-0.00691705 -0.00773596 -0.00382421)
(-0.00827522 -0.00917796 -0.00497419)
(-0.00903025 -0.010527 -0.00636293)
(-0.00897033 -0.0099328 -0.00750923)
(-0.00899508 -0.0108419 -0.00443244)
(-0.00943042 -0.011252 -0.00487844)
(-0.00877239 -0.0106493 -0.00409485)
(-0.00877122 -0.0112333 -0.00320912)
(-0.00956168 -0.0114388 -0.00406839)
(-0.00883462 -0.0104112 -0.00377168)
(-0.00899396 -0.0110819 -0.00376197)
(-0.0083371 -0.0103619 -0.00389888)
(-0.00819812 -0.00976158 -0.00342577)
(-0.00930509 -0.0111872 -0.00344863)
(-0.00913988 -0.0112871 -0.00492691)
(-0.00912293 -0.0110093 -0.00395751)
(-0.00951004 -0.0116832 -0.0049592)
(-0.00930727 -0.0115 -0.00430025)
(-0.00938558 -0.0115867 -0.00458662)
(-0.00962651 -0.0115284 -0.00369813)
(-0.00681101 -0.00899416 -0.00253549)
(-0.00704867 -0.00894219 -0.00261898)
(-0.00744715 -0.00981287 -0.00243175)
(-0.0073808 -0.0097155 -0.00263671)
(-0.00722076 -0.00933284 -0.00281452)
(-0.00795432 -0.00955746 -0.00352113)
(-0.00596313 -0.00786568 -0.00224563)
(-0.00724312 -0.00915249 -0.00257116)
(-0.00642257 -0.00805994 -0.00252015)
(-0.00612293 -0.0079784 -0.00244784)
(-0.00681447 -0.00837077 -0.00257932)
(-0.00684835 -0.0081576 -0.00321528)
(-0.00781017 -0.00969588 -0.0033227)
(-0.00830725 -0.0100794 -0.00291627)
(-0.00782572 -0.00918018 -0.003329)
(-0.00728818 -0.00899685 -0.00275583)
(-0.00457469 -0.0075174 -0.00222062)
(-0.00433118 -0.00766596 -0.00217007)
(-0.00429407 -0.00890617 -0.00264502)
(-0.00452893 -0.00879025 -0.00266857)
(-0.0056647 -0.00924948 -0.002647)
(-0.00417199 -0.00572785 -0.00162887)
(-0.00407973 -0.00570332 -0.00170523)
(-0.00374224 -0.0049011 -0.00169346)
(-0.00380115 -0.00504423 -0.0016433)
(-0.00295818 -0.00416652 -0.00130114)
(-0.00425592 -0.00579488 -0.00184481)
(-0.00370707 -0.00517251 -0.00157726)
(-0.0044453 -0.00611047 -0.00194614)
(-0.00379453 -0.00570114 -0.00158941)
(-0.00305243 -0.00454713 -0.00137555)
(-0.00326348 -0.00458461 -0.0014755)
(-0.00810719 -0.0109496 -0.00375998)
(-0.00783137 -0.0113973 -0.00399012)
(-0.00763741 -0.0111547 -0.00375326)
(-0.00872507 -0.0117626 -0.00369787)
(-0.00834715 -0.0111542 -0.00374504)
(-0.0082442 -0.0118029 -0.00383235)
(-0.00753364 -0.0103953 -0.00336384)
(-0.00794006 -0.0110856 -0.00334718)
(-0.00734693 -0.00965004 -0.00289837)
(-0.00782163 -0.0102518 -0.00278752)
(-0.00753623 -0.0101254 -0.00287321)
(-0.00731279 -0.00951432 -0.0027421)
(-0.00745388 -0.00959572 -0.00295672)
(-0.00724544 -0.00968027 -0.00281183)
(-0.0128593 -0.0184815 -0.00612825)
(-0.0133622 -0.0192566 -0.00622521)
(-0.0141578 -0.0193271 -0.00655401)
(-0.0145019 -0.0195598 -0.0064165)
(-0.0121106 -0.0176532 -0.00623973)
(-0.0116591 -0.0168272 -0.00585853)
(-0.0121099 -0.0169421 -0.00536688)
(-0.0134791 -0.0184677 -0.00612157)
(-0.0122749 -0.0190135 -0.00693489)
(-0.0137035 -0.0203713 -0.00721061)
(-0.0116889 -0.0175062 -0.00658678)
(-0.0122029 -0.0182643 -0.00671422)
(-0.0120247 -0.0175204 -0.00625477)
(-0.0103044 -0.0146118 -0.00534722)
(-0.0104572 -0.0148893 -0.00531588)
(-0.0103768 -0.015489 -0.00589645)
(-0.0107268 -0.0158985 -0.0059459)
(-0.0114385 -0.0163642 -0.00545758)
(-0.0115692 -0.0171938 -0.00614763)
(-0.0122623 -0.0161412 -0.00515612)
(-0.0118752 -0.0164012 -0.00498071)
(-0.0130429 -0.0173373 -0.00549059)
(-0.0126941 -0.0154628 -0.00528962)
(-0.0130404 -0.015829 -0.00540094)
(-0.0124282 -0.0149193 -0.00509816)
(-0.012274 -0.0158055 -0.00498768)
(-0.0139384 -0.017783 -0.00560156)
(-0.0125137 -0.0157459 -0.00510103)
(-0.0130839 -0.0167664 -0.00536481)
(-0.0129534 -0.0168202 -0.00538505)
(-0.012956 -0.0161449 -0.00524982)
(-0.0106425 -0.0137171 -0.00559505)
(-0.0105014 -0.0130062 -0.00540357)
(-0.0104084 -0.0128385 -0.00609675)
(-0.0107879 -0.0130131 -0.00543867)
(-0.0110309 -0.0136957 -0.0061027)
(-0.00999378 -0.0123129 -0.00510639)
(-0.0098126 -0.0121164 -0.00488949)
(-0.0104464 -0.0129037 -0.00611859)
(-0.0112997 -0.0138218 -0.0056383)
(-0.0106593 -0.0133354 -0.0056316)
(-0.0101937 -0.0130013 -0.00563842)
(-0.0107037 -0.0137945 -0.0069042)
(-0.0112293 -0.0130415 -0.00490671)
(-0.0110027 -0.0138894 -0.00486323)
(-0.0103624 -0.012815 -0.00427651)
(-0.0110271 -0.0126942 -0.00483554)
(-0.0102898 -0.0120006 -0.00538469)
(-0.00972173 -0.0117171 -0.0046166)
(-0.0102399 -0.0125362 -0.00459153)
(-0.0106939 -0.0127978 -0.00463999)
(-0.0109311 -0.0128554 -0.00538528)
(-0.0103996 -0.0120609 -0.00502611)
(-0.0111406 -0.0135125 -0.00453999)
(-0.0119614 -0.0146378 -0.00492906)
(-0.0171379 -0.0201823 -0.00772786)
(-0.0161816 -0.0188569 -0.00699678)
(-0.0165904 -0.0189154 -0.00732143)
(-0.0171672 -0.0192377 -0.00826185)
(-0.0156004 -0.017951 -0.00695213)
(-0.0170816 -0.0202643 -0.00821993)
(-0.0156157 -0.0194888 -0.00637481)
(-0.0171177 -0.0209672 -0.00718247)
(-0.0157263 -0.0204606 -0.00654987)
(-0.00986592 -0.0125409 -0.00422795)
(-0.0100834 -0.012475 -0.00446263)
(-0.00914944 -0.0116369 -0.00451426)
(-0.0092179 -0.012166 -0.00431795)
(-0.00929992 -0.0121766 -0.00470902)
(-0.00923983 -0.0119071 -0.00440968)
(-0.00923872 -0.0119559 -0.00440747)
(-0.00916636 -0.0124554 -0.00482082)
(-0.00951261 -0.0120926 -0.00403215)
(-0.0101217 -0.0124947 -0.0042115)
(-0.0097579 -0.0135026 -0.00501291)
(-0.0101733 -0.0140347 -0.00501321)
(-0.0104185 -0.0140591 -0.00512847)
(-0.0103782 -0.012954 -0.00483635)
(-0.00943928 -0.0129971 -0.00481573)
(-0.00957676 -0.0131749 -0.00499608)
(-0.00984054 -0.0135271 -0.0051058)
(-0.0101656 -0.0132942 -0.00475415)
(-0.00893389 -0.0120376 -0.0045955)
(-0.00976879 -0.0136821 -0.0052385)
(-0.00927236 -0.0128494 -0.00548814)
(-0.00934064 -0.0119918 -0.00417446)
(-0.00970461 -0.0117986 -0.00427782)
(-0.00902152 -0.0116069 -0.00425035)
(-0.00958939 -0.012391 -0.00511305)
(-0.00897749 -0.0117783 -0.00482167)
(-0.00919575 -0.0119989 -0.00480393)
(-0.00989464 -0.0125515 -0.00465772)
(-0.00963758 -0.0121342 -0.00471034)
(-0.00969128 -0.0124289 -0.00538445)
(-0.00847053 -0.0109664 -0.00351699)
(-0.00834206 -0.011364 -0.00355638)
(-0.0090225 -0.0112767 -0.00349867)
(-0.0089034 -0.0115232 -0.0035585)
(-0.00859104 -0.0113449 -0.00381324)
(-0.00873102 -0.0118249 -0.00386855)
(-0.00878871 -0.011356 -0.00368655)
(-0.00848229 -0.0109968 -0.00364134)
(-0.00861759 -0.0111912 -0.00363383)
(-0.00856883 -0.0112191 -0.00372258)
(-0.00910013 -0.011276 -0.0038332)
(-0.00955127 -0.0114159 -0.00464333)
(-0.00998713 -0.0124243 -0.00439861)
(-0.00967284 -0.0120357 -0.00424731)
(-0.00992388 -0.0118236 -0.00463097)
(-0.00980197 -0.0114415 -0.00461508)
(-0.00937423 -0.011311 -0.00445983)
(-0.00961421 -0.0117419 -0.00503376)
(-0.00985961 -0.0123733 -0.00453001)
(-0.00994319 -0.0118782 -0.00523048)
(-0.00961718 -0.0120424 -0.0041788)
(-0.00949662 -0.0116087 -0.00444983)
(-0.00917088 -0.0114678 -0.00447929)
(-0.010722 -0.0141381 -0.00480929)
(-0.0109124 -0.0138047 -0.00429472)
(-0.0104577 -0.0134334 -0.00415938)
(-0.0104051 -0.0134256 -0.004636)
(-0.00994713 -0.0121194 -0.00422298)
(-0.0102001 -0.0136038 -0.00450877)
(-0.00986446 -0.0124413 -0.00421807)
(-0.00982819 -0.012203 -0.00387939)
(-0.0105832 -0.0124733 -0.00410449)
(-0.0101321 -0.0132931 -0.00456386)
(-0.0096108 -0.0124812 -0.00428459)
(-0.00987742 -0.0127188 -0.00424668)
(-0.0119918 -0.0140887 -0.00504479)
(-0.0126834 -0.0148384 -0.00562192)
(-0.0131812 -0.0149073 -0.00588618)
(-0.0117753 -0.0143002 -0.00476118)
(-0.0120923 -0.0138473 -0.00574155)
(-0.0119564 -0.0138962 -0.00547681)
(-0.0125726 -0.014812 -0.00606431)
(-0.0122384 -0.0138264 -0.00574058)
(-0.00682226 -0.00901709 -0.00273253)
(-0.00677563 -0.00884697 -0.00271058)
(-0.00652279 -0.00868682 -0.00256888)
(-0.00709802 -0.00919051 -0.00297066)
(-0.00689464 -0.00882377 -0.00288925)
(-0.00714219 -0.00982701 -0.00297257)
(-0.00756644 -0.00968882 -0.00320186)
(-0.00595084 -0.00754461 -0.00251002)
(-0.00586317 -0.00777294 -0.00242706)
(-0.00693062 -0.00922977 -0.00286001)
)
;
    }
    INLET
    {
        type            calculated;
        value           nonuniform 0();
    }
    OUTLET
    {
        type            calculated;
        value           nonuniform 0();
    }
    procBoundary8to4
    {
        type            processor;
        value           uniform (0 0 0);
    }
    procBoundary8to7
    {
        type            processor;
        value           uniform (0 0 0);
    }
}


// ************************************************************************* //
