/*--------------------------------*- C++ -*----------------------------------*\
| =========                 |                                                 |
| \\      /  F ield         | OpenFOAM: The Open Source CFD Toolbox           |
|  \\    /   O peration     | Version:  v1612+                                |
|   \\  /    A nd           | Web:      www.OpenFOAM.com                      |
|    \\/     M anipulation  |                                                 |
\*---------------------------------------------------------------------------*/
FoamFile
{
    version     2.0;
    format      ascii;
    class       volVectorField;
    location    "166";
    object      wallShearStress;
}
// * * * * * * * * * * * * * * * * * * * * * * * * * * * * * * * * * * * * * //

dimensions      [0 2 -2 0 0 0 0];

internalField   uniform (0 0 0);

boundaryField
{
    WALL
    {
        type            calculated;
        value           nonuniform List<vector> 
1501
(
(0.00296431 -0.0168663 0.00605645)
(0.00284354 -0.0166106 0.00593967)
(0.00337711 -0.018373 0.00680435)
(0.00290877 -0.0177797 0.00658905)
(0.00276348 -0.0167007 0.00593338)
(0.00284817 -0.0165465 0.0059348)
(0.00500933 -0.0268563 0.0104799)
(0.00579869 -0.0285794 0.0107819)
(0.00295347 -0.0164602 0.00598692)
(0.00273779 -0.015997 0.00592695)
(0.0030081 -0.0171395 0.00643025)
(0.00306044 -0.0171256 0.00636763)
(0.00364672 -0.0195807 0.00722322)
(0.00353869 -0.0194035 0.00695459)
(0.00377636 -0.0216045 0.00783949)
(0.00365961 -0.0205059 0.00753103)
(0.00719007 -0.0364877 0.0151584)
(0.0166623 -0.0586651 0.0278064)
(0.00430681 -0.0249113 0.00902712)
(0.00428558 -0.0230939 0.0082394)
(0.0467284 -0.11344 0.0444057)
(0.00341868 -0.0220716 0.00830929)
(0.00322535 -0.020387 0.00755164)
(0.00399447 -0.0219628 0.00881821)
(0.00347584 -0.021774 0.0081709)
(0.00369178 -0.019956 0.00770127)
(0.00330096 -0.0210886 0.00773486)
(0.00239719 -0.0150737 0.0052538)
(0.0024996 -0.0149642 0.0051539)
(0.00254789 -0.0164533 0.00615031)
(0.00277756 -0.0166152 0.00586013)
(0.00265008 -0.0156364 0.00594571)
(0.00251699 -0.0158432 0.00589139)
(0.0025832 -0.0152139 0.00562531)
(0.00356759 -0.0242489 0.00899069)
(0.00352174 -0.0223462 0.00811645)
(0.00331859 -0.0239173 0.0088091)
(0.00357831 -0.0238171 0.00882879)
(0.00330975 -0.0218551 0.00806933)
(0.00329334 -0.0218741 0.00795904)
(0.00267034 -0.0171514 0.00607575)
(0.00300333 -0.0175904 0.00658342)
(0.00315954 -0.0185571 0.00713419)
(0.00301086 -0.0182714 0.00672425)
(0.00284812 -0.0175193 0.00617595)
(0.00289322 -0.0186417 0.00680879)
(0.00776513 -0.0542675 0.0272051)
(0.00654961 -0.0392953 0.0176197)
(0.00481476 -0.0309169 0.0126248)
(0.00537115 -0.0304712 0.0123558)
(0.00449377 -0.0319372 0.0129299)
(0.00546363 -0.0405499 0.0178549)
(0.0452488 -0.116026 0.068065)
(0.0502544 -0.132243 0.0723558)
(0.0306426 -0.09369 0.0490855)
(-0.00200642 -0.0757489 0.0294054)
(-0.0139084 -0.111018 0.0454005)
(0.00433573 -0.0243777 0.00947219)
(0.00403421 -0.0238613 0.00802271)
(0.00398814 -0.0237236 0.00821852)
(0.00491096 -0.0258754 0.00904389)
(0.00347263 -0.0213088 0.00770811)
(0.00381307 -0.0230272 0.00763368)
(0.003453 -0.0215842 0.00797893)
(0.00332464 -0.0211294 0.00764416)
(0.00369059 -0.022876 0.00797878)
(0.00366374 -0.0221159 0.00764708)
(0.00354397 -0.0213099 0.00710173)
(0.00373014 -0.0233195 0.00821272)
(0.00307865 -0.017623 0.00643854)
(0.00309049 -0.0169471 0.00648293)
(0.00285655 -0.0179613 0.00632669)
(0.00302905 -0.0173377 0.00652539)
(0.00282724 -0.0172986 0.0061627)
(0.00328242 -0.0172223 0.0066629)
(0.00287125 -0.0162108 0.00631128)
(0.00313909 -0.0169883 0.0058862)
(0.00886207 -0.0408524 0.0160865)
(0.00745493 -0.0365093 0.0132573)
(0.0070869 -0.0359983 0.0131194)
(0.00720634 -0.0361974 0.0127296)
(0.00871658 -0.0426525 0.0152856)
(0.00426925 -0.0235378 0.0086753)
(0.00467361 -0.0255129 0.00955471)
(0.00447752 -0.025586 0.00933136)
(0.00397662 -0.0237633 0.0087634)
(0.00469421 -0.0263078 0.00972706)
(0.00413626 -0.0233665 0.00891686)
(0.00536186 -0.0290505 0.0104361)
(0.00521909 -0.028833 0.0102306)
(0.00580295 -0.0314197 0.010849)
(0.0057278 -0.0315519 0.0108362)
(0.00535535 -0.0289719 0.0102557)
(0.00531353 -0.031789 0.0103458)
(0.00408168 -0.0340799 0.0120056)
(0.00445106 -0.031547 0.0111753)
(0.00383716 -0.0286883 0.0104001)
(0.0039969 -0.028264 0.0101482)
(0.00398741 -0.0277173 0.00974109)
(0.00412354 -0.0301137 0.0108924)
(0.01453 -0.110009 0.0196056)
(0.00709918 -0.052311 0.0160405)
(0.00145971 -0.139217 0.0239217)
(0.0166207 -0.0866067 0.0136587)
(0.00492312 -0.059776 0.0179177)
(0.00643173 -0.0765542 0.0207617)
(0.00756779 -0.0437243 0.0142884)
(0.0087222 -0.0520154 0.0156409)
(0.00933909 -0.0540733 0.016058)
(0.0113561 -0.0749283 0.0185372)
(0.00806581 -0.0441316 0.0140616)
(0.00576053 -0.031776 0.0112061)
(0.00506762 -0.0292351 0.0101899)
(0.00543661 -0.0292182 0.0104299)
(0.00601369 -0.0315944 0.0111453)
(0.00593475 -0.0319798 0.0114915)
(0.00535259 -0.0295218 0.0103389)
(0.00304594 -0.0185693 0.00690264)
(0.00353429 -0.0186318 0.00740903)
(0.0032686 -0.0198455 0.00726952)
(0.00307292 -0.0190868 0.00682237)
(0.00326204 -0.0184728 0.00736016)
(0.00331007 -0.0192797 0.00693548)
(0.00323514 -0.0185556 0.00675643)
(0.00302683 -0.0177766 0.00650113)
(0.00340086 -0.0186166 0.00671801)
(0.00288523 -0.0176563 0.00633484)
(0.00327666 -0.017904 0.00690579)
(0.00352315 -0.0187703 0.0070028)
(0.00314744 -0.0176455 0.00643757)
(0.00314009 -0.0179255 0.00630037)
(0.00303549 -0.0176677 0.00627141)
(0.00280712 -0.0168854 0.00617796)
(0.00267548 -0.0161549 0.00660668)
(0.00272207 -0.016976 0.00639949)
(0.00321269 -0.0180321 0.00633254)
(0.00299964 -0.0170566 0.00633866)
(0.00306005 -0.0172746 0.0063349)
(0.0029217 -0.0165471 0.00588074)
(0.00289376 -0.0170007 0.00612531)
(0.00302618 -0.017438 0.00620527)
(0.0027418 -0.0162937 0.00599437)
(0.00272464 -0.015292 0.00561975)
(0.00320467 -0.0184226 0.00668819)
(0.00327095 -0.018363 0.00678024)
(0.00292268 -0.0176822 0.00659694)
(0.00293868 -0.0173567 0.00659001)
(0.00293294 -0.0176576 0.00631302)
(0.0027485 -0.0172149 0.00632901)
(0.00274717 -0.0165689 0.00585318)
(0.0029846 -0.0169714 0.00620648)
(0.00264496 -0.0159945 0.00596785)
(0.0029582 -0.0167694 0.00628216)
(0.00308767 -0.0169124 0.00626674)
(0.00289291 -0.0168532 0.00625209)
(0.00341668 -0.0199787 0.00734789)
(0.00363682 -0.02073 0.00751264)
(0.00386373 -0.0208596 0.00775076)
(0.00350576 -0.0196941 0.00728547)
(0.00368592 -0.0205318 0.00772125)
(0.00363347 -0.0207282 0.00764834)
(0.00303285 -0.0174321 0.00658077)
(0.00290385 -0.0187096 0.00684585)
(0.00309132 -0.0184256 0.00681049)
(0.0029123 -0.01784 0.0066104)
(0.00311206 -0.0185229 0.00682294)
(0.00288696 -0.018071 0.00665526)
(0.00331535 -0.0179622 0.00656389)
(0.00303548 -0.0184979 0.00685315)
(0.00318932 -0.0182496 0.00666118)
(0.00316135 -0.0180848 0.0065195)
(0.00300779 -0.0181715 0.00680659)
(0.00311509 -0.0178988 0.00646693)
(0.0034055 -0.0193627 0.00696565)
(0.0037999 -0.02081 0.00774533)
(0.00373886 -0.0204773 0.00747974)
(0.00377677 -0.0194738 0.00720312)
(0.00336677 -0.0199023 0.00722035)
(0.00309887 -0.0191978 0.00692754)
(0.00331244 -0.019183 0.00706381)
(0.00318046 -0.0194823 0.00718193)
(0.00311532 -0.0183881 0.00681501)
(0.00290368 -0.0185124 0.00687798)
(0.0032823 -0.019583 0.00729644)
(0.00271795 -0.0161207 0.00602271)
(0.00273409 -0.0166786 0.0062942)
(0.00298064 -0.0166826 0.00609555)
(0.00258952 -0.016125 0.00608476)
(0.00308466 -0.0166108 0.00598592)
(0.00315695 -0.0178827 0.00649661)
(0.00296631 -0.0169088 0.00612508)
(0.00285451 -0.0168846 0.00622107)
(0.00295436 -0.0172874 0.0062915)
(0.00293593 -0.0169286 0.00612733)
(0.00273425 -0.0159829 0.00596678)
(0.00270886 -0.016296 0.00605318)
(0.00319752 -0.0179297 0.00655379)
(0.00314167 -0.0185469 0.00678759)
(0.0030352 -0.0177561 0.00651481)
(0.00308738 -0.0181859 0.00667751)
(0.00307911 -0.0176966 0.00644007)
(0.0031581 -0.0181287 0.0065675)
(0.00284809 -0.0163175 0.00599821)
(0.00251438 -0.0175776 0.00637166)
(0.0025565 -0.0169353 0.00624129)
(0.00269043 -0.0168721 0.00627229)
(0.00319202 -0.017183 0.00653635)
(0.00319322 -0.0165252 0.0061488)
(0.00263312 -0.0161182 0.0059727)
(0.00277494 -0.0165838 0.00598745)
(0.00281274 -0.0162948 0.00604414)
(0.00313865 -0.016811 0.0061715)
(0.00286335 -0.0166557 0.0061963)
(0.00279196 -0.0161909 0.00577918)
(0.00333115 -0.0182353 0.00653733)
(0.00325399 -0.0184066 0.00664694)
(0.00312583 -0.0177063 0.00646785)
(0.00329622 -0.0179993 0.00660076)
(0.00328596 -0.0181519 0.00658538)
(0.00319416 -0.0181617 0.00665058)
(0.00351847 -0.0194689 0.00693365)
(0.00347837 -0.019655 0.00749236)
(0.00334128 -0.0197209 0.00736035)
(0.00348867 -0.0201151 0.00725976)
(0.00356282 -0.0198635 0.00721394)
(0.00342883 -0.0194257 0.00722015)
(0.0325102 -0.111931 0.0782175)
(0.0299873 -0.0880319 0.0497201)
(0.0105231 -0.0741993 0.0539131)
(0.0166627 -0.0625877 0.031762)
(0.0460118 -0.114661 0.0670085)
(0.00593213 -0.031442 0.0124214)
(0.00542827 -0.0313298 0.0125098)
(0.00536678 -0.0275965 0.0108343)
(0.0053429 -0.0287287 0.0113289)
(0.00517722 -0.0271401 0.0105819)
(0.0054339 -0.0294937 0.0119173)
(0.00929806 -0.0465149 0.0215383)
(0.00617876 -0.0505317 0.0246244)
(0.00750477 -0.0403961 0.0177464)
(0.00598124 -0.0345679 0.0145021)
(0.00670225 -0.0366798 0.015425)
(0.00581859 -0.0329414 0.0135208)
(0.00424613 -0.0243147 0.00891112)
(0.00442318 -0.0256585 0.00936395)
(0.00450498 -0.0262701 0.00942666)
(0.0040337 -0.0244492 0.00882386)
(0.00409838 -0.0234906 0.00875558)
(0.00457564 -0.0264933 0.00952745)
(0.00471069 -0.0276728 0.00990843)
(0.00412874 -0.0246079 0.00889924)
(0.00511637 -0.0263874 0.009523)
(0.00454274 -0.0245977 0.00899264)
(0.00446461 -0.0256639 0.00920592)
(0.00555384 -0.0401823 0.0133527)
(0.00561863 -0.035918 0.0122718)
(0.00623862 -0.0481856 0.0153257)
(0.00671746 -0.045528 0.0145305)
(0.0054302 -0.0391101 0.0133298)
(0.00572006 -0.0383928 0.0129838)
(0.00497785 -0.0363245 0.0123311)
(0.00451761 -0.0332015 0.0121731)
(0.00479681 -0.037853 0.014037)
(0.00496314 -0.0410034 0.0142682)
(0.00463066 -0.0502216 0.01728)
(0.00427394 -0.0337369 0.0122895)
(0.00804893 -0.0605583 0.0168744)
(0.00553759 -0.0470949 0.0150272)
(0.00535817 -0.0376262 0.0127404)
(0.00390993 -0.0653389 0.0217256)
(0.00579958 -0.039799 0.0131849)
(0.00561738 -0.0445663 0.0147934)
(0.0039706 -0.021616 0.00804177)
(0.00382613 -0.0230007 0.00841547)
(0.00397001 -0.0221752 0.00830234)
(0.00406864 -0.0234311 0.00876379)
(0.00369113 -0.0209544 0.00783099)
(0.00375759 -0.0212584 0.00805442)
(0.00305396 -0.0180468 0.00663882)
(0.00329585 -0.0190193 0.00690287)
(0.0034627 -0.0195016 0.00699325)
(0.00312722 -0.0185025 0.00685887)
(0.00328359 -0.0181051 0.00651008)
(0.0032596 -0.0185537 0.006656)
(0.00282184 -0.0171582 0.00643995)
(0.00299039 -0.0177112 0.00636137)
(0.00300247 -0.0181938 0.00666083)
(0.00297915 -0.0178302 0.00644387)
(0.00298142 -0.0177568 0.00657604)
(0.00296593 -0.0173661 0.00636761)
(0.00285732 -0.0170568 0.00636228)
(0.00298713 -0.0168134 0.00598513)
(0.00283667 -0.0168947 0.00618037)
(0.00294578 -0.0168761 0.00612863)
(0.00293749 -0.0169052 0.00618335)
(0.00282105 -0.0171605 0.00627896)
(0.00300948 -0.0168872 0.00603425)
(0.00288324 -0.0172259 0.00624403)
(0.00419472 -0.0247835 0.00878722)
(0.00364573 -0.0236042 0.00855224)
(0.00377938 -0.0225532 0.00822939)
(0.00400625 -0.0231727 0.00827376)
(0.00402259 -0.0223154 0.00786915)
(0.00389052 -0.0244466 0.00884176)
(0.00412696 -0.0227652 0.00814534)
(0.00405379 -0.0223732 0.00791639)
(0.00382926 -0.0221838 0.00789557)
(0.00382919 -0.0214476 0.00760335)
(0.00394425 -0.0220805 0.00778757)
(0.00403938 -0.0221489 0.00780183)
(0.00478356 -0.0263443 0.00921093)
(0.00432873 -0.0235562 0.00844053)
(0.00402872 -0.0231707 0.00845787)
(0.00407135 -0.023753 0.00867172)
(0.00401355 -0.0226669 0.00822365)
(0.00473425 -0.0255191 0.00916918)
(0.00299344 -0.0170193 0.00643219)
(0.00294352 -0.0165943 0.00605988)
(0.0028701 -0.016842 0.00650224)
(0.00294318 -0.016662 0.00617435)
(0.00284963 -0.0167738 0.00621467)
(0.00297498 -0.0165865 0.00608383)
(0.00274179 -0.0163934 0.00622873)
(0.00286825 -0.0162975 0.0060357)
(0.00286774 -0.0164394 0.00620706)
(0.00295952 -0.0165835 0.00618206)
(0.00290603 -0.0161522 0.0060205)
(0.00283044 -0.0161075 0.00587888)
(0.00285073 -0.0164859 0.0060206)
(0.00272671 -0.0165809 0.00618315)
(0.00296838 -0.0171436 0.0063272)
(0.00292485 -0.0170323 0.00637471)
(0.00291531 -0.0172206 0.00649711)
(0.00293753 -0.0169388 0.00620117)
(0.0029655 -0.0160699 0.00607789)
(0.00269521 -0.0162084 0.00601698)
(0.00304391 -0.0167462 0.00608812)
(0.0028327 -0.0163667 0.00622)
(0.00269475 -0.0160897 0.00602774)
(0.00267447 -0.0161152 0.00598271)
(0.00342153 -0.0189881 0.00697192)
(0.00354865 -0.0193041 0.00719608)
(0.00343421 -0.018896 0.00704113)
(0.00347139 -0.0190785 0.00705532)
(0.00341374 -0.018743 0.00687693)
(0.00366842 -0.0194286 0.0069903)
(0.00428535 -0.0240421 0.0090718)
(0.00423161 -0.0228917 0.00850805)
(0.00473941 -0.0241388 0.0085216)
(0.00439755 -0.0228798 0.00828657)
(0.00403697 -0.0219957 0.00805832)
(0.00430957 -0.0230789 0.00848725)
(0.00343664 -0.0195347 0.00713281)
(0.00366802 -0.0201898 0.00745026)
(0.00374646 -0.0195887 0.00707151)
(0.00332574 -0.018616 0.00682832)
(0.00356 -0.0190309 0.00693465)
(0.00371026 -0.0198379 0.00722159)
(0.0040938 -0.0229071 0.00816558)
(0.00361123 -0.0214247 0.00816064)
(0.00397958 -0.0222229 0.00762529)
(0.0033712 -0.0221533 0.00732256)
(0.00392977 -0.0232656 0.00745973)
(0.0063391 -0.0318623 0.0119758)
(0.00685262 -0.0352747 0.0127975)
(0.00542145 -0.0282227 0.0106698)
(0.00594667 -0.0298206 0.010607)
(0.00555553 -0.0308094 0.0121883)
(0.00666633 -0.0354043 0.0141695)
(0.00398321 -0.0228436 0.00813034)
(0.00402387 -0.0242512 0.00816926)
(0.00395447 -0.0245105 0.00859591)
(0.00417349 -0.0231273 0.00831975)
(0.00435327 -0.0237776 0.00843729)
(0.00442093 -0.0241437 0.00893798)
(0.00478326 -0.0253227 0.00940253)
(0.00473729 -0.0258289 0.00971404)
(0.00511487 -0.0268797 0.00918263)
(0.00495894 -0.0260564 0.00884099)
(0.00492129 -0.0253917 0.00865464)
(0.00486553 -0.027242 0.00970771)
(0.00485249 -0.0273853 0.00962183)
(0.00533364 -0.0300079 0.010892)
(0.00598266 -0.0297767 0.0119631)
(0.00460467 -0.0273269 0.00960947)
(0.00587965 -0.0312132 0.0116228)
(-0.00740732 -0.137535 0.0769731)
(0.00396386 -0.0367635 0.0138432)
(0.00402329 -0.0300085 0.0110437)
(0.00391276 -0.0326027 0.0128788)
(0.00365578 -0.0289523 0.00959392)
(0.00392684 -0.0267106 0.00979241)
(0.00331946 -0.0468036 0.0188387)
(0.00785864 -0.0808555 0.0173956)
(-0.00722646 -0.0874292 0.0459399)
(-0.00887296 -0.129213 0.0324197)
(-0.0135189 -0.154944 0.0543437)
(-0.000991537 -0.146674 0.0327282)
(0.00593877 -0.0342632 0.01224)
(0.00575112 -0.0344423 0.0118792)
(0.0153435 -0.0638888 0.0218782)
(0.00809259 -0.0467819 0.0149756)
(0.00636207 -0.0370278 0.0128486)
(0.00836866 -0.0425695 0.0145411)
(0.0271042 -0.13156 0.0220739)
(0.0187785 -0.099461 0.017874)
(0.0245718 -0.133372 0.0205794)
(0.0275657 -0.0845469 0.0294258)
(0.0474207 -0.115976 0.040715)
(0.0247696 -0.0735973 0.0279922)
(0.0037275 -0.0203694 0.00778689)
(0.00399973 -0.0201494 0.00758934)
(0.00400022 -0.0221207 0.00845931)
(0.00378646 -0.0220396 0.00826528)
(0.00439285 -0.0211261 0.00814897)
(0.00315629 -0.0171697 0.00642551)
(0.00321702 -0.0176468 0.00658844)
(0.0028867 -0.0185551 0.0068155)
(0.00297549 -0.0188412 0.00706052)
(0.00297773 -0.018499 0.00688831)
(0.00301477 -0.0166485 0.00622736)
(0.00305096 -0.0188422 0.00688805)
(0.00293253 -0.0193508 0.0069558)
(0.00326972 -0.0200749 0.00767566)
(0.00320091 -0.0202313 0.00740371)
(0.00288275 -0.0195175 0.00699352)
(0.00299075 -0.0204383 0.00716361)
(0.00258567 -0.0172098 0.00649718)
(0.00288426 -0.016645 0.00643072)
(0.002613 -0.0170774 0.00633037)
(0.00274151 -0.0172015 0.00651778)
(0.00253048 -0.0158673 0.00580058)
(0.00285019 -0.0165127 0.00640499)
(0.00294044 -0.0172024 0.00612717)
(0.0029748 -0.0171111 0.00585558)
(0.00301523 -0.0172652 0.00609065)
(0.00270465 -0.0158754 0.00593643)
(0.00288222 -0.0166728 0.00633901)
(0.00284041 -0.0168279 0.00568843)
(0.00291358 -0.017371 0.0061639)
(0.00320864 -0.0185411 0.00650566)
(0.00286091 -0.0175379 0.00626735)
(0.00327561 -0.0187053 0.00665746)
(0.00280781 -0.0180995 0.00696925)
(0.00277142 -0.0155558 0.00579123)
(0.00286737 -0.0156122 0.00579534)
(0.00253772 -0.0157254 0.00591894)
(0.00270759 -0.0157046 0.0058485)
(0.00258928 -0.016319 0.0061893)
(0.00268648 -0.0155691 0.00579816)
(0.00254279 -0.015777 0.00590011)
(0.00248756 -0.0154892 0.00587827)
(0.00237533 -0.0156551 0.00584552)
(0.00293158 -0.0159839 0.00626951)
(0.00236405 -0.0157912 0.00585875)
(0.00275133 -0.0154522 0.00603097)
(0.00239413 -0.0153725 0.00576258)
(0.00262132 -0.0159266 0.0060587)
(0.00267689 -0.0153411 0.00572828)
(0.00253546 -0.0155141 0.00583042)
(0.00284899 -0.0167937 0.00629529)
(0.0030599 -0.0168477 0.00618914)
(0.00338617 -0.0175791 0.00672664)
(0.00267099 -0.0174569 0.00656847)
(0.00260735 -0.0166936 0.00615396)
(0.00267371 -0.0169585 0.00627744)
(0.00293126 -0.0160582 0.00600512)
(0.00269361 -0.0161429 0.00595138)
(0.00279268 -0.0164317 0.00635476)
(0.00281691 -0.0162675 0.0061056)
(0.0029041 -0.0158787 0.00580394)
(0.0028644 -0.0162014 0.00614902)
(0.00348309 -0.0189077 0.00699968)
(0.00310257 -0.0172078 0.00625001)
(0.00303456 -0.0178576 0.00655523)
(0.00337243 -0.0185754 0.00686073)
(0.00302904 -0.0175345 0.00653941)
(0.00341598 -0.0186869 0.00679706)
(0.00333141 -0.0178359 0.006395)
(0.00332914 -0.0186342 0.00680672)
(0.00289185 -0.0174136 0.00652103)
(0.00311449 -0.0172185 0.00648419)
(0.00316377 -0.0186341 0.00701872)
(0.00282124 -0.0173472 0.00641585)
(0.00323142 -0.0181684 0.00686436)
(0.00316855 -0.0175895 0.00661332)
(0.00301706 -0.0166827 0.00617589)
(0.00299356 -0.0170959 0.0064814)
(0.00294817 -0.0172675 0.00644285)
(0.00315369 -0.0174603 0.00662875)
(0.00297191 -0.017079 0.00648722)
(0.00370888 -0.0198309 0.00734609)
(0.00346622 -0.0187044 0.00689294)
(0.00368115 -0.0197268 0.00728669)
(0.00394312 -0.0209815 0.00786905)
(0.00386621 -0.0200259 0.00733555)
(0.00392589 -0.0205734 0.00756061)
(0.00255003 -0.0149347 0.00544336)
(0.00240884 -0.01506 0.00522513)
(0.00242181 -0.0153265 0.00558151)
(0.00253142 -0.0151509 0.00562705)
(0.00237865 -0.0154915 0.00530322)
(0.00253189 -0.0154884 0.00568479)
(0.00244695 -0.0154937 0.00552332)
(0.00242951 -0.0151127 0.00555742)
(0.00251828 -0.0150952 0.00555379)
(0.00246841 -0.0148146 0.00535504)
(0.00244804 -0.0148854 0.00535954)
(0.00252735 -0.0150581 0.00556856)
(0.00272947 -0.0153999 0.0058394)
(0.00253796 -0.0151596 0.00558056)
(0.00265251 -0.015487 0.00562744)
(0.00267786 -0.0160578 0.00580446)
(0.0025905 -0.0155064 0.00575675)
(0.00260773 -0.0158474 0.00572326)
(0.0027045 -0.0156409 0.00572967)
(0.0026923 -0.0158204 0.00584717)
(0.00278832 -0.0161841 0.00589172)
(0.0028022 -0.016062 0.00574827)
(0.00265696 -0.0162372 0.00622322)
(0.00275118 -0.0161677 0.0059117)
(0.00260354 -0.016196 0.0060967)
(0.00284263 -0.0162507 0.00586383)
(0.00330997 -0.0190711 0.00672506)
(0.00320801 -0.0182699 0.00638683)
(0.0031654 -0.018591 0.00666933)
(0.00343542 -0.0190908 0.00674188)
(0.00326747 -0.0192397 0.00701338)
(0.00335132 -0.0187734 0.00654672)
(0.00288712 -0.0186109 0.00689128)
(0.0029012 -0.0172404 0.0066794)
(0.00263689 -0.0162522 0.00620202)
(0.00289207 -0.0173168 0.00667846)
(0.00268408 -0.0174729 0.00617409)
(0.00267705 -0.0165772 0.00599272)
(0.00263983 -0.0174864 0.00702885)
(0.0030439 -0.0173379 0.00616343)
(0.00305548 -0.0202699 0.00767199)
(0.00309947 -0.0191215 0.00722159)
(0.00316315 -0.0198691 0.00765721)
(0.00315465 -0.0194264 0.00732785)
(0.00337444 -0.0191059 0.00743286)
(0.00345619 -0.0201076 0.00804795)
(0.00390633 -0.0258385 0.0100018)
(0.00408333 -0.023375 0.00920951)
(0.00443794 -0.0279874 0.011074)
(0.00409507 -0.0229137 0.008855)
(0.00403337 -0.0241937 0.00935482)
(0.00385329 -0.0270984 0.0104856)
(0.00290733 -0.0187376 0.00698366)
(0.00311141 -0.0189798 0.00725855)
(0.003018 -0.019809 0.00740993)
(0.00310668 -0.0197353 0.00739771)
(0.00309834 -0.0195617 0.00739669)
(0.00306882 -0.0197024 0.00742831)
(0.00510483 -0.0261643 0.0100126)
(0.00481067 -0.0249635 0.00941271)
(0.00480942 -0.0251009 0.00944048)
(0.00516952 -0.0265416 0.0100468)
(0.00470289 -0.025521 0.00983047)
(0.00374563 -0.02179 0.00854707)
(0.0026984 -0.0169574 0.00567699)
(0.00327677 -0.0195046 0.00716795)
(0.00341667 -0.0195081 0.00710266)
(0.0035281 -0.0194479 0.00714544)
(0.003347 -0.0197394 0.00719213)
(0.00296411 -0.0180073 0.00625852)
(0.00297828 -0.0176879 0.00632971)
(0.00293863 -0.0182972 0.00667751)
(0.00305336 -0.0181405 0.00669971)
(0.0030706 -0.018183 0.00665819)
(0.00314356 -0.0182711 0.00644504)
(0.00332652 -0.0199716 0.00702182)
(0.00342954 -0.0194149 0.00659008)
(0.00334127 -0.0191102 0.00661872)
(0.00243666 -0.0153926 0.00575528)
(0.002532 -0.0156046 0.00583461)
(0.00268475 -0.0157384 0.00556939)
(0.00276874 -0.0159893 0.0056751)
(0.00270802 -0.0162414 0.0059677)
(0.00267554 -0.0160312 0.00589068)
(0.00259648 -0.0163824 0.00609829)
(0.00270432 -0.0161644 0.005915)
(0.00287643 -0.0162184 0.00584637)
(0.00271057 -0.0161384 0.00593115)
(0.00278123 -0.0159401 0.00579512)
(0.0028388 -0.0156655 0.00555661)
(0.00262715 -0.015709 0.00555109)
(0.0025096 -0.0155292 0.00571569)
(0.00249602 -0.0152362 0.00563045)
(0.00259935 -0.0151749 0.00564746)
(0.00276278 -0.0160541 0.00577725)
(0.00273259 -0.0154669 0.00545803)
(0.00332588 -0.0188062 0.00706735)
(0.0033343 -0.019329 0.00729077)
(0.00361392 -0.0187617 0.00693719)
(0.00364238 -0.0195895 0.00720443)
(0.00320924 -0.0186488 0.00712881)
(0.00304331 -0.016517 0.00612246)
(0.00365649 -0.0186768 0.0072389)
(0.00321468 -0.0186127 0.00711827)
(0.00347397 -0.0183054 0.00679092)
(0.00353276 -0.0175538 0.00635743)
(0.00348135 -0.0183171 0.0067583)
(0.00327642 -0.0177877 0.00655954)
(0.00319351 -0.0173215 0.0063518)
(0.00315277 -0.0171692 0.00635553)
(0.00299573 -0.0164413 0.00628669)
(0.00287936 -0.017595 0.00665658)
(0.00295087 -0.0159706 0.0059485)
(0.00251578 -0.0155868 0.0057182)
(0.00291763 -0.0157538 0.0058897)
(0.00291883 -0.0159235 0.00612566)
(0.00265443 -0.0156352 0.00566586)
(0.00265045 -0.0160277 0.00594271)
(0.00315096 -0.0155044 0.00606523)
(0.00261696 -0.0151286 0.00561904)
(0.00264966 -0.0155363 0.00586604)
(0.00249031 -0.0157412 0.00592742)
(0.00256356 -0.0150197 0.00559608)
(0.0026914 -0.0155624 0.00576711)
(0.00278725 -0.0148347 0.00553448)
(0.00290832 -0.0158936 0.00594238)
(0.00268357 -0.0156742 0.0059186)
(0.00296354 -0.0152314 0.00582625)
(0.00292432 -0.0154218 0.00597365)
(0.0024664 -0.0158205 0.00592913)
(0.00269097 -0.0151443 0.00559825)
(0.00288262 -0.0152297 0.00603456)
(0.00278403 -0.0154986 0.00606698)
(0.00265965 -0.0158167 0.00617761)
(0.00261418 -0.014919 0.00581313)
(0.0025171 -0.0154896 0.00581499)
(0.00266602 -0.0150545 0.00575943)
(0.00329524 -0.0184201 0.006502)
(0.00310935 -0.0188846 0.00677244)
(0.002959 -0.0177366 0.00650671)
(0.00299375 -0.0182371 0.00632739)
(0.00304726 -0.0175529 0.00619418)
(0.00269979 -0.0170689 0.00665131)
(0.00295827 -0.01729 0.00621392)
(0.00312168 -0.018557 0.00662696)
(0.00303665 -0.0177007 0.00629978)
(0.00288663 -0.0172243 0.00617406)
(0.00273917 -0.0164348 0.00598444)
(0.00276595 -0.016432 0.00633309)
(0.00278876 -0.0174381 0.00587624)
(0.00269207 -0.0180109 0.00578064)
(0.00290051 -0.0172475 0.0057794)
(0.0028739 -0.016799 0.00616753)
(0.00268055 -0.0162882 0.00557442)
(0.00264068 -0.0167186 0.00597721)
(0.00263542 -0.0165903 0.0056861)
(0.00266979 -0.0166234 0.00607397)
(0.00260414 -0.0163759 0.00583076)
(0.00268731 -0.0161446 0.00586009)
(0.00270489 -0.0166058 0.00589637)
(0.00258834 -0.0155926 0.00604844)
(0.00263785 -0.0162686 0.00606821)
(0.00253171 -0.0158606 0.00597155)
(0.00271323 -0.0169072 0.00600938)
(0.0026233 -0.0169403 0.0062415)
(0.00246009 -0.01569 0.0055017)
(0.00259558 -0.0158919 0.00572323)
(0.00264374 -0.0159113 0.00608207)
(0.00254211 -0.0159758 0.00588224)
(0.00266541 -0.0151538 0.00582558)
(0.00253477 -0.0161128 0.00597265)
(0.00235366 -0.015177 0.00519991)
(0.00248502 -0.0161371 0.00610008)
(0.00267668 -0.0168489 0.00644061)
(0.00247972 -0.0160296 0.00595724)
(0.00264908 -0.0156803 0.00543976)
(0.00226436 -0.0146877 0.00509727)
(0.00258023 -0.0158027 0.00597726)
(0.00227625 -0.016572 0.00561612)
(0.00272198 -0.0161875 0.00612548)
(0.00276037 -0.0165495 0.0063302)
(0.0026865 -0.0162954 0.00622926)
(0.00269051 -0.0159298 0.00603278)
(0.00264383 -0.0162743 0.00624348)
(0.00249885 -0.0152957 0.00556087)
(0.00257747 -0.0160069 0.00583809)
(0.00266393 -0.0158227 0.0059853)
(0.00267814 -0.0154862 0.00594132)
(0.00287286 -0.0156723 0.00628895)
(0.0026606 -0.0160532 0.0058229)
(0.00267084 -0.0155591 0.00565914)
(0.00245499 -0.0150007 0.0054732)
(0.00253989 -0.0158181 0.00593611)
(0.00241385 -0.0160782 0.00581317)
(0.00253829 -0.0159231 0.00590044)
(0.00245614 -0.0158706 0.00570497)
(0.00252621 -0.0154056 0.00578867)
(0.00283061 -0.0149974 0.00592715)
(0.00279102 -0.0157956 0.00631994)
(0.00274981 -0.0160112 0.00574439)
(0.00247956 -0.0158359 0.00601489)
(0.00266572 -0.0166036 0.00636581)
(0.00251232 -0.0164765 0.00624194)
(0.00272784 -0.016882 0.00638357)
(0.00287078 -0.0174718 0.00666167)
(0.00270835 -0.0163502 0.00623904)
(0.00258025 -0.0169826 0.00600166)
(0.00274565 -0.0163205 0.00623362)
(0.00268484 -0.0174406 0.00651564)
(0.00235398 -0.0165055 0.00582388)
(0.00293971 -0.0162931 0.00622074)
(0.00263625 -0.0168723 0.00626123)
(0.00278758 -0.0176551 0.00680892)
(0.00242995 -0.0173159 0.00644829)
(0.00288764 -0.0170009 0.00654873)
(0.00267137 -0.0168973 0.00626778)
(0.0025324 -0.016919 0.00639697)
(0.00305906 -0.0168755 0.00679555)
(0.0026992 -0.0164506 0.00637196)
(0.00346912 -0.0237098 0.00859058)
(0.00303812 -0.0210135 0.00726488)
(0.00321497 -0.0199379 0.00767874)
(0.00324222 -0.0188946 0.00715091)
(0.00307986 -0.0186946 0.00706944)
(0.00303476 -0.0205247 0.00742891)
(0.00313098 -0.0204729 0.0071718)
(0.00297054 -0.0184298 0.00695187)
(0.00323474 -0.0213567 0.00810459)
(0.00341184 -0.0200059 0.0077965)
(0.00277007 -0.0165251 0.00585472)
(0.00261224 -0.0166964 0.00626364)
(0.00258865 -0.0161178 0.00584638)
(0.00285143 -0.0161924 0.00609624)
(0.00312138 -0.0167211 0.00634192)
(0.00330938 -0.0192692 0.00756451)
(0.00545172 -0.0287699 0.0118199)
(0.00427666 -0.0231326 0.00925067)
(0.00448469 -0.0263495 0.0103864)
(0.00468563 -0.0246928 0.00964619)
(0.00410211 -0.0227381 0.00896019)
(0.00328684 -0.0209049 0.00801557)
(0.0032328 -0.0195982 0.00742965)
(0.00318595 -0.0184819 0.00687884)
(0.00288811 -0.0175536 0.00657831)
(0.00309725 -0.0171015 0.00656745)
(0.00307992 -0.016779 0.00624623)
(0.00315108 -0.0179134 0.00667235)
(0.00316478 -0.01944 0.00733056)
(0.00323355 -0.0183725 0.00692764)
(0.00340525 -0.0175296 0.00660761)
(0.00302256 -0.0190163 0.00709845)
(0.00326242 -0.0182315 0.00677455)
(0.0028863 -0.0180923 0.0068765)
(0.00322643 -0.0179452 0.0069283)
(0.00373253 -0.0187061 0.00727661)
(0.00339647 -0.0190154 0.00712352)
(0.00330169 -0.0190704 0.00720378)
(0.00328551 -0.0199078 0.00744189)
(0.00377068 -0.0215454 0.00801487)
(0.00468824 -0.0233222 0.00873421)
(0.00371464 -0.0210189 0.00804343)
(0.00340269 -0.0206433 0.00787074)
(0.00334155 -0.0206567 0.00783151)
(0.00374781 -0.0218238 0.00858326)
(0.00423824 -0.0228464 0.00864225)
(0.0036222 -0.0221222 0.00865057)
(0.00390437 -0.0238226 0.00950899)
(0.00439268 -0.0242174 0.00931762)
(0.00360461 -0.0231171 0.00893229)
(0.0496179 -0.117592 0.058014)
(0.0239759 -0.0758384 0.0314315)
(0.0422782 -0.0945675 0.0418182)
(0.0117443 -0.0500753 0.0193731)
(0.00865271 -0.0404989 0.0154772)
(0.0123861 -0.0710811 0.01838)
(0.00851282 -0.0517183 0.0154573)
(0.0321756 -0.133302 0.0207127)
(0.0203787 -0.0953212 0.0230165)
(0.0131354 -0.0680544 0.0203315)
(0.0488376 -0.146432 0.0350765)
(0.0356727 -0.125273 0.0214677)
(0.0229888 -0.093296 0.0235353)
(0.0255442 -0.0954842 0.0245472)
(0.0368091 -0.114587 0.0237341)
(0.023462 -0.0885583 0.0242452)
(0.0148206 -0.0777308 0.0203979)
(0.0118306 -0.0499893 0.0184903)
(0.00787219 -0.0492701 0.0150758)
(0.0140354 -0.0664118 0.0207232)
(0.00284298 -0.0906835 0.0256456)
(0.00757244 -0.107738 0.0757398)
(0.00671681 -0.0752391 0.0440159)
(-0.00758778 -0.158769 0.0421707)
(0.0078694 -0.0940487 0.0132206)
(0.00290606 -0.0707973 0.0236876)
(-0.00455138 -0.0728388 0.0342011)
(0.00251339 -0.0521617 0.0181825)
(0.00418666 -0.0372651 0.0137817)
(0.00250695 -0.0524815 0.0220294)
(2.87405e-05 -0.0682834 0.0285564)
(-0.0123763 -0.102857 0.0483369)
(0.00837325 -0.0788959 0.0459506)
(0.00783563 -0.055844 0.0273584)
(0.00529067 -0.0417258 0.0177177)
(0.00473976 -0.033572 0.0136882)
(0.00131314 -0.0898904 0.0476276)
(-0.00378953 -0.124303 0.0768021)
(0.00590581 -0.0826393 0.0451944)
(0.00649602 -0.0575533 0.0276281)
(0.000833199 -0.11653 0.0765063)
(0.00425599 -0.111664 0.0761141)
(0.00749149 -0.0819966 0.0469641)
(0.00410737 -0.0255405 0.0102587)
(0.00395984 -0.0262755 0.0105986)
(0.00483006 -0.0327458 0.0134677)
(0.00405708 -0.0285022 0.0112395)
(0.00429215 -0.0287472 0.0114748)
(0.00433817 -0.0298132 0.0119675)
(0.00433611 -0.0290981 0.011959)
(0.00473103 -0.0643346 0.0315109)
(0.00489619 -0.0475403 0.0200431)
(0.00633292 -0.0564685 0.0266659)
(0.00535853 -0.0370487 0.0153422)
(0.00482479 -0.0345059 0.0140475)
(0.00518393 -0.033664 0.014068)
(0.00552733 -0.0426751 0.0181757)
(0.00402568 -0.0259429 0.0098806)
(0.00472122 -0.0367151 0.0151231)
(0.00448394 -0.0300937 0.01178)
(0.00514125 -0.0310079 0.0132706)
(0.00373591 -0.0259114 0.00978698)
(0.00398395 -0.0276399 0.0105121)
(0.00353696 -0.0266041 0.00958733)
(-0.000380713 -0.0722169 0.0327042)
(-0.0116952 -0.123035 0.0660929)
(0.00184236 -0.0626771 0.02785)
(0.00497364 -0.0442351 0.0202023)
(-0.00709679 -0.0795414 0.029427)
(0.00586461 -0.0788742 0.052393)
(0.00528635 -0.0398458 0.0171949)
(0.00338742 -0.053557 0.0239012)
(0.00418178 -0.0318116 0.0125473)
(0.00215393 -0.0559871 0.0200817)
(0.00435356 -0.0351897 0.013876)
(0.00414021 -0.0331495 0.0126814)
(0.00609844 -0.0309974 0.0119359)
(0.00458838 -0.0277612 0.00989948)
(0.00460574 -0.0269181 0.00879973)
(0.00508252 -0.0272328 0.0100686)
(0.00564031 -0.0281796 0.0100652)
(0.00871136 -0.041099 0.0169787)
(0.0106799 -0.0481269 0.0211423)
(0.0157494 -0.0585145 0.0211859)
(0.00559543 -0.0299416 0.00892328)
(0.00608287 -0.0315853 0.0118129)
(0.00890228 -0.0405205 0.0157687)
(0.0052249 -0.0288383 0.0104978)
(0.00480653 -0.0281923 0.00937486)
(0.00407699 -0.0233632 0.00873611)
(0.00387654 -0.0217942 0.00810277)
(0.00469703 -0.0237194 0.00861861)
(0.00405249 -0.0209351 0.00769675)
(0.00395071 -0.021971 0.00799044)
(0.00383595 -0.0211814 0.00788575)
(0.00394784 -0.0204687 0.00753696)
(0.00394337 -0.0208886 0.00762429)
(0.00443944 -0.0235908 0.00859408)
(0.0041636 -0.0222032 0.00805039)
(0.00430569 -0.0235421 0.00876569)
(0.00357812 -0.0185263 0.00663456)
(0.00361051 -0.0198281 0.00719064)
(0.00306389 -0.0169086 0.00624928)
(0.00303884 -0.016739 0.00619588)
(0.00274889 -0.0159824 0.00599334)
(0.00300833 -0.016994 0.00631522)
(0.00302244 -0.0169051 0.00625531)
(0.00269933 -0.0163078 0.0061437)
(0.00292635 -0.0164149 0.00599896)
(0.00269543 -0.01585 0.00611708)
(0.00274247 -0.0156756 0.0058639)
(0.00254046 -0.0156903 0.0058763)
(0.00274078 -0.0157886 0.00589726)
(0.00272436 -0.0155631 0.00573993)
(0.00258722 -0.0157604 0.00596794)
(0.00303993 -0.0162476 0.0061022)
(0.00272411 -0.0158761 0.00598023)
(0.002861 -0.0165008 0.00622712)
(0.00284356 -0.0162289 0.00589839)
(0.00253801 -0.0156761 0.00585211)
(0.00290983 -0.0163549 0.00610827)
(0.00266594 -0.0172662 0.00640679)
(0.00291213 -0.0168834 0.00611802)
(0.00294955 -0.017408 0.00609831)
(0.00272892 -0.0170349 0.00622732)
(0.00294094 -0.0175936 0.00628324)
(0.00283983 -0.017107 0.00637634)
(0.00336185 -0.0191857 0.00689669)
(0.00343436 -0.0192717 0.00686655)
(0.00339838 -0.0195702 0.00705041)
(0.00323613 -0.0195084 0.00705863)
(0.00308151 -0.018382 0.00673131)
(0.00511288 -0.0339387 0.0121159)
(0.00476029 -0.0292174 0.0102453)
(0.00476205 -0.0310515 0.0109839)
(0.00474887 -0.0534939 0.0180708)
(0.00503919 -0.0353478 0.0119313)
(0.00439192 -0.026364 0.00896264)
(0.00441371 -0.0263686 0.00899096)
(0.00438624 -0.0275361 0.00975548)
(0.00414367 -0.028954 0.0106283)
(0.00312565 -0.0208271 0.00732382)
(0.00331362 -0.0216376 0.00761588)
(0.00352195 -0.0221369 0.00738184)
(0.00325434 -0.0184774 0.0067026)
(0.0029934 -0.0179239 0.006571)
(0.00357021 -0.020224 0.00686662)
(0.0031971 -0.0194335 0.00694543)
(0.00329701 -0.0192649 0.00654078)
(0.00337072 -0.0197723 0.00699417)
(0.00358252 -0.0209961 0.00709687)
(0.00338145 -0.0203806 0.0076094)
(0.00327447 -0.0211898 0.0074722)
(0.00359314 -0.0215593 0.007601)
(0.00309021 -0.0211053 0.00725306)
(0.00336711 -0.0196742 0.00702589)
(0.00337281 -0.0224129 0.00757373)
(0.00315253 -0.0216568 0.00840793)
(0.00346683 -0.0221867 0.00817784)
(0.00323694 -0.0210305 0.00752589)
(0.00401091 -0.0254468 0.00911703)
(0.00394184 -0.0269841 0.00986833)
(0.00341631 -0.0224328 0.00765776)
(0.00349609 -0.0236723 0.00845363)
(0.00337793 -0.0230516 0.0082601)
(0.00343804 -0.0201187 0.00721677)
(0.00351176 -0.0198751 0.0071311)
(0.00356602 -0.0202857 0.00736449)
(0.00383286 -0.0213211 0.0074807)
(0.00354319 -0.0208204 0.00749802)
(0.00346522 -0.0198084 0.00712142)
(0.00343759 -0.0202255 0.00728548)
(0.00353582 -0.0207791 0.00728852)
(0.003659 -0.0211852 0.00731528)
(0.0036579 -0.0209274 0.00725577)
(0.00380453 -0.021418 0.00753321)
(0.00361407 -0.0216513 0.00773752)
(0.00591866 -0.0317918 0.0109454)
(0.00539032 -0.0317775 0.0111196)
(0.00494263 -0.0315277 0.0108879)
(0.00557329 -0.0317619 0.0108172)
(0.00397302 -0.0230523 0.00838102)
(0.0049847 -0.0273736 0.00958035)
(0.00554682 -0.0301362 0.0103625)
(0.00478041 -0.0260543 0.00919133)
(0.0045886 -0.0300338 0.0104703)
(0.00531077 -0.029925 0.0103782)
(0.00451577 -0.024761 0.00902054)
(0.00424256 -0.0229816 0.00852605)
(0.00402634 -0.0216764 0.00766497)
(0.00375471 -0.0204622 0.00733543)
(0.00374766 -0.0212679 0.00763522)
(0.0035555 -0.0201501 0.00735819)
(0.00354351 -0.0197062 0.00714656)
(0.00396325 -0.0226167 0.00807674)
(0.00396823 -0.0220526 0.00786707)
(0.00377928 -0.0221584 0.00811512)
(0.00384518 -0.0221797 0.0079979)
(0.00396542 -0.0212155 0.00772274)
(0.0034456 -0.0199474 0.00748612)
(0.00412594 -0.02242 0.00851703)
(0.00401646 -0.0235513 0.00862237)
(0.00460994 -0.025375 0.00906746)
(0.00456048 -0.0250835 0.00908011)
(0.00450518 -0.0252696 0.00907332)
(0.0047988 -0.0267207 0.00954106)
(0.00483921 -0.0260578 0.00953746)
(0.00431611 -0.024648 0.00893738)
(0.00436076 -0.0253546 0.00906855)
(0.00466554 -0.0268971 0.00967269)
(0.00428267 -0.0266002 0.00940894)
(0.00473029 -0.0269948 0.00979362)
(0.00377154 -0.0221951 0.00810111)
(0.00557136 -0.0310987 0.0129839)
(0.00864526 -0.0482718 0.0231528)
(0.00475119 -0.0262516 0.010312)
(0.00568181 -0.0281844 0.0114421)
(0.00487179 -0.0242784 0.00920457)
(0.00521917 -0.0258595 0.00997018)
(0.00478815 -0.0249798 0.00952044)
(0.00632283 -0.0362669 0.0152581)
(0.00542112 -0.0296 0.0120737)
(0.00503824 -0.025646 0.00981351)
(0.00679162 -0.0440258 0.0203172)
(0.00823743 -0.0423491 0.0179974)
(0.0147549 -0.0660625 0.0336727)
(0.0116352 -0.0652297 0.0347953)
(0.0193179 -0.0854282 0.0526147)
(0.00649238 -0.0347351 0.014026)
(0.00521948 -0.0282822 0.011018)
(0.00639536 -0.0340196 0.0136393)
(0.00561512 -0.030397 0.011836)
(0.0063924 -0.0326536 0.0127057)
(0.00600467 -0.0302758 0.011545)
(0.00521249 -0.0276637 0.0105275)
(0.0201931 -0.0856423 0.0516758)
(0.0281869 -0.108301 0.0767601)
(0.0262854 -0.121006 0.0835049)
(0.00976102 -0.0453803 0.0198293)
(0.00774948 -0.0381315 0.0154278)
(0.0137096 -0.0604865 0.029253)
(0.0205564 -0.083 0.0482235)
(0.0341178 -0.110489 0.0766327)
(0.00980796 -0.0531759 0.026627)
(0.0294913 -0.077555 0.0295009)
(0.0090862 -0.0420028 0.0180301)
(0.00896897 -0.042328 0.0172127)
(0.00360371 -0.0187382 0.00649013)
(0.00362813 -0.0188656 0.00661302)
(0.00354999 -0.0189781 0.00693206)
(0.00396651 -0.0216033 0.00738252)
(0.00376043 -0.021099 0.00766976)
(0.00350759 -0.0206115 0.00778883)
(0.00320715 -0.0189657 0.0069433)
(0.00297644 -0.0188485 0.00665489)
(0.00321816 -0.0196056 0.0078748)
(0.00350525 -0.0206838 0.00798768)
(0.00340838 -0.0200274 0.00746405)
(0.00356496 -0.022103 0.00783107)
(0.00440777 -0.0238421 0.00821053)
(0.00330071 -0.0201052 0.00709274)
(0.00335707 -0.0201531 0.00759574)
(0.00381341 -0.021814 0.00811111)
(0.0039532 -0.0218535 0.00784394)
(0.00432311 -0.0227836 0.00805238)
(0.00382974 -0.0217893 0.00818428)
(0.00407028 -0.0221038 0.00793697)
(0.00410113 -0.0220979 0.00787965)
(0.00288201 -0.0161964 0.00619131)
(0.00273293 -0.0167717 0.00623203)
(0.00288343 -0.0170092 0.00628604)
(0.00262939 -0.0160062 0.00596515)
(0.00289298 -0.0175661 0.00637927)
(0.00273273 -0.016829 0.00630414)
(0.00252171 -0.0166461 0.00613776)
(0.00275877 -0.0161338 0.006076)
(0.00297362 -0.0168765 0.00626585)
(0.00290864 -0.0171246 0.00635928)
(0.00313291 -0.0172477 0.00644615)
(0.00302366 -0.0169914 0.00645652)
(0.00259471 -0.0160874 0.00594716)
(0.00282796 -0.0167511 0.00614266)
(0.00272334 -0.0157884 0.00585462)
(0.00278166 -0.0166812 0.00621511)
(0.00258674 -0.0161442 0.00597723)
(0.002814 -0.016234 0.00604584)
(0.00364623 -0.0209804 0.00773493)
(0.00384894 -0.021488 0.00790993)
(0.00366558 -0.0207796 0.00753132)
(0.00318925 -0.017682 0.00658917)
(0.00403752 -0.0217132 0.00797401)
(0.00379151 -0.0208498 0.00764472)
(0.00427643 -0.0227427 0.00807855)
(0.00352893 -0.0218741 0.00762738)
(0.00345459 -0.0210767 0.00734933)
(0.00282809 -0.0174589 0.00641118)
(0.00293943 -0.0179552 0.00646637)
(0.00329691 -0.0184256 0.00677619)
(0.0029329 -0.0182905 0.00637029)
(0.00279605 -0.0191641 0.00668784)
(0.00352326 -0.0212918 0.00743198)
(0.0036605 -0.0218663 0.00753077)
(0.00335361 -0.0201161 0.00708086)
(0.00332186 -0.0194503 0.00681891)
(0.00289056 -0.0183905 0.00669267)
(0.00295742 -0.0179811 0.00692172)
(0.00305493 -0.0192016 0.00703847)
(0.00343432 -0.0204939 0.00711272)
(0.00350251 -0.0189276 0.00746692)
(0.00391019 -0.0221019 0.00798273)
(0.00332657 -0.0177954 0.00637352)
(0.00303895 -0.0174651 0.00646836)
(0.00328335 -0.0178926 0.00645307)
(0.00308015 -0.0179076 0.00649729)
(0.00305787 -0.0179631 0.00667524)
(0.00361402 -0.0186518 0.00669067)
(0.00302795 -0.0181142 0.0067813)
(0.00295466 -0.0175795 0.00648382)
(0.00342498 -0.0181095 0.00674393)
(0.00305128 -0.0178677 0.00664617)
(0.00289964 -0.0178617 0.00663445)
(0.00311976 -0.0181733 0.00663958)
(0.0031364 -0.0177633 0.00656192)
(0.00296019 -0.0172929 0.00636744)
(0.00331982 -0.0177041 0.00652266)
(0.0031386 -0.017113 0.00645972)
(0.00343639 -0.0190684 0.00703682)
(0.00378926 -0.0198235 0.00712725)
(0.00310203 -0.0187597 0.00694098)
(0.0036144 -0.0193725 0.00688129)
(0.00376836 -0.0224236 0.00806697)
(0.003514 -0.0216754 0.00791833)
(0.0035302 -0.0208719 0.00773074)
(0.00396344 -0.0211686 0.00779404)
(0.00334743 -0.0204277 0.00743573)
(0.00375563 -0.0205854 0.00771512)
(0.00363143 -0.0219754 0.00804761)
(0.00349022 -0.0207213 0.0074785)
(0.0033162 -0.0194577 0.00725998)
(0.00297561 -0.0168742 0.00603118)
(0.00310073 -0.0169892 0.00627733)
(0.00340611 -0.0188326 0.00741041)
(0.00286673 -0.0185163 0.00671208)
(0.00287981 -0.0181004 0.00649868)
(0.00301287 -0.0175002 0.00648735)
(0.00299804 -0.0183309 0.00656066)
(0.00285065 -0.0165999 0.00631851)
(0.0030134 -0.0167655 0.00632713)
(0.00277017 -0.0163073 0.00615005)
(0.00277207 -0.0174914 0.00633923)
(0.00313246 -0.0179452 0.00653078)
(0.00276299 -0.0176252 0.00637286)
(0.00308535 -0.0174711 0.00638294)
(0.00306901 -0.0173538 0.00641561)
(0.00313694 -0.0178975 0.00658811)
(0.00330789 -0.0180656 0.00669353)
(0.003192 -0.0178341 0.00667987)
(0.00271807 -0.0170901 0.00601098)
(0.00289872 -0.0175963 0.00622534)
(0.00274637 -0.0168356 0.00614342)
(0.00299045 -0.0172284 0.00630593)
(0.00292278 -0.0171823 0.00605847)
(0.00279997 -0.0170394 0.00600648)
(0.00294086 -0.016055 0.006118)
(0.00310248 -0.0166535 0.00607307)
(0.00301215 -0.0168947 0.0064553)
(0.00280934 -0.0160191 0.00612616)
(0.00265874 -0.0164373 0.00615255)
(0.00309149 -0.016482 0.00574264)
(0.00295656 -0.0166921 0.00628386)
(0.00251416 -0.0154139 0.00602464)
(0.00303474 -0.0167314 0.00575338)
(0.00277918 -0.0164609 0.0061855)
(0.00287519 -0.0159966 0.00592691)
(0.00273409 -0.0152735 0.00553204)
(0.00261236 -0.0164446 0.00615669)
(0.00283095 -0.0166315 0.00619866)
(0.00296199 -0.0169767 0.00612651)
(0.00279685 -0.0166919 0.00620244)
(0.00264262 -0.0159838 0.00604814)
(0.00308605 -0.0176618 0.00599857)
(0.00265451 -0.0160314 0.00610188)
(0.00275556 -0.0158487 0.00591203)
(0.00234589 -0.015369 0.00603569)
(0.00243435 -0.0155472 0.00586523)
(0.00334798 -0.0179228 0.00639435)
(0.00325724 -0.0179049 0.00662339)
(0.00344122 -0.0180753 0.00627536)
(0.00333095 -0.0181652 0.00626748)
(0.00322823 -0.0181787 0.00678412)
(0.00300995 -0.0173594 0.0064414)
(0.00296952 -0.0177766 0.00667183)
(0.00299808 -0.0168213 0.00612247)
(0.00296922 -0.0171186 0.00625609)
(0.00301642 -0.0173805 0.00630175)
(0.0030321 -0.0174616 0.00629533)
(0.00321861 -0.0180683 0.00647946)
(0.00278024 -0.0167764 0.00625879)
(0.00277536 -0.0162379 0.00619474)
(0.00294971 -0.016861 0.00612139)
(0.00266782 -0.0170155 0.00604537)
(0.00277177 -0.0159444 0.00611128)
(0.00280175 -0.0161318 0.00587397)
(0.00260546 -0.0158258 0.00579502)
(0.00279181 -0.016307 0.0059014)
(0.0027908 -0.0164903 0.00618947)
(0.00276343 -0.0168579 0.00643721)
(0.00276358 -0.0161909 0.00608743)
(0.00319291 -0.0184473 0.0065629)
(0.00322824 -0.0183375 0.00638403)
(0.00319094 -0.0178616 0.00645866)
(0.00318992 -0.018446 0.00661547)
(0.00356912 -0.0196552 0.00695125)
(0.00308002 -0.0177768 0.00645768)
(0.0031922 -0.0182601 0.00696828)
(0.00318022 -0.0177093 0.00646442)
(0.00308866 -0.0170995 0.00647503)
(0.00282492 -0.0173016 0.00639476)
(0.00321564 -0.0185606 0.0065219)
(0.0138747 -0.105323 0.0751552)
(0.0209928 -0.115254 0.0831428)
(0.0255455 -0.0724954 0.0415745)
(-0.00212536 -0.0708717 0.038389)
(0.00571279 -0.0289231 0.0104327)
(0.00656903 -0.0361537 0.0128287)
(0.00693565 -0.0388128 0.0135889)
(0.00571098 -0.0332456 0.0116215)
(0.00628054 -0.037505 0.0129571)
(0.00679441 -0.0418622 0.01374)
(0.00494578 -0.0296503 0.0104885)
(0.0052416 -0.0302598 0.0106789)
(0.00586829 -0.0335455 0.0115937)
(0.00559772 -0.0296334 0.0107197)
(0.00717811 -0.0383595 0.0130775)
(0.00573347 -0.0345229 0.0118358)
(0.00604685 -0.033143 0.0113858)
(0.00648276 -0.0410791 0.0135828)
(0.00617705 -0.0346288 0.0117826)
(-0.00502507 -0.0814587 0.0305775)
(0.00671585 -0.0400345 0.0134743)
(0.00670067 -0.0413443 0.0132073)
(0.00624535 -0.0428527 0.0136385)
(0.017111 -0.0986126 0.0196378)
(0.00899774 -0.067607 0.019037)
(0.0118419 -0.0943537 0.0222644)
(0.0134151 -0.132439 0.0176811)
(0.02004 -0.136089 0.0191041)
(-0.000837805 -0.149194 0.0271968)
(0.0195649 -0.150144 0.0212056)
(0.0112359 -0.07733 0.0196052)
(0.00548203 -0.108725 0.0231607)
(0.00360626 -0.0241772 0.0085087)
(0.00376441 -0.0251158 0.00928112)
(0.00400391 -0.027484 0.00991229)
(0.00379592 -0.0264176 0.00944949)
(0.00531361 -0.0377461 0.0121374)
(0.00474166 -0.0313218 0.0103128)
(0.00378705 -0.0264376 0.00907353)
(0.00375264 -0.0243899 0.00824692)
(0.0036989 -0.0250327 0.00860639)
(0.00373008 -0.0240096 0.00828952)
(0.00506535 -0.0262255 0.00997531)
(0.00475423 -0.025616 0.00985047)
(0.00515904 -0.0280695 0.0109159)
(0.00508069 -0.0261723 0.00981692)
(0.00490231 -0.0250049 0.00911533)
(0.00550497 -0.0282408 0.0100164)
(0.00692977 -0.0360746 0.0142446)
(0.00604041 -0.0295265 0.0111403)
(0.00670341 -0.0326466 0.0124011)
(0.00777181 -0.0367458 0.0132154)
(0.006078 -0.031914 0.0124588)
(0.0058171 -0.029843 0.0117103)
(0.0057063 -0.0312568 0.0108901)
(0.00510608 -0.0290314 0.0101603)
(0.00583506 -0.0304243 0.0114127)
(0.0033287 -0.0207974 0.00721081)
(0.00452959 -0.0234705 0.00883617)
(0.00440864 -0.0252757 0.00902798)
(0.00463876 -0.0264048 0.00977094)
(0.00510332 -0.0285127 0.0101445)
(0.00395787 -0.0227307 0.00830139)
(0.00376981 -0.0220214 0.00801489)
(0.00441086 -0.0241043 0.00891776)
(0.0039499 -0.0234449 0.00857691)
(0.0269649 -0.084008 0.0283585)
(0.0441293 -0.110628 0.0338815)
(0.0242956 -0.0838914 0.0282314)
(0.0453935 -0.121837 0.03399)
(0.0281143 -0.0991966 0.0277266)
(0.0197216 -0.0721784 0.0265063)
(0.00642995 -0.0340528 0.0123071)
(0.0103696 -0.0504952 0.0151653)
(0.014483 -0.0600199 0.0221209)
(0.00683945 -0.0350692 0.0123906)
(0.00559668 -0.0323918 0.010904)
(0.00626773 -0.034667 0.0119652)
(0.0141554 -0.0620063 0.0204881)
(0.00673361 -0.0352299 0.0126263)
(0.00976017 -0.0449589 0.0152329)
(0.00647975 -0.0363242 0.0133559)
(0.0104378 -0.0428885 0.0160427)
(0.0159588 -0.0629407 0.0258596)
(0.0105204 -0.0458823 0.0184632)
(0.00642877 -0.0354323 0.0121684)
(0.00719846 -0.0378542 0.0132923)
(0.0163182 -0.0581652 0.0268174)
(0.00323153 -0.0185596 0.00678466)
(0.0030352 -0.0173735 0.00645896)
(0.00307949 -0.0175389 0.00654371)
(0.00316644 -0.017613 0.00649113)
(0.00297523 -0.0173243 0.00651052)
(0.00315165 -0.0178878 0.00655095)
(0.00317121 -0.0175581 0.0063585)
(0.00313056 -0.0175398 0.00645675)
(0.00312161 -0.0177564 0.00666968)
(0.00340801 -0.0194142 0.00740775)
(0.00287408 -0.0177299 0.00610478)
(0.00347009 -0.0181694 0.00717678)
(0.00333787 -0.0187682 0.0072439)
(0.00353734 -0.0189797 0.00720136)
(0.00304966 -0.0166854 0.00647559)
(0.00282415 -0.0167821 0.00619367)
(0.00280882 -0.0176223 0.00624469)
(0.00309943 -0.0179701 0.0064198)
(0.00302248 -0.0176474 0.0064975)
(0.00302853 -0.0180163 0.0066395)
(0.00329608 -0.018491 0.00690485)
(0.00327195 -0.0193995 0.00713034)
(0.00363458 -0.0210546 0.00752836)
(0.00355905 -0.0194755 0.00722043)
(0.00333727 -0.0207596 0.00752701)
(0.00318576 -0.0181009 0.00676626)
(0.0031098 -0.0187604 0.00699312)
(0.00326581 -0.0197583 0.00748491)
(0.00348978 -0.019271 0.00713217)
(0.00287101 -0.0179574 0.00666996)
(0.00303749 -0.0179688 0.00667151)
(0.00348397 -0.0183326 0.00683313)
(0.00306407 -0.0178622 0.00670076)
(0.00325849 -0.0186308 0.00701572)
(0.00306253 -0.0182895 0.00664584)
(0.00289269 -0.0185006 0.0067114)
(0.00348692 -0.0200104 0.00745784)
(0.00389088 -0.0203158 0.00770242)
(0.00328067 -0.0197445 0.00712944)
(0.00334934 -0.0191882 0.00715441)
(0.00331737 -0.0207615 0.0074675)
(0.00356287 -0.0206006 0.00756139)
(0.00356629 -0.020598 0.0076057)
(0.00326706 -0.0191982 0.00727114)
(0.00307617 -0.0194139 0.00713141)
(0.00301722 -0.0180668 0.00681212)
(0.00297906 -0.0184475 0.00680588)
(0.00308286 -0.01909 0.00700419)
(0.00271579 -0.016651 0.00622207)
(0.00285123 -0.0169683 0.00619374)
(0.0027521 -0.0164096 0.00602935)
(0.00314043 -0.0171976 0.00619189)
(0.00305994 -0.0168181 0.00608999)
(0.00292094 -0.0179927 0.00660371)
(0.00303902 -0.0176491 0.00656991)
(0.00312775 -0.0175931 0.00645162)
(0.00280713 -0.017175 0.00643381)
(0.00276615 -0.0172263 0.00633709)
(0.00293947 -0.0171307 0.0061579)
(0.00279347 -0.0172204 0.00627855)
(0.00265416 -0.0168977 0.0063617)
(0.00287509 -0.0166747 0.00613552)
(0.00277976 -0.0162495 0.00608183)
(0.0029736 -0.0167262 0.00619661)
(0.00363402 -0.0205275 0.0077102)
(0.00318369 -0.0183936 0.00700743)
(0.00296215 -0.017584 0.00656646)
(0.00336803 -0.0189433 0.00714958)
(0.00328922 -0.0189039 0.00710822)
(0.00305736 -0.0192832 0.00712081)
(0.00345156 -0.0198029 0.00716142)
(0.0028601 -0.0173898 0.00620367)
(0.00314878 -0.018409 0.0062428)
(0.0031053 -0.0187511 0.00682868)
(0.0035009 -0.0198753 0.00719009)
(0.00320856 -0.0191632 0.00697034)
(0.00278175 -0.0166208 0.00606772)
(0.0028848 -0.0161902 0.00587269)
(0.00426278 -0.0221445 0.00821137)
(0.00368541 -0.0212877 0.00776392)
(0.00347788 -0.021407 0.0079293)
(0.00386662 -0.0226172 0.00849799)
(0.00378474 -0.0211035 0.00779115)
(0.00371438 -0.0213791 0.00751857)
(0.00367691 -0.0239177 0.00852061)
(0.00373838 -0.0247452 0.00907181)
(0.00386911 -0.0245935 0.00878341)
(0.00369624 -0.0233706 0.00828496)
(0.00289263 -0.0169859 0.00607252)
(0.00313972 -0.0176606 0.00637202)
(0.00322317 -0.0177653 0.00633798)
(0.00301536 -0.0179661 0.00653531)
(0.0030867 -0.0173118 0.00620438)
(0.00302632 -0.0175483 0.0063826)
(0.00289104 -0.0176386 0.00642674)
(0.00308558 -0.0174699 0.00635331)
(0.00298276 -0.0173571 0.00634662)
(0.00296855 -0.0171428 0.00617922)
(0.00406946 -0.0233034 0.0083114)
(0.0046231 -0.027812 0.00964778)
(0.00428763 -0.0260532 0.00913453)
(0.00443703 -0.0279466 0.00967811)
(0.0058301 -0.0336956 0.011693)
(0.00549428 -0.0312813 0.0102119)
(0.0053347 -0.0304935 0.0104633)
(0.00468434 -0.0300989 0.0105633)
(0.00435645 -0.0277032 0.00970821)
(0.00477629 -0.0249391 0.00872131)
(0.00413842 -0.0247965 0.00898928)
(0.00460229 -0.0266223 0.00909833)
(0.00498391 -0.0292376 0.0103923)
(0.00459125 -0.026599 0.00937493)
(0.00509477 -0.0260171 0.00891276)
(0.00393094 -0.0272553 0.00983781)
(0.00368888 -0.0199241 0.00714611)
(0.00401293 -0.0216944 0.00762919)
(0.00381126 -0.0208231 0.00744165)
(0.00388024 -0.0209166 0.00744895)
(0.00360964 -0.0204649 0.00751142)
(0.00380551 -0.0216607 0.00805075)
(0.00385131 -0.021196 0.00783732)
(0.00386036 -0.0212259 0.0078204)
(0.00400235 -0.0219058 0.00828443)
(0.00404438 -0.0212149 0.0076447)
(0.00402368 -0.0214873 0.00793408)
(0.00358185 -0.020555 0.0077139)
(0.00373683 -0.0205967 0.00759112)
(0.00379747 -0.021719 0.00798106)
(0.00392312 -0.0217121 0.00786013)
(0.00345851 -0.0202092 0.00737482)
(0.00372659 -0.0221904 0.00798346)
(0.0039016 -0.0236474 0.00902634)
(0.00456498 -0.0255074 0.0099025)
(0.00504 -0.0262945 0.00902979)
(0.00499649 -0.027081 0.0102639)
(0.00490088 -0.0286167 0.0104163)
(-0.0144834 -0.124389 0.0419085)
(0.0192673 -0.0681893 0.0274823)
(0.0280043 -0.0865397 0.0399778)
(0.0178754 -0.0712611 0.0334457)
(0.00456382 -0.0265124 0.0103989)
(0.00451451 -0.0320857 0.0131317)
(0.00299705 -0.0181167 0.00687518)
(0.00310956 -0.0193697 0.00729711)
(0.00314095 -0.0232654 0.00822222)
(0.0033804 -0.0234618 0.00861068)
(0.00334484 -0.0218249 0.00841181)
(0.00325759 -0.0213858 0.0080475)
(0.00255553 -0.0159023 0.00582299)
(0.00264613 -0.0166534 0.00621706)
(0.00281783 -0.016387 0.0062055)
(0.00258799 -0.0158626 0.00597629)
(0.00248725 -0.016659 0.00608222)
(0.00285156 -0.0171604 0.00641178)
(0.00274137 -0.0164442 0.00626676)
(0.00275052 -0.0165681 0.00600535)
(0.00280856 -0.0167939 0.00609343)
(0.00260952 -0.0165546 0.00641308)
(0.00300904 -0.0170328 0.00593701)
(0.00280312 -0.0164561 0.00587516)
(0.00297372 -0.0154521 0.0059711)
(0.00260189 -0.0154095 0.00574012)
(0.00269924 -0.0159522 0.00594786)
(0.00248762 -0.0153456 0.00561709)
(0.00245609 -0.0147038 0.00549891)
(0.00249062 -0.0154101 0.00568245)
(0.00245893 -0.0155432 0.00586134)
(0.00253386 -0.0155323 0.00589864)
(0.00253502 -0.0158417 0.00601886)
(0.00271451 -0.0160406 0.00591555)
(0.00259216 -0.0162435 0.00637814)
(0.00265054 -0.015379 0.00583725)
(0.00267334 -0.0165163 0.00617795)
(0.00270118 -0.016656 0.00623349)
(0.00280948 -0.0165146 0.00605167)
(0.00322887 -0.0166735 0.00645867)
(0.00292332 -0.0170398 0.00641206)
(0.00297928 -0.016609 0.00620417)
(0.00265317 -0.0162906 0.00609678)
(0.00287595 -0.0163286 0.00612001)
(0.00252465 -0.0167019 0.0063565)
(0.00296255 -0.0168648 0.00631481)
(0.00274955 -0.0163181 0.00606398)
(0.00297454 -0.0169256 0.0062878)
(0.00266365 -0.0163467 0.00609407)
(0.00335623 -0.0188239 0.00686855)
(0.00328973 -0.0184222 0.00686365)
(0.00346198 -0.0183051 0.00671933)
(0.00346974 -0.0187424 0.00689764)
(0.00262623 -0.016104 0.00578477)
(0.00258839 -0.0154353 0.0059728)
(0.00259533 -0.0154552 0.00556593)
(0.00272394 -0.015673 0.0060355)
(0.00284851 -0.0160233 0.00586557)
(0.00247986 -0.0149322 0.0057647)
(0.00281255 -0.0160496 0.00589615)
(0.00265452 -0.0157195 0.00573)
(0.00266554 -0.0160729 0.00600685)
(0.00258576 -0.0156912 0.0058685)
(0.00254526 -0.0159292 0.00607975)
(0.00265339 -0.0158446 0.00591632)
(0.00256606 -0.0155641 0.00590042)
(0.00262435 -0.0155564 0.00577019)
(0.00270949 -0.016187 0.00603567)
(0.00282756 -0.0166867 0.00613379)
(0.00274245 -0.0163667 0.00602287)
(0.00284208 -0.0166284 0.00601215)
(0.00259803 -0.0161157 0.00596435)
(0.00272773 -0.016422 0.00546326)
(0.00252333 -0.0153346 0.005355)
(0.00268274 -0.0157359 0.00558974)
(0.00280078 -0.0155917 0.00614852)
(0.00291788 -0.0169068 0.00661418)
(0.00232637 -0.0177136 0.00616526)
(0.00248849 -0.0166024 0.00604829)
(0.00286194 -0.0164745 0.00569316)
(0.00350133 -0.0259744 0.00981077)
(0.00394533 -0.0253858 0.00963658)
(0.0031641 -0.0201237 0.00736615)
(0.00341674 -0.0221519 0.00799482)
(0.00419653 -0.0229476 0.0090431)
(0.00315428 -0.0209121 0.00774587)
(0.0039278 -0.0238548 0.00924265)
(0.00305353 -0.0190996 0.00711378)
(0.0037667 -0.0212999 0.00833703)
(0.00386964 -0.0213916 0.0081853)
(0.00362933 -0.0204108 0.00802838)
(0.00322585 -0.0202833 0.00778879)
)
;
    }
    INLET
    {
        type            calculated;
        value           uniform (0 0 0);
    }
    OUTLET
    {
        type            calculated;
        value           nonuniform 0();
    }
    procBoundary23to22
    {
        type            processor;
        value           uniform (0 0 0);
    }
}


// ************************************************************************* //
