/*--------------------------------*- C++ -*----------------------------------*\
| =========                 |                                                 |
| \\      /  F ield         | OpenFOAM: The Open Source CFD Toolbox           |
|  \\    /   O peration     | Version:  v1612+                                |
|   \\  /    A nd           | Web:      www.OpenFOAM.com                      |
|    \\/     M anipulation  |                                                 |
\*---------------------------------------------------------------------------*/
FoamFile
{
    version     2.0;
    format      ascii;
    class       volVectorField;
    location    "200";
    object      wallShearStress;
}
// * * * * * * * * * * * * * * * * * * * * * * * * * * * * * * * * * * * * * //

dimensions      [0 2 -2 0 0 0 0];

internalField   uniform (0 0 0);

boundaryField
{
    WALL
    {
        type            calculated;
        value           nonuniform List<vector> 
1497
(
(0.0041057 -0.0167775 0.00992762)
(0.00412079 -0.0158691 0.0105233)
(0.00188819 -0.0140867 0.0120138)
(0.00207579 -0.0127589 0.0116431)
(0.00230681 -0.0139933 0.0108177)
(0.00329976 -0.0133636 0.0103361)
(0.00272742 -0.0165696 0.012087)
(0.00265555 -0.0170692 0.012495)
(0.00211084 -0.0161393 0.0121959)
(0.0015597 -0.016018 0.012467)
(0.00316155 -0.0153436 0.0113897)
(0.00296338 -0.0158484 0.012044)
(0.00340458 -0.0133946 0.0103273)
(0.00407694 -0.0144886 0.0112286)
(0.000490559 -0.0177632 0.00794836)
(0.00139576 -0.0186503 0.00816712)
(0.00279956 -0.0188881 0.00830443)
(0.00315989 -0.0203014 0.0100274)
(0.00105724 -0.0186712 0.00835641)
(0.000697865 -0.0180195 0.00873585)
(0.00177991 -0.0182517 0.00971434)
(0.00243915 -0.0175541 0.00906954)
(-0.000343882 -0.0142322 0.00935283)
(-0.000591315 -0.0134927 0.00857582)
(0.0029922 -0.0113158 0.0111514)
(0.00328312 -0.0116287 0.0111767)
(0.00176434 -0.0134346 0.012241)
(0.00150918 -0.0146364 0.0122086)
(0.00374305 -0.00840809 0.00637711)
(0.00357354 -0.0138052 0.0108171)
(0.00300703 -0.01389 0.0108875)
(0.0040567 -0.0144716 0.0109848)
(0.000780223 -0.012131 0.00920559)
(0.00116353 -0.0113779 0.00858192)
(0.000850869 -0.0113954 0.00864649)
(0.00124929 -0.0104998 0.00762519)
(0.00297401 -0.0109431 0.00963567)
(0.00254963 -0.0116294 0.0107328)
(0.000913044 -0.0130492 0.010462)
(0.00145865 -0.0127736 0.0103402)
(0.000797013 -0.0155787 0.0115766)
(0.0004377 -0.0154116 0.0108338)
(-0.000313019 -0.0142288 0.0100064)
(0.000334311 -0.0148089 0.0109292)
(0.00309939 -0.0181571 0.0123255)
(0.00280524 -0.0174386 0.0119118)
(0.00131476 -0.0160182 0.0116487)
(0.00121332 -0.0155159 0.0113017)
(0.00281549 -0.0171308 0.00913371)
(0.00344207 -0.0168022 0.00870094)
(0.00244058 -0.0100654 0.00742334)
(0.00342271 -0.0112761 0.00839662)
(0.000826864 -0.0129688 0.00981062)
(0.00110425 -0.0123553 0.00983525)
(0.00227367 -0.0113029 0.00660455)
(0.00254772 -0.0108349 0.00638757)
(0.00240818 -0.0106638 0.00652292)
(0.00229329 -0.0116705 0.00705406)
(0.00204826 -0.0112419 0.00669122)
(0.00224332 -0.0105934 0.00616113)
(0.002952 -0.0171524 0.00807907)
(0.00228694 -0.0173785 0.00721314)
(0.00312468 -0.0168377 0.00735706)
(0.0027949 -0.0187041 0.00806853)
(0.00331199 -0.017456 0.00773771)
(-0.000103998 -0.0156128 0.0107218)
(-0.000360335 -0.0156311 0.010779)
(-0.00070871 -0.0158372 0.0103992)
(0.000128483 -0.0162222 0.0115478)
(-2.46285e-05 -0.0156804 0.0111126)
(-2.67634e-07 -0.0166331 0.0108733)
(0.0016422 -0.0132725 0.0099407)
(0.00121151 -0.0136907 0.00999227)
(0.00177534 -0.0136367 0.0101546)
(0.0018334 -0.0136237 0.00962014)
(0.00121951 -0.0129945 0.009287)
(0.00186769 -0.0135975 0.0103056)
(0.00224414 -0.0128866 0.0113706)
(0.00232283 -0.0120486 0.0113177)
(0.00297286 -0.0125015 0.0110395)
(0.00253958 -0.0128262 0.011694)
(0.0020528 -0.0121489 0.0112012)
(-0.000321843 -0.0152053 0.00995187)
(0.000227863 -0.0151271 0.00958811)
(0.00022045 -0.0165572 0.0112959)
(-5.53383e-05 -0.0153624 0.0104551)
(0.000789066 -0.0117993 0.00648894)
(0.00108559 -0.0111203 0.00592302)
(0.000948638 -0.0120505 0.00638743)
(0.000915656 -0.0110327 0.00580261)
(0.000739864 -0.0111106 0.00605121)
(0.000529815 -0.0120735 0.00651161)
(0.00138734 -0.00949503 0.00501772)
(0.00126147 -0.00999255 0.00509048)
(0.00115694 -0.00994936 0.00510243)
(0.00123763 -0.00934993 0.00493144)
(0.0014247 -0.00965563 0.00502724)
(0.00134151 -0.0099051 0.00522797)
(0.00356454 -0.0104901 0.0096612)
(0.0041106 -0.00960999 0.00853396)
(0.00312254 -0.00896599 0.00894257)
(0.00364371 -0.0095678 0.00848805)
(0.00322211 -0.0108416 0.00814657)
(0.00303694 -0.0116156 0.00819327)
(0.0033682 -0.010769 0.0082234)
(0.00323671 -0.0105585 0.0083043)
(0.00318811 -0.0117363 0.00894708)
(0.00259116 -0.0108416 0.00883294)
(0.00373793 -0.00971462 0.00829701)
(0.00322608 -0.00964867 0.00823993)
(0.00313191 -0.00910805 0.00715769)
(0.00384084 -0.0103301 0.00821619)
(0.00343068 -0.0098662 0.00817871)
(0.00352765 -0.00940745 0.00704219)
(0.00233369 -0.00895248 0.00539352)
(0.00247982 -0.00894112 0.00540199)
(0.00291981 -0.00918235 0.00584756)
(0.00307603 -0.00991896 0.00661493)
(0.00271275 -0.00897236 0.00589224)
(0.00254609 -0.00866848 0.0055216)
(0.00555596 -0.01529 0.00911337)
(0.00582949 -0.0158889 0.00911768)
(0.00452742 -0.0131703 0.00828727)
(0.00508244 -0.0134154 0.00853313)
(0.00477619 -0.0148169 0.00755613)
(0.00434054 -0.0147393 0.00776768)
(0.00176022 -0.00959725 0.00531059)
(0.00129802 -0.00934605 0.0048904)
(0.00156305 -0.00911846 0.0049594)
(0.00159475 -0.00941619 0.00512619)
(0.0015464 -0.00931946 0.00526391)
(0.00128242 -0.00947118 0.00500213)
(0.00191358 -0.00974016 0.00653593)
(0.00216342 -0.00968466 0.00620503)
(0.00179875 -0.00871919 0.00566791)
(0.0020486 -0.00966727 0.00621004)
(0.00179684 -0.00910602 0.00587607)
(0.00187453 -0.00940048 0.00546425)
(0.00195514 -0.00910714 0.00557204)
(0.0019114 -0.00980668 0.0057159)
(0.00173913 -0.00886635 0.00529549)
(0.00195897 -0.00943364 0.00547914)
(0.00190479 -0.00935085 0.00522944)
(0.00174396 -0.00906724 0.00518645)
(0.00187793 -0.00914561 0.00543768)
(0.00212529 -0.00964327 0.00573102)
(0.00171015 -0.00936443 0.00538558)
(0.00185463 -0.0093795 0.00511297)
(0.00156025 -0.00859009 0.00486203)
(0.00158246 -0.00893756 0.00492144)
(0.00154293 -0.0093659 0.00506678)
(0.00144031 -0.00928278 0.00467464)
(0.00173032 -0.00906962 0.00534378)
(0.00170308 -0.00912092 0.00496338)
(0.00194262 -0.00885909 0.00530897)
(0.00200785 -0.00845605 0.00505165)
(0.0024597 -0.00948575 0.00592137)
(0.00222524 -0.00881685 0.00565841)
(0.0021482 -0.00921002 0.00618823)
(0.00021652 -0.013377 0.00782392)
(0.000473193 -0.0128406 0.00748128)
(0.000144386 -0.0141796 0.00862839)
(-0.00015737 -0.0135714 0.00824639)
(0.000263926 -0.0132251 0.00752691)
(0.000179529 -0.0135896 0.00803577)
(0.00110752 -0.0101137 0.00530388)
(0.000877751 -0.0104683 0.00541255)
(0.00100804 -0.0105391 0.00552765)
(0.000828008 -0.0108486 0.00584151)
(0.00110573 -0.00972892 0.00516014)
(0.000714995 -0.011249 0.0057679)
(0.000161303 -0.0113989 0.006593)
(-3.44562e-05 -0.0117707 0.00671016)
(0.000282079 -0.0111569 0.0059654)
(0.000290198 -0.0125457 0.00690035)
(0.000440541 -0.0110324 0.006271)
(0.000615999 -0.0110449 0.00602133)
(0.00467168 -0.0159754 0.00842393)
(0.00390683 -0.0156409 0.00785491)
(0.00447573 -0.0155851 0.00791146)
(0.00444963 -0.0159482 0.00835263)
(0.00494043 -0.0158178 0.00875881)
(0.00421598 -0.0162813 0.0083398)
(0.00382666 -0.01612 0.00763571)
(0.00405187 -0.0178821 0.00844651)
(0.00412843 -0.0152343 0.00778418)
(0.0042983 -0.0150822 0.0076472)
(0.0046881 -0.015923 0.00869605)
(0.00397652 -0.0167371 0.00873733)
(0.0035041 -0.0176361 0.00910915)
(0.00389283 -0.0165943 0.00875653)
(0.00303218 -0.0168838 0.00852106)
(0.00357656 -0.0156818 0.00806311)
(0.00165435 -0.0178418 0.00894008)
(0.00148891 -0.0180893 0.00932066)
(0.000844696 -0.0176434 0.00956417)
(0.00114614 -0.0173043 0.00915827)
(0.00130089 -0.017006 0.0092957)
(0.000988256 -0.016336 0.00853472)
(0.0012582 -0.0154233 0.010518)
(0.00123458 -0.0160269 0.0108667)
(0.0016556 -0.016061 0.0113462)
(0.00119503 -0.0162712 0.0115135)
(0.00126681 -0.015695 0.0120557)
(0.00140553 -0.0163268 0.0108263)
(0.00122974 -0.0165867 0.0108033)
(0.0010862 -0.0171811 0.011138)
(0.00103817 -0.0165378 0.0114181)
(0.000940817 -0.0161712 0.0113897)
(0.00153936 -0.0168378 0.0117145)
(0.00123361 -0.0168122 0.0111504)
(0.00142355 -0.0180938 0.0106639)
(0.00167271 -0.0168495 0.0093782)
(0.00223227 -0.0173675 0.010121)
(0.000951002 -0.0173595 0.0104033)
(0.00142361 -0.0178754 0.0109166)
(0.00197869 -0.0169095 0.00979755)
(0.00167891 -0.0174141 0.0100286)
(0.00171303 -0.0174593 0.0108178)
(0.00165134 -0.0169722 0.010003)
(0.00172205 -0.0167186 0.0104162)
(0.00146329 -0.0163008 0.0103647)
(0.00438176 -0.0169349 0.00908064)
(0.00361509 -0.0169197 0.00886171)
(0.00344292 -0.0161752 0.00834601)
(0.00373083 -0.0163394 0.00816995)
(0.00365611 -0.0188812 0.0118671)
(0.00329091 -0.0192813 0.0128465)
(0.00476624 -0.0153248 0.00785661)
(0.00467802 -0.0151994 0.00874485)
(0.00540057 -0.01604 0.010602)
(0.00463845 -0.0154096 0.00983948)
(0.00433752 -0.0163633 0.00864159)
(0.00479881 -0.0168805 0.00890809)
(0.00436143 -0.0140576 0.0107368)
(0.00421089 -0.0134864 0.0107708)
(0.00469865 -0.013441 0.00978539)
(0.00480938 -0.0143837 0.010034)
(0.00451071 -0.0139415 0.0107363)
(0.00474484 -0.0140179 0.00998751)
(0.00117166 -0.0136399 0.0106891)
(0.000878814 -0.0133357 0.0101001)
(0.000794637 -0.0134964 0.0101451)
(0.00123606 -0.0137198 0.0108653)
(0.000605735 -0.0133649 0.010055)
(0.00114386 -0.0136182 0.0104743)
(0.00202188 -0.0140078 0.0112074)
(0.00193573 -0.013958 0.0111159)
(0.00220432 -0.013831 0.0114058)
(0.00304656 -0.0145063 0.0113551)
(0.00254634 -0.013574 0.010681)
(0.00208826 -0.0140287 0.0113326)
(0.00436744 -0.0153648 0.00919811)
(0.00409372 -0.0165158 0.0107452)
(0.00427399 -0.0158513 0.0103321)
(0.00433992 -0.0166419 0.00925181)
(0.00441649 -0.0177568 0.00959563)
(0.0038718 -0.016168 0.00884805)
(0.00403769 -0.0152359 0.00813943)
(0.00429686 -0.0159682 0.00943759)
(0.00213426 -0.0174903 0.0130222)
(0.00195217 -0.0169072 0.0121536)
(0.00159582 -0.0167219 0.0119784)
(0.0023433 -0.016814 0.0129664)
(0.00170341 -0.0157199 0.0118495)
(0.00132932 -0.0169538 0.0126962)
(0.00166045 -0.0158891 0.0120692)
(0.00116878 -0.0155159 0.0117241)
(0.000786913 -0.0154372 0.0116148)
(0.00351993 -0.0158557 0.0119672)
(0.00226637 -0.0147055 0.0116763)
(0.00269342 -0.0157795 0.0123596)
(0.00191049 -0.0153943 0.0125655)
(0.00189149 -0.0145348 0.0118721)
(0.00385605 -0.0147755 0.0110006)
(0.00349038 -0.0141487 0.0109862)
(0.00379979 -0.0148173 0.0118142)
(0.00360512 -0.0155719 0.0117616)
(0.0039961 -0.0149259 0.0110027)
(0.0030579 -0.0141355 0.0109141)
(0.000229139 -0.0154531 0.0111015)
(0.00069249 -0.0161224 0.0119446)
(0.000310559 -0.0166422 0.0119419)
(0.000805103 -0.0161432 0.0117849)
(0.0010236 -0.0164539 0.0121837)
(0.000576663 -0.0159226 0.0113206)
(0.00184717 -0.0118029 0.00986157)
(0.001797 -0.0129287 0.0110372)
(0.00120593 -0.012833 0.0106204)
(0.00150075 -0.0124511 0.0102002)
(0.00199004 -0.0125531 0.0106853)
(0.00160379 -0.0134022 0.0112734)
(0.00224651 -0.0128744 0.0110037)
(0.00207631 -0.0125697 0.0102908)
(0.00341377 -0.0107061 0.00990898)
(0.00314372 -0.0114213 0.0101133)
(0.00315783 -0.0116337 0.0106227)
(0.00324513 -0.010759 0.0102809)
(0.00345233 -0.0110747 0.0097392)
(0.00303426 -0.0107802 0.00995852)
(0.0017537 -0.0116206 0.0090148)
(0.00180006 -0.0110983 0.00852219)
(0.00236727 -0.0118002 0.00891188)
(0.00177556 -0.010917 0.00874376)
(0.00184244 -0.0112226 0.00897603)
(0.00194471 -0.0117413 0.00912298)
(0.00301277 -0.0116691 0.00973049)
(0.00234568 -0.0114748 0.00972324)
(0.00264438 -0.012125 0.00984031)
(0.00281177 -0.0113909 0.00941305)
(0.00252341 -0.0110694 0.00949066)
(0.00277422 -0.0114989 0.00937718)
(0.000844251 -0.0115104 0.0063749)
(0.000906454 -0.0111061 0.0063812)
(0.00106049 -0.0102198 0.00552725)
(0.0010027 -0.0104996 0.00561524)
(0.000867861 -0.0109442 0.00601843)
(0.00110077 -0.0109811 0.00603062)
(0.00185438 -0.0104507 0.00754584)
(0.00173486 -0.0097223 0.00706311)
(0.00187921 -0.0100046 0.00701542)
(0.00169093 -0.0099882 0.00702556)
(0.00166381 -0.010293 0.00761789)
(0.00217841 -0.0106163 0.00707057)
(0.00244388 -0.0119243 0.00735016)
(0.00208701 -0.0124469 0.00769121)
(0.0026502 -0.0131718 0.00845756)
(0.00224198 -0.0124408 0.00807742)
(0.00269533 -0.0120813 0.00757474)
(0.00304117 -0.0124176 0.00752598)
(0.00250133 -0.0125608 0.00795593)
(0.00502683 -0.0145503 0.00833078)
(0.00537306 -0.0147004 0.0102567)
(0.00540924 -0.0144986 0.0102103)
(0.00526254 -0.0138981 0.00917966)
(0.00479938 -0.0133057 0.00915902)
(0.00533924 -0.0148519 0.0101963)
(0.00508723 -0.0144538 0.0103148)
(0.00292144 -0.0134882 0.0105196)
(0.00292581 -0.0134172 0.0100178)
(0.00298078 -0.0138268 0.0108998)
(0.00271279 -0.0132262 0.00967757)
(0.00324425 -0.0137296 0.0105897)
(0.00218366 -0.0133538 0.0101912)
(0.00303165 -0.0132534 0.0101469)
(0.00312401 -0.0139488 0.0103684)
(0.00350378 -0.0137304 0.0109154)
(0.00428052 -0.0138046 0.0105571)
(0.00409486 -0.0136848 0.0106126)
(0.00390849 -0.0134206 0.0102329)
(0.00327957 -0.0135962 0.0110065)
(0.00351318 -0.0133602 0.0109833)
(0.00360966 -0.0133013 0.0105807)
(0.00395361 -0.013896 0.0108551)
(0.0033181 -0.0134422 0.0107354)
(0.00359811 -0.0137354 0.0108223)
(0.00340587 -0.0134763 0.0105261)
(0.00314263 -0.0109633 0.0068284)
(0.00289638 -0.0103476 0.00621663)
(0.00343164 -0.0106027 0.00661186)
(0.00303445 -0.0099332 0.00599834)
(0.00321421 -0.00967579 0.0059502)
(0.00295493 -0.0116251 0.00692305)
(0.0029479 -0.00932002 0.00593335)
(0.00286902 -0.00877144 0.00547631)
(0.00274148 -0.00916342 0.00583068)
(0.00214234 -0.00914428 0.00524339)
(0.00259448 -0.00932881 0.0052263)
(0.00243124 -0.00840725 0.00546971)
(0.00249374 -0.0091562 0.00538667)
(0.00240191 -0.00959962 0.00569663)
(0.0023968 -0.00948943 0.00556723)
(0.0019208 -0.00949184 0.00526275)
(0.00214638 -0.00868671 0.00493252)
(0.00233249 -0.00909427 0.00512921)
(0.00210991 -0.00932227 0.00537456)
(0.00228608 -0.00936337 0.00542351)
(0.0019244 -0.00978587 0.00557986)
(0.00214728 -0.00914132 0.00526896)
(0.00219582 -0.0101096 0.00574222)
(0.00220213 -0.00945801 0.00543531)
(0.00158867 -0.00987173 0.00528994)
(0.00158854 -0.0106715 0.00579771)
(0.00182459 -0.00987928 0.00540974)
(0.00129664 -0.0104586 0.00569659)
(0.00155345 -0.00976281 0.0054118)
(0.00164553 -0.0105498 0.00593001)
(0.00150757 -0.0111801 0.00655439)
(0.00108394 -0.0121081 0.00719846)
(0.00136869 -0.0113443 0.00692288)
(0.00102627 -0.0116232 0.00709473)
(0.0012838 -0.0107033 0.00630856)
(0.00126676 -0.0113287 0.00703825)
(0.00205364 -0.0131764 0.00962682)
(0.00224539 -0.0135615 0.00982947)
(0.00242872 -0.013402 0.00925445)
(0.0017019 -0.013175 0.00931195)
(0.00189494 -0.0127374 0.00876862)
(0.00218114 -0.0133925 0.00992909)
(0.00169409 -0.0137883 0.00919682)
(0.00129226 -0.0130089 0.00883238)
(0.00167732 -0.0119677 0.00789567)
(0.0018278 -0.0124913 0.00805618)
(0.00169963 -0.0126868 0.00789044)
(0.00192689 -0.0121346 0.0077592)
(0.00224585 -0.0140082 0.0110417)
(0.00273431 -0.0142042 0.0113536)
(0.00266336 -0.013939 0.0112588)
(0.00251237 -0.0135477 0.0108574)
(0.00203028 -0.0134813 0.0106634)
(0.00222409 -0.0135275 0.010788)
(0.00141915 -0.0129507 0.00899875)
(0.00138551 -0.0123736 0.00836646)
(0.00102684 -0.0123244 0.00767847)
(0.00122899 -0.0131354 0.00847308)
(0.000956244 -0.0120255 0.00789616)
(0.000809122 -0.0125128 0.00855309)
(0.00378443 -0.00917523 0.0073039)
(0.00370598 -0.00882451 0.00701721)
(0.00327787 -0.00862825 0.00700721)
(0.00380333 -0.0086758 0.00686635)
(0.00336482 -0.00823011 0.00667843)
(0.00227405 -0.0137571 0.0125901)
(0.00179831 -0.0136928 0.012235)
(0.00177321 -0.014138 0.0124727)
(0.00240756 -0.0125349 0.011647)
(0.00220951 -0.0129257 0.0118533)
(0.00205745 -0.0141889 0.0124756)
(0.00228728 -0.0121805 0.0118706)
(0.0023338 -0.0130518 0.0125412)
(0.00229 -0.0131371 0.0117984)
(-0.000600271 -0.0140126 0.00877396)
(-0.000253227 -0.0131134 0.00874693)
(-0.000231357 -0.012463 0.00843881)
(0.000388328 -0.012415 0.009451)
(0.00107098 -0.0119234 0.00892691)
(0.000792194 -0.0114764 0.00860644)
(0.00021458 -0.0128574 0.00955667)
(0.00059122 -0.0119238 0.0088687)
(0.000292349 -0.0123493 0.0090791)
(3.3376e-05 -0.0144186 0.0104184)
(0.000548829 -0.0143203 0.0107394)
(0.000656892 -0.0133822 0.0102237)
(0.000256682 -0.0140403 0.0102721)
(0.000184364 -0.0139335 0.0100556)
(0.000509617 -0.0137231 0.0104202)
(-0.000527035 -0.014771 0.00823158)
(-0.000378391 -0.0158142 0.00865933)
(-0.000662639 -0.0148403 0.00871406)
(-1.60768e-05 -0.0168481 0.00783356)
(0.000284737 -0.0187067 0.00836165)
(0.00015888 -0.0175761 0.00818141)
(0.0002748 -0.0183721 0.00839246)
(0.000860531 -0.0180939 0.00810149)
(0.000698231 -0.0177104 0.00777509)
(-0.000224182 -0.0163314 0.00994667)
(-1.8565e-05 -0.0168984 0.0099069)
(-0.000405202 -0.0169343 0.00977391)
(-0.00010909 -0.0173651 0.00948614)
(-0.000484532 -0.0170977 0.0103781)
(-0.000351183 -0.0181865 0.0101465)
(0.000242186 -0.0166626 0.0099209)
(-0.000278598 -0.016922 0.0105551)
(-0.000447004 -0.015753 0.0101851)
(4.71571e-05 -0.016682 0.0103613)
(-0.000103337 -0.016064 0.00964355)
(0.00390766 -0.0172399 0.00834117)
(0.00415085 -0.0172241 0.00873352)
(0.0036109 -0.0178704 0.00853516)
(0.00377778 -0.0164158 0.0077467)
(0.00342991 -0.0172814 0.00800321)
(0.00373224 -0.0178628 0.00847852)
(0.00222008 -0.0180081 0.00869506)
(0.00157402 -0.0177175 0.00786162)
(0.00103388 -0.0185446 0.00898198)
(0.00169359 -0.0179142 0.00864674)
(0.0011946 -0.017489 0.0080136)
(0.00122628 -0.0179022 0.00856513)
(0.00134973 -0.0168252 0.00804081)
(0.00137938 -0.0170139 0.00890808)
(0.000835996 -0.0169389 0.00875741)
(0.00126935 -0.0182661 0.00938041)
(0.00176832 -0.0171502 0.00855492)
(0.00188135 -0.0171846 0.00829627)
(0.00195222 -0.0184367 0.00812007)
(0.00141391 -0.0183077 0.00856066)
(0.00240531 -0.0183816 0.00879425)
(0.00147509 -0.0172005 0.00768877)
(0.00169612 -0.0182898 0.00839781)
(0.0034582 -0.0179123 0.00778973)
(0.00397488 -0.0177186 0.00856426)
(0.00374863 -0.0160812 0.00796845)
(0.00412196 -0.0169147 0.00824294)
(0.00405504 -0.0160076 0.00835508)
(0.00341254 -0.0173276 0.00751212)
(0.00248307 -0.0177483 0.00763266)
(0.00256699 -0.0176381 0.00808236)
(0.00309478 -0.0174895 0.00796825)
(0.00235841 -0.0171705 0.00750491)
(0.00286718 -0.0171711 0.00772794)
(0.00313585 -0.0178061 0.00797889)
(0.00135479 -0.0178232 0.00775144)
(0.00212453 -0.0189281 0.00896728)
(0.00263215 -0.019134 0.00915431)
(0.00125983 -0.0186696 0.00768008)
(0.0014858 -0.0189336 0.00768323)
(0.0020656 -0.0202115 0.00892683)
(0.00275876 -0.0183279 0.00780264)
(0.00361926 -0.0195643 0.0101083)
(0.00338984 -0.0186488 0.00862616)
(0.00326249 -0.0187267 0.00904373)
(0.00321832 -0.0189 0.00948372)
(0.00253944 -0.0198329 0.00865827)
(0.00225943 -0.0176814 0.00756679)
(0.0034755 -0.0184099 0.00960393)
(0.00374526 -0.0186551 0.0111397)
(0.00368714 -0.0183503 0.010709)
(0.00389714 -0.0184662 0.00992383)
(0.00369142 -0.0188373 0.0109578)
(0.003783 -0.0190862 0.011394)
(-0.000254521 -0.0165847 0.00864404)
(-0.000747688 -0.0169533 0.00940848)
(-0.000649331 -0.0177808 0.00941886)
(3.10765e-05 -0.0173079 0.00883582)
(-0.00024608 -0.0170898 0.0097316)
(-0.00029161 -0.016894 0.00851391)
(0.000228842 -0.0184897 0.00869726)
(-6.42214e-05 -0.0180117 0.00870048)
(-0.000241257 -0.0171837 0.00852152)
(-0.000105911 -0.0190747 0.00903695)
(-0.000827508 -0.0180575 0.00890272)
(-0.000548314 -0.0176558 0.00839863)
(-0.000168579 -0.0160131 0.0099175)
(-0.000532927 -0.0155292 0.0104442)
(-0.000344969 -0.0161137 0.010138)
(-0.000491293 -0.0155716 0.0102964)
(-0.000444355 -0.0148856 0.0100793)
(-0.000746417 -0.0161939 0.00995857)
(-0.000513059 -0.0152389 0.00877636)
(-0.000529704 -0.01455 0.00863063)
(-0.000765383 -0.0144432 0.00891134)
(-0.000787995 -0.0154664 0.00946552)
(-0.000657231 -0.0163093 0.00949838)
(-0.000119786 -0.0134691 0.0093765)
(0.000111902 -0.0134318 0.00976505)
(-2.51077e-06 -0.0140609 0.00979974)
(0.000434657 -0.0135621 0.0101727)
(0.00012049 -0.0138385 0.00958287)
(0.000617251 -0.0139503 0.0101089)
(-6.31047e-05 -0.0129518 0.00827042)
(0.00044197 -0.0121983 0.00720789)
(-0.000236424 -0.0126708 0.00759301)
(-0.00016166 -0.012607 0.00797256)
(3.66304e-05 -0.0123629 0.00777817)
(4.10603e-05 -0.0118003 0.00687573)
(-0.000195904 -0.0124772 0.00743005)
(-0.000276254 -0.0125261 0.00773196)
(-0.000256942 -0.013179 0.00840782)
(-0.000394509 -0.0134878 0.00879242)
(-0.000256889 -0.0136932 0.00898124)
(-8.27103e-05 -0.0138485 0.00838852)
(0.000870734 -0.0102356 0.00758333)
(0.000836291 -0.0111925 0.008138)
(0.0010594 -0.0105852 0.0081175)
(0.00111999 -0.0153811 0.0116696)
(0.000761124 -0.0155479 0.0126581)
(0.00111516 -0.0168192 0.0124384)
(0.000961311 -0.0155563 0.011903)
(0.000660082 -0.0162865 0.0120522)
(0.00140573 -0.0152805 0.0120339)
(0.00143027 -0.014567 0.0118647)
(0.00187115 -0.0133086 0.0113977)
(0.00157721 -0.013569 0.0116749)
(0.000873377 -0.0146071 0.0121394)
(0.00118385 -0.0144073 0.012143)
(0.00195715 -0.0148286 0.0124699)
(0.00338043 -0.0149082 0.010954)
(0.00325623 -0.0153257 0.0107973)
(0.00371807 -0.017028 0.0117551)
(0.00379397 -0.0159109 0.0113439)
(0.00364117 -0.0156204 0.0113693)
(0.00366659 -0.0159343 0.0110625)
(0.00375302 -0.0178413 0.00863245)
(0.00425759 -0.018292 0.00947095)
(0.00404378 -0.0178109 0.0102974)
(0.00377702 -0.0185755 0.0106482)
(0.00375661 -0.0206694 0.00985177)
(0.00403132 -0.0191232 0.0100877)
(0.00407335 -0.0183491 0.0116031)
(0.00410833 -0.0187275 0.0111631)
(0.00382131 -0.0185686 0.0115832)
(0.00368106 -0.0173702 0.0114762)
(0.00393906 -0.018 0.010466)
(0.00296375 -0.0176916 0.0126519)
(0.00216666 -0.0172394 0.0127332)
(0.00321235 -0.0166932 0.0119193)
(0.0027577 -0.0168469 0.0124848)
(0.00327471 -0.0172763 0.0120068)
(0.00331576 -0.0172388 0.0121312)
(0.0054954 -0.0159203 0.00852171)
(0.00355305 -0.0178632 0.0118665)
(0.00346074 -0.017093 0.00778789)
(0.00350294 -0.0182748 0.00881313)
(0.00384692 -0.0187711 0.00979006)
(0.00397905 -0.0178177 0.0109035)
(0.00393118 -0.0186289 0.0111283)
(0.00429962 -0.0184485 0.0110232)
(0.00379559 -0.0177153 0.0117512)
(0.00384444 -0.0177585 0.0117469)
(0.00322298 -0.01687 0.0120573)
(0.00388112 -0.0181163 0.0119618)
(0.00283343 -0.0162791 0.0124752)
(0.003676 -0.0173054 0.0122796)
(0.00329624 -0.0170026 0.0119995)
(0.0036346 -0.0176104 0.0121258)
(0.00441429 -0.0187907 0.0105717)
(0.004104 -0.0177792 0.0110029)
(0.00417025 -0.0181762 0.0118345)
(0.00424967 -0.0179339 0.0111591)
(0.00416891 -0.0169277 0.0103275)
(0.00421113 -0.0172495 0.0113158)
(0.0042682 -0.0184192 0.00992473)
(0.00408541 -0.0190587 0.00915222)
(0.00428197 -0.0186758 0.0107334)
(0.00411771 -0.017866 0.0104776)
(0.00426715 -0.0174937 0.0109061)
(0.000271602 -0.0153152 0.0109329)
(0.000216523 -0.0158643 0.010524)
(0.000260932 -0.0158198 0.0114232)
(1.67251e-05 -0.0162245 0.0115158)
(0.000444883 -0.0159175 0.011174)
(0.000590477 -0.0155574 0.0116013)
(0.00150812 -0.0137978 0.0114041)
(0.00143605 -0.0146805 0.0118446)
(0.00093382 -0.0136806 0.0112474)
(0.000866678 -0.0143392 0.0113308)
(0.0004471 -0.014816 0.0112079)
(0.000383415 -0.0157245 0.0116031)
(0.000428622 -0.0153683 0.0112588)
(0.000713989 -0.0149091 0.0117378)
(0.000673678 -0.0149686 0.0114801)
(0.00120915 -0.0140353 0.0117109)
(0.00109617 -0.0144576 0.0115266)
(0.00139651 -0.0140192 0.0121261)
(0.000877117 -0.0154999 0.0118917)
(0.00133346 -0.0152065 0.0120625)
(0.00191298 -0.0152147 0.0124257)
(0.000720981 -0.0159198 0.0122184)
(0.000810964 -0.0144719 0.0113736)
(0.00156283 -0.00971338 0.00725594)
(0.0013384 -0.00992945 0.00709506)
(0.00150357 -0.0103116 0.00752094)
(0.00113614 -0.0100277 0.0074424)
(0.00159209 -0.00979759 0.0070112)
(0.00163595 -0.00970629 0.0068776)
(0.00150044 -0.00956438 0.00650078)
(0.00179057 -0.00960593 0.00655097)
(0.0016299 -0.00889117 0.00605456)
(9.99902e-05 -0.0137004 0.00937872)
(-0.000182389 -0.0130927 0.00885559)
(-0.000202802 -0.0136033 0.00875995)
(-0.000206932 -0.0140789 0.00999173)
(1.4351e-05 -0.0136008 0.00998035)
(-9.47666e-05 -0.0140872 0.00966983)
(-0.000502597 -0.014494 0.0100624)
(-0.000410335 -0.0132144 0.00897422)
(-0.000151185 -0.0141771 0.00945048)
(-0.000730225 -0.0143628 0.00955319)
(-0.000437202 -0.0149594 0.00987527)
(-9.82615e-05 -0.0147909 0.0104463)
(-0.000628472 -0.0173224 0.00895081)
(0.000576387 -0.0112479 0.00793608)
(0.00403952 -0.0191057 0.0100757)
(0.00394858 -0.0190544 0.0103264)
(0.00276659 -0.0184769 0.00853791)
(0.00360318 -0.0201091 0.0100048)
(0.00290421 -0.0189331 0.00902325)
(0.00270938 -0.0186332 0.00913137)
(0.00224344 -0.0198783 0.00847618)
(0.00280828 -0.019846 0.00879885)
(0.00304595 -0.017943 0.00814336)
(0.00379872 -0.018135 0.00875556)
(0.00385244 -0.017215 0.00782445)
(0.00362665 -0.0176138 0.00822722)
(0.0033363 -0.0179392 0.00819529)
(0.00296562 -0.0177996 0.00818366)
(0.00323084 -0.0185798 0.00849637)
(0.00310078 -0.0181709 0.00828221)
(0.00268617 -0.0169855 0.00807329)
(0.00230191 -0.0186416 0.00816267)
(0.00204086 -0.0180691 0.00769432)
(0.00188455 -0.0176417 0.00747024)
(0.00278539 -0.018203 0.00850544)
(0.00252285 -0.0184184 0.0083454)
(0.00242278 -0.0181434 0.00784226)
(0.00222321 -0.0166926 0.00765586)
(0.00225088 -0.0178594 0.0083821)
(0.00241447 -0.0164888 0.00725478)
(0.00173449 -0.0171535 0.00758614)
(0.000649314 -0.0170223 0.00752289)
(0.00270227 -0.0182056 0.00893424)
(0.00252133 -0.0178716 0.00845761)
(0.0018 -0.0164243 0.00754881)
(0.00170052 -0.0179256 0.00871435)
(0.00300237 -0.0169355 0.00823009)
(0.00249422 -0.0178273 0.00772646)
(0.00326162 -0.0177092 0.00853433)
(0.00366146 -0.0175611 0.0083414)
(0.00439369 -0.0170976 0.0090753)
(0.00337908 -0.0175968 0.00839017)
(0.00316591 -0.0175353 0.0079968)
(0.00373654 -0.0152571 0.00715067)
(0.00414056 -0.0149776 0.00725213)
(0.00342843 -0.0169225 0.00754259)
(0.00418108 -0.0164636 0.0086526)
(0.00458523 -0.015806 0.00882733)
(0.00379725 -0.0166585 0.00842817)
(0.00422769 -0.0161221 0.00889236)
(0.000254048 -0.0172864 0.00959231)
(0.000784131 -0.017995 0.00894548)
(0.000522704 -0.0183105 0.00994917)
(0.000667019 -0.0179096 0.00950943)
(0.000575815 -0.0180009 0.00915729)
(3.60306e-05 -0.0172794 0.00940183)
(0.000272797 -0.0170728 0.00975959)
(0.00044111 -0.0179933 0.010577)
(0.00031274 -0.0166876 0.00998845)
(0.000218192 -0.0171059 0.0109674)
(-0.00021472 -0.0157173 0.0107443)
(-0.000445748 -0.0159895 0.0106884)
(0.000209916 -0.0165686 0.0112304)
(0.000275109 -0.0171031 0.0109897)
(0.000231 -0.0166421 0.00905507)
(0.000232314 -0.0171264 0.00998163)
(-0.000279457 -0.0166722 0.0103981)
(-0.000514381 -0.0164444 0.0105083)
(-0.00024332 -0.0175091 0.00910934)
(-0.00086049 -0.0161205 0.00928879)
(5.85779e-05 -0.0180937 0.00916136)
(0.000152454 -0.0180371 0.00839405)
(0.000490983 -0.0170123 0.00836496)
(0.000761571 -0.0174758 0.00860026)
(0.00059855 -0.0171564 0.00867386)
(-0.00011034 -0.0169162 0.00898721)
(0.000355448 -0.0184338 0.00960743)
(0.000461112 -0.017104 0.00915039)
(0.00141608 -0.018473 0.00785837)
(0.00105426 -0.0181231 0.00757052)
(-9.52349e-05 -0.0184355 0.00893555)
(0.000796104 -0.0190267 0.00884884)
(0.000734384 -0.0184134 0.00789262)
(0.000756058 -0.0185374 0.00835215)
(0.000240376 -0.0180773 0.00830412)
(0.000236719 -0.0174603 0.00839403)
(2.02518e-05 -0.0176226 0.00869695)
(0.000252227 -0.0172837 0.00787257)
(0.00129423 -0.0184283 0.00780023)
(0.00189003 -0.0188832 0.00827828)
(0.00024433 -0.0175536 0.00800491)
(0.000287782 -0.0180238 0.00799948)
(0.00095401 -0.0187476 0.00799508)
(0.000807431 -0.0178937 0.00764555)
(0.00199836 -0.0191557 0.00853508)
(0.00219399 -0.0189926 0.00811203)
(0.00184849 -0.0189564 0.00827551)
(0.00237369 -0.0192256 0.00884171)
(0.001398 -0.0194159 0.0084334)
(0.00118355 -0.0181525 0.00797583)
(0.000707107 -0.0188635 0.0083667)
(0.00154883 -0.0188273 0.00837291)
(0.000837199 -0.0190128 0.00882196)
(0.00102974 -0.0195464 0.00857831)
(0.00112674 -0.0189773 0.00862477)
(-0.000721824 -0.0138655 0.00841219)
(-0.000268629 -0.0177393 0.00877618)
(-0.000388531 -0.0160289 0.00821091)
(-0.000852189 -0.0156036 0.00861443)
(-0.000599764 -0.0168741 0.00835761)
(-0.000679406 -0.0164041 0.00880223)
(-0.000817239 -0.0168574 0.0086723)
(-0.000574861 -0.0167922 0.00923472)
(-9.39757e-05 -0.0171278 0.00865435)
(5.99366e-05 -0.0169247 0.00806828)
(-0.00048717 -0.0168247 0.00879809)
(-0.000492001 -0.0162631 0.00845089)
(-3.77865e-06 -0.0135241 0.0094398)
(0.000285389 -0.0129175 0.00943532)
(9.51661e-05 -0.013515 0.00968109)
(2.62217e-05 -0.0130922 0.00931599)
(-0.000202495 -0.0135882 0.00933958)
(-0.000231208 -0.0143197 0.00901432)
(-0.000183506 -0.012584 0.00891124)
(0.00240456 -0.0117885 0.0118121)
(0.00286208 -0.0111266 0.0117276)
(0.00277282 -0.0111696 0.0106725)
(0.00308986 -0.0126793 0.0117926)
(0.00273051 -0.0116009 0.0114002)
(0.00259418 -0.0129464 0.011879)
(0.0023749 -0.0121283 0.0121475)
(0.00213314 -0.0131409 0.0120454)
(0.00153153 -0.0147167 0.0124659)
(0.00165182 -0.0151974 0.0125765)
(0.00152904 -0.0145098 0.0123853)
(0.00400793 -0.0113614 0.00947817)
(0.00365178 -0.00975806 0.00874367)
(0.00332398 -0.00837535 0.00815729)
(0.00265748 -0.0119382 0.0110689)
(0.00280781 -0.0117514 0.0114727)
(0.00284301 -0.0124166 0.0113713)
(0.00263929 -0.012459 0.0111544)
(0.00289656 -0.0109417 0.0104485)
(0.00351928 -0.0113737 0.0108758)
(0.00333551 -0.0112195 0.0103835)
(0.00279035 -0.0113926 0.0110885)
(0.00321141 -0.0120971 0.0110148)
(0.00309259 -0.0107866 0.0100368)
(0.00219734 -0.0128527 0.00840213)
(0.00125337 -0.0115094 0.00743415)
(6.65161e-05 -0.0130848 0.00875205)
(0.000518845 -0.0132197 0.00820899)
(0.000368052 -0.0113723 0.00665879)
(0.000288811 -0.012083 0.00723645)
(0.000978084 -0.0126744 0.00911352)
(0.000193163 -0.0134121 0.00899666)
(0.000920382 -0.0131331 0.00903553)
(0.000653689 -0.0133276 0.0092993)
(-4.55375e-05 -0.0120933 0.00768343)
(0.000186865 -0.0125736 0.00821403)
(0.00058164 -0.0128245 0.00857696)
(0.0011084 -0.0110761 0.00636686)
(0.00104569 -0.0112464 0.00626778)
(0.00134627 -0.010641 0.00614191)
(0.00169525 -0.00994431 0.00559775)
(0.00146468 -0.0106032 0.00599873)
(0.00191713 -0.0090916 0.00511398)
(0.00197081 -0.00876245 0.00488827)
(0.00193713 -0.0107745 0.00639195)
(0.00215083 -0.01019 0.00604712)
(0.00179827 -0.0101344 0.00580432)
(0.00183209 -0.0110786 0.00621629)
(0.00194105 -0.0101167 0.0056658)
(0.00180176 -0.0110372 0.006304)
(0.00156859 -0.010953 0.00632106)
(0.00207136 -0.0103325 0.00584861)
(0.00249196 -0.00911276 0.0054282)
(0.00268205 -0.00926196 0.00549183)
(0.00221473 -0.00954197 0.0055584)
(0.00255934 -0.009068 0.00540367)
(0.00246076 -0.00951731 0.0056135)
(0.0026681 -0.00871523 0.00528745)
(0.00240164 -0.0087218 0.00505392)
(0.00276602 -0.00913019 0.0058803)
(0.00346897 -0.0078804 0.00631142)
(0.00269906 -0.00911849 0.00553369)
(0.00243169 -0.0103632 0.00594565)
(0.00232032 -0.00980254 0.00581246)
(0.00259308 -0.00952007 0.00575802)
(0.00256822 -0.00903245 0.00546488)
(0.00354945 -0.00839105 0.00757465)
(0.00395929 -0.00989344 0.00862966)
(0.00354528 -0.00812356 0.00649143)
(0.00349708 -0.00851796 0.006483)
(0.00275523 -0.01038 0.0062031)
(0.00290988 -0.011442 0.00693688)
(0.00397405 -0.00838827 0.0066618)
(0.00382976 -0.00874865 0.00669681)
(0.00327616 -0.0082349 0.00597341)
(0.00328925 -0.00849083 0.00564512)
(0.00392842 -0.00839883 0.00643919)
(0.00322012 -0.00853903 0.00542986)
(0.00335384 -0.00863825 0.0059609)
(0.00305329 -0.00832627 0.00561626)
(0.00303867 -0.00877661 0.00533488)
(0.00340791 -0.00930711 0.00584905)
(0.00342785 -0.00989519 0.00609284)
(0.00315357 -0.0088782 0.00561289)
(0.00322036 -0.00934249 0.00582909)
(0.00313165 -0.0102566 0.00628931)
(0.00263304 -0.00991468 0.00591017)
(0.00292732 -0.00944063 0.00591383)
(0.00265549 -0.00939181 0.00567639)
(0.00329455 -0.00992583 0.00611622)
(0.0033586 -0.0098891 0.00610703)
(0.00311476 -0.0134939 0.0105978)
(0.00263387 -0.0135581 0.0108908)
(0.00338731 -0.0141033 0.0108429)
(0.00417705 -0.0136726 0.0106339)
(0.00485013 -0.0140194 0.0102357)
(0.0040897 -0.0131929 0.0104714)
(0.00342536 -0.0132823 0.0101323)
(0.00484587 -0.0138047 0.0103364)
(0.00127323 -0.0111508 0.00840987)
(0.00159562 -0.00942944 0.00676641)
(0.00177884 -0.00900762 0.00606423)
(0.00130178 -0.0103592 0.00766344)
(0.00161506 -0.0100669 0.00707504)
(0.00146643 -0.0108904 0.00809623)
(0.00143947 -0.0105763 0.00794015)
(0.00174316 -0.0110772 0.00804945)
(0.00223663 -0.01056 0.00719266)
(0.00333775 -0.00844886 0.00665511)
(0.00367442 -0.0089056 0.00770337)
(0.00331596 -0.0083585 0.00639651)
(0.00346344 -0.00911718 0.00635011)
(0.00330113 -0.00832484 0.00627921)
(0.00173833 -0.00988857 0.00529457)
(0.00186499 -0.00991661 0.00531767)
(0.00148751 -0.00901643 0.00471507)
(0.00160376 -0.00951757 0.00521487)
(0.00173033 -0.00898712 0.0047874)
(0.00213952 -0.00922859 0.00516845)
(0.00203468 -0.00909912 0.0052792)
(0.00184131 -0.00969587 0.00509191)
(0.00165553 -0.00851105 0.00456118)
(0.00206217 -0.00910093 0.0050783)
(0.00241378 -0.00925185 0.00579155)
(0.00167338 -0.00927552 0.00505931)
(0.00187496 -0.00859737 0.00510677)
(0.00139878 -0.00965776 0.00525741)
(0.00136584 -0.00945532 0.00502836)
(0.00136472 -0.0103121 0.00540895)
(0.00133533 -0.0102853 0.00564642)
(0.000579611 -0.0119477 0.00683448)
(0.000829626 -0.0116465 0.00670724)
(0.000743846 -0.0106878 0.00605899)
(0.00120024 -0.0111692 0.00610417)
(0.0026976 -0.0111367 0.00880912)
(0.002032 -0.0136913 0.0125422)
(0.00233084 -0.0114156 0.0103177)
(0.00280963 -0.0122628 0.0106808)
(0.00290634 -0.012049 0.0108355)
(0.00312737 -0.0109709 0.00971628)
(0.00267701 -0.0116694 0.010377)
(0.00209598 -0.010261 0.00718792)
(0.00200761 -0.0101302 0.00695562)
(0.00176904 -0.0104706 0.00819762)
(0.00177468 -0.0102598 0.00782902)
(0.00179546 -0.0106249 0.00783059)
(0.00143677 -0.011245 0.0087466)
(0.00163169 -0.0107993 0.00818944)
(0.00199268 -0.0102705 0.00777106)
(0.0022945 -0.0108906 0.00762467)
(0.00187737 -0.0110602 0.00819381)
(0.00201251 -0.0108243 0.007919)
(0.00162645 -0.0118288 0.00908717)
(0.00257555 -0.0113198 0.00905005)
(0.00110201 -0.0150448 0.0122962)
(0.00161965 -0.0146936 0.0128473)
(0.00164572 -0.0139747 0.0118982)
(0.00139441 -0.0142616 0.0122092)
(0.00161787 -0.0142931 0.0124176)
(0.0018242 -0.0133801 0.0119498)
(0.00269171 -0.0127418 0.0106878)
(0.00165802 -0.0129552 0.0112292)
(0.00205274 -0.0134435 0.0118491)
(0.00212012 -0.0115708 0.0105689)
(0.00339818 -0.01045 0.00965244)
(0.00177672 -0.0118033 0.00990271)
(0.00186201 -0.0113248 0.00932801)
(0.00223713 -0.0121563 0.0096146)
(0.00219918 -0.0118087 0.0100431)
(0.00227762 -0.0115697 0.00959126)
(0.00187621 -0.0126076 0.0102221)
(0.00112273 -0.0130525 0.0106564)
(0.00144822 -0.0136098 0.0111063)
(0.000689509 -0.0136745 0.010691)
(0.00148868 -0.0121653 0.00987507)
(0.000374665 -0.0141855 0.0110507)
(0.000609764 -0.0137531 0.0111569)
(0.000936457 -0.0133711 0.010696)
(0.000929833 -0.0142441 0.011083)
(0.000144309 -0.015683 0.0111594)
(-0.000204343 -0.0149825 0.0101374)
(-0.000108176 -0.0144825 0.00968686)
(-1.58578e-05 -0.0157687 0.0113985)
(-4.76036e-05 -0.0152583 0.0104005)
(0.00391068 -0.0155423 0.011486)
(0.00412437 -0.0158975 0.0112959)
(0.00324048 -0.0147479 0.0111337)
(0.00236663 -0.0141403 0.0113153)
(0.00351556 -0.0162932 0.0120674)
(0.00290511 -0.0142426 0.0111526)
(0.00316482 -0.0148292 0.0119076)
(0.00331389 -0.014663 0.0112835)
(0.00402564 -0.0164442 0.0112078)
(0.00391615 -0.0152277 0.010696)
(0.003754 -0.0154102 0.0106473)
(0.0025878 -0.0161028 0.0130051)
(0.0027101 -0.0167509 0.012866)
(0.0027192 -0.0157346 0.0117153)
(0.002579 -0.0173984 0.0127792)
(-0.000223676 -0.0147758 0.0105783)
(9.43727e-05 -0.0148081 0.0102854)
(-0.000214598 -0.0147448 0.0106381)
(-7.6289e-05 -0.0143343 0.00952274)
(8.58589e-05 -0.0143503 0.010282)
(0.000114121 -0.0145651 0.0109387)
(-9.35168e-05 -0.0138855 0.00979378)
(5.46509e-05 -0.0145328 0.0107295)
(0.000208268 -0.0147 0.0111147)
(0.000554667 -0.015095 0.011051)
(0.000922323 -0.0162138 0.0125821)
(0.000507675 -0.0157111 0.0116099)
(0.000246443 -0.0160453 0.0119522)
(0.00203074 -0.0152311 0.0116708)
(0.000493315 -0.0147951 0.0114869)
(0.000675928 -0.014142 0.0108488)
(0.00113691 -0.0147712 0.0117288)
(0.000806306 -0.0150126 0.0116504)
(0.00186982 -0.0151834 0.0119886)
(0.00201051 -0.0152634 0.0119822)
(0.00142385 -0.0148125 0.0117821)
(0.00206775 -0.0146197 0.0116322)
(0.000614962 -0.0141562 0.0111923)
(0.00140355 -0.0144636 0.0113512)
(-6.02727e-05 -0.0137021 0.0098656)
(0.00144146 -0.0149781 0.0118474)
(0.0011899 -0.0149862 0.011612)
(0.0003463 -0.0135129 0.0107188)
(0.000104548 -0.0147773 0.0108775)
(0.000673428 -0.0166154 0.0122908)
(0.0011434 -0.0158373 0.0119636)
(0.00142058 -0.0160415 0.0122136)
(0.00162516 -0.0173858 0.0128922)
(0.00152038 -0.0175227 0.0129695)
(0.0020866 -0.0168844 0.0122145)
(0.00208504 -0.0167028 0.0124119)
(0.00184199 -0.016514 0.0125169)
(0.00318267 -0.0175576 0.0120076)
(0.00279482 -0.0177846 0.012847)
(0.00272967 -0.018653 0.0129339)
(0.00395882 -0.0186586 0.0110858)
(0.00365192 -0.0192754 0.0122389)
(0.00416152 -0.0149845 0.00997271)
(0.00452338 -0.0162237 0.0105117)
(0.00466469 -0.016104 0.00988058)
(0.00473922 -0.017278 0.00969701)
(0.00373796 -0.0144243 0.0111045)
(0.00369795 -0.0141655 0.0114152)
(0.004346 -0.0143629 0.01029)
(0.00293178 -0.0141528 0.0119402)
(0.00394021 -0.0135405 0.0103081)
(0.0043068 -0.0154124 0.0106242)
(0.00487157 -0.0177923 0.0103972)
(0.00420343 -0.0152604 0.011353)
(0.00440152 -0.0152769 0.0107266)
(0.00462366 -0.0150261 0.00999019)
(0.00448521 -0.0157341 0.0109916)
(0.00424008 -0.0144532 0.0105734)
(0.00447848 -0.0146698 0.00964375)
(0.00438854 -0.0161417 0.0101805)
(0.00487712 -0.0151033 0.0106617)
(0.00494503 -0.0152271 0.0111169)
(0.00469767 -0.0144694 0.00923868)
(0.00411465 -0.0141075 0.0110977)
(0.00413174 -0.0137949 0.0109239)
(0.00472306 -0.015073 0.00990506)
(0.00265354 -0.0148376 0.01196)
(0.00237536 -0.0146656 0.0120102)
(0.00280668 -0.0134772 0.0113926)
(0.00335498 -0.0146872 0.0117234)
(0.00125144 -0.0133058 0.0105524)
(0.00260435 -0.013502 0.0110883)
(0.00177866 -0.0132048 0.0106103)
(0.00109198 -0.0150226 0.0112576)
(0.000381039 -0.0141739 0.0106283)
(0.00223194 -0.014276 0.0111594)
(0.00147376 -0.0137135 0.0112065)
(0.000995638 -0.0137042 0.0109411)
(0.00177918 -0.013855 0.0109836)
(0.000350606 -0.0132137 0.00925973)
(0.00080041 -0.0144892 0.0105471)
(5.74111e-05 -0.0140603 0.0101603)
(0.00055136 -0.0127441 0.00899661)
(0.000270731 -0.0133829 0.00964629)
(0.000725826 -0.0132137 0.00938645)
(0.00161798 -0.014194 0.0108953)
(0.00136843 -0.0134767 0.0102974)
(0.00105309 -0.0139576 0.0101951)
(0.000745745 -0.0136062 0.0102009)
(0.0048364 -0.0137289 0.00983637)
(0.00442414 -0.0139227 0.0102745)
(0.00445233 -0.0141149 0.0107945)
(0.00442302 -0.0153019 0.0089269)
(0.00399604 -0.0144453 0.00747091)
(0.00452093 -0.0171065 0.00915998)
(0.00457062 -0.0153696 0.00806615)
(0.00460939 -0.0145866 0.00939641)
(0.00477181 -0.0146171 0.00937426)
(0.00473217 -0.0132107 0.00901383)
(0.00474255 -0.0140737 0.00805477)
(0.00483093 -0.0137305 0.00800877)
(0.0050143 -0.0147898 0.00900676)
(0.00463204 -0.0146205 0.0109729)
(0.00504462 -0.0142383 0.00975772)
(0.00451586 -0.0136883 0.00991033)
(0.00506837 -0.0146023 0.0097124)
(0.00451519 -0.0136574 0.00926167)
(0.00541366 -0.0162252 0.00949404)
(0.00500375 -0.0162243 0.00998697)
(0.000898163 -0.0177278 0.0129402)
(0.00365728 -0.01855 0.0126023)
(0.00339299 -0.0181319 0.011879)
(0.00214272 -0.0175777 0.0130117)
(0.00346173 -0.0184499 0.0121712)
(0.00494375 -0.0169027 0.00961359)
(0.00468092 -0.0165947 0.00949547)
(0.00446868 -0.0158853 0.00870134)
(0.00457446 -0.0151751 0.00934662)
(0.00426645 -0.0142765 0.00745258)
(0.00472147 -0.0136483 0.00793966)
(0.00438101 -0.0143479 0.00788696)
(0.00409331 -0.0144247 0.00762808)
(0.00252059 -0.0165263 0.00866946)
(0.00352563 -0.0166568 0.00919727)
(0.0025044 -0.0171673 0.00955668)
(0.00234426 -0.0175233 0.00993778)
(0.000131786 -0.0172907 0.0103489)
(0.000970426 -0.016207 0.00975297)
(0.000596423 -0.0167168 0.0108739)
(0.000249073 -0.0174718 0.0108199)
(0.000906864 -0.0175065 0.0110053)
(0.000666254 -0.0169881 0.0100357)
(0.00200168 -0.0168986 0.00907124)
(0.00181911 -0.0170297 0.009733)
(0.00107733 -0.0169546 0.00958955)
(0.000805812 -0.0168067 0.0103458)
(0.000371554 -0.0160676 0.0104537)
(0.000978652 -0.0165937 0.0116612)
(0.000862299 -0.0154483 0.0112873)
(0.000510491 -0.0159079 0.0114812)
(0.000424973 -0.0160788 0.0110863)
(0.00010664 -0.0169056 0.0114123)
(0.000688243 -0.0166138 0.011253)
(0.0013637 -0.0160695 0.0117709)
(0.00117843 -0.0171616 0.0107232)
(0.00120353 -0.0170807 0.0108087)
(0.00120616 -0.0168086 0.0113959)
(0.00130691 -0.0164032 0.0115546)
(0.00112556 -0.0169488 0.0107552)
(0.00150591 -0.0145307 0.0115409)
(0.00131988 -0.017231 0.0114815)
(0.00145019 -0.0170933 0.0107734)
(0.00164719 -0.0164358 0.0103952)
(0.0011873 -0.0150242 0.012409)
(0.00139453 -0.0147796 0.0122463)
(0.00136649 -0.0156931 0.0126489)
(0.00111429 -0.0160188 0.0121628)
(0.00119496 -0.015787 0.0121331)
(0.00103332 -0.0153385 0.0120161)
(0.00124607 -0.0152222 0.0121166)
(0.00147269 -0.015667 0.0121706)
(0.00177831 -0.017138 0.0116779)
(0.00145582 -0.0166506 0.0110143)
(0.00118128 -0.0158399 0.0114402)
(0.00141959 -0.0157249 0.0114503)
(0.00343246 -0.016462 0.00761966)
(0.00368917 -0.0167149 0.00819506)
(0.00349118 -0.016595 0.0081297)
(0.00332719 -0.0159668 0.00698222)
(0.0041212 -0.0166875 0.00891057)
(0.0044943 -0.0164265 0.0089018)
(0.00232984 -0.0183355 0.00896105)
(0.00279462 -0.0157718 0.00738873)
(0.00304891 -0.0171801 0.0081916)
(0.00264497 -0.0164745 0.00704547)
(0.00381357 -0.0164354 0.00847411)
(0.0036682 -0.0168871 0.00889145)
(0.00317234 -0.0178175 0.00885111)
(0.00307154 -0.0173102 0.00823967)
(0.00285372 -0.0180545 0.00883228)
(0.00218809 -0.0173247 0.00912105)
(0.00218921 -0.0174275 0.0095336)
(0.00270837 -0.0169546 0.00830166)
(0.00236303 -0.0170472 0.00834255)
(0.00222723 -0.0167551 0.00793054)
(0.00202382 -0.0170249 0.00852665)
(0.00173177 -0.0172113 0.00855056)
(0.00214563 -0.0166837 0.00861504)
(0.00289385 -0.0171804 0.00912426)
(0.00353554 -0.0168959 0.00866057)
(0.00324454 -0.0172457 0.00918703)
(0.0029808 -0.0156676 0.00810201)
(0.00415619 -0.0167003 0.00868786)
(0.00361982 -0.0162335 0.00798725)
(0.0044121 -0.0163661 0.00870801)
(0.00453518 -0.0163393 0.00859662)
(-9.24658e-06 -0.0140957 0.00872004)
(-0.00021018 -0.014184 0.00910902)
(-0.000219302 -0.0137233 0.00866269)
(-0.000157529 -0.0130922 0.0079544)
(0.000823334 -0.0107127 0.00577278)
(0.000517391 -0.0113711 0.00649685)
(-0.00015561 -0.0123733 0.00751352)
(0.000487611 -0.0115939 0.00599629)
(0.000609831 -0.0110931 0.00603905)
(-0.000250601 -0.0129049 0.00745743)
(-7.24399e-05 -0.0143787 0.00845555)
(-3.39919e-06 -0.0126334 0.00713602)
(0.00010471 -0.0131021 0.00773656)
(0.000269193 -0.0119091 0.00656017)
(0.000401733 -0.0123137 0.00696337)
(0.00040565 -0.0120957 0.0064147)
(0.00195292 -0.00941979 0.00535125)
(0.000718851 -0.010657 0.00552978)
(0.00112174 -0.0108066 0.00574554)
(0.00116362 -0.0102862 0.00541824)
(0.00160404 -0.00951129 0.00510414)
(0.00138616 -0.00992954 0.00507851)
(0.00125459 -0.0103953 0.00531248)
(0.0006747 -0.0111435 0.00584862)
(0.000575189 -0.0111538 0.00585092)
(0.000202001 -0.0120603 0.00677649)
(0.000287307 -0.0115489 0.00627354)
(1.68127e-05 -0.0120236 0.0066245)
(0.0003121 -0.0110789 0.0060537)
(0.00208947 -0.00992748 0.00662163)
(0.00176224 -0.00927394 0.00521437)
(0.00218186 -0.00941241 0.00550003)
(0.00208143 -0.00903843 0.00518761)
(0.00215971 -0.00985748 0.00704962)
(0.00212028 -0.00968394 0.0064229)
(0.0022396 -0.00997468 0.00598598)
(0.00199521 -0.00928323 0.00561354)
(0.00199433 -0.00929051 0.00553448)
(0.00226969 -0.00937279 0.00550573)
(0.00203766 -0.00940316 0.00562506)
(0.00207621 -0.00937862 0.00514212)
(0.00203239 -0.00921173 0.00523613)
(0.00222756 -0.00994709 0.00562074)
(0.00223989 -0.00929319 0.00549407)
(0.00216398 -0.00949198 0.00569346)
(0.0021031 -0.00948103 0.00607605)
(0.00204781 -0.00945543 0.00555961)
(0.00234111 -0.00957559 0.00599694)
(0.00225144 -0.00942333 0.00553386)
(0.0026502 -0.0101798 0.00695463)
(0.00263404 -0.0109694 0.0074025)
(0.00249366 -0.00948186 0.00643325)
(0.0024405 -0.00968728 0.00649553)
(0.00219981 -0.00977015 0.0059816)
(0.00212893 -0.00913475 0.00566259)
(0.00216964 -0.0096223 0.00594111)
(0.00234257 -0.00973979 0.00618936)
(0.00226128 -0.0101652 0.00645229)
(0.00224807 -0.00983899 0.00610571)
(0.00172953 -0.00920051 0.00632606)
(0.00171642 -0.00915479 0.00628824)
(0.00172525 -0.00866602 0.00554306)
(0.00172788 -0.00921634 0.00587644)
(0.00183172 -0.00926695 0.00561131)
(0.00181763 -0.0091876 0.00553933)
(0.0019781 -0.00974308 0.00640168)
(0.00211064 -0.00995607 0.00672264)
(0.00211043 -0.00996424 0.00630902)
(0.00181087 -0.0092086 0.00583269)
(0.00185028 -0.00961048 0.00626544)
(0.00205301 -0.00926794 0.00568087)
(0.00212863 -0.00964683 0.00617746)
(0.00192985 -0.00908561 0.00565164)
(0.00138124 -0.00989829 0.00539427)
(0.00183819 -0.00888012 0.00533784)
(0.00185093 -0.00917538 0.00532504)
(0.0015346 -0.00967571 0.00538613)
(0.0019328 -0.00902515 0.00575139)
(0.00203729 -0.00966045 0.00618469)
(0.00195542 -0.00971667 0.00533364)
(0.00174044 -0.00900998 0.00501019)
(0.00155848 -0.0092807 0.00503034)
(0.00134426 -0.00971979 0.0051714)
(0.00135772 -0.00968298 0.0051674)
(0.00153897 -0.00999222 0.00534527)
(0.00149595 -0.0090885 0.00495055)
(0.00155528 -0.00890745 0.00486469)
(0.00180406 -0.00907333 0.00531383)
(0.00169169 -0.00953902 0.00515357)
(0.00493242 -0.0156496 0.00854777)
(0.00552303 -0.0160916 0.0102197)
(0.0052423 -0.0138615 0.00796756)
(0.00548138 -0.0155529 0.00925683)
(0.002191 -0.00999144 0.00552096)
(0.00258016 -0.00964003 0.00569873)
(0.00210547 -0.00819035 0.00482108)
(0.00228067 -0.00825106 0.00499067)
(0.00259608 -0.00854984 0.00558221)
(0.00258572 -0.00817469 0.00550356)
(0.00315992 -0.00941459 0.00650997)
(0.00277011 -0.00847265 0.00593154)
(0.00281163 -0.00853683 0.0059461)
(0.00340094 -0.0097692 0.00859328)
(0.00363753 -0.00997388 0.00822874)
(0.00324918 -0.00890819 0.00676543)
(0.00336837 -0.00918471 0.00736625)
(0.00328206 -0.00880741 0.00629202)
(0.00285033 -0.00916477 0.00629727)
(0.00362128 -0.00900861 0.00727743)
(0.00333304 -0.00920488 0.00700874)
(0.00336874 -0.0100914 0.008758)
(0.00328274 -0.0109585 0.00948393)
(0.00321727 -0.00945885 0.00755114)
(0.00284649 -0.00928131 0.00655953)
(0.00266399 -0.00864627 0.00579672)
(0.00270891 -0.00881879 0.00594254)
(0.00237791 -0.00937417 0.00587696)
(0.00249261 -0.0100155 0.00654978)
(0.00277308 -0.0106174 0.00827277)
(0.00303146 -0.0108546 0.00841334)
(0.00299427 -0.00979902 0.00796067)
(0.00288547 -0.00955513 0.00714096)
(0.00302703 -0.0101798 0.00740002)
(0.0035754 -0.0106791 0.00866815)
(0.00349687 -0.0109899 0.00826082)
(0.00301173 -0.00927672 0.00649898)
(0.0031098 -0.0101482 0.00670982)
(0.00289688 -0.0110213 0.00686927)
(0.00331404 -0.0105433 0.00660576)
(0.0028557 -0.0103068 0.00787708)
(0.00330939 -0.0113703 0.00946225)
(0.00328973 -0.01106 0.00905069)
(0.00307121 -0.0106026 0.00878848)
(0.0035715 -0.0113772 0.00948825)
(0.00282939 -0.0105253 0.00899701)
(0.00305855 -0.0113697 0.00924433)
(0.00299106 -0.0107827 0.0112055)
(0.00395349 -0.0084515 0.00785981)
(0.00310151 -0.00817538 0.00778712)
(0.00305084 -0.0101024 0.0101039)
(0.00328392 -0.0107602 0.0101321)
(0.00322201 -0.00932617 0.00942079)
(0.00320905 -0.0100518 0.00977005)
(0.00159406 -0.00944065 0.00535532)
(0.00166778 -0.00933585 0.00539772)
(0.00193695 -0.00939616 0.00569725)
(0.000923002 -0.0104155 0.00539402)
(0.0011606 -0.0100298 0.00537594)
(0.000735176 -0.0104062 0.00546392)
(0.000943874 -0.01062 0.00565428)
(0.00104822 -0.0099619 0.00530629)
(0.00141741 -0.00900458 0.00489533)
(0.00121744 -0.00949512 0.00502463)
(0.00163713 -0.00907776 0.00500274)
(0.00145709 -0.00910257 0.00477084)
(0.00131599 -0.00956833 0.00513242)
(0.00113287 -0.0105881 0.00548138)
(0.000100906 -0.0128825 0.00707642)
(0.000378376 -0.0119205 0.00640418)
(0.000300637 -0.0122159 0.0068289)
(0.000750872 -0.0125295 0.00703217)
(0.000603821 -0.0115499 0.00614959)
(0.00122456 -0.0103577 0.00555621)
(0.00101525 -0.0103214 0.00542029)
(0.0014067 -0.0105224 0.00562157)
(0.00103484 -0.0109114 0.00573559)
(0.00235848 -0.0172065 0.00861018)
(0.00277594 -0.017568 0.00942134)
(0.00285575 -0.0172608 0.00886704)
(0.00239817 -0.0170881 0.00923464)
(0.00163135 -0.0177254 0.0105427)
(0.00190612 -0.0175693 0.01085)
(0.00319867 -0.0163524 0.00923396)
(0.00191444 -0.0169545 0.00966375)
(0.00269364 -0.0175315 0.0100713)
(0.00503482 -0.0158459 0.00976123)
(0.00573478 -0.0158511 0.0103596)
(0.00463515 -0.0145608 0.00764112)
(0.00478313 -0.0167561 0.0094384)
(0.00477974 -0.0155757 0.00891981)
(-6.75343e-05 -0.014618 0.00974837)
(-0.000209627 -0.014942 0.00999153)
(-0.000214024 -0.0142662 0.00905607)
(-0.000374959 -0.014008 0.00925335)
(-9.41371e-05 -0.0125652 0.00716805)
(-3.18109e-05 -0.012382 0.00711615)
(-3.29198e-05 -0.0133349 0.00781664)
(-0.000184462 -0.0133107 0.00816888)
(-0.00022253 -0.0129065 0.00787519)
(-0.000446572 -0.013776 0.00864748)
(2.74807e-05 -0.0150281 0.0100991)
(7.51227e-06 -0.0153805 0.00974382)
(0.000117995 -0.0157801 0.0107359)
(0.000629881 -0.0165549 0.0114203)
(-0.000207527 -0.0145934 0.00941903)
(-0.000116194 -0.0149616 0.00919327)
(0.0019867 -0.0141737 0.0126096)
(0.00192057 -0.0138599 0.0121247)
(0.00260805 -0.0132877 0.0122324)
(0.00201222 -0.0129817 0.0116342)
(0.00300224 -0.0114503 0.0102203)
(0.00307593 -0.0119603 0.0109468)
(0.00257764 -0.0111463 0.00877493)
(0.0023725 -0.0113114 0.00883814)
(0.00231359 -0.01088 0.00850335)
(0.00250422 -0.0107008 0.00872996)
(0.00262165 -0.0103657 0.00701834)
(0.00250005 -0.0107621 0.00850001)
(0.00242874 -0.00986298 0.00735772)
(0.00246362 -0.0106952 0.00743883)
(0.00236913 -0.00983808 0.00689815)
(0.00250026 -0.0105268 0.00808867)
(0.00245995 -0.0132995 0.0093757)
(0.00254809 -0.0140653 0.0100428)
(0.00234047 -0.0129731 0.00868671)
(0.00243986 -0.0133833 0.00912336)
(0.0033382 -0.00897594 0.0058771)
(0.00353256 -0.00905603 0.00605591)
(0.00320989 -0.00957889 0.00609552)
(0.00340702 -0.00862023 0.00572851)
(0.0034076 -0.00923401 0.00602546)
(0.00316699 -0.00818888 0.00595356)
(0.00346513 -0.00848811 0.006436)
(0.00318022 -0.00865907 0.00564709)
(0.00300546 -0.00819709 0.00557773)
(0.00327695 -0.00868995 0.00607258)
(0.00333058 -0.00865998 0.00602217)
(0.00340323 -0.00865109 0.00645289)
(0.00344321 -0.00866974 0.00609752)
(0.0029054 -0.00873003 0.00567605)
(0.00309867 -0.00886336 0.00581388)
(0.00262176 -0.00856707 0.00539273)
(0.00278384 -0.00868419 0.00550644)
(0.00285095 -0.00849771 0.0056378)
(0.0034162 -0.0085416 0.00616508)
(0.000705769 -0.0127813 0.00843058)
(0.000688467 -0.0125609 0.00813199)
(0.000729916 -0.0121364 0.00783293)
(0.00149411 -0.0114411 0.00665249)
(0.000951225 -0.0113276 0.00645574)
(0.00125423 -0.0115763 0.00707917)
(0.000914045 -0.0117166 0.007328)
(0.00034531 -0.0121055 0.00746085)
(0.000734592 -0.0126138 0.00785423)
(0.000569412 -0.0113447 0.00677218)
(0.00094475 -0.0117371 0.0069756)
(0.000941262 -0.0119947 0.00699614)
(0.000935854 -0.0115534 0.00699925)
(0.00180012 -0.0131828 0.00916232)
(0.00100911 -0.0125591 0.00873863)
(0.00136249 -0.0134511 0.00971274)
(0.0012545 -0.0131543 0.0103317)
(0.00131363 -0.0129415 0.00957706)
(0.0021232 -0.0139376 0.0104689)
(0.00236871 -0.0137494 0.0105967)
(0.00226739 -0.0137389 0.0101943)
(0.00221883 -0.0132884 0.0102432)
(0.00241367 -0.0136937 0.0106726)
(-9.62875e-05 -0.0131509 0.00888992)
(7.64933e-06 -0.0129248 0.0090542)
(0.000178914 -0.012658 0.00914842)
(0.000166263 -0.0115441 0.00845428)
(0.000314075 -0.0122782 0.00879438)
(-3.11194e-05 -0.0120196 0.00860793)
(0.000284869 -0.0127603 0.00889785)
(0.001089 -0.0108978 0.00816433)
(0.000994259 -0.010922 0.00798001)
(0.000757323 -0.0106159 0.00779387)
(0.000363053 -0.0116186 0.00845748)
(0.000555646 -0.0122301 0.00893143)
(0.000664094 -0.0115431 0.00857811)
(0.000256615 -0.0135956 0.0102049)
(0.00162769 -0.0116364 0.00937636)
(0.00135147 -0.0122359 0.00976038)
(0.000893271 -0.013469 0.0106719)
(0.00106101 -0.0124804 0.00995115)
(0.0006369 -0.0129994 0.00971359)
(0.0013431 -0.0116612 0.00889029)
(0.000947675 -0.0132172 0.0102791)
(0.000590286 -0.0122556 0.00936703)
(0.000895876 -0.0122869 0.00957215)
(0.00124073 -0.011887 0.00913937)
(-0.000329876 -0.0146922 0.0102091)
(8.43198e-06 -0.01493 0.0114938)
(0.000184431 -0.0149053 0.0108109)
(0.000618519 -0.0146546 0.0109913)
(0.000440324 -0.0149409 0.0108596)
(0.00108168 -0.0164372 0.00874123)
(0.00025494 -0.0165366 0.00955559)
(0.0013118 -0.0168458 0.00987417)
(0.000829123 -0.0172384 0.0097084)
(0.0028332 -0.0187367 0.00864647)
(0.00365543 -0.0187034 0.0103157)
(-0.00056765 -0.0159102 0.00855124)
(-0.000812669 -0.0167791 0.00894758)
(-0.000469182 -0.017031 0.00975515)
(-0.000636447 -0.0160642 0.0089683)
(-0.000716392 -0.0161921 0.00970074)
(-0.000425134 -0.0154198 0.00983009)
(-0.000679584 -0.0145875 0.00920134)
(-0.000522979 -0.0157892 0.00934179)
(-0.000719617 -0.0152434 0.00930001)
(-0.00110923 -0.0150227 0.00886786)
(-0.000675123 -0.0161308 0.00925943)
(-0.000885768 -0.0159117 0.00905089)
(-5.99198e-05 -0.0146986 0.00917297)
(-0.00102262 -0.0146122 0.00910158)
(0.00265099 -0.0111379 0.00675745)
(0.00188571 -0.0118116 0.00726084)
(0.00192576 -0.0115664 0.00709078)
)
;
    }
    INLET
    {
        type            calculated;
        value           nonuniform 0();
    }
    OUTLET
    {
        type            calculated;
        value           nonuniform 0();
    }
    procBoundary11to10
    {
        type            processor;
        value           uniform (0 0 0);
    }
    procBoundary11to12
    {
        type            processor;
        value           uniform (0 0 0);
    }
}


// ************************************************************************* //
