/*--------------------------------*- C++ -*----------------------------------*\
| =========                 |                                                 |
| \\      /  F ield         | OpenFOAM: The Open Source CFD Toolbox           |
|  \\    /   O peration     | Version:  v1612+                                |
|   \\  /    A nd           | Web:      www.OpenFOAM.com                      |
|    \\/     M anipulation  |                                                 |
\*---------------------------------------------------------------------------*/
FoamFile
{
    version     2.0;
    format      ascii;
    class       volVectorField;
    location    "50";
    object      wallShearStress;
}
// * * * * * * * * * * * * * * * * * * * * * * * * * * * * * * * * * * * * * //

dimensions      [0 2 -2 0 0 0 0];

internalField   uniform (0 0 0);

boundaryField
{
    WALL
    {
        type            calculated;
        value           nonuniform List<vector> 
1705
(
(-0.00563036 -0.00669015 0.000745992)
(-0.00447861 -0.00615114 0.00110984)
(-0.027871 -0.0182591 -0.00109383)
(-0.0285405 -0.0152187 0.00127638)
(-0.0122436 -0.00597327 0.0112011)
(-0.0101245 -0.00467499 0.0121928)
(-0.00991856 -0.0145542 -0.00175083)
(-0.00978547 -0.0165057 -0.00111943)
(-0.0222634 -0.0230101 -0.00481705)
(-0.0274876 -0.0232049 -0.0029015)
(-0.0268109 -0.0258093 -0.00414819)
(-0.0254002 -0.0267317 -0.00249148)
(-0.0121624 -0.0126772 -0.00176005)
(-0.00904267 -0.0119221 -0.00171983)
(-0.000537289 -0.00118553 0.00630503)
(-0.000611211 -0.00358683 0.00307519)
(-0.00401814 -0.0131879 -0.00149746)
(-0.00592531 -0.01757 -0.000926294)
(-0.00408601 -0.00829998 -0.00438629)
(-0.00562945 -0.0119834 -0.00417064)
(-0.0196023 -0.0249075 0.00349657)
(-0.0213237 -0.0233266 0.00305472)
(-0.0266078 -0.0185091 0.000535803)
(-0.0255732 -0.015312 0.00192747)
(-0.0223165 -0.029387 0.00127654)
(-0.0207657 -0.0289023 0.00336868)
(-0.00772076 -0.00848746 9.5668e-05)
(-0.00911764 -0.00981126 -0.000507062)
(-0.0092913 -0.0083031 0.000112989)
(-0.0102362 -0.00869976 0.000208195)
(-0.0231646 -0.0120859 -0.00272777)
(-0.0240427 -0.010965 0.000546659)
(-0.00741669 -0.0102761 -0.00228659)
(-0.0104668 -0.011786 -0.00119868)
(-0.0120123 -0.011967 -0.00194662)
(-0.0147333 -0.013628 0.000373141)
(-0.00684217 -0.0145948 0.0149443)
(-0.00662923 -0.0135099 0.0149058)
(-0.00932541 -0.00964108 0.0122691)
(-0.0109666 -0.00930088 0.012153)
(-0.0136527 -0.00927143 0.00208836)
(-0.0130163 -0.00908467 0.00224456)
(-0.00453153 -0.00605839 0.000434207)
(-0.00646745 -0.00757234 0.000493438)
(-0.0035298 -0.00757263 -0.0031914)
(-0.00234729 -0.00673889 -0.00226606)
(-0.000745585 -0.00125821 0.00425384)
(-0.000439612 -0.00161754 0.00411251)
(-3.4049e-05 -0.00131657 0.00358318)
(0.00019966 -0.00124947 0.00288663)
(-0.0115982 -0.00979986 0.00730442)
(-0.010589 -0.011749 0.00589443)
(-0.0103979 -0.00952457 0.0071359)
(-0.010155 -0.00962312 0.00610342)
(-0.0123851 -0.0119701 0.00555274)
(-0.0124584 -0.0112625 0.00647507)
(-0.0160567 -0.0342455 0.00639965)
(-0.0170607 -0.0362981 0.00340826)
(-0.0166345 -0.0336289 0.00525612)
(-0.0180877 -0.0321254 0.00102159)
(-0.0167874 -0.0327607 0.00237598)
(-0.0185572 -0.0348801 0.00362039)
(-0.016619 -0.00830794 0.0231528)
(-0.0218542 -0.0135011 0.0253295)
(-0.0181004 -0.00806082 0.0254425)
(-0.0177178 -0.00608244 0.0226924)
(-0.0212308 -0.00594265 0.021959)
(-0.0268114 -0.00872603 0.0274138)
(-0.00134474 -0.00791777 0.00131442)
(-0.00237294 -0.010693 0.000136171)
(-0.00101402 -0.00706669 0.00036212)
(-0.000711971 -0.00598505 0.00319265)
(-0.00281579 -0.00884725 -0.00219975)
(-0.0126393 -0.0103957 0.00390095)
(-0.012827 -0.0103861 0.0034755)
(-0.0177964 -0.0122713 0.00581079)
(-0.016318 -0.0110945 0.00464785)
(-0.0144694 -0.010206 0.003096)
(-0.0158209 -0.0131313 0.00627064)
(-0.0278349 -0.0156213 0.0222285)
(-0.0269321 -0.0188013 0.0244089)
(-0.0267951 -0.0155053 0.0227656)
(-0.0273539 -0.0186479 0.0239088)
(-0.0300183 -0.0168621 0.0220698)
(-0.0272115 -0.0171414 0.0211861)
(-0.0194628 -0.0170143 -0.0074163)
(-0.0213848 -0.0192328 -0.00681077)
(-0.0156296 -0.0191446 -0.00662163)
(-0.0166671 -0.0177621 -0.00728552)
(-0.0184894 -0.0197297 -0.00701619)
(-0.0215431 -0.017005 -0.00676737)
(-0.00470871 -0.00657989 0.00123022)
(-0.00406298 -0.00570857 0.00124575)
(-0.00477799 -0.0061077 0.00115265)
(-0.00650125 -0.00718281 0.000905901)
(-0.00692853 -0.00779406 0.00100943)
(-0.00508946 -0.00651423 0.000662072)
(-0.00593278 -0.00743499 0.00144474)
(-0.00668164 -0.00721232 0.000825719)
(-0.0212949 -0.0125431 -0.000392856)
(-0.0224091 -0.0116605 0.000573206)
(-0.0200755 -0.0118074 0.00388395)
(-0.020001 -0.0123513 0.000679107)
(-0.0203589 -0.0124709 0.00246939)
(-0.0218411 -0.0121798 0.0031012)
(-0.0067799 -0.00324672 0.00919943)
(-0.00475129 -0.00259428 0.00813957)
(-0.0052815 -0.00287987 0.0079881)
(-0.00633906 -0.00419535 0.00858217)
(-0.00573049 -0.00257713 0.00884588)
(-0.00738235 -0.00403952 0.00922775)
(-0.00819806 -0.0240487 0.00766005)
(-0.00648534 -0.0203214 0.0116016)
(-0.0078852 -0.0221399 0.0122532)
(-0.00933076 -0.0263726 0.0108461)
(-0.0072547 -0.0201855 0.0136664)
(-0.00677576 -0.021351 0.00906555)
(-0.0232351 -0.0205548 0.0251794)
(-0.0229631 -0.0246058 0.029413)
(-0.0233827 -0.0208981 0.0250751)
(-0.0193893 -0.0242768 0.0242864)
(-0.0221053 -0.0230356 0.0265053)
(-0.0211944 -0.023868 0.0242186)
(-0.0158376 -0.0330851 0.0172284)
(-0.0164829 -0.0343307 0.0133838)
(-0.0170526 -0.0337547 0.0160242)
(-0.0167386 -0.0325631 0.0182742)
(-0.0170492 -0.0351404 0.0156733)
(-0.0167279 -0.0322191 0.0181763)
(-0.0162755 -0.0363427 0.0158585)
(-0.0162676 -0.0352176 0.0139799)
(-0.016443 -0.0354562 0.010973)
(-0.0162201 -0.0355475 0.00921422)
(-0.0164967 -0.0370027 0.014058)
(-0.0154606 -0.0344442 0.0153595)
(-0.010416 -0.0106889 0.0121132)
(-0.00693202 -0.00974612 0.0121517)
(-0.00945715 -0.00858667 0.0119379)
(-0.00649194 -0.00857444 0.0106121)
(-0.0078617 -0.00968205 0.0122238)
(-0.00857017 -0.00830845 0.0117313)
(-0.0190391 -0.0109969 0.00675261)
(-0.0173167 -0.011053 0.00891014)
(-0.0196545 -0.0126551 0.00717527)
(-0.0181218 -0.0110592 0.00770251)
(-0.0171604 -0.0103611 0.00893274)
(-0.0183589 -0.0101494 0.00804333)
(-0.018269 -0.0113883 0.0046586)
(-0.0192955 -0.0142982 0.00509722)
(-0.00259308 -0.00470133 0.00105721)
(-0.00244629 -0.00440887 0.00112827)
(-0.0032539 -0.00525613 0.000910244)
(-0.00243203 -0.00436023 0.00125558)
(-0.00378456 -0.00557169 0.000734683)
(-0.00322129 -0.00527779 0.0011548)
(-0.00764782 -0.00799192 0.00152676)
(-0.00208991 -0.00391832 0.00165002)
(-0.00276197 -0.00465968 0.0014168)
(-0.00327985 -0.00536106 0.00142117)
(-0.00229943 -0.00420877 0.00146729)
(-0.0105745 -0.00868136 0.00149925)
(-0.0080523 -0.00804265 0.00117033)
(-0.00989693 -0.00856493 0.00156955)
(-0.00885991 -0.00817831 0.00107743)
(-0.00878897 -0.00874516 0.00152084)
(-0.00181339 -0.00361132 0.00103449)
(-0.00195692 -0.00384952 0.000965111)
(-0.00149562 -0.00315816 0.000917653)
(-0.00166365 -0.00340724 0.000983737)
(-0.00141075 -0.00297262 0.00110597)
(-0.0014055 -0.00291661 0.00104473)
(-0.001523 -0.00262942 0.00178325)
(-0.0017909 -0.00277537 0.00231999)
(-0.00137478 -0.00241897 0.00170452)
(-0.00173252 -0.00272768 0.00231334)
(-0.0015884 -0.00270025 0.00198344)
(-0.00157216 -0.00268523 0.00183315)
(-0.00236608 -0.00328068 0.00307991)
(-0.00220872 -0.0030488 0.00267551)
(-0.00180168 -0.00271727 0.00211492)
(-0.00149963 -0.00257654 0.0019239)
(-0.00183277 -0.0028492 0.0024397)
(0.00504837 -0.0222521 0.00996886)
(0.00413682 -0.0232143 0.00754002)
(-0.000999765 -0.0150433 0.0131325)
(-0.000645966 -0.0127295 0.010299)
(0.000998047 -0.0163399 0.0119099)
(-0.00146179 -0.0130196 0.0114933)
(0.00182762 -0.0174128 0.0114065)
(0.00094304 -0.0151699 0.00969486)
(-0.0100444 -0.0129965 0.0120627)
(-0.0115355 -0.0140932 0.00986311)
(-0.00932403 -0.0144243 0.0117695)
(-0.0116779 -0.0132415 0.0100558)
(-0.0114074 -0.0142119 0.0120197)
(-0.0101356 -0.0146764 0.0110542)
(-0.0116399 -0.0136426 0.0133232)
(-0.0108711 -0.0118863 0.0132958)
(-0.00974539 -0.0132221 0.0135102)
(-0.00898249 -0.0137711 0.0148752)
(-0.00956796 -0.0123808 0.0141096)
(-0.0115545 -0.0122862 0.0127722)
(-0.00479411 -0.0121359 0.0127298)
(-0.00460947 -0.0139616 0.0143506)
(-0.00357483 -0.0121199 0.0127476)
(-0.00614977 -0.0122009 0.0130618)
(-0.00342588 -0.0136847 0.0136275)
(-0.0100535 -0.0135913 0.00648036)
(-0.00986433 -0.014586 0.00813651)
(-0.00926158 -0.0141998 0.00894467)
(-0.0123901 -0.0132338 0.00448363)
(-0.014137 -0.013458 0.00657989)
(-0.0127391 -0.0140689 0.00760895)
(-0.0129554 -0.013403 0.00761127)
(-0.0138094 -0.0143453 0.00448297)
(-0.0143173 -0.014054 0.00530725)
(-0.0126076 -0.0128536 0.00556486)
(-0.00891154 -0.0128427 0.00256331)
(-0.0111091 -0.0130981 0.00411485)
(-0.00999204 -0.0120244 0.00180131)
(-0.0104794 -0.0128668 0.00307285)
(-0.00897324 -0.0125454 0.00350087)
(-0.000546967 -0.0114568 0.00439509)
(0.000168116 -0.0152131 0.00432991)
(-0.000482762 -0.0105419 0.00545997)
(-0.000188532 -0.0129239 0.00750841)
(0.00143616 -0.0163537 0.00544622)
(0.00190736 -0.0167144 0.00835599)
(0.00153962 -0.0154218 0.00899878)
(-0.0121442 -0.0127364 -0.000167521)
(-0.00959299 -0.0114248 -0.000756525)
(-0.0104764 -0.0121541 0.000333377)
(-0.011655 -0.0124808 0.00139973)
(-0.0128938 -0.0130308 0.00101854)
(-0.00986792 -0.0116824 -0.0021906)
(-0.00949548 -0.0109286 -0.00367095)
(-0.0125475 -0.0125218 -0.00233437)
(-0.00877364 -0.0102763 -0.0032244)
(-0.0114712 -0.010994 -0.00349496)
(-0.0110987 -0.0102703 -0.00583675)
(-0.00960192 -0.00989553 -0.00729967)
(-0.0114113 -0.010679 -0.00676351)
(-0.00945531 -0.00999885 -0.00573252)
(-0.00744143 -0.00863739 -0.00585908)
(-0.00691438 -0.00964134 -0.00549716)
(-0.0216871 -0.0137304 -0.00665254)
(-0.0215853 -0.0126099 -0.00354263)
(-0.0196679 -0.0112913 -0.00565028)
(-0.0242308 -0.0126802 -0.00398629)
(-0.0231797 -0.0134529 -0.0054916)
(-0.0262231 -0.0108822 0.0040173)
(-0.0261063 -0.00998631 0.00441592)
(-0.0276749 -0.0116734 0.00137726)
(-0.0278119 -0.00953935 0.00271869)
(-0.0274466 -0.0108504 0.00164773)
(-0.0284057 -0.0119159 2.51195e-06)
(-0.0170812 -0.00946767 0.00238829)
(-0.0158624 -0.00990124 0.00183009)
(-0.0136037 -0.0088779 0.00103376)
(-0.0156735 -0.00932537 0.00111453)
(-0.0178815 -0.00994258 0.00215961)
(-0.00138018 -0.00257969 0.00181629)
(-0.00121651 -0.00227043 0.00139605)
(-0.00121666 -0.00244962 0.00134864)
(-0.00146776 -0.00277436 0.0021771)
(-0.00119613 -0.00249724 0.00139679)
(-0.00117434 -0.00247453 0.00160525)
(-0.00241267 -0.0044023 0.000666877)
(-0.00336065 -0.00542777 0.000714289)
(-0.00262029 -0.0046931 0.000814258)
(-0.0036002 -0.00578446 0.000641799)
(-0.0027797 -0.00474366 0.000404007)
(-0.00332728 -0.00547622 0.000431275)
(-0.0175571 -0.0101629 0.00103326)
(-0.0170003 -0.00933576 0.000954715)
(-0.0161529 -0.00990112 0.000868846)
(-0.0209936 -0.00938891 0.0028917)
(-0.0194383 -0.0102412 0.00236146)
(-0.0195398 -0.0101965 0.00249315)
(-0.0119391 -0.008908 -0.000143947)
(-0.0137813 -0.00935778 -0.000195493)
(-0.00875243 -0.00823178 7.5817e-05)
(-0.00935611 -0.00848003 0.000201819)
(-0.0102397 -0.00848446 -0.000161093)
(-0.0119913 -0.00932305 0.000338184)
(-0.0189618 -0.0110505 0.00252287)
(-0.0194866 -0.0117897 0.00302754)
(-0.0177812 -0.0115575 0.00188306)
(-0.0166708 -0.0114226 0.00181608)
(-0.0162732 -0.0117862 0.00145969)
(-0.0203755 -0.0114487 0.00363024)
(-0.0219192 -0.0100861 0.00425298)
(-0.0253381 -0.0103945 0.00832465)
(-0.0240988 -0.0110079 0.00698784)
(-0.0259593 -0.0105978 0.00780863)
(-0.0237436 -0.00981527 0.00545379)
(-0.0219422 -0.00994882 0.00472361)
(-0.0274943 -0.00971017 0.00895717)
(-0.0282081 -0.00868295 0.0107488)
(-0.0257824 -0.00932863 0.00609185)
(-0.0297424 -0.0087046 0.0105975)
(-0.0262805 -0.00821657 0.00779091)
(-0.024657 -0.00902384 0.0055037)
(-0.0148368 -0.0124762 0.000161253)
(-0.0135508 -0.0123622 -0.000503063)
(-0.0144841 -0.0128701 -0.000922499)
(-0.0132714 -0.0128503 -0.000808114)
(-0.0159945 -0.0134804 0.000271492)
(-0.0160961 -0.0129135 0.000895406)
(-0.00582837 -0.00772544 3.13281e-05)
(-0.00648929 -0.00742834 0.00023648)
(-0.00764985 -0.00818826 0.000110319)
(-0.00521767 -0.00659148 0.000140825)
(-0.00464056 -0.00658794 0.000614308)
(-0.0075493 -0.00877791 0.000197421)
(-0.0101117 -0.00953282 0.000239102)
(-0.00560856 -0.00758006 0.000208457)
(-0.0245214 -0.0116262 0.00392983)
(-0.023707 -0.0119218 0.00338399)
(-0.0244199 -0.0121623 0.00300132)
(-0.0234796 -0.0110241 0.00448375)
(-0.0232054 -0.0097301 0.00440218)
(-0.0246548 -0.0132148 0.00254698)
(-0.015145 -0.00653711 0.00674264)
(-0.0166474 -0.00783396 0.00666333)
(-0.0158845 -0.00633609 0.00756928)
(-0.013012 -0.0058008 0.00667312)
(-0.0142254 -0.00625411 0.00764696)
(-0.016543 -0.00740071 0.00690382)
(-0.0243633 -0.023007 0.000796434)
(-0.0247085 -0.0234927 0.000746667)
(-0.0233302 -0.024684 0.000205591)
(-0.0232659 -0.0255003 0.00193253)
(-0.0242354 -0.0216386 0.000532374)
(-0.0225045 -0.0257986 0.00127612)
(-0.0209247 -0.0322161 0.00288135)
(-0.0214258 -0.0314971 0.00171047)
(-0.0234814 -0.0309474 0.000913222)
(-0.0234521 -0.0288649 0.000289297)
(-0.0211885 -0.0313745 0.00311417)
(-0.0240136 -0.0143218 0.00179477)
(-0.0249062 -0.0188795 0.0012806)
(-0.025542 -0.0174085 -7.19934e-05)
(-0.0260031 -0.0190097 -0.000240554)
(-0.0249226 -0.01634 0.00159832)
(-0.0216099 -0.00732373 0.00861906)
(-0.0226045 -0.00713681 0.00820669)
(-0.018113 -0.00648796 0.00978355)
(-0.0175959 -0.00589434 0.00862558)
(-0.0231743 -0.00779442 0.00766066)
(-0.0199621 -0.00579741 0.00866075)
(-0.0246049 -0.00727082 0.00555585)
(-0.0216298 -0.00759742 0.00672488)
(-0.0236801 -0.0072692 0.00683151)
(-0.0199935 -0.0072984 0.00801463)
(-0.02055 -0.00661416 0.00753044)
(-0.0254216 -0.00819936 0.00581417)
(-0.0205454 -0.00878621 0.00633202)
(-0.0202869 -0.00848254 0.00690504)
(-0.0201318 -0.00765302 0.0064421)
(-0.0188461 -0.00672416 0.00708675)
(-0.0179804 -0.00734679 0.00811501)
(-0.0168039 -0.00715862 0.00714163)
(-0.0167102 -0.0281197 0.00824562)
(-0.0183687 -0.0266108 0.0066557)
(-0.018392 -0.027991 0.0078305)
(-0.0179444 -0.0266426 0.00539702)
(-0.0179814 -0.0295327 0.0072758)
(-0.0165985 -0.0286171 0.00848075)
(-0.0155969 -0.0289416 0.0111163)
(-0.0148916 -0.0285516 0.0130509)
(-0.0149338 -0.0285692 0.0131418)
(-0.0149873 -0.0289277 0.0121424)
(-0.0152149 -0.0282538 0.0118659)
(-0.0152765 -0.0281991 0.0108245)
(-0.0191726 -0.0257111 0.0189481)
(-0.0179944 -0.0231658 0.0174817)
(-0.0177654 -0.024754 0.0177525)
(-0.0198368 -0.0262106 0.020947)
(-0.0167914 -0.0248371 0.0173935)
(-0.019371 -0.0246441 0.0186647)
(-0.0236327 -0.0209014 0.0235543)
(-0.0236762 -0.0241107 0.0249762)
(-0.023499 -0.0209589 0.0219194)
(-0.0249675 -0.020491 0.0228768)
(-0.0215704 -0.0239926 0.0228163)
(-0.0223462 -0.0230705 0.0222319)
(-0.0221385 -0.0219061 0.0211326)
(-0.021436 -0.0225849 0.0203317)
(-0.0221296 -0.020734 0.018936)
(-0.0229237 -0.0203494 0.019016)
(-0.0225599 -0.0207768 0.0201111)
(-0.0218304 -0.0221054 0.0199275)
(-0.0205317 -0.0155328 0.0093629)
(-0.018566 -0.0128451 0.00724028)
(-0.020474 -0.0125824 0.00726592)
(-0.0203866 -0.0141393 0.00997609)
(-0.0207447 -0.0124557 0.00833255)
(-0.0216886 -0.0137919 0.0102613)
(-0.00680056 -0.00920948 -0.00451115)
(-0.00448708 -0.00869759 -0.00305326)
(-0.00336764 -0.00705042 -0.00331809)
(-0.00520199 -0.0072788 -0.00471282)
(-0.00608264 -0.00874627 -0.00363229)
(-0.000310411 -0.0047582 -0.000618679)
(-0.00159166 -0.00624102 -0.00200942)
(-0.00162222 -0.00626977 -0.00220293)
(-0.00110507 -0.00499049 -0.00193736)
(-0.000717268 -0.00543329 -0.00123932)
(-0.000296387 -0.00508378 -0.000405583)
(-0.00755518 -0.0154879 -0.00386937)
(-0.00752413 -0.0122741 -0.00573818)
(-0.0101012 -0.0146211 -0.00568375)
(-0.0103378 -0.017383 -0.00468109)
(-0.00115223 -0.00796006 0.00682861)
(-0.00304302 -0.00421688 0.0134473)
(-0.00269295 -0.00188006 0.0118155)
(-0.00247213 -0.00704508 0.0115014)
(-0.000897866 -0.00351844 0.00879798)
(-0.000635404 -0.00368514 0.00549579)
(-0.000995467 -0.00472764 -0.00089882)
(-0.000150881 -0.00405698 0.000622507)
(-0.000192211 -0.00308741 0.00498296)
(-0.000321867 -0.00419281 0.0015868)
(-7.7522e-05 -0.00333021 0.00222385)
(-0.000211429 -0.00200797 0.00368282)
(-0.00707285 -0.0177169 -0.000284248)
(-0.00467555 -0.0188977 0.000342582)
(-0.0042362 -0.0172028 1.71559e-05)
(-0.00634956 -0.015967 -0.000503389)
(-0.00646925 -0.019152 -0.000406418)
(-0.00472123 -0.0147314 -9.95203e-05)
(-0.00189594 -0.0049054 0.000560902)
(-0.00154957 -0.0046264 0.000643227)
(-0.00180928 -0.00487247 0.000539457)
(-0.00218715 -0.00517412 0.000348172)
(-0.00140814 -0.00420512 0.000931623)
(-0.00119167 -0.00342141 0.00220702)
(-0.000978297 -0.00360714 0.00205663)
(-0.00125366 -0.00387565 0.00292782)
(-0.00102952 -0.00386404 0.00155441)
(-0.00103269 -0.0034968 0.00141729)
(-0.00113623 -0.00343493 0.00166786)
(-0.00167969 -0.00857958 0.00154871)
(-0.00126254 -0.0138224 0.00191147)
(-0.00290596 -0.0133901 0.000913517)
(-0.00149165 -0.0113444 0.00225309)
(-0.00270727 -0.010765 0.00074765)
(-0.00176308 -0.0137063 0.0015682)
(-0.00529067 -0.0093896 -0.000816116)
(-0.00393609 -0.0082005 -0.000393759)
(-0.00327699 -0.00687554 -0.000354684)
(-0.00338047 -0.00649417 -0.000333914)
(-0.00565138 -0.00892875 -0.000993296)
(-0.00460748 -0.00781383 -0.000615994)
(-0.026314 -0.0139147 0.0284591)
(-0.0237624 -0.0117932 0.0242236)
(-0.0264564 -0.0177171 0.0256697)
(-0.0273751 -0.0136016 0.0238767)
(-0.0233081 -0.0151586 0.0256778)
(-0.0255085 -0.0118077 0.0225152)
(-0.0227719 -0.00418937 0.0179092)
(-0.0208162 -0.00489813 0.0193168)
(-0.0232629 -0.00378315 0.0202458)
(-0.0257655 -0.00457695 0.0200321)
(-0.021064 -0.00333046 0.0213547)
(-0.0186421 -0.0363893 0.00687027)
(-0.0191225 -0.0373924 0.00854437)
(-0.0199121 -0.0357709 0.00423328)
(-0.0178983 -0.0362108 0.0100095)
(-0.0189657 -0.0341077 0.00531531)
(-0.0204003 -0.0353667 0.00385056)
(-0.0225021 -0.0291465 -0.00105446)
(-0.0260212 -0.0306312 -0.00224258)
(-0.022234 -0.032057 -0.000428157)
(-0.0253304 -0.0312098 -0.0019762)
(-0.0226077 -0.0349042 0.00150767)
(-0.0225767 -0.0327374 0.000292315)
(-0.0232223 -0.026589 -0.00324307)
(-0.025356 -0.0221367 -0.00169143)
(-0.0258493 -0.0206391 -0.00175065)
(-0.0263706 -0.0225939 -0.00259389)
(-0.0258004 -0.0253504 -0.00208152)
(-0.0264244 -0.0244221 -0.00326826)
(-0.0146943 -0.0257733 -0.00309254)
(-0.016732 -0.0255331 -0.00456509)
(-0.0191446 -0.0248282 -0.00514219)
(-0.0173572 -0.0246628 -0.00441675)
(-0.0155977 -0.0252104 -0.00404126)
(-0.0187584 -0.023141 -0.00439018)
(-0.0280476 -0.0177213 -0.00266345)
(-0.0288446 -0.0157925 0.000168334)
(-0.0284941 -0.0149754 -0.00238177)
(-0.0278593 -0.0165509 -0.000462537)
(-0.0265779 -0.0166983 -0.00282073)
(-0.0273893 -0.0195488 -0.00293878)
(-0.0275108 -0.00774586 0.022183)
(-0.0286739 -0.00797387 0.0180465)
(-0.0290803 -0.00828026 0.0192204)
(-0.0266782 -0.00915057 0.0230494)
(-0.0270437 -0.00587652 0.0193371)
(-0.0280139 -0.00723685 0.020806)
(-0.0233969 -0.0112079 0.00687289)
(-0.0214148 -0.01098 0.00514948)
(-0.0247173 -0.0102711 0.0072886)
(-0.0234644 -0.00910732 0.00832182)
(-0.0250944 -0.00979092 0.00869883)
(-0.0239572 -0.0101252 0.00528126)
(-0.00543198 -0.00244914 0.00932514)
(-0.00500686 -0.00176245 0.00880104)
(-0.00692832 -0.0023261 0.00940226)
(-0.00435928 -0.00205816 0.00817402)
(-0.00683141 -0.00358253 0.0101276)
(-0.00831403 -0.00260098 0.0104427)
(-0.00315327 -0.00127884 0.00796604)
(-0.00256103 -0.00256122 0.00806523)
(-0.00151183 -0.000923673 0.00584902)
(-0.0024159 -0.00106323 0.0066424)
(-0.00129063 -0.00193305 0.00620218)
(-0.00117954 -0.000878091 0.00584892)
(-0.0227933 -0.0080517 0.0115458)
(-0.023207 -0.00882758 0.00976978)
(-0.0212356 -0.00998906 0.0101424)
(-0.0223459 -0.0102006 0.00849352)
(-0.0211822 -0.00902698 0.0114147)
(-0.0221904 -0.0111989 0.00910137)
(-0.0169773 -0.00954334 0.00918489)
(-0.0150457 -0.00766834 0.0104438)
(-0.0159839 -0.00757951 0.0104345)
(-0.0149078 -0.00781494 0.00915762)
(-0.0171317 -0.00940238 0.00790371)
(-0.0158389 -0.0096436 0.00847557)
(-0.00877028 -0.00417264 0.00949809)
(-0.0119017 -0.00556892 0.0101142)
(-0.0110561 -0.00587711 0.00913185)
(-0.0102533 -0.0046057 0.0103825)
(-0.00971819 -0.00422915 0.00921122)
(-0.0124467 -0.00597405 0.00945272)
(-0.002525 -0.00170056 0.00660723)
(-0.00173487 -0.00156216 0.00617842)
(-0.00265299 -0.00177154 0.00662318)
(-0.00312263 -0.00197684 0.00742748)
(-0.00125821 -0.00165164 0.005491)
(-0.00183076 -0.00145222 0.00590333)
(-0.0125997 -0.0183395 1.74581e-05)
(-0.011566 -0.0191363 0.000243167)
(-0.00841429 -0.0193752 -0.000110532)
(-0.00969995 -0.0190362 -0.000376403)
(-0.00950019 -0.0185367 -6.09167e-05)
(-0.0118367 -0.0188543 -0.000205546)
(-0.0051778 -0.0221176 0.00141796)
(-0.00282527 -0.0225601 0.00162156)
(-0.00393294 -0.0201279 0.001285)
(-0.00650534 -0.0205157 0.00100358)
(-0.00262666 -0.0231521 0.00250208)
(-0.00605527 -0.0194184 0.000104158)
(-0.00876872 -0.014879 0.00454916)
(-0.0112723 -0.0165732 0.00421276)
(-0.00975563 -0.0157706 0.00378383)
(-0.010464 -0.0144271 0.00504737)
(-0.0118107 -0.0140515 0.00414222)
(-0.018057 -0.0114171 0.00575799)
(-0.0176051 -0.013688 0.00389648)
(-0.01699 -0.0138011 0.00523004)
(-0.0186547 -0.0134768 0.00465871)
(-0.0168701 -0.011858 0.00672281)
(-0.0166493 -0.0116451 0.00562453)
(-0.0160535 -0.0149489 -0.000404262)
(-0.0182985 -0.0146999 0.00183886)
(-0.017366 -0.0158879 0.00182891)
(-0.0152086 -0.0162524 -0.000305613)
(-0.0177994 -0.0154711 0.000832546)
(-0.0159531 -0.017328 0.000911071)
(-0.00175447 -0.00168983 0.00741641)
(-0.000980006 -0.00120379 0.00667015)
(-0.00253332 -0.00126836 0.00927004)
(-0.00230575 -0.000774724 0.00734356)
(-0.00740277 -0.00619998 0.00760036)
(-0.00832377 -0.00762546 0.00735054)
(-0.000569746 -0.0011662 0.00418133)
(-0.000445688 -0.00119671 0.00427472)
(0.00021604 -0.00176935 0.00334037)
(0.000186593 -0.00195196 0.00354227)
(-0.000430335 -0.00120563 0.00397515)
(5.33408e-05 -0.00168243 0.00350113)
(0.000477076 -0.00352623 0.000525182)
(0.000609709 -0.00281654 0.000781878)
(0.000530248 -0.00212819 0.00139242)
(0.000201982 -0.00401325 -0.000683866)
(0.000262725 -0.003128 6.82337e-05)
(0.000747182 -0.00279002 0.00157441)
(-0.00779046 -0.0238501 0.00470456)
(-0.00964889 -0.0240265 0.000371073)
(-0.00983237 -0.0254245 0.00188179)
(-0.00786558 -0.0218636 0.00167439)
(-0.0120324 -0.0268115 -0.000761413)
(-0.0118263 -0.0248088 -0.00189917)
(-0.00182763 -0.0054145 -0.00251575)
(-0.00103471 -0.00405607 -0.00161501)
(-0.00393026 -0.00595172 -0.00444949)
(-0.0037644 -0.00727724 -0.00403643)
(-0.00155492 -0.00514799 -0.00267387)
(-0.00227101 -0.00565586 -0.00315152)
(-0.0260168 -0.00956406 0.00543385)
(-0.0276604 -0.0104712 0.00413896)
(-0.0279481 -0.012977 0.00192401)
(-0.0258822 -0.0101823 0.00464906)
(-0.0268796 -0.0112218 0.00292837)
(-0.0284891 -0.0128836 0.00284677)
(-0.00186297 -0.00305848 0.00272003)
(-0.00149498 -0.00288896 0.00258717)
(-0.00200262 -0.00329396 0.00326158)
(-0.0014663 -0.00263841 0.00214122)
(-0.00132925 -0.00267462 0.0019768)
(-0.00134722 -0.00283214 0.00217582)
(-0.0156362 -0.0139476 0.00914493)
(-0.00770819 -0.0116573 0.000462781)
(-0.0135931 -0.0255856 -0.00298198)
(0.000624917 -0.00287907 0.00260116)
(-0.000672269 -0.00146971 0.00448461)
(-0.000731925 -0.00147933 0.00482276)
(-0.00143133 -0.00130777 0.00524731)
(0.000556175 -0.00248326 0.00247367)
(0.000565407 -0.00197678 0.00189268)
(0.00042262 -0.0020746 0.00278726)
(0.000474909 -0.00164812 0.00192997)
(-0.00125681 -0.00151438 0.00486801)
(-0.0119537 -0.00266959 0.0148196)
(-0.0113866 -0.00258422 0.0158215)
(-0.0107536 -0.0042148 0.0140564)
(-0.00928319 -0.00316184 0.0140507)
(-0.0204861 -0.0135026 0.00472173)
(-0.0202185 -0.0129945 0.00587052)
(-0.0196551 -0.0142076 0.00351239)
(-0.0196808 -0.0149368 0.00295444)
(-0.0187069 -0.0155033 0.00144051)
(-0.0190981 -0.0136993 0.00408708)
(-0.0192276 -0.0126789 0.0053459)
(-0.0188628 -0.0144038 0.0036239)
(-0.00625537 -0.00420497 0.00741833)
(-0.0136872 -0.0140142 0.00330137)
(-0.0135713 -0.0137591 0.00453759)
(-0.00700756 -0.00583714 0.00777111)
(-0.00801421 -0.00623893 0.00825109)
(-0.0153364 -0.0125789 0.0053528)
(-0.0146922 -0.0121471 0.00530368)
(-0.0162036 -0.0118575 0.00631065)
(-0.0159848 -0.009585 0.00727724)
(-0.0148965 -0.00998634 0.00780244)
(-0.0137421 -0.00837962 0.00826424)
(-0.0146091 -0.0102605 0.00678804)
(-0.00995172 -0.00640793 0.00839614)
(-0.0110309 -0.00620742 0.00832732)
(-0.0123355 -0.00828669 0.00825776)
(-0.0130731 -0.0154241 0.00267798)
(-0.00724713 -0.018873 -0.000601138)
(-0.0145658 -0.0171191 0.0017354)
(-0.0141108 -0.0177428 0.000703524)
(-0.0130375 -0.0172224 0.00181065)
(-0.0085288 -0.01996 0.000499481)
(-0.0119766 -0.0181885 0.00109518)
(-0.000361914 -0.00157634 0.0043148)
(3.58827e-05 -0.00189213 0.00390533)
(0.000211758 -0.00205705 0.00327244)
(-0.0188529 -0.0123937 0.00729075)
(-0.018101 -0.0120766 0.00716674)
(-0.0135642 -0.00784675 0.00905665)
(-0.0128371 -0.00187771 0.0172959)
(-0.0155438 -0.00287064 0.0177226)
(-0.0206225 -0.0126748 0.00750286)
(-0.0202382 -0.0116089 0.00718287)
(-0.0196006 -0.010839 0.00835657)
(-0.0197172 -0.0101966 0.00808076)
(-0.0186666 -0.00984205 0.00940871)
(-0.0193743 -0.00908604 0.0112375)
(-0.0203309 -0.0104037 0.0101004)
(-0.0189778 -0.00962418 0.0113092)
(-0.00317201 -0.00307463 0.00877925)
(-0.000710527 -0.00133909 0.00515348)
(-0.00126886 -0.00123668 0.00538439)
(-0.00766309 -0.00251232 0.0132529)
(-0.00902152 -0.00260937 0.0154266)
(-0.00509116 -0.00160394 0.0115965)
(-0.00307187 -0.00267756 0.00870424)
(-0.00441984 -0.00217425 0.0100156)
(-0.00436799 -0.00174672 0.00890936)
(-0.00341121 -0.00119135 0.00751676)
(-0.0161845 -0.00768422 0.0125693)
(-0.0168879 -0.00699065 0.0116111)
(-0.0156762 -0.00673908 0.0112112)
(-0.0136317 -0.00514548 0.013681)
(-0.0110544 -0.00482634 0.0138471)
(-0.0144247 -0.00546053 0.0129089)
(-0.0139926 -0.00611057 0.0123952)
(-0.0132983 -0.00592681 0.0107294)
(-0.0106663 -0.00458599 0.0115503)
(-0.0100282 -0.00428054 0.0111046)
(-0.00482228 -0.00201156 0.011462)
(-0.00519918 -0.0141225 0.0144267)
(0.000367706 -0.00268457 0.00271643)
(0.00018645 -0.00213603 0.00179294)
(-0.000139553 -0.00158638 0.0038964)
(-0.000312083 -0.00199874 0.00479576)
(-0.0194484 -0.0130857 0.00260988)
(-0.019377 -0.0136967 0.00213876)
(-0.0156618 -0.0154755 -0.000229792)
(-0.0176657 -0.0152595 0.000651658)
(-0.0176597 -0.0139055 0.0010767)
(-0.0245755 -0.00830842 0.0096359)
(-0.0265504 -0.00806178 0.0120654)
(-0.0293475 -0.00727297 0.0163858)
(-0.0258444 -0.00905124 0.00651676)
(-0.020714 -0.0232765 -0.00450181)
(-0.0234822 -0.0207088 -0.00384834)
(-0.024524 -0.0202698 -0.00406819)
(-0.0279346 -0.0176101 -0.00374526)
(-0.0274415 -0.0200096 -0.000793536)
(-0.028225 -0.0230292 -0.00199054)
(-0.025978 -0.0194714 -0.00379512)
(-0.0224413 -0.0221675 -0.00479551)
(-0.0238979 -0.022853 -0.00270592)
(-0.020781 -0.02337 -0.00466601)
(-0.0238482 -0.0279153 -0.00343061)
(-0.0200404 -0.0293058 -0.00257226)
(-0.0226765 -0.0268816 -0.00515081)
(-0.013503 -0.0272 -0.00161452)
(-0.0173429 -0.0268162 -0.00418035)
(-0.0119045 -0.0265351 0.000240285)
(-0.0146446 -0.026954 -0.00157127)
(-0.0116766 -0.0295374 0.00254843)
(-0.0102919 -0.0276265 0.00455853)
(-0.0100895 -0.0265642 0.00493122)
(-0.0217848 -0.0276445 -0.00260504)
(-0.0251116 -0.00652907 0.0134344)
(-0.0174606 -0.00228071 0.0193278)
(-0.0160578 -0.00163612 0.019893)
(-0.0208683 -0.00369495 0.0206063)
(-0.0266051 -0.00670455 0.0163684)
(-0.0229437 -0.00416001 0.0161292)
(-0.0248215 -0.00589627 0.0147836)
(-0.0263642 -0.0050338 0.0181851)
(-0.0119988 -0.00673861 0.0217614)
(-0.00732451 -0.0140944 0.0191424)
(-0.00886557 -0.0112063 0.0209392)
(-0.0107904 -0.00915279 0.0221758)
(-0.0109765 -0.012035 0.0224296)
(-0.0283007 -0.00867974 0.0214607)
(-0.00558597 -0.0176644 0.0119703)
(-0.00658977 -0.0220456 0.00678829)
(-0.00437447 -0.00887778 -0.00100736)
(-0.00181039 -0.00552322 0.00491172)
(-0.000441182 -0.0172105 0.00304971)
(-0.00410836 -0.0102388 -0.000475899)
(-0.000303323 -0.0147396 0.00277065)
(-0.000949634 -0.00698192 0.00303059)
(-0.000984758 -0.00899739 0.00280776)
(-0.000932439 -0.00687366 0.00256353)
(-0.00124277 -0.00440993 0.00370971)
(-0.00107406 -0.00498708 0.00299045)
(-0.00125988 -0.0036674 0.00350833)
(-0.00272385 -0.00580168 0.000234554)
(-0.0166369 -0.0136016 0.000219335)
(-0.00379375 -0.0134597 0.000249487)
(-0.00455516 -0.0127468 -0.000186496)
(-0.00202159 -0.0193825 0.00117149)
(-0.00316913 -0.0195566 0.000856329)
(-0.00167065 -0.0184868 0.00166471)
(-0.00235286 -0.0157568 0.00163073)
(-0.00623951 -0.0102184 -0.00146066)
(-0.00553276 -0.0104646 -0.00116989)
(-0.00730819 -0.0101126 -0.00136586)
(-0.00853932 -0.0111666 -0.00136337)
(-0.010556 -0.0119164 -0.00152339)
(-0.0146677 -0.0145171 -0.00116743)
(-0.0151961 -0.0137428 -0.000824738)
(-0.0139207 -0.0132346 -0.00126381)
(-0.00092132 -0.0216289 0.00198775)
(-0.00020696 -0.0244025 0.00312703)
(-0.00114445 -0.00283097 0.00550722)
(-0.000326604 -0.00258573 0.00402244)
(-0.000673445 -0.00177701 0.00495287)
(-3.77673e-05 -0.0027542 0.00252131)
(0.000211736 -0.00308948 0.00143871)
(-0.00361509 0.000364297 0.0117588)
(-0.0047783 -0.0110058 0.015269)
(-0.00118216 -0.0010843 0.00877493)
(-0.00170201 -0.00568911 -0.00143205)
(-0.00568105 -0.0197924 0.0064747)
(-0.00410649 -0.0160485 0.00818686)
(-0.00577952 -0.0198578 0.00387027)
(-0.00334134 -0.0136428 0.00847415)
(-0.00257341 -0.0114951 0.0108744)
(-0.00287006 -0.00592873 -0.00360447)
(-0.00861881 -0.0205727 -0.00114875)
(-0.00298857 -0.0153122 0.00545219)
(-0.00493921 -0.0178919 0.00301019)
(-0.0060946 -0.0184212 0.000186605)
(-0.00783523 -0.018547 -0.00281879)
(-0.0128984 -0.0185512 -0.00574847)
(0.000510899 -0.00369974 0.00150443)
(0.000287268 -0.00387132 0.00110091)
(0.000386137 -0.00429532 0.000395393)
(-3.51603e-05 -0.00374625 0.000136643)
(4.48805e-05 -0.0036929 -0.000524547)
(-0.000379864 -0.00468485 -0.00098079)
(-0.0010012 -0.00467038 -0.00161545)
(-0.000369971 -0.00440948 -0.000950235)
(-0.000534096 -0.00462843 -0.00112392)
(-0.00265108 -0.00607982 -0.00354274)
(-0.00221284 -0.00677381 -0.0016645)
(-0.00158155 -0.00559146 -0.00157272)
(-0.00354821 -0.00747174 -0.0021363)
(-0.00401605 -0.00855225 -0.00154962)
(-0.0060122 -0.0108105 -0.000851618)
(-0.00518581 -0.00907541 -0.00161258)
(-0.00559852 -0.00951215 -0.00203747)
(-0.0247378 -0.0114921 0.00948149)
(-0.0229149 -0.0125831 0.00870999)
(-0.0245319 -0.0137044 0.0122241)
(-0.0228255 -0.0121964 0.0098213)
(-0.0252496 -0.0130002 0.0133255)
(-0.0261357 -0.0134317 0.0182916)
(-0.0272887 -0.0151583 0.0174486)
(-0.0262237 -0.0175578 0.0204947)
(-0.0250042 -0.0188146 0.0200602)
(-0.0215321 -0.0187908 0.0173317)
(-0.0246778 -0.0203046 0.021463)
(-0.0204404 -0.0228663 0.0187141)
(-0.0195046 -0.0333832 0.019434)
(-0.0179954 -0.0328778 0.0174101)
(-0.0171509 -0.0304142 0.0186963)
(-0.0160912 -0.0295898 0.0157745)
(-0.0186623 -0.0223593 0.00486984)
(-0.0183337 -0.021871 0.00524661)
(-0.0187595 -0.0193412 0.00443645)
(-0.0172478 -0.0317642 0.0177443)
(-0.0153143 -0.0285426 0.0161089)
(-0.0163015 -0.0286941 0.0168146)
(-0.0178709 -0.0289374 0.0183477)
(-0.017499 -0.0272041 0.018439)
(-0.0155084 -0.029842 0.0150872)
(-0.0143456 -0.0276909 0.014781)
(-0.0172566 -0.0335748 0.0139418)
(-0.0177268 -0.0331916 0.0149052)
(-0.0176378 -0.032486 0.0144179)
(-0.0171809 -0.0324298 0.0148881)
(-0.0159781 -0.030972 0.013846)
(-0.0176491 -0.0332544 0.0127471)
(-0.0176179 -0.0328304 0.0115509)
(-0.017322 -0.0328006 0.0105871)
(-0.0177524 -0.0322473 0.00926195)
(-0.0170336 -0.0310565 0.0105842)
(-0.0174636 -0.0311198 0.00878935)
(-0.0168345 -0.0304857 0.0101163)
(-0.0182144 -0.0305772 0.00782407)
(-0.0164832 -0.0285992 0.00999312)
(-0.0201836 -0.0261584 0.0056401)
(-0.0206745 -0.0262355 0.00506243)
(-0.0176902 -0.0262977 0.00660055)
(-0.0168723 -0.0239171 0.00589495)
(-0.0194625 -0.017452 0.0144501)
(-0.0194558 -0.0168335 0.0123633)
(-0.0192322 -0.0168488 0.0132226)
(-0.020483 -0.020099 0.0169747)
(-0.0195166 -0.0214834 0.0170353)
(-0.0216042 -0.0201182 0.0170742)
(-0.0172041 -0.0148682 0.00922657)
(-0.0185079 -0.0147731 0.0105374)
(-0.0213336 -0.0107291 0.00627115)
(-0.0188758 -0.0110348 0.00552861)
(-0.0201704 -0.0108404 0.00560207)
(-0.0181051 -0.010376 0.00410888)
(-0.0107424 -0.00490617 0.00820288)
(-0.00918892 -0.00383501 0.00713462)
(-0.0110858 -0.00466108 0.00792234)
(-0.021354 -0.00763266 0.00674728)
(-0.0199076 -0.00645341 0.00736324)
(-0.00937644 -0.00347148 0.0071762)
(-0.0080809 -0.00418587 0.00732599)
(-0.0248396 -0.00887121 0.00571943)
(-0.012496 -0.00432941 0.00816165)
(-0.0151245 -0.00497066 0.00875249)
(-0.0237428 -0.00772876 0.0064536)
(-0.0224172 -0.00680653 0.00650579)
(-0.0193638 -0.00609078 0.00712557)
(-0.0187827 -0.0062679 0.00871073)
(-0.0152274 -0.00561667 0.00960431)
(-0.012998 -0.00517679 0.0089723)
(-0.0157643 -0.00639534 0.00924804)
(-0.0143394 -0.00591128 0.00957946)
(-0.0162569 -0.00544659 0.00896263)
(-0.0273488 -0.0195436 -0.000696399)
(-0.0270768 -0.0177393 -0.00026573)
(-0.0209371 -0.0322246 0.000936345)
(-0.026176 -0.0213729 -0.00104659)
(-0.0275923 -0.0189028 -0.00102827)
(-0.0259333 -0.0195059 -5.84543e-05)
(-0.0254628 -0.0221711 -0.00107075)
(-0.0235514 -0.0265806 0.000344065)
(-0.0251121 -0.0257032 -0.000571399)
(-0.0253734 -0.021689 9.74963e-05)
(-0.0240912 -0.0196386 0.00129257)
(-0.0115058 -0.00460306 0.00847621)
(-0.00941021 -0.0042738 0.00804448)
(-0.00792152 -0.00379206 0.00708406)
(-0.0152652 -0.00644551 0.00755077)
(-0.0139121 -0.00596912 0.00806237)
(-0.0112978 -0.00490661 0.00811341)
(-0.0124918 -0.00621016 0.00766566)
(-0.0128507 -0.00591317 0.00823152)
(-0.0107712 -0.00511019 0.0071778)
(-0.00751021 -0.00380515 0.00640129)
(-0.00871418 -0.00493804 0.00644338)
(-0.0100329 -0.00497083 0.00755967)
(-0.011425 -0.00582618 0.00685554)
(-0.0102705 -0.00482175 0.00675213)
(-0.0121333 -0.00612518 0.0070503)
(-0.0107195 -0.00571447 0.0067951)
(-0.0143618 -0.00760856 0.00748068)
(-0.0153286 -0.00639519 0.00673571)
(-0.0269175 -0.0161228 0.000849463)
(-0.0252704 -0.0159072 0.000990989)
(-0.0239355 -0.0133436 0.00315145)
(-0.0216703 -0.00858091 0.00583749)
(-0.0214826 -0.00850865 0.00535099)
(-0.0179449 -0.00974876 0.00750308)
(-0.0194619 -0.0108823 0.00598271)
(-0.0192829 -0.0090974 0.00539684)
(-0.0180488 -0.00804517 0.00577855)
(-0.0177203 -0.00877444 0.00588147)
(-0.0232491 -0.0180078 0.00152463)
(-0.023049 -0.0160641 0.00218539)
(-0.0237847 -0.0156335 0.00252978)
(-0.0222829 -0.0154034 0.00299821)
(-0.0222915 -0.0170878 0.00322512)
(-0.0194032 -0.0236676 0.00352878)
(-0.0224079 -0.0263686 0.00306955)
(-0.0203331 -0.0282952 0.00422919)
(-0.0213831 -0.014226 0.00430099)
(-0.0218692 -0.0156473 0.00329174)
(-0.019695 -0.0186222 0.00386636)
(-0.0215733 -0.0169015 0.00366001)
(-0.0234432 -0.027662 0.00305085)
(-0.0219333 -0.0283572 0.00228334)
(-0.0208299 -0.0298159 0.0051368)
(-0.0194717 -0.0309543 0.00611621)
(-0.0212816 -0.0283541 0.00373591)
(-0.020385 -0.03103 0.00408091)
(-0.0182834 -0.0323316 0.00792775)
(-0.0193218 -0.0313451 0.00612487)
(-0.0204506 -0.0320386 0.00446064)
(-0.0159575 -0.00976989 0.00648454)
(-0.0161037 -0.00858869 0.00512991)
(-0.0113689 -0.0116739 -0.00155648)
(-0.0121646 -0.0119268 -0.000329596)
(-0.00524118 -0.00820607 -0.000643693)
(-0.03092 -0.0086789 0.0128526)
(-0.0261937 -0.00922319 0.00732995)
(-0.02485 -0.0100432 0.00556905)
(-0.0220737 -0.01022 0.00445467)
(-0.0152334 -0.0119888 0.000471001)
(-0.0139405 -0.0114794 0.00016842)
(-0.011984 -0.0109923 -0.000190235)
(-0.0112253 -0.0105693 5.8961e-05)
(-0.0104676 -0.0103 -0.000268444)
(-0.0235014 -0.00996265 0.00487567)
(-0.0217094 -0.00823534 0.0035068)
(-0.0222278 -0.0102141 0.00454016)
(-0.0232323 -0.00903403 0.00495894)
(-0.0227067 -0.00982795 0.00414562)
(-0.00441496 -0.00743078 -6.50552e-05)
(-0.00325117 -0.00621119 7.51556e-05)
(-0.0060876 -0.00840062 -0.000364404)
(-0.00481272 -0.00750121 -6.22491e-05)
(-0.00421741 -0.00636776 0.000140196)
(-0.00410233 -0.00665257 0.000276653)
(-0.0128594 -0.00879341 0.000165543)
(-0.00836691 -0.00790656 2.94358e-05)
(-0.00691434 -0.00368761 0.00610265)
(-0.00916095 -0.00441517 0.00798311)
(-0.00759583 -0.0041859 0.00702962)
(-0.0032494 -0.00310663 0.00430367)
(-0.00278932 -0.0031182 0.00366808)
(-0.0120629 -0.00546817 0.00917112)
(-0.0133112 -0.00648442 0.00918357)
(-0.0117138 -0.00594737 0.0091843)
(-0.00995595 -0.00599693 0.00896002)
(-0.0084606 -0.00589992 0.00857887)
(-0.00683538 -0.00577549 0.00785425)
(-0.00586334 -0.00542469 0.00764818)
(-0.0049863 -0.00502719 0.00736108)
(-0.00417646 -0.00474467 0.00640479)
(-0.00454365 -0.00356394 0.00502304)
(-0.00562877 -0.00414125 0.00571293)
(-0.00611878 -0.00503104 0.00754684)
(-0.00601242 -0.00442925 0.00653)
(-0.00357942 -0.00346515 0.00434216)
(-0.00272206 -0.0032058 0.00365343)
(-0.00229322 -0.00302119 0.00336078)
(-0.00211819 -0.00283236 0.00299704)
(-0.00456514 -0.00400539 0.00537699)
(-0.00509869 -0.00446654 0.00636937)
(-0.00292167 -0.0039371 0.00426392)
(-0.00370762 -0.00432522 0.00499758)
(-0.00302515 -0.00362034 0.00413811)
(-0.00365146 -0.00378458 0.0046129)
(-0.00135515 -0.00410696 0.00112254)
(-0.00124697 -0.00305367 0.00198495)
(-0.00119518 -0.00275784 0.00162346)
(-0.00145813 -0.00322657 0.000820316)
(-0.00126509 -0.00283429 0.00101508)
(-0.00141913 -0.00351733 0.00130589)
(-0.00105093 -0.00252095 0.00126102)
(-0.00116555 -0.00261464 0.00161448)
(-0.00128418 -0.0029826 0.00108137)
(-0.00219578 -0.00311656 0.0028675)
(-0.00158199 -0.00265085 0.00244284)
(-0.00192095 -0.00317544 0.00270849)
(-0.0273208 -0.0159175 0.000710152)
(-0.0260958 -0.0129508 0.00205538)
(-0.0259589 -0.0145244 0.0015347)
(-0.0194619 -0.0336512 0.00466411)
(-0.0184857 -0.0333026 0.00804084)
(-0.018853 -0.0339958 0.00723139)
(-0.0194871 -0.0340235 0.00645929)
(-0.0174846 -0.0102492 0.00359095)
(-0.0192648 -0.0095213 0.00249777)
(-0.0109914 -0.00826086 0.000351924)
(-0.0122194 -0.00864877 0.000463796)
(-0.0146904 -0.00941463 0.00101282)
(-0.0271901 -0.0140119 0.0155473)
(-0.0270686 -0.0128218 0.0137283)
(-0.0253104 -0.0118925 0.0113937)
(-0.0263661 -0.0130235 0.0144573)
(-0.0280615 -0.0105883 0.0118462)
(-0.0274902 -0.0103128 0.00964828)
(-0.0279793 -0.0114353 0.0124362)
(-0.0276974 -0.0120652 0.0113536)
(-0.0262005 -0.0134352 0.0179754)
(-0.0256828 -0.0127089 0.0162286)
(-0.0303891 -0.00978041 0.0201759)
(-0.0294921 -0.00747111 0.0170251)
(-0.030518 -0.00906231 0.0149904)
(-0.0303892 -0.0132646 0.0181314)
(-0.0283636 -0.0115433 0.0142569)
(-0.0307207 -0.0105531 0.0140106)
(-0.0305389 -0.0102401 0.0158634)
(-0.0293783 -0.0125032 0.000828668)
(-0.0265381 -0.00931179 0.00444965)
(-0.028646 -0.0152798 -0.000486821)
(-0.0279659 -0.0137565 -0.000111901)
(-0.00818575 -0.0107807 -0.00695744)
(-0.0136065 -0.0164062 -0.00689368)
(-0.0101527 -0.0111327 -0.00778613)
(-0.0132396 -0.0123856 -0.00796106)
(-0.0238753 -0.0121491 -0.000692892)
(-0.0198745 -0.014918 -0.00767134)
(-0.0170312 -0.0134584 -0.00846945)
(-0.0238314 -0.0160836 -0.0059589)
(-0.0256009 -0.0171839 -0.00475612)
(-0.0249686 -0.0171328 -0.00542501)
(-0.0248475 -0.0157414 -0.00481783)
(-0.0254276 -0.0157826 -0.00412078)
(-0.0279026 -0.0132567 -0.00191309)
(-0.0265595 -0.0150225 -0.00242255)
(-0.0255169 -0.0142541 -0.00311599)
(-0.0268544 -0.0133771 -0.00218299)
(-0.0173109 -0.0229385 -0.00473953)
(-0.0138191 -0.0237089 -0.00419992)
(-0.0104594 -0.0188353 -0.00435793)
(-0.011104 -0.0220482 -0.00369692)
(-0.012969 -0.0202406 -0.00502739)
(-0.0152243 -0.0209435 -0.00501075)
(-0.0158793 -0.0231706 -0.00505576)
(-0.0244892 -0.0201793 -0.00523492)
(-0.023502 -0.02067 -0.00517261)
(-0.0190385 -0.0229064 -0.00476806)
(-0.0216564 -0.0224905 -0.00514207)
(-0.0165715 -0.0105142 -0.00830843)
(-0.0183815 -0.0115611 -0.00682959)
(-0.0170955 -0.0112155 -0.00503363)
(-0.0203718 -0.0113646 -0.00261332)
(-0.0179952 -0.0124872 -0.00293063)
(-0.0133533 -0.0117131 -0.00724711)
(-0.0113726 -0.0110988 -0.00815349)
(-0.00460685 -0.00790891 -0.00478291)
(-0.00885271 -0.0110192 -0.00672465)
(-0.0064314 -0.0088424 -0.00618505)
(-0.0155298 -0.0118474 -0.00552025)
(-0.0133479 -0.0105639 -0.0066893)
(-0.00530171 -0.00781193 -0.00525938)
(-0.00529106 -0.00779452 -0.00477327)
(-0.0214241 -0.00939982 0.00696261)
(-0.0229483 -0.0103174 0.00565945)
(-0.0236451 -0.00950325 0.00667793)
(-0.00847508 -0.00894453 -0.0045889)
(-0.0075441 -0.0110601 -0.000793359)
(-0.00720632 -0.00998719 -0.00209901)
(-0.0079914 -0.010919 -0.00123575)
(-0.00802274 -0.0121498 0.00018429)
(-0.00951257 -0.0120329 0.000936219)
(-0.00916521 -0.0112258 -0.00186823)
(-0.0143381 -0.0104923 -0.00434724)
(-0.0130205 -0.013126 -0.000482878)
(-0.0124162 -0.0114207 -0.00447618)
(-0.0154907 -0.0132157 -0.000513373)
(-0.0172377 -0.0120374 0.000130619)
(-0.0171332 -0.0118085 -0.00224574)
(-0.0186874 -0.0124171 -0.000664497)
(-0.0149896 -0.0117211 -0.00304258)
(-0.0148188 -0.0122093 -0.00234983)
(-0.0155872 -0.0141146 0.00203593)
(-0.0143922 -0.0136595 0.00241853)
(-0.00310083 -0.0044428 0.00521813)
(-0.00166093 -0.00449857 0.00405427)
(-0.0138318 -0.0125892 0.0109992)
(-0.0139114 -0.0130658 0.00963708)
(-0.0140092 -0.0135998 0.0115428)
(-0.0128995 -0.0135498 0.00935489)
(-0.011797 -0.0129148 0.00281074)
(-0.0156286 -0.012804 0.00709916)
(-0.0114599 -0.0137717 0.00852489)
(-0.0087078 -0.0157463 0.0109795)
(-0.0108156 -0.0133075 0.00544546)
(-0.00794929 -0.0123806 0.00183991)
(-0.0133465 -0.010928 0.0115255)
(-0.0134177 -0.0120733 0.0120795)
(-0.0121651 -0.0133159 0.0121951)
(-0.00164643 -0.0158098 0.0144289)
(-0.00182589 -0.0144443 0.0131537)
(-0.00292311 -0.0120937 0.0121969)
(0.000599136 -0.0177598 0.0140474)
(0.00415144 -0.0208276 0.00935938)
(-0.00864513 -0.00549598 0.00624536)
(-0.00757257 -0.00524328 0.00624545)
(-0.00922458 -0.00559154 0.00680604)
(-0.00621921 -0.00387398 0.00590516)
(-0.00510842 -0.00336301 0.00524706)
(-0.00432275 -0.00327651 0.00489113)
(-0.00724429 -0.00480211 0.00645955)
(-0.0052726 -0.00452665 0.00573614)
(-0.00457502 -0.00346624 0.00517005)
(-0.00754697 -0.00478797 0.00629988)
(-0.00795404 -0.00523703 0.00653507)
(-0.00715707 -0.00476383 0.00641478)
(-0.00573154 -0.00439702 0.00575875)
(-0.00577822 -0.00423877 0.00594634)
(-0.00647517 -0.00394469 0.0061094)
(-0.00658183 -0.00494832 0.00616325)
(-0.00465558 -0.00402359 0.00490435)
(-0.00552159 -0.00487319 0.00564028)
(-0.00161929 -0.00341922 0.000816092)
(-0.00123623 -0.00281263 0.00112649)
(-0.0018696 -0.00385377 0.000877703)
(-0.00122242 -0.0024906 0.00121105)
(-0.00214378 -0.00286279 0.00300199)
(-0.0028024 -0.0032304 0.00360185)
(-0.00323742 -0.00317996 0.00392269)
(-0.00271382 -0.00308733 0.00336732)
(-0.00320922 -0.00330192 0.00381323)
(-0.00136194 -0.00233489 0.00167247)
(-0.00160546 -0.00276544 0.00196629)
(-0.00200139 -0.00290619 0.00255849)
(-0.00218029 -0.00301693 0.00275175)
(-0.00248444 -0.00303467 0.00311963)
(-0.00156809 -0.00262051 0.00188807)
(-0.00128842 -0.00232379 0.00153887)
(-0.00169507 -0.00244419 0.00233643)
(-0.0017087 -0.00247045 0.00222763)
(-0.00136559 -0.00252085 0.00160349)
(-0.00139374 -0.00253706 0.00155467)
(-0.00127926 -0.00244258 0.00153377)
(-0.00598445 -0.00764664 0.00180943)
(-0.00312462 -0.00489292 0.00127076)
(-0.00310993 -0.00486954 0.00126301)
(-0.00793984 -0.00767402 0.0010011)
(-0.0122763 -0.00919607 0.000912653)
(-0.00906026 -0.00784914 0.000673722)
(-0.0112705 -0.00874343 0.000540073)
(-0.0108226 -0.00834419 0.00101903)
(-0.0117996 -0.00880848 0.0013512)
(-0.0119882 -0.00892318 0.00098788)
(-0.0140635 -0.00931957 0.00184085)
(-0.0159837 -0.00943701 0.00210967)
(-0.0035126 -0.00536975 0.00111207)
(-0.00404054 -0.00538485 0.000853323)
(-0.00487524 -0.00604638 0.000858899)
(-0.0107864 -0.0083857 0.000465937)
(-0.00869761 -0.00791954 -1.29117e-05)
(-0.00752175 -0.0079568 0.000322645)
(-0.0062245 -0.00668971 0.000641486)
(-0.00763673 -0.00798718 0.000543959)
(-0.00820539 -0.00761056 0.000550778)
(-0.00647149 -0.00690977 0.00068483)
(-0.00951741 -0.00832265 0.000415894)
(-0.00958986 -0.00857614 0.000224382)
(-0.0106517 -0.00918358 0.00220815)
(-0.00245004 -0.00446016 0.00130822)
(-0.00288483 -0.00476208 0.00114275)
(-0.00221082 -0.00410383 0.00128109)
(-0.00477092 -0.00657685 0.00113353)
(-0.00327839 -0.00525086 0.00123143)
(-0.00357709 -0.00568873 0.000731054)
(-0.00521457 -0.00674976 0.00050643)
(-0.00235595 -0.00434631 0.000968275)
(-0.00188229 -0.00364378 0.0011978)
(-0.0014458 -0.00282174 0.00167803)
(-0.00138796 -0.00275505 0.00144053)
(-0.0014135 -0.00268546 0.00138546)
(-0.00161945 -0.00316528 0.00164929)
(-0.0016545 -0.00327515 0.00176105)
(-0.00169615 -0.00317937 0.00156547)
(-0.00159723 -0.00301498 0.00154554)
(-0.00187741 -0.00357686 0.00156981)
(-0.00219003 -0.0039266 0.00156755)
(-0.00222178 -0.00399942 0.00158388)
(-0.00169777 -0.00334704 0.00163509)
(-0.0201372 -0.0130923 0.00430716)
(-0.0185467 -0.0112127 0.0052646)
(-0.0198056 -0.0126821 0.00608743)
(-0.0193289 -0.0169685 0.00437284)
(-0.0204292 -0.0146733 0.00456514)
(-0.0206945 -0.0169793 0.00469247)
(-0.0188538 -0.00845348 0.00840415)
(-0.0228976 -0.0093854 0.00778103)
(-0.0176689 -0.0070859 0.0089434)
(-0.017154 -0.00787273 0.00917461)
(-0.0149924 -0.00894135 0.010239)
(-0.0135602 -0.0072742 0.00981939)
(-0.0151475 -0.00800792 0.00974382)
(-0.0244807 -0.0104574 0.00201321)
(-0.0240789 -0.00987519 0.00379456)
(-0.0258662 -0.0115778 -0.000829979)
(-0.0251149 -0.0126054 -0.00254923)
(-0.025566 -0.0100423 0.00455882)
(-0.0261849 -0.0106016 0.00308707)
(-0.0276325 -0.0129022 0.000369864)
(-0.0262301 -0.0114647 0.000999566)
(-0.00730957 -0.00606327 0.0086805)
(-0.0101598 -0.00680286 0.00953923)
(-0.0116409 -0.00747899 0.00980387)
(-0.00840565 -0.0060633 0.00879675)
(-0.0124155 -0.00993324 0.011836)
(-0.0136981 -0.00948446 0.0111895)
(-0.013421 -0.00863202 0.0106415)
(-0.012526 -0.00820535 0.0109521)
(-0.00241387 -0.00534775 0.00609645)
(-0.00298195 -0.00597568 0.00708068)
(-0.00317184 -0.00488265 0.00609319)
(-0.00218558 -0.00450962 0.00475287)
(-0.00489804 -0.00542502 0.00757953)
(-0.0036766 -0.00599102 0.00739984)
(-0.00389118 -0.00522813 0.00700291)
(-0.00582938 -0.00553882 0.0078834)
(-0.0172784 -0.0135479 0.00566451)
(-0.0158512 -0.0138582 0.00317582)
(-0.0163709 -0.013154 0.00579558)
(-0.0182787 -0.0124273 0.00323464)
(-0.0173261 -0.0130486 0.00213533)
(-0.0163067 -0.0131467 0.00419379)
(-0.0160122 -0.00954107 0.00949824)
(-0.0188656 -0.00946461 0.00918176)
(-0.0200431 -0.00961333 0.00832054)
(-0.014947 -0.0104418 0.010712)
(-0.0145575 -0.00984253 0.0103301)
(-0.0164824 -0.0102778 0.0100351)
(-0.0222711 -0.0112614 0.0038884)
(-0.0206759 -0.00994511 0.00517018)
(-0.0155416 -0.0108581 0.00967012)
(-0.0150027 -0.012001 0.00966508)
(-0.0155438 -0.0126401 0.00885517)
(-0.0177137 -0.0131703 0.00634889)
(-0.0196198 -0.011061 0.00490598)
(-0.0172199 -0.0114607 0.00718853)
(-0.000221823 -0.00400602 -8.28096e-05)
(-0.000856239 -0.00404945 -0.00155844)
(-0.000408389 -0.00376614 -0.000968416)
(-0.000851739 -0.00466389 -0.00153172)
(-0.0047726 -0.00641318 0.00795116)
(-0.00595815 -0.00630679 0.00847677)
(-0.0118779 -0.00903853 0.0111802)
(-0.0110915 -0.00861245 0.0114834)
(-0.00752432 -0.0075445 0.00946775)
(-0.00956692 -0.0069836 0.0103072)
(-0.0052445 -0.00740544 0.00948442)
(-0.00536795 -0.0102744 0.0118286)
(-0.00813115 -0.0113018 0.0132683)
(-0.00412946 -0.00930255 0.0103745)
(-0.00395513 -0.00766371 0.00851442)
(-0.00297489 -0.010427 0.0102052)
(-0.00287608 -0.00675628 0.00764947)
(-0.00179589 -0.00986652 0.0087655)
(-0.00122843 -0.0102698 0.00967373)
(-0.00141933 -0.00712954 0.00571907)
(-0.00210808 -0.00767278 0.00711486)
(-0.00106748 -0.00749193 0.0047781)
(-0.0186619 -0.016948 0.0267193)
(-0.0231104 -0.0190234 0.029836)
(-0.0182673 -0.0238929 0.0267339)
(-0.0189244 -0.0278336 0.0263587)
(-0.016009 -0.0298015 0.0227602)
(-0.0179851 -0.0286515 0.0254035)
(-0.0167104 -0.0358996 0.0182152)
(-0.0169148 -0.0347063 0.020525)
(-0.0178268 -0.0333063 0.0165614)
(-0.0169907 -0.0333196 0.0154331)
(-0.0163141 -0.0343097 0.012353)
(-0.0209692 -0.0288648 0.0237676)
(-0.0178987 -0.03151 0.0185463)
(-0.0199007 -0.0296937 0.0228087)
(-0.0189164 -0.0312082 0.021595)
(-0.0178673 -0.0315879 0.0195668)
(-0.0218074 -0.0277867 0.0255341)
(-0.0220828 -0.0244933 0.0248151)
(-0.0227596 -0.0221082 0.0281124)
(-0.0212351 -0.0258148 0.0275097)
(-0.0249997 -0.0225794 0.0289564)
(-0.0224744 -0.0270047 0.0288873)
(-0.018168 -0.0358906 0.0102802)
(-0.0177399 -0.0340408 0.00896877)
(-0.0176932 -0.0355585 0.0118447)
(-0.0126353 -0.0186223 0.0229239)
(-0.0135238 -0.0208078 0.0221472)
(-0.0140808 -0.0268844 0.0198063)
(-0.0105489 -0.02079 0.0206291)
(-0.00714217 -0.0184035 0.0162135)
(-0.0100784 -0.0178955 0.0202767)
(-0.0110481 -0.0260271 0.0160676)
(-0.00962068 -0.0224941 0.0163292)
(-0.0102345 -0.0282345 0.00826911)
(-0.0135285 -0.0300319 0.0147386)
(-0.0116031 -0.0283699 0.0124369)
(-0.0120327 -0.0297653 0.00730097)
(-0.0107092 -0.0287795 0.00979608)
(-0.0161205 -0.0370078 0.0130676)
(-0.00387338 -0.0029803 0.00696493)
(-0.00300672 -0.00221639 0.00632893)
(-0.00125068 -0.0015233 0.00479027)
(-0.00161336 -0.00175739 0.00535449)
(-0.00247655 -0.00216435 0.00615916)
(-0.00189112 -0.00126564 0.00558526)
(-0.0078237 -0.00597478 0.00861662)
(-0.00851284 -0.0044653 0.00880607)
(-0.00891398 -0.005617 0.00876543)
(-0.00738894 -0.00305357 0.00932372)
(-0.00464775 -0.002038 0.00832692)
(-0.00450801 -0.00329416 0.00735211)
(-0.00573159 -0.00450809 0.0080264)
(-0.00691428 -0.00481703 0.00857442)
(-0.0033778 -0.00166058 0.00716111)
(-0.00266417 -0.00166908 0.00635123)
(-0.00315845 -0.00222721 0.00691854)
(-0.00415569 -0.00310111 0.00743421)
(-0.0185091 -0.0265252 0.0232588)
(-0.0187405 -0.0265754 0.0241207)
(-0.0186327 -0.030657 0.0216169)
(-0.0160509 -0.0338738 0.0183231)
(-0.0162133 -0.0295546 0.0204158)
(-0.0183025 -0.0364096 0.0205003)
(-0.0178318 -0.0308396 0.0233388)
(-0.0197987 -0.0332181 0.0250735)
(-0.0172094 -0.0308365 0.0225143)
(-0.0218796 -0.0323722 0.02782)
(-0.0178739 -0.0355514 0.0214527)
(-0.00111365 -0.00242165 0.00123782)
(-0.00124584 -0.00238841 0.00144966)
(-0.00120767 -0.00244903 0.00144328)
(-0.00123469 -0.00274646 0.00106611)
(-0.00170934 -0.00326269 0.00134468)
(-0.00167515 -0.00333593 0.00116956)
(-0.00188912 -0.00368404 0.00124493)
(-0.00143665 -0.00295654 0.00118511)
(-0.00133033 -0.00246976 0.00156512)
(-0.00132788 -0.00242108 0.00153737)
(-0.00130091 -0.002427 0.00123598)
(-0.00144171 -0.00279201 0.00143479)
(-0.00132113 -0.00252452 0.00137335)
(-0.00139986 -0.0026581 0.0013655)
(-0.00222946 -0.00318066 0.00293175)
(-0.00290821 -0.00369124 0.00349509)
(-0.00360839 -0.00386719 0.00399564)
(-0.00254451 -0.00325859 0.00314614)
(-0.0029154 -0.00327361 0.00373143)
(-0.00261641 -0.00324367 0.00328276)
(-0.00416832 -0.00358344 0.0051475)
(-0.00361633 -0.00388098 0.00409656)
(-0.00375401 -0.00349854 0.00471198)
(0.00421441 -0.0211653 0.0101485)
(0.00188421 -0.0188842 0.0132421)
(0.00280685 -0.0178718 0.011521)
(-0.00778666 -0.0151051 0.0128265)
(-0.0067849 -0.0154475 0.0137919)
(-0.00787879 -0.0139625 0.0139297)
(-0.00976885 -0.0142198 0.0139887)
(-0.00504289 -0.0152096 0.0153248)
(-0.00732852 -0.0132022 0.0148455)
(-0.00521246 -0.0157012 0.0144286)
(-0.00446321 -0.0154386 0.0158533)
(-0.00439992 -0.0164659 0.0152254)
(-0.00238424 -0.0160917 0.0155061)
(-0.00147899 -0.00332736 0.00283691)
(-0.00238205 -0.00348245 0.00390582)
(-0.00242201 -0.00380793 0.00433484)
(-0.00190733 -0.00391692 0.00373621)
(-0.0200614 -0.0214379 -0.00585084)
(-0.0233471 -0.0182825 -0.00649239)
(-0.0175513 -0.0206862 -0.00601237)
(-0.0230343 -0.0198988 -0.00642845)
(-0.0255145 -0.0197948 0.0256549)
(-0.0243788 -0.0159337 0.0208891)
(-0.0299118 -0.0114929 0.0206107)
(-0.0309838 -0.0116512 0.0187018)
(-0.03051 -0.0136273 0.0192725)
(-0.0301959 -0.0141947 0.0237652)
(-0.0253025 -0.0195806 0.024893)
(-0.019626 -0.0101264 0.00371688)
(-0.0198233 -0.00996892 0.00400524)
(-0.0218135 -0.0109085 0.00604718)
(-0.022969 -0.0107968 0.00720567)
(-0.0170124 -0.0327835 0.0130432)
(-0.0174384 -0.0343522 0.0110579)
(-0.0169552 -0.0339012 0.0119696)
(-0.0169447 -0.0334232 0.0126478)
(-0.0172806 -0.0329581 0.0095294)
(-0.0176621 -0.0338609 0.0111495)
(-0.00198503 -0.00374152 0.000614684)
(-0.00220751 -0.00519099 0.000500232)
(-0.00196861 -0.00414156 0.000678953)
(-0.0031183 -0.00579914 0.000439167)
(-0.00257758 -0.00463523 0.000342897)
(-0.00278587 -0.00572526 0.000343392)
(-0.00840976 -0.00480858 0.00772275)
(-0.010056 -0.00525716 0.00804807)
(-0.00700249 -0.00507876 0.00762953)
(-0.0106487 -0.00557495 0.00898664)
(-0.00817842 -0.00527282 0.00792157)
(-0.0072047 -0.00476589 0.00744886)
(-0.00445181 -0.00343256 0.0048136)
(-0.00369646 -0.00344797 0.00439651)
(-0.00375646 -0.00338167 0.00424309)
(-0.00577265 -0.00397279 0.00571729)
(-0.00454822 -0.00403918 0.00513326)
(-0.00416682 -0.00379561 0.00501887)
(-0.00468928 -0.00333355 0.00527689)
(-0.00561307 -0.00367656 0.00573993)
(-0.00611555 -0.00415225 0.00642206)
(-0.00690569 -0.00370265 0.00687455)
(-0.00437195 -0.0062044 0.000488298)
(-0.00519449 -0.00677173 0.000376996)
(-0.00598194 -0.00709299 0.000523042)
(-0.00698614 -0.00752801 2.89032e-06)
(-0.0196295 -0.00966762 0.00225901)
(-0.0214463 -0.00977629 0.0025986)
(-0.0179301 -0.00870522 0.00119747)
(-0.0154921 -0.00965123 0.000349916)
(-0.0169366 -0.00942847 0.000666433)
(-0.0144113 -0.0109502 0.000116932)
(-0.0135295 -0.00993469 0.000415303)
(-0.0125756 -0.0106397 0.000538933)
(-0.0159035 -0.00987352 0.000324982)
(-0.0169049 -0.0111595 0.00131229)
(-0.0156688 -0.011151 0.000750484)
(-0.0205319 -0.010297 0.00287561)
(-0.0185412 -0.0107092 0.00240411)
(-0.00985636 -0.0114774 -0.00105162)
(-0.00805218 -0.0102581 -0.00140446)
(-0.0073812 -0.00952077 -0.000688222)
(-0.0103014 -0.0112968 -0.000692327)
(-0.00901718 -0.0103197 -0.000671853)
(-0.00689358 -0.00962921 -0.000788465)
(-0.021211 -0.0216445 0.00278917)
(-0.023368 -0.0228266 0.00229277)
(-0.0225382 -0.0192921 0.00277758)
(-0.0233574 -0.0199617 0.0020099)
(-0.0205736 -0.0225805 0.00410765)
(-0.0200157 -0.0202393 0.0044553)
(-0.0213599 -0.0228969 0.00318177)
(-0.0207145 -0.0189835 0.00392807)
(-0.0214832 -0.0193839 0.0027588)
(-0.0236651 -0.0140044 0.00360149)
(-0.0234359 -0.0120212 0.00362884)
(-0.0206518 -0.0111809 0.00487864)
(-0.0201259 -0.00995141 0.00479065)
(-0.0217766 -0.0134897 0.00454925)
(-0.0216962 -0.0107093 0.00402951)
(-0.0227541 -0.0124766 0.00384963)
(-0.0227786 -0.0133 0.00333756)
(-0.0211864 -0.0110174 0.0051581)
(-0.0226914 -0.0112121 0.00495084)
(-0.0217686 -0.0101304 0.00508063)
(-0.0178748 -0.00748683 0.00595323)
(-0.0194888 -0.00860514 0.00547395)
(-0.0230498 -0.0279012 -0.000501703)
(-0.025006 -0.0261628 -0.00153686)
(-0.0245794 -0.0258161 -0.0021963)
(-0.0264597 -0.0233161 -0.000969423)
(-0.0261815 -0.0209 -0.00109412)
(-0.0241481 -0.0237208 -0.00210763)
(-0.0155958 -0.00497314 0.00843325)
(-0.0135874 -0.0042948 0.00825491)
(-0.0173451 -0.00572245 0.00779085)
(-0.0176496 -0.00535165 0.00741789)
(-0.0125685 -0.0041091 0.00827077)
(-0.0143868 -0.00586824 0.00855293)
(-0.0153171 -0.0052332 0.00764925)
(-0.015694 -0.00490868 0.00796303)
(-0.0116199 -0.00389019 0.00795883)
(-0.0134694 -0.00427008 0.00789642)
(-0.0147327 -0.00955459 0.00272952)
(-0.0112745 -0.00901115 0.0018286)
(-0.0178973 -0.0109002 0.00470024)
(-0.0164172 -0.00961309 0.00343049)
(-0.0192722 -0.024137 0.0175922)
(-0.0220851 -0.0262256 0.0217528)
(-0.0213028 -0.0264475 0.0236567)
(-0.0217122 -0.0231421 0.0216144)
(-0.0200803 -0.0252593 0.0204192)
(-0.0210737 -0.0252919 0.0220658)
(-0.0198361 -0.0266105 0.021954)
(-0.019617 -0.0296524 0.0204811)
(-0.017143 -0.0272642 0.018381)
(-0.018965 -0.0277496 0.0193088)
(-0.0198097 -0.0278215 0.020716)
(-0.0193723 -0.029322 0.021664)
(-0.0203434 -0.0293266 0.0224688)
(-0.0180182 -0.0284111 0.0193291)
(-0.0198872 -0.0327137 0.0209588)
(-0.017828 -0.0315597 0.018952)
(-0.0172657 -0.0284288 0.018785)
(-0.0230483 -0.0196541 0.0171241)
(-0.0226765 -0.0182069 0.0156625)
(-0.0253124 -0.0171986 0.01874)
(-0.0253194 -0.0159807 0.0154773)
(-0.0228385 -0.017584 0.0174007)
(-0.0243946 -0.0187156 0.0168718)
(-0.0249693 -0.0148018 0.0148841)
(-0.0249276 -0.0159729 0.0167921)
(-0.0205501 -0.0167588 0.0118728)
(-0.0250153 -0.0163206 0.0148748)
(-0.0221074 -0.0142143 0.0120316)
(-0.0203433 -0.0161379 0.0132612)
(-0.00641337 -0.0098145 -0.0026396)
(-0.00682443 -0.00997562 -0.00305997)
(-0.00487287 -0.00901746 -0.00246929)
(-0.00373465 -0.00815418 -0.00235795)
(-0.00499937 -0.00909512 -0.00267211)
(-0.00132066 -0.0054141 -0.00156097)
(-0.00169757 -0.00618875 -0.00163887)
(-0.00266651 -0.00740563 -0.00199839)
(-0.00416768 -0.00830062 -0.00270855)
(-0.000814693 -0.0048931 -0.0014734)
(-0.00251032 -0.00699862 -0.0027442)
(-0.00275247 -0.00784063 -0.00206789)
(-0.00153831 -0.00627426 -0.00182878)
(-0.00291177 -0.0138431 0.00357205)
(-0.00579226 -0.0138956 -0.00333737)
(-0.00384901 -0.0152645 0.000467853)
(-0.00257108 -0.00719476 -0.0029807)
(-0.0058532 -0.00989696 -0.00553036)
(-0.00378748 -0.0096704 -0.0034791)
(-0.0016537 -0.0102693 0.00467835)
(-0.00110503 -0.00548126 -0.000315334)
(-0.000354279 -0.00270612 0.00376271)
(-0.00031427 -0.00379907 0.00355975)
(-0.0125332 -0.0143936 -0.00153843)
(-0.00748753 -0.0110872 -0.00127946)
(-0.011107 -0.0131811 -0.00168157)
(-0.0118618 -0.0155201 -0.00157634)
(-0.00591795 -0.0130183 -0.000633279)
(-0.00867038 -0.0131714 -0.00152137)
(-0.00656529 -0.0120243 -0.000676566)
(-0.00859585 -0.0149834 -0.00145472)
(-0.00694036 -0.0143065 -0.000855553)
(-0.0149402 -0.0160731 -0.00062064)
(-0.0089762 -0.0180131 -0.000871147)
(-0.0126725 -0.0173069 -0.000256767)
(-0.0117369 -0.0157806 -0.00142542)
(-0.0133437 -0.0157431 -0.00176803)
(-0.00100817 -0.00450059 0.00211295)
(-0.00119461 -0.00429295 0.00114105)
(-0.00214735 -0.00708111 0.000608176)
(-0.00279309 -0.00829013 0.000225692)
(-0.00123179 -0.0069688 0.00193493)
(-0.00173963 -0.00612384 0.000894677)
(-0.00130513 -0.00501741 0.000966374)
(-0.00130397 -0.00651432 0.00140249)
(-0.00117483 -0.00544207 0.00173296)
(-0.00181238 -0.00715229 0.000838173)
(-0.00223631 -0.00567996 0.000214717)
(-0.00233172 -0.00674505 6.36664e-05)
(-0.00274125 -0.00756738 -0.00010633)
(-0.0033307 -0.00808199 -0.000105322)
(-0.0255862 -0.0176152 0.0295394)
(-0.0289442 -0.0104685 0.0283276)
(-0.0152516 -0.00691697 0.02319)
(-0.0184258 -0.00435034 0.0238511)
(-0.0253428 -0.00502076 0.0226562)
(-0.0199881 -0.005268 0.023839)
(-0.0138572 -0.015646 0.0244548)
(-0.0169384 -0.0147588 0.0249358)
(-0.0140933 -0.0123601 0.0252217)
(-0.0170354 -0.0100214 0.0259338)
(-0.0170864 -0.0355964 0.00889743)
(-0.0204553 -0.0353561 0.00245714)
(-0.0131081 -0.0293451 0.00501502)
(-0.0149407 -0.0339671 0.00629147)
(-0.0171641 -0.03269 0.000130864)
(-0.0201348 -0.0325166 -6.33386e-05)
(-0.0213314 -0.0304266 -0.00295722)
(-0.0202425 -0.0310456 -0.00173063)
(-0.0194548 -0.0348715 0.00025628)
(-0.0290561 -0.00905268 0.0092924)
(-0.0266133 -0.0090336 0.00859635)
(-0.0282857 -0.00742598 0.0139187)
(-0.0291702 -0.00784622 0.011743)
(-0.0269265 -0.00824313 0.0109077)
(-0.0280947 -0.00777093 0.0126747)
(-0.0271857 -0.00711319 0.0109156)
(-0.0278433 -0.00607495 0.0141146)
(-0.0300253 -0.00684289 0.01588)
(-0.0304412 -0.00780293 0.0140655)
(-0.0112166 -0.00156463 0.0172126)
(-0.012432 -0.00406974 0.022381)
(-0.0136105 -0.00219069 0.0207631)
(-0.00592746 -0.00656146 0.0184518)
(-0.00812113 -0.00774404 0.0196639)
(-0.00949128 -0.00414551 0.0207059)
(-0.00781947 -0.00147448 0.014702)
(-0.00592115 -0.00427293 0.0176204)
(-0.00629818 -0.00538177 0.0177686)
(-0.00680141 0.000195076 0.0153882)
(-0.00828948 -0.00152558 0.0187528)
(-0.00919415 -0.000736901 0.0173521)
(-0.0111367 -0.00443514 0.0126084)
(-0.00852946 -0.00370682 0.0115184)
(-0.0104142 -0.00412493 0.0132071)
(-0.0126669 -0.00576141 0.0124019)
(-0.00695469 -0.00374884 0.0117506)
(-0.00751137 -0.0034152 0.0114748)
(-0.00526243 -0.00254254 0.0103098)
(-0.0057598 -0.00334655 0.0112843)
(-0.00472107 -0.00328127 0.0104212)
(-0.00861879 -0.00375443 0.0126973)
(-0.0184688 -0.00737762 0.0135367)
(-0.0197033 -0.00859262 0.0127536)
(-0.023067 -0.00642535 0.0128523)
(-0.0203799 -0.007347 0.012593)
(-0.0207897 -0.00417525 0.0175439)
(-0.0214461 -0.00473182 0.0156673)
(-0.0217233 -0.00699771 0.0149866)
(-0.021802 -0.00615803 0.0147958)
(-0.0195948 -0.00616106 0.0157106)
(-0.0181043 -0.00619357 0.0146911)
(-0.0154597 -0.00548224 0.0149721)
(-0.0138971 -0.0047485 0.0147036)
(-0.0184531 -0.00559549 0.0163548)
(-0.0165784 -0.00310553 0.0164795)
(-0.0102907 -0.0187141 0.00140535)
(-0.00890484 -0.0203634 0.0011169)
(-0.0117514 -0.0168229 0.00319707)
(-0.0101815 -0.0183336 0.00267798)
(-0.00521857 -0.0226295 0.00201713)
(-0.00732335 -0.021131 0.0018217)
(-0.00875611 -0.0178477 0.00347103)
(-0.00885166 -0.0190235 0.00280103)
(-0.00719697 -0.0205868 0.00259448)
(-0.0136317 -0.0112504 0.00627393)
(-0.0126742 -0.0086002 0.0075497)
(-0.0142423 -0.0102507 0.00717389)
(-0.00922649 -0.00796883 0.00813701)
(-0.0102383 -0.00773118 0.00820981)
(-0.0111721 -0.00853657 0.00754944)
(-0.0119896 -0.0139479 0.00501931)
(-0.00950764 -0.00803637 0.00751083)
(-0.00979875 -0.0118303 0.00500438)
(-0.0153398 -0.0146684 0.00368858)
(-0.0162676 -0.0128014 0.00413258)
(-0.0173 -0.015496 0.00299692)
(-0.0159235 -0.0153656 0.00235565)
(-0.0214875 -0.0112463 0.00678118)
(-0.0201218 -0.0115714 0.00424605)
(-0.0197568 -0.0129424 0.00397396)
(-0.0171432 -0.0131947 0.000577728)
(-0.0184402 -0.0135388 0.00195)
(-0.0175325 -0.0128583 0.00197379)
(-0.0189629 -0.0131655 0.00257856)
(-0.0213905 -0.0128755 0.00655916)
(-0.0207861 -0.0131009 0.00492402)
(-0.0199957 -0.0125996 0.00379527)
(-0.0199959 -0.0131092 0.00503042)
(-0.0203931 -0.0115442 0.00558612)
(0.00174451 -0.0188039 0.00515684)
(0.00135273 -0.0227807 0.00448924)
(0.00114003 -0.019414 0.00433509)
(-0.0280798 -0.0164292 0.00109433)
(-0.0275223 -0.0177501 -0.000525482)
(-0.0281899 -0.0127948 0.00268054)
(-0.0270523 -0.0151201 0.00162974)
(-0.0237958 -0.0105642 0.00604164)
(-0.0256631 -0.012807 0.00333092)
(-0.0267434 -0.0132074 0.00302672)
(-0.0254128 -0.0104963 0.00554419)
(-0.0247072 -0.0108265 0.00403726)
(-0.0231139 -0.0087978 0.00451539)
(-0.0268644 -0.0121972 0.00370174)
)
;
    }
    INLET
    {
        type            calculated;
        value           nonuniform 0();
    }
    OUTLET
    {
        type            calculated;
        value           nonuniform 0();
    }
    procBoundary31to32
    {
        type            processor;
        value           uniform (0 0 0);
    }
    procBoundary31to33
    {
        type            processor;
        value           uniform (0 0 0);
    }
}


// ************************************************************************* //
