#pt3d 180
4.671413 24.781769 -3.059333
4.457925 24.220343 -3.063689
4.244436 23.658916 -3.068045
4.030948 23.097490 -3.072401
3.817459 22.536064 -3.076757
3.603971 21.974638 -3.081113
3.390482 21.413212 -3.085469
3.176994 20.851786 -3.089825
2.963506 20.290359 -3.094182
2.750017 19.728933 -3.098538
2.536528 19.167507 -3.102894
2.323040 18.606081 -3.107250
2.109551 18.044655 -3.111606
1.896063 17.483229 -3.115962
1.682575 16.921803 -3.120318
1.469086 16.360376 -3.124675
1.255598 15.798949 -3.129031
1.042109 15.237523 -3.133387
0.828621 14.676097 -3.137743
0.615132 14.114671 -3.142099
0.401644 13.553245 -3.146455
0.188155 12.991818 -3.150811
-0.082537 12.456903 -3.136264
-0.413125 11.958889 -3.095744
-0.801453 11.508910 -3.021809
-1.238330 11.114687 -2.909431
-1.710249 10.777508 -2.758008
-2.203953 10.492185 -2.571665
-2.709838 10.249729 -2.357926
-3.222774 10.040314 -2.126090
-3.741759 9.855354 -1.886841
-4.270341 9.686264 -1.657076
-4.811786 9.522509 -1.455479
-5.369082 9.356298 -1.307814
-5.938531 9.178668 -1.252892
-6.496845 8.981743 -1.339845
-6.978249 8.764454 -1.618867
-7.342323 8.541677 -2.036792
-7.591035 8.325194 -2.535948
-7.743732 8.122952 -3.078777
-7.819917 7.941547 -3.645162
-7.834644 7.786960 -4.224604
-7.799441 7.662927 -4.810697
-7.723508 7.566873 -5.398400
-7.613606 7.484831 -5.983024
-7.472879 7.390499 -6.559105
-7.297910 7.250121 -7.115785
-7.085785 7.049867 -7.640185
-6.838692 6.806440 -8.129920
-6.558628 6.538916 -8.588550
-6.249551 6.262104 -9.022562
-5.916211 5.984449 -9.437873
-5.560939 5.710570 -9.837333
-5.187749 5.441528 -10.223446
-4.802756 5.174499 -10.599172
-4.407453 4.906760 -10.963508
-4.002218 4.634028 -11.312866
-3.585526 4.347299 -11.636385
-3.151844 4.026585 -11.896860
-2.709219 3.643399 -11.959882
-2.514658 3.363950 -11.493489
-2.521712 3.245955 -10.906979
-2.596599 3.185016 -10.314234
-2.702110 3.144354 -9.724311
-2.831901 3.112675 -9.138702
-2.979435 3.084382 -8.557188
-3.143112 3.059981 -7.979851
-3.321684 3.043613 -7.406673
-3.512760 3.044217 -6.837379
-3.710451 3.076796 -6.271497
-3.902203 3.160100 -5.709130
-4.066869 3.307707 -5.151705
-4.178190 3.516936 -4.600789
-4.213128 3.764832 -4.055441
-4.155729 4.010985 -3.511173
-4.025400 4.215692 -2.962798
-3.841778 4.349549 -2.408322
-3.628019 4.391509 -1.850580
-3.406207 4.329577 -1.298265
-3.194219 4.161051 -0.764851
-3.004046 3.891232 -0.265927
-2.841702 3.530632 0.183165
-2.708462 3.092187 0.568288
-2.602599 2.589882 0.876553
-2.520774 2.038970 1.097173
-2.458602 1.456531 1.224781
-2.410955 0.859646 1.263350
-2.372391 0.261500 1.227261
-2.337577 -0.331533 1.138446
-2.301215 -0.919902 1.023139
-2.258813 -1.508809 0.912763
-2.207317 -2.102111 0.835277
-2.145471 -2.698869 0.815227
-2.074471 -3.292503 0.866688
-1.997163 -3.875247 0.987131
-1.915865 -4.444016 1.160766
-1.830734 -5.000925 1.368443
-1.739780 -5.550012 1.594161
-1.639500 -6.094797 1.826308
-1.525135 -6.637555 2.056585
-1.389513 -7.178982 2.278528
-1.216661 -7.715476 2.486037
-1.000432 -8.240305 2.681331
-0.729057 -8.741752 2.867383
-0.391226 -9.201415 3.050376
0.018681 -9.594097 3.239743
0.493342 -9.893904 3.445782
1.010808 -10.087337 3.675428
1.544541 -10.181851 3.930165
2.075642 -10.199821 4.207835
2.595693 -10.165908 4.505321
3.102930 -10.100246 4.819806
3.598483 -10.017510 5.148865
4.084567 -9.928118 5.490192
4.563789 -9.839749 5.841380
5.039515 -9.758508 6.198981
5.515859 -9.685104 6.557438
5.995746 -9.619165 6.912589
6.481645 -9.559122 7.260507
6.975080 -9.502720 7.598257
7.476197 -9.447559 7.924729
7.983702 -9.391525 8.241068
8.495213 -9.332955 8.550448
9.007783 -9.270624 8.857334
9.518634 -9.204011 9.166182
10.025141 -9.132715 9.481083
10.526478 -9.057472 9.803244
11.023171 -8.979716 10.131925
11.516482 -8.901712 10.465611
12.007833 -8.826573 10.802828
12.498449 -8.758669 11.142591
12.989014 -8.704064 11.484735
13.479145 -8.671199 11.830214
13.966567 -8.672238 12.181232
14.443930 -8.728981 12.541370
14.899969 -8.856047 12.910571
15.315845 -9.071197 13.285735
15.668671 -9.383641 13.656745
15.938809 -9.786566 14.009489
16.119909 -10.258802 14.331675
16.218676 -10.775794 14.618206
16.249260 -11.318248 14.870405
16.226204 -11.874248 15.093027
16.159504 -12.437688 15.290210
16.092802 -13.001129 15.487392
16.026102 -13.564570 15.684575
15.959401 -14.128011 15.881758
15.892701 -14.691452 16.078941
15.826000 -15.254893 16.276123
15.759299 -15.818334 16.473307
15.692599 -16.381775 16.670488
15.625898 -16.945215 16.867670
15.559197 -17.508657 17.064854
15.492497 -18.072098 17.262035
15.425797 -18.635538 17.459219
15.359096 -19.198980 17.656401
15.292396 -19.762421 17.853584
15.225695 -20.325861 18.050766
15.158994 -20.889303 18.247950
15.092294 -21.452744 18.445131
15.025593 -22.016184 18.642315
14.958892 -22.579626 18.839497
14.892192 -23.143066 19.036680
14.825491 -23.706507 19.233862
14.758790 -24.269949 19.431046
14.692090 -24.833389 19.628227
14.625389 -25.396830 19.825411
14.558688 -25.960272 20.022593
14.491988 -26.523712 20.219776
14.425287 -27.087152 20.416958
14.358586 -27.650595 20.614141
14.291886 -28.214035 20.811323
14.225185 -28.777475 21.008507
14.158484 -29.340918 21.205688
14.091784 -29.904358 21.402872
14.025084 -30.467798 21.600054
13.958383 -31.031240 21.797237
13.891683 -31.594681 21.994419
13.824982 -32.158123 22.191603
13.758281 -32.721561 22.388784
