#pt3d 180
6.180690 24.905540 -3.607672
5.763055 24.509802 -3.745984
5.345420 24.114063 -3.884296
4.927786 23.718325 -4.022608
4.510151 23.322586 -4.160919
4.092516 22.926847 -4.299231
3.674882 22.531109 -4.437543
3.257247 22.135372 -4.575854
2.839613 21.739634 -4.714166
2.421978 21.343895 -4.852478
2.004344 20.948156 -4.990790
1.586709 20.552418 -5.129101
1.169074 20.156679 -5.267413
0.751440 19.760941 -5.405725
0.333805 19.365202 -5.544037
-0.083829 18.969465 -5.682348
-0.501464 18.573727 -5.820660
-0.919099 18.177988 -5.958972
-1.336733 17.782249 -6.097283
-1.754368 17.386511 -6.235595
-2.172002 16.990772 -6.373907
-2.589637 16.595034 -6.512219
-3.016430 16.195257 -6.562083
-3.445861 15.799654 -6.487756
-3.865058 15.419159 -6.320381
-4.272060 15.054353 -6.094566
-4.671137 14.700429 -5.838421
-5.069197 14.350611 -5.575163
-5.474597 13.997242 -5.328363
-5.895736 13.632998 -5.128050
-6.335554 13.255010 -5.012856
-6.783126 12.870639 -5.022213
-7.212923 12.496344 -5.171683
-7.600134 12.144707 -5.443480
-7.932183 11.816277 -5.804173
-8.205282 11.503496 -6.224106
-8.417035 11.196941 -6.682507
-8.562504 10.888701 -7.164897
-8.633737 10.574183 -7.659531
-8.622231 10.253648 -8.155090
-8.523985 9.932581 -8.640596
-8.344079 9.619139 -9.107667
-8.096464 9.319509 -9.552876
-7.798994 9.035043 -9.977620
-7.468366 8.762779 -10.385872
-7.117311 8.496915 -10.781137
-6.760249 8.227084 -11.168232
-6.407568 7.944221 -11.549911
-6.068145 7.639231 -11.926147
-5.753260 7.300967 -12.294519
-5.480024 6.914980 -12.647867
-5.276403 6.464956 -12.968755
-5.185302 5.942930 -13.220461
-5.254899 5.374808 -13.343522
-5.528830 4.869635 -13.238625
-5.897842 4.508698 -12.962721
-6.287782 4.314037 -12.567621
-6.649364 4.269635 -12.103352
-6.968564 4.326917 -11.610069
-7.243904 4.458437 -11.104166
-7.479649 4.640762 -10.593575
-7.681522 4.855087 -10.080615
-7.854233 5.086804 -9.564443
-8.000352 5.324610 -9.042827
-8.119907 5.559892 -8.513395
-8.210581 5.786285 -7.974513
-8.268361 5.998635 -7.425580
-8.288315 6.191863 -6.867117
-8.265215 6.360227 -6.300941
-8.193935 6.496049 -5.730276
-8.069860 6.588543 -5.160284
-7.889852 6.623048 -4.599261
-7.654521 6.581430 -4.060174
-7.371883 6.446023 -3.561158
-7.059896 6.207276 -3.121916
-6.743235 5.870450 -2.755585
-6.444762 5.453578 -2.462562
-6.178867 4.978693 -2.232264
-5.950887 4.464717 -2.049680
-5.760230 3.925258 -1.900590
-5.603308 3.369441 -1.773465
-5.475316 2.803305 -1.659552
-5.371010 2.230907 -1.552368
-5.284930 1.655027 -1.447217
-5.211390 1.077576 -1.340959
-5.144470 0.499818 -1.231987
-5.077192 -0.077386 -1.120331
-5.002685 -0.653693 -1.008661
-4.915390 -1.228805 -0.900319
-4.810047 -1.802129 -0.799164
-4.681745 -2.372490 -0.708918
-4.526055 -2.937928 -0.632444
-4.339159 -3.495645 -0.571044
-4.117908 -4.042066 -0.523886
-3.859793 -4.572985 -0.487627
-3.562870 -5.083633 -0.456206
-3.225752 -5.568544 -0.420769
-2.847259 -6.020493 -0.369358
-2.428385 -6.430383 -0.287917
-1.974426 -6.789110 -0.164797
-1.492728 -7.085182 0.008756
-0.993938 -7.309055 0.234379
-0.489296 -7.456903 0.505213
0.012962 -7.531682 0.808567
0.509013 -7.541050 1.130535
0.998352 -7.494576 1.459390
1.482002 -7.401661 1.786801
1.961252 -7.270607 2.107638
2.437208 -7.109011 2.419476
2.910576 -6.923615 2.722049
3.381625 -6.720418 3.016861
3.850147 -6.504775 3.306900
4.315343 -6.281177 3.596285
4.775717 -6.052832 3.889642
5.229082 -5.821259 4.191264
5.672901 -5.586133 4.504131
6.105168 -5.345862 4.829043
6.525267 -5.098630 5.164530
6.935562 -4.844436 5.506873
7.341289 -4.585928 5.851424
7.749514 -4.328696 6.193973
8.167791 -4.080687 6.531105
8.602344 -3.851164 6.860482
9.056840 -3.649984 7.181037
9.531759 -3.486941 7.493125
10.024158 -3.371231 7.798810
10.527801 -3.311401 8.101867
11.032992 -3.315665 8.407846
11.525783 -3.392339 8.723777
11.986678 -3.549513 9.056755
12.389912 -3.792559 9.411153
12.707114 -4.119050 9.784521
12.917624 -4.514818 10.166101
13.018579 -4.957702 10.541380
13.024216 -5.426925 10.899003
12.956417 -5.908877 11.233780
12.836400 -6.396945 11.545177
12.681511 -6.888930 11.834873
12.505420 -7.384932 12.105253
12.319546 -7.887079 12.357159
12.136101 -8.397136 12.594469
11.962822 -8.916059 12.819776
11.806003 -9.444739 13.033988
11.657303 -9.977806 13.243478
11.508604 -10.510873 13.452968
11.359905 -11.043940 13.662458
11.211205 -11.577006 13.871948
11.062507 -12.110073 14.081438
10.913807 -12.643140 14.290928
10.765108 -13.176207 14.500419
10.616408 -13.709273 14.709908
10.467710 -14.242340 14.919398
10.319010 -14.775407 15.128889
10.170311 -15.308473 15.338379
10.021611 -15.841539 15.547869
9.872912 -16.374607 15.757359
9.724214 -16.907673 15.966849
9.575514 -17.440741 16.176338
9.426815 -17.973806 16.385830
9.278115 -18.506872 16.595320
9.129416 -19.039940 16.804810
8.980717 -19.573006 17.014299
8.832018 -20.106073 17.223789
8.683318 -20.639139 17.433279
8.534619 -21.172207 17.642769
8.385921 -21.705273 17.852261
8.237221 -22.238340 18.061750
8.088522 -22.771406 18.271240
7.939822 -23.304474 18.480730
7.791123 -23.837540 18.690220
7.642424 -24.370607 18.899710
7.493725 -24.903673 19.109200
7.345026 -25.436739 19.318691
7.196326 -25.969807 19.528181
7.047627 -26.502872 19.737671
6.898928 -27.035940 19.947161
6.750228 -27.569006 20.156651
6.601529 -28.102074 20.366140
6.452830 -28.635139 20.575630
6.304131 -29.168207 20.785122
