#pt3d 180
4.773572 27.497629 -7.543519
4.352353 27.131134 -7.544978
3.931133 26.764641 -7.546437
3.509914 26.398146 -7.547896
3.088695 26.031651 -7.549355
2.667475 25.665157 -7.550814
2.246256 25.298662 -7.552273
1.825037 24.932167 -7.553732
1.403817 24.565674 -7.555192
0.982598 24.199179 -7.556650
0.561379 23.832684 -7.558109
0.140160 23.466188 -7.559568
-0.281060 23.099695 -7.561028
-0.702279 22.733200 -7.562487
-1.123498 22.366705 -7.563946
-1.544718 22.000212 -7.565405
-1.965937 21.633717 -7.566864
-2.387156 21.267221 -7.568323
-2.808376 20.900728 -7.569782
-3.229595 20.534233 -7.571241
-3.650814 20.167738 -7.572700
-4.072033 19.801245 -7.574159
-4.493253 19.434750 -7.575618
-4.908672 19.062134 -7.564193
-5.313717 18.679392 -7.531601
-5.709407 18.288599 -7.482906
-6.096812 17.891155 -7.422493
-6.477054 17.487999 -7.354655
-6.851364 17.079737 -7.284325
-7.221165 16.666739 -7.218001
-7.588042 16.249327 -7.164958
-7.953356 15.828249 -7.138634
-8.317019 15.405783 -7.157491
-8.675114 14.987414 -7.243309
-9.017653 14.582348 -7.413969
-9.327559 14.200935 -7.677109
-9.592831 13.842046 -8.011748
-9.813471 13.492671 -8.386608
-9.990210 13.139126 -8.780393
-10.123344 12.770449 -9.177325
-10.211432 12.380846 -9.566580
-10.251536 11.970311 -9.941839
-10.240157 11.543984 -10.301048
-10.174279 11.110679 -10.645716
-10.052336 10.681014 -10.979463
-9.874964 10.265471 -11.306185
-9.645275 9.872596 -11.628489
-9.368374 9.507721 -11.946897
-9.050199 9.172492 -12.259641
-8.696201 8.864944 -12.562441
-8.310128 8.579708 -12.847429
-7.893009 8.307860 -13.099511
-7.443754 8.036531 -13.286090
-6.969750 7.754475 -13.333929
-6.593053 7.511845 -13.035812
-6.460280 7.409123 -12.512282
-6.460249 7.398377 -11.955550
-6.516368 7.435774 -11.401923
-6.601213 7.503805 -10.854546
-6.700875 7.591732 -10.312352
-6.807440 7.691596 -9.773465
-6.915555 7.796030 -9.235741
-7.020719 7.896411 -8.696688
-7.118193 7.980803 -8.153466
-7.202069 8.032024 -7.603854
-7.264692 8.026927 -7.049271
-7.297534 7.940927 -6.499438
-7.294755 7.758826 -5.973321
-7.257010 7.484134 -5.490739
-7.191037 7.135621 -5.061345
-7.105614 6.735534 -4.682666
-7.008236 6.301686 -4.345780
-6.904233 5.845944 -4.040906
-6.797139 5.375729 -3.759753
-6.689244 4.895696 -3.495894
-6.582133 4.408708 -3.244702
-6.477002 3.916455 -3.003092
-6.374981 3.419654 -2.769583
-6.277149 2.918425 -2.543880
-6.184268 2.412652 -2.326390
-6.097134 1.901905 -2.118375
-6.016098 1.385971 -1.920984
-5.940639 0.865127 -1.734590
-5.868978 0.340217 -1.558359
-5.797892 -0.187418 -1.390190
-5.722792 -0.716078 -1.227051
-5.638003 -1.243774 -1.065620
-5.537137 -1.768187 -0.902932
-5.413448 -2.286518 -0.736852
-5.260226 -2.795314 -0.566377
-5.071204 -3.290314 -0.391714
-4.841071 -3.766352 -0.214120
-4.566119 -4.217446 -0.035501
-4.244896 -4.637134 0.142220
-3.878581 -5.019035 0.317829
-3.470992 -5.357626 0.491390
-3.028134 -5.649005 0.664416
-2.557314 -5.891275 0.839604
-2.066243 -6.084671 1.020195
-1.562270 -6.231492 1.209254
-1.051784 -6.335875 1.409057
-0.539753 -6.403196 1.620760
-0.029524 -6.439246 1.844336
0.477080 -6.449761 2.078705
0.979511 -6.440073 2.322009
1.478236 -6.414513 2.571740
1.974144 -6.375907 2.825376
2.468650 -6.327484 3.080051
2.962806 -6.270731 3.333681
3.457277 -6.206724 3.584956
3.952310 -6.136165 3.833352
4.447531 -6.059482 4.079549
4.942083 -5.976955 4.325203
5.434763 -5.888739 4.572631
5.924066 -5.794896 4.824627
6.408363 -5.695651 5.084083
6.886161 -5.591713 5.353526
7.356310 -5.484520 5.634863
7.818245 -5.376680 5.929250
8.272043 -5.272195 6.237177
8.718273 -5.176424 6.558666
9.157804 -5.096260 6.893310
9.591352 -5.040245 7.240335
10.018770 -5.018325 7.598480
10.438179 -5.041051 7.965783
10.845380 -5.118325 8.339191
11.234152 -5.257512 8.714159
11.597020 -5.461148 9.085512
11.926800 -5.727183 9.448152
12.218182 -6.049585 9.797791
12.468309 -6.420241 10.131333
12.676707 -6.830553 10.446854
12.844995 -7.272344 10.743473
12.976468 -7.738476 11.021055
13.075802 -8.223063 11.279949
13.147252 -8.721785 11.520611
13.196889 -9.230750 11.744675
13.230129 -9.747269 11.953954
13.250760 -10.269703 12.149732
13.261439 -10.796956 12.332999
13.263968 -11.328247 12.504533
13.264321 -11.860621 12.672829
13.264676 -12.392996 12.841125
13.265030 -12.925370 13.009421
13.265384 -13.457744 13.177718
13.265738 -13.990118 13.346014
13.266092 -14.522492 13.514311
13.266446 -15.054867 13.682607
13.266801 -15.587241 13.850904
13.267155 -16.119616 14.019199
13.267509 -16.651989 14.187496
13.267863 -17.184364 14.355792
13.268217 -17.716738 14.524089
13.268571 -18.249111 14.692386
13.268926 -18.781487 14.860682
13.269279 -19.313860 15.028978
13.269633 -19.846235 15.197274
13.269988 -20.378609 15.365571
13.270342 -20.910982 15.533867
13.270696 -21.443357 15.702164
13.271050 -21.975731 15.870460
13.271404 -22.508106 16.038755
13.271758 -23.040480 16.207052
13.272113 -23.572853 16.375349
13.272467 -24.105228 16.543646
13.272820 -24.637602 16.711941
13.273175 -25.169977 16.880238
13.273529 -25.702351 17.048534
13.273884 -26.234724 17.216831
13.274238 -26.767099 17.385126
13.274591 -27.299473 17.553423
13.274946 -27.831848 17.721720
13.275300 -28.364222 17.890017
13.275654 -28.896597 18.058311
13.276009 -29.428970 18.226608
13.276362 -29.961344 18.394905
13.276716 -30.493719 18.563202
13.277071 -31.026093 18.731497
13.277425 -31.558468 18.899794
13.277779 -32.090839 19.068090
