#pt3d 180
2.457424 28.965275 -7.042924
2.328965 28.444223 -6.924164
2.200507 27.923174 -6.805404
2.072049 27.402124 -6.686643
1.943590 26.881075 -6.567883
1.815132 26.360023 -6.449122
1.686673 25.838974 -6.330362
1.558215 25.317924 -6.211601
1.429757 24.796875 -6.092841
1.301298 24.275826 -5.974080
1.172840 23.754774 -5.855319
1.044381 23.233725 -5.736559
0.915923 22.712675 -5.617799
0.787464 22.191626 -5.499038
0.659006 21.670574 -5.380278
0.530548 21.149525 -5.261517
0.402089 20.628475 -5.142756
0.273631 20.107426 -5.023996
0.145172 19.586376 -4.905236
0.016714 19.065325 -4.786475
-0.111745 18.544275 -4.667715
-0.240203 18.023226 -4.548954
-0.368661 17.502176 -4.430193
-0.499417 16.981527 -4.312448
-0.652841 16.464863 -4.204713
-0.833368 15.954546 -4.109400
-1.041956 15.452735 -4.027571
-1.280275 14.962156 -3.960914
-1.549508 14.485862 -3.911420
-1.849423 14.026685 -3.881171
-2.177895 13.586570 -3.872356
-2.530687 13.165843 -3.887405
-2.901514 12.762742 -3.929219
-3.282225 12.373347 -4.001408
-3.662922 11.992076 -4.108333
-4.032180 11.612859 -4.254726
-4.377852 11.231009 -4.444720
-4.688859 10.845183 -4.680636
-4.957285 10.458219 -4.962412
-5.179100 10.076313 -5.288256
-5.352588 9.707396 -5.655806
-5.475940 9.359859 -6.062469
-5.546198 9.041752 -6.504498
-5.559586 8.760324 -6.976007
-5.513541 8.520694 -7.468141
-5.415771 8.317623 -7.968991
-5.270617 8.143121 -8.469126
-5.080124 7.984533 -8.959223
-4.843697 7.825031 -9.428405
-4.561329 7.645306 -9.863324
-4.238551 7.428291 -10.250257
-3.888132 7.165510 -10.580766
-3.524984 6.859213 -10.855740
-3.159559 6.517876 -11.082509
-2.796270 6.150375 -11.268330
-2.435484 5.763560 -11.415958
-2.075456 5.362546 -11.520865
-1.713251 4.953127 -11.565652
-1.348813 4.549938 -11.505593
-1.029430 4.236726 -11.213838
-0.861965 4.128776 -10.711863
-0.831296 4.164741 -10.165994
-0.869635 4.251150 -9.624697
-0.946874 4.350942 -9.089744
-1.057865 4.448035 -8.560261
-1.195049 4.533290 -8.035028
-1.357567 4.601671 -7.514725
-1.546040 4.648734 -7.000978
-1.761532 4.670016 -6.496276
-2.004096 4.660914 -6.003640
-2.270571 4.616659 -5.525442
-2.551934 4.532112 -5.061369
-2.830977 4.401214 -4.606768
-3.079477 4.215853 -4.153656
-3.261865 3.974096 -3.695934
-3.378173 3.699201 -3.235249
-3.441612 3.409338 -2.772989
-3.469901 3.116759 -2.308701
-3.475180 2.826737 -1.841904
-3.462250 2.539133 -1.373745
-3.430719 2.250084 -0.907381
-3.377670 1.953318 -0.447941
-3.299922 1.640774 -0.002866
-3.196198 1.303673 0.418079
-3.069107 0.934418 0.803895
-2.926209 0.528468 1.144442
-2.779049 0.085752 1.433388
-2.640086 -0.389412 1.670294
-2.519249 -0.890064 1.860323
-2.421997 -1.408713 2.012324
-2.349208 -1.938836 2.136560
-2.298148 -2.475471 2.243124
-2.263630 -3.015147 2.341171
-2.238823 -3.555478 2.438727
-2.215727 -4.094663 2.542714
-2.185601 -4.630997 2.658799
-2.139638 -5.162440 2.791087
-2.069956 -5.686444 2.941630
-1.968981 -6.199480 3.111022
-1.835097 -6.699417 3.295811
-1.667538 -7.184330 3.492554
-1.466768 -7.652748 3.697798
-1.233536 -8.103172 3.908746
-0.968207 -8.533450 4.123601
-0.670532 -8.940244 4.341572
-0.339777 -9.318652 4.562686
0.024774 -9.662024 4.787507
0.422931 -9.962245 5.016750
0.852383 -10.211171 5.250760
1.307854 -10.403404 5.489118
1.781796 -10.538907 5.730886
2.266294 -10.623972 5.975303
2.754967 -10.669604 6.222405
3.243616 -10.688636 6.473249
3.729534 -10.694066 6.730047
4.210931 -10.697785 6.995262
4.685316 -10.710281 7.272574
5.150434 -10.737867 7.564081
5.603650 -10.782580 7.871694
6.042676 -10.842557 8.196748
6.465903 -10.912716 8.540182
6.872338 -10.986377 8.902625
7.260940 -11.056980 9.284663
7.630109 -11.119934 9.686724
7.977536 -11.173294 10.108976
8.300601 -11.217706 10.551096
8.597156 -11.256758 11.011899
8.866692 -11.296992 11.488944
9.111321 -11.348083 11.978238
9.336544 -11.423776 12.473532
9.551339 -11.542467 12.964648
9.766500 -11.725160 13.434888
9.989733 -11.987176 13.861387
10.220060 -12.326802 14.225259
10.447775 -12.724794 14.527581
10.656491 -13.158754 14.792404
10.827586 -13.605677 15.061776
10.930614 -14.038357 15.380560
10.924985 -14.403242 15.783048
10.797163 -14.640817 16.253111
10.605306 -14.792589 16.745304
10.413448 -14.944362 17.237499
10.221591 -15.096133 17.729692
10.029734 -15.247906 18.221886
9.837876 -15.399678 18.714079
9.646019 -15.551451 19.206272
9.454162 -15.703222 19.698467
9.262304 -15.854995 20.190660
9.070447 -16.006767 20.682854
8.878590 -16.158539 21.175047
8.686732 -16.310312 21.667242
8.494876 -16.462084 22.159435
8.303019 -16.613855 22.651628
8.111161 -16.765629 23.143822
7.919304 -16.917400 23.636017
7.727447 -17.069174 24.128210
7.535589 -17.220945 24.620403
7.343732 -17.372717 25.112597
7.151875 -17.524490 25.604792
6.960017 -17.676262 26.096985
6.768160 -17.828033 26.589178
6.576303 -17.979807 27.081371
6.384446 -18.131578 27.573566
6.192588 -18.283352 28.065760
6.000731 -18.435123 28.557953
5.808874 -18.586895 29.050146
5.617016 -18.738668 29.542341
5.425159 -18.890440 30.034534
5.233302 -19.042212 30.526728
5.041445 -19.193985 31.018921
4.849587 -19.345757 31.511114
4.657730 -19.497530 32.003307
4.465873 -19.649302 32.495502
4.274016 -19.801073 32.987698
4.082159 -19.952847 33.479889
3.890301 -20.104618 33.972084
3.698444 -20.256390 34.464275
3.506587 -20.408163 34.956470
3.314729 -20.559935 35.448666
3.122872 -20.711708 35.940857
