#pt3d 180
-2.761110 29.917524 2.625104
-2.791876 29.293167 2.232217
-2.822641 28.668810 1.839330
-2.853407 28.044453 1.446443
-2.884172 27.420097 1.053557
-2.914938 26.795740 0.660670
-2.945704 26.171383 0.267783
-2.976469 25.547026 -0.125104
-3.007235 24.922668 -0.517991
-3.038000 24.298313 -0.910878
-3.068766 23.673956 -1.303765
-3.099532 23.049599 -1.696651
-3.130297 22.425241 -2.089538
-3.161063 21.800884 -2.482425
-3.191828 21.176529 -2.875312
-3.222594 20.552172 -3.268199
-3.253360 19.927814 -3.661086
-3.284125 19.303457 -4.053973
-3.379279 18.649229 -4.368566
-3.561118 17.968277 -4.578193
-3.808045 17.286509 -4.713526
-4.100432 16.615305 -4.808981
-4.428958 15.960919 -4.903738
-4.772470 15.320296 -5.031448
-5.121047 14.696002 -5.211234
-5.463645 14.093002 -5.459532
-5.787601 13.518222 -5.787917
-6.079627 12.979380 -6.199504
-6.317358 12.490049 -6.698671
-6.498895 12.041564 -7.255003
-6.616459 11.628808 -7.854002
-6.659594 11.245603 -8.481692
-6.616021 10.884743 -9.122235
-6.476020 10.538523 -9.756978
-6.240385 10.199800 -10.367466
-5.924194 9.862972 -10.942430
-5.550294 9.524164 -11.481229
-5.137148 9.179786 -11.987037
-4.703937 8.826173 -12.468984
-4.260651 8.461424 -12.933053
-3.810129 8.083031 -13.378755
-3.353661 7.688060 -13.803856
-2.887637 7.259257 -14.183431
-2.413709 6.795751 -14.506140
-1.935225 6.289200 -14.740799
-1.467488 5.733512 -14.831551
-1.057528 5.146180 -14.703097
-0.786694 4.591949 -14.319381
-0.710134 4.145782 -13.745726
-0.813107 3.829110 -13.090604
-1.047902 3.620105 -12.424735
-1.370569 3.487445 -11.775865
-1.749774 3.404255 -11.149078
-2.164793 3.350217 -10.541273
-2.601481 3.309978 -9.947343
-3.049121 3.270761 -9.361507
-3.498331 3.219820 -8.777775
-3.945174 3.158770 -8.193213
-4.394418 3.100337 -7.610221
-4.858316 3.071819 -7.037112
-5.354892 3.121830 -6.496082
-5.891293 3.311189 -6.033298
-6.440393 3.662372 -5.697551
-6.965188 4.131545 -5.484808
-7.455312 4.664642 -5.347829
-7.914846 5.232148 -5.241639
-8.346176 5.820299 -5.129597
-8.743235 6.418404 -4.965003
-9.074245 6.996847 -4.663857
-9.248265 7.449331 -4.128242
-9.172952 7.615180 -3.424538
-8.942403 7.567225 -2.727522
-8.637313 7.409558 -2.075475
-8.282808 7.179576 -1.470588
-7.886284 6.891067 -0.918629
-7.454896 6.559190 -0.420384
-6.997203 6.200370 0.033230
-6.516870 5.824152 0.448030
-6.016510 5.438317 0.829588
-5.496852 5.049818 1.181941
-4.955122 4.665872 1.504705
-4.394483 4.286711 1.799084
-3.812335 3.909659 2.050131
-3.207743 3.528058 2.226868
-2.591940 3.131340 2.275091
-2.007969 2.712718 2.136283
-1.520686 2.275844 1.807139
-1.163179 1.822669 1.352383
-0.928251 1.345780 0.843427
-0.798936 0.836907 0.327545
-0.762276 0.291529 -0.165023
-0.809060 -0.291327 -0.611791
-0.931221 -0.909703 -0.993626
-1.123074 -1.560130 -1.285628
-1.367601 -2.232343 -1.465440
-1.636019 -2.913099 -1.545754
-1.910373 -3.595831 -1.530455
-2.174121 -4.275378 -1.425153
-2.411759 -4.947357 -1.235720
-2.603582 -5.605449 -0.961407
-2.732495 -6.239648 -0.607168
-2.797073 -6.841593 -0.187257
-2.792250 -7.399263 0.293439
-2.715355 -7.900770 0.826820
-2.565214 -8.337512 1.400248
-2.341118 -8.707152 1.996573
-2.043727 -9.013750 2.596890
-1.677851 -9.264812 3.185423
-1.253880 -9.467478 3.753734
-0.785616 -9.625687 4.301431
-0.286671 -9.739722 4.833050
0.232086 -9.807504 5.353702
0.763828 -9.826021 5.865545
1.308023 -9.790232 6.363239
1.867998 -9.710183 6.837458
2.449373 -9.598074 7.277970
3.056017 -9.468445 7.677444
3.687744 -9.335661 8.034716
4.340776 -9.210912 8.354988
5.009484 -9.101355 8.647809
5.687868 -9.010859 8.924766
6.369503 -8.945298 9.200812
7.047052 -8.901975 9.490705
7.716627 -8.880182 9.800443
8.375598 -8.880790 10.132735
9.022762 -8.904819 10.486935
9.658790 -8.953182 10.858742
10.286283 -9.031771 11.239798
10.912611 -9.134624 11.616791
11.541265 -9.259946 11.982788
12.173843 -9.406640 12.333712
12.810532 -9.574053 12.667770
13.449717 -9.768162 12.982243
14.084694 -9.993161 13.284037
14.708943 -10.251592 13.580629
15.314020 -10.551404 13.877128
15.886138 -10.905013 14.180132
16.393694 -11.335588 14.499696
16.787453 -11.857397 14.841351
17.014925 -12.459635 15.198101
17.031956 -13.105547 15.549695
16.854483 -13.742199 15.873725
16.543413 -14.342975 16.164343
16.153925 -14.910047 16.428505
15.719248 -15.453259 16.674250
15.258186 -15.980744 16.907228
14.785776 -16.501810 17.131832
14.325618 -17.033190 17.357550
13.895046 -17.585238 17.589874
13.525244 -18.172234 17.835651
13.229307 -18.796209 18.096809
12.933371 -19.420185 18.357967
12.637434 -20.044161 18.619123
12.341497 -20.668137 18.880281
12.045561 -21.292114 19.141439
11.749624 -21.916090 19.402597
11.453688 -22.540066 19.663755
11.157751 -23.164042 19.924913
10.861814 -23.788017 20.186071
10.565878 -24.411995 20.447229
10.269941 -25.035971 20.708385
9.974005 -25.659946 20.969543
9.678068 -26.283922 21.230701
9.382132 -26.907898 21.491859
9.086195 -27.531876 21.753017
8.790258 -28.155851 22.014175
8.494322 -28.779827 22.275333
8.198385 -29.403803 22.536491
7.902449 -30.027779 22.797647
7.606513 -30.651756 23.058805
7.310576 -31.275732 23.319963
7.014639 -31.899708 23.581121
6.718703 -32.523685 23.842279
6.422766 -33.147659 24.103437
6.126830 -33.771637 24.364595
5.830893 -34.395611 24.625753
5.534956 -35.019588 24.886909
5.239020 -35.643566 25.148067
4.943083 -36.267540 25.409225
4.647147 -36.891518 25.670383
