#pt3d 180
14.144597 14.174001 -10.393930
13.583499 14.168259 -10.171865
13.022402 14.162517 -9.949801
12.461304 14.156775 -9.727736
11.900206 14.151033 -9.505672
11.339108 14.145292 -9.283607
10.778010 14.139550 -9.061543
10.216912 14.133808 -8.839478
9.655815 14.128067 -8.617414
9.094717 14.122325 -8.395350
8.533619 14.116584 -8.173285
7.972522 14.110842 -7.951221
7.411424 14.105100 -7.729156
6.850326 14.099359 -7.507092
6.289228 14.093616 -7.285027
5.728130 14.087874 -7.062963
5.167033 14.082133 -6.840898
4.605935 14.076391 -6.618834
4.044837 14.070650 -6.396769
3.483739 14.064908 -6.174705
2.922642 14.059166 -5.952640
2.365591 14.038316 -5.725236
1.835925 13.917006 -5.463535
1.332580 13.722661 -5.193257
0.847978 13.475567 -4.932546
0.373839 13.191442 -4.691632
-0.094553 12.876565 -4.479893
-0.561424 12.535609 -4.309795
-1.031171 12.174407 -4.201104
-1.506749 11.805673 -4.186141
-1.981416 11.458815 -4.307950
-2.429000 11.178873 -4.590615
-2.821749 10.991120 -5.003488
-3.160355 10.876080 -5.487985
-3.466505 10.793389 -6.001252
-3.763291 10.704756 -6.518972
-4.067881 10.577665 -7.023112
-4.388811 10.385714 -7.494589
-4.722790 10.113325 -7.914186
-5.054919 9.759570 -8.270132
-5.364089 9.333982 -8.563365
-5.627741 8.849124 -8.805159
-5.823359 8.318007 -9.012311
-5.931231 7.756694 -9.204045
-5.941874 7.186196 -9.399573
-5.861210 6.628523 -9.615604
-5.707548 6.101412 -9.865834
-5.510162 5.609913 -10.154192
-5.289001 5.152917 -10.479374
-5.055930 4.726118 -10.835895
-4.815934 4.323674 -11.215807
-4.568060 3.938121 -11.608257
-4.303197 3.557950 -11.994451
-3.997151 3.163547 -12.329679
-3.611229 2.740472 -12.486938
-3.230522 2.447916 -12.152633
-2.970763 2.332842 -11.625765
-2.786077 2.315292 -11.052649
-2.642055 2.350055 -10.468199
-2.525275 2.418514 -9.880525
-2.432153 2.513992 -9.292343
-2.364972 2.636673 -8.705744
-2.333071 2.794825 -8.125032
-2.356392 3.010027 -7.563716
-2.461045 3.311944 -7.056014
-2.651795 3.703736 -6.642748
-2.898034 4.147748 -6.317653
-3.160452 4.599130 -6.015265
-3.414963 5.026144 -5.674903
-3.642875 5.392916 -5.257297
-3.826334 5.655807 -4.751018
-3.957829 5.785642 -4.180748
-4.045800 5.785933 -3.586455
-4.105587 5.679986 -2.997043
-4.149393 5.489831 -2.427146
-4.184064 5.227562 -1.885750
-4.213217 4.895220 -1.383949
-4.240187 4.489262 -0.939386
-4.270249 4.007027 -0.579304
-4.307329 3.471656 -0.304603
-4.349540 2.909907 -0.088769
-4.390971 2.338343 0.100335
-4.424218 1.766333 0.289493
-4.442306 1.199738 0.495956
-4.439884 0.642549 0.727463
-4.413257 0.096929 0.983913
-4.361185 -0.438782 1.256766
-4.289212 -0.971740 1.530422
-4.202032 -1.509272 1.790245
-4.105085 -2.057920 2.021252
-4.003914 -2.621387 2.210183
-3.903039 -3.199239 2.348782
-3.804531 -3.787526 2.436773
-3.707263 -4.381164 2.481816
-3.607316 -4.976069 2.496588
-3.498859 -5.569705 2.495732
-3.371576 -6.159599 2.496462
-3.217928 -6.742758 2.515597
-3.031485 -7.314085 2.565281
-2.806929 -7.865947 2.655367
-2.541639 -8.389030 2.791975
-2.236401 -8.874155 2.976388
-1.895005 -9.314351 3.205259
-1.522917 -9.706012 3.472167
-1.125868 -10.048676 3.769601
-0.708943 -10.343987 4.090412
-0.275773 -10.592534 4.429181
0.170097 -10.797091 4.780485
0.624909 -10.964416 5.139702
1.086834 -11.097086 5.504203
1.554555 -11.196695 5.871822
2.027294 -11.263889 6.240386
2.504734 -11.298203 6.607424
2.986926 -11.298021 6.969855
3.474170 -11.260927 7.323632
3.966562 -11.184088 7.663889
4.463950 -11.061673 7.982945
4.964134 -10.896987 8.277301
5.464778 -10.694832 8.546109
5.963778 -10.461561 8.791808
6.459605 -10.205164 9.020714
6.951131 -9.934136 9.242270
7.437046 -9.657344 9.468898
7.914710 -9.384791 9.716744
8.377825 -9.128531 10.005802
8.813930 -8.902178 10.355293
9.206523 -8.715682 10.773156
9.546137 -8.567788 11.249107
9.838943 -8.445519 11.762306
10.104028 -8.330955 12.292189
10.365920 -8.208330 12.821827
10.649630 -8.068059 13.335645
10.976577 -7.908628 13.817139
11.355430 -7.739126 14.254934
11.785199 -7.573513 14.644212
12.257489 -7.426927 14.989122
12.761295 -7.313252 15.300088
13.285384 -7.245336 15.589919
13.817713 -7.236255 15.871664
14.343198 -7.300113 16.157719
14.841269 -7.450327 16.458555
15.286571 -7.693892 16.779980
15.657062 -8.024806 17.120785
15.919950 -8.436206 17.475491
16.182838 -8.847607 17.830194
16.445728 -9.259007 18.184900
16.708616 -9.670407 18.539604
16.971506 -10.081807 18.894310
17.234394 -10.493208 19.249014
17.497284 -10.904608 19.603720
17.760172 -11.316009 19.958424
18.023062 -11.727408 20.313129
18.285950 -12.138809 20.667833
18.548840 -12.550209 21.022539
18.811728 -12.961610 21.377243
19.074617 -13.373010 21.731949
19.337505 -13.784410 22.086653
19.600395 -14.195810 22.441359
19.863283 -14.607211 22.796064
20.126171 -15.018611 23.150768
20.389061 -15.430012 23.505474
20.651949 -15.841412 23.860178
20.914839 -16.252811 24.214884
21.177727 -16.664213 24.569588
21.440617 -17.075613 24.924294
21.703505 -17.487013 25.278997
21.966394 -17.898413 25.633703
22.229282 -18.309814 25.988407
22.492172 -18.721214 26.343113
22.755060 -19.132614 26.697817
23.017950 -19.544014 27.052523
23.280838 -19.955416 27.407227
23.543726 -20.366816 27.761932
23.806616 -20.778215 28.116636
24.069504 -21.189615 28.471342
24.332394 -21.601017 28.826046
24.595282 -22.012417 29.180752
24.858171 -22.423817 29.535456
25.121059 -22.835217 29.890162
25.383949 -23.246618 30.244865
