#pt3d 180
-1.171254 26.128157 -6.200607
-1.304665 25.615480 -6.452729
-1.438075 25.102804 -6.704851
-1.571486 24.590126 -6.956973
-1.704896 24.077450 -7.209094
-1.838306 23.564774 -7.461216
-1.971717 23.052095 -7.713337
-2.105127 22.539419 -7.965459
-2.238538 22.026743 -8.217581
-2.371948 21.514067 -8.469703
-2.505358 21.001389 -8.721825
-2.638769 20.488712 -8.973947
-2.772179 19.976036 -9.226068
-2.905590 19.463360 -9.478189
-3.039000 18.950682 -9.730311
-3.172410 18.438005 -9.982433
-3.305821 17.925329 -10.234555
-3.439231 17.412653 -10.486676
-3.572642 16.899975 -10.738798
-3.706052 16.387299 -10.990920
-3.839463 15.874621 -11.243042
-3.972873 15.361945 -11.495163
-4.132298 14.841391 -11.697109
-4.362954 14.310035 -11.749682
-4.645570 13.808800 -11.650779
-4.952491 13.355495 -11.442353
-5.267213 12.943523 -11.167820
-5.582435 12.560861 -10.854124
-5.895151 12.186405 -10.528310
-6.203629 11.806251 -10.205074
-6.504382 11.406245 -9.899699
-6.788891 10.967869 -9.636274
-7.035187 10.470084 -9.459030
-7.196191 9.912908 -9.437236
-7.204236 9.366709 -9.632521
-7.089934 8.896602 -9.960235
-6.909430 8.487235 -10.338464
-6.691611 8.111782 -10.732912
-6.452047 7.749654 -11.127424
-6.199485 7.384136 -11.510583
-5.943660 6.998802 -11.871388
-5.693060 6.585665 -12.203305
-5.456733 6.136556 -12.495486
-5.248453 5.643608 -12.731206
-5.090709 5.103098 -12.884155
-5.018187 4.526901 -12.916757
-5.070444 3.961291 -12.793153
-5.277658 3.503441 -12.500072
-5.580988 3.184315 -12.117807
-5.934077 2.987392 -11.696068
-6.308020 2.889853 -11.256803
-6.682993 2.874998 -10.807426
-7.042145 2.934745 -10.348850
-7.367889 3.067434 -9.880857
-7.642379 3.273201 -9.406479
-7.853704 3.546723 -8.933514
-8.002203 3.872924 -8.469469
-8.103048 4.226871 -8.012665
-8.174960 4.583382 -7.552416
-8.227993 4.920377 -7.075469
-8.266241 5.213124 -6.569402
-8.287704 5.431478 -6.027133
-8.283923 5.541325 -5.453810
-8.241354 5.514641 -4.873054
-8.146895 5.345748 -4.322711
-7.995822 5.057913 -3.836545
-7.794638 4.689705 -3.427303
-7.556782 4.275177 -3.087169
-7.296572 3.835574 -2.798809
-7.026253 3.381017 -2.545076
-6.755472 2.915552 -2.312409
-6.492096 2.440323 -2.091219
-6.242495 1.955451 -1.875124
-6.011508 1.460782 -1.660664
-5.801965 0.956275 -1.447138
-5.614419 0.442161 -1.236045
-5.447435 -0.081013 -1.029916
-5.298333 -0.612357 -0.831002
-5.164051 -1.150698 -0.640409
-5.041644 -1.694554 -0.457553
-4.929073 -2.242623 -0.281061
-4.821101 -2.792256 -0.106583
-4.712815 -3.341297 0.069563
-4.597731 -3.887210 0.250897
-4.466496 -4.426161 0.441350
-4.304662 -4.951208 0.645517
-4.090104 -5.448351 0.867995
-3.794932 -5.890245 1.110275
-3.401877 -6.237373 1.364758
-2.926138 -6.463944 1.615519
-2.404613 -6.583344 1.852597
-1.866109 -6.633022 2.078770
-1.324165 -6.647254 2.302690
-0.784515 -6.648736 2.532782
-0.250424 -6.651042 2.775395
0.275627 -6.661633 3.034607
0.791821 -6.683134 3.312287
1.297528 -6.713902 3.607944
1.793883 -6.748796 3.918720
2.283831 -6.780304 4.239878
2.771631 -6.799995 4.565233
3.261836 -6.797528 4.887559
3.757213 -6.766775 5.200274
4.257853 -6.703368 5.499178
4.761600 -6.604179 5.782506
5.264703 -6.468133 6.051166
5.762387 -6.295866 6.308903
6.249743 -6.089583 6.561418
6.722361 -5.853161 6.815627
7.176988 -5.592227 7.078633
7.612246 -5.314083 7.356483
8.029245 -5.027512 7.653262
8.432106 -4.742187 7.970184
8.828037 -4.467898 8.305126
9.227189 -4.215400 8.653154
9.640461 -3.993090 9.005190
10.075295 -3.806882 9.351902
10.535071 -3.661350 9.685254
11.018662 -3.559043 10.000118
11.521325 -3.501133 10.295687
12.036379 -3.488532 10.574951
12.555973 -3.523204 10.843837
13.070498 -3.609506 11.110768
13.566362 -3.755341 11.386643
14.021558 -3.972002 11.684300
14.401094 -4.269353 12.014508
14.662037 -4.643859 12.377300
14.777833 -5.069786 12.757907
14.757754 -5.512478 13.138048
14.634384 -5.947685 13.509068
14.440688 -6.364643 13.872177
14.200768 -6.759828 14.232718
13.930774 -7.132145 14.596660
13.642049 -7.481225 14.969346
13.343113 -7.806610 15.355303
13.042071 -8.110086 15.757119
12.745835 -8.401076 16.171515
12.460836 -8.691949 16.593809
12.195798 -9.002069 17.015205
11.964396 -9.357929 17.419212
11.788074 -9.786798 17.776258
11.690625 -10.296851 18.045610
11.678740 -10.860580 18.202232
11.674094 -11.428550 18.349169
11.669449 -11.996519 18.496107
11.664804 -12.564488 18.643044
11.660158 -13.132458 18.789980
11.655513 -13.700427 18.936916
11.650867 -14.268396 19.083853
11.646222 -14.836366 19.230791
11.641577 -15.404335 19.377728
11.636931 -15.972304 19.524664
11.632286 -16.540274 19.671600
11.627641 -17.108244 19.818539
11.622995 -17.676212 19.965475
11.618350 -18.244183 20.112411
11.613705 -18.812151 20.259348
11.609059 -19.380119 20.406284
11.604414 -19.948090 20.553223
11.599770 -20.516058 20.700159
11.595124 -21.084028 20.847095
11.590479 -21.651997 20.994032
11.585834 -22.219967 21.140970
11.581188 -22.787935 21.287907
11.576543 -23.355906 21.434843
11.571898 -23.923874 21.581779
11.567252 -24.491844 21.728716
11.562607 -25.059813 21.875654
11.557961 -25.627783 22.022591
11.553316 -26.195751 22.169527
11.548671 -26.763721 22.316463
11.544025 -27.331690 22.463402
11.539380 -27.899660 22.610338
11.534735 -28.467628 22.757275
11.530089 -29.035599 22.904211
11.525444 -29.603567 23.051147
11.520799 -30.171537 23.198086
11.516153 -30.739506 23.345022
11.511508 -31.307476 23.491959
11.506863 -31.875444 23.638895
