/*--------------------------------*- C++ -*----------------------------------*\
| =========                 |                                                 |
| \\      /  F ield         | OpenFOAM: The Open Source CFD Toolbox           |
|  \\    /   O peration     | Version:  v1612+                                |
|   \\  /    A nd           | Web:      www.OpenFOAM.com                      |
|    \\/     M anipulation  |                                                 |
\*---------------------------------------------------------------------------*/
FoamFile
{
    version     2.0;
    format      ascii;
    class       volVectorField;
    location    "100";
    object      wallShearStress;
}
// * * * * * * * * * * * * * * * * * * * * * * * * * * * * * * * * * * * * * //

dimensions      [0 2 -2 0 0 0 0];

internalField   uniform (0 0 0);

boundaryField
{
    WALL
    {
        type            calculated;
        value           nonuniform List<vector> 
1466
(
(-0.00370775 -0.0163003 0.00425894)
(-0.00371769 -0.0172629 0.00461149)
(-0.00781488 -0.0335071 0.00985863)
(-0.00767222 -0.0312712 0.00921489)
(-0.00626597 -0.0330353 0.00856315)
(-0.00656685 -0.0314738 0.00754071)
(-0.00406266 -0.0185405 0.00477659)
(-0.00458497 -0.0205508 0.00556179)
(-0.00462766 -0.0204919 0.0052991)
(-0.00380611 -0.0174002 0.00477252)
(-0.00386183 -0.0170754 0.00470712)
(-0.00421785 -0.0192089 0.00521049)
(-0.00377598 -0.0190239 0.00557939)
(-0.00434528 -0.0197559 0.00549142)
(-0.0047074 -0.0212283 0.00558117)
(-0.00455622 -0.0207233 0.00545222)
(-0.00399817 -0.0198445 0.0053062)
(-0.0038661 -0.0195641 0.00512414)
(-0.00482532 -0.0206722 0.00555835)
(-0.00847881 -0.0347955 0.00853041)
(-0.0496649 -0.106017 0.0206973)
(-0.0100781 -0.0388997 0.0110826)
(-0.0186335 -0.0610914 0.0112728)
(-0.0171305 -0.0523114 0.0140132)
(-0.0311876 -0.0750106 0.0171188)
(-0.00362119 -0.0167693 0.00443317)
(-0.00376397 -0.0164432 0.00458206)
(-0.00350176 -0.0161571 0.00437187)
(-0.00355362 -0.0165653 0.00445523)
(-0.00387592 -0.0168384 0.00458078)
(-0.00350939 -0.0162367 0.00449107)
(-0.0320876 -0.0692606 0.0162597)
(-0.0226643 -0.0708303 0.0118601)
(-0.0150545 -0.0509831 0.0113371)
(-0.0112378 -0.0501829 0.00978652)
(-0.0432508 -0.124414 0.0069185)
(-0.0214385 -0.0699426 0.0356593)
(-0.0588478 -0.119976 0.048125)
(-0.0264801 -0.065712 0.0101534)
(-0.0544038 -0.110167 0.0387106)
(-0.00534666 -0.0201747 0.00623614)
(-0.0046553 -0.0191624 0.00560863)
(-0.00454818 -0.020265 0.00546592)
(-0.00420704 -0.0191953 0.00480847)
(-0.004177 -0.018601 0.00486009)
(-0.00471413 -0.0190705 0.00577281)
(-0.00473894 -0.0209103 0.00556783)
(-0.00431201 -0.0203358 0.00575514)
(-0.00510632 -0.0234539 0.00605703)
(-0.00492701 -0.0236665 0.00645994)
(-0.00482745 -0.0219345 0.00599663)
(-0.00487106 -0.0223255 0.00609792)
(-0.00883325 -0.0566618 0.0130676)
(0.00369419 -0.118256 0.0320687)
(-0.00681134 -0.0788826 0.0232993)
(-0.00857505 -0.0564041 0.0159182)
(-0.00809571 -0.0779371 0.0199771)
(-0.00770318 -0.0405007 0.0109896)
(-0.00353018 -0.0163197 0.00446784)
(-0.00359672 -0.0161708 0.0043624)
(-0.0035601 -0.0160065 0.00422926)
(-0.00341806 -0.0161886 0.00445743)
(-0.00373183 -0.0160791 0.00435177)
(-0.00348386 -0.0160335 0.00432106)
(-0.00344437 -0.0154325 0.00416784)
(-0.00391888 -0.0166584 0.0045692)
(-0.0036824 -0.016331 0.00444238)
(-0.00639444 -0.0285011 0.00841996)
(-0.00688282 -0.0327576 0.0100367)
(-0.0081328 -0.037687 0.0119794)
(-0.00924766 -0.0420475 0.0131549)
(-0.00874448 -0.0375157 0.0113137)
(-0.00706509 -0.0308817 0.00917118)
(-0.0041662 -0.0185719 0.00513948)
(-0.00419211 -0.0186051 0.00509333)
(-0.0043973 -0.0186417 0.00513538)
(-0.00407484 -0.0182292 0.00506041)
(-0.00421721 -0.018753 0.00528515)
(-0.00363701 -0.0173795 0.00496911)
(-0.00396683 -0.0177661 0.00443659)
(-0.00358476 -0.0167304 0.00415541)
(-0.00337699 -0.015818 0.0044771)
(-0.00433608 -0.018715 0.00502628)
(-0.00355134 -0.0163997 0.00491242)
(-0.00415247 -0.0186416 0.00510003)
(-0.00413784 -0.0188058 0.00518848)
(-0.00400288 -0.017986 0.00468238)
(-0.00395836 -0.0180287 0.00479586)
(-0.00402405 -0.0177665 0.00499045)
(-0.00441028 -0.0208751 0.00601138)
(-0.00424843 -0.0198675 0.0057529)
(-0.00459871 -0.021764 0.0060616)
(-0.00440426 -0.0200698 0.00532436)
(-0.00422017 -0.0209918 0.00642043)
(-0.00453061 -0.0216199 0.00570498)
(-0.00481985 -0.023102 0.00662694)
(-0.00469259 -0.0220685 0.00613577)
(-0.00454072 -0.0211326 0.00582268)
(-0.00456358 -0.0210936 0.00591317)
(-0.00477618 -0.0221703 0.00602324)
(-0.00465075 -0.0219312 0.00580891)
(-0.00401655 -0.0184529 0.00489001)
(-0.00411589 -0.0179721 0.00455376)
(-0.00401451 -0.0185174 0.00472821)
(-0.00392764 -0.017662 0.00482056)
(-0.00402501 -0.0182597 0.00491302)
(-0.0037132 -0.017719 0.00490666)
(-0.00410664 -0.0187649 0.0051625)
(-0.00468703 -0.0191017 0.00545336)
(-0.00407973 -0.0183577 0.00505293)
(-0.00407238 -0.0174223 0.00512563)
(-0.00370242 -0.0176132 0.00456922)
(-0.00449906 -0.0187757 0.00540353)
(-0.00361327 -0.0163421 0.00400942)
(-0.00364718 -0.017291 0.00495256)
(-0.00355007 -0.0159582 0.00471017)
(-0.00370941 -0.0165331 0.00468776)
(-0.0036922 -0.0166269 0.00491861)
(-0.00438736 -0.0191553 0.00504781)
(-0.00412415 -0.0185856 0.00507083)
(-0.00398249 -0.0180618 0.00473611)
(-0.00424179 -0.0184303 0.00499837)
(-0.00426158 -0.0192357 0.00540538)
(-0.00378332 -0.0176422 0.00490636)
(-0.00381353 -0.0168576 0.00465253)
(-0.00379808 -0.0165999 0.00459786)
(-0.00357682 -0.0162348 0.00448253)
(-0.00373999 -0.0162853 0.00432091)
(-0.00371623 -0.0168822 0.00465833)
(-0.00379675 -0.0166209 0.00443981)
(-0.00338264 -0.0156219 0.00436932)
(-0.0035762 -0.0158075 0.00431614)
(-0.00348926 -0.0158428 0.00469711)
(-0.00390287 -0.0162437 0.00424983)
(-0.00344297 -0.0164148 0.00475334)
(-0.00381104 -0.0167292 0.00436671)
(-0.00485702 -0.0210341 0.00586093)
(-0.00481725 -0.0209307 0.00577969)
(-0.00485329 -0.0211321 0.00581739)
(-0.00471675 -0.021102 0.00604985)
(-0.00501069 -0.0208941 0.00569385)
(-0.00499085 -0.0214668 0.00596407)
(-0.00505149 -0.0227257 0.00654669)
(-0.00504574 -0.0247899 0.00731286)
(-0.00476233 -0.0232393 0.00654873)
(-0.00491639 -0.0233993 0.00673752)
(-0.0045911 -0.0247459 0.007152)
(-0.00491896 -0.0233873 0.00670474)
(-0.00518095 -0.0257489 0.00728811)
(-0.00485297 -0.0241325 0.00674707)
(-0.00485699 -0.0237524 0.00663195)
(-0.0051641 -0.0239407 0.00697989)
(-0.00536566 -0.0248816 0.00720794)
(-0.00539458 -0.0251772 0.0074991)
(-0.00468436 -0.0221611 0.00623789)
(-0.00470826 -0.0228569 0.00655163)
(-0.00473443 -0.0214421 0.0062644)
(-0.00455957 -0.0209149 0.00610891)
(-0.00468849 -0.0209091 0.00602202)
(-0.00476887 -0.0222759 0.00641788)
(-0.00500039 -0.0233669 0.0066388)
(-0.00492005 -0.0237818 0.00670405)
(-0.00492279 -0.0220182 0.00627991)
(-0.00517306 -0.0232329 0.00677712)
(-0.0044434 -0.0216526 0.00615435)
(-0.00418492 -0.0183344 0.00486306)
(-0.00409149 -0.0181887 0.00503048)
(-0.00411272 -0.0175305 0.00456493)
(-0.00439472 -0.0188317 0.00524201)
(-0.0039194 -0.0180139 0.0053049)
(-0.00436605 -0.0193914 0.00540029)
(-0.00445901 -0.0193991 0.00545859)
(-0.00428765 -0.0194786 0.00544424)
(-0.00434811 -0.0198828 0.00563267)
(-0.00400644 -0.0189646 0.00531075)
(-0.00410424 -0.0192717 0.00539121)
(-0.0122831 -0.0464995 0.0153539)
(-0.0230009 -0.0674463 0.0204648)
(-0.00991843 -0.0375276 0.0103965)
(-0.0120755 -0.0440434 0.0134088)
(-0.0147177 -0.0631362 0.0230876)
(-0.00923596 -0.0380125 0.0122564)
(-0.0121572 -0.0543518 0.0211533)
(-0.0126892 -0.0528347 0.0197395)
(-0.0118439 -0.0446147 0.0140807)
(-0.0378705 -0.0790914 0.0287281)
(-0.011317 -0.046608 0.0180759)
(-0.00467 -0.0208956 0.00581059)
(-0.00448871 -0.0207261 0.00625589)
(-0.00544744 -0.0223616 0.00597906)
(-0.00529929 -0.0225658 0.00593807)
(-0.00544968 -0.0229082 0.00681159)
(-0.00508673 -0.0222343 0.0062101)
(-0.00633343 -0.0254671 0.0065091)
(-0.00674936 -0.0268707 0.00758669)
(-0.00582563 -0.0250909 0.00729916)
(-0.00643513 -0.0261357 0.00767125)
(-0.00660984 -0.0262325 0.00727651)
(-0.00612327 -0.0256609 0.00762639)
(-0.00423137 -0.0188305 0.00523007)
(-0.00449956 -0.019535 0.00549753)
(-0.00430968 -0.0192036 0.00539101)
(-0.00413856 -0.0194733 0.00554143)
(-0.00426288 -0.0184305 0.00526548)
(-0.00410427 -0.0198496 0.00569471)
(-0.00372105 -0.017344 0.00503568)
(-0.00359508 -0.0166758 0.00467152)
(-0.00364018 -0.016815 0.00474589)
(-0.0037089 -0.0171425 0.00499699)
(-0.00380907 -0.0177887 0.00495171)
(-0.0037869 -0.0178928 0.00504423)
(-0.00438315 -0.0200974 0.00599264)
(-0.00467455 -0.01986 0.00585567)
(-0.0047632 -0.0207097 0.00651365)
(-0.00456083 -0.0210363 0.00630519)
(-0.00437054 -0.0199406 0.00515515)
(-0.00429009 -0.019721 0.00514228)
(-0.00414041 -0.0189909 0.00524438)
(-0.00392704 -0.0176372 0.00475704)
(-0.00424268 -0.0186186 0.00491608)
(-0.00411929 -0.0179855 0.00485775)
(-0.00397678 -0.0177805 0.00477568)
(-0.00414283 -0.0187948 0.00500665)
(-0.00389517 -0.018002 0.00508651)
(-0.00399279 -0.0174945 0.00484591)
(-0.00362311 -0.0176815 0.00486245)
(-0.00383609 -0.0188106 0.0053546)
(-0.00361238 -0.0164826 0.00449755)
(-0.00372817 -0.016135 0.00414222)
(-0.00338232 -0.015919 0.00450287)
(-0.00359164 -0.0156809 0.00415194)
(-0.00345179 -0.0158054 0.00444074)
(-0.00352457 -0.0157284 0.00422908)
(-0.00339769 -0.0154619 0.00422257)
(-0.00360884 -0.0161031 0.00451272)
(-0.00355296 -0.0159801 0.00443869)
(-0.00374198 -0.0163827 0.00448605)
(-0.00362372 -0.0162077 0.00446861)
(-0.00366441 -0.0162205 0.00450132)
(-0.00365716 -0.0162872 0.00450432)
(-0.00345702 -0.0166574 0.00439242)
(-0.00370652 -0.0168708 0.00478)
(-0.00339816 -0.016174 0.0043387)
(-0.0039323 -0.0171479 0.0049081)
(-0.00351373 -0.0178953 0.00438048)
(-0.00346936 -0.0166387 0.00416529)
(-0.00371334 -0.0170733 0.00442581)
(-0.00393186 -0.0176019 0.00492877)
(-0.0037462 -0.0170105 0.00440039)
(-0.00382628 -0.0174006 0.00501244)
(-0.00368616 -0.0170283 0.00445045)
(-0.00358961 -0.0171625 0.00446948)
(-0.00393597 -0.0178398 0.00507455)
(-0.00367971 -0.0165792 0.0044587)
(-0.00364761 -0.0174934 0.00464371)
(-0.00370462 -0.0170236 0.00463694)
(-0.00369319 -0.0176057 0.00470404)
(-0.00384699 -0.0172058 0.0048073)
(-0.00392219 -0.0171461 0.00464167)
(-0.0040385 -0.0180928 0.00492526)
(-0.00375654 -0.0185879 0.00482255)
(-0.00412825 -0.0184877 0.00500302)
(-0.00423279 -0.018448 0.00516838)
(-0.00394243 -0.0177676 0.00499848)
(-0.00422749 -0.0182293 0.00535968)
(-0.00386982 -0.0179785 0.00494841)
(-0.00379214 -0.0184595 0.005015)
(-0.00410865 -0.0186129 0.00527789)
(-0.00387694 -0.0179072 0.00499834)
(-0.00405934 -0.0182566 0.00517098)
(-0.00418893 -0.0179448 0.00522867)
(-0.00394694 -0.0175438 0.0048959)
(-0.00378351 -0.017189 0.00478649)
(-0.00384862 -0.0173341 0.00473324)
(-0.00404014 -0.0171885 0.00476145)
(-0.00386424 -0.0166949 0.00462024)
(-0.00365639 -0.0164353 0.00449316)
(-0.00358665 -0.0167725 0.0047546)
(-0.00353072 -0.0164823 0.00461689)
(-0.00351902 -0.0170274 0.00473482)
(-0.00348334 -0.0166152 0.00460778)
(-0.00378385 -0.0171524 0.00483394)
(-0.00466235 -0.0196763 0.00576798)
(-0.0037317 -0.0185732 0.00503934)
(-0.00423929 -0.0193593 0.00528224)
(-0.00432642 -0.0195982 0.00546645)
(-0.00464891 -0.0201667 0.00590103)
(-0.00396139 -0.0190906 0.00511177)
(-0.00451153 -0.0193939 0.0059093)
(-0.00433709 -0.0205171 0.00546978)
(-0.00400823 -0.0205754 0.00547867)
(-0.00425797 -0.0197551 0.00535044)
(-0.00394777 -0.0185981 0.00502036)
(-0.00434804 -0.0197475 0.00579846)
(-0.00448525 -0.0214694 0.00610128)
(-0.00439535 -0.0216644 0.00599522)
(-0.00444812 -0.0204884 0.0056268)
(-0.00464134 -0.0225549 0.00642002)
(-0.0043411 -0.0220621 0.0060338)
(-0.0043566 -0.0219239 0.00599839)
(-0.00372679 -0.0170222 0.00464475)
(-0.00380889 -0.0169606 0.00475105)
(-0.00366586 -0.0177989 0.00479696)
(-0.00429196 -0.0184109 0.0049469)
(-0.00388736 -0.0175867 0.00498584)
(-0.0067159 -0.0340016 0.00878498)
(-0.00560812 -0.0274435 0.00721761)
(-0.00589294 -0.0276778 0.00840515)
(-0.00783291 -0.0394579 0.0116064)
(-0.00652078 -0.028984 0.00890279)
(-0.00663942 -0.0330676 0.0082824)
(-0.00350431 -0.016544 0.00459578)
(-0.00337063 -0.0164172 0.00396956)
(-0.00357087 -0.0170681 0.0046698)
(-0.00358613 -0.0165017 0.004781)
(-0.00353724 -0.0160734 0.00426122)
(-0.00364436 -0.0165487 0.00445818)
(-0.0034675 -0.016463 0.00457593)
(-0.00359983 -0.0164241 0.00444953)
(-0.00383668 -0.01663 0.00428227)
(-0.0035435 -0.0165698 0.00448497)
(-0.00363346 -0.016803 0.00455344)
(-0.0037278 -0.0166753 0.00443391)
(-0.00337945 -0.0164665 0.00469372)
(-0.00516865 -0.0242428 0.00699036)
(-0.00482857 -0.0239025 0.00721542)
(-0.00505239 -0.0245095 0.00689952)
(-0.0055753 -0.0270542 0.00763185)
(-0.00539409 -0.0264805 0.00780385)
(-0.00490796 -0.0231556 0.00615985)
(-0.00500254 -0.0227413 0.00711031)
(-0.00451761 -0.0218374 0.00584252)
(-0.00455531 -0.0211923 0.0060909)
(-0.00465873 -0.0229826 0.00627681)
(-0.00537756 -0.023693 0.00748235)
(-0.00590122 -0.061269 0.0140619)
(-0.00797735 -0.137255 0.00916344)
(-0.00802629 -0.0653382 0.0130039)
(-0.0140282 -0.0870336 0.00184055)
(-0.00430046 -0.0932881 0.0185511)
(0.000229975 -0.136959 0.0235578)
(-0.00709999 -0.0421062 0.0108417)
(-0.00843543 -0.0593005 0.0109509)
(-0.00694689 -0.0346616 0.00897588)
(-0.00652897 -0.0356431 0.0101355)
(-0.00773088 -0.0422939 0.0105915)
(-0.00688537 -0.0614472 0.0176417)
(-0.00477546 -0.0240174 0.00649354)
(-0.00463051 -0.0228908 0.00648571)
(-0.00499058 -0.0232717 0.00607377)
(-0.00483829 -0.0240121 0.00639813)
(-0.00487392 -0.0239268 0.0064007)
(-0.00518736 -0.0225729 0.00602115)
(-0.00630039 -0.028861 0.00711218)
(-0.00701645 -0.0325452 0.00797266)
(-0.00682464 -0.0310819 0.00764402)
(-0.00785362 -0.033095 0.00809386)
(-0.00604551 -0.028875 0.00735087)
(-0.00626634 -0.0301977 0.00767697)
(-0.000393061 -0.0728263 0.0187444)
(-0.0213784 -0.064708 0.00488473)
(-0.00694654 -0.0358883 0.00902995)
(-0.00818813 -0.0467037 0.00979647)
(-0.00729915 -0.0362687 0.00889504)
(-0.00896185 -0.0482651 0.00966483)
(-0.0122779 -0.0469653 0.0155663)
(-0.00804473 -0.034882 0.0107924)
(-0.00798249 -0.041406 0.0131562)
(-0.00808173 -0.0344826 0.00971788)
(-0.00745566 -0.0337498 0.010637)
(-0.00620799 -0.0274785 0.00857925)
(-0.00757827 -0.0300069 0.0101283)
(-0.0055964 -0.0288619 0.00812121)
(-0.00792426 -0.037704 0.0112713)
(-0.00694852 -0.0331276 0.00924238)
(-0.00594508 -0.029417 0.00824818)
(-0.00463963 -0.024174 0.00650009)
(-0.00473513 -0.0233912 0.0064062)
(-0.00506271 -0.0254671 0.00732769)
(-0.00499002 -0.0256128 0.00701416)
(-0.00512651 -0.0259142 0.00726319)
(-0.00475028 -0.0243909 0.00653418)
(-0.00560743 -0.0292718 0.00841973)
(-0.00607975 -0.0306538 0.00892396)
(-0.00581952 -0.0308201 0.00903287)
(-0.00564818 -0.0273429 0.00796461)
(-0.00510838 -0.0265 0.00760035)
(-0.00532472 -0.0263713 0.00741585)
(-0.0168734 -0.0819641 0.0394351)
(-0.0176394 -0.114652 0.0632589)
(-0.00465845 -0.0868701 0.025797)
(0.000276561 -0.14506 0.0486414)
(-0.009959 -0.0587429 0.0222857)
(-0.00411477 -0.0896234 0.0255074)
(-0.00768514 -0.0636772 0.0142964)
(-0.00627777 -0.0275934 0.0069639)
(-0.00542108 -0.0252439 0.00636256)
(-0.00574518 -0.0249226 0.00656818)
(-0.00604163 -0.0250345 0.00654619)
(-0.00622545 -0.0273907 0.00673248)
(-0.00645844 -0.0266077 0.00692161)
(-0.00472096 -0.0213721 0.00592736)
(-0.00472703 -0.0211662 0.00570695)
(-0.0048419 -0.021402 0.00580396)
(-0.00439546 -0.0197582 0.00535977)
(-0.00465821 -0.0201423 0.0053231)
(-0.00466898 -0.0221048 0.00610719)
(-0.00436418 -0.0198064 0.00542878)
(-0.00375806 -0.0187339 0.00511054)
(-0.00419738 -0.0189953 0.00523545)
(-0.00426528 -0.0190957 0.00517661)
(-0.00399713 -0.01814 0.00495494)
(-0.00453795 -0.0193542 0.00529122)
(-0.00373697 -0.0172218 0.00473908)
(-0.00385899 -0.017709 0.00480097)
(-0.00341789 -0.0168591 0.00450685)
(-0.00367886 -0.0173167 0.00486076)
(-0.00371283 -0.0176672 0.00477512)
(-0.00375306 -0.0177544 0.00465615)
(-0.00469798 -0.0220661 0.00601936)
(-0.0051489 -0.0227923 0.00607478)
(-0.00445178 -0.0217545 0.00594917)
(-0.00493254 -0.0227552 0.00618634)
(-0.00583867 -0.0244799 0.00639587)
(-0.00521722 -0.0230787 0.00613855)
(-0.0044174 -0.0197992 0.00537587)
(-0.00499134 -0.0218503 0.00616425)
(-0.00455329 -0.0203696 0.00553914)
(-0.00476199 -0.021034 0.00584826)
(-0.00473761 -0.0204844 0.0054231)
(-0.00496447 -0.0217188 0.00635332)
(-0.00429367 -0.0194755 0.00491195)
(-0.00405492 -0.0194674 0.0049263)
(-0.00485819 -0.020491 0.0062798)
(-0.00466787 -0.0208411 0.00539532)
(-0.00447902 -0.0195332 0.00540126)
(-0.00500968 -0.0221049 0.00577368)
(-0.00510186 -0.0215019 0.00602114)
(-0.00547223 -0.0232098 0.00650812)
(-0.00546099 -0.0241541 0.00584622)
(-0.00571645 -0.024734 0.00652264)
(-0.00575346 -0.0227092 0.00671601)
(-0.00515397 -0.0221357 0.00600204)
(-0.00688849 -0.0281154 0.0075464)
(-0.00613225 -0.0259253 0.00741067)
(-0.00832866 -0.0316414 0.00840199)
(-0.0125942 -0.047857 0.0107813)
(-0.00728127 -0.0315562 0.00805041)
(-0.0113526 -0.04081 0.00982561)
(-0.0067366 -0.0330213 0.00780992)
(-0.00888217 -0.0396333 0.0090122)
(-0.00801555 -0.0358754 0.00840965)
(-0.00360551 -0.0175382 0.00464488)
(-0.00405244 -0.0168908 0.00468625)
(-0.00425093 -0.0176513 0.00478716)
(-0.00413427 -0.0175437 0.00495933)
(-0.00348626 -0.0170733 0.00474134)
(-0.00359026 -0.016475 0.00443789)
(-0.0035502 -0.0157249 0.00443097)
(-0.00348223 -0.0152736 0.00415195)
(-0.00340105 -0.0156501 0.00423445)
(-0.00375265 -0.0160592 0.00445072)
(-0.00372834 -0.0162417 0.0042912)
(-0.0034973 -0.0158731 0.00436781)
(-0.0037396 -0.0160779 0.00446467)
(-0.00348381 -0.0160277 0.0043363)
(-0.00340661 -0.015825 0.00435122)
(-0.00352607 -0.0159752 0.00431932)
(-0.00337591 -0.0158496 0.00438927)
(-0.00363614 -0.01705 0.00478882)
(-0.00417627 -0.0175156 0.00464985)
(-0.00372132 -0.016239 0.00445931)
(-0.00381053 -0.017662 0.00490706)
(-0.00392661 -0.0169731 0.00456031)
(-0.00362104 -0.0169087 0.00455949)
(-0.00355928 -0.0178471 0.00488797)
(-0.00351927 -0.0164898 0.00450155)
(-0.00341205 -0.0164827 0.00454078)
(-0.0035586 -0.0167472 0.00449377)
(-0.00403091 -0.0174935 0.00476403)
(-0.00362071 -0.017524 0.00475393)
(-0.00419298 -0.0178441 0.00471224)
(-0.0146211 -0.0532679 0.0115038)
(-0.027818 -0.076596 0.0160593)
(-0.0225072 -0.0716781 0.0148579)
(-0.0130199 -0.050091 0.0110337)
(-0.00980047 -0.0380509 0.00937887)
(-0.0493795 -0.111646 0.0139387)
(-0.00781953 -0.0300254 0.00830508)
(-0.00660215 -0.0263875 0.0071532)
(-0.00803311 -0.0318774 0.00858149)
(-0.0067189 -0.0269549 0.00705287)
(-0.00682758 -0.0273479 0.00717645)
(-0.0075791 -0.0291689 0.00828521)
(-0.0161867 -0.051408 0.0148815)
(-0.0306966 -0.0811517 0.0186472)
(-0.0552705 -0.106808 0.0310653)
(-0.00950944 -0.0368385 0.0105805)
(-0.0101193 -0.0382768 0.0103075)
(-0.0267275 -0.0708603 0.0194363)
(-0.0179053 -0.0566783 0.0182621)
(-0.00447226 -0.0199507 0.0052803)
(-0.003898 -0.0190184 0.00509409)
(-0.00418873 -0.0190016 0.00518397)
(-0.00425714 -0.0187188 0.00520779)
(-0.00418182 -0.0189177 0.0052698)
(-0.00450681 -0.0195963 0.00529695)
(-0.00520201 -0.0235142 0.00617541)
(-0.00507681 -0.0236104 0.00602056)
(-0.00498353 -0.0244097 0.00628124)
(-0.00503785 -0.0218513 0.0059142)
(-0.00495564 -0.0217243 0.00589872)
(-0.00470197 -0.0221014 0.00601742)
(-0.00790382 -0.034986 0.0105842)
(-0.00735159 -0.0415861 0.0130689)
(-0.00824644 -0.0874647 0.0354431)
(-0.017932 -0.113071 0.0624313)
(-0.00389617 -0.119542 0.0552287)
(-0.00751618 -0.0339863 0.0101541)
(-0.00785713 -0.0338503 0.0109191)
(-0.0111387 -0.0538659 0.0186815)
(-0.00931981 -0.0411791 0.0128071)
(-0.00947687 -0.0419134 0.0135899)
(-0.00743717 -0.0354338 0.0109489)
(-0.00348119 -0.0161045 0.00451628)
(-0.00348967 -0.0163221 0.00449727)
(-0.00371643 -0.0167498 0.0045537)
(-0.00345112 -0.0162851 0.00468561)
(-0.00343936 -0.0164108 0.00451897)
(-0.00333284 -0.0161397 0.00464529)
(-0.0037613 -0.0167309 0.00440098)
(-0.00360524 -0.01677 0.0043957)
(-0.00377526 -0.0174056 0.00460234)
(-0.0036633 -0.016299 0.00431798)
(-0.00356699 -0.0161897 0.00417398)
(-0.00362518 -0.0165333 0.00415068)
(-0.0357106 -0.118273 0.00480797)
(-0.0346813 -0.133731 0.00387227)
(-0.0201799 -0.0821731 0.0123134)
(-0.0226336 -0.111004 0.0124282)
(-0.0136668 -0.076176 0.0142774)
(-0.0389725 -0.170415 0.00987824)
(-0.0207618 -0.0729773 0.0142899)
(-0.0035052 -0.015975 0.0043947)
(-0.00349237 -0.0158073 0.00432473)
(-0.00346242 -0.0158836 0.00441791)
(-0.00331743 -0.0154388 0.00414307)
(-0.00362075 -0.0163929 0.00455258)
(-0.00330762 -0.0158882 0.00437814)
(-0.00348806 -0.0161866 0.00440553)
(-0.00370102 -0.0165308 0.004627)
(-0.00373078 -0.0160946 0.00450873)
(-0.00344008 -0.0160485 0.00433105)
(-0.00366013 -0.0169083 0.00465369)
(-0.00360597 -0.0162022 0.00444335)
(-0.00343851 -0.0155176 0.00439718)
(-0.00328878 -0.0158925 0.00427145)
(-0.00320338 -0.0148037 0.00403952)
(-0.00333754 -0.01544 0.00429999)
(-0.00351869 -0.0159589 0.00434723)
(-0.00336188 -0.0159576 0.0041761)
(-0.00487095 -0.0233455 0.00681562)
(-0.00476313 -0.0216847 0.00610911)
(-0.00485631 -0.0223235 0.00635528)
(-0.00458825 -0.0214086 0.00614736)
(-0.00560824 -0.0234647 0.00639143)
(-0.00483618 -0.0218887 0.00617234)
(-0.00519556 -0.0235836 0.00695707)
(-0.00599552 -0.0254598 0.00722299)
(-0.00554185 -0.0238116 0.00691445)
(-0.00504237 -0.0227115 0.00676069)
(-0.00548305 -0.0248452 0.00741249)
(-0.00553409 -0.0234999 0.00671503)
(-0.00552264 -0.0240967 0.00691692)
(-0.00551653 -0.0260309 0.00760083)
(-0.00598478 -0.0252448 0.00718222)
(-0.00491948 -0.0231082 0.00657612)
(-0.00548356 -0.0244456 0.00702355)
(-0.00511741 -0.0234684 0.00685818)
(-0.00393776 -0.0174881 0.00479457)
(-0.00383123 -0.0164276 0.00463243)
(-0.00344673 -0.0155619 0.00398718)
(-0.00369152 -0.0168294 0.00389302)
(-0.00380084 -0.016247 0.0051037)
(-0.0038508 -0.016461 0.00439913)
(-0.00375366 -0.0153984 0.00445737)
(-0.00358525 -0.0159212 0.00411154)
(-0.00399669 -0.0162642 0.00488526)
(-0.00378268 -0.0162882 0.00461147)
(-0.00353617 -0.0160377 0.0042498)
(-0.00364569 -0.0164156 0.00458472)
(-0.00387352 -0.0160606 0.0043439)
(-0.00374219 -0.0164169 0.00459982)
(-0.00362012 -0.0162741 0.00454495)
(-0.00380863 -0.0164008 0.00439025)
(-0.00372789 -0.016158 0.00435221)
(-0.0037442 -0.0169084 0.00476608)
(-0.00386029 -0.0172326 0.00481471)
(-0.00374864 -0.0172893 0.00483892)
(-0.00365663 -0.017349 0.00502218)
(-0.00385155 -0.0175289 0.00510135)
(-0.00411642 -0.0173434 0.00475978)
(-0.00403928 -0.018007 0.0055283)
(-0.00417219 -0.0185815 0.00494651)
(-0.00379227 -0.0170307 0.00473752)
(-0.00416535 -0.0180452 0.00464778)
(-0.00428321 -0.0186569 0.0047568)
(-0.00388896 -0.0166177 0.00452684)
(-0.00402293 -0.0181047 0.00459224)
(-0.00465428 -0.0193403 0.00523549)
(-0.00401315 -0.0173184 0.00525018)
(-0.0039739 -0.018166 0.00520586)
(-0.00338316 -0.0157368 0.0041623)
(-0.00393613 -0.0160173 0.00462708)
(-0.00379815 -0.0161828 0.00443031)
(-0.00444777 -0.0172792 0.00504122)
(-0.00351472 -0.0157252 0.00417337)
(-0.00486273 -0.0225139 0.00655953)
(-0.00499965 -0.0225305 0.00648478)
(-0.00450166 -0.0212636 0.00588326)
(-0.00594549 -0.0266058 0.0080403)
(-0.00622478 -0.0271603 0.00799044)
(-0.00628352 -0.0262203 0.007458)
(-0.00603751 -0.0269962 0.00801814)
(-0.00584394 -0.0255809 0.0075373)
(-0.00590669 -0.0259329 0.00763598)
(-0.00532466 -0.0225119 0.00610277)
(-0.00563173 -0.0246357 0.00737762)
(-0.00584621 -0.0248442 0.00726311)
(-0.00586723 -0.0242313 0.00690517)
(-0.00453253 -0.0209558 0.00609641)
(-0.00480026 -0.020839 0.0058269)
(-0.00468822 -0.0208934 0.00587778)
(-0.00559229 -0.0246358 0.00725814)
(-0.00463381 -0.0209127 0.00593342)
(-0.00479016 -0.0212368 0.00607284)
(-0.00486818 -0.0226723 0.00653442)
(-0.00492906 -0.0215706 0.00613998)
(-0.00350923 -0.016489 0.0045336)
(-0.00357479 -0.0154374 0.00439347)
(-0.00383641 -0.0164783 0.00484312)
(-0.00367121 -0.0157088 0.00436864)
(-0.00370641 -0.0161625 0.00459401)
(-0.00391851 -0.0169382 0.00495328)
(-0.00934018 -0.0509765 0.0112968)
(-0.0253576 -0.103563 0.0123525)
(-0.00352322 -0.0158944 0.0042566)
(-0.00539455 -0.0284044 0.0074793)
(-0.0056918 -0.0301958 0.00864237)
(-0.00542599 -0.0275934 0.00725606)
(-0.0051009 -0.027546 0.0077797)
(-0.00673634 -0.0365386 0.0092875)
(-0.00533377 -0.0280333 0.00777682)
(-0.0071989 -0.0363909 0.00823153)
(-0.00566622 -0.0301332 0.00818153)
(-0.00592323 -0.031938 0.00907612)
(-0.00658402 -0.0341421 0.00830958)
(-0.00556313 -0.0295834 0.00826276)
(-0.00528262 -0.0281603 0.00782078)
(-0.00539846 -0.026808 0.0073154)
(-0.00518814 -0.0259853 0.0074273)
(-0.00542707 -0.0249056 0.00630364)
(-0.00547539 -0.0265582 0.0068311)
(-0.00599262 -0.0277374 0.00693673)
(-0.00537414 -0.0276237 0.00770375)
(-0.00551856 -0.0257652 0.00656701)
(-0.00544275 -0.0261077 0.00702672)
(-0.0103491 -0.0588303 0.021389)
(-0.00497745 -0.0215213 0.00600267)
(-0.00516221 -0.0213857 0.0060554)
(-0.00440472 -0.0201553 0.00544228)
(-0.00417219 -0.0188114 0.00510208)
(-0.0045776 -0.0199471 0.00559079)
(-0.00543553 -0.0231596 0.00613129)
(-0.00504654 -0.022848 0.0060378)
(-0.00484318 -0.0217264 0.00581197)
(-0.00437431 -0.0203774 0.00566679)
(-0.00404181 -0.0209787 0.00557566)
(-0.00440662 -0.0202709 0.00561443)
(-0.00448074 -0.0193933 0.00532538)
(-0.00435996 -0.0193492 0.00525716)
(-0.00456971 -0.0191472 0.00540737)
(-0.00419414 -0.0183815 0.0051739)
(-0.00466238 -0.0187349 0.00523266)
(-0.00427685 -0.0177334 0.00492175)
(-0.00442075 -0.0190853 0.00532044)
(-0.00420374 -0.0185414 0.00514653)
(-0.00416086 -0.0180772 0.00502607)
(-0.00671284 -0.027736 0.00669025)
(-0.00698442 -0.0282745 0.00733257)
(-0.00720804 -0.0288445 0.00809452)
(-0.00815614 -0.0314932 0.00814037)
(-0.00717582 -0.0278435 0.00754797)
(-0.00688698 -0.0274168 0.00727442)
(-0.0643464 -0.131923 0.0304581)
(-0.00711016 -0.0308546 0.00797207)
(-0.0038535 -0.0164807 0.00449242)
(-0.00432611 -0.0181897 0.00489084)
(-0.00407622 -0.0180115 0.0050429)
(-0.00339195 -0.0157263 0.00428205)
(-0.00371818 -0.0159569 0.00433441)
(-0.00369293 -0.0164761 0.00447375)
(-0.00315203 -0.0159238 0.00424767)
(-0.00381076 -0.0163196 0.00440942)
(-0.00349433 -0.0155336 0.00421137)
(-0.00342939 -0.0157982 0.00441488)
(-0.0035542 -0.0159293 0.00431698)
(-0.00311054 -0.015244 0.00402072)
(-0.00342779 -0.0160208 0.004265)
(-0.00399097 -0.016485 0.00466289)
(-0.00335232 -0.0159243 0.004205)
(-0.00329175 -0.015811 0.00426874)
(-0.00353428 -0.0153263 0.0042642)
(-0.00354526 -0.015656 0.00428485)
(-0.00334692 -0.0160465 0.00414502)
(-0.00374209 -0.0172915 0.00464621)
(-0.00357841 -0.017005 0.00469181)
(-0.00357184 -0.0164263 0.00448909)
(-0.00351303 -0.0164668 0.00454212)
(-0.00357117 -0.0160781 0.00438633)
(-0.00358206 -0.01619 0.00432306)
(-0.00365012 -0.0167131 0.00439593)
(-0.00382882 -0.0164119 0.00452669)
(-0.00348819 -0.0158361 0.00438478)
(-0.00379367 -0.0164245 0.00438645)
(-0.00369123 -0.0166163 0.00454048)
(-0.00347833 -0.0167557 0.00459435)
(-0.00344358 -0.0161944 0.00461118)
(-0.00372025 -0.0166027 0.0045516)
(-0.00362871 -0.0163097 0.00451884)
(-0.00385044 -0.0167615 0.00451952)
(-0.00385026 -0.0166858 0.00457526)
(-0.00366842 -0.0166552 0.00472399)
(-0.00419058 -0.0182346 0.00485691)
(-0.00426067 -0.0181473 0.00498825)
(-0.003957 -0.0178237 0.00505394)
(-0.00382148 -0.0177572 0.00491343)
(-0.00400851 -0.0178177 0.00489641)
(-0.00383493 -0.0179454 0.00483737)
(-0.0038205 -0.0179759 0.00498745)
(-0.0038861 -0.0172898 0.00477642)
(-0.0035922 -0.0172146 0.00487996)
(-0.00390297 -0.0181552 0.00503409)
(-0.00402476 -0.0175182 0.00464179)
(-0.00373779 -0.0176371 0.00491601)
(-0.00442082 -0.0184702 0.00508535)
(-0.0039503 -0.0174959 0.00483431)
(-0.00379163 -0.0170889 0.00469427)
(-0.00390601 -0.0177136 0.0048939)
(-0.00393138 -0.0170395 0.00432083)
(-0.00367187 -0.0164649 0.00435558)
(-0.00350898 -0.0170487 0.00484532)
(-0.00367127 -0.0173298 0.00474943)
(-0.00442864 -0.0181496 0.00467747)
(-0.00353594 -0.0165059 0.00468113)
(-0.00407005 -0.0176039 0.00440809)
(-0.00368797 -0.0167884 0.0046261)
(-0.00374721 -0.0159575 0.00432891)
(-0.00358031 -0.0164152 0.00452571)
(-0.00378634 -0.0163769 0.00458142)
(-0.00327147 -0.0158744 0.00449141)
(-0.00366142 -0.016559 0.00459728)
(-0.00394533 -0.0160375 0.00430245)
(-0.00401319 -0.0173354 0.004906)
(-0.00380852 -0.0160737 0.00428595)
(-0.00416356 -0.0169276 0.00474083)
(-0.00385046 -0.016684 0.00479945)
(-0.00372577 -0.0166295 0.00451461)
(-0.00391519 -0.0176483 0.00476572)
(-0.00371852 -0.0166556 0.00466798)
(-0.00384355 -0.016865 0.00460388)
(-0.00965614 -0.039169 0.00859271)
(-0.00738826 -0.0297823 0.00787709)
(-0.00832144 -0.0321813 0.00846762)
(-0.00753007 -0.03056 0.00837581)
(-0.00806483 -0.0312692 0.00873154)
(-0.00632917 -0.0266746 0.00717835)
(-0.00569083 -0.0244733 0.00682059)
(-0.00453076 -0.0189556 0.00506756)
(-0.00501273 -0.0224901 0.00627003)
(-0.0051649 -0.0220374 0.00604079)
(-0.00429658 -0.0210492 0.00572544)
(-0.00397903 -0.017968 0.00509662)
(-0.00387408 -0.017331 0.00489617)
(-0.00388642 -0.0175825 0.00483431)
(-0.00383662 -0.0173572 0.00466142)
(-0.0037462 -0.0184484 0.00486134)
(-0.00428184 -0.0197321 0.00524088)
(-0.00418929 -0.0196498 0.00538441)
(-0.00440523 -0.0195117 0.00528035)
(-0.00392395 -0.0193224 0.00528609)
(-0.00541687 -0.0235987 0.00602037)
(-0.00536103 -0.0236383 0.00618169)
(-0.00445465 -0.019111 0.00529418)
(-0.00379406 -0.0170641 0.00467271)
(-0.00369744 -0.0169173 0.00469006)
(-0.00410262 -0.0175549 0.00493483)
(-0.00378612 -0.0177593 0.00485676)
(-0.00465064 -0.0209453 0.00555734)
(-0.00445824 -0.0207141 0.00556627)
(-0.00427889 -0.0208337 0.00575639)
(-0.00454252 -0.0209946 0.0057756)
(-0.00446019 -0.0204813 0.00551516)
(-0.00432503 -0.0195313 0.0054168)
(-0.00495087 -0.0207691 0.00538383)
(-0.00499496 -0.0225442 0.00617711)
(-0.00469819 -0.0210816 0.00571209)
(-0.00432475 -0.0216295 0.00595807)
(-0.00467223 -0.0217797 0.00577911)
(-0.00427875 -0.0208559 0.00567566)
(-0.0037671 -0.0184039 0.00523945)
(-0.00434522 -0.020064 0.00537971)
(-0.00442078 -0.0195803 0.00557093)
(-0.00421288 -0.01993 0.00561127)
(-0.00430809 -0.0207748 0.00564077)
(-0.00470143 -0.0209341 0.00543511)
(-0.0044794 -0.0202717 0.00536283)
(-0.00477916 -0.0204237 0.00542655)
(-0.00421777 -0.0192648 0.0053447)
(-0.0040232 -0.0190726 0.00541184)
(-0.00399511 -0.0181739 0.00514803)
(-0.00469213 -0.0204347 0.00554059)
(-0.00399318 -0.0183768 0.00510637)
(-0.00396652 -0.0179011 0.00505558)
(-0.0039811 -0.0184747 0.00513596)
(-0.00552334 -0.0232395 0.00626756)
(-0.00691108 -0.0297219 0.00795458)
(-0.0061602 -0.0248241 0.00658003)
(-0.00572743 -0.0263209 0.00673933)
(-0.00684419 -0.0303617 0.00774729)
(-0.00543252 -0.025646 0.00638216)
(-0.00503776 -0.024012 0.00624656)
(-0.00584947 -0.0263324 0.00673321)
(-0.00611067 -0.0251497 0.00665069)
(-0.00879779 -0.0421213 0.0103923)
(-0.0147023 -0.0556457 0.0117904)
(-0.00895142 -0.0420915 0.0100762)
(-0.00734409 -0.0345332 0.0089442)
(-0.00593486 -0.0264021 0.00718207)
(-0.00592323 -0.0325812 0.00813613)
(-0.0068332 -0.0291642 0.00729997)
(-0.00653519 -0.0303339 0.00770292)
(-0.00683522 -0.0351124 0.00890774)
(-0.00624755 -0.0282771 0.00723611)
(-0.00589399 -0.0269106 0.00699966)
(-0.00525022 -0.0253911 0.00681135)
(-0.0051286 -0.0233613 0.00606879)
(-0.00517237 -0.0243005 0.00644956)
(-0.00526806 -0.0242494 0.00661176)
(-0.00490531 -0.0217854 0.00558846)
(-0.00443259 -0.0194802 0.00540251)
(-0.00463253 -0.0204234 0.00515606)
(-0.00481632 -0.0198786 0.00541915)
(-0.00469183 -0.0209067 0.00529182)
(-0.00514069 -0.0202426 0.00589459)
(-0.0047607 -0.0199918 0.00578465)
(-0.00497154 -0.0215276 0.00573946)
(-0.00504555 -0.021151 0.00586466)
(-0.00545702 -0.0228595 0.00616209)
(-0.00503563 -0.0214581 0.00578085)
(-0.00558129 -0.022792 0.00622134)
(-0.0055705 -0.0227019 0.0062513)
(-0.00411771 -0.0181661 0.0050129)
(-0.00413608 -0.0184041 0.00497385)
(-0.00432935 -0.0188541 0.00516653)
(-0.00378987 -0.0182205 0.00474039)
(-0.00405268 -0.0178773 0.00505609)
(-0.00426063 -0.0189604 0.00487071)
(-0.00388467 -0.0177902 0.00458113)
(-0.00387302 -0.0186819 0.00459811)
(-0.0043443 -0.019381 0.00514571)
(-0.00441359 -0.0197856 0.00560477)
(-0.0047992 -0.0201175 0.00596224)
(-0.00477232 -0.0205039 0.00483862)
(-0.00423425 -0.0185594 0.00506476)
(-0.00453891 -0.019402 0.00591761)
(-0.00437723 -0.0189904 0.00516037)
(-0.00455691 -0.0195796 0.00516858)
(-0.00441368 -0.0192927 0.0052656)
(-0.00447878 -0.0192406 0.00496278)
(-0.00446505 -0.0193468 0.00533046)
(-0.00427691 -0.0186664 0.00519516)
(-0.00773955 -0.050729 0.0176024)
(-0.00207971 -0.120401 0.0495578)
(-0.0168361 -0.0589381 0.0304761)
(-0.00310977 -0.0674389 0.0137756)
(-0.00638579 -0.0515538 0.0153359)
(-0.00464774 -0.120004 0.0536743)
(-0.0106397 -0.0552125 0.0201816)
(-0.0153964 -0.080325 0.0329168)
(-0.0204627 -0.10428 0.0595039)
(-0.00782346 -0.0338443 0.0108257)
(-0.00596813 -0.0280001 0.00849058)
(-0.00670951 -0.0300815 0.00890764)
(-0.00517962 -0.0266274 0.00763785)
(-0.00529376 -0.0275011 0.00815397)
(-0.00625532 -0.0332672 0.0104746)
(-0.0173486 -0.0733489 0.0317828)
(-0.0271051 -0.102663 0.0535182)
(-0.013009 -0.0540922 0.0186026)
(-0.00612319 -0.0283042 0.00827511)
(-0.00681816 -0.0307696 0.00933666)
(-0.00560632 -0.0247098 0.0070172)
(-0.00569496 -0.025846 0.00776619)
(-0.00531171 -0.0252362 0.00717067)
(-0.00600044 -0.0336194 0.00858025)
(-0.00576788 -0.0309762 0.00820328)
(-0.00557254 -0.0274947 0.0071767)
(-0.0062719 -0.0296955 0.00748709)
(-0.00680709 -0.032729 0.0078265)
(-0.00505715 -0.0249079 0.0066063)
(-0.00481494 -0.0228216 0.00620089)
(-0.00505225 -0.0237756 0.00616009)
(-0.00504974 -0.0249836 0.00683937)
(-0.00514522 -0.0250097 0.00659907)
(-0.0073077 -0.043209 0.010958)
(-0.00723502 -0.0427193 0.0102454)
(-0.0038133 -0.140697 0.0180394)
(-0.00550533 -0.0290766 0.00772713)
(-0.00548964 -0.0263587 0.00668428)
(-0.00511042 -0.0242468 0.00666783)
(-0.00560292 -0.0298371 0.00768554)
(-0.0060537 -0.0312522 0.00820271)
(-0.00616833 -0.0323753 0.0085948)
(-0.00362669 -0.0160472 0.00434175)
(-0.00368645 -0.0165771 0.00447189)
(-0.00374062 -0.0164309 0.00443482)
(-0.00332185 -0.015666 0.00434302)
(-0.00345341 -0.0156161 0.00425348)
(-0.00357235 -0.0161063 0.00435515)
(-0.00339596 -0.015628 0.00433237)
(-0.00378859 -0.0160389 0.00426839)
(-0.00374903 -0.0158207 0.00425002)
(-0.003768 -0.0162838 0.00431826)
(-0.00350984 -0.0158973 0.00436714)
(-0.00360561 -0.0158563 0.00428913)
(-0.00344973 -0.0157486 0.00436012)
(-0.00339257 -0.0154393 0.00422167)
(-0.00359107 -0.0156324 0.00426748)
(-0.00341851 -0.0162279 0.00476489)
(-0.00355427 -0.016674 0.00481855)
(-0.00372017 -0.0171535 0.00489202)
(-0.0035288 -0.0163691 0.00476029)
(-0.00363041 -0.0163439 0.00442664)
(-0.00370822 -0.0167365 0.00452589)
(-0.0037996 -0.0171294 0.00475439)
(-0.00337955 -0.0158903 0.00436152)
(-0.00353336 -0.0165562 0.00454946)
(-0.00330311 -0.016323 0.00497457)
(-0.00357493 -0.0164544 0.00438297)
(-0.00351006 -0.0170591 0.00476665)
(-0.00345895 -0.0160998 0.00427415)
(-0.00368342 -0.0166792 0.00472043)
(5.4741e-05 -0.11567 0.0357381)
(-0.00569136 -0.0293411 0.00773891)
(-0.00668841 -0.0336375 0.0084331)
(-0.00656608 -0.0321815 0.00862867)
(-0.00736962 -0.040465 0.0105657)
(-0.00827808 -0.0445406 0.0135068)
(-0.00670151 -0.0355274 0.00929401)
(-0.00650331 -0.0326889 0.00881427)
(-0.00551309 -0.0292604 0.00674753)
(-0.0060546 -0.0297775 0.00719272)
(-0.00535533 -0.0267563 0.00762416)
(-0.00530982 -0.025942 0.00768769)
(-0.00515607 -0.0256926 0.00692861)
(-0.00534739 -0.025895 0.00684314)
(-0.00525879 -0.0254998 0.00706085)
(-0.00576749 -0.0278077 0.00709467)
(-0.00466331 -0.0250851 0.00675114)
(-0.00493726 -0.0260349 0.00706385)
(-0.00503723 -0.0256594 0.00793561)
(-0.00490175 -0.0246028 0.00747133)
(-0.0087421 -0.129242 0.00862252)
(-0.0138988 -0.118609 0.00726942)
(-0.00784405 -0.0390676 0.00878243)
(-0.0148836 -0.0792653 0.0101699)
(-0.00986429 -0.0558865 0.0109856)
(-0.0170043 -0.0937401 0.0129645)
(-0.0277942 -0.148914 0.00525866)
(-0.0198331 -0.128805 0.00469603)
(-0.00748072 -0.034488 0.008346)
(-0.00731178 -0.0326027 0.00823243)
(-0.0131996 -0.051934 0.0114052)
(-0.0106972 -0.063805 0.0130166)
(-0.00964097 -0.0434398 0.0105405)
(-0.00995517 -0.0432854 0.00953676)
(-0.00871685 -0.0361486 0.00856994)
(-0.0079102 -0.0355543 0.00872597)
(-0.00380689 -0.0174625 0.004865)
(-0.00402548 -0.0175811 0.00479832)
(-0.00382745 -0.0178061 0.00491362)
(-0.0039479 -0.0171819 0.00469181)
(-0.00362543 -0.0171208 0.0047683)
(-0.00369964 -0.0169842 0.00474872)
(-0.00374047 -0.0167448 0.00461215)
(-0.0047512 -0.0200184 0.00567053)
(-0.00395884 -0.0179246 0.00507707)
(-0.0034103 -0.0165696 0.00459676)
(-0.00367012 -0.0176613 0.00481955)
(-0.00380574 -0.0176692 0.00493104)
(-0.00333392 -0.0165961 0.00442179)
(-0.00377673 -0.0170964 0.00470846)
(-0.0038995 -0.0169426 0.00467368)
(-0.00356278 -0.0169724 0.00470827)
(-0.0035209 -0.0168202 0.00474493)
(-0.00368914 -0.0168591 0.00468494)
(-0.00414913 -0.0174057 0.00482904)
(-0.00343311 -0.0167757 0.00456876)
(-0.00365332 -0.0167356 0.00454995)
(-0.00371554 -0.0166462 0.00450451)
(-0.00409388 -0.0173867 0.00492144)
(-0.00364431 -0.0174474 0.0047842)
(-0.00381155 -0.0172138 0.00486067)
(-0.00375823 -0.0178962 0.00498083)
(-0.0041887 -0.0177235 0.00505804)
(-0.00385359 -0.0181808 0.00500205)
(-0.00391574 -0.0189637 0.00522595)
(-0.00463937 -0.0191896 0.00596826)
(-0.00452614 -0.0185901 0.00549423)
(-0.00409736 -0.0177075 0.00522237)
(-0.00374378 -0.0166684 0.00461965)
(-0.00400032 -0.0174271 0.00485626)
(-0.00403943 -0.0175686 0.00497739)
(-0.00353574 -0.0167765 0.00432933)
(-0.00343778 -0.0158663 0.00424437)
(-0.00370833 -0.0162061 0.00460021)
(-0.0034789 -0.0170179 0.00441168)
(-0.00342191 -0.016093 0.00438395)
(-0.00384972 -0.0169604 0.005136)
(-0.00356245 -0.0169983 0.00447866)
(-0.00364441 -0.0162844 0.00443901)
(-0.00373756 -0.0171608 0.00458806)
(-0.0034808 -0.015666 0.00415247)
(-0.00335791 -0.0160148 0.00408938)
(-0.00358433 -0.0166203 0.00423355)
(-0.00384306 -0.0167055 0.00487724)
(-0.00344037 -0.0170731 0.0044576)
(-0.00364882 -0.0162684 0.00429532)
(-0.00374993 -0.0184005 0.00501649)
(-0.00398749 -0.0174547 0.00483314)
(-0.00374683 -0.016265 0.00440208)
(-0.00351192 -0.0158756 0.00425205)
(-0.00370626 -0.0168848 0.00459953)
(-0.00392215 -0.0165612 0.00466104)
(-0.00356749 -0.0159275 0.00439809)
(-0.00375105 -0.0159826 0.00441578)
(-0.00369187 -0.0165238 0.00462624)
(-0.00326318 -0.0158609 0.00447785)
(-0.00360183 -0.0164069 0.00458328)
(-0.00358238 -0.0160349 0.00444003)
(-0.00341837 -0.0158974 0.00447091)
(-0.00345611 -0.0162917 0.00451438)
(-0.00354618 -0.0158822 0.0043863)
(-0.00339509 -0.0154528 0.00426795)
(-0.00408174 -0.0187491 0.00509135)
(-0.00400049 -0.0189967 0.005262)
(-0.00414428 -0.0198811 0.005792)
(-0.00401189 -0.0193606 0.00545261)
(-0.00413656 -0.0191073 0.00529396)
(-0.00421037 -0.0184934 0.00491819)
(-0.00379927 -0.018108 0.0045887)
(-0.00405954 -0.018415 0.00536732)
(-0.00429757 -0.0187224 0.00533754)
(-0.00366506 -0.0172024 0.00467746)
(-0.00360025 -0.0164783 0.00450141)
(-0.00363591 -0.0169836 0.0047717)
(-0.00372731 -0.0171322 0.0042044)
(-0.00371699 -0.0164788 0.00459092)
(-0.00359104 -0.0165063 0.0042337)
(-0.00413915 -0.0187549 0.00505558)
(-0.00404587 -0.018305 0.00516586)
(-0.00401283 -0.0179665 0.00497839)
(-0.00413741 -0.0186922 0.00528667)
(-0.0044069 -0.0194326 0.00555679)
(-0.00415733 -0.0208119 0.00575194)
(-0.00418639 -0.0189131 0.00522554)
(-0.00637874 -0.0260092 0.00726489)
(-0.005832 -0.0249031 0.00667259)
(-0.00596837 -0.0249138 0.00729019)
(-0.00633628 -0.025561 0.00726282)
(-0.00685214 -0.0283434 0.00831648)
(-0.00809077 -0.0313392 0.00870667)
(-0.00545745 -0.0232874 0.0063601)
(-0.00539502 -0.0229701 0.00678407)
(-0.00852793 -0.0363037 0.011424)
(-0.00735402 -0.0310542 0.00967333)
(-0.0063699 -0.0283051 0.00854479)
(-0.00768313 -0.0306671 0.00896202)
(-0.00723816 -0.0286009 0.00801406)
(-0.00618518 -0.0267528 0.00779146)
(-0.00655957 -0.0269329 0.00766697)
(-0.00716571 -0.0291552 0.00828409)
(-0.00851677 -0.0333988 0.00980442)
(-0.00807618 -0.0317158 0.00928362)
(-0.00692164 -0.0289376 0.00827359)
(-0.00803709 -0.0341908 0.0108989)
(-0.0042614 -0.0188334 0.00533713)
(-0.00427379 -0.0188471 0.00532964)
(-0.00416724 -0.0205461 0.00587927)
(-0.00479215 -0.0205036 0.00551501)
(-0.00381578 -0.0184887 0.00552675)
(-0.00373185 -0.0171237 0.00474767)
(-0.00428642 -0.019367 0.00551431)
(-0.00446275 -0.0188088 0.00498769)
(-0.0168042 -0.0675136 0.0263028)
(-0.0268169 -0.0871235 0.0373747)
(-0.00640833 -0.0285091 0.00836511)
(-0.00703571 -0.0312898 0.00963892)
(-0.00507884 -0.0246541 0.00701518)
(-0.00668289 -0.0284462 0.00880209)
(-0.00710214 -0.0318337 0.00984555)
(-0.00704396 -0.030808 0.00947877)
(-0.00621216 -0.0286017 0.00845959)
(-0.00629544 -0.0280324 0.00852006)
(-0.00734867 -0.030432 0.00930887)
(-0.00392683 -0.0204904 0.00548087)
(-0.0037599 -0.0199873 0.00536856)
(-0.00600276 -0.0263092 0.00770069)
(-0.00555638 -0.0250629 0.00728325)
(-0.00431483 -0.0201317 0.00570206)
(-0.0045434 -0.0211322 0.00599388)
(-0.00413554 -0.019872 0.00550374)
(-0.00481136 -0.0214736 0.00642803)
(-0.00420384 -0.0201075 0.00570398)
(-0.00460869 -0.0225917 0.00659735)
(-0.00442456 -0.0216802 0.00574512)
(-0.00494894 -0.0236127 0.0067366)
(-0.00485951 -0.0223024 0.00640312)
(-0.00465007 -0.0216551 0.00617454)
(-0.0046419 -0.0214363 0.00586903)
(-0.00480556 -0.0212585 0.00605993)
(-0.00465616 -0.0232422 0.00648456)
(-0.00535563 -0.0246539 0.00725337)
(-0.00480264 -0.0239059 0.00676565)
(-0.00514777 -0.0227326 0.00669526)
(-0.00487991 -0.0223925 0.00659115)
(-0.00457027 -0.0203349 0.00542612)
(-0.00446243 -0.0202051 0.00563659)
(-0.00406904 -0.0191364 0.00535942)
(-0.00423016 -0.0191561 0.00516241)
(-0.00382035 -0.0167056 0.00460256)
(-0.00343122 -0.0152806 0.00452531)
(-0.00384172 -0.0164122 0.00464678)
(-0.0036052 -0.0160146 0.00429976)
(-0.00349774 -0.0157249 0.0046779)
(-0.00369966 -0.0164311 0.00424856)
(-0.00362839 -0.0162552 0.00449309)
(-0.00352136 -0.0159685 0.00443627)
(-0.00384381 -0.0165328 0.00443248)
(-0.0037016 -0.0159554 0.00438395)
(-0.00365424 -0.016281 0.00465707)
(-0.00390643 -0.0161305 0.00407698)
(-0.00363829 -0.0157563 0.00428212)
(-0.00350709 -0.0165488 0.00487081)
(-0.00370145 -0.0169651 0.00466136)
(-0.00356562 -0.0166405 0.00461318)
(-0.00381876 -0.0164039 0.00422923)
(-0.00359627 -0.0161206 0.00411828)
(-0.00345073 -0.0152025 0.00409426)
(-0.00373833 -0.0161475 0.00438912)
(-0.00357137 -0.0162235 0.0043066)
(-0.0035208 -0.0162507 0.00445286)
(-0.00387441 -0.0166218 0.00458684)
(-0.00362489 -0.0165103 0.00480183)
(-0.00383467 -0.0168099 0.00435796)
(-0.00394321 -0.0167575 0.00456017)
(-0.00376829 -0.016175 0.00434368)
(-0.003812 -0.0166475 0.00432496)
(-0.00356893 -0.0157328 0.00443624)
(-0.0039492 -0.0166843 0.00419554)
(-0.00371772 -0.0163471 0.00451276)
(-0.00359404 -0.0159812 0.00406366)
(-0.00416718 -0.0183795 0.00514374)
(-0.00347381 -0.0173921 0.00432309)
(-0.00353044 -0.0171077 0.00425308)
(-0.00326695 -0.0164517 0.00393572)
(-0.00358416 -0.0169936 0.00443642)
(-0.00361909 -0.0168045 0.00439729)
(-0.00419447 -0.0173993 0.00499886)
(-0.0444922 -0.132548 0.0690756)
(-0.00679419 -0.0822935 0.0392443)
(-0.0334116 -0.136729 0.0743929)
(-0.0498824 -0.127013 0.0630481)
(-0.0390844 -0.12607 0.0646558)
(-0.047135 -0.110387 0.0542564)
(-0.0311812 -0.0860449 0.0298905)
(-0.00369401 -0.0179736 0.0050124)
(-0.00383041 -0.0180565 0.0049336)
(-0.00375647 -0.0179545 0.00502598)
(-0.00381379 -0.0173139 0.00452237)
(-0.00388502 -0.0171581 0.00475325)
(-0.00373106 -0.0170331 0.00485196)
(-0.00361014 -0.0167327 0.00449378)
(-0.00477986 -0.0243519 0.00688152)
(-0.00486298 -0.023969 0.00625261)
(-0.00524533 -0.0249131 0.00712885)
(-0.00459228 -0.0217756 0.00629886)
(-0.00431107 -0.0201147 0.0056615)
(-0.00454764 -0.0208239 0.00565207)
(-0.00497513 -0.0242612 0.00709584)
(-0.00491835 -0.0228801 0.00662389)
(-0.00448139 -0.0211999 0.00597588)
(-0.00476705 -0.0222113 0.00670695)
(-0.00407302 -0.0183942 0.00487393)
(-0.00425269 -0.0203442 0.00512423)
(-0.00434319 -0.020373 0.00567561)
(-0.00401882 -0.0179737 0.00503195)
(-0.0042425 -0.0198877 0.00564913)
(-0.00402141 -0.0181487 0.0049115)
(-0.00393821 -0.0184019 0.00474011)
(-0.00407844 -0.0188851 0.00556286)
(-0.00417749 -0.0192527 0.00542253)
(-0.00429554 -0.0195945 0.00557142)
(-0.0041988 -0.0200452 0.00564267)
(-0.00427361 -0.0188617 0.00518129)
(-0.00405396 -0.0184842 0.0050521)
(-0.00375856 -0.0169436 0.00467021)
(-0.00389356 -0.0183832 0.00515963)
(-0.00409417 -0.0199929 0.00507021)
(-0.00412799 -0.0188683 0.00498014)
(-0.00425912 -0.0189443 0.00519388)
(-0.00438487 -0.0195841 0.0048196)
(-0.00456136 -0.0207581 0.005083)
(-0.00468298 -0.0199357 0.0058561)
(-0.00498853 -0.021563 0.00641457)
(-0.00470377 -0.0228992 0.00657031)
(-0.00480629 -0.0212116 0.00558653)
(-0.00439163 -0.0202954 0.00549305)
(-0.00422974 -0.0191593 0.00516164)
(-0.00414245 -0.0186426 0.0051777)
(-0.00412923 -0.0185918 0.00526387)
(-0.00414423 -0.0194826 0.00524682)
(-0.00415001 -0.0192599 0.00518157)
(-0.00418856 -0.0193865 0.00531418)
(-0.00427913 -0.0196081 0.00516127)
(-0.00414916 -0.0197939 0.00541587)
(-0.00414976 -0.0197395 0.00543222)
(-0.00465229 -0.0206569 0.00623248)
(-0.00457903 -0.0197056 0.00512531)
(-0.00465233 -0.0207697 0.0059272)
(-0.00440304 -0.0194579 0.00539493)
(-0.00448221 -0.0200377 0.00553574)
(-0.00442884 -0.0194951 0.00535817)
(-0.00442071 -0.01994 0.00546814)
(-0.00450187 -0.0192769 0.00511859)
(-0.00441361 -0.0191255 0.00529602)
(-0.00442947 -0.0189479 0.00500842)
(-0.0044084 -0.0193942 0.00553851)
(-0.00390001 -0.0165999 0.00457414)
(-0.00347341 -0.0155319 0.00433184)
(-0.0033188 -0.015523 0.00430165)
(-0.00352439 -0.0166369 0.00452038)
(-0.00355141 -0.0161369 0.00459063)
(-0.00357942 -0.0158793 0.00479126)
(-0.00397903 -0.0182107 0.00457884)
(-0.00396525 -0.0168942 0.00477823)
(-0.00328428 -0.0159164 0.0041831)
(-0.00334257 -0.016909 0.00418749)
(-0.00377812 -0.017227 0.00485191)
(-0.00386114 -0.0169134 0.00473578)
(-0.00394604 -0.0178945 0.00480175)
(-0.00380665 -0.016674 0.00462527)
(-0.00371328 -0.0170438 0.00470839)
(-0.00402249 -0.0178228 0.00502019)
(-0.00377788 -0.0171784 0.00497208)
(-0.00384473 -0.0174386 0.00488552)
(-0.00408191 -0.0182448 0.00561775)
(-0.00387574 -0.0176806 0.00503897)
(-0.00377144 -0.0168202 0.00477583)
(-0.00409708 -0.0174549 0.00491008)
(-0.00411718 -0.0172511 0.00456954)
(-0.00383827 -0.0171562 0.00478933)
(-0.00379901 -0.0175828 0.00499881)
(-0.00395883 -0.0175801 0.00509678)
(-0.00420737 -0.0180444 0.00523054)
(-0.00459184 -0.0203524 0.00579218)
(-0.0048406 -0.0223512 0.00649925)
(-0.00415638 -0.0213732 0.00606482)
(-0.00508411 -0.0213084 0.00595995)
(-0.00445597 -0.0206708 0.00547112)
(-0.00444287 -0.0216788 0.00615255)
(-0.00465301 -0.0200401 0.00546811)
(-0.00404058 -0.018812 0.00514968)
(-0.00456332 -0.0198139 0.00537461)
(-0.004055 -0.0186997 0.00525369)
(-0.00399191 -0.0187136 0.0053575)
(-0.00417511 -0.0186839 0.00537645)
(-0.00393315 -0.0190261 0.0053335)
(-0.00426027 -0.018627 0.00500215)
(-0.00371869 -0.017543 0.00495721)
(-0.00375811 -0.0176676 0.00496091)
(-0.00372334 -0.0180952 0.00510812)
(-0.0040705 -0.0182253 0.00501229)
(-0.00385035 -0.0184687 0.00528555)
(-0.00390845 -0.0183312 0.00511683)
(-0.00393466 -0.0185444 0.00523184)
(-0.00415684 -0.0190978 0.00531885)
(-0.00867868 -0.0340518 0.00961944)
(-0.0303289 -0.0702057 0.0212458)
(-0.0121718 -0.0488098 0.0151681)
(-0.00972634 -0.080878 0.0376204)
(-0.015425 -0.0555466 0.0179154)
(-0.00688691 -0.0295213 0.00878047)
(-0.0066262 -0.0300412 0.00910619)
(-0.00895697 -0.0373452 0.01189)
(-0.00832571 -0.0334579 0.00994611)
(-0.0037802 -0.0178543 0.00486997)
(-0.00421007 -0.0195114 0.00533122)
(-0.003423 -0.0178682 0.00472722)
(-0.00450023 -0.0190273 0.00526473)
(-0.00380204 -0.0174361 0.00469345)
(-0.00415155 -0.0178717 0.00505563)
(-0.00388942 -0.0177678 0.00498387)
(-0.00387701 -0.0188413 0.00521271)
(-0.00360404 -0.0182972 0.004997)
(-0.00397404 -0.0179834 0.00503145)
(-0.0040715 -0.017407 0.0051837)
(-0.0035969 -0.0170893 0.00481526)
(-0.00379136 -0.0178496 0.0054453)
(-0.00358733 -0.017365 0.00452157)
(-0.00384189 -0.0169871 0.00469799)
(-0.0036545 -0.0164953 0.0044667)
(-0.00375978 -0.0172311 0.0046388)
(-0.00403073 -0.0173611 0.00466524)
(-0.00369301 -0.0169196 0.00474708)
(-0.00376409 -0.0169793 0.00489522)
(-0.00360533 -0.0166304 0.00457618)
(-0.00369228 -0.0175098 0.00491765)
(-0.00368088 -0.0175213 0.00492684)
(-0.00372483 -0.0174299 0.00488762)
(-0.00344994 -0.0156296 0.004354)
(-0.00362423 -0.0160174 0.00445204)
(-0.00354325 -0.0166979 0.00470032)
(-0.00371509 -0.0167583 0.00476413)
(-0.00361022 -0.0156873 0.00442442)
(-0.00346578 -0.0163566 0.00462)
(-0.00374662 -0.0161975 0.00451121)
(-0.00440031 -0.0178374 0.00519821)
(-0.00394883 -0.0175877 0.00474281)
(-0.00403353 -0.0175289 0.00482122)
(-0.00388808 -0.0167998 0.00472148)
(-0.00365792 -0.0171674 0.00488755)
(-0.0038975 -0.017564 0.00472648)
(-0.00358607 -0.0172268 0.00460219)
(-0.00370391 -0.0166638 0.00426843)
(-0.0038557 -0.0169024 0.00442022)
(-0.0036775 -0.0169697 0.00470158)
(-0.0037132 -0.0171039 0.00468723)
(-0.00647144 -0.033655 0.00924173)
(-0.00655151 -0.0341173 0.00836658)
(-0.00713804 -0.0377613 0.00940791)
(-0.00661952 -0.0897791 0.0171774)
(0.00266907 -0.111134 0.024893)
(0.00152579 -0.0829791 0.0294432)
(0.00410302 -0.138501 0.032911)
(-0.00476786 -0.0216735 0.00585312)
(-0.00485941 -0.0245236 0.00658957)
(-0.00505666 -0.0242316 0.00617718)
(-0.00490034 -0.0242446 0.00640479)
(-0.00512843 -0.0230342 0.00607351)
(-0.00515825 -0.0238331 0.00580428)
(-0.00479109 -0.0243005 0.0064935)
(-0.00443818 -0.0209986 0.00620535)
(-0.0059854 -0.0271327 0.00698867)
(-0.00574067 -0.0271793 0.00706081)
(-0.00490452 -0.0233766 0.00634521)
(-0.0052254 -0.0241363 0.00640035)
(-0.00521979 -0.0246896 0.00656744)
(-0.00506895 -0.0234522 0.00624042)
(-0.00528821 -0.0254094 0.00673967)
(-0.00555423 -0.0258091 0.00678792)
(-0.00367387 -0.0167974 0.00438973)
(-0.00356297 -0.0159469 0.00425881)
(-0.00358693 -0.0164078 0.00442467)
(-0.00357443 -0.0170101 0.00448072)
(-0.00373195 -0.016599 0.00455192)
(-0.00375989 -0.0168153 0.00482052)
(-0.00389403 -0.0177139 0.0045465)
(-0.00410547 -0.0174105 0.00485974)
(-0.00403457 -0.017287 0.00490702)
(-0.00358049 -0.0165729 0.00447463)
(-0.00386237 -0.0187046 0.00484422)
(-0.00425185 -0.0181507 0.00519248)
(-0.00673096 -0.0267975 0.00729218)
(-0.00597306 -0.024713 0.00633092)
(-0.00570708 -0.0239749 0.00614291)
(-0.00643019 -0.0254469 0.00688508)
(-0.00588134 -0.0244667 0.00640181)
(-0.00589372 -0.024543 0.00629118)
(-0.00658595 -0.0264797 0.00688832)
(-0.00602854 -0.0248139 0.00642337)
(-0.00579216 -0.0297773 0.00723365)
(-0.00613432 -0.0291625 0.00730244)
(-0.00620382 -0.0294543 0.00728564)
(-0.00662923 -0.0310183 0.0078943)
(-0.00517692 -0.0221199 0.00567265)
(-0.00509905 -0.0228226 0.00572429)
(-0.00623255 -0.0248884 0.00749373)
(-0.0057348 -0.024428 0.00706883)
(-0.00589321 -0.0240408 0.00561169)
(-0.00961267 -0.0373425 0.0107384)
(-0.00963404 -0.0373781 0.0111016)
(-0.0149076 -0.0484698 0.0148468)
(-0.0158547 -0.0488616 0.0139002)
(-0.0616318 -0.137771 0.0610233)
(-0.0343889 -0.0888377 0.0343972)
(-0.0446826 -0.110411 0.00996223)
(-0.00914173 -0.0764313 0.00603847)
(-0.00366761 -0.0164037 0.00440844)
(-0.00351975 -0.0160975 0.00432821)
(-0.0034998 -0.0156973 0.00425842)
(-0.00359348 -0.016097 0.00450406)
(-0.0529294 -0.114487 0.0183463)
(-0.0092992 -0.0399506 0.00910749)
(-0.00791337 -0.0326555 0.00902155)
(-0.0328635 -0.0824682 0.0175585)
(-0.00718474 -0.0291631 0.00791395)
(-0.00781674 -0.0303416 0.00808233)
(-0.00682133 -0.0285476 0.00768651)
(-0.00754566 -0.0315689 0.00966096)
(-0.00384741 -0.0183961 0.00501973)
(-0.00363877 -0.0184683 0.00469152)
(-0.00397148 -0.0183119 0.00491178)
(-0.00449898 -0.0204528 0.00556478)
(-0.0041558 -0.0195209 0.00532363)
(-0.00409706 -0.0197362 0.00531637)
(-0.00438147 -0.0203605 0.00556305)
(-0.00465516 -0.021915 0.00562394)
(-0.00487759 -0.0219339 0.00569866)
(-0.00458734 -0.021395 0.00568001)
(-0.00447439 -0.0193421 0.00541731)
(-0.00441473 -0.0191663 0.00539465)
(-0.00441704 -0.0205876 0.00528422)
(-0.00443898 -0.0199887 0.00536853)
(-0.00327326 -0.0158772 0.00442443)
(-0.00356763 -0.0157667 0.00400502)
(-0.00350523 -0.0160379 0.00452491)
(-0.00357337 -0.0156537 0.00409101)
(-0.00360535 -0.0156973 0.00405248)
(-0.00340988 -0.0165093 0.00460372)
(-0.00366292 -0.0164747 0.00447712)
(-0.00356546 -0.0158983 0.00452328)
(-0.00339869 -0.0147214 0.00417557)
(-0.0036024 -0.0157491 0.00486473)
(-0.00331727 -0.0157926 0.00418131)
(-0.00373098 -0.0172325 0.00469047)
(-0.00313208 -0.0154374 0.00410843)
(-0.00375712 -0.0162852 0.0045051)
(-0.00373037 -0.0159657 0.00458684)
(-0.00388445 -0.0162516 0.00447728)
(-0.00320499 -0.0146232 0.00409225)
(-0.00386051 -0.0158943 0.00443934)
(-0.00350626 -0.0152245 0.00416044)
(-0.00353614 -0.0155448 0.00421489)
(-0.00367569 -0.0155895 0.00437143)
(-0.00352618 -0.0157499 0.00423814)
(-0.00380123 -0.016087 0.00447887)
(-0.00369001 -0.0165506 0.00452235)
(-0.00357255 -0.0161912 0.00449687)
(-0.00353082 -0.0169016 0.00478538)
(-0.00359986 -0.0166846 0.00469229)
(-0.00364638 -0.0165988 0.00459444)
(-0.0034365 -0.016725 0.00475497)
(-0.00352928 -0.0164607 0.00461143)
(-0.00406426 -0.0172533 0.00466899)
)
;
    }
    INLET
    {
        type            calculated;
        value           uniform (0 0 0);
    }
    OUTLET
    {
        type            calculated;
        value           nonuniform 0();
    }
    procBoundary10to9
    {
        type            processor;
        value           uniform (0 0 0);
    }
}


// ************************************************************************* //
