/*--------------------------------*- C++ -*----------------------------------*\
| =========                 |                                                 |
| \\      /  F ield         | OpenFOAM: The Open Source CFD Toolbox           |
|  \\    /   O peration     | Version:  v1612+                                |
|   \\  /    A nd           | Web:      www.OpenFOAM.com                      |
|    \\/     M anipulation  |                                                 |
\*---------------------------------------------------------------------------*/
FoamFile
{
    version     2.0;
    format      ascii;
    class       volVectorField;
    location    "150";
    object      wallShearStress;
}
// * * * * * * * * * * * * * * * * * * * * * * * * * * * * * * * * * * * * * //

dimensions      [0 2 -2 0 0 0 0];

internalField   uniform (0 0 0);

boundaryField
{
    WALL
    {
        type            calculated;
        value           nonuniform List<vector> 
1676
(
(-0.00512282 -0.00548318 -0.0111908)
(-0.00302424 -0.0061597 -0.013569)
(0.00230628 -0.000648097 -0.00186671)
(0.000416321 0.00043797 0.000122244)
(-0.00212673 -0.0158252 -0.00708205)
(-0.0024825 -0.0130912 -0.00675202)
(0.00213101 -0.0104246 -0.00900062)
(0.000482788 -0.0094895 -0.00872619)
(0.00102692 -0.00104321 -0.00133214)
(0.00159909 -0.00173456 -0.00214414)
(-0.00223 -0.00132235 -0.00185204)
(-0.00425545 -0.00270202 -0.00545085)
(0.00378552 -0.0158047 -0.0160528)
(0.00323923 -0.012822 -0.0124696)
(0.0115574 -0.0150466 -0.0160416)
(0.0127896 -0.0173335 -0.0191688)
(-0.000637012 -0.00773494 -0.0074283)
(0.00551372 -0.0171142 -0.0128996)
(0.00548085 -0.0186002 -0.0131644)
(-0.00426314 -0.0171924 -0.0070801)
(-0.00551096 -0.0161048 -0.00746598)
(-0.000752949 -0.0174626 -0.00744805)
(-0.00209743 -0.0172101 -0.00767783)
(-0.00319762 -0.00913011 -0.00960718)
(-0.00494553 -0.00935138 -0.00900237)
(0.009731 -0.0175331 -0.0185595)
(0.00954029 -0.0179315 -0.0183455)
(6.94807e-05 -0.00934068 -0.0130452)
(0.0015681 -0.00925628 -0.0130332)
(0.0041898 -0.0144932 -0.00944586)
(0.0035751 -0.0125493 -0.00889699)
(0.00406746 -0.0172875 -0.00570103)
(0.00525086 -0.0177003 -0.00719338)
(-0.00361275 -0.0102359 -0.0139625)
(-0.000988072 -0.0103924 -0.0137999)
(-1.12395e-05 -0.0081199 -0.0146401)
(-0.00183662 -0.00765706 -0.0142735)
(-0.00293929 -0.00322491 -0.0087328)
(-0.00269211 -0.00305104 -0.0111141)
(0.00453103 -0.0159342 -0.00615595)
(0.00475184 -0.014406 -0.00647373)
(0.0145449 -0.0165504 -0.0207421)
(7.31905e-05 -0.000219479 -0.000439187)
(-0.00251438 -0.00398381 -0.0119587)
(0.000521836 -0.0054855 -0.0131285)
(0.00102095 -0.0209801 -0.00750142)
(0.000941272 -0.0227711 -0.00639698)
(0.000839433 -0.0164505 -0.00281302)
(0.00213899 -0.016799 -0.00398133)
(0.000338697 -0.0182144 -0.00385346)
(0.00223035 -0.0178552 -0.00502357)
(-0.000438014 -0.0180614 -0.00360773)
(-2.78195e-05 -0.0181251 -0.00405141)
(-0.00213699 -0.0129381 -0.0139564)
(-0.00401902 -0.014466 -0.0145287)
(-0.00146157 -0.014095 -0.014246)
(-0.00346144 -0.0135621 -0.0141405)
(0.00948836 -0.0155035 -0.0173264)
(0.00856554 -0.0157355 -0.0175663)
(0.00787324 -0.0158311 -0.0178996)
(0.010112 -0.0150722 -0.0166262)
(0.00978878 -0.0170517 -0.0191639)
(0.0093623 -0.0164053 -0.0186155)
(0.00469277 -0.0144495 -0.0153912)
(0.00204075 -0.0141335 -0.0140114)
(0.00141573 -0.0155638 -0.014665)
(-0.000220558 -0.0138142 -0.0132188)
(0.000452778 -0.0123353 -0.0120697)
(0.00254001 -0.0145236 -0.0145076)
(0.0139267 -0.0175061 -0.0213606)
(0.0144563 -0.0181415 -0.0236239)
(0.0146347 -0.01839 -0.023701)
(0.0143644 -0.0187996 -0.0236604)
(0.0132101 -0.0178146 -0.0219536)
(0.0129006 -0.0162961 -0.0197043)
(0.00400671 -0.0138953 -0.00688122)
(0.00331415 -0.0127432 -0.00707306)
(0.0042401 -0.0157263 -0.00710331)
(0.00188485 -0.0171109 -0.0138233)
(0.00452824 -0.0178006 -0.0160745)
(0.00315126 -0.0172793 -0.0152187)
(0.00343195 -0.0175969 -0.0138095)
(0.00130086 -0.0169683 -0.0128849)
(0.00362543 -0.0162052 -0.0137599)
(-0.00459675 -0.015773 -0.00857071)
(-0.0032703 -0.0174599 -0.00784)
(-0.0033187 -0.016548 -0.0092943)
(-0.0045606 -0.0178006 -0.00627027)
(-0.00491199 -0.0170108 -0.00804879)
(-0.00343645 -0.0165937 -0.00816401)
(0.0145052 -0.0184016 -0.0219936)
(0.0150643 -0.0196521 -0.0235424)
(0.0172762 -0.0206556 -0.0253759)
(0.0103064 -0.0177986 -0.0196408)
(0.0109543 -0.017627 -0.0198622)
(0.00896631 -0.0178946 -0.0178419)
(0.0107487 -0.0187053 -0.0203516)
(0.0114501 -0.0192804 -0.0211859)
(0.0103006 -0.0181997 -0.0191524)
(-0.00166976 -0.00719707 -0.00758772)
(-0.00384201 -0.0069462 -0.00796712)
(-0.00267792 -0.00701405 -0.00776864)
(0.0010888 -0.00925983 -0.0145299)
(0.00231619 -0.00877676 -0.0140809)
(0.0025079 -0.00923637 -0.0130801)
(0.002762 -0.00911117 -0.01299)
(-0.000416642 -0.00774893 -0.014771)
(0.00103389 -0.00869432 -0.014512)
(0.00899941 -0.00531778 -0.0116579)
(0.00680624 -0.00517537 -0.00901179)
(0.00755744 -0.00550273 -0.00935206)
(0.00954046 -0.0065814 -0.0122758)
(0.00918933 -0.0064609 -0.0118929)
(0.0119254 -0.0162943 -0.0156584)
(0.0112413 -0.012588 -0.0174967)
(0.0127912 -0.0145163 -0.0187387)
(0.0123697 -0.0161011 -0.0169394)
(0.0118632 -0.014157 -0.0167124)
(0.0131803 -0.0158379 -0.019296)
(0.0058896 -0.0111336 -0.00956408)
(0.00582183 -0.0105919 -0.00821117)
(0.00548157 -0.00925128 -0.0094327)
(0.00630384 -0.0126119 -0.00973739)
(0.00559952 -0.00959061 -0.00959197)
(0.00622066 -0.0123199 -0.00922523)
(0.00237285 -0.0178314 -0.00415131)
(0.000409534 -0.017797 -0.00315322)
(0.00194644 -0.0171047 -0.00408615)
(0.000538841 -0.0186344 -0.00353356)
(0.00239809 -0.0166091 -0.003546)
(-0.000444341 -0.0177516 -0.00274092)
(0.00288202 -0.0181533 -0.00812897)
(0.00314897 -0.0159379 -0.00836204)
(0.0032217 -0.0156792 -0.00679276)
(0.00270281 -0.0158907 -0.0056151)
(0.00264539 -0.0172945 -0.00674283)
(0.0025952 -0.0172844 -0.00683831)
(0.00387239 -0.0167921 -0.00794138)
(0.00534447 -0.0161639 -0.00888551)
(0.0054132 -0.0165899 -0.00910432)
(0.00708733 -0.0172405 -0.0102507)
(0.00631281 -0.0155399 -0.00883949)
(0.0111635 -0.0173636 -0.0177855)
(0.012045 -0.0167278 -0.017709)
(0.0127108 -0.0163135 -0.0187798)
(0.0115269 -0.0158246 -0.0170096)
(0.0119656 -0.0157201 -0.01769)
(0.0123338 -0.0166693 -0.0183851)
(0.00345997 -0.0165302 -0.00430201)
(0.0041346 -0.0161883 -0.00564552)
(0.00471405 -0.0134072 -0.00743697)
(0.00456957 -0.0166903 -0.00631532)
(0.00425788 -0.0142379 -0.00611222)
(0.0124191 -0.0167347 -0.0168656)
(0.0109074 -0.0128016 -0.0145554)
(0.0124406 -0.0160003 -0.0178447)
(0.0114598 -0.0116184 -0.018035)
(0.0127648 -0.0140261 -0.0190402)
(0.0109996 -0.0145051 -0.0145631)
(0.0125257 -0.0121393 -0.0189015)
(0.0129249 -0.011767 -0.0180137)
(0.0138913 -0.0135444 -0.0194769)
(0.0138594 -0.0131128 -0.0200566)
(0.0126683 -0.0110455 -0.0198693)
(0.0126786 -0.0128604 -0.0177891)
(0.00695436 -0.0072829 -0.015998)
(0.00450839 -0.00537301 -0.0139165)
(0.00450034 -0.00513175 -0.0141343)
(0.00674494 -0.00669514 -0.015765)
(0.00654716 -0.00714779 -0.0155365)
(0.00582437 -0.00669798 -0.0151296)
(0.00945013 -0.00723582 -0.0211735)
(0.0123162 -0.00852233 -0.0235578)
(-0.000176724 0.000589841 0.000772529)
(-0.000562496 0.000832725 0.000968891)
(-0.000762284 0.00111316 0.00132751)
(-0.000198406 0.000400621 0.000546066)
(-0.000211735 0.000355092 0.000478529)
(-0.000354189 0.000887402 0.00110913)
(4.12608e-05 0.000236372 0.000291734)
(8.6874e-05 -0.000350456 -0.000609594)
(2.17137e-05 0.000166808 0.000238937)
(3.68074e-05 -9.38924e-05 -0.000216435)
(0.000243349 -0.000366064 -0.000618725)
(-1.55702e-05 5.3737e-06 -2.90261e-06)
(0.000123817 -0.000416654 -0.000703932)
(0.000384511 -0.00116064 -0.00171932)
(0.000403596 -0.00119568 -0.00189004)
(0.000217577 -0.000743307 -0.00121027)
(0.000119998 -0.000479022 -0.000649333)
(0.000236437 -0.000808215 -0.00117501)
(0.00168742 -0.00322432 -0.00780658)
(0.00223746 -0.00433495 -0.00907558)
(0.00322099 -0.00484984 -0.0116994)
(0.00168491 -0.00343305 -0.00692778)
(0.00263001 -0.0040168 -0.00960281)
(0.0033605 -0.00516011 -0.0108135)
(0.00554291 -0.015609 -0.00688741)
(0.00453307 -0.0154499 -0.00594495)
(0.00568712 -0.0151145 -0.00733068)
(0.00494474 -0.0162165 -0.00697009)
(0.00553236 -0.0159652 -0.00705162)
(0.00387433 -0.0160574 -0.00605881)
(0.00495559 -0.00986224 -0.0110755)
(0.00370426 -0.00840407 -0.0127605)
(0.00537932 -0.0105333 -0.0108876)
(0.00372916 -0.0090082 -0.0129749)
(0.00436604 -0.00983348 -0.0120061)
(0.00496421 -0.00930295 -0.0110963)
(0.00767254 -0.0102301 -0.0113601)
(0.00732409 -0.0109806 -0.0105928)
(0.00761114 -0.0105369 -0.0119909)
(0.00624052 -0.00880651 -0.00996351)
(0.00637212 -0.00833543 -0.0109355)
(0.00711586 -0.0110185 -0.0100313)
(0.00886235 -0.0150042 -0.0119575)
(0.010098 -0.0114574 -0.0141937)
(0.0082083 -0.0121344 -0.0117158)
(0.00829404 -0.0140358 -0.0113945)
(0.00999942 -0.0143639 -0.0135986)
(0.0103439 -0.0129558 -0.0144804)
(-0.00307841 -0.00229074 -0.00479478)
(-0.00204865 -0.00285744 -0.00540359)
(-0.00355141 -0.00291705 -0.00708196)
(-0.00262479 -0.0035094 -0.00911426)
(-0.00249783 -0.00302719 -0.00708441)
(-0.00466367 -0.00280191 -0.00976101)
(-0.00544259 -0.00346401 -0.00876293)
(-0.00478293 -0.00338123 -0.00872759)
(-0.00389848 -0.00422114 -0.0121568)
(-0.00500882 -0.00492441 -0.0112647)
(-0.00414811 -0.00666791 -0.0129091)
(-0.00289962 -0.00595704 -0.013815)
(-0.00386587 -0.00498449 -0.0124647)
(0.00139108 -0.00715493 -0.0135149)
(0.00149803 -0.00661717 -0.0129487)
(-0.000403198 -0.00702751 -0.0144076)
(-0.00160811 -0.00592831 -0.0140838)
(-0.00110142 -0.00560526 -0.0134691)
(0.000506063 -0.00489646 -0.012726)
(-0.000583867 -0.00286326 -0.00566412)
(-0.000430641 -0.00199239 -0.00312851)
(-0.000904225 -0.0016799 -0.00285643)
(-0.00154955 -0.00248145 -0.00541646)
(-0.000624936 -0.0023233 -0.00441752)
(-0.00132089 -0.00230933 -0.00424675)
(-0.000159792 -0.00177744 -0.00337229)
(8.86772e-05 -0.00115286 -0.00170178)
(-0.000101581 -0.00131027 -0.00227737)
(-0.00028443 -0.000956021 -0.00150756)
(-0.0004125 -0.00139503 -0.00249289)
(-0.000323165 -0.001764 -0.00321471)
(0.000451763 -0.0026689 -0.00822346)
(0.00144201 -0.00412757 -0.011471)
(0.00217454 -0.0038729 -0.00887357)
(0.0026983 -0.00488145 -0.0122135)
(0.00229049 -0.00400961 -0.0127727)
(0.00230277 -0.00358499 -0.010785)
(0.00471823 -0.0147164 -0.00980842)
(0.00378446 -0.0155783 -0.00940719)
(0.00412391 -0.0154311 -0.00922501)
(0.00552995 -0.0169938 -0.0107059)
(0.00453179 -0.0177427 -0.00990152)
(0.00452165 -0.0177176 -0.00950256)
(0.0122031 -0.0240342 -0.0122726)
(0.0141804 -0.0241793 -0.0139112)
(0.0111521 -0.0229963 -0.0112582)
(0.013493 -0.023855 -0.0138527)
(0.0127494 -0.0223523 -0.0142629)
(0.0118303 -0.0236431 -0.0132024)
(0.0129071 -0.0134265 -0.0186975)
(0.0130463 -0.0138642 -0.0200156)
(0.0137747 -0.0124102 -0.0212584)
(0.0123057 -0.00983432 -0.0188556)
(0.013962 -0.0139958 -0.0212191)
(0.0125117 -0.0115968 -0.0184685)
(0.0106094 -0.016665 -0.0142052)
(0.0135825 -0.0190544 -0.018654)
(0.012272 -0.0203546 -0.0151676)
(0.0126564 -0.0195951 -0.0157792)
(0.0131907 -0.0188565 -0.0180089)
(0.0104314 -0.0162755 -0.0161353)
(0.010963 -0.0133138 -0.0154582)
(0.00906881 -0.0113803 -0.0128198)
(0.00999419 -0.0119538 -0.0143956)
(0.0109536 -0.0131333 -0.0164592)
(0.00841813 -0.012319 -0.0125255)
(0.00925677 -0.0102858 -0.0128543)
(0.00256377 -0.00331267 -0.0039415)
(0.00363885 -0.00485342 -0.00547176)
(0.00365944 -0.00410905 -0.00516224)
(0.00208721 -0.00313049 -0.00342294)
(0.00263947 -0.0038417 -0.00421053)
(0.00421608 -0.00510373 -0.00585632)
(0.0100594 -0.00924743 -0.0140446)
(0.0105175 -0.00951933 -0.0148731)
(0.0111798 -0.0117561 -0.0160078)
(0.0114978 -0.0105775 -0.0164988)
(0.00946308 -0.00825449 -0.0132072)
(0.0118801 -0.00976275 -0.0176542)
(0.00562963 -0.00695251 -0.00811063)
(0.0072253 -0.00750828 -0.0100883)
(0.00735395 -0.00563976 -0.00882587)
(0.00766612 -0.00811906 -0.0102767)
(0.00650483 -0.00590989 -0.0085675)
(0.00834352 -0.0090921 -0.0117968)
(0.0105513 -0.00760773 -0.014433)
(0.0129758 -0.00917682 -0.0179661)
(0.0118697 -0.00995756 -0.0174189)
(0.0115864 -0.0069184 -0.0156715)
(0.0123454 -0.00705088 -0.016116)
(0.0105285 -0.00782987 -0.0151673)
(0.00918671 -0.00481083 -0.0109242)
(0.00911376 -0.00344136 -0.0108657)
(0.00774574 -0.00323008 -0.00868328)
(0.00992702 -0.00424289 -0.0120336)
(0.00874653 -0.00316494 -0.0095966)
(0.00732932 -0.00236529 -0.00791265)
(0.00246458 -0.00552086 -0.00503871)
(0.00330086 -0.00578923 -0.00550496)
(0.00164606 -0.0046279 -0.00404581)
(0.00167138 -0.00374876 -0.0034922)
(0.0032017 -0.00677314 -0.00621123)
(0.00219802 -0.0039965 -0.00382634)
(0.00288482 -0.0062918 -0.00555124)
(0.00275057 -0.00744892 -0.00600018)
(0.00263997 -0.00665077 -0.00561174)
(0.00164612 -0.00453568 -0.0040208)
(0.00124474 -0.00372202 -0.00323891)
(0.00160162 -0.00464277 -0.00380379)
(-0.000137969 0.00108406 0.00104983)
(-0.000490951 0.00115043 0.00133915)
(-0.000197707 0.00100027 0.00099649)
(0.000668622 -5.10067e-05 -0.000449882)
(0.00071035 0.000449261 9.69597e-05)
(0.00201425 -0.000357006 -0.00139921)
(0.00330612 -0.00150059 -0.00320363)
(0.00278305 -0.00166555 -0.00297898)
(0.00156031 -0.000332165 -0.000961914)
(0.00315689 -0.000737705 -0.00253549)
(0.0014118 -0.000193021 -0.000945227)
(0.00166707 -0.00125832 -0.00184024)
(0.00192588 -0.000985728 -0.00177401)
(0.00116501 -0.000374126 -0.000852726)
(0.00129133 -0.000453116 -0.00105324)
(0.0024016 -0.00114594 -0.00203539)
(0.00138865 -0.000784047 -0.00130966)
(-0.00472142 -0.00776075 -0.00784616)
(-0.005342 -0.00765344 -0.00841148)
(-0.00383759 -0.00506631 -0.00456475)
(-0.0048108 -0.00577103 -0.00616603)
(-0.00423106 -0.00797877 -0.00687767)
(-0.00326114 -0.00520591 -0.00421097)
(-0.00507887 -0.00966821 -0.00979134)
(-0.00515427 -0.0114791 -0.0100749)
(-0.00525069 -0.0112031 -0.0109665)
(-0.00475686 -0.0100751 -0.00833037)
(-0.00549312 -0.0109182 -0.0114822)
(-0.00493311 -0.00989808 -0.0087784)
(-0.000375718 -0.0101402 -0.0131203)
(-0.00212204 -0.0101454 -0.014306)
(-0.00175425 -0.0108838 -0.0146918)
(0.00165287 -0.00968671 -0.0123257)
(0.000725048 -0.00987032 -0.0123833)
(-0.000371045 -0.00823581 -0.00538949)
(-0.00137149 -0.00965804 -0.00599384)
(-0.00280205 -0.00568337 -0.00399497)
(-0.0018072 -0.00438082 -0.00306848)
(-0.0013766 -0.00528212 -0.00366107)
(-0.00221122 -0.00889604 -0.00559002)
(0.00268967 -0.0190753 -0.00823845)
(0.00229733 -0.0169138 -0.00879085)
(0.00252102 -0.0164192 -0.00847989)
(0.00279078 -0.0197135 -0.00955067)
(0.00203833 -0.0162381 -0.00844455)
(0.00382591 -0.0178027 -0.00997402)
(-0.0058105 -0.00580483 -0.00988732)
(-0.00512996 -0.00840691 -0.0132215)
(-0.00442163 -0.00870967 -0.013005)
(-0.00513081 -0.0068335 -0.00875972)
(-0.00583394 -0.00684458 -0.009435)
(-0.00501964 -0.00746648 -0.0101744)
(0.00205763 -0.00616746 -0.00510362)
(0.000157852 -0.00342489 -0.0024896)
(0.00265675 -0.00758543 -0.00595451)
(0.00113996 -0.00468995 -0.00368932)
(0.00248487 -0.00729542 -0.00579874)
(0.000832276 -0.00459646 -0.00348166)
(0.00143019 -0.00769475 -0.00549675)
(0.00116397 -0.00893602 -0.00619215)
(0.000487572 -0.00747821 -0.00517595)
(-0.000115429 -0.00388945 -0.00274068)
(0.000457159 -0.00483432 -0.00339842)
(-0.000963596 -0.0052472 -0.0035065)
(-0.00425293 -0.00995673 -0.0122201)
(-0.00316105 -0.00973375 -0.0132671)
(-0.00364863 -0.0105899 -0.0140544)
(-0.00461434 -0.00749497 -0.011398)
(-0.00474623 -0.00946173 -0.0113989)
(-0.00530135 -0.00897972 -0.0116942)
(0.00623678 -0.0222343 -0.012051)
(0.00612549 -0.0197075 -0.00996499)
(0.00370055 -0.0228135 -0.00883233)
(0.0052073 -0.0221536 -0.010903)
(0.00647979 -0.0231873 -0.0110374)
(0.00582702 -0.0225654 -0.00897546)
(0.00739075 -0.0216929 -0.00892378)
(0.00843422 -0.0195707 -0.00960154)
(0.00870086 -0.0205827 -0.0100866)
(0.00847683 -0.0201555 -0.00852101)
(0.00935011 -0.0236355 -0.00971996)
(0.00674544 -0.0198158 -0.0082261)
(0.00882844 -0.0229152 -0.00994367)
(-0.0030314 -0.00983102 -0.00600968)
(-0.00258256 -0.00869857 -0.00565322)
(-0.00379922 -0.00824898 -0.00627023)
(-0.00355729 -0.00909221 -0.00639328)
(-0.00307821 -0.010195 -0.0067431)
(-0.00327825 -0.00781871 -0.00530301)
(-0.00524955 -0.0118688 -0.00903389)
(-0.00445811 -0.0123592 -0.00797507)
(-0.00528673 -0.0120871 -0.00852067)
(-0.00415536 -0.0109073 -0.00763703)
(-0.00369056 -0.0112915 -0.00744235)
(0.00466019 -0.0233975 -0.00764382)
(0.00576756 -0.0230377 -0.0072237)
(0.00482604 -0.0221454 -0.00712811)
(0.00614202 -0.0227225 -0.00894401)
(0.00640453 -0.024309 -0.00903007)
(0.00420159 -0.0222437 -0.00640141)
(-0.00412225 -0.0133999 -0.00773582)
(-0.00388681 -0.0130104 -0.00748812)
(-0.00382541 -0.0151896 -0.00751326)
(-0.00386384 -0.0149218 -0.0075482)
(-0.0041246 -0.0146524 -0.00772344)
(-0.00353269 -0.0138686 -0.00738704)
(-0.00120897 -0.0146611 -0.00734599)
(-0.00231175 -0.0162255 -0.00786453)
(-0.00162295 -0.012556 -0.0067558)
(-0.00184615 -0.0117097 -0.00662283)
(-0.000786319 -0.0145773 -0.00719446)
(-0.000293536 -0.0138847 -0.00754413)
(-0.000466176 -0.0129747 -0.00736331)
(-0.0012353 -0.0117607 -0.00674612)
(0.00554667 -0.014785 -0.00966549)
(0.00499037 -0.013638 -0.00675964)
(0.0044343 -0.0132444 -0.0092847)
(0.00433001 -0.0123727 -0.0102656)
(0.00430036 -0.0117519 -0.00977274)
(0.00407728 -0.0113266 -0.00671511)
(0.00352233 -0.0124983 -0.0104859)
(0.00220371 -0.0120249 -0.0120626)
(0.00355841 -0.0121746 -0.011465)
(0.00222797 -0.0111046 -0.0121538)
(0.0028503 -0.0134847 -0.0119094)
(0.0034339 -0.0125733 -0.0103269)
(0.00593632 -0.0161893 -0.011412)
(0.00613466 -0.0164296 -0.0123874)
(0.00679728 -0.0169538 -0.0125668)
(0.00524166 -0.01604 -0.0122526)
(0.00774625 -0.0166393 -0.0138455)
(0.00470196 -0.0174533 -0.00994422)
(0.00473333 -0.0180857 -0.0109578)
(0.00462715 -0.0169413 -0.0108064)
(0.00346453 -0.0170172 -0.00857507)
(0.00353921 -0.0162049 -0.00977046)
(0.00334466 -0.0161415 -0.00899198)
(0.0126764 -0.018085 -0.0205713)
(0.0137403 -0.0197726 -0.0234417)
(0.011686 -0.0182319 -0.0220768)
(0.011562 -0.0167209 -0.0196537)
(0.0142801 -0.0188019 -0.0224853)
(0.0124065 -0.0174103 -0.0210606)
(0.0161588 -0.0197857 -0.023984)
(0.0151169 -0.0192144 -0.0229985)
(0.0135309 -0.0201803 -0.0234119)
(0.0115033 -0.0175911 -0.0199526)
(0.014363 -0.0193936 -0.0236484)
(0.0141338 -0.0189517 -0.0213943)
(0.0154456 -0.0179557 -0.0225067)
(0.0149214 -0.0196672 -0.0248183)
(0.0155936 -0.0206108 -0.0260522)
(0.0151375 -0.0195605 -0.0249402)
(0.015166 -0.019749 -0.0257599)
(0.0147112 -0.0204861 -0.0257519)
(-0.00149835 -0.00976613 -0.00995837)
(-0.000816724 -0.0102356 -0.0104375)
(-0.000207406 -0.0102117 -0.0104109)
(-0.00222413 -0.0112775 -0.0112563)
(-0.00231044 -0.0104312 -0.0104723)
(0.0003933 -0.0113469 -0.011286)
(-0.00305452 -0.0129872 -0.0112387)
(-0.00292959 -0.0115477 -0.0106956)
(-0.0015817 -0.0121496 -0.0112354)
(-0.000798892 -0.013417 -0.0130434)
(-0.0029584 -0.0136814 -0.0118076)
(-0.00153063 -0.0124033 -0.012121)
(-0.00433081 -0.0173979 -0.00509623)
(-0.00166133 -0.0187728 -0.00572169)
(-0.00380925 -0.019233 -0.0051953)
(-0.00303722 -0.0173528 -0.0035552)
(-0.00191343 -0.0176015 -0.00424489)
(-0.00245623 -0.0177388 -0.00613539)
(-0.00222678 -0.0157918 -0.0111958)
(-0.00163097 -0.0149454 -0.011523)
(-0.00350564 -0.0149289 -0.0104314)
(-0.000904978 -0.015321 -0.0129574)
(-0.00198724 -0.0141976 -0.011875)
(-0.00331092 -0.014391 -0.0110182)
(-0.00526914 -0.0145999 -0.00894919)
(-0.00517596 -0.0138902 -0.00925726)
(-0.00543021 -0.0163606 -0.00895529)
(-0.00661458 -0.014232 -0.00829281)
(-0.00656254 -0.0156349 -0.00806609)
(-0.00468024 -0.0147237 -0.0104232)
(0.00589337 -0.0183364 -0.0168896)
(0.00769767 -0.0183406 -0.0184539)
(0.00552149 -0.0167021 -0.0156268)
(0.00540209 -0.0180059 -0.0161738)
(0.00647251 -0.017253 -0.0170004)
(0.00653369 -0.0171704 -0.0167243)
(0.000166523 -0.0173188 -0.011932)
(-0.00171456 -0.0166787 -0.00982577)
(0.00042693 -0.0169788 -0.0126979)
(-0.00170353 -0.0166658 -0.0107604)
(-0.000901923 -0.016145 -0.0115988)
(-0.000274803 -0.017461 -0.0106571)
(0.00623444 -0.0158921 -0.0165747)
(0.00644556 -0.0164429 -0.0176968)
(0.00543496 -0.0177759 -0.0176719)
(0.0048077 -0.0171929 -0.0171211)
(0.00667555 -0.0167672 -0.0182137)
(0.00593338 -0.0173492 -0.0177063)
(0.00271669 -0.0161122 -0.0150781)
(0.00174971 -0.0168597 -0.014625)
(0.00263294 -0.0154834 -0.0148825)
(0.00140381 -0.0155816 -0.0139399)
(0.000347154 -0.0158037 -0.013477)
(0.00325041 -0.0164852 -0.0160443)
(-0.00405096 -0.0197772 -0.00389176)
(-0.00274549 -0.0196714 -0.00277022)
(-0.00369078 -0.0186083 -0.00351417)
(-0.00279097 -0.019407 -0.00403232)
(-0.00392927 -0.018441 -0.00253663)
(-0.00163417 -0.0191116 -0.00411199)
(-0.000707946 -0.0187086 -0.00325569)
(-0.00319538 -0.0197369 -0.00308996)
(-0.00134027 -0.0189369 -0.00277142)
(-0.00362935 -0.0200747 -0.00255287)
(-0.0016939 -0.0191728 -0.0028429)
(-0.00243197 -0.0201137 -0.00291186)
(-0.00766788 -0.0152909 -0.00633666)
(-0.00871875 -0.0145939 -0.00698789)
(-0.0081808 -0.0164147 -0.00560901)
(-0.00770771 -0.0153198 -0.00769731)
(-0.00886654 -0.0160884 -0.00501947)
(-0.0093576 -0.0159051 -0.00619991)
(-0.00878309 -0.0170497 -0.00419469)
(-0.00870188 -0.0170084 -0.00302073)
(-0.0100074 -0.0151066 -0.00392694)
(-0.00965742 -0.01556 -0.00434619)
(-0.00990869 -0.0170558 -0.00390682)
(-0.00899497 -0.017068 -0.00265303)
(0.0170381 -0.0194507 -0.0258002)
(0.0154413 -0.0183919 -0.0237014)
(0.0160424 -0.0170851 -0.0220886)
(0.0144641 -0.0182942 -0.0240343)
(0.00448047 -0.0137578 -0.00914759)
(0.00388033 -0.0129384 -0.00825038)
(0.00321208 -0.0122738 -0.00824276)
(0.00416549 -0.0130201 -0.0094092)
(0.00295757 -0.0117135 -0.00943269)
(0.00115707 -0.0105668 -0.00963694)
(0.00153712 -0.0100361 -0.00791977)
(0.00255659 -0.0111076 -0.00829892)
(0.0127164 -0.0180204 -0.0213652)
(0.0130784 -0.0169497 -0.0204453)
(0.0143155 -0.018155 -0.0222529)
(0.0117929 -0.0176092 -0.020966)
(0.0132856 -0.0183696 -0.0220223)
(0.0132068 -0.0177017 -0.0216493)
(0.0100383 -0.0190633 -0.0214833)
(0.00973781 -0.0171663 -0.0196773)
(0.00935315 -0.0184595 -0.0201293)
(0.00896578 -0.0172014 -0.0189885)
(0.0114854 -0.0184052 -0.0211879)
(0.0086863 -0.0175828 -0.0187545)
(0.00650605 -0.0161227 -0.0173929)
(0.00435501 -0.0148567 -0.0154442)
(0.0054788 -0.0152289 -0.0158965)
(0.00763795 -0.0161734 -0.0172015)
(0.00672567 -0.0151896 -0.0162051)
(0.00510028 -0.0159196 -0.0165784)
(0.0111552 -0.00501635 -0.0149501)
(0.012796 -0.00574952 -0.0185266)
(0.00976823 -0.0171234 -0.0155538)
(0.0117991 -0.0188294 -0.015315)
(0.0104806 -0.0177263 -0.0143838)
(0.0129553 -0.0191609 -0.0165608)
(0.0109019 -0.0176954 -0.0169145)
(0.0115136 -0.017074 -0.0153523)
(0.0131989 -0.0205021 -0.0150345)
(0.0144341 -0.0228311 -0.0152826)
(0.0133482 -0.0213435 -0.0142852)
(0.0141831 -0.0207157 -0.0156552)
(0.0150396 -0.0223778 -0.0162791)
(0.0138622 -0.0199415 -0.0134308)
(0.009752 -0.0178354 -0.0130909)
(0.00918325 -0.0183153 -0.0115891)
(0.00978774 -0.0196912 -0.0118573)
(0.0107232 -0.0193158 -0.0137595)
(0.00938258 -0.0177144 -0.0115132)
(0.0117992 -0.02158 -0.0133436)
(0.00611605 -0.0144643 -0.0134192)
(0.00730443 -0.0146561 -0.0129235)
(0.00829106 -0.0164142 -0.0137752)
(0.00732671 -0.0157207 -0.0123029)
(0.00596317 -0.0139847 -0.011323)
(0.00484244 -0.0132024 -0.0120959)
(0.014058 -0.013898 -0.0224188)
(0.0134469 -0.013067 -0.0211639)
(0.0147866 -0.0154267 -0.0226314)
(0.0135902 -0.0141813 -0.0224425)
(0.0159977 -0.0170805 -0.0227339)
(0.0155023 -0.015008 -0.023764)
(0.000875367 -0.0158291 -0.0146669)
(4.69572e-05 -0.0145109 -0.0141872)
(0.000828168 -0.0143259 -0.0141192)
(-0.00190603 -0.0193336 -0.00740697)
(-0.00303423 -0.0169692 -0.00735659)
(-0.00211849 -0.0179477 -0.00749601)
(-0.00359348 -0.0197856 -0.00728237)
(-0.00380669 -0.0172773 -0.00684273)
(-0.00287875 -0.0198585 -0.0068707)
(5.84999e-05 -0.0170522 -0.00727996)
(-0.000227636 -0.0198441 -0.0080335)
(0.000627623 -0.018803 -0.00789852)
(9.81114e-05 -0.0195365 -0.00729055)
(-0.000980383 -0.0176068 -0.00733577)
(-0.000586312 -0.0173446 -0.00763317)
(0.00183425 -0.0211817 -0.00835791)
(0.00293838 -0.0220029 -0.0077631)
(0.00013363 -0.0213764 -0.00730384)
(0.00255677 -0.0213506 -0.00841173)
(0.00149603 -0.0232651 -0.00736449)
(0.00313475 -0.0231912 -0.00818765)
(-0.00537931 -0.00580091 -0.00991353)
(-0.00550517 -0.00460377 -0.00716334)
(-0.00503262 -0.00373447 -0.00520766)
(-0.00544278 -0.00387784 -0.00581481)
(-0.00592166 -0.00576153 -0.0104128)
(-0.00576995 -0.00388443 -0.00716825)
(0.00161243 -0.00156154 -0.00204723)
(0.00178305 -0.00208111 -0.00250738)
(0.00104837 -0.000968342 -0.00125569)
(0.00118459 -0.00129225 -0.00163917)
(0.00163721 -0.00221069 -0.00258309)
(0.00116396 -0.00109711 -0.00145885)
(0.00361187 -0.00466815 -0.00992694)
(0.00246254 -0.0036147 -0.00671104)
(0.00201289 -0.0030975 -0.00585363)
(0.00242948 -0.00361955 -0.00846039)
(0.0029384 -0.00418701 -0.00866361)
(0.00198454 -0.00337755 -0.00665754)
(0.00236775 -0.00365389 -0.00946019)
(0.00151106 -0.00273824 -0.00542229)
(0.00103747 -0.0019802 -0.00425128)
(0.00183052 -0.00314728 -0.00760233)
(0.00230993 -0.00356796 -0.00823234)
(0.00140652 -0.0027255 -0.00603555)
(0.00435067 -0.0054366 -0.0125214)
(0.00556107 -0.00591767 -0.0160928)
(0.00602379 -0.00565479 -0.0166803)
(0.00518329 -0.00570974 -0.0138123)
(0.0042377 -0.00520159 -0.0143886)
(0.00726222 -0.00697474 -0.0185459)
(0.00752246 -0.00716598 -0.016713)
(0.00667203 -0.00651767 -0.016542)
(0.00456727 -0.00524012 -0.013992)
(0.006262 -0.00604542 -0.0153101)
(0.00452453 -0.00525448 -0.0128157)
(0.00509252 -0.00586739 -0.0134778)
(0.00941895 -0.0145092 -0.0144597)
(0.00848439 -0.0157903 -0.0144151)
(0.00996737 -0.0164966 -0.0162257)
(0.00837965 -0.0163324 -0.0149794)
(0.00936929 -0.0153959 -0.0143455)
(0.00778131 -0.0166713 -0.0145298)
(0.00890625 -0.0165152 -0.0138648)
(0.00992858 -0.0150448 -0.0143206)
(0.00922167 -0.0162511 -0.0139591)
(0.00887259 -0.0159746 -0.0123967)
(0.0102302 -0.0156109 -0.0143285)
(0.00863394 -0.0153282 -0.0128407)
(0.00724544 -0.0175956 -0.0120704)
(0.00687047 -0.0166912 -0.0107895)
(0.0069184 -0.0175402 -0.0104956)
(0.00852961 -0.017277 -0.0126352)
(0.00740266 -0.0151031 -0.0114621)
(0.00691177 -0.0172317 -0.0115987)
(0.00655734 -0.0153885 -0.0110842)
(0.00875121 -0.016804 -0.0143316)
(0.00122663 -0.00257559 -0.00502195)
(0.00300638 -0.00459505 -0.00998469)
(0.00388188 -0.00457715 -0.0118337)
(0.00294575 -0.00416071 -0.0105595)
(0.0071103 -0.0145721 -0.0115204)
(0.00706704 -0.0143654 -0.0116187)
(0.011035 -0.0174125 -0.0151034)
(0.0105713 -0.0185417 -0.0155351)
(0.00792772 -0.0161246 -0.0122224)
(0.00805679 -0.016254 -0.013116)
(0.00855689 -0.0152845 -0.0125869)
(0.00942421 -0.01496 -0.0141518)
(0.0100736 -0.0161947 -0.0145598)
(0.00941891 -0.0119557 -0.0131517)
(0.00899015 -0.0153283 -0.0128098)
(0.00891011 -0.0121458 -0.0133448)
(0.00683449 -0.0134094 -0.0109966)
(0.00722598 -0.0134315 -0.0111924)
(0.000765696 -0.00127132 -0.00136928)
(0.000489263 -0.00153854 -0.00147058)
(0.000938776 -0.00181501 -0.00185342)
(0.0013518 -0.00256885 -0.00265149)
(0.000252801 -0.000493292 -0.000601881)
(0.000544937 -0.000602758 -0.000727397)
(0.00039896 -0.000743997 -0.000819634)
(0.000661762 -0.00055535 -0.000719323)
(0.00101928 -0.00138903 -0.00158684)
(0.000719974 -0.000741732 -0.000985714)
(0.00140086 -0.00216253 -0.00231005)
(-0.00301076 -0.00224437 -0.00185856)
(-0.0037522 -0.00196237 -0.0018475)
(-0.00434244 -0.00244586 -0.00269717)
(-0.00533684 -0.00465407 -0.00548032)
(-0.00551255 -0.00471747 -0.00663601)
(-0.00435142 -0.00252462 -0.00304095)
(-0.00301043 -0.000729402 -0.000384496)
(-0.0019621 -0.00036201 -5.23619e-05)
(-0.00186421 -0.000396715 5.09449e-05)
(-0.00345337 -0.00151513 -0.00143069)
(-0.00261721 -0.000648607 -0.000367805)
(-0.00266908 -0.00107867 -0.00153614)
(-0.00315089 -0.00182166 -0.00311876)
(-0.00476094 -0.00262378 -0.00491203)
(-0.00552853 -0.00364906 -0.00733213)
(-0.00438672 -0.00203699 -0.00287498)
(-0.00257065 -0.000711381 -0.000517826)
(-0.00209737 -0.000742487 -0.000804299)
(-0.00385959 -0.00222068 -0.00334255)
(-0.00342601 -0.00166435 -0.00182547)
(-0.00489403 -0.0124091 -0.012515)
(-0.00534149 -0.0125068 -0.0124079)
(-0.00549402 -0.0126927 -0.0112102)
(-0.00516059 -0.0129665 -0.0131494)
(-0.0043723 -0.0123303 -0.0135938)
(-0.00546588 -0.0136548 -0.0129466)
(-0.00521278 -0.0158414 -0.0149129)
(0.00114913 -0.0130287 -0.0135146)
(-0.000579383 -0.0133336 -0.0145112)
(-0.000379168 -0.0139684 -0.0141237)
(0.000723162 -0.0132995 -0.0135793)
(0.0014774 -0.0148134 -0.0136541)
(0.000542107 -0.0132152 -0.0150119)
(-0.00207643 -0.0124006 -0.014325)
(-0.000988512 -0.0122822 -0.0141727)
(-0.000101479 -0.0129197 -0.0142753)
(0.0124845 -0.0203267 -0.0149143)
(0.00922038 -0.0167329 -0.0131528)
(0.00981633 -0.0161594 -0.0163067)
(0.00873427 -0.0157462 -0.0167521)
(0.00762461 -0.0156032 -0.0165731)
(0.00957244 -0.0157276 -0.0154789)
(0.00727623 -0.0150881 -0.015797)
(0.00878266 -0.0167182 -0.0169809)
(0.00824135 -0.0158772 -0.014125)
(0.00741216 -0.0157897 -0.0154562)
(0.0111736 -0.0168178 -0.0167127)
(0.0122618 -0.0174239 -0.0180082)
(0.0128736 -0.0172007 -0.0178186)
(0.0120979 -0.0175131 -0.0162268)
(0.0130282 -0.0180768 -0.0166963)
(0.0128803 -0.0171737 -0.0165338)
(0.0130247 -0.0176398 -0.0177096)
(0.012929 -0.0182361 -0.0158735)
(0.0130668 -0.0187712 -0.0150769)
(0.00231359 -0.0114656 -0.0116293)
(0.00502026 -0.0149009 -0.0151754)
(0.0060011 -0.0158434 -0.0167655)
(0.0048545 -0.0131423 -0.0126098)
(0.005838 -0.0144201 -0.0138144)
(0.00352941 -0.0130606 -0.0130911)
(0.0138651 -0.0185333 -0.0169662)
(0.0144357 -0.0187879 -0.0163241)
(0.0133241 -0.0183262 -0.0155116)
(0.00323597 -0.0122483 -0.0120614)
(0.00405065 -0.0118647 -0.010912)
(0.00369956 -0.0120997 -0.0114572)
(0.00846965 -0.0174217 -0.0117904)
(0.00543575 -0.0157685 -0.00951695)
(0.00311277 -0.0119747 -0.00978818)
(-0.000728936 -0.00828067 -0.00836962)
(0.00689115 -0.0156451 -0.0104758)
(0.00800988 -0.0178516 -0.00984704)
(0.00708371 -0.0166394 -0.00859978)
(0.00689134 -0.0174556 -0.0100213)
(0.00440424 -0.0131488 -0.0120964)
(0.00462322 -0.0134787 -0.0107011)
(0.00603944 -0.0145777 -0.0108327)
(0.00504878 -0.0125727 -0.0102144)
(0.00572523 -0.0143676 -0.00949339)
(0.00526619 -0.0143071 -0.0101288)
(0.0145171 -0.0182413 -0.0213724)
(0.0157132 -0.0181738 -0.0197879)
(0.0168334 -0.0186363 -0.022834)
(0.0172815 -0.0187204 -0.0245161)
(0.0151033 -0.0173952 -0.0247737)
(0.0160642 -0.0178172 -0.0237735)
(0.0150762 -0.0171344 -0.0227097)
(0.0136961 -0.0165613 -0.0195806)
(0.0161879 -0.0183616 -0.0213224)
(0.0149298 -0.0180806 -0.0214774)
(0.0134933 -0.0158671 -0.0189836)
(0.0141424 -0.0173217 -0.0220908)
(0.0130035 -0.015842 -0.0197475)
(0.0163172 -0.0190782 -0.0214331)
(0.0156482 -0.017385 -0.0192633)
(0.0121097 -0.0159163 -0.0164073)
(0.0132282 -0.0174572 -0.0178236)
(0.0133076 -0.0171149 -0.0175816)
(0.01448 -0.0183831 -0.0200318)
(0.0161066 -0.0197445 -0.017858)
(0.0141167 -0.0178228 -0.0173381)
(0.0165103 -0.0195484 -0.0183417)
(0.017146 -0.019298 -0.0195077)
(0.0134836 -0.0165013 -0.0183041)
(0.0141264 -0.0166465 -0.0200665)
(0.014965 -0.0172792 -0.0238948)
(0.0139748 -0.0162116 -0.0216193)
(0.0168881 -0.0183947 -0.0228021)
(0.0162256 -0.0185234 -0.0225628)
(0.0149688 -0.0177073 -0.0191331)
(0.0168168 -0.0201225 -0.01862)
(0.0137938 -0.0170855 -0.0175758)
(0.0153272 -0.0183781 -0.0190496)
(0.01619 -0.0187123 -0.0194995)
(0.0153253 -0.0187362 -0.0206089)
(0.0150537 -0.0180157 -0.0213765)
(0.0146444 -0.0172904 -0.0192185)
(0.0132252 -0.0203958 -0.0163312)
(0.0124141 -0.0207272 -0.0150184)
(0.0127842 -0.0206979 -0.0140841)
(0.0130588 -0.0204909 -0.0150395)
(0.0156723 -0.0206783 -0.0174574)
(0.0141699 -0.0209588 -0.0164776)
(0.0129782 -0.0184209 -0.0151182)
(0.0137483 -0.0207261 -0.0148625)
(0.0135745 -0.0196199 -0.0155949)
(0.012169 -0.0192452 -0.0128289)
(0.0146997 -0.0202504 -0.0181406)
(0.0147823 -0.0209615 -0.0171791)
(0.0155414 -0.0204427 -0.0171702)
(0.0149094 -0.0187736 -0.0183402)
(0.0146871 -0.0201055 -0.0175582)
(0.0135281 -0.0190227 -0.0161718)
(0.0159346 -0.0197747 -0.0188396)
(0.015979 -0.0193248 -0.0184814)
(0.0138344 -0.0182035 -0.0173633)
(0.015299 -0.0204195 -0.0174954)
(0.0134562 -0.0171422 -0.0176231)
(0.0140429 -0.0169186 -0.0189849)
(0.0129117 -0.0166964 -0.0187434)
(0.015675 -0.0201944 -0.0183852)
(-4.72445e-05 -0.00830361 -0.00774013)
(0.000715826 -0.00862454 -0.00745871)
(0.00255748 -0.0112188 -0.00719938)
(0.00146398 -0.0098088 -0.00742042)
(-0.00793192 -0.018691 -0.00309226)
(-0.00937676 -0.0136342 -0.0062262)
(-0.00937993 -0.0148713 -0.00533683)
(-0.00690634 -0.0181692 -0.00223464)
(-0.00589376 -0.0200109 -0.00264256)
(-0.00241046 -0.0207231 -0.00407661)
(-0.00413371 -0.0189248 -0.00201047)
(-0.00415835 -0.0188643 -0.00188212)
(0.0039585 -0.0171193 -0.0159493)
(0.00428589 -0.0161914 -0.016582)
(0.000909048 -0.0179372 -0.0126643)
(0.000955617 -0.0162538 -0.0130794)
(0.00114857 -0.0170084 -0.0111866)
(0.00132004 -0.0186793 -0.0104643)
(0.00544691 -0.0166677 -0.0133939)
(0.00323925 -0.0176792 -0.0127714)
(0.00265699 -0.0171133 -0.0122372)
(0.00336816 -0.0169019 -0.0119215)
(0.00342086 -0.0170971 -0.0112746)
(0.00179731 -0.0174567 -0.0113367)
(0.00144341 -0.0171938 -0.0103506)
(0.00443782 -0.016959 -0.0141628)
(0.00402743 -0.0177909 -0.0140535)
(0.0049476 -0.0161665 -0.0155092)
(0.00757088 -0.0167831 -0.0170548)
(-0.00607531 -0.0175749 -0.00438131)
(-0.0068349 -0.0174462 -0.00524976)
(-0.00736197 -0.016323 -0.0069699)
(-0.00579524 -0.0169287 -0.00677065)
(-0.00680423 -0.0164611 -0.00592471)
(-0.000676907 -0.0157446 -0.0122291)
(-0.00274083 -0.0156613 -0.00996696)
(0.000216941 -0.0144994 -0.0132366)
(-0.00431253 -0.0151565 -0.00946425)
(-0.00507923 -0.0179879 -0.00519405)
(-0.00524774 -0.0172848 -0.00573623)
(-0.00420912 -0.0189698 -0.00458452)
(0.00133076 -0.0180661 -0.0110248)
(0.00130601 -0.0182715 -0.0101014)
(0.000805564 -0.0183707 -0.00884351)
(-0.000361766 -0.0176599 -0.00983531)
(-0.00218313 -0.0171348 -0.00891607)
(-0.000550843 -0.0182569 -0.00701666)
(-0.000764941 -0.0176893 -0.00870549)
(-0.00254562 -0.0177648 -0.00716421)
(-0.0022453 -0.0186072 -0.00744001)
(-0.00111446 -0.0193468 -0.00660451)
(-0.00155455 -0.01801 -0.00669563)
(-0.00895622 -0.0124063 -0.00672032)
(-0.00770786 -0.0127049 -0.00797446)
(-0.00852264 -0.013515 -0.00731038)
(-0.00680731 -0.0136034 -0.00883406)
(-0.00735541 -0.0134441 -0.0077099)
(0.00120208 -0.0128058 -0.0133624)
(0.000567941 -0.0112964 -0.0114469)
(-0.00171588 -0.0130478 -0.0116556)
(-0.00416729 -0.0132402 -0.010287)
(0.00184615 -0.0116928 -0.0111378)
(0.00315485 -0.0129464 -0.012186)
(0.000450493 -0.0102489 -0.0101086)
(0.000325661 -0.00941312 -0.00912644)
(-0.00268443 -0.0108094 -0.0102025)
(0.00168895 -0.0111254 -0.0109847)
(0.00191991 -0.0118676 -0.0117338)
(0.00127697 -0.0125383 -0.0126237)
(-0.000119087 -0.0116262 -0.0113481)
(-0.00523127 -0.0130073 -0.00950051)
(-0.00641806 -0.0120011 -0.0086161)
(-0.0049947 -0.011901 -0.00967101)
(-0.00400049 -0.0116976 -0.0104775)
(-0.005191 -0.0111827 -0.00976711)
(-0.00583949 -0.0125324 -0.00987696)
(-0.0045226 -0.0104153 -0.00956798)
(-0.00346016 -0.00951489 -0.00913868)
(-0.00387785 -0.0084648 -0.00871434)
(-0.00126888 -0.00854253 -0.00876694)
(-0.00236938 -0.00799872 -0.00839225)
(-0.00330908 -0.008149 -0.00880898)
(-0.00181144 -0.00881621 -0.00940439)
(-0.000988612 -0.00932412 -0.00958376)
(-0.00805514 -0.00957402 -0.00718461)
(-0.00777034 -0.00898018 -0.00800634)
(-0.00646884 -0.00793885 -0.00781402)
(-0.00536453 -0.00856724 -0.00840826)
(-0.00450191 -0.00762729 -0.00825476)
(-0.0065325 -0.0088915 -0.00816643)
(-0.00844558 -0.0120442 -0.00757576)
(-0.00932715 -0.0113431 -0.00714105)
(-0.00741043 -0.00970274 -0.00791367)
(-0.00892604 -0.0105095 -0.00763249)
(-0.00558335 -0.0102939 -0.00878489)
(-0.0058073 -0.00922028 -0.00818378)
(-0.00633527 -0.0116922 -0.00910171)
(-0.0074136 -0.0115392 -0.00807986)
(-0.00787108 -0.0106164 -0.00760856)
(-0.00723275 -0.0106934 -0.00858781)
(0.0161675 -0.0194134 -0.0248114)
(0.0152273 -0.0189974 -0.0243153)
(0.0163522 -0.0186743 -0.0231678)
(0.0148378 -0.0190084 -0.0226957)
(0.0143689 -0.0170833 -0.0201098)
(0.0153468 -0.0185279 -0.0224549)
(0.017362 -0.0193926 -0.0244466)
(0.0148937 -0.0172648 -0.0214694)
(0.0161407 -0.018904 -0.0234969)
(0.0122506 -0.0180819 -0.0215662)
(0.0145022 -0.0191929 -0.0238489)
(0.011188 -0.0189461 -0.0212533)
(0.0145413 -0.0203365 -0.0250796)
(0.00795497 -0.0168152 -0.0149586)
(0.007854 -0.0176502 -0.0158566)
(0.00569068 -0.0171824 -0.0136586)
(0.00620102 -0.0180375 -0.0154111)
(0.00690609 -0.0167443 -0.014906)
(0.00585931 -0.0164119 -0.0148104)
(0.00626165 -0.0174769 -0.0146991)
(0.00774787 -0.0176441 -0.0164618)
(0.00849911 -0.0178928 -0.0172283)
(0.00971825 -0.0166351 -0.0164856)
(0.00805933 -0.0164547 -0.0158299)
(0.0116129 -0.019279 -0.0214689)
(0.0117561 -0.0180389 -0.0195319)
(0.0125517 -0.0176585 -0.0196823)
(0.0105333 -0.0166339 -0.0176088)
(0.0121216 -0.0170532 -0.0195898)
(0.0120554 -0.0178389 -0.0199737)
(0.0100314 -0.0161781 -0.0164363)
(0.0110877 -0.0170368 -0.0179181)
(0.011841 -0.0164598 -0.0184911)
(0.00706863 -0.0178653 -0.0130835)
(0.00558611 -0.0183261 -0.0127986)
(0.00114179 -0.0192198 -0.00864784)
(0.00226981 -0.0142721 -0.012454)
(0.00252063 -0.0139665 -0.0120954)
(0.00217124 -0.0131228 -0.0125857)
(0.00328406 -0.0111181 -0.0114484)
(0.00331262 -0.0141176 -0.0107894)
(0.00342431 -0.0149084 -0.0105357)
(0.00382394 -0.0119463 -0.00952792)
(0.00358261 -0.0138613 -0.0104501)
(-0.00312824 -0.0209108 -0.00626391)
(-0.00249278 -0.0213446 -0.00528624)
(-0.00332988 -0.0223935 -0.00596235)
(-0.00355829 -0.0211644 -0.00722913)
(-0.00378548 -0.0196083 -0.00716672)
(-0.00183187 -0.0180584 -0.00764402)
(-0.00305581 -0.0164476 -0.0079538)
(-0.00387452 -0.0175102 -0.00772695)
(-0.00196044 -0.0221595 -0.00515211)
(0.00281273 -0.0132976 -0.00826938)
(0.00281494 -0.0118161 -0.00803108)
(0.00227404 -0.01034 -0.0071771)
(0.00191044 -0.0105829 -0.00704828)
(0.0021921 -0.0114432 -0.00756251)
(0.0025732 -0.0133373 -0.0083107)
(0.00193319 -0.0143764 -0.00795132)
(0.00216908 -0.0243788 -0.00756773)
(0.00211929 -0.0225555 -0.00569256)
(-0.000404103 -0.0229523 -0.00618138)
(0.00157971 -0.0235077 -0.00575244)
(0.00147591 -0.0219203 -0.00556556)
(0.000728314 -0.0226356 -0.00631185)
(0.000716025 -0.0241387 -0.00707715)
(0.00143719 -0.0238434 -0.00592921)
(0.00266572 -0.0207409 -0.00496998)
(0.00324925 -0.0205794 -0.00458195)
(0.00261359 -0.0230606 -0.00561938)
(0.00308021 -0.0221148 -0.00544617)
(0.00253255 -0.0231443 -0.00649998)
(0.00359464 -0.0242154 -0.00674635)
(-0.00472355 -0.0182159 -0.00770622)
(-0.004981 -0.0177488 -0.00817001)
(-0.00624866 -0.013058 -0.0108907)
(-0.00614726 -0.014969 -0.0127757)
(-0.00519508 -0.0116838 -0.00972165)
(-0.00372925 -0.0115588 -0.00715896)
(-0.00409986 -0.0104354 -0.00776887)
(-0.00256181 -0.0128871 -0.00711885)
(-0.00211244 -0.00975217 -0.00609043)
(-0.00589343 -0.013796 -0.0101489)
(-0.00585707 -0.0136312 -0.00963002)
(-0.0055379 -0.0145936 -0.00937725)
(0.0082008 -0.0199172 -0.00921487)
(0.00771835 -0.0246205 -0.00900705)
(0.0109213 -0.0250631 -0.0108043)
(0.00887202 -0.0191481 -0.0100823)
(0.00718343 -0.0229603 -0.00865249)
(0.00468185 -0.0208694 -0.00645717)
(0.00649964 -0.0228911 -0.00694301)
(0.00349009 -0.0182636 -0.00511711)
(0.00430994 -0.0220431 -0.00689598)
(0.00613783 -0.0244116 -0.00847368)
(0.00690641 -0.0197793 -0.00952456)
(0.00678544 -0.0225246 -0.00745716)
(0.00736749 -0.0216985 -0.00792083)
(0.00946885 -0.0229789 -0.0103637)
(0.00956452 -0.0261647 -0.0110994)
(0.00956292 -0.0227092 -0.0119294)
(0.0091849 -0.0233483 -0.0118884)
(0.00731083 -0.0217941 -0.00964042)
(0.00725843 -0.0215268 -0.0107499)
(0.00615621 -0.0210589 -0.00907317)
(0.00710696 -0.0241504 -0.010764)
(0.00306807 -0.0214692 -0.00687651)
(-0.00334119 -0.0123827 -0.0136947)
(-0.00274096 -0.0132132 -0.0153483)
(-0.00409796 -0.0127864 -0.0139055)
(-0.00516545 -0.00999122 -0.0119935)
(-0.00479457 -0.0119976 -0.0140386)
(-0.00346013 -0.0105265 -0.0131232)
(-0.00198806 -0.0134644 -0.0149684)
(-0.00076397 -0.0121763 -0.0141104)
(-0.00213251 -0.00107958 -0.000613796)
(0.00170359 -0.00867872 -0.00598159)
(-0.00164076 -0.000356821 -0.000207975)
(-0.00530726 -0.00581026 -0.0105842)
(-0.00486714 -0.00649892 -0.0128429)
(0.00425894 -0.0107706 -0.0105639)
(0.00491396 -0.0119981 -0.0107429)
(-0.00388596 -0.00754591 -0.0118219)
(-0.00326062 -0.00835996 -0.0139216)
(-0.00384975 -0.00666779 -0.0130165)
(-0.00345094 -0.00770682 -0.0130151)
(-0.00188259 -0.00921807 -0.0138201)
(0.00363211 -0.0106392 -0.011615)
(0.00314574 -0.00983711 -0.0113123)
(0.00221057 -0.0098933 -0.0121813)
(0.00181592 -0.0163271 -0.00889053)
(0.00168504 -0.0206327 -0.00878513)
(0.00279216 -0.0218087 -0.0082034)
(-3.06137e-05 -0.00870469 -0.00553573)
(-0.00253622 -0.00223424 -0.00186344)
(-0.00221932 -0.00207159 -0.00148576)
(-0.00158675 -0.00383839 -0.00272743)
(0.000238532 -0.00904906 -0.0130266)
(-0.00212919 -0.0090852 -0.0131375)
(-0.000558005 -0.00881549 -0.0135619)
(-0.00229249 -0.00809422 -0.0132479)
(0.00103395 -0.0131107 -0.0142942)
(-0.0023804 -0.00349559 -0.00262255)
(-0.00252526 -0.00663199 -0.00498853)
(-0.0048368 -0.00935737 -0.00982019)
(-0.00422797 -0.00815168 -0.00675295)
(-0.00542634 -0.00741267 -0.00973748)
(-0.00343822 -0.00369874 -0.00312285)
(-0.00368899 -0.00368451 -0.00341758)
(-0.00441234 -0.00464908 -0.00477591)
(-0.00471993 -0.00588037 -0.00665826)
(0.000445817 0.000597258 0.000305512)
(-2.82536e-05 -0.0021146 -0.00158756)
(0.000898892 -0.00372656 -0.00292404)
(2.22396e-05 -0.00162706 -0.00128787)
(-0.000178722 -0.000787266 -0.00076057)
(-0.000440925 -0.00102396 -0.000675601)
(-0.000763991 -0.000388116 -0.000135639)
(0.00203891 -0.00314556 -0.00338019)
(0.00333064 -0.00673057 -0.00591966)
(0.00118645 -0.00232083 -0.00238659)
(0.000243077 -0.00114308 -0.00114644)
(0.00163391 -0.00182393 -0.0023907)
(0.00272347 -0.0022598 -0.00312322)
(0.00259042 -0.00276278 -0.00331754)
(0.00322459 -0.0025609 -0.00367924)
(0.00535709 -0.00252458 -0.00593713)
(0.00431806 -0.00206367 -0.00437459)
(0.00303206 -0.0021869 -0.00354888)
(0.00287908 -0.00204464 -0.00327076)
(0.0104904 -0.00476274 -0.0134566)
(0.00459866 -0.00482524 -0.00622987)
(0.00360931 -0.00378756 -0.0047064)
(0.00943208 -0.0092921 -0.0135532)
(0.0125563 -0.00936007 -0.0183164)
(0.0149443 -0.0108017 -0.0225047)
(0.0129399 -0.00909792 -0.0206287)
(-8.68062e-05 -0.000762614 -0.000723068)
(0.000262634 -0.000589383 -0.000722621)
(0.000201678 -0.000833612 -0.000899894)
(0.000156182 -0.000689302 -0.000789157)
(-0.000197319 -0.000501487 -0.000517506)
(-0.000370489 -0.000482351 -0.000435468)
(-0.000964024 -0.000725004 -0.00085623)
(-0.0014084 -0.00119252 -0.00153078)
(-0.00151069 -0.00100455 -0.00109129)
(-0.0013595 -0.00036626 -0.000350134)
(-0.00110471 -0.000464864 -0.000179541)
(-0.000704199 -0.000520811 -0.000573915)
(3.72562e-06 -0.000703941 -0.000773791)
(-0.000250467 -0.00117819 -0.001655)
(-0.000955147 -0.00126793 -0.0018457)
(-0.000728889 -0.00140526 -0.00211635)
(-0.000732328 -0.000835274 -0.00111078)
(-0.000201294 -0.000797486 -0.000981954)
(-0.00040333 -0.000703165 -0.000732057)
(-0.000474707 -0.00112028 -0.00145029)
(0.00402997 -0.00885179 -0.00730021)
(0.00647339 -0.0108494 -0.00994259)
(0.00930041 -0.0151037 -0.0133351)
(0.00847953 -0.0154788 -0.0122778)
(0.0149348 -0.0166356 -0.0212474)
(0.0153512 -0.016063 -0.0232801)
(0.0040233 -0.0106855 -0.00820169)
(0.00250378 -0.00778015 -0.00628703)
(0.00576842 -0.0121013 -0.00963423)
(0.00610433 -0.0108242 -0.010013)
(0.00447197 -0.00982244 -0.00822294)
(0.00392793 -0.00898078 -0.00757677)
(0.0109379 -0.0225147 -0.0111613)
(0.0131127 -0.022793 -0.0139307)
(0.00777602 -0.0206896 -0.0126943)
(0.00744804 -0.0177012 -0.0119685)
(0.00587491 -0.0193986 -0.0104258)
(0.00571421 -0.0188751 -0.0107714)
(0.00629951 -0.0150489 -0.0111711)
(0.00725136 -0.0169204 -0.0123997)
(0.00671249 -0.0179544 -0.0117235)
(0.00434349 -0.0188818 -0.0101251)
(0.0020271 -0.00394326 -0.00814226)
(0.00134359 -0.00328022 -0.00635763)
(0.000779933 -0.00220765 -0.00382562)
(0.00109031 -0.00282776 -0.00520801)
(0.000430477 -0.00192098 -0.00350486)
(0.000426019 -0.00154405 -0.0024967)
(-0.000230739 -0.00149392 -0.00228004)
(-0.00011818 -0.0025592 -0.00452044)
(-0.000392078 -0.00332916 -0.007404)
(-2.93921e-05 -0.00351753 -0.0102995)
(-0.000550855 -0.00328643 -0.008323)
(-0.00206212 -0.00729815 -0.0144778)
(0.000214311 -0.00415098 -0.0119398)
(0.00212739 -0.0050045 -0.0135968)
(0.00192002 -0.00521646 -0.0132041)
(0.0027088 -0.00565069 -0.0130936)
(-0.00218192 -0.00225289 -0.0035468)
(-0.00167082 -0.00151703 -0.00234682)
(-0.00138809 -0.00167806 -0.00273065)
(-0.00163952 -0.00214882 -0.00393345)
(-0.0018186 -0.00330251 -0.00766804)
(-0.00170579 -0.00290721 -0.00814279)
(-0.00426587 -0.00287534 -0.00705334)
(0.00944488 -0.012863 -0.0131257)
(0.00829212 -0.0147101 -0.0113987)
(0.0086903 -0.015118 -0.0122849)
(0.0071766 -0.015126 -0.0106008)
(0.00878501 -0.0140912 -0.012074)
(0.0044981 -0.00659247 -0.014813)
(0.00376081 -0.00571102 -0.0132193)
(0.00495232 -0.00701427 -0.0136199)
(0.00435871 -0.00630168 -0.0146142)
(0.00387864 -0.00573144 -0.0138715)
(0.00517148 -0.00660846 -0.0140435)
(0.00452593 -0.00665256 -0.0137401)
(0.00493711 -0.00614833 -0.0145131)
(0.00526584 -0.00598478 -0.0140025)
(0.0031289 -0.00666291 -0.0117698)
(0.00256095 -0.0065561 -0.0120869)
(0.0058074 -0.0125664 -0.0107694)
(0.00524756 -0.0113387 -0.0107793)
(0.00743143 -0.0157492 -0.0103718)
(0.00736524 -0.0129518 -0.0103471)
(0.00777079 -0.0136583 -0.0105601)
(0.00599346 -0.00770937 -0.0135218)
(0.00385352 -0.00598627 -0.0129893)
(0.0043222 -0.00625345 -0.013097)
(0.00592744 -0.00799598 -0.0113657)
(0.00345021 -0.00575371 -0.0116635)
(0.00392157 -0.00614825 -0.0120016)
(0.00536037 -0.00714615 -0.0113368)
(0.00615781 -0.0147127 -0.00823518)
(0.00519017 -0.0136423 -0.00661278)
(0.00645156 -0.0140873 -0.00762682)
(0.00621253 -0.0157564 -0.00844718)
(0.00604639 -0.0134519 -0.00749274)
(0.00422992 -0.0138442 -0.00606046)
(0.00477098 -0.01696 -0.00669563)
(0.00492155 -0.0164192 -0.00703046)
(0.00976184 -0.0119068 -0.0135248)
(0.00769807 -0.0084958 -0.014764)
(0.00930894 -0.0107336 -0.0145204)
(0.00948373 -0.0115642 -0.0145916)
(0.0107957 -0.0104141 -0.0174628)
(0.00940788 -0.0095678 -0.0162589)
(0.0079935 -0.00768273 -0.0154424)
(0.00728239 -0.00783348 -0.0148747)
(0.000509321 -0.00155548 -0.00255848)
(0.00141437 -0.00262204 -0.00582355)
(0.00122584 -0.00289543 -0.00563352)
(0.000781472 -0.00186102 -0.00337365)
(0.000312402 -0.000792826 -0.00133822)
(0.000433648 -0.00107657 -0.00201594)
(0.000717294 -0.00139882 -0.00262498)
(7.92457e-05 -0.000396142 -0.000686573)
(0.000218562 -0.000533811 -0.000912643)
(-8.75872e-05 -3.84931e-05 -0.000181804)
(-2.75733e-05 -1.69056e-05 -8.74778e-05)
(0.00855975 -0.00660281 -0.0194456)
(0.00659688 -0.00621899 -0.0181745)
(0.0115529 -0.00860389 -0.0213589)
(0.00909927 -0.00795876 -0.0198618)
(0.00926575 -0.00755501 -0.0205262)
(0.0110427 -0.00904442 -0.0205537)
(0.00352964 -0.00434865 -0.0119663)
(0.00398566 -0.00535891 -0.0117984)
(0.00421652 -0.00539943 -0.0127551)
(0.01245 -0.0107136 -0.0208929)
(0.00858126 -0.00856717 -0.0163192)
(0.00726843 -0.0069133 -0.0167176)
(0.00857361 -0.00698204 -0.0179302)
(0.0100539 -0.00880226 -0.0196264)
(0.0112332 -0.00959952 -0.0199446)
(0.0108027 -0.0081139 -0.0198688)
(0.0107894 -0.0107626 -0.0177774)
(0.011212 -0.0100476 -0.0169987)
(0.0147563 -0.015063 -0.0209697)
(0.0141768 -0.010896 -0.0224961)
(0.0157808 -0.0137914 -0.0237329)
(0.0145117 -0.0108408 -0.023983)
(0.0126568 -0.00889753 -0.0215607)
(0.0146679 -0.0109989 -0.0226179)
(-0.000319405 0.000897982 0.00104743)
(6.76249e-05 0.000724295 0.000717922)
(0.000110949 0.000591876 0.00062576)
(0.000217418 0.000613111 0.000501473)
(0.000894103 -5.21558e-05 -0.000493305)
(0.000600615 0.000294889 3.01743e-05)
(0.000227161 0.000685747 0.000536773)
(0.000792366 -0.000591523 -0.00082156)
(0.000662451 -0.000315449 -0.000471983)
(0.00120202 -0.000725717 -0.00108411)
(0.000850372 -0.000331122 -0.00057189)
(0.000479924 0.000328935 0.000230082)
(0.000415496 0.000238549 0.000254398)
(0.000431597 7.5676e-05 1.43222e-05)
(0.00071858 -9.88839e-05 -0.000273466)
(0.000845227 -9.06018e-05 -0.000432071)
(0.000594568 0.000185658 -3.12127e-05)
(0.000419989 -0.000102519 -0.000195349)
(0.000357811 6.72726e-05 2.6339e-05)
(0.000246763 -0.000439699 -0.000549138)
(0.000306896 -0.000228234 -0.000319309)
(0.000387008 -0.00040756 -0.000504611)
(0.000144323 -0.000161355 -0.000231652)
(0.000164496 0.00012581 0.00012924)
(0.000167723 2.77608e-06 -8.1323e-05)
(8.92263e-05 -0.00013864 -0.000217187)
(0.013096 -0.01334 -0.0180926)
(0.0039096 -0.0165736 -0.00642407)
(0.00333863 -0.0167866 -0.00431646)
(0.0121673 -0.0149041 -0.0166072)
(0.0126426 -0.0143207 -0.0179831)
(0.0116014 -0.0156315 -0.016513)
(0.0109669 -0.0146017 -0.0150703)
(0.0114474 -0.0127757 -0.0167026)
(0.0119799 -0.0153418 -0.016965)
(0.0139819 -0.0151465 -0.019496)
(0.0145549 -0.0149573 -0.0195265)
(0.0150263 -0.0173846 -0.0209169)
(0.013722 -0.0152747 -0.0195944)
(0.0133893 -0.0144587 -0.0182605)
(0.0147 -0.0172652 -0.0212114)
(0.0138379 -0.0149393 -0.019184)
(0.00366938 -0.0171919 -0.00822936)
(0.00416974 -0.0168368 -0.00709218)
(0.00532782 -0.0164244 -0.00958373)
(0.00644153 -0.0167842 -0.00969083)
(0.000606321 -0.0189921 -0.00621582)
(-0.000662069 -0.018269 -0.00560251)
(0.00100583 -0.0182428 -0.00732056)
(0.00162906 -0.0174459 -0.00656929)
(0.000645157 -0.0181179 -0.00639229)
(0.000245344 -0.0179048 -0.0066856)
(0.00225041 -0.0184291 -0.00676098)
(0.00171312 -0.0185499 -0.00630141)
(0.00374991 -0.0168009 -0.00689728)
(0.00424178 -0.0166944 -0.00664822)
(0.00227293 -0.0188639 -0.00577428)
(0.00107044 -0.0181913 -0.00489488)
(0.00163099 -0.0178663 -0.00518852)
(0.00266409 -0.0176627 -0.00505822)
(0.00287883 -0.0171657 -0.00570776)
(0.00953215 -0.0155277 -0.0140079)
(0.0118441 -0.0160997 -0.0167315)
(0.0117191 -0.0153514 -0.0168622)
(0.0126296 -0.0164349 -0.0181515)
(0.010307 -0.015922 -0.0151577)
(0.0107539 -0.0147415 -0.0153655)
(0.0106891 -0.0176892 -0.0161462)
(0.0112249 -0.0148794 -0.0168622)
(0.0127972 -0.0174432 -0.0186918)
(-0.00197618 -0.0189923 -0.00435051)
(-0.000717527 -0.0191474 -0.00478149)
(0.00451403 -0.0118171 -0.00589379)
(0.00311184 -0.0147944 -0.00883476)
(0.00357274 -0.0145726 -0.0092334)
(0.00391256 -0.0141065 -0.0102264)
(0.00418037 -0.0151911 -0.0107016)
(0.00389123 -0.0151149 -0.00875545)
(0.00344592 -0.0125402 -0.00493306)
(0.00418715 -0.0159641 -0.00858885)
(0.0038006 -0.0133086 -0.00776279)
(0.00352941 -0.0175421 -0.00734827)
(0.00300605 -0.0177789 -0.00616005)
(0.00408302 -0.0156573 -0.00874483)
(0.00394975 -0.0170694 -0.00809616)
(0.00205504 -0.0166821 -0.00443327)
(0.00179539 -0.0168819 -0.00467145)
(0.0019708 -0.0188401 -0.00693661)
(-0.00218789 -0.0199738 -0.00289048)
(0.000869177 -0.0191884 -0.00485009)
(-0.000166712 -0.0196344 -0.00360846)
(0.00128224 -0.0192771 -0.00575228)
(-0.000234476 -0.0199202 -0.00520187)
(-0.00152565 -0.0189881 -0.00309024)
(-0.00169825 -0.0197249 -0.00266569)
(-0.00192787 -0.0191319 -0.00235604)
(0.0001731 -0.0183618 -0.00367497)
(0.003065 -0.0151605 -0.00470439)
(0.00302573 -0.016896 -0.0060147)
(0.0017641 -0.0178232 -0.00386486)
(0.00260011 -0.0170911 -0.00515077)
(0.00533622 -0.0159503 -0.00671346)
(0.00285868 -0.0142433 -0.00395861)
(0.00140734 -0.0196537 -0.00407677)
(0.000335093 -0.0190567 -0.00328827)
(0.000320078 -0.0188909 -0.00443135)
(0.00228168 -0.0178342 -0.00511121)
(0.00349479 -0.0167276 -0.00805882)
(0.00331593 -0.016799 -0.00837877)
(0.00285093 -0.0187051 -0.00992203)
(0.00146757 -0.016437 -0.00866586)
(0.00483872 -0.0129468 -0.00929328)
(0.00532061 -0.015549 -0.008282)
(0.00500229 -0.0112631 -0.00895991)
(0.00521035 -0.0121138 -0.00734959)
(0.00552106 -0.0127759 -0.00891792)
(0.013619 -0.0150882 -0.0192746)
(0.0136903 -0.0140785 -0.0188769)
(0.0145973 -0.0139712 -0.0204106)
(0.0135715 -0.015651 -0.0187497)
(0.0148056 -0.0148788 -0.0212311)
(0.015746 -0.0162554 -0.0217603)
(0.0159384 -0.0152844 -0.0218443)
(-1.28356e-05 0.000528717 0.000682121)
(0.000162752 0.000506567 0.000570122)
(0.00019923 0.000248482 0.000300984)
(0.000192853 0.000318526 0.000370609)
(0.0115851 -0.0103653 -0.0199818)
(0.0113553 -0.0108584 -0.018215)
(0.0100178 -0.00914171 -0.0168604)
(0.00909206 -0.00874689 -0.0165528)
(0.00927176 -0.00793361 -0.0189221)
(0.00916955 -0.00816378 -0.0180124)
(0.000324016 -0.000883901 -0.00165955)
(0.0012156 -0.0022724 -0.00424849)
(0.00071338 -0.00164693 -0.00282284)
(0.000435071 -0.000908321 -0.00143363)
(0.000459993 -0.00104674 -0.00168064)
(0.000641315 -0.00171448 -0.00293582)
(0.00070355 -0.00191336 -0.00384722)
(0.00117737 -0.0020212 -0.00375671)
(0.00146907 -0.00242045 -0.00424052)
(0.000549641 -0.00118342 -0.00200991)
(0.000590247 -0.00136899 -0.00238328)
(0.00434603 -0.00726103 -0.0115249)
(0.00434872 -0.00693358 -0.0110208)
(0.00522165 -0.00760881 -0.0104413)
(0.00565919 -0.00825856 -0.0105545)
(0.00569246 -0.0117278 -0.00685116)
(0.00632119 -0.0118106 -0.00825449)
(0.00631709 -0.0148809 -0.00889149)
(0.00529391 -0.0129082 -0.00723703)
(0.00550378 -0.0117879 -0.00889017)
(0.00593476 -0.0139445 -0.00905601)
(0.00548041 -0.0134231 -0.00767361)
(0.00558574 -0.0107923 -0.00985116)
(0.00453923 -0.00817082 -0.0109233)
(0.00837646 -0.0100717 -0.0156379)
(0.00661353 -0.00811505 -0.015747)
(0.00611984 -0.00728885 -0.0153549)
(0.00607211 -0.00768065 -0.0137019)
(0.00546065 -0.00661111 -0.0132672)
(0.00671748 -0.0083342 -0.0140531)
(0.00703325 -0.00773515 -0.0136567)
(0.00883633 -0.0107592 -0.0144139)
(0.00818089 -0.00896566 -0.0130241)
(0.00988942 -0.0120956 -0.0136697)
(0.00932971 -0.0149564 -0.0124706)
(0.0083662 -0.0120796 -0.0115237)
(0.00886473 -0.0140502 -0.0125505)
(0.00818425 -0.0103175 -0.0134933)
(0.00789728 -0.0100783 -0.0145676)
(0.00886018 -0.0132368 -0.0122921)
(0.00750362 -0.00902232 -0.0144477)
(0.00907858 -0.012331 -0.0146134)
(-7.39718e-05 -0.00440911 -0.0114518)
(-0.00112545 -0.00425963 -0.0104995)
(0.00233857 -0.00509787 -0.0126869)
(0.000750167 -0.00489584 -0.0124232)
(0.00176653 -0.00472903 -0.0128633)
(-0.00314112 -0.00321898 -0.00957803)
(-0.000525863 -0.0038066 -0.0120854)
(-0.00216891 -0.00331667 -0.0116392)
(-0.00165559 -0.00402431 -0.0108625)
(-0.00114776 -0.00398999 -0.0110209)
(-6.88347e-05 -0.00381172 -0.0122855)
(0.00229261 -0.00520353 -0.0122805)
(0.00153049 -0.00454009 -0.0128988)
(0.00230319 -0.00564364 -0.0124365)
(-0.000765678 -0.0037629 -0.0122845)
(-6.78179e-05 -0.00364411 -0.00793964)
(-0.000248581 -0.0027315 -0.00555032)
(0.000800443 -0.00424542 -0.00984793)
(0.00202864 -0.00508265 -0.0112114)
(0.0013308 -0.00477413 -0.0105175)
(0.000835814 -0.00441952 -0.00973446)
(0.00179221 -0.00459015 -0.012276)
(0.00297279 -0.00584595 -0.012489)
(0.000800886 -0.00295113 -0.00688464)
(-0.000145481 -0.00262603 -0.00670496)
(9.63807e-05 -0.0028413 -0.00592101)
(8.90195e-06 -0.00201993 -0.00427324)
(0.000501631 -0.00226477 -0.00446366)
(0.000893904 -0.00271172 -0.00587006)
(0.00382218 -0.00985991 -0.00736723)
(0.0036504 -0.0086401 -0.00733123)
(0.00549292 -0.01179 -0.00983695)
(0.0042779 -0.00990497 -0.00829321)
(0.00407164 -0.0129921 -0.00889622)
(0.00397923 -0.013023 -0.00869973)
(0.00420536 -0.0139218 -0.00958756)
(0.00515555 -0.0143566 -0.0102953)
(0.0118699 -0.021006 -0.0148269)
(0.0125585 -0.0210471 -0.0157388)
(0.00983779 -0.0226608 -0.0130484)
(0.00749785 -0.0184137 -0.0113396)
(0.00836119 -0.0189183 -0.0119444)
(0.00905212 -0.0199252 -0.0131323)
(0.0108858 -0.0200274 -0.0153203)
(0.00884197 -0.018872 -0.0128363)
(0.0112202 -0.0221178 -0.0144951)
(0.00919541 -0.0193637 -0.0119692)
(0.0112922 -0.0205023 -0.0134967)
(0.0130432 -0.0228088 -0.0143609)
(0.0110939 -0.0227547 -0.0133312)
(0.0108681 -0.0234688 -0.0123779)
(0.0103958 -0.0127002 -0.0151406)
(0.0125806 -0.0126087 -0.0182744)
(0.0145162 -0.0174854 -0.02016)
(0.0138021 -0.017913 -0.0186498)
(0.0122172 -0.0162002 -0.0172824)
(0.0136455 -0.0151579 -0.0197333)
(0.0139406 -0.0182228 -0.0184496)
(0.0123912 -0.0161047 -0.0173507)
(0.00777874 -0.0111848 -0.0111388)
(0.00770366 -0.00878097 -0.0107152)
(0.00745805 -0.0099185 -0.0103266)
(0.00731818 -0.00878454 -0.0106672)
(0.00557053 -0.00761042 -0.00841316)
(0.00487068 -0.00666928 -0.00714949)
(0.00510959 -0.00714104 -0.00757476)
(0.00396919 -0.0058405 -0.00597345)
(0.00708285 -0.0104059 -0.010345)
(0.0058609 -0.00980336 -0.00921274)
(0.00680628 -0.0114129 -0.0107578)
(0.00455124 -0.00868222 -0.00757805)
(0.00520628 -0.00770974 -0.00819495)
(0.00614044 -0.00834313 -0.00874065)
(7.3887e-05 -0.000475658 -0.000592145)
(0.000168498 -0.00036926 -0.000526821)
(5.9931e-05 -0.000621725 -0.000883942)
(0.000141124 -0.000817885 -0.00117341)
(0.00014418 -0.000452447 -0.00055375)
(0.000147744 -0.000424899 -0.000552015)
(2.25212e-05 -0.000611669 -0.000806183)
(3.43902e-05 -0.00061611 -0.000817214)
(-0.000116292 -0.000696462 -0.000910589)
(-4.53763e-05 -0.000698108 -0.00102269)
(0.0102814 -0.008324 -0.0137931)
(0.0079661 -0.00759364 -0.010799)
(0.0100508 -0.00610019 -0.012807)
(0.0057766 -0.00455503 -0.00720602)
(0.00554727 -0.00318947 -0.00613526)
(0.00509191 -0.00292009 -0.00558536)
(0.00482921 -0.00382093 -0.00586542)
(0.00672816 -0.00471835 -0.0082339)
(2.02579e-05 -0.00104467 -0.000937511)
(0.000933539 -0.00205598 -0.00207673)
(0.000226332 -0.000905158 -0.000831404)
(0.000532228 -0.00136054 -0.00137253)
(0.000747304 -0.00256517 -0.00222068)
(0.00124504 -0.00363167 -0.00316757)
(0.000259334 -0.00195531 -0.00169221)
(0.000420338 -0.00242587 -0.00205911)
(0.00107652 -0.0119507 -0.00711417)
(0.00165236 -0.0149679 -0.00848774)
(0.000676668 -0.0153125 -0.00835735)
(0.00109456 -0.0120886 -0.00744316)
(0.00264432 -0.00871285 -0.0137419)
(-0.00117687 -0.00792335 -0.0135528)
(-0.000415539 -0.00870496 -0.0139244)
(-0.00112907 -0.00806178 -0.0144919)
(0.00473491 -0.0113883 -0.0118344)
(0.00473308 -0.0112935 -0.0118766)
(0.0039905 -0.00948037 -0.0125004)
(0.00334332 -0.0104551 -0.013397)
(0.00367655 -0.0111672 -0.0131856)
(0.00122396 -0.00975438 -0.0145328)
(0.00208258 -0.00990295 -0.0131244)
(-0.000534089 -0.00114265 -0.000680377)
(-0.00141083 -0.000253938 -1.14997e-05)
(-0.00137858 -0.00036376 9.38311e-05)
(-0.00108343 -0.000462031 -8.44616e-05)
(-0.00082261 -0.000968588 -0.000510345)
(-0.000589707 -0.0017256 -0.00110665)
(-0.00139029 -0.00181079 -0.0010433)
(-0.00119226 -0.000953343 -0.000481614)
(-0.000912933 -0.00184465 -0.00112433)
(0.000417799 -0.00369573 -0.00257315)
(-0.00422577 -0.0133693 -0.00824588)
(-0.00458357 -0.0134237 -0.00789467)
(-0.00440953 -0.0157046 -0.00853945)
(-0.00467829 -0.0156153 -0.00788311)
(-0.00475199 -0.0197328 -0.00762605)
(0.00231429 -0.014672 -0.0115718)
(0.00173196 -0.0150218 -0.0121175)
(0.00304231 -0.016201 -0.0114481)
(0.00280468 -0.0145397 -0.0109709)
(-0.00578589 -0.00768949 -0.00814945)
(-0.00471575 -0.00680592 -0.00774878)
(0.0111815 -0.0191866 -0.0220757)
(0.00893609 -0.0181291 -0.0194529)
(-0.00529409 -0.0184447 -0.00420064)
(-0.00447624 -0.0181887 -0.00202844)
(-0.0051013 -0.0197742 -0.00248137)
(-0.00492311 -0.0188709 -0.00215098)
(-0.00742363 -0.0183164 -0.00293573)
(-0.00654682 -0.0183795 -0.00236053)
(-0.00682929 -0.0185899 -0.00377908)
(-0.00544605 -0.0189025 -0.00297121)
(-0.00626346 -0.0184468 -0.00351663)
(-0.00558758 -0.0194995 -0.00323224)
(-0.00749071 -0.0171965 -0.00472644)
(-0.00731224 -0.0179741 -0.00414228)
(-0.00761037 -0.0175746 -0.00380963)
(-0.00856622 -0.0176991 -0.00484944)
(-0.0106933 -0.0150858 -0.0053127)
(-0.0106226 -0.0133984 -0.00580421)
(-0.0103243 -0.0125492 -0.00676266)
(0.00539343 -0.0166347 -0.00744364)
(0.00448886 -0.0146969 -0.00807904)
(0.00533568 -0.0155508 -0.00776608)
(0.00529513 -0.0198205 -0.00693265)
(0.00419711 -0.0162266 -0.00625373)
(0.0143857 -0.00871405 -0.0207167)
(0.0136948 -0.00607881 -0.0195057)
(0.0139 -0.0110227 -0.0226745)
(0.0143842 -0.012133 -0.0226454)
(0.0147772 -0.0117583 -0.0235673)
(0.0147282 -0.0135741 -0.024383)
(0.0122865 -0.0170254 -0.0209601)
(0.0140411 -0.0160815 -0.0193507)
(0.0138864 -0.0167386 -0.019765)
(0.0168605 -0.018901 -0.0232721)
(0.0148985 -0.0184935 -0.0245412)
(0.0144643 -0.0174935 -0.0215439)
(0.00336726 -0.0152772 -0.0151732)
(0.011964 -0.0164708 -0.0185406)
(0.0113601 -0.0156355 -0.0165787)
(0.0100244 -0.0166327 -0.0179928)
(0.01108 -0.0167454 -0.0185147)
(0.0115678 -0.0168222 -0.0189558)
(0.00788437 -0.017023 -0.0186597)
(0.00884041 -0.0166456 -0.018495)
(0.00777947 -0.0162297 -0.0180409)
(0.0109816 -0.0168252 -0.0190179)
(0.010926 -0.0176655 -0.0202365)
(0.0157408 -0.0174691 -0.0226761)
(0.0154002 -0.017399 -0.0227691)
(0.0163192 -0.0185951 -0.0202796)
(0.0163047 -0.0184412 -0.0207261)
(0.0152184 -0.0171312 -0.021424)
(0.015658 -0.0176387 -0.0217547)
(0.0167219 -0.0191069 -0.0222944)
(0.0145041 -0.0165986 -0.020791)
(0.0153739 -0.0176339 -0.0199611)
(0.0157162 -0.0180079 -0.019914)
(0.0165038 -0.0188068 -0.0210337)
(0.0176446 -0.0189821 -0.0242456)
(0.0153351 -0.017613 -0.0221251)
(0.017834 -0.0185526 -0.0244411)
(0.0177821 -0.0193709 -0.0239316)
(0.0152543 -0.0157762 -0.0244188)
(-0.00130751 -0.0219425 -0.00670467)
(0.000196949 -0.0229596 -0.00735663)
(-0.00317373 -0.0211009 -0.00640226)
(-0.00202841 -0.0215063 -0.00655433)
(-0.00131273 -0.0202066 -0.00726619)
(-0.000336349 -0.0216562 -0.00800633)
(0.000237522 -0.0214947 -0.0073758)
(0.000633469 -0.0240424 -0.00748071)
)
;
    }
    INLET
    {
        type            calculated;
        value           nonuniform 0();
    }
    OUTLET
    {
        type            calculated;
        value           nonuniform 0();
    }
    procBoundary9to3
    {
        type            processor;
        value           uniform (0 0 0);
    }
    procBoundary9to10
    {
        type            processor;
        value           uniform (0 0 0);
    }
}


// ************************************************************************* //
