/*--------------------------------*- C++ -*----------------------------------*\
| =========                 |                                                 |
| \\      /  F ield         | OpenFOAM: The Open Source CFD Toolbox           |
|  \\    /   O peration     | Version:  v1612+                                |
|   \\  /    A nd           | Web:      www.OpenFOAM.com                      |
|    \\/     M anipulation  |                                                 |
\*---------------------------------------------------------------------------*/
FoamFile
{
    version     2.0;
    format      ascii;
    class       volVectorField;
    location    "50";
    object      wallShearStress;
}
// * * * * * * * * * * * * * * * * * * * * * * * * * * * * * * * * * * * * * //

dimensions      [0 2 -2 0 0 0 0];

internalField   uniform (0 0 0);

boundaryField
{
    WALL
    {
        type            calculated;
        value           nonuniform List<vector> 
1692
(
(0.000648174 -0.00808083 0.0135192)
(0.000139643 -0.00830972 0.0113507)
(-0.000516695 -0.0116212 0.00498498)
(-0.00122105 -0.0126824 0.00546162)
(0.00262678 -0.00724954 0.00607549)
(0.0016648 -0.00677171 0.00850224)
(0.00469217 0.00174227 0.0183024)
(0.0170338 0.00737789 0.0206169)
(0.0202062 0.00441415 0.0200918)
(0.00566808 -0.00887767 0.00434496)
(0.00573988 -0.0104481 0.00505169)
(0.00412384 -0.00859348 0.00536428)
(0.0049449 -0.00749422 0.00442103)
(0.0108888 -0.0109261 0.0120338)
(0.0120726 -0.0106961 0.0120972)
(0.00634188 -0.0140539 0.0164217)
(0.00585881 -0.0151552 0.0183299)
(0.00125514 -0.0127212 0.0133619)
(0.00109101 -0.0136848 0.0123001)
(0.00126444 -0.0143086 0.00842508)
(0.000942133 -0.0151235 0.00819515)
(0.00427328 -0.0107253 0.00401324)
(0.00299988 -0.010303 0.00401299)
(0.00312401 -0.0123732 0.00468711)
(0.0021473 -0.0124733 0.00455032)
(0.00265818 -0.0128848 0.0104472)
(0.00179427 -0.0134395 0.010239)
(-0.00256785 -0.0058677 0.0107049)
(-0.00337666 -0.00734432 0.0103531)
(-0.00286704 -0.00881326 0.0100464)
(-0.00353092 -0.010156 0.0094676)
(0.00520807 -0.0125678 0.00686576)
(0.00719359 -0.0134719 0.00737012)
(0.0170687 -3.63522e-05 0.01436)
(0.0175837 -0.000586655 0.0114614)
(0.000864971 -0.00620145 0.0123642)
(0.00233728 -0.00578674 0.0101342)
(-0.00146829 -0.0136075 0.0062534)
(0.00676707 -0.0106517 0.00451173)
(0.00559756 -0.0097318 0.00381727)
(0.00572357 -0.0104348 0.0044657)
(0.00911094 -0.010775 0.00485206)
(0.00971468 -0.00982612 0.00453282)
(0.00683342 -0.0103195 0.004381)
(0.00807119 -0.00997843 0.00421368)
(0.00777003 -0.0102282 0.00438622)
(-0.00175784 -0.0146435 0.00809847)
(-0.0019159 -0.0162445 0.0108511)
(-0.00114507 -0.0160967 0.0084285)
(-0.00191648 -0.0157892 0.00951333)
(-0.00130435 -0.0147062 0.00733821)
(-0.00118557 -0.0154558 0.00933411)
(0.00595367 -0.00856176 0.00608383)
(0.006247 -0.00816102 0.00549804)
(0.00329555 -0.0075659 0.00748389)
(0.00436685 -0.00743861 0.0059941)
(0.00364116 -0.00764746 0.00687682)
(0.00468724 -0.00749803 0.00525358)
(0.0103168 -0.00471781 0.0183769)
(0.0110632 -0.00151903 0.0183219)
(0.0120402 -0.00251928 0.0172518)
(0.0100921 -0.00283743 0.0194147)
(0.00904454 -0.00407812 0.0190149)
(0.0111354 -0.00340906 0.016822)
(0.00299219 -0.00597108 0.00929037)
(0.00171974 -0.013277 0.004154)
(0.00333122 -0.0127696 0.00393948)
(0.00343027 -0.0124795 0.00381038)
(0.00258238 -0.0128731 0.00375045)
(0.00156079 -0.0140864 0.00484425)
(0.00228629 -0.0134216 0.00456779)
(-0.00298156 -0.00586102 0.0106652)
(-0.00291816 -0.00727654 0.00874073)
(-0.00302956 -0.00551475 0.0108041)
(-0.00318894 -0.00621782 0.00922187)
(-0.00319844 -0.00580133 0.0101013)
(-0.00316897 -0.00690943 0.00930602)
(0.00422993 -0.00924573 0.0111331)
(-0.00337354 -0.0108992 0.00914399)
(-0.00349013 -0.010621 0.00792553)
(-0.00359986 -0.0107699 0.00814956)
(-0.00342683 -0.0100541 0.00871393)
(-0.00341292 -0.0115542 0.00782347)
(-0.000847179 -0.00672075 0.0130336)
(-0.0017287 -0.00663763 0.0124238)
(-0.000217858 -0.00585164 0.0130716)
(-0.000617017 -0.00593003 0.0127077)
(-0.00174829 -0.00738595 0.0119103)
(-0.00168646 -0.00635532 0.0125074)
(0.00724268 -0.0175164 0.00922288)
(0.00718828 -0.0170069 0.00842548)
(0.00747437 -0.0167765 0.00969979)
(0.00767921 -0.016172 0.00991846)
(0.00726223 -0.0154778 0.00888454)
(0.00679636 -0.0179618 0.008417)
(0.0054511 -0.0176371 0.00688258)
(0.00487817 -0.0176177 0.00604777)
(0.00477863 -0.0182546 0.00627073)
(0.00432177 -0.0183059 0.00604581)
(0.00579869 -0.017305 0.00728412)
(0.00557463 -0.0185378 0.00720698)
(0.00727744 -0.017658 0.00991986)
(0.00679435 -0.0187602 0.0102968)
(0.00586924 -0.0185086 0.00835861)
(0.00608247 -0.0180455 0.0089198)
(0.0067592 -0.0181589 0.0102785)
(0.00704197 -0.0175555 0.00937421)
(0.00726832 -0.0177452 0.01129)
(0.00780253 -0.0163137 0.0129776)
(0.00689094 -0.0184573 0.0131733)
(0.00692673 -0.0176589 0.0119318)
(0.00732134 -0.0179978 0.0135213)
(0.00773479 -0.0162954 0.0118819)
(0.00324248 -0.00890319 0.0180688)
(0.00416492 -0.00700528 0.0211567)
(0.00346485 -0.00595702 0.0197133)
(0.00226304 -0.00686758 0.0186302)
(0.00293305 -0.00659492 0.0159568)
(0.00327588 -0.00666697 0.0185944)
(0.00188348 -0.00930433 0.0155568)
(0.00179168 -0.0108277 0.0120823)
(0.00188924 -0.0102492 0.0137927)
(0.00218817 -0.0103695 0.0147508)
(0.00189318 -0.0109797 0.0127115)
(0.002017 -0.0111734 0.0141828)
(0.00257879 -0.0070227 0.00248675)
(0.00271938 -0.00764303 0.00237954)
(0.00271443 -0.00687047 0.00272628)
(0.0030288 -0.00736624 0.00265936)
(0.00296783 -0.00679297 0.00285358)
(0.00273584 -0.00747609 0.00239269)
(0.00291234 -0.00636466 0.00341931)
(0.00360109 -0.00589944 0.00412669)
(0.00301255 -0.00611312 0.00394154)
(0.00348027 -0.0057447 0.00462736)
(0.00364436 -0.00532871 0.00460241)
(0.00318661 -0.00595501 0.00346579)
(0.00311895 -0.0121453 0.00904335)
(0.00185399 -0.0124774 0.0124604)
(0.0026909 -0.0139098 0.00965113)
(0.00377067 -0.0131008 0.00836691)
(0.00234332 -0.0118123 0.0100956)
(0.00294674 -0.0134791 0.00891814)
(0.00554154 -0.0112442 0.011346)
(0.00585917 -0.0128079 0.00997509)
(0.00692298 -0.0114802 0.010288)
(0.00723568 -0.0122764 0.00961208)
(0.00706456 -0.0135646 0.00993842)
(0.00506478 -0.0123235 0.0116054)
(0.00857735 -0.0112951 0.00536808)
(0.00962282 -0.0112467 0.00549108)
(0.00728763 -0.012483 0.00601011)
(0.00859512 -0.0126976 0.00614355)
(0.00938444 -0.0120564 0.00595263)
(0.00763924 -0.0114622 0.00526454)
(0.0118705 -0.00875072 0.00585937)
(0.0109528 -0.00935662 0.00595597)
(0.0118983 -0.0102382 0.00634109)
(0.0103985 -0.0101856 0.00561602)
(0.0101557 -0.0103668 0.00533235)
(0.0108027 -0.00989038 0.00535648)
(0.0126144 -0.0108536 0.00680278)
(0.0110218 -0.01124 0.00620828)
(0.0132263 -0.0119508 0.00721028)
(0.01293 -0.0101076 0.00640805)
(0.0111339 -0.0111643 0.00622496)
(0.0040191 -0.0133566 0.00552285)
(0.00356169 -0.0135856 0.00566003)
(0.0051633 -0.012752 0.00477297)
(0.00464628 -0.0133868 0.00536379)
(0.00457136 -0.0132425 0.00484326)
(0.00371736 -0.0137359 0.00540831)
(0.00699034 -0.0124104 0.00450003)
(0.0089216 -0.0121402 0.00541799)
(0.0074899 -0.0131161 0.00581596)
(0.00899757 -0.0126689 0.00542797)
(0.00803348 -0.0125413 0.00482556)
(0.00675357 -0.0138065 0.00544973)
(0.00381475 -0.00732157 0.00298312)
(0.00405009 -0.00735449 0.00339953)
(0.00402958 -0.00815611 0.0031127)
(0.00439303 -0.00718659 0.0035086)
(0.00426856 -0.00753301 0.00326801)
(0.00365558 -0.00851881 0.00294282)
(0.00696926 -0.00888116 0.00457999)
(0.00727434 -0.00861119 0.00450692)
(0.00639927 -0.00960742 0.00421314)
(0.00629365 -0.0091601 0.00396862)
(0.00742412 -0.00847691 0.00477987)
(0.00593329 -0.00970102 0.00385721)
(0.00406777 -0.00559708 0.0119656)
(0.00501889 -0.00532262 0.00932456)
(0.0043272 -0.00635058 0.0115573)
(0.00510021 -0.00528512 0.0108035)
(0.00492175 -0.0057259 0.00960944)
(0.00418955 -0.00549865 0.0104055)
(0.00382447 -0.00655728 0.0125008)
(0.00334031 -0.00610879 0.0126104)
(0.00414095 -0.00590025 0.0123138)
(0.0151932 0.00460465 0.0211791)
(0.0180647 0.00759561 0.0225037)
(0.0199697 0.00392319 0.0210526)
(0.0231975 0.000735521 0.0144898)
(0.0228383 -0.000754734 0.0136172)
(0.0224748 -0.000714073 0.0132872)
(0.0215228 -0.00249862 0.0113587)
(0.0219697 -0.00366127 0.0105622)
(0.0242189 -0.0027662 0.0125752)
(-0.0028438 -0.00790342 0.00736379)
(-0.00276452 -0.00915888 0.00689896)
(-0.00194397 -0.00970786 0.00629106)
(-0.00233844 -0.00936621 0.00673028)
(-0.0032462 -0.00798388 0.00836861)
(-0.00307512 -0.00867959 0.00805826)
(0.0120643 -0.00461302 0.00189271)
(0.0109009 -0.00530831 0.0021657)
(0.0119978 -0.00594982 0.00384334)
(0.0110835 -0.00642721 0.00380993)
(0.0126209 -0.00537374 0.00413409)
(0.0121938 -0.0051629 0.00377463)
(0.0111142 -0.00635386 0.00368457)
(0.0135944 -0.00128844 0.0179405)
(0.0133769 0.000407131 0.0173274)
(0.0148282 -0.00169199 0.0159004)
(0.0135656 -0.00102935 0.0163031)
(0.0139081 0.000499481 0.0162311)
(0.0148012 -0.000402915 0.0152111)
(0.00633096 -0.011833 0.00494922)
(0.00386761 -0.0117957 0.00428221)
(0.00440146 -0.0125262 0.00467454)
(0.00538156 -0.0107445 0.00406858)
(0.00514794 -0.0121261 0.00476423)
(0.00649156 -0.012119 0.00482937)
(0.0125755 -0.00950614 0.0107255)
(0.0124608 -0.0104615 0.0112102)
(0.0123019 -0.00986103 0.00868056)
(0.0121153 -0.0109651 0.00916307)
(0.0119622 -0.0108133 0.00977752)
(0.0124573 -0.00859996 0.00944775)
(0.0100472 -0.0123932 0.00801471)
(0.010335 -0.0115187 0.00801222)
(0.00888701 -0.0120975 0.00631966)
(0.00938095 -0.0130662 0.00712014)
(0.00994811 -0.01127 0.00735973)
(0.00829854 -0.0124533 0.00631054)
(0.0166167 -0.000970999 0.0138137)
(0.0165652 -0.00133944 0.0121531)
(0.0151168 -0.00266443 0.0111927)
(0.0154963 -0.00242906 0.010343)
(0.015033 -0.00197666 0.0130245)
(0.0161879 -0.00130563 0.0102547)
(0.0142727 -0.00586276 0.0144599)
(0.0139488 -0.00619117 0.011143)
(0.0129849 -0.00663221 0.0135973)
(0.013178 -0.00731115 0.0119908)
(0.0145088 -0.00642552 0.01329)
(0.013259 -0.00691668 0.0108356)
(0.0137357 -0.00223491 0.0151736)
(0.0150565 -0.00321838 0.013124)
(0.0131576 -0.00341438 0.0152789)
(0.0152909 -0.00412418 0.0141013)
(0.0144911 -0.00242948 0.0142149)
(0.0141452 -0.00507073 0.0148946)
(-0.00252298 -0.0166238 0.0113795)
(-0.00135814 -0.0173141 0.0129753)
(-0.0011157 -0.0175554 0.01393)
(-0.00215582 -0.016736 0.0123112)
(0.00207461 -0.0149232 0.00743429)
(0.000887195 -0.0142616 0.00945582)
(0.00159361 -0.0145303 0.00752641)
(0.00242017 -0.0136901 0.00592573)
(0.00194854 -0.0140409 0.00643651)
(0.00203672 -0.0143688 0.00773401)
(0.00078278 -0.013835 0.0114482)
(0.00155976 -0.0148143 0.0110186)
(0.000931494 -0.0136278 0.0127696)
(0.000853551 -0.014143 0.0104018)
(0.00108897 -0.0134637 0.00982463)
(0.00469852 -0.0112281 0.00355021)
(0.00595323 -0.0102789 0.00377358)
(0.00591044 -0.010472 0.00364949)
(0.00456478 -0.0119205 0.00359638)
(0.00539399 -0.0106699 0.00359646)
(0.00533443 -0.0115584 0.00378314)
(0.00071133 -0.0127519 0.00423708)
(0.000888685 -0.0119407 0.00352738)
(0.00150794 -0.011837 0.00323805)
(0.00118838 -0.0124871 0.00397066)
(0.00173464 -0.0118495 0.00353253)
(0.00206706 -0.0114675 0.00326582)
(-0.000926614 -0.0119219 0.00327688)
(-0.000377921 -0.0114427 0.0028756)
(-0.00136797 -0.0121286 0.00350909)
(0.000103956 -0.010619 0.00245669)
(0.00339831 -0.00695416 0.00308704)
(0.00355648 -0.00679903 0.00311833)
(0.0039245 -0.00627891 0.00377455)
(0.00353748 -0.0063112 0.00323686)
(0.00418352 -0.00619106 0.00392232)
(0.00403549 -0.00657644 0.00362667)
(0.00206934 -0.0108057 0.00289787)
(0.0033117 -0.00934001 0.00287641)
(0.00274781 -0.0103766 0.00294445)
(0.00308982 -0.0100225 0.00276062)
(0.00227814 -0.0104349 0.00278399)
(0.00329575 -0.00919954 0.00273311)
(0.00446227 -0.0176346 0.00558498)
(0.00494088 -0.0180379 0.0063541)
(0.00503373 -0.0183499 0.00677011)
(0.00330009 -0.0187966 0.00497641)
(0.00223435 -0.0177619 0.00513933)
(0.00125057 -0.018003 0.00513666)
(0.00324021 -0.0176676 0.00531334)
(0.00215868 -0.0175983 0.0050767)
(0.00132462 -0.0177256 0.00508477)
(0.00151762 -0.0153353 0.00434256)
(-0.00310223 -0.00990824 0.0107408)
(-0.00242972 -0.00914327 0.0114949)
(-0.00219997 -0.00868025 0.0121608)
(-0.00328259 -0.00994925 0.0114226)
(-0.00261292 -0.00929407 0.0121034)
(-0.00339161 -0.0102728 0.0109243)
(-0.0032404 -0.0133578 0.0063082)
(-0.00353284 -0.0122044 0.00678483)
(-0.00387161 -0.013489 0.00743811)
(-0.00341003 -0.0139958 0.00656991)
(-0.00375907 -0.0125482 0.0073581)
(-0.00276191 -0.0141174 0.00610139)
(-0.00299462 -0.0150938 0.00579083)
(-0.00241721 -0.015006 0.00483312)
(-0.0031803 -0.0153587 0.00568362)
(-0.0016037 -0.016197 0.00514008)
(-0.00140862 -0.0172517 0.00536857)
(-0.0022347 -0.015413 0.00550241)
(-0.00151761 -0.00851409 0.012901)
(-0.0010272 -0.00808585 0.0134834)
(-2.81242e-05 -0.00709693 0.0136591)
(9.98332e-05 -0.00718435 0.0129509)
(-0.000573354 -0.00714621 0.0129549)
(-0.00168333 -0.00861777 0.0129163)
(0.00385771 -0.00582393 0.00889867)
(0.00365204 -0.00527414 0.00729737)
(0.00449815 -0.00563828 0.00801178)
(0.00396309 -0.0055861 0.00655103)
(0.00416542 -0.00531919 0.00662759)
(0.00406475 -0.00511267 0.00893233)
(0.00292774 -0.00589538 0.011152)
(0.00185534 -0.00543697 0.0116077)
(0.00325046 -0.00523455 0.0114535)
(-0.000299294 -0.0144756 0.00526501)
(0.00197529 -0.0152734 0.0051807)
(0.000984983 -0.0136973 0.0043827)
(0.00123405 -0.0140522 0.00486704)
(-0.000551058 -0.0141389 0.00526659)
(0.00200245 -0.0151144 0.00502499)
(0.000680235 -0.0159681 0.013701)
(0.000898234 -0.0161944 0.0132507)
(-9.44608e-05 -0.0160156 0.013315)
(0.0013883 -0.0152929 0.0145316)
(0.00140644 -0.0158279 0.0153878)
(0.000254583 -0.0162724 0.0121845)
(0.00256308 -0.0187117 0.015468)
(0.00159524 -0.0178054 0.0149777)
(0.00162429 -0.0181974 0.0145016)
(0.000911489 -0.0193571 0.0147838)
(0.000836434 -0.0180506 0.0148054)
(0.00240642 -0.0174853 0.0145351)
(0.0021879 -0.0171102 0.0154884)
(0.00405366 -0.0153588 0.0159719)
(0.00173434 -0.0157076 0.014895)
(0.00301094 -0.0157679 0.0151592)
(0.00406439 -0.0165354 0.0166492)
(0.0028543 -0.0161188 0.0168088)
(0.00579048 -0.0137079 0.017663)
(0.00680512 -0.0119213 0.0178776)
(0.0066186 -0.0134449 0.0173381)
(0.00320411 -0.0138658 0.016132)
(0.00736881 -0.0135548 0.0171248)
(0.0072649 -0.0122378 0.0173473)
(0.00579609 -0.00979769 0.0192014)
(0.00704237 -0.00847078 0.0172713)
(0.00876073 -0.00759229 0.019662)
(0.00762517 -0.00577366 0.0193521)
(0.00589597 -0.00668826 0.0173434)
(0.00613719 -0.00924647 0.0196147)
(0.00845191 -0.0156962 0.0118934)
(0.00857784 -0.016658 0.0112888)
(0.00863534 -0.0157848 0.0118175)
(0.00965652 -0.0154671 0.0139402)
(0.00849604 -0.0159844 0.013451)
(0.00826426 -0.0168993 0.0133941)
(0.00864899 -0.0157413 0.0104676)
(0.00598097 -0.0148497 0.00605929)
(0.00558794 -0.0142503 0.00533253)
(0.00686482 -0.0150746 0.00637005)
(0.00653148 -0.015623 0.0066891)
(0.00448538 -0.0153289 0.00554586)
(0.00451034 -0.0158323 0.00551283)
(0.0107625 -0.00603474 0.0166184)
(0.0120884 -0.00505652 0.0168532)
(0.0114801 -0.00749763 0.0191317)
(0.0117948 -0.00920636 0.0186065)
(0.0130938 -0.00679802 0.0168752)
(0.011789 -0.00794491 0.0162376)
(0.00726796 -0.0105923 0.0178366)
(0.00880776 -0.0109163 0.0168532)
(0.0098387 -0.00943746 0.0187857)
(0.00748902 -0.012 0.0186368)
(0.00805848 -0.0102263 0.0175843)
(0.00901014 -0.0107533 0.0195843)
(0.00160709 -0.00583813 0.0155284)
(0.000839649 -0.00583175 0.0137539)
(0.00146819 -0.00436223 0.0148441)
(0.0016441 -0.00374593 0.0165409)
(0.000712372 -0.00576974 0.0148858)
(0.000850648 -0.00652749 0.0136729)
(0.00413881 -2.80737e-05 0.0176775)
(0.00460761 -0.0008043 0.0182125)
(0.00579373 0.000513092 0.0176761)
(0.00580792 0.000572864 0.0188098)
(0.00281499 -0.00113588 0.0166072)
(0.00326343 -0.00142681 0.0178493)
(0.00067932 -0.00823328 0.012479)
(0.000310159 -0.00812472 0.0135875)
(0.00114777 -0.00991654 0.0110292)
(0.00102413 -0.00972302 0.0117053)
(0.00152153 -0.00967163 0.00868799)
(0.00234948 -0.0107586 0.00857911)
(0.00157924 -0.00998981 0.00901185)
(0.00126356 -0.00944464 0.00983723)
(0.000259814 -0.00582839 0.0101026)
(0.000699536 -0.00759553 0.0112381)
(0.000639384 -0.00814118 0.010269)
(0.00098869 -0.00775867 0.00901886)
(0.000913191 -0.00746158 0.00950501)
(0.000315925 -0.00621462 0.0110979)
(0.00257487 -0.00856385 0.0069089)
(0.00316671 -0.00857561 0.00585552)
(0.00557988 -0.00887449 0.00459431)
(0.00359456 -0.00826834 0.00583565)
(0.00146425 -0.00704956 0.00804)
(0.00193638 -0.00777894 0.00737529)
(-0.00253763 -0.00442024 0.013102)
(-0.0018843 -0.00503624 0.0123153)
(-0.00221738 -0.00408556 0.0131665)
(-0.00222197 -0.00548049 0.0112801)
(-0.00253335 -0.00575508 0.011878)
(-0.00210366 -0.00639553 0.0105403)
(-0.00141798 -0.00724376 0.00823291)
(-0.000184761 -0.00849982 0.00790891)
(-0.00100189 -0.00759539 0.00877007)
(3.99166e-05 -0.00846969 0.00660456)
(0.000148075 -0.00858146 0.00631538)
(-0.000662152 -0.00848874 0.00725896)
(0.00640159 0.00171162 0.0195781)
(0.00472318 0.00156871 0.0184684)
(0.00445106 0.0008975 0.0189013)
(0.00771899 0.00327593 0.0197958)
(0.00572039 0.00177809 0.0200028)
(0.00759152 0.00272987 0.021435)
(0.0109855 -0.0044797 0.0107457)
(0.0117299 -0.00187854 0.013343)
(0.0119059 -0.00174669 0.0122724)
(0.0103772 -0.00319378 0.0121599)
(0.0109036 -0.00406003 0.0114597)
(0.0112161 -0.00325256 0.0107862)
(0.00772418 -0.00467003 0.0111413)
(0.00829754 -0.0050723 0.0106726)
(0.00796622 -0.00324356 0.0129201)
(0.00793171 -0.00444565 0.0127991)
(0.00841039 -0.00365503 0.0117297)
(0.00851966 -0.00444745 0.010786)
(-0.00190307 -0.00555341 0.0117404)
(-0.0004229 -0.00489838 0.0138778)
(-0.000645964 -0.00520655 0.0131003)
(-0.0019638 -0.00441414 0.0123946)
(-0.000779417 -0.00473341 0.01324)
(-0.00168956 -0.00530855 0.0119025)
(0.00248082 -0.00500974 0.012949)
(0.00384461 -0.0057224 0.0133368)
(0.00170656 -0.00380347 0.0142415)
(0.00123563 -0.00545338 0.014129)
(0.00368904 -0.00478671 0.0124108)
(0.00165201 -0.00486935 0.0131021)
(0.00328774 -0.00409263 0.0144531)
(0.00415052 0.000385462 0.0195804)
(0.00758437 0.00163518 0.0193515)
(0.0074733 0.00125802 0.0202407)
(0.00527506 0.00111885 0.0194176)
(0.00192544 -0.00985985 0.00455707)
(0.00196929 -0.0100087 0.00461178)
(1.13465e-05 -0.00885973 0.00575572)
(6.2075e-06 -0.00917837 0.005678)
(0.000755159 -0.00996591 0.00512811)
(0.000907496 -0.00929513 0.00527268)
(0.0215674 -0.00363741 0.0118918)
(0.0197272 -0.00302617 0.0107005)
(0.0196318 -0.00452829 0.0100899)
(0.021736 -0.00121848 0.0140945)
(0.0218936 -0.00108888 0.0129125)
(0.0204694 -0.00128781 0.012159)
(0.0138404 -0.00464383 0.0101434)
(0.0129585 -0.00288345 0.0106019)
(0.015014 -0.00140668 0.0115932)
(0.0142914 -0.00120095 0.0129703)
(0.0149912 -0.00373768 0.0108753)
(0.0135463 -0.00249283 0.0124218)
(0.0158411 -0.00357271 0.00927385)
(0.0182723 -0.00125413 0.0117377)
(0.0179005 -0.00237151 0.0102212)
(0.0174965 0.000108742 0.0126577)
(0.016936 -0.00108737 0.0120062)
(0.0161969 -0.00258187 0.0104804)
(0.00710605 -0.000672668 0.0194338)
(0.00842857 0.00196677 0.0196543)
(0.0107509 0.00248974 0.0206806)
(0.010959 0.00127838 0.0216162)
(0.00856396 0.000986412 0.0203866)
(0.00702798 0.00118824 0.0196176)
(0.0131004 -0.00606745 0.0077373)
(0.0137199 -0.00544371 0.00861022)
(0.0123394 -0.0073854 0.0069888)
(0.0122509 -0.00814836 0.00699399)
(0.0121227 -0.00776437 0.00747753)
(0.0132038 -0.00663349 0.00853977)
(0.0108236 -0.00766963 0.00744822)
(0.0109828 -0.00700799 0.00747821)
(0.0115183 -0.00521651 0.00893421)
(0.0114233 -0.00597997 0.00805489)
(0.0105955 -0.00719159 0.00792915)
(0.0103828 -0.00626889 0.00838905)
(0.00941315 -0.00646102 0.00791479)
(0.00973429 -0.00536306 0.00951031)
(0.00928014 -0.00629288 0.00867877)
(0.00968524 -0.00666555 0.00811816)
(0.0090707 -0.00593966 0.00927156)
(0.00998418 -0.0062973 0.0090662)
(0.0081395 -0.00609673 0.00893607)
(0.00745112 -0.0057612 0.0102712)
(0.00773694 -0.0059697 0.00965035)
(0.00823208 -0.00565687 0.00975596)
(0.00795629 -0.00567754 0.0105186)
(0.00818739 -0.00629444 0.00914298)
(0.000478388 -0.00210272 0.0165274)
(0.000732873 -0.000944637 0.0164672)
(-0.00111015 -0.0026985 0.0150388)
(-0.00115458 -0.00344412 0.0141526)
(-0.000127034 -0.0019382 0.015586)
(-0.00025432 -0.00348626 0.0151342)
(0.00021491 -0.00267239 0.0146618)
(0.00115752 -0.00412355 0.0151985)
(0.000108652 -0.00314813 0.0145719)
(0.00266401 -0.00321218 0.015477)
(0.00127139 -0.00171965 0.0156646)
(0.00244279 -0.00238848 0.0162483)
(0.00733821 -0.000174521 0.0165309)
(0.00932695 -0.00152419 0.014443)
(0.00694911 9.23562e-05 0.0175587)
(0.00889114 0.000482331 0.0164364)
(0.00963342 0.000454084 0.0147333)
(0.00791712 -0.00100285 0.0148301)
(0.00514867 -0.0193845 0.0125194)
(0.00626441 -0.0177938 0.0116749)
(0.00584728 -0.0186279 0.0128615)
(0.00545947 -0.0184252 0.0137315)
(0.00616447 -0.0186094 0.0113289)
(0.00569795 -0.0189707 0.0118208)
(-0.000420898 -0.0158195 0.0109457)
(-0.000535336 -0.015428 0.010193)
(-0.00067146 -0.0155046 0.00955661)
(-0.000452729 -0.0153614 0.00852667)
(-0.000966605 -0.0155849 0.00898933)
(-0.000730332 -0.0157652 0.00978943)
(-0.000817029 -0.0151463 0.0067734)
(-0.000799163 -0.0146814 0.00720408)
(0.000523043 -0.0135386 0.00496702)
(0.000377745 -0.0145362 0.00569442)
(-4.65755e-05 -0.0137045 0.00543943)
(0.000111585 -0.014582 0.00626012)
(-0.00125563 -0.0134868 0.00577082)
(-0.000557791 -0.0122753 0.00452391)
(-0.00169403 -0.0143212 0.00721123)
(-0.00101546 -0.0139859 0.00557063)
(-0.00104127 -0.0138468 0.00544693)
(0.0138564 -0.00782674 0.0074759)
(0.0130096 -0.00845202 0.00632515)
(0.0135182 -0.00787868 0.00627204)
(0.0123425 -0.00942003 0.00592521)
(0.0144689 -0.00764663 0.00725919)
(0.0118959 -0.00940189 0.00568483)
(0.00927115 -0.00913599 0.00407195)
(0.0104292 -0.00880912 0.00498169)
(0.0105054 -0.00919795 0.00494186)
(0.0114999 -0.00893733 0.00547729)
(0.00906239 -0.00967865 0.00455969)
(0.00390789 -0.0111138 0.00631344)
(0.00496818 -0.0108793 0.00543013)
(0.00669955 -0.0109711 0.00492103)
(0.00464361 -0.0113262 0.00590241)
(0.0056135 -0.0109753 0.00494345)
(0.0061831 -0.010868 0.00498199)
(0.0125264 -0.00446834 0.00332157)
(0.0141808 -0.00291139 0.00410871)
(0.0126811 -0.00421271 0.0028328)
(0.0135328 -0.00288435 0.00260927)
(0.0146094 -0.00281411 0.00366121)
(0.0133972 -0.00438142 0.00407894)
(0.00249497 -0.0100329 0.0160564)
(0.00274052 -0.00838755 0.0174374)
(0.00337202 -0.00688845 0.0178321)
(0.00413192 -0.00801852 0.0174874)
(0.00271962 -0.0112159 0.0165119)
(0.00361456 -0.00957502 0.0168108)
(0.0128552 -0.0110325 0.00841435)
(0.013644 -0.00987306 0.00863222)
(0.00134771 -0.0125956 0.0150878)
(0.00208269 -0.0120072 0.0157064)
(0.00917057 -0.00867554 0.00529744)
(0.0100112 -0.00863393 0.0063153)
(0.0098479 -0.00738176 0.0065045)
(0.0088928 -0.00962402 0.00524014)
(0.0101891 -0.00827476 0.0065723)
(0.00979367 -0.00982417 0.00516616)
(0.00946657 -0.0100767 0.00528372)
(0.00932532 -0.00926608 0.00531372)
(0.0101194 -0.00895774 0.0060591)
(0.0102343 -0.0100578 0.00593623)
(0.0104905 -0.00848756 0.00607299)
(0.00617331 -0.0115259 0.00376184)
(0.00605083 -0.0126757 0.00421823)
(0.00667439 -0.0120758 0.00430359)
(0.00681135 -0.00557188 0.00959381)
(0.0068689 -0.00533204 0.00939873)
(0.00631284 -0.00542136 0.0103258)
(0.0151826 -0.00116341 0.00347087)
(-0.000715711 -0.0186544 0.0146089)
(-0.00116763 -0.0169752 0.0134149)
(-0.00185565 -0.0164234 0.0115762)
(-0.00205118 -0.0170247 0.0127003)
(-0.000886122 -0.0179976 0.0139527)
(-0.000872423 -0.0168928 0.0125885)
(-0.0013564 -0.0166567 0.0117283)
(-0.00140536 -0.0173857 0.0126077)
(-4.61494e-05 -0.0168049 0.0133948)
(2.6195e-05 -0.0180254 0.014307)
(-0.00170717 -0.0154852 0.00733709)
(-4.4443e-05 -0.0138317 0.00519697)
(4.47643e-06 -0.0151769 0.00726894)
(-0.00119161 -0.0155043 0.00836884)
(-0.000915799 -0.0162048 0.0118211)
(-0.00131065 -0.0160858 0.0110608)
(-0.000359449 -0.0170757 0.0130734)
(-0.000244558 -0.0163229 0.0126646)
(0.000480831 -0.00524702 0.0104751)
(0.000815495 -0.00576215 0.00997587)
(0.00549728 -0.00315597 0.0141745)
(0.00665463 -0.00356247 0.0137367)
(0.00703223 -0.00282101 0.0149904)
(0.00771325 -0.00209353 0.014155)
(0.0047696 -0.00298565 0.0149232)
(0.00351065 -0.00209143 0.0152941)
(-0.00167723 -0.00400269 0.0136932)
(-0.00089896 -0.00335427 0.0138826)
(-0.00230131 -0.00424012 0.0123637)
(-0.00133228 -0.0035517 0.0141225)
(-0.00183509 -0.00427394 0.0135039)
(-0.00191297 -0.00428193 0.0134688)
(-0.000533631 -0.0030652 0.0150433)
(0.00577596 0.00111888 0.0181963)
(-0.00139024 -0.00224856 0.0144839)
(-0.00154925 -0.00331413 0.014095)
(0.0031075 -0.000173322 0.018156)
(0.0019109 -0.000577887 0.0167425)
(0.0206711 0.005695 0.0174358)
(0.0185239 0.00280401 0.0186818)
(0.0197905 0.0025319 0.017792)
(0.0209516 0.0025219 0.0183503)
(0.0202881 0.00368058 0.018776)
(0.0182556 0.0039862 0.0202202)
(0.0140207 0.00493142 0.0214215)
(0.01776 0.00442541 0.0207643)
(0.0107106 0.00267079 0.0200472)
(0.0127282 0.00292242 0.0210408)
(0.014734 0.00420556 0.0212525)
(0.0169946 0.00366873 0.020146)
(0.0150595 0.00342077 0.0204403)
(0.012704 0.0030848 0.020042)
(0.0162087 0.00385651 0.0203946)
(0.00807975 -0.0086543 0.00507728)
(0.00846914 -0.00765152 0.00548878)
(0.00889789 -0.00761211 0.0062596)
(0.00867839 -0.0064576 0.00823152)
(0.00900546 -0.00697173 0.00697599)
(0.00755648 -0.00602094 0.00979333)
(0.00649327 -0.00600467 0.0103458)
(0.00656484 -0.00570597 0.0102906)
(0.00547411 -0.0059398 0.0107616)
(0.00586857 -0.00618923 0.0114569)
(0.00673247 -0.00573358 0.00848798)
(0.00643408 -0.0060089 0.00805078)
(0.00583128 -0.0049646 0.00848285)
(0.0056712 -0.00569645 0.00960398)
(0.00524549 -0.00527248 0.0117919)
(0.0100462 -0.00747749 0.00754357)
(0.0111575 -0.00809774 0.00697206)
(0.0113243 -0.00954835 0.00636431)
(0.0122969 -0.00809988 0.00633885)
(0.0122091 0.00270187 0.0216411)
(0.0144148 -0.00875896 0.00696527)
(0.0142201 -0.00763455 0.00679151)
(0.0150961 -0.00784504 0.00713175)
(0.0143212 -0.00637755 0.00729826)
(0.0144159 -0.0048949 0.00806668)
(0.0148737 -0.00391837 0.00974879)
(0.0133579 -0.00505948 0.00873947)
(0.0170903 -0.00595924 0.00866454)
(0.0167465 -0.00676553 0.00794201)
(0.0178021 -0.00431096 0.00971124)
(0.0184825 -0.00783068 0.00905357)
(0.0186292 -0.00609093 0.0088191)
(0.0203373 0.00154205 0.0159695)
(0.0202808 0.000778767 0.0152427)
(0.0198405 -0.000671767 0.0133201)
(0.0208755 0.000896132 0.0146449)
(0.0210734 0.0013239 0.0160463)
(0.0176632 0.00215087 0.0172723)
(0.0189546 0.00210846 0.0158809)
(0.0125369 0.00391069 0.0203962)
(0.0159996 0.00412992 0.0177395)
(0.0143248 0.00350238 0.0185628)
(0.0129752 0.00294501 0.0198538)
(0.0136456 0.0025738 0.019854)
(0.0168435 0.00153164 0.0134456)
(0.0165101 -0.000744276 0.0131655)
(0.0157143 0.00150131 0.0188438)
(0.0165531 0.00304915 0.0176646)
(0.0163435 0.00122479 0.0155013)
(0.016792 0.000160266 0.0152006)
(0.00284234 -0.00931609 0.00425048)
(0.00408441 -0.00999437 0.0038184)
(0.00329836 -0.00965773 0.00398785)
(-0.00156622 -0.00803054 0.00767127)
(-0.000716647 -0.00848596 0.00674379)
(-0.00196095 -0.00768674 0.00918825)
(-0.00270324 -0.00525729 0.0121882)
(-0.0026375 -0.00500182 0.0124284)
(-0.00294131 -0.00556922 0.0117408)
(-0.0027582 -0.00669161 0.0102451)
(-0.00303452 -0.00561184 0.0104174)
(-0.00272363 -0.00656957 0.00949491)
(-0.00247506 -0.00776711 0.00838976)
(-0.00158706 -0.00824372 0.00748559)
(-0.000925662 -0.00917596 0.00666119)
(0.0137863 0.00112696 0.0135929)
(0.0145604 0.00229092 0.0161679)
(0.0159888 0.00162403 0.0157257)
(0.0127746 0.000302384 0.0166312)
(0.0120413 0.00260403 0.0183392)
(0.0130513 0.000608721 0.0157306)
(0.01294 0.0034456 0.0170012)
(0.0112234 0.00142939 0.0177881)
(0.00951829 0.0011824 0.0189615)
(0.0109823 0.002766 0.0196458)
(0.00917148 0.00221847 0.0205247)
(0.00103904 -0.00425377 0.0147791)
(0.00424381 -0.00515427 0.0124578)
(-0.00238798 -0.00494519 0.0119044)
(-0.000392193 -0.00479131 0.0136103)
(-0.00189189 -0.00585041 0.0114783)
(0.00849828 -0.00519642 0.00971537)
(0.0124721 -0.000972826 0.013187)
(0.0118602 -0.000450824 0.0142856)
(0.0116648 -0.00104512 0.0153209)
(0.0114441 -0.00393383 0.00972684)
(0.00956802 -0.00195723 0.0129158)
(0.0100648 -0.00558746 0.00916202)
(0.00929808 -0.00497816 0.0102039)
(0.00714629 -0.003636 0.013165)
(0.00749473 -0.00527875 0.010983)
(0.00659701 -0.00536911 0.011527)
(0.00674155 -0.00612349 0.0110774)
(0.00582906 -0.0044934 0.0117055)
(0.00693116 -0.00417631 0.0113732)
(0.00643142 -0.00451252 0.0120439)
(0.00550222 -0.00499014 0.0128162)
(0.00382146 -0.00420017 0.0140959)
(0.00488866 -0.0034836 0.0132156)
(0.00536749 -0.00544453 0.0125757)
(0.0100988 0.00313012 0.0199869)
(0.00190341 -0.0089707 0.0048535)
(0.000722856 -0.00921576 0.0055507)
(-0.00212821 -0.00733552 0.00969163)
(0.00829263 -0.010296 0.00454116)
(0.00709758 -0.0104167 0.00465659)
(0.000449072 -0.00936937 0.00896636)
(0.00134672 -0.00922855 0.00700453)
(0.00244196 -0.0109538 0.00736137)
(0.0019921 -0.00940828 0.00528025)
(0.00101987 -0.00884271 0.0062587)
(0.000722008 -0.0101812 0.00973196)
(0.0038754 -0.000413384 0.0177268)
(0.0094859 0.00199762 0.0203163)
(0.00807032 0.00031318 0.0202243)
(0.00870458 0.0022194 0.0200429)
(0.00689939 0.00177238 0.0192475)
(0.000850381 -0.0053732 0.0109273)
(0.000644735 -0.00557407 0.0118839)
(0.000640531 -0.00764925 0.0124118)
(0.00537992 -0.00132127 0.0184348)
(0.00284783 -0.00301696 0.0176001)
(0.00445801 -0.000994725 0.0193026)
(0.00360049 -0.0028572 0.0183204)
(0.00542428 -0.0012174 0.0186517)
(0.00612386 -0.000886662 0.0210983)
(0.0015822 -0.00201842 0.0173725)
(0.00277713 -0.000458492 0.0186326)
(0.00428962 -0.00118239 0.0190352)
(0.000206827 -0.00864775 0.0103145)
(-0.000349736 -0.00773449 0.0109438)
(-0.000661204 -0.00803879 0.00912452)
(-0.00063779 -0.00774185 0.0105212)
(-0.00163284 -0.00675259 0.0106625)
(-0.00117203 -0.00741683 0.0114971)
(-0.0014738 -0.0046202 0.0130201)
(-0.00116614 -0.00605911 0.0127534)
(0.000799432 -0.00381454 0.0120552)
(0.00134388 -0.00576555 0.00999042)
(0.000789298 -0.00482198 0.0111769)
(0.0014989 -0.00561229 0.00990874)
(0.00896448 -0.00576959 0.00245558)
(0.00543231 -0.00553619 0.00321844)
(0.00864211 -0.00507475 0.0019801)
(0.0104741 -0.0055234 0.00269643)
(0.0109863 -0.00601037 0.00315616)
(0.00746319 -0.0090364 0.00396974)
(0.00701601 -0.0088877 0.00399197)
(0.00877183 -0.00698333 0.00324377)
(0.00798073 -0.00806476 0.00361763)
(0.00770815 -0.00826112 0.00378427)
(0.0100539 -0.00722074 0.00380628)
(0.00883953 -0.00709776 0.00336314)
(0.00980938 -0.00701683 0.00391876)
(0.00407273 -0.00599191 0.00490249)
(0.000649519 -0.00314725 0.0130822)
(0.00070599 -0.00416278 0.011068)
(0.000879223 -0.00371225 0.0124459)
(0.0058701 0.00364915 0.0209008)
(0.00111252 -0.00188621 0.014442)
(0.00153354 -0.00161782 0.0153395)
(0.00333791 0.000875397 0.0176291)
(0.00315 -0.000404337 0.0172503)
(0.00287774 -0.00137058 0.0166336)
(0.0049543 0.00156294 0.0195801)
(0.00485667 -0.0192989 0.0134526)
(0.00411843 -0.0204852 0.0144382)
(0.00650277 -0.0184253 0.0103955)
(0.00920619 -0.0129025 0.0162632)
(0.0101821 -0.0113726 0.0157585)
(0.00908646 -0.0116941 0.0159435)
(0.00823334 -0.0115478 0.0168648)
(0.00994704 -0.0102259 0.0151928)
(0.010741 -0.0126147 0.0100909)
(0.0114412 -0.0119344 0.0118327)
(0.0110514 -0.0115694 0.0102722)
(0.0105616 -0.0115298 0.0145977)
(0.011297 -0.0117346 0.0140613)
(0.0106954 -0.0101073 0.014684)
(0.0107888 -0.00895063 0.0145615)
(0.0102147 -0.00934646 0.0167708)
(0.00843463 -0.0146153 0.00786379)
(0.00787141 -0.0146614 0.00760922)
(0.00435025 -0.0133381 0.00486759)
(0.00789502 -0.0147926 0.00749566)
(0.00630239 -0.0127843 0.00539647)
(0.00663583 -0.0132099 0.00577468)
(0.00585577 -0.0140923 0.00560151)
(0.00649087 -0.0146092 0.00587478)
(0.00974673 -0.0125707 0.0137459)
(0.00949817 -0.0121765 0.014645)
(0.0108761 -0.0131139 0.0112252)
(0.0106573 -0.0120631 0.011817)
(0.00995176 -0.0118248 0.0119152)
(0.00961707 -0.0139603 0.00933072)
(0.0103352 -0.0139789 0.01104)
(0.00950511 -0.0147832 0.00960103)
(0.010338 -0.0137702 0.0119932)
(0.0104942 -0.0130517 0.0126885)
(0.0097997 -0.0133321 0.0128042)
(0.00922543 -0.0129689 0.0138703)
(0.00939997 -0.014745 0.0113247)
(0.00913469 -0.0134875 0.00963351)
(0.0103191 -0.0145926 0.0137381)
(0.0100148 -0.0141992 0.0124397)
(0.00917971 -0.0143405 0.0136416)
(0.00600033 -0.0168084 0.00661845)
(0.00720574 -0.0158263 0.00697326)
(0.00457333 -0.00685349 0.019678)
(0.00893513 -0.00883914 0.0174087)
(0.00958251 -0.00573594 0.0176981)
(0.00652463 -0.00460846 0.0188534)
(0.00509094 -0.00469664 0.0183357)
(0.00785185 -0.00372827 0.018901)
(0.0050968 -0.00682197 0.0172733)
(0.0116293 0.000530415 0.0196494)
(0.00798923 -0.00442769 0.0210839)
(0.0087656 -0.00215 0.0199176)
(0.0104826 -0.00138826 0.0211395)
(0.00950328 -0.000733645 0.0209174)
(0.00667111 -0.00434966 0.0196127)
(0.0066403 -0.00120421 0.0207887)
(0.0079297 -0.00156654 0.0207626)
(0.00781188 -0.01196 0.0154703)
(0.00434951 -0.0105511 0.0175064)
(0.00238525 -0.0118351 0.0162777)
(0.0036673 -0.0121398 0.0175172)
(0.00538295 -0.0151237 0.0168684)
(0.00490392 -0.0156729 0.0162104)
(0.00297676 -0.0148385 0.0161812)
(0.00450349 -0.0131324 0.0167105)
(0.00186084 -0.0130616 0.0142272)
(0.00529281 -0.0159914 0.0152992)
(0.00167314 -0.0135508 0.0147737)
(0.00161565 -0.0148066 0.0149991)
(0.00274969 -0.0156401 0.0161682)
(0.00397628 -0.0187822 0.0145148)
(0.00499828 -0.0191472 0.0150211)
(0.00315005 -0.0194785 0.015283)
(0.00319223 -0.0182696 0.015036)
(0.00340588 -0.0173051 0.0153037)
(0.00505181 -0.0178701 0.0149141)
(0.00543458 -0.0171104 0.01593)
(0.00421184 -0.0186833 0.0156235)
(0.00432048 -0.016667 0.0153856)
(-0.00156904 -0.0141589 0.00520886)
(-0.00142119 -0.0147497 0.00508314)
(0.00341717 -0.0139684 0.00485797)
(0.00327319 -0.0142714 0.00485883)
(0.00289492 -0.0137372 0.00462908)
(-0.000554203 -0.013994 0.00478687)
(-0.00130557 -0.0130426 0.00501002)
(0.00374324 -0.00562971 0.0055582)
(0.00407158 -0.00572429 0.0108197)
(0.00122603 -0.00635199 0.0128897)
(-0.00133667 -0.00861627 0.0136417)
(-0.00425883 -0.0140263 0.00642283)
(0.00113616 -0.0137177 0.00416275)
(-9.67628e-05 -0.0151005 0.00459402)
(8.04662e-06 -0.0153049 0.00471506)
(-0.000862003 -0.0145892 0.00466287)
(-0.00253161 -0.0149585 0.0055485)
(-0.00423448 -0.0121289 0.00845774)
(-0.00422968 -0.0133961 0.00759956)
(-0.00417277 -0.0128844 0.00777152)
(-0.00337773 -0.014386 0.00631508)
(-0.00397316 -0.0138155 0.00662743)
(-0.00253981 -0.00914698 0.012293)
(-0.00215791 -0.00789881 0.0127449)
(-0.00232171 -0.00869912 0.012309)
(-0.0013623 -0.00828614 0.0125141)
(-0.00458401 -0.0118827 0.00908315)
(-0.00465105 -0.0126885 0.00791591)
(-0.0047303 -0.0122759 0.00885062)
(0.000967523 -0.0156374 0.00457284)
(0.000206768 -0.0164297 0.00478619)
(-0.0005005 -0.0161679 0.00482829)
(-0.000240486 -0.0152527 0.00423383)
(-0.0027075 -0.0153247 0.00456761)
(-0.00180827 -0.0156856 0.00436333)
(-0.00387134 -0.0147939 0.00579371)
(-0.00370646 -0.0149743 0.00526763)
(0.0026943 -0.0187904 0.00426536)
(-0.00291954 -0.00987148 0.0130896)
(-0.00273344 -0.00847084 0.0131485)
(-0.00142771 -0.00891506 0.0128)
(-0.00106521 -0.00787899 0.0131572)
(-0.00128054 -0.00756535 0.0128211)
(-0.000543022 -0.00747621 0.0133244)
(-0.00399605 -0.0104711 0.0118261)
(-0.00375731 -0.00984666 0.0123106)
(-0.00489349 -0.0112786 0.0106963)
(-0.00493832 -0.0118758 0.00953216)
(-0.00467393 -0.0107449 0.0110538)
(-0.00518022 -0.0114707 0.0110118)
(0.00213292 -0.008218 0.00202395)
(0.00185333 -0.00922506 0.00205575)
(0.00121916 -0.00939183 0.00190305)
(0.000868953 -0.0100943 0.00203028)
(0.00317737 -0.00934456 0.00254138)
(0.00224529 -0.00892304 0.00229924)
(0.00211886 -0.00910434 0.00206223)
(0.00264945 -0.00877465 0.0023219)
(0.00235951 -0.0092599 0.0022949)
(0.00136846 -0.00986006 0.00223834)
(0.000822529 -0.0101068 0.00216085)
(0.00358643 -0.0104011 0.00288409)
(0.00337886 -0.0113938 0.00323756)
(0.00271469 -0.0105464 0.00290461)
(0.000876069 -0.0134728 0.00455719)
(0.00280003 -0.0119094 0.00340572)
(0.00407043 -0.0112817 0.00326847)
(0.00410194 -0.0118798 0.00351821)
(0.0048066 -0.010821 0.00331627)
(0.00534221 -0.00990121 0.00343262)
(0.00101967 -0.0143773 0.00535904)
(0.00488604 -0.0127225 0.00429137)
(0.00390386 -0.0129214 0.00446367)
(0.00386384 -0.0130125 0.00416745)
(0.00518211 -0.0115675 0.00368122)
(0.00403805 -0.0124767 0.00372059)
(0.00429434 -0.0123244 0.00408757)
(0.000378598 -0.0145833 0.00672567)
(0.000954485 -0.0146955 0.00595453)
(0.00301258 -0.0136064 0.00470579)
(0.00148575 -0.0143074 0.00549897)
(0.00192374 -0.0138354 0.00504539)
(0.000118321 -0.0156424 0.00788326)
(5.45253e-05 -0.01567 0.0084171)
(0.000391415 -0.0162738 0.00971762)
(0.000186505 -0.0161585 0.0110527)
(-0.000286846 -0.0169204 0.011643)
(0.00159939 -0.0143772 0.0120962)
(0.00050878 -0.0150109 0.0102516)
(0.00184652 -0.0125628 0.0146345)
(0.00196655 -0.0129098 0.0156897)
(0.00137263 -0.0131924 0.0137722)
(0.00153106 -0.0140094 0.0140405)
(0.00140602 -0.0127893 0.0132274)
(0.00140028 -0.0141084 0.00895729)
(0.000610247 -0.015155 0.009161)
(0.00102833 -0.0151438 0.00718848)
(0.00153684 -0.0150618 0.00632613)
(0.00289117 -0.0137923 0.00557917)
(0.00326643 -0.0128474 0.00468796)
(0.00300708 -0.0135629 0.00507155)
(0.00201005 -0.0142412 0.0062043)
(-0.00281626 -0.0166039 0.010204)
(-0.00219657 -0.0162556 0.0109966)
(-3.0254e-05 -0.0176587 0.0145863)
(0.00204858 -0.0201607 0.0159096)
(0.00161683 -0.0195907 0.0157476)
(0.000571495 -0.0185622 0.0151053)
(0.00221453 -0.0179835 0.0147839)
(0.000109939 -0.0180424 0.0145513)
(-0.000957071 -0.0173069 0.0141315)
(0.00051965 -0.0179245 0.0150934)
(-2.05403e-05 -0.0182227 0.0145938)
(-0.00132152 -0.0133025 0.00398164)
(-0.00136575 -0.0155677 0.00570252)
(-0.00276757 -0.0146904 0.00605513)
(-0.00169383 -0.0132613 0.00461496)
(-0.00266925 -0.0143606 0.00659154)
(-0.000139901 -0.0126255 0.00414021)
(0.00155187 -0.0114113 0.0031532)
(0.000279742 -0.013147 0.00401795)
(-0.000924405 -0.0134712 0.00434875)
(-0.000623915 -0.0126666 0.00370624)
(0.0010395 -0.0120252 0.00328623)
(0.0013725 -0.0104513 0.00238116)
(0.000618892 -0.0111573 0.00274461)
(0.000483832 -0.0116247 0.00289814)
(0.00207967 -0.0097227 0.0023301)
(0.00116135 -0.011261 0.0028412)
(0.00178797 -0.0108064 0.00259161)
(0.00205264 -0.0155493 0.00953196)
(0.00246149 -0.0142967 0.00761432)
(0.00257717 -0.0144505 0.00722209)
(-0.00252833 -0.0145322 0.00649655)
(-0.00303879 -0.014212 0.00846579)
(-0.00299418 -0.0155276 0.00941549)
(-0.00284725 -0.0152391 0.00802344)
(-0.0028855 -0.0160615 0.0100789)
(-0.00189776 -0.0127218 0.00427306)
(-0.00269789 -0.013814 0.00594677)
(-0.00240339 -0.013518 0.00517224)
(0.0123092 -0.00869042 0.00639634)
(0.0144486 -0.00583805 0.0161378)
(0.0150985 -0.00701024 0.00695288)
(0.0136835 -0.00819629 0.00635746)
(0.0104555 -0.0094123 0.00492676)
(0.0127776 -0.00857603 0.00576213)
(0.0116919 -0.00885772 0.00509185)
(0.00672867 -0.00979376 0.00373955)
(0.00800445 -0.0104047 0.00428053)
(0.00858524 -0.010185 0.00446068)
(0.0128836 -0.00821799 0.00688108)
(0.0138842 -0.00770528 0.00827236)
(0.0137851 -0.00695279 0.00887803)
(0.0132538 -0.00740512 0.0086583)
(0.0130684 -0.00735788 0.00946864)
(0.0110155 -0.0115888 0.00948229)
(0.00932674 -0.00918616 0.0041369)
(0.00859149 -0.00882959 0.00391661)
(0.0102793 -0.0096899 0.0048142)
(-0.000969964 -0.00917106 0.00638179)
(0.00671691 -0.011231 0.00452607)
(0.00311658 -0.010542 0.00427347)
(0.00449111 -0.0103542 0.003872)
(0.00328381 -0.0104191 0.00413644)
(0.00565253 -0.0106783 0.00410716)
(0.00550635 -0.0104294 0.00390598)
(0.00199851 -0.0103905 0.00442762)
(0.000658707 -0.0106253 0.00489647)
(-0.000317078 -0.0097045 0.00548111)
(0.00100514 -0.0100704 0.00508133)
(-3.86136e-05 -0.00950889 0.00547578)
(0.00513817 -0.0129295 0.00507811)
(0.00444646 -0.0128361 0.00471625)
(0.00653382 -0.0111252 0.00460841)
(0.00769183 -0.0102475 0.00449294)
(0.00395784 -0.0104567 0.00411032)
(0.0021565 -0.0102896 0.00435064)
(0.00524257 -0.0107848 0.0040745)
(0.00320659 -0.0111052 0.00410052)
(0.00728965 -0.0122669 0.00548942)
(0.00754991 -0.0109352 0.00483799)
(0.0169928 -0.000776745 0.00878038)
(0.0167206 0.00133497 0.0080014)
(0.0175109 0.000227537 0.0114019)
(0.0174843 0.0039223 0.0112059)
(0.0170544 0.00114481 0.00893788)
(0.0166456 0.0040159 0.0122641)
(0.0148365 -0.00123908 0.0141962)
(0.0121014 -0.00135412 0.0188232)
(0.0122165 8.02318e-05 0.0185222)
(0.0153518 -0.00376712 0.00770006)
(0.0158976 -0.00253274 0.00934338)
(0.0152676 -0.00257657 0.00696141)
(0.0172145 -0.000948525 0.00966497)
(0.0166737 -0.00205746 0.00862083)
(0.0139251 -0.0039033 0.00472922)
(0.0117403 -0.00587643 0.00358566)
(0.0131696 -0.00446384 0.00428671)
(0.0139397 -0.00638465 0.00596993)
(0.014908 -0.00442773 0.00671382)
(0.0146528 -0.00437378 0.00645905)
(0.0140335 -0.00388602 0.00496484)
(0.0142847 -0.00400071 0.00625484)
(0.014777 -0.00410597 0.00664999)
(0.0101417 0.000907844 0.0199906)
(0.0121286 0.00163015 0.0200931)
(0.0136124 0.00117525 0.0205486)
(0.0114299 -0.00414703 0.00202214)
(0.0152005 0.00532089 0.0125826)
(0.0124164 0.0025355 0.0183927)
(0.0105624 0.00426379 0.0187964)
(0.0148345 0.00346265 0.0192868)
(0.0165557 0.00300949 0.0084367)
(0.0169907 0.00394751 0.00996527)
(0.0151587 0.00564732 0.0159206)
(0.0154834 0.00624889 0.0148152)
(0.01311 0.00524265 0.0155579)
(0.00668514 -0.00578871 0.00341355)
(-0.00204224 -0.0083024 0.00697746)
(-0.00258372 -0.00743699 0.00829953)
(0.00196735 -0.0127262 0.00447109)
(-0.00136079 -0.0107671 0.00552562)
(0.00335029 -0.0123477 0.00465577)
(0.00201182 -0.0116866 0.00466591)
(0.000581261 -0.0119232 0.00505348)
(0.000705865 -0.0117966 0.00476269)
(0.00093675 -0.0106212 0.00468749)
(0.00183448 -0.0119705 0.00493048)
(-0.00205853 -0.0129556 0.00569002)
(-0.00231775 -0.0135926 0.00585628)
(-0.00275839 -0.012829 0.00605356)
(-0.00196775 -0.0125647 0.00573741)
(-0.00228358 -0.0110538 0.00614434)
(-0.000316652 -0.0104178 0.00532094)
(-0.00123976 -0.0104739 0.00549724)
(-0.000487746 -0.0106371 0.00528616)
(-0.00179279 -0.00847036 0.00659267)
(-0.00131535 -0.00972867 0.00601527)
(-0.00129199 -0.00951563 0.00611323)
(-0.00283376 -0.00812823 0.00742858)
(-0.00272103 -0.00964382 0.00664679)
(-2.93181e-05 -0.0123901 0.00487133)
(-0.00205945 -0.0115205 0.00609148)
(-0.00113658 -0.0129614 0.00548433)
(0.00086211 -0.0135077 0.00466618)
(0.016727 -0.0082486 0.00843595)
(0.0171451 -0.00826384 0.00932748)
(0.0150792 -0.00852523 0.00842034)
(0.0199409 -0.007298 0.0105425)
(0.0197587 -0.00678523 0.0100973)
(0.0209683 -0.0038303 0.0105866)
(0.0187901 -0.00650254 0.0088441)
(0.0217927 -0.00551803 0.00999658)
(0.0243325 0.00279489 0.0187566)
(0.0224228 0.00312503 0.0147973)
(0.0232749 0.000838264 0.0145237)
(0.00270305 -0.00590729 0.0127186)
(0.0046481 -0.00526344 0.0112033)
(0.00225071 -0.00645238 0.0128033)
(0.00465087 -0.00537736 0.0109703)
(0.00497303 -0.00527404 0.0101004)
(0.00466164 -0.00526392 0.00797422)
(0.00498353 -0.00569891 0.00715238)
(0.00526435 -0.00552605 0.00730568)
(0.00535654 -0.00524793 0.00807491)
(0.00716031 -0.00590827 0.00865108)
(0.00742897 -0.00564886 0.00851678)
(0.00798802 -0.00661681 0.00815029)
(0.00785623 -0.006764 0.00801034)
(0.00893531 -0.00687126 0.00769009)
(0.00909617 -0.00738281 0.00706941)
(0.00834006 -0.00713231 0.00733407)
(0.00738811 -0.00820293 0.00426801)
(0.00725717 -0.00924623 0.00410385)
(0.00636353 -0.00893857 0.0036765)
(0.00822429 -0.00779221 0.00547746)
(0.00828178 -0.00773666 0.00608361)
(0.00654888 -0.00540802 0.00719343)
(0.00655052 -0.00569371 0.00739713)
(0.00370044 -0.00838031 0.00262001)
(0.00342549 -0.00741407 0.00290113)
(0.00311684 -0.00772666 0.00264205)
(0.00326481 -0.00827544 0.00259932)
(0.00411235 -0.00837147 0.00291337)
(0.00474216 -0.010074 0.00318963)
(0.0038995 -0.00922756 0.00285015)
(0.00390327 -0.0097454 0.00285238)
(0.0041158 -0.00857127 0.00286869)
(0.00735169 -0.0101898 0.00425753)
(0.00815648 -0.00966675 0.00457716)
(0.00646623 -0.0112704 0.00404095)
(0.00669683 -0.010284 0.00369022)
(0.00620814 -0.0123194 0.00447494)
(0.0136273 -0.0110301 0.00805317)
(0.0155303 -0.0098855 0.00824709)
(0.017158 -0.00946669 0.00798763)
(0.014192 -0.00956526 0.00709563)
(0.0126112 -0.00973528 0.0063177)
(0.00982573 -0.0119182 0.00568475)
(0.00979031 -0.0115668 0.00533074)
(0.00727082 -0.0109332 0.00432816)
(0.00749335 -0.011068 0.0041448)
(0.00820591 -0.011111 0.00431197)
(0.00830482 -0.0102993 0.00473825)
(0.00820592 -0.0103603 0.00457792)
(0.00817375 -0.01048 0.00446531)
(0.00899319 -0.0110487 0.00535746)
(0.0104543 -0.011028 0.00571692)
(0.00351023 -0.0124957 0.0134718)
(0.00401882 -0.0122896 0.0117822)
(0.00236156 -0.0128373 0.0143214)
(0.0127455 -0.0123678 0.00784397)
(0.0104321 -0.012086 0.00629573)
(0.010065 -0.0132327 0.0072621)
(0.0115665 -0.0130614 0.00793815)
(0.0026318 -0.0140356 0.00870554)
(0.00235224 -0.011977 0.0112599)
(0.00201019 -0.0117229 0.0116015)
(0.00328666 -0.0146817 0.00698493)
(0.00334683 -0.0155639 0.008432)
(0.0033212 -0.0139459 0.0082495)
(0.0036205 -0.0149099 0.00692303)
(0.00471967 -0.0142933 0.00735303)
(0.00489551 -0.015066 0.00683392)
(0.00589206 -0.0146993 0.00631388)
(0.00632255 -0.0135159 0.00642973)
(0.00592397 -0.0138146 0.00524686)
(0.00743035 -0.0122865 0.00550217)
(0.00404315 -0.00659053 0.0036461)
(0.005766 -0.00606761 0.00516894)
(0.0058503 -0.00596002 0.00621561)
(0.00520491 -0.00604625 0.00431701)
(0.00464786 -0.00641549 0.00421526)
(0.00487909 -0.00562611 0.00532059)
(0.00472628 -0.00634975 0.0047104)
(0.00545958 -0.00563777 0.00649856)
(0.00614277 -0.0060833 0.00628505)
(0.00608893 -0.00546015 0.00682575)
(0.00516496 -0.00596847 0.00492247)
(0.00459169 -0.00533984 0.00592093)
(0.00457917 -0.00590186 0.00522603)
(0.00391642 -0.0058217 0.00420905)
(0.00426116 -0.00567857 0.00578411)
(0.0027123 -0.00828936 0.00238971)
(0.00309397 -0.00718745 0.00280089)
(0.00259317 -0.00834767 0.00233168)
(0.00298073 -0.00766663 0.00260939)
(0.00307141 -0.0065975 0.00310947)
(0.0015767 -0.0127646 0.0104766)
(0.00192954 -0.0111318 0.0148904)
(0.00177624 -0.0124891 0.0136274)
(0.00174567 -0.0135657 0.0128563)
(0.00347708 -0.0103885 0.0130736)
(0.00206993 -0.0114322 0.0141818)
(0.00258686 -0.00916428 0.0168515)
(0.00273589 -0.0097735 0.015446)
(0.00171066 -0.00398844 0.0175258)
(0.00167566 -0.00527074 0.0159035)
(0.00210354 -0.00638349 0.013921)
(0.0054482 -0.00432328 0.0200806)
(0.00458618 -0.0064006 0.0186865)
(0.00773807 0.000746032 0.0222243)
(0.00889403 0.00192647 0.0208625)
(0.00992555 0.00329604 0.0210678)
(0.00657005 0.00134825 0.0210337)
(0.00317014 -0.00116729 0.0196933)
(0.00380452 0.000532474 0.0199868)
(0.00529025 -0.000383804 0.0204305)
(0.00465442 -0.00235307 0.0205043)
(0.00579951 -0.0036809 0.0213027)
(0.00492317 -0.00515763 0.020173)
(0.00891324 -0.0125719 0.00877248)
(0.011219 -0.0110593 0.00811201)
(0.0109132 -0.0124259 0.00824106)
(0.0102025 -0.0113407 0.0091814)
(0.00843402 -0.0121933 0.00930126)
(0.00885465 -0.0109931 0.00916973)
(0.00275672 -0.00911066 0.0126587)
(0.00254755 -0.00836203 0.0143201)
(0.00348951 -0.0103775 0.0129774)
(0.00403309 -0.0115108 0.0118942)
(0.00368146 -0.00933194 0.0124013)
(0.00606184 -0.0181539 0.015218)
(0.00649491 -0.0181922 0.0140663)
(0.00625196 -0.0172697 0.0148652)
(0.00659538 -0.0153108 0.0139775)
(0.00776586 -0.015372 0.0134739)
(0.00744848 -0.0172016 0.0147258)
(0.00665811 -0.0182957 0.0111541)
(0.00526074 -0.0186221 0.00780147)
(0.00289624 -0.0170533 0.00484802)
(0.00390029 -0.0179306 0.00536883)
(0.00539672 -0.0173525 0.00687713)
(0.00872403 -0.014817 0.0095287)
(0.00855085 -0.0150121 0.00842783)
(0.0073265 -0.0169602 0.00818138)
(0.0020483 -0.0154547 0.0044128)
(0.00193112 -0.0158989 0.00470963)
(0.00282619 -0.0143391 0.00440493)
(0.00435079 -0.0160058 0.00535105)
(0.00370849 -0.0151531 0.00487044)
(0.00384168 -0.0163295 0.00530074)
(0.00315051 -0.0168398 0.00489428)
(0.00396434 -0.0181256 0.00593067)
(0.00483376 -0.0173066 0.00576079)
(0.00787057 -0.0155972 0.0093531)
(0.00752833 -0.0152458 0.00838029)
(0.0054902 -0.0169458 0.00652962)
(0.00655517 -0.0161592 0.00693273)
(0.00757349 -0.0157004 0.00806384)
(0.00625424 -0.0176405 0.00736981)
(0.0067583 -0.0179302 0.00878429)
(0.00715581 -0.0168582 0.00986025)
(0.00782742 -0.0164772 0.0112643)
(0.00115705 -0.00588223 0.0127432)
(0.000704538 -0.00592139 0.0132393)
(-0.00274168 -0.00541768 0.0110516)
(-0.00269415 -0.00651682 0.010462)
(-0.00316118 -0.00730387 0.00976327)
(-0.00311152 -0.00682747 0.00871227)
(-0.00311495 -0.00769685 0.00808036)
(0.000416663 -0.00694126 0.0128558)
(-0.000941051 -0.00786909 0.0125169)
(-0.000563324 -0.00633974 0.0123786)
(-0.00123177 -0.00789814 0.012441)
(-0.00127198 -0.00843043 0.0125882)
(-0.00230695 -0.008614 0.0119093)
(-0.00247116 -0.00881633 0.0113949)
(-0.00331811 -0.00766027 0.00959674)
(-0.00264531 -0.00692442 0.0104548)
(-0.00279435 -0.00790534 0.011102)
(-0.00206176 -0.00720126 0.0120919)
(-0.00248369 -0.00812817 0.0115628)
(-0.00234994 -0.00748549 0.0110089)
(-0.00279634 -0.0114186 0.0066999)
(-0.0024018 -0.0121113 0.00649335)
(-0.00323355 -0.00976318 0.00741473)
(-0.00319405 -0.00855516 0.00796153)
(-0.00288738 -0.0106523 0.00721819)
(-0.00292955 -0.00793198 0.0101455)
(-0.00288826 -0.00859853 0.00951552)
(-0.00320087 -0.00905287 0.00861467)
(-0.00271645 -0.0119352 0.00643256)
(-0.00304121 -0.0113746 0.00677952)
(-0.00314291 -0.0118342 0.00672419)
(-0.0034641 -0.00897296 0.00898439)
(-0.00349494 -0.0108101 0.00773678)
(-0.00297212 -0.00873497 0.00961378)
(-0.00348179 -0.0097334 0.00876753)
(-0.00325097 -0.0103719 0.00773604)
(-0.00312224 -0.00934105 0.00991531)
(-0.00389715 -0.0117084 0.00838199)
(-0.00353199 -0.0110316 0.00911846)
(-0.00365562 -0.0104144 0.00972044)
(-0.00346785 -0.0115956 0.00764415)
(0.00233319 -0.00452357 0.01788)
(0.00311575 -0.00334316 0.0181639)
(0.00386777 -0.00432358 0.0197481)
(0.00220979 -0.00725241 0.015528)
(0.00252806 -0.0116882 0.0172779)
(0.00253908 -0.00750123 0.0176796)
(0.0016268 -0.0088786 0.0159615)
(0.00314344 -0.00963874 0.0171225)
(0.00294674 -0.010168 0.0157079)
(0.0027221 -0.0065519 0.00302001)
(0.00433746 -0.0123662 0.00726702)
(0.00612137 -0.0122597 0.00590929)
(0.0049649 -0.0127894 0.00686846)
(0.00667014 -0.0119759 0.00559575)
(0.00884023 -0.0136727 0.00849761)
(0.00925699 -0.013156 0.00692557)
(0.00823591 -0.0129514 0.00669051)
(0.00455499 -0.0134356 0.00883354)
(0.00629184 -0.0133847 0.0071276)
(0.00722926 -0.013012 0.00834609)
(0.00678704 -0.0133517 0.00816092)
(0.00511375 -0.0131591 0.00999743)
(0.00415517 -0.0130363 0.0106499)
(0.00320654 -0.0133928 0.011113)
(0.00377405 -0.0123409 0.00858083)
(0.00528432 -0.0130358 0.00865617)
(0.00503177 -0.0087498 0.00314224)
(0.00460403 -0.00871005 0.00325886)
(0.0048952 -0.00665836 0.00385764)
(0.00472739 -0.00751471 0.00325398)
(0.0051412 -0.00779925 0.00372481)
(0.00542673 -0.00655192 0.00402209)
(0.00544282 -0.00923224 0.00375009)
(0.00559727 -0.00772166 0.00386446)
(0.00812008 -0.007055 0.00644251)
(0.0082991 -0.00784373 0.00597487)
(0.00715849 -0.00776479 0.00475972)
(0.00650421 -0.00799518 0.00462974)
(0.00702323 -0.00628688 0.00656511)
(0.0063903 -0.00688587 0.00502208)
(0.00653466 -0.00588621 0.00541504)
(0.0076078 -0.00644869 0.00698341)
(0.00787037 -0.00701562 0.00634649)
(0.00701633 -0.00677206 0.00511939)
(0.00021479 -0.00798069 0.0130469)
(0.00269931 -0.00670461 0.0130454)
(0.00126959 -0.00653401 0.0125164)
(0.000534559 -0.00668293 0.0131902)
(0.00291582 -0.00634388 0.0126098)
(0.00411185 -0.00535681 0.0116557)
(0.000918072 -0.00772216 0.0130978)
(0.000181916 -0.00738872 0.0129611)
(0.00229137 -0.00649714 0.0129516)
(0.00063877 -0.00679301 0.0128362)
(0.00231291 -0.00666251 0.0126297)
(0.00256462 -0.0065885 0.0129998)
(0.00183402 -0.00612744 0.0133736)
(0.00345072 -0.00557624 0.0123172)
(0.0241751 0.00140132 0.0180686)
(0.0137195 -0.00438414 0.00516102)
(0.0135488 -0.00454626 0.00538681)
(0.0113644 -0.00781121 0.00425591)
(0.0123079 -0.0082536 0.0052413)
(0.0130004 -0.00606757 0.00476579)
(0.012968 -0.00626888 0.00505977)
(0.00913995 -0.00782492 0.003693)
(0.00964117 -0.00783618 0.00372519)
(0.0108684 -0.00758566 0.00398128)
(0.0120239 -0.00647049 0.0040709)
(0.0126465 -0.00571276 0.00482549)
(0.0128214 -0.00592944 0.00505043)
(0.00975956 -0.00702813 0.00383603)
(0.0104674 -0.00688317 0.00372243)
(0.0116391 -0.00648774 0.00409659)
(0.0170851 -0.0016989 0.00912786)
(0.0158008 -0.00315223 0.00777356)
(0.015558 -0.00269183 0.00769921)
(0.016942 -0.000298582 0.0105911)
(0.0167856 -0.00250706 0.00951834)
(0.0161718 -0.000408349 0.0113794)
(0.0162619 0.00137237 0.0148893)
(0.0158598 0.000428111 0.0146745)
(0.0173948 0.00104314 0.0114932)
(0.0172041 0.000915531 0.00986445)
(0.0172633 -0.00088571 0.0105953)
(0.0165594 0.00218901 0.0139148)
(0.0138304 0.0026787 0.0180764)
(0.0156501 0.00251753 0.0197103)
(0.0144651 0.000874314 0.0165671)
(0.0157593 0.00201368 0.0157403)
(0.0161941 0.00194359 0.0122271)
(0.0178413 0.00296964 0.0145933)
(0.0184048 0.00194804 0.0141091)
(0.0161693 0.00218672 0.0160089)
(0.0151282 0.0022949 0.016124)
(0.0161016 0.00188669 0.0153742)
(0.0109112 -0.00886923 0.00535359)
(0.0123323 -0.00818587 0.00663524)
(0.012452 -0.00794888 0.00720391)
(0.0116478 -0.00877629 0.0072476)
(0.00883302 -0.011115 0.00565603)
(0.00970685 -0.0114591 0.00565217)
(0.0108665 -0.00948458 0.00562147)
(0.0114254 -0.0108035 0.00696074)
(0.00980151 -0.0102401 0.00589432)
(0.0111748 -0.0105021 0.00776286)
(0.00834566 -0.0103858 0.00534681)
(0.011 -0.0114841 0.00749685)
(0.0158383 -0.00442976 0.00845684)
(0.0153776 -0.00652746 0.00786895)
(0.0143307 -0.00746088 0.00825174)
(0.0151998 -0.00660433 0.0083591)
(0.0142662 -0.0069056 0.0105276)
(0.0156008 -0.00604364 0.0135629)
(0.0151362 -0.00643985 0.0105954)
(0.0155096 -0.00532248 0.01181)
(0.0153735 -0.00637788 0.00936535)
(0.0153216 -0.00685686 0.00959145)
(0.0159193 -0.0054983 0.010617)
(0.0160385 -0.00463524 0.00996977)
(0.0160094 -0.00375276 0.0125569)
(0.0157773 -0.00492039 0.0116012)
(-0.00331133 -0.0154948 0.00922724)
(-0.00361148 -0.015641 0.0087461)
(0.000820941 -0.0144112 0.0119511)
(0.000963711 -0.0142485 0.0139253)
(0.000759878 -0.0147783 0.0124382)
(0.000911893 -0.0136588 0.0128101)
(0.000612288 -0.0142617 0.0108281)
(0.000600857 -0.0151679 0.0112188)
(0.00160079 -0.0171025 0.00437545)
(0.0025669 -0.0176919 0.00447811)
(0.00189569 -0.0178055 0.00414648)
(8.80874e-05 -0.0154227 0.00389416)
(-0.00113851 -0.0162982 0.00400061)
(0.000971409 -0.0168324 0.00404162)
(0.000648231 -0.0159447 0.00391598)
(0.000423809 -0.0172401 0.00388091)
(0.000765664 -0.0176247 0.0038514)
(-0.00103713 -0.0164742 0.00392188)
(-0.00435844 -0.0106759 0.00968656)
(-0.0043866 -0.0108497 0.0104178)
(-0.00358622 -0.0101807 0.0112329)
(-0.00380231 -0.0105213 0.00977111)
(-0.00381031 -0.00977988 0.0121645)
(-0.00297882 -0.00929447 0.0122829)
(-0.00388744 -0.0102407 0.0112074)
(-0.00353138 -0.00954999 0.0116801)
(-0.00266996 -0.00851616 0.0123354)
(-0.00330116 -0.0090018 0.0124484)
(0.00330648 -0.00534324 0.0097355)
(0.00186118 -0.00609348 0.0114258)
(0.00137782 -0.0171836 0.0146047)
(0.000383047 -0.017334 0.0147282)
(0.000971152 -0.0159089 0.0145734)
(0.000547486 -0.0166206 0.0135803)
(0.0082007 -0.0133241 0.0155792)
(0.00890033 -0.0137547 0.0151985)
(0.00841774 -0.0153232 0.0143193)
(0.00710368 -0.0146093 0.0155591)
(0.00732871 -0.0156711 0.0151529)
(0.00779314 -0.0145369 0.0147295)
(0.00608582 -0.0165233 0.0153352)
(0.00735295 -0.0156419 0.0166639)
(0.00782495 -0.0154998 0.01451)
(0.00624096 -0.0149828 0.0162022)
(0.00566063 -0.0109892 0.0179286)
(0.00282419 -0.0116082 0.0155028)
(0.00371047 -0.0111838 0.0183882)
(0.00519845 -0.0115718 0.0180006)
(0.0062322 -0.0111754 0.017226)
(0.00250701 -0.0120233 0.0151268)
(0.00526839 -0.0125933 0.0182405)
(0.00485694 -0.0116089 0.0182543)
(0.00348595 -0.0124879 0.0164929)
(0.00453162 -0.0112387 0.0170651)
(0.00338939 -0.0124282 0.0172498)
(0.00703178 0.00342446 0.0208986)
(0.00839156 0.00379894 0.0212857)
(0.0131256 -0.00171248 0.0163335)
(0.0120214 -0.0036867 0.0158405)
(0.00800351 -0.0138853 0.00690857)
(0.00897336 -0.014157 0.0076314)
(0.010083 -0.013102 0.00870444)
(0.00983615 -0.0139578 0.00889092)
(0.0121045 -0.00735349 0.0144382)
(0.0115839 -0.00883577 0.0140083)
(0.0119304 -0.0101418 0.0129219)
(0.0124165 -0.00834828 0.0117541)
(0.0119459 -0.00872064 0.0127607)
(0.0111962 -0.0106289 0.0136603)
(0.00161111 -0.0065456 0.00920495)
(0.00102477 -0.00612525 0.00860738)
(0.00241295 -0.00699409 0.0067541)
(0.00710285 -0.00709204 0.00378292)
(0.00660762 -0.00834776 0.0040763)
(0.0059842 -0.0075695 0.00408953)
(0.00206969 -0.00629469 0.00850703)
(0.002728 -0.00621453 0.00656946)
(0.00230193 -0.00668471 0.00813043)
(0.00227064 -0.00540109 0.00682923)
(0.00731811 -0.00733257 0.00416653)
(0.00774856 -0.00771631 0.0042858)
(0.00924464 -0.00818708 0.00421998)
(0.00682997 -0.00673484 0.00348079)
(0.000932625 -0.00717847 0.0147378)
(-0.000492178 -0.0059863 0.0135889)
(9.06025e-05 -0.00545289 0.015207)
(-5.53168e-05 -0.00717506 0.0126977)
(1.47283e-05 -0.00688896 0.0138604)
(0.0028115 -0.00282095 0.0183686)
(0.000641129 -0.00556234 0.0151343)
(0.00111076 -0.00617731 0.0153753)
(0.0018938 -0.00411094 0.0168896)
(0.00266899 -0.00381435 0.017891)
(0.00166354 -0.00484702 0.0169021)
(0.000762413 -0.00476094 0.0162045)
(0.000343759 -0.00426375 0.0119044)
(0.000399483 -0.00400594 0.012405)
(0.00166249 -0.00422423 0.0149998)
(0.00212094 -0.0015131 0.0159036)
(0.000794063 -0.00319103 0.0135064)
(0.00233593 -0.00110888 0.016172)
(0.000938099 -0.0020602 0.0137757)
(0.00204934 -0.00196867 0.0156401)
(0.00247867 -0.00050087 0.0164002)
(0.00109589 -0.00470184 0.0123869)
(0.000898391 -0.00390242 0.0125406)
(0.00103039 -0.00387922 0.0128905)
(0.00115897 -0.00295548 0.0137698)
(0.00159435 -0.00224214 0.0148748)
(0.00171675 -0.00347157 0.0142972)
(0.00201359 -0.0110709 0.00799444)
(0.00147085 -0.00995186 0.00826286)
(0.00181413 -0.00874404 0.00797298)
(0.00207758 -0.00929298 0.00760991)
(0.00652428 -0.0100653 0.00458619)
(0.00458716 -0.00979458 0.00523761)
(0.00389792 -0.00955946 0.00569475)
(0.00313448 -0.0102954 0.00688784)
(0.00291162 -0.0106655 0.00683817)
(0.00281285 -0.0106303 0.00706534)
(0.0045532 -0.0109293 0.00582281)
(0.00365987 -0.0105943 0.00654386)
(0.00822169 0.0047509 0.0210546)
(0.00722777 0.00439702 0.0212031)
(0.0116491 0.00441399 0.0206528)
(0.00979283 0.00305086 0.0206054)
(0.0111231 0.00358774 0.0217304)
(0.00833492 0.00404298 0.0216176)
(0.012199 0.00647655 0.0218038)
(0.0108375 0.00656936 0.0224813)
(0.016972 0.0041717 0.0231543)
(0.0136923 0.00779896 0.0214911)
(0.014787 0.00841965 0.0201282)
(-0.00029766 -0.00273345 0.0150579)
(0.000166915 -0.00271986 0.0154055)
(0.00130591 -0.00264298 0.0163546)
(0.000360007 -0.00112095 0.0157207)
(0.00238028 4.97807e-05 0.0173507)
(0.00206875 -0.00124074 0.0169265)
(0.00467009 -0.000884478 0.0183624)
(0.00153982 -0.00157365 0.016224)
(0.00496119 -0.00223389 0.016398)
(0.00485723 -0.000376171 0.0171716)
(0.00627606 -0.000810887 0.0173904)
(0.00348974 -0.00153123 0.017076)
(0.00374816 -0.0013494 0.0166879)
(0.00596377 -0.00139447 0.0154522)
(-0.00455034 -0.0144655 0.00564567)
(-0.00455411 -0.013373 0.00652672)
(-0.00457057 -0.0131231 0.00762945)
(-0.00493202 -0.0137507 0.00658101)
(-0.00493866 -0.0123018 0.00797427)
(-0.00530812 -0.0121339 0.009363)
(-0.00546408 -0.0117512 0.00995809)
(-0.00235806 -0.0166714 0.0103897)
(-0.0026755 -0.0158807 0.00963291)
(-0.00224467 -0.0169602 0.00829046)
(-0.00249835 -0.0160377 0.0074095)
(0.00965697 -0.00928399 0.00422947)
(0.00858842 -0.0101921 0.00456197)
(0.0100416 -0.0101833 0.00488057)
(0.0112211 -0.0086865 0.00478232)
(0.0107313 -0.00970898 0.00505534)
(0.00748365 -0.0103529 0.00442975)
(0.00654207 -0.0095189 0.00360666)
(0.00538467 -0.00931285 0.00357653)
(0.00780732 -0.00935173 0.00393443)
(0.0032034 -0.00997381 0.00518188)
(0.00353871 -0.0105827 0.00581787)
(0.00441248 -0.0105264 0.00482288)
(0.00407338 -0.00974657 0.00433034)
(0.0151801 -0.00308884 0.00546274)
(0.0166334 -0.0011299 0.00734453)
(0.0151106 -0.00291588 0.00561404)
(0.0162254 -0.00238215 0.00693769)
(0.016002 0.00110746 0.0057155)
(0.0162097 -0.00116814 0.00479368)
(0.0160185 -0.0011864 0.00539753)
(0.0162978 0.00101038 0.00456468)
(0.0164369 0.000824862 0.00665755)
(0.0164757 -0.000693176 0.00641978)
)
;
    }
    INLET
    {
        type            calculated;
        value           nonuniform 0();
    }
    OUTLET
    {
        type            calculated;
        value           nonuniform 0();
    }
    procBoundary5to4
    {
        type            processor;
        value           uniform (0 0 0);
    }
    procBoundary5to6
    {
        type            processor;
        value           uniform (0 0 0);
    }
}


// ************************************************************************* //
