/*--------------------------------*- C++ -*----------------------------------*\
| =========                 |                                                 |
| \\      /  F ield         | OpenFOAM: The Open Source CFD Toolbox           |
|  \\    /   O peration     | Version:  v1612+                                |
|   \\  /    A nd           | Web:      www.OpenFOAM.com                      |
|    \\/     M anipulation  |                                                 |
\*---------------------------------------------------------------------------*/
FoamFile
{
    version     2.0;
    format      ascii;
    class       volVectorField;
    location    "100";
    object      wallShearStress;
}
// * * * * * * * * * * * * * * * * * * * * * * * * * * * * * * * * * * * * * //

dimensions      [0 2 -2 0 0 0 0];

internalField   uniform (0 0 0);

boundaryField
{
    WALL
    {
        type            calculated;
        value           nonuniform List<vector> 
1500
(
(-0.0137207 0.0104443 0.0331011)
(-0.0146707 0.00955394 0.0360729)
(-0.0010031 0.00156777 0.0038788)
(-0.000974275 0.00135958 0.00373243)
(-0.00147778 0.0046029 0.0064636)
(-0.00160364 0.00491159 0.00669578)
(-0.00299516 -9.34811e-05 0.00770656)
(-0.00263155 0.000134367 0.0061555)
(-0.00133207 0.00380131 0.00576615)
(-0.00144383 0.00345423 0.00550828)
(-0.00171566 0.00290801 0.00551232)
(-0.00160423 0.00327488 0.00562226)
(-0.00148352 0.00339451 0.00560167)
(-0.00155381 0.00371812 0.00591432)
(-0.0023647 0.00341872 0.00725607)
(-0.00267519 0.00359288 0.00811062)
(-0.00280949 -0.00231039 0.00464413)
(-0.00230275 -0.00155661 0.00317657)
(-0.000997004 0.00197559 0.00427084)
(-0.00107912 0.00185231 0.00425249)
(-0.00378169 0.00573078 0.0085927)
(-0.00526133 0.0123096 0.0133661)
(-0.00546522 0.0114453 0.0145026)
(-0.0127948 0.0131662 0.033844)
(-0.010889 0.0141125 0.0315173)
(-0.00282794 0.00710248 0.0313116)
(-0.0210161 -0.0108684 0.0394772)
(-0.0210102 -0.00569299 0.038519)
(-0.0145133 0.0046505 0.0330066)
(-0.0155051 0.000310673 0.0320627)
(-0.00830221 0.0168005 0.0280534)
(-0.00931905 0.0173141 0.0299719)
(-0.00601532 0.0185207 0.0261962)
(-0.0119456 0.0158936 0.0354803)
(-0.0124744 0.0150816 0.0341091)
(-0.00301918 -0.00464511 0.00501354)
(-0.00341841 -0.0066974 0.00817368)
(-0.00332065 -0.00504891 0.00743855)
(-0.0032945 -0.00588066 0.00689095)
(-0.00278359 -0.00346965 0.00474256)
(-0.00315194 -0.00392335 0.00583841)
(-0.00111154 0.000172872 0.00234779)
(-0.00115694 -5.30543e-05 0.00217706)
(-0.00156197 4.64592e-05 0.00315408)
(-0.00135891 0.0001966 0.00285406)
(-0.00176836 -0.000227043 0.00304135)
(-0.001488 -0.000196999 0.00260739)
(-0.000591745 0.00182297 0.00460204)
(-0.000529365 0.00171656 0.0043286)
(-0.000703316 0.00165545 0.00406571)
(-0.000838445 0.00173281 0.00417243)
(-0.000736092 0.00190389 0.00445799)
(-0.00046107 0.00157492 0.0039542)
(-0.00153146 0.00228882 0.00484896)
(-0.00173725 0.00217422 0.00500073)
(-0.00159445 0.00208182 0.00475658)
(-0.00137458 0.0022047 0.00461506)
(-0.00162504 0.00236523 0.00509307)
(-0.00145143 0.00203313 0.00457553)
(-0.00764233 -0.0153878 0.0266645)
(-0.0065829 -0.0198007 0.0252692)
(-0.00845756 -0.0185411 0.024918)
(-0.00422506 0.00678975 0.0226701)
(-0.00523657 0.00912283 0.0227834)
(-0.00382843 0.00556006 0.0214429)
(-0.00459274 0.00722177 0.0186331)
(-0.00398572 0.00551135 0.0183493)
(-0.00505743 0.0082678 0.0193673)
(-0.00333994 0.00710262 0.0117581)
(-0.00396804 0.00819098 0.0136962)
(-0.00399274 0.00817886 0.0128617)
(-0.00345362 0.00766956 0.0109771)
(-0.00331593 0.00777108 0.010588)
(-0.00405376 0.00889066 0.0122331)
(-0.0108622 0.0161988 0.028167)
(-0.0114866 0.0176313 0.0309255)
(-0.0110989 0.0161736 0.02832)
(-0.0112121 0.0165404 0.028481)
(-0.0106746 0.0158038 0.0272936)
(-0.0103266 0.0154036 0.0267809)
(-0.00507166 0.0117234 0.0305815)
(-0.00658501 0.013335 0.0314768)
(-0.00622489 0.0132025 0.0313627)
(-0.00576851 0.0132176 0.0337866)
(-0.00763014 0.0147589 0.0326891)
(-0.00697203 0.0141199 0.0309919)
(-0.0120433 0.0064347 0.0301492)
(-0.0128054 0.0101487 0.0323682)
(-0.0141554 0.0116187 0.0354551)
(-0.0125185 0.00948865 0.0315615)
(-0.0131255 0.00565763 0.0307639)
(-0.011072 0.00836087 0.0293597)
(-0.0144481 0.00693568 0.032939)
(-0.0138626 0.00788437 0.0334837)
(0.00176709 0.00261138 0.033818)
(-0.00013481 0.00352023 0.0292238)
(0.00159592 0.000745621 0.0319016)
(-0.000589816 0.00332027 0.03021)
(0.00129455 0.00043924 0.0300162)
(-0.000620483 0.00594487 0.034657)
(0.01829 -0.0125848 0.0330643)
(0.012954 -0.00867604 0.0370683)
(0.0149129 -0.00568391 0.0381234)
(0.0165819 -0.0101991 0.0394872)
(0.0137117 -0.0121807 0.0356474)
(0.0122099 -0.00564595 0.0407679)
(0.00406742 -0.0117815 0.0243619)
(0.00174202 -0.0113634 0.0199085)
(0.00214143 -0.010686 0.0227208)
(0.0040985 -0.0138127 0.0234958)
(0.00406099 -0.0152134 0.0201924)
(0.00148452 -0.0132686 0.0205643)
(-0.0054091 0.0175339 0.0222383)
(-0.00583079 0.0174616 0.023791)
(-0.00536102 0.0184924 0.0224084)
(-0.00594542 0.019284 0.0239595)
(-0.00585115 0.0185386 0.0241605)
(-0.000506909 0.00229862 0.00694526)
(-0.000652792 0.00244032 0.00636344)
(-0.000415939 0.00218474 0.00651539)
(-0.000528016 0.00241636 0.00630826)
(-0.000464463 0.00243321 0.00670351)
(-0.000400474 0.0023659 0.00725641)
(-0.000542239 0.00204093 0.00900023)
(-0.000883515 0.00229636 0.0100721)
(-0.00130462 0.0027101 0.0100832)
(-0.000894832 0.00259039 0.00832953)
(-0.00114929 0.00284045 0.00915658)
(-0.000424565 0.00212456 0.00819963)
(-0.00204013 0.00395421 0.00857692)
(-0.00158678 0.00361998 0.0080429)
(-0.00201099 0.00408243 0.0083424)
(-0.00211702 0.00395765 0.00896599)
(-0.00223046 0.0042412 0.00875787)
(-0.00162236 0.00359412 0.00776256)
(-0.00106207 0.00288398 0.00833808)
(-0.00110586 0.0029332 0.00801686)
(-0.00115106 0.00300028 0.00813733)
(-0.000988272 0.00285587 0.00701288)
(-0.00100778 0.00279315 0.00706674)
(-0.000989162 0.00291195 0.00720313)
(-0.00188181 0.00356029 0.0113635)
(-0.0017123 0.00358625 0.00929058)
(-0.00275296 0.00488764 0.0110472)
(-0.00152965 0.00300999 0.0103587)
(-0.00212509 0.00411063 0.0101824)
(-0.00137209 0.00304721 0.00934536)
(-0.00213013 0.00638504 0.00799038)
(-0.0019198 0.00594495 0.0075783)
(-0.00221126 0.00758574 0.00827643)
(-0.00204488 0.00645749 0.00808231)
(-0.0024617 0.00741863 0.00865435)
(-0.00230558 0.00812442 0.00878565)
(-0.00144518 0.00397622 0.00596288)
(-0.00129745 0.00387976 0.00592993)
(-0.0013245 0.00348226 0.0055145)
(-0.001544 0.00406775 0.00621582)
(-0.0014556 0.00398172 0.00601965)
(-0.00142021 0.00361884 0.00565985)
(-0.000994212 0.00367516 0.00576157)
(-0.00106457 0.00387325 0.0060821)
(-0.000927069 0.00359122 0.00571775)
(-0.00114639 0.00383706 0.00623141)
(-0.00107973 0.00381887 0.00590468)
(-0.000905561 0.0037566 0.005988)
(-0.0098144 0.0173212 0.0311017)
(-0.011427 0.0166085 0.0296931)
(-0.0100448 0.0170155 0.0304051)
(-0.0100947 0.0160426 0.0287257)
(-0.0112694 0.0173398 0.0303971)
(-0.0111309 0.0176827 0.0314568)
(-0.0104808 0.016479 0.0316463)
(-0.010176 0.0164697 0.0314317)
(-0.0102976 0.0163548 0.0302214)
(-0.00971062 0.0171483 0.0310943)
(-0.0107774 0.0172398 0.032327)
(-0.0101821 0.0165638 0.0311629)
(-0.00503515 0.0183358 0.0197035)
(-0.00598554 0.0173438 0.0211671)
(-0.00568548 0.0164335 0.019034)
(-0.00540035 0.0167286 0.0179035)
(-0.0051329 0.018729 0.0201573)
(-0.00672433 0.0177663 0.0268643)
(-0.00678223 0.017034 0.0261287)
(-0.00746834 0.0189152 0.0287653)
(-0.00725073 0.0180144 0.0281632)
(-0.0077902 0.01739 0.0285337)
(-0.00756266 0.0169307 0.0276106)
(-0.00857304 0.0179682 0.0297051)
(-0.00894425 0.0176001 0.029663)
(0.0108008 -0.0192066 0.0230279)
(0.00797471 -0.0214015 0.0178946)
(0.0070073 -0.0173259 0.0237836)
(0.00579623 -0.0182274 0.0199)
(0.00991985 -0.0209466 0.0221138)
(0.00518211 -0.0197142 0.0192676)
(-0.000355553 -0.00827224 0.0193409)
(0.000120748 -0.00632626 0.0212446)
(-0.00171894 -0.0072041 0.0174736)
(0.000377757 -0.00812301 0.0214473)
(-0.00163345 -0.00598245 0.0177557)
(-0.00127256 -0.00551723 0.0193688)
(-0.00272385 -0.00492692 0.0143063)
(-0.00302391 -0.00592357 0.0117802)
(-0.00327959 -0.0040578 0.0135248)
(-0.00299688 -0.0057192 0.0143578)
(-0.00347916 -0.00387491 0.011412)
(-0.00320433 -0.00386957 0.011285)
(-0.015964 0.00839042 0.0381898)
(-0.0176597 0.00468206 0.0398118)
(-0.018638 0.00626171 0.0418396)
(-0.0148382 0.00935612 0.0391123)
(-0.0163852 0.00656384 0.037117)
(-0.0175264 0.0039686 0.0375397)
(-0.0183027 -0.00046684 0.0374023)
(-0.0164216 -0.005073 0.0337398)
(-0.0184395 -0.00604895 0.0337553)
(-0.0169621 -0.00233639 0.0341217)
(-0.0194511 -0.00183669 0.0362557)
(-0.0114053 -0.00306274 0.0275934)
(-0.0123231 -0.00742955 0.0281384)
(-0.0108918 -0.00443116 0.0292054)
(-0.0140426 -0.00551331 0.0320326)
(-0.0146534 -0.0031978 0.0312529)
(-0.0134794 -0.00259722 0.0306207)
(0.0109844 -0.0106184 0.032991)
(0.00736883 -0.0115367 0.0282279)
(0.0121111 -0.013858 0.0329239)
(0.00830773 -0.0145404 0.0282516)
(0.0081539 -0.0101566 0.0322643)
(0.0112924 -0.0155884 0.0281)
(-0.00263461 0.00789014 0.0509404)
(-0.00528114 0.00830361 0.0420174)
(-0.00110645 0.00784653 0.0435756)
(-0.00118285 0.00724079 0.0431752)
(-0.0057057 0.00969083 0.0445246)
(-0.00221924 0.00795711 0.0329954)
(-0.0036828 0.00922421 0.0317284)
(-0.0038909 0.0104975 0.0334012)
(-0.00172237 0.0071559 0.0313163)
(-0.00291 0.00631374 0.0276735)
(-0.00231995 0.00883821 0.0320008)
(0.0018396 0.00560678 0.0378737)
(-0.000996603 0.00795373 0.0374376)
(0.000583645 0.00911327 0.0420461)
(0.00233831 0.00627699 0.0408496)
(-0.000175205 0.0087007 0.0363172)
(-0.00289539 0.0116553 0.0418786)
(-0.00384337 0.00583214 0.0252972)
(-0.00286994 0.00294941 0.0237708)
(-0.00305058 0.00419723 0.0244098)
(-0.00136838 0.00409109 0.0241236)
(-0.00312682 0.00569135 0.027507)
(0.00527904 0.00109303 0.0392773)
(0.00867895 -0.00514857 0.0369473)
(0.00509366 5.10863e-05 0.036363)
(0.00500327 -0.00198446 0.0349692)
(0.007006 -0.00512142 0.0349396)
(0.00838563 -0.00262728 0.0395214)
(0.00434176 -0.00845616 0.0270782)
(0.00308269 -0.00365627 0.029774)
(0.00200809 -0.00404532 0.0276974)
(0.00262421 -0.0081784 0.024867)
(0.0048308 -0.00682214 0.0298179)
(0.00206487 -0.00575826 0.0252416)
(-0.000980345 0.00202547 0.0264809)
(-0.000333382 -0.000711995 0.0267608)
(-0.000860247 -0.00306161 0.0202227)
(-0.00231718 0.000288237 0.0200064)
(-0.00188484 0.00086174 0.0208475)
(-0.000299249 -0.00290082 0.0232876)
(-0.00934341 0.0144498 0.0425857)
(-0.00417834 0.0141432 0.0444109)
(-0.00425198 0.0127448 0.0425368)
(-0.00621425 0.0125924 0.0425478)
(-0.00765511 0.0157016 0.0431046)
(-0.00607529 0.0145865 0.0398942)
(-0.00909243 0.0149623 0.0365252)
(-0.00811123 0.0163499 0.0383169)
(-0.00788775 0.0149488 0.0370524)
(-0.00990537 0.0168605 0.0390609)
(-0.00703481 0.0153356 0.0384319)
(-0.0135314 0.0124859 0.0405075)
(-0.0144843 0.0113923 0.037218)
(-0.0128216 0.0132145 0.0375413)
(-0.0115905 0.0138169 0.0367556)
(-0.00924706 0.01471 0.0395559)
(-0.012396 0.0137508 0.0405227)
(-0.00830926 0.0148573 0.027275)
(-0.00740566 0.0136724 0.025529)
(-0.00901873 0.0141641 0.0281061)
(-0.00861382 0.0160538 0.0290101)
(-0.00950755 0.0129184 0.0277873)
(-0.00833815 0.0144278 0.0269474)
(-0.0101414 0.0173908 0.032064)
(-0.00959501 0.0167977 0.033326)
(-0.00771819 0.0147839 0.0291232)
(-0.00885625 0.0157709 0.0306107)
(-0.00944348 0.015817 0.0283833)
(-0.0100969 0.0159851 0.0291644)
(-0.00458333 0.00829576 0.0139733)
(-0.0042265 0.00765128 0.0144478)
(-0.00547892 0.0101523 0.016199)
(-0.00477014 0.00839325 0.0169333)
(-0.0049689 0.00896256 0.0153104)
(-0.00448009 0.00785406 0.0164931)
(-0.00276758 -0.000366534 0.0176592)
(-0.00335406 0.00048576 0.0169027)
(-0.00189519 0.000595176 0.0149272)
(-0.00304062 0.000886201 0.0166681)
(-0.00235892 0.000976061 0.0149536)
(-0.00184687 0.000132296 0.0153842)
(-0.00100013 0.00285632 0.00572894)
(-0.000893958 0.00275576 0.00544487)
(-0.000978592 0.0026811 0.00518935)
(-0.000889916 0.00279648 0.00530406)
(-0.00103822 0.00301232 0.00557851)
(-0.000880758 0.00277988 0.00560555)
(-0.00144217 0.00229255 0.0115873)
(-0.00157301 0.00160937 0.0130135)
(-0.00143253 0.00213987 0.0117635)
(-0.00180536 0.00282396 0.0124388)
(-0.0025783 0.00343817 0.0136425)
(-0.00184061 0.0017693 0.0134845)
(-0.00449592 -0.000242926 0.0193594)
(-0.00641183 0.00380204 0.0227212)
(-0.00665618 0.00160093 0.0228441)
(-0.00595268 0.000289958 0.0218305)
(-0.00560171 0.00294259 0.0210582)
(-0.00462143 0.00247127 0.0193794)
(-0.00829392 0.00543031 0.0256651)
(-0.00944125 0.0053173 0.0264082)
(-0.00836827 0.00657096 0.0247217)
(-0.0104179 0.00728669 0.0280923)
(-0.0090747 0.00450584 0.0259762)
(-0.00979727 0.00811293 0.0276698)
(-0.00580334 0.00888721 0.0188499)
(-0.00557312 0.00835935 0.0194979)
(-0.00614019 0.00903706 0.020837)
(-0.00593814 0.00964216 0.0197236)
(-0.00574723 0.0103215 0.0194238)
(-0.00761143 -0.0112346 0.0252728)
(-0.00749075 -0.00652273 0.0252942)
(-0.00417033 -0.00811371 0.0211492)
(-0.00846188 -0.00983473 0.0245174)
(-0.00527028 -0.00710366 0.0224924)
(-0.0047693 -0.0101115 0.0207213)
(-0.0133465 -0.0221947 0.0278678)
(-0.0164171 -0.0211977 0.0335313)
(-0.00637985 0.0153348 0.0173192)
(-0.00568655 0.0135143 0.0150886)
(-0.00585476 0.0125397 0.0153015)
(-0.00561679 0.0128891 0.0140261)
(-0.006315 0.0127056 0.0145975)
(-0.00589657 0.0147143 0.0163227)
(-0.00641676 0.0143488 0.0223248)
(-0.00696089 0.0143542 0.0234421)
(-0.00610954 0.013297 0.0203352)
(-0.00628002 0.0123195 0.0206738)
(-0.00702885 0.0121175 0.0223392)
(-0.00740677 0.0128989 0.0241217)
(-0.00147766 0.00352875 0.00642759)
(-0.0023692 0.00434427 0.00730721)
(-0.00177679 0.00370265 0.00654657)
(-0.0020301 0.00408609 0.00705476)
(-0.00162948 0.00363798 0.00676011)
(-0.00197095 0.00407447 0.00714647)
(-0.00140955 0.00361145 0.00617473)
(-0.00125926 0.00375495 0.00629622)
(-0.00118077 0.00340906 0.00568662)
(-0.00115889 0.00344061 0.00591355)
(-0.00127345 0.00342501 0.0058995)
(-0.00100743 0.00336534 0.00555405)
(-0.00100981 0.00338607 0.00572153)
(-0.00299168 0.00459365 0.00727397)
(-0.00248306 0.00420658 0.00717551)
(-0.00333272 0.00548236 0.0084388)
(-0.00340677 0.00513645 0.00764556)
(-0.0029298 0.004835 0.00796186)
(-0.00601791 0.0110465 0.0121859)
(-0.00597417 0.0112986 0.0126188)
(0.000811834 0.000509518 0.0051817)
(0.00129457 -2.97466e-05 0.00571353)
(0.00113999 2.80089e-05 0.00455028)
(0.00115298 8.02727e-05 0.00567826)
(0.00060503 0.000482964 0.00423484)
(0.000556221 0.000607948 0.00454914)
(0.0019628 -0.000836398 0.00574759)
(0.00224592 -0.0013883 0.00650893)
(0.00229953 -0.00102931 0.00486407)
(0.00165648 -0.000473214 0.00481711)
(0.0014347 -0.000271097 0.00446208)
(0.00307174 -0.0019848 0.00637595)
(0.00270012 -0.00153052 0.00562433)
(0.0025948 -0.00533392 0.0114445)
(0.00296644 -0.00556906 0.0112567)
(0.00236553 -0.00888095 0.0151339)
(0.00338684 -0.00783856 0.0119483)
(0.00216412 -0.00600036 0.0131654)
(0.0018449 -0.00817525 0.014641)
(0.000212478 -0.00310813 0.0141752)
(-0.000569532 -0.00135375 0.014699)
(-0.000792248 -0.00253799 0.0159986)
(0.000544148 -0.00237633 0.0132885)
(-0.000243402 -0.00344841 0.0152301)
(7.06566e-05 -0.00142597 0.0129525)
(0.00109397 8.98636e-05 0.00674086)
(0.00115655 -5.55285e-05 0.00799391)
(0.00109858 1.12618e-05 0.00789225)
(0.000738373 0.000617478 0.00731331)
(0.000544251 0.000760351 0.00646057)
(0.000842505 0.000573366 0.00633708)
(-0.00138997 -0.00693385 0.0174078)
(0.000415361 -0.00821472 0.0159045)
(-0.00117051 -0.00825665 0.0180931)
(-0.000751277 -0.00546021 0.0172056)
(0.00114895 -0.00642633 0.0149525)
(0.000738741 -0.00593808 0.0150181)
(-0.00125951 0.00274005 0.00507072)
(-0.00109567 0.00261831 0.00486387)
(-0.00105509 0.00272145 0.00500309)
(-0.00109486 0.00271609 0.00515617)
(-0.00120201 0.00267151 0.00509028)
(-0.00121715 0.00274567 0.00494858)
(-0.00150376 0.00180479 0.00454399)
(-0.00153044 0.00189316 0.0047594)
(-0.00157454 0.00165465 0.00459914)
(-0.0016909 0.00174587 0.00481949)
(-0.00134445 0.00148064 0.00410478)
(-0.00125327 0.00142376 0.00389549)
(-0.000853458 0.00150651 0.00381476)
(-0.00114087 0.00158033 0.00395791)
(-0.00128075 0.00167251 0.00413991)
(-0.00131684 0.00169768 0.00423204)
(-0.00138467 0.00161626 0.00431125)
(-0.00113688 0.00134748 0.00380959)
(-0.000337786 0.000939166 0.00364702)
(-0.000619441 0.000904817 0.00315012)
(-0.000546248 0.00102128 0.00319743)
(-0.000156993 0.000987912 0.00365387)
(-0.000472766 0.00082212 0.00310879)
(-0.000434004 0.00108198 0.0035435)
(-0.00264495 0.00125161 0.00670639)
(-0.0024631 0.00157712 0.00628773)
(-0.00232718 0.0011366 0.00567309)
(-0.00266616 0.00110478 0.00653094)
(-0.0020954 0.00150258 0.0053816)
(-0.00217409 0.00161013 0.00561287)
(-0.00337257 0.00391745 0.019114)
(-0.00385045 0.00380985 0.01836)
(-0.00271496 0.00205008 0.0211018)
(-0.00235235 0.00101224 0.0175621)
(-0.0031523 0.00181621 0.0170759)
(-0.00360708 0.0063259 0.0116932)
(-0.00278628 0.00624079 0.00958248)
(-0.00260308 0.00578575 0.00904465)
(-0.00266429 0.00516329 0.00885369)
(-0.00298692 0.0071015 0.0109172)
(-0.00293799 0.00491054 0.0095859)
(-0.00269441 0.00255336 0.00765031)
(-0.00248892 0.00269541 0.00715487)
(-0.00284294 0.003187 0.0088908)
(-0.00259598 0.00338094 0.00813572)
(-0.00297587 0.00304867 0.00875542)
(-0.00196658 0.00423816 0.00683084)
(-0.0021049 0.00501024 0.00759827)
(-0.0019024 0.00422001 0.00707564)
(-0.00179187 0.00404216 0.00646813)
(-0.00216363 0.00473319 0.00764201)
(-0.0022843 0.00429807 0.00758542)
(-0.00193939 0.00306967 0.00616251)
(-0.00186666 0.00258294 0.00575536)
(-0.00176437 0.00251696 0.00538364)
(-0.00210057 0.00283976 0.00634598)
(-0.00206351 0.00269274 0.00616315)
(-0.00179558 0.00271602 0.00559957)
(-0.00144039 0.00316384 0.00533054)
(-0.00129793 0.00310485 0.00530993)
(-0.00139288 0.00295331 0.00519659)
(-0.00118278 0.00301856 0.00514605)
(-0.00125475 0.00292084 0.00514254)
(-0.00333368 0.00228367 0.0107294)
(-0.00364006 0.00351896 0.0116919)
(-0.00338396 0.00348811 0.0106311)
(-0.00318868 0.00269319 0.00972628)
(-0.00379404 0.00241541 0.012396)
(0.000175235 0.000857874 0.00458078)
(0.000405418 0.000959067 0.00518263)
(-9.97425e-05 0.00107776 0.00418226)
(0.000386489 0.000870647 0.00498603)
(0.000106511 0.00122812 0.00492081)
(-2.04007e-05 0.0011197 0.00431189)
(0.00397913 -0.00358735 0.00636041)
(0.00314174 -0.00225238 0.00602296)
(0.00266134 -0.00154398 0.004864)
(0.00378508 -0.00311797 0.00598954)
(0.00237171 -0.00128653 0.00444535)
(0.00314315 -0.00207241 0.00477848)
(-0.000795138 6.66734e-05 0.00163233)
(-0.000554835 5.06228e-05 0.00116831)
(-0.000518767 0.000193169 0.00155399)
(-0.000749825 0.000188318 0.00180831)
(-0.000660077 7.22619e-07 0.00131245)
(-0.0006084 0.000294851 0.00181846)
(-0.000130167 5.01724e-05 0.00121618)
(-0.000427263 2.44201e-05 0.000869446)
(-0.00057504 -6.49353e-06 0.000612637)
(-0.000182061 0.000101599 0.00127073)
(-0.00333219 -0.00480728 0.00875769)
(-0.00350578 -0.00333945 0.00844151)
(-0.00316108 -0.00258782 0.00638981)
(-0.00330595 -0.00431746 0.00772616)
(-0.00341623 -0.00359136 0.00661897)
(-0.00331517 -0.00293796 0.0068475)
(-0.00201596 -0.000122079 0.00435979)
(-0.0028422 -0.00137504 0.00576204)
(-0.0021773 -0.000644877 0.00422374)
(-0.00271339 -0.000486574 0.0057712)
(-0.00243592 -9.87288e-05 0.0050342)
(-0.0025082 -0.00113794 0.00498775)
(-0.00337932 -0.000441685 0.00934543)
(-0.00285932 0.000802122 0.00731084)
(-0.00323244 0.000627333 0.00923844)
(-0.00319641 0.00069817 0.0082564)
(-0.00338356 -0.000549187 0.00971286)
(-0.00278367 0.000533607 0.00654412)
(-0.0010514 0.0031267 0.00569181)
(-0.0011392 0.00314841 0.00622763)
(-0.00155474 0.00338035 0.00616296)
(-0.0011554 0.00299941 0.0055501)
(-0.0012306 0.00317892 0.0062071)
(-0.00133694 0.00345761 0.00616697)
(0.00523262 -0.0127555 0.0120744)
(0.0042429 -0.0103187 0.0123512)
(0.00308147 -0.0119932 0.0152382)
(0.004656 -0.00990428 0.0121475)
(0.00388569 -0.0148818 0.0146102)
(0.0031087 -0.0150911 0.0149755)
(0.00601749 -0.0101364 0.00970921)
(0.00515197 -0.0080416 0.00962999)
(0.00499712 -0.0063745 0.00805276)
(-0.000143721 0.00175568 0.00668648)
(0.00010434 0.0014346 0.00745191)
(-0.000148117 0.00165187 0.00811119)
(5.18708e-05 0.00142715 0.00801862)
(5.91624e-05 0.0015134 0.006692)
(-0.000286709 0.00198461 0.00761481)
(0.000320853 0.00119576 0.0066476)
(0.000264285 0.00116794 0.00611869)
(0.000110233 0.00151336 0.00625686)
(-5.93454e-06 0.001436 0.00561996)
(-2.9928e-05 0.0013418 0.00550726)
(0.000485864 0.000999178 0.00651536)
(-0.000714331 0.00151669 0.0112784)
(-0.00039902 0.00130173 0.00973107)
(-0.00117855 0.00142166 0.0129448)
(-0.000172579 0.00142141 0.0104697)
(-3.91629e-05 0.000261622 0.0110324)
(-0.0004813 0.000444985 0.0128406)
(0.000416891 0.0002446 0.0106259)
(-0.0104829 0.0160708 0.0309176)
(-0.0106754 0.0178826 0.0345017)
(-0.0103064 0.0173629 0.0318261)
(-0.0104645 0.0170939 0.0318994)
(-0.0109811 0.0167094 0.0318752)
(-0.011081 0.01692 0.0319941)
(-0.0134178 0.0128907 0.0341337)
(-0.0113189 0.0118448 0.0306367)
(-0.013031 0.0128466 0.0337702)
(-0.0113926 0.0133652 0.0312077)
(-0.0126335 0.0144621 0.0341785)
(-0.0109635 0.0158746 0.03268)
(-0.00153718 0.00464929 0.00656818)
(-0.00163025 0.00512455 0.00702057)
(-0.0013526 0.00436484 0.00624255)
(-0.00142576 0.00418589 0.00611125)
(-0.0010552 0.00406104 0.00601416)
(-0.00103571 0.00399083 0.00591907)
(-0.00129917 0.00443208 0.00641096)
(-0.0011784 0.00418328 0.00608309)
(-0.00141338 0.00451311 0.0064133)
(-0.00153713 0.00472895 0.0066684)
(-0.00159862 0.00548286 0.00715725)
(-0.0126952 0.0155301 0.037169)
(-0.0126103 0.0134712 0.0344094)
(-0.0126614 0.0134804 0.0348987)
(-0.0123803 0.0149891 0.0374038)
(-0.00987185 0.0158035 0.0306431)
(-0.0103167 0.0138099 0.0297175)
(-0.00928696 0.0154962 0.0299221)
(-0.0107135 0.0152827 0.0319372)
(-0.0101216 0.0160499 0.0358035)
(-0.00877366 0.0157326 0.0337854)
(-0.00908666 0.0153113 0.0330645)
(-0.0107341 0.0176288 0.0381965)
(-0.00942136 0.0167479 0.0359816)
(-0.00975346 0.0166886 0.034159)
(-0.0105408 0.0173502 0.0342667)
(0.00054378 9.46625e-05 0.00991124)
(0.000633363 0.000170798 0.00965375)
(0.000393579 0.000671177 0.0089099)
(0.000465593 0.000414923 0.00907641)
(0.000564812 0.000771841 0.00832743)
(0.000135209 0.00103617 0.00823297)
(0.000722133 0.000726587 0.00726848)
(0.00014087 0.00128216 0.00710693)
(-0.00012101 0.00161608 0.00610625)
(3.31093e-05 0.00120661 0.00887082)
(-0.00840969 -0.00137995 0.0261784)
(-0.00837983 -0.000643892 0.024393)
(-0.00988408 0.000793646 0.0276331)
(0.00418177 -0.00463278 0.00762376)
(0.00503697 -0.0084198 0.00974941)
(0.00564229 -0.0119158 0.011352)
(-0.00177945 -0.0204776 0.0205086)
(0.0011409 -0.0158441 0.0185306)
(0.000990473 -0.0195446 0.0170759)
(-0.00117877 0.00307684 0.00543764)
(-0.00115769 0.0030394 0.00561411)
(0.000182147 7.86955e-05 0.00213261)
(0.000803567 0.000128643 0.00311342)
(0.000486086 0.00013511 0.00233336)
(0.000325285 0.000401224 0.00299731)
(0.000778015 0.000301362 0.0033089)
(-0.000168358 0.000599659 0.00265216)
(-2.18158e-06 0.000591001 0.00280832)
(-0.000856301 -0.000289301 0.00049117)
(-0.000824341 -0.000166566 0.000342327)
(-0.00072614 -0.00017707 0.000479255)
(-0.00239216 0.00466077 0.00819861)
(-0.00215336 0.00424679 0.00804064)
(-0.00203324 0.00393096 0.00726539)
(-0.00188256 0.00381799 0.00717817)
(-0.00170306 0.00362684 0.006582)
(-0.00371549 0.00598841 0.0116279)
(-0.00326211 0.00398964 0.0106158)
(-0.00364878 0.00567402 0.0126534)
(-0.00340226 0.00502967 0.0122512)
(-0.00359556 0.00431056 0.0128634)
(-0.00402198 0.00616666 0.0164532)
(-0.00379742 0.00586348 0.0142768)
(-0.00123623 0.00335678 0.00534496)
(-0.00129375 0.00327436 0.0053414)
(-0.0014463 0.00324755 0.00542863)
(-0.00129206 0.00254095 0.00477908)
(-0.00146211 0.00265174 0.00499892)
(-0.00134776 0.00283389 0.00511813)
(-0.000999327 0.00304683 0.00528027)
(-0.000941161 0.00303749 0.00535076)
(-0.00121955 0.00314642 0.00524044)
(-0.00119021 0.00305799 0.00520899)
(-0.00105854 0.00306345 0.00521861)
(-0.00108868 0.00305073 0.00523781)
(-0.00149623 0.00294205 0.00532468)
(-0.00150997 0.00299812 0.00545274)
(-0.00170843 0.00305728 0.00559966)
(-0.00156216 0.00302876 0.00536996)
(-0.00161894 0.00262136 0.00516032)
(-0.00180962 0.00305719 0.00583133)
(-0.00171732 0.00288666 0.00559202)
(-0.00236816 0.00572342 0.00864128)
(-0.00194301 0.00541971 0.0078039)
(-0.00155097 0.00338731 0.00577558)
(-0.00155519 0.00350047 0.00575065)
(-0.0017369 0.00408385 0.00641076)
(-0.00168468 0.00349124 0.00596768)
(-0.0016357 0.00374484 0.00604429)
(-0.00176978 0.00363054 0.00619103)
(-0.00166768 0.00333658 0.00586855)
(-0.0029307 0.00383357 0.00899968)
(-0.00332813 0.00353522 0.0104315)
(-0.00302807 0.00394268 0.00995232)
(-0.0024797 0.00302205 0.00749818)
(-0.00260416 0.00560309 0.00891027)
(-0.00237059 0.00528597 0.00819651)
(-0.00262737 0.00454446 0.00840212)
(-0.00310461 0.00435858 0.00985011)
(-0.00286761 0.00462015 0.0093287)
(-0.00342866 0.00500606 0.0109693)
(-0.0033723 0.00438988 0.0103906)
(-0.00278994 -0.00172885 0.00533978)
(-0.00199734 -0.00173649 0.00202706)
(-0.00286473 -0.009783 0.007398)
(-0.00351355 -0.00794806 0.00661274)
(-0.00225355 -0.00253834 0.00248735)
(-0.000257862 0.000649985 0.00269969)
(-0.00038786 0.00045935 0.00213389)
(-0.00171337 0.000402969 0.00389492)
(-0.00183079 0.000381119 0.00403018)
(-0.00236178 8.81363e-05 0.00470751)
(-0.00221979 5.81629e-05 0.00449707)
(-0.000503646 0.00046315 0.00209796)
(-0.00139717 0.000565599 0.00345089)
(-0.0011918 0.00053635 0.00311317)
(-0.000910933 0.000441717 0.00244202)
(-0.000770056 0.000514624 0.00240901)
(-0.00107634 0.000535636 0.00279904)
(-0.000501176 0.000700598 0.0028227)
(-0.000657948 0.000645733 0.00267132)
(-0.00212696 -0.0017917 0.00231439)
(-0.00189011 -0.0015064 0.0017546)
(-0.00139477 -0.000904022 0.00137398)
(-0.00101732 -0.000427964 0.000836368)
(-0.000839437 -0.000273159 0.00066035)
(-0.000773811 -0.000174582 0.000790393)
(-0.00224934 -0.00117091 0.00378444)
(-0.00254321 -0.00150129 0.00470964)
(-0.00250839 -0.00211291 0.00382173)
(-0.00186077 -0.00125644 0.00241393)
(-0.00197464 -0.000959974 0.00318569)
(-0.00162733 -0.000558397 0.00258529)
(-0.00123722 -0.000651851 0.00120297)
(-0.00100801 -0.000404261 0.00108328)
(-0.00139793 -0.00051456 0.00200605)
(-0.00153103 -0.000870413 0.0018333)
(-0.00116032 -0.000313057 0.00164385)
(-0.000759787 -0.000110366 0.00106633)
(-0.00093929 -0.000250571 0.00124457)
(-0.00167213 0.000599079 0.00370559)
(-0.00158071 0.000949119 0.00382805)
(-0.00141809 0.00122566 0.003986)
(-0.00233028 0.000583695 0.00529558)
(-0.00166138 0.00100637 0.00419975)
(-0.00213224 0.000574522 0.00470167)
(-0.00189355 0.000591897 0.00403907)
(-0.00143014 0.00129297 0.00410406)
(-0.00140181 0.000779637 0.00352215)
(-0.00131585 0.000896562 0.00345118)
(-0.00125378 0.000692777 0.00337535)
(-0.000781086 0.000725868 0.00282535)
(-0.000953631 0.000725197 0.00302066)
(-0.00101248 0.000765122 0.00312722)
(-0.000905759 0.000942585 0.00318421)
(-0.00110473 0.00100425 0.00338849)
(-0.000699013 0.00114106 0.00328943)
(-0.000714731 0.000850933 0.00299947)
(-0.000739373 0.00094613 0.00304727)
(-0.000998404 0.00122922 0.00358454)
(-0.00122733 0.00124856 0.00379367)
(-0.00100698 0.00119214 0.00353324)
(-0.00363728 0.000775432 0.0125502)
(-0.00350469 0.00163801 0.0113967)
(-0.003454 8.48359e-05 0.0136963)
(-0.00338468 0.000783294 0.0107414)
(-0.00316833 0.00048048 0.0119783)
(-0.00386762 0.000234566 0.012719)
(-0.00356582 0.000353148 0.0161801)
(-0.00430207 0.0052447 0.0184161)
(-0.00310166 -5.95899e-05 0.0156389)
(-0.0016883 0.0014059 0.00464202)
(-0.00187542 0.00114144 0.00471039)
(-0.00212647 0.00112819 0.00530213)
(-0.0018042 0.00149805 0.00480356)
(-0.00207968 0.00182877 0.00560111)
(-0.00192063 0.00181572 0.00530284)
(-0.00216135 0.00241388 0.00609508)
(-0.00230195 0.00261313 0.00655698)
(-0.00337703 0.0022349 0.0105964)
(-0.00316081 0.00172979 0.00928433)
(-0.00295295 0.00203348 0.00862049)
(-0.00305624 0.00238728 0.00902626)
(-0.00322576 0.00100323 0.00958421)
(-0.00317247 0.00151929 0.00862161)
(-0.00303126 0.00125672 0.00774571)
(-0.00294693 0.00118578 0.00746738)
(-0.00269622 0.00204175 0.00781201)
(-0.00226603 0.00216643 0.00641442)
(-0.00255464 0.00237216 0.00727796)
(-0.00274772 0.00174758 0.00741545)
(-0.00222767 0.00192776 0.00612385)
(-0.00252054 0.00159635 0.00651552)
(-0.00352917 0.00226334 0.016385)
(-0.00353969 0.00167963 0.0150944)
(-0.00360687 0.00293274 0.0130937)
(-0.00347284 0.00102769 0.0129502)
(-0.00440114 0.00500759 0.01571)
(-0.00385472 0.00339261 0.0140357)
(-0.00376816 0.00369452 0.0139777)
(-0.00337873 0.00376343 0.0157124)
(-0.00374419 0.00380265 0.0163537)
(-0.000976972 -0.000537836 0.000726851)
(-0.00112634 -0.000756167 0.00107439)
(-0.000681946 0.00108986 0.00318996)
(-0.000942975 0.00131275 0.00372854)
(-0.000299612 0.0017691 0.00553281)
(-0.00034414 0.00113812 0.00367085)
(-0.000774174 0.00142063 0.00392351)
(-0.000618479 0.00133412 0.00376919)
(-0.000593688 0.00123562 0.00360684)
(-0.000134999 0.00128298 0.00492981)
(-0.000234438 0.00115402 0.00404815)
(-0.000265697 0.00134328 0.00421602)
(-0.000298987 0.00144134 0.00467581)
(-0.000573733 0.00150276 0.00420398)
(-0.000304352 0.00167967 0.00505419)
(-9.81276e-05 0.00151349 0.00502311)
(-0.000322068 0.00153241 0.00478766)
(-0.00116121 0.00192419 0.00433013)
(-0.00114728 0.00297385 0.00525992)
(-0.00118268 0.0028525 0.00497489)
(-0.00108882 0.0030099 0.00517707)
(-0.000989579 0.00288311 0.00512015)
(-0.00115651 0.00254755 0.0047643)
(-0.00109053 0.00202324 0.00432331)
(-0.000911299 0.00234644 0.00504306)
(-0.00085186 0.00221032 0.00469137)
(-0.00078084 0.0024532 0.00521613)
(-0.000877623 0.00269683 0.00529502)
(-0.000857906 0.00259039 0.00511536)
(-0.0012045 0.00262727 0.00498582)
(-0.00085745 0.00240177 0.00480781)
(-0.00099699 0.00258173 0.00479835)
(-0.00112052 0.00249413 0.00470214)
(-0.000982287 0.00234914 0.00450832)
(-0.001169 0.0022765 0.00468814)
(-0.000931384 0.00221524 0.00454442)
(-0.000951358 0.00241522 0.00490097)
(-0.000903266 0.00241483 0.00497509)
(-0.00113807 0.00222394 0.00456989)
(-0.000929142 0.00203101 0.0042807)
(0.000964103 -0.000150557 0.00332348)
(0.000431827 -5.32492e-05 0.00238592)
(0.00125815 -0.000517758 0.00307068)
(0.00185552 -0.000747084 0.00374792)
(0.000117041 9.52352e-06 0.00130596)
(0.000473691 3.9139e-06 0.00195531)
(0.000910645 -0.000324492 0.00212713)
(-0.00622621 -0.00461067 0.0244827)
(-0.00265283 -0.00780141 0.019607)
(0.000308136 0.00109404 0.00596094)
(-0.00140218 0.000378473 0.014156)
(-0.00110868 -0.00422319 0.0172132)
(0.00146261 -0.00371296 0.0129852)
(0.00096761 -0.00438002 0.0144455)
(0.00425194 -0.00627133 0.00935574)
(0.00431445 -0.0050886 0.00792045)
(0.00175695 -0.00397707 0.0128862)
(0.00182746 -0.0057538 0.0136297)
(-0.00361612 -0.0193433 0.0210949)
(-0.0022326 -0.00979228 0.0197215)
(0.000455722 -0.0153038 0.0176124)
(-0.00231006 -0.0155127 0.0226393)
(-0.00285925 -0.0132355 0.0196849)
(-0.00113791 -0.012045 0.0186578)
(0.00105155 -0.0125684 0.0172729)
(0.00229991 -0.0117659 0.0153602)
(0.000336677 -0.01161 0.0176402)
(0.00108138 -0.00974947 0.0166908)
(0.00174456 -0.000951646 0.00840071)
(0.00286121 -0.00342881 0.00910802)
(0.00209001 -0.00342014 0.0109881)
(0.00226344 -0.00216669 0.00868718)
(0.00236933 -0.00375405 0.0107939)
(0.00258525 -0.00321901 0.00930272)
(0.0020013 -0.0018878 0.00905611)
(0.00180387 -0.0023066 0.0102317)
(0.0030114 -0.00290542 0.0080532)
(0.00159027 -0.000388772 0.00345833)
(0.00105009 -0.000175046 0.00333462)
(0.00219184 -0.000942215 0.00438305)
(0.00293381 -0.0026684 0.00763922)
(0.00341779 -0.00261504 0.00614976)
(0.00374707 -0.00370338 0.00734109)
(0.0035836 -0.00380588 0.00761018)
(0.000769262 0.000624783 0.00547943)
(0.00171409 -0.000662748 0.00723712)
(0.00132263 -0.000106278 0.0065569)
(0.000550378 0.000337063 0.00330167)
(0.000179143 0.000665698 0.0034328)
(0.000981034 9.63862e-05 0.00436212)
(-0.00285347 0.00534187 0.00909485)
(-0.00336423 0.00604507 0.00979613)
(-0.00404056 0.0075291 0.0118741)
(-0.00371734 0.00656952 0.0104862)
(-0.00381271 0.00695253 0.0112006)
(-0.00309755 0.0057932 0.0104775)
(-0.0025175 0.00485006 0.00887021)
(-0.00282663 0.00516979 0.009459)
(-0.00402615 0.00727683 0.011347)
(-0.00389319 0.00689249 0.0102456)
(-0.00384042 0.00648751 0.00996665)
(-0.00372072 0.00616059 0.00904962)
(-0.00312723 0.00533464 0.00849753)
(-0.00103362 0.003562 0.00585025)
(-0.00323656 0.00532682 0.00836605)
(-0.0025554 0.00495573 0.00832513)
(-0.00213695 0.00422088 0.00745752)
(-0.00281555 0.00474847 0.00764051)
(-0.0014092 0.0035252 0.00642043)
(-0.00128836 0.00335207 0.00597879)
(-0.00132124 0.00327711 0.00589261)
(-0.00105542 0.00310181 0.00543326)
(-0.000958519 0.00314016 0.00558673)
(-0.00103829 0.0031987 0.00574968)
(-0.00124598 0.00323512 0.00588333)
(-0.00128682 0.00343322 0.00578849)
(-0.00105983 0.00311117 0.00546152)
(-0.00119135 0.0031526 0.00554599)
(-0.00102857 0.00327904 0.0054538)
(-0.0010565 0.00324421 0.00554936)
(-0.00406482 0.005499 0.0157639)
(-0.00400697 0.00530479 0.0161405)
(-0.00467249 0.00758522 0.0155368)
(-0.00521041 0.0124483 0.0177698)
(-0.00576606 0.0139714 0.0195059)
(-0.00549229 0.0105417 0.0119051)
(-0.00447772 0.00868198 0.0124369)
(-0.00412236 0.00809377 0.0117766)
(-0.00579703 0.011213 0.0128569)
(-0.00491484 0.0100118 0.015239)
(-0.00456751 0.00916878 0.0133995)
(-0.00496101 0.0106345 0.0134861)
(-0.00433588 0.0102585 0.0118829)
(-0.00390796 0.0101984 0.010956)
(-0.00321808 0.00967399 0.0100749)
(-0.0028175 0.00878677 0.00941093)
(-0.00663909 0.0115398 0.0187566)
(-0.0062028 0.011402 0.0192645)
(-0.00572057 0.0113046 0.0169597)
(-0.00635935 0.0111109 0.0198395)
(-0.00634177 0.010723 0.0203243)
(-0.00579189 0.0107418 0.0221542)
(-0.00552411 0.00968476 0.0204842)
(-0.00656816 0.011558 0.0226064)
(-0.00722041 0.0123345 0.0206054)
(-0.00623669 0.0109265 0.0202949)
(-0.00660684 0.0113089 0.0214293)
(-0.0071065 0.0120934 0.022755)
(-0.00850887 0.0140465 0.0229957)
(-0.00775579 0.0129117 0.0204387)
(-0.00845258 0.0140818 0.0234136)
(-0.00997843 0.0156046 0.0233032)
(-0.0102107 0.0160144 0.0231301)
(-0.00901568 0.0146888 0.0251371)
(-0.00979409 0.0154652 0.0250028)
(-0.0102373 0.0164706 0.0262521)
(-0.00949383 0.015161 0.025682)
(-0.00821915 0.0134061 0.0243717)
(-0.00781205 0.0128214 0.0240346)
(-0.00609516 0.0114174 0.0241141)
(-0.00638888 0.0120479 0.0257089)
(-0.00458836 0.0114298 0.0125867)
(-0.00574112 0.0138929 0.0131381)
(-0.00691699 0.0148619 0.0157704)
(-0.00667948 0.0132143 0.0159051)
(-0.00568554 0.0108433 0.016098)
(-0.0054091 0.0116492 0.0141579)
(-0.00731453 0.0129924 0.0185628)
(-0.00656029 0.0120941 0.0162566)
(-0.00689231 0.0136673 0.0160044)
(-0.00768078 0.0135732 0.0156661)
(-0.00889924 0.0147978 0.0185502)
(-0.00894882 0.0147434 0.0210493)
(-0.00952004 0.0152879 0.0218402)
(-0.00990734 0.0161577 0.0216779)
(-0.00812622 0.0140716 0.019668)
(-0.00916722 0.0161145 0.0192606)
(-0.0227213 -0.0177409 0.0417241)
(-0.0211213 -0.0184447 0.0344081)
(-0.00492206 0.00944927 0.0160002)
(-0.00485279 0.00822997 0.0155383)
(-0.00489162 0.00933284 0.0152623)
(-0.00510246 0.0105252 0.0170218)
(-0.00612483 0.0118895 0.0193815)
(-0.00648768 0.0108493 0.0215675)
(-0.00733102 0.010844 0.0231789)
(-0.00793102 0.00133179 0.0244699)
(-0.00503597 0.00753788 0.0184761)
(-0.00435787 0.00421876 0.0182592)
(-0.0036294 0.00502141 0.0157164)
(-0.00409605 0.00499962 0.0169519)
(-0.00334925 0.00334392 0.0164901)
(-0.00945621 0.0019332 0.0258309)
(-0.00837398 0.00259749 0.0244731)
(-0.0106667 0.00333887 0.0279897)
(-0.0037478 0.00160233 0.0183121)
(-0.00148707 0.00124836 0.013464)
(-0.00267395 0.00252431 0.0150176)
(-0.00519953 0.0105075 0.0147558)
(-0.00417752 0.00961789 0.0119997)
(-0.0100512 0.0158966 0.0269973)
(-0.0105829 0.0159167 0.0268392)
(-0.00778985 0.013922 0.0281713)
(-0.00457697 0.00685167 0.0176004)
(-0.00576387 0.0102172 0.0203143)
(-0.00519669 0.00909748 0.0179842)
(-0.00437714 0.00739679 0.0138453)
(-0.00480981 0.00964448 0.0147118)
(-0.00586143 0.0111845 0.0258029)
(-0.00502137 0.00924378 0.0235239)
(-0.00594225 0.0105709 0.0254848)
(-0.00557911 0.012087 0.0282458)
(-0.00600783 0.0120932 0.0291941)
(-0.0102077 0.0170289 0.0303591)
(-0.00726668 0.0134747 0.0264499)
(-0.00858814 0.0156761 0.0313867)
(-0.00883551 0.0144075 0.0263974)
(-0.010079 0.015263 0.0259083)
(-0.0112819 0.0166523 0.0284431)
(-0.0102738 0.015526 0.0265281)
(-0.00870021 0.0142577 0.0258719)
(-0.00793955 0.0149064 0.0315593)
(-0.00884069 0.0157722 0.0335208)
(-0.0082425 0.0103291 0.0257668)
(-0.00932675 0.00981304 0.0266351)
(-0.0103888 0.0146637 0.0307988)
(-0.0084923 0.011379 0.0261042)
(-0.00755842 0.0121692 0.0245606)
(-0.00743064 0.0105438 0.0234697)
(-0.00922939 0.012276 0.0278572)
(-0.00899871 0.016401 0.0303155)
(-0.00743463 0.01449 0.0248437)
(-0.00989733 0.0114937 0.0279201)
(-0.0104987 0.0105727 0.0293805)
(-0.010597 0.0118457 0.0307264)
(-0.0115808 0.0129301 0.0317337)
(-0.0101235 0.0127231 0.0296491)
(-0.0108898 0.01085 0.030344)
(-0.0141141 0.0119289 0.0358451)
(-0.01435 0.0124014 0.0375516)
(-0.0139549 0.0139187 0.0382785)
(-0.0121854 0.0157059 0.0389349)
(-0.00972484 0.015331 0.038939)
(-0.00764379 0.0150749 0.0332969)
(-0.0107227 0.017218 0.0377331)
(-0.00349101 0.00471286 0.0213492)
(-0.00290004 0.00285319 0.0227239)
(-0.00442708 0.00793238 0.0253512)
(-0.00419967 0.00840261 0.0259679)
(-0.00500368 0.0100981 0.0289213)
(-0.00432663 0.00869047 0.028006)
(-0.00562784 0.0116588 0.0324616)
(0.00497762 0.00318706 0.039695)
(0.00406188 0.00408732 0.0435314)
(-0.00380251 0.0112588 0.0359245)
(-0.00270818 0.0113262 0.0342541)
(-0.00492358 0.0140051 0.039808)
(-0.00225795 0.0117262 0.0384668)
(-0.00792286 0.0154453 0.0353812)
(-0.00561944 0.0139473 0.0344151)
(-0.00537136 0.0128644 0.0346097)
(-0.00442988 0.0114081 0.0324155)
(-0.00490994 0.0138577 0.036337)
(-0.00762328 0.0162045 0.037076)
(-0.00666501 0.0150659 0.0372544)
(-0.00605099 0.0149181 0.0398948)
(0.0047608 0.00442755 0.0422944)
(0.00212767 0.00519103 0.0509034)
(0.00692343 -0.00705605 0.0316929)
(0.0116776 -0.0185225 0.0274925)
(0.015159 -0.0194111 0.0256413)
(0.0148988 -0.022523 0.0246008)
(0.0187209 -0.0230853 0.021471)
(0.0196136 -0.0222601 0.0261688)
(0.00248295 0.00316571 0.0472036)
(0.00738905 -0.000805851 0.0426031)
(0.0115279 -0.00538908 0.0378022)
(0.00936991 -0.00259142 0.0375766)
(0.00345254 -0.00251134 0.04399)
(-0.0213181 -0.0110207 0.041644)
(-0.0200632 -0.00868385 0.047727)
(-0.00792531 0.0122343 0.0461015)
(-0.0110537 0.0117888 0.0465437)
(-0.0131507 0.0120284 0.042179)
(-0.0110105 0.0134791 0.0423745)
(-0.013398 -0.0167483 0.0287502)
(-0.0117374 -0.0187813 0.0301159)
(-0.011319 -0.0142683 0.0288958)
(-0.0175297 -0.01726 0.0309897)
(-0.0200344 -0.0165077 0.0362722)
(-0.0157139 -0.0151859 0.0324613)
(-0.0218052 -0.0117218 0.0379994)
(-0.0226945 -0.0101179 0.0432422)
(-0.0204079 -0.00437981 0.0406496)
(-0.0125087 -0.0118592 0.0280626)
(-0.0116499 -0.00965367 0.029585)
(-0.00753272 -0.00367209 0.0253914)
(-0.00897303 -0.00164933 0.0273781)
(-0.00857758 -0.0064086 0.0250722)
(-0.00980702 -0.00179919 0.0271066)
(-0.0106593 -0.000120327 0.027739)
(-0.0208299 -0.00418201 0.0414097)
(-0.0145261 -0.0102325 0.0315307)
(-0.0151218 -0.00714908 0.0307709)
(-0.0207693 -0.0124483 0.0342489)
(-0.0186131 -0.00995762 0.0363667)
(-0.0160403 -0.0114979 0.0307529)
(-0.0204601 -0.00582617 0.0383862)
(-0.0162405 0.0058071 0.0366138)
(-0.0158138 0.00319679 0.0355139)
(-0.0157601 -0.00241529 0.0328583)
(-0.0156826 0.00474622 0.0339976)
(-0.0122951 0.0032818 0.0294415)
(-0.013309 0.00405583 0.0311856)
(-0.0120568 0.00171541 0.0305204)
(-0.0133336 -0.000563291 0.0296546)
(-0.01476 0.00217588 0.0337687)
(-0.0134274 0.0117161 0.0440553)
(-0.0155642 0.00853253 0.0454726)
(-0.015296 0.0105846 0.0407129)
(-0.0165448 0.00290143 0.0350779)
(-0.016417 0.00631477 0.0367252)
(-0.0139115 0.01111 0.037783)
(-0.0146625 0.01047 0.0366983)
(-0.014907 0.00898945 0.0355147)
(-0.0187387 0.000669218 0.0387509)
(-0.0191224 0.0019105 0.0418843)
(-0.019145 0.00101572 0.0405238)
(-0.0177136 0.00571772 0.0415934)
(-0.00372646 -0.00120225 0.0160786)
(-0.00361542 -0.00168346 0.0122437)
(-0.00287903 -0.00310868 0.0132246)
(-0.00332301 -0.00210578 0.0129208)
(-0.00306885 -0.00155727 0.00676267)
(-0.00324066 -0.00179571 0.00758197)
(-0.00338132 -0.00244706 0.00856406)
(-0.00344904 -0.00219355 0.0103863)
(-0.00340629 -0.00238964 0.00910608)
(-0.00348596 -0.00339134 0.00930097)
(-0.00338452 -0.00223318 0.0112848)
(-0.00321029 -0.00315631 0.0125412)
(-0.00337933 -0.002888 0.0103352)
(-0.00339556 -0.00513193 0.0114149)
(-0.00330921 -0.00668303 0.0119992)
(-0.00292702 -0.0107232 0.0105443)
(-0.000150405 -0.0171298 0.0138224)
(-0.00129704 -0.0153546 0.0105397)
(-0.00189902 -0.0131854 0.0110212)
(0.000899936 -0.0174896 0.0131968)
(-0.00120091 -0.0136264 0.0131292)
(0.000615114 -0.00528729 0.0234773)
(-0.00247229 -0.00366972 0.0155062)
(-0.00216647 -0.00713725 0.0155928)
(-0.00249133 -0.00513914 0.0162726)
(0.00399104 -0.0195187 0.016118)
(0.00143424 -0.0177476 0.0169413)
(-0.00232201 -0.0111705 0.014119)
(-0.000803177 -0.0135846 0.0149581)
(-0.00180645 -0.0109386 0.0137443)
(-0.00263361 -0.00910736 0.0125311)
(-0.00227197 -0.00828991 0.0149848)
(-0.00238461 -0.00846046 0.0120449)
(-0.00712497 0.0160194 0.0252389)
(-0.00656409 0.0160695 0.0228616)
(-0.00697841 0.016343 0.024658)
(-0.00554656 0.0133991 0.0174327)
(-0.00541625 0.0119992 0.0169362)
(-0.00575993 0.0153634 0.0203037)
(-0.00616692 0.0160728 0.0203255)
(-0.00612851 0.0160352 0.02157)
(-0.00706146 0.0162953 0.0216133)
(-0.00598655 0.0154505 0.0182848)
(-0.0052134 0.015325 0.0160436)
(-0.00788312 0.0167096 0.0275579)
(-0.00798842 0.0176847 0.0290405)
(-0.00777038 0.0178168 0.0282535)
(-0.00698206 0.0161366 0.0259273)
(-0.00968485 0.0175474 0.0313575)
(-0.00875188 0.0150743 0.0272681)
(-0.00808587 0.0156743 0.0275874)
(-0.0105663 0.0167204 0.0317286)
(-0.0098454 0.0158478 0.0298764)
(-0.0106343 0.0180661 0.0323296)
(-0.0107385 0.016807 0.0312367)
(-0.00105497 0.00311165 0.00524421)
(-0.00116017 0.00314464 0.00515646)
(-0.0010151 0.00319814 0.00534184)
(-0.00101056 0.00318069 0.00532714)
(-0.00188416 0.00623869 0.00785139)
(-0.00145222 0.00398724 0.00608657)
(-0.0015329 0.00437399 0.00632143)
(-0.00287704 0.0070007 0.00962557)
(-0.00265107 0.00619043 0.00879567)
(-0.00324029 0.009193 0.0107436)
(-0.00305108 0.00693402 0.00974714)
(-0.00346384 0.00829404 0.0101733)
(-0.00376068 0.00888232 0.0115366)
(-0.00223603 0.00610517 0.00838946)
(-0.00278258 0.00697782 0.0096698)
(-0.0025205 0.00800397 0.00928453)
(-0.000841314 0.00261944 0.00539061)
(-0.000891045 0.00278941 0.00570008)
(-0.000763177 0.00263475 0.00550495)
(-0.000926173 0.00278346 0.0054829)
(-0.00152673 0.00360274 0.00710244)
(-0.00124275 0.00329624 0.00675571)
(-0.0013152 0.00324786 0.00656114)
(-0.00123425 0.00312983 0.0063462)
(-0.00120679 0.00313699 0.00615467)
(-0.000896736 0.0028994 0.00618725)
(-0.000808076 0.00280936 0.00594523)
(-0.00356605 0.00534368 0.0134054)
(-0.00274205 0.00461105 0.0123274)
(-0.000869347 0.00286952 0.0063818)
(-0.000911002 0.0027441 0.00621158)
(-0.000905329 0.00272728 0.00596491)
(-0.00415351 0.0075157 0.0135042)
(-0.00447049 0.00842077 0.0132492)
(-0.00365128 0.00635821 0.0113743)
(-0.00387031 0.00725095 0.0116456)
(-0.00395766 0.00681053 0.0129119)
(-0.0035299 0.00547008 0.0130044)
(-0.0035347 0.0058925 0.0133069)
(-0.00331596 0.00583178 0.0112303)
(-0.00283513 0.00492188 0.0106876)
(-0.00310031 0.00498194 0.0111643)
(-0.00217542 0.00429467 0.00859952)
(-0.0017572 0.00378722 0.00743782)
(-0.0020669 0.00419038 0.00802582)
(-0.00247802 0.00443224 0.00984305)
(-0.00260164 0.00497182 0.00967896)
(-0.00141067 0.00341684 0.0072832)
(-0.00141005 0.00339938 0.0074847)
(-0.0010968 0.00327853 0.00714741)
(-0.00127209 0.00321341 0.00717568)
(-0.00141363 0.00329302 0.00884802)
(-0.00245085 0.00442018 0.0101577)
(-0.001153 0.00291049 0.00916823)
(-0.001451 0.00260955 0.0105505)
(-0.00113533 0.00219746 0.0110014)
(-0.000321857 0.00175188 0.00897314)
(-0.000695041 0.00271874 0.00792892)
(-0.000753449 0.00247714 0.00573371)
(-0.000723746 0.0025908 0.00603333)
(-0.00081108 0.00257231 0.0065482)
(-0.000370391 0.0020786 0.00758614)
(-0.000365415 0.00203381 0.00551915)
(-0.000111025 0.00183065 0.00582798)
(-0.000191889 0.0019616 0.00632105)
(-0.000856893 0.0023228 0.00542294)
(-0.000765831 0.00236741 0.00566508)
(-0.000578287 0.00222495 0.00536646)
(-0.000456471 0.00215631 0.00559957)
(-0.00177348 0.00523481 0.0071679)
(-0.00208357 0.00592693 0.00772966)
(-0.00160093 0.0042966 0.00645348)
(-0.00178314 0.00499274 0.0070109)
(-0.0019887 0.00521906 0.00737245)
(-0.00159669 0.00452898 0.00655626)
(-0.00172919 0.00447999 0.00667251)
(-0.00177084 0.00492532 0.00696316)
(-0.00131505 0.00392505 0.00585127)
(-0.00119963 0.00388623 0.00592536)
(-0.00108447 0.00371715 0.00579132)
(-0.00102974 0.00368595 0.0056176)
(-0.00109149 0.00351506 0.00554728)
(-0.00103809 0.00358693 0.00572967)
(-0.00119724 0.00345182 0.00572044)
(-0.000985745 0.0033718 0.0053615)
(-0.00118276 0.00375913 0.00566849)
(-0.00107148 0.00361139 0.00555061)
(-0.00120135 0.00320661 0.00521795)
(-0.00111549 0.00338453 0.00542991)
(-0.00111194 0.00331614 0.00538201)
(-0.00118164 0.00330901 0.00522738)
(-0.00127326 0.00347658 0.00549591)
(-0.00919271 0.0163132 0.0283322)
(-0.00959505 0.0167798 0.0293065)
(-0.00956495 0.01799 0.0309628)
(-0.0104837 0.0168644 0.0297476)
(-0.0098409 0.0168942 0.0305309)
(-0.00938901 0.0174539 0.0308383)
(-0.00836074 0.0166508 0.0291052)
(-0.00807217 0.0177078 0.0291974)
(-0.00975403 0.017105 0.0305648)
(-0.00931248 0.0161883 0.0293118)
(-0.00806333 0.0171939 0.0294201)
(-0.00937132 0.0180936 0.0309556)
(-0.00550583 0.0180057 0.0212636)
(-0.00700675 0.0172582 0.0259979)
(-0.00683274 0.017087 0.0246962)
(-0.00623164 0.0181864 0.0255909)
(-0.00620786 0.0181092 0.025189)
(-0.00550945 0.0149192 0.0195609)
(-0.00614368 0.0168799 0.022044)
(-0.00604232 0.0160734 0.0223761)
(-0.00583606 0.0162783 0.0214032)
(-0.000659354 -0.0101812 0.0156414)
(-0.000411932 -0.00977202 0.0190649)
(-0.000814656 -0.0119177 0.0160998)
(0.000294081 -0.0144474 0.0168459)
(0.00219048 -0.0163423 0.0171026)
(0.000691484 -0.0136015 0.0173)
(0.007392 -0.0152629 0.023842)
(0.00340429 -0.0168018 0.0199234)
(0.00513723 -0.0107904 0.0268991)
(0.00183898 -0.00884168 0.0233962)
(-0.013667 0.00751626 0.0435635)
(-0.00720219 0.00908823 0.0469821)
(-0.0109262 0.00944864 0.0441807)
(-0.0172122 -0.00244705 0.0431736)
(-0.0193316 -0.00240059 0.0440668)
(-0.0170391 0.00213264 0.0424555)
(-0.0162343 0.00356024 0.0433412)
(-0.00909812 0.00541212 0.043029)
(-0.00482784 -0.00178725 0.0427529)
(-0.0150124 -0.000506285 0.0485148)
(-0.0105213 -0.00267674 0.0424917)
(-0.0132202 0.00308454 0.0435465)
(-5.61137e-05 0.00110484 0.0422083)
(-0.00995908 0.00278902 0.0477755)
(-0.00336135 0.00134232 0.0438199)
(-0.000248208 0.00232421 0.0451217)
(-0.0032348 0.0055529 0.0488528)
(0.00755986 0.000950931 0.0412044)
(0.00550211 0.00206426 0.0469528)
(0.00881786 -0.00172152 0.0398896)
(0.0192876 -0.0182526 0.0270723)
(0.0159331 -0.018124 0.0298805)
(0.0104194 -0.00839753 0.0364996)
(0.0155396 -0.0150311 0.0312587)
(0.0166015 -0.00932654 0.0379642)
(0.00937169 -0.00217503 0.0418221)
(0.0110103 -0.00310464 0.0438588)
(0.0131204 -0.00534182 0.037206)
(0.0184744 -0.0163465 0.0335324)
(0.017239 -0.00982113 0.0340367)
(0.000375796 0.00851558 0.0427263)
(-7.98021e-05 0.00868852 0.0436035)
(-0.00269114 0.0103591 0.0456998)
(0.00284135 0.00649929 0.0468669)
(0.00415179 0.00545996 0.0412891)
(0.000273678 0.00641761 0.0349377)
(0.00225371 0.00321783 0.0366993)
(0.00353451 -0.00233066 0.0321771)
(0.000148197 0.00182606 0.0281459)
(0.000940531 -0.000918876 0.029497)
(-0.0104714 0.00523429 0.0274927)
(-0.0102869 0.00817162 0.0283999)
(0.0138797 -0.0233064 0.0200781)
(-0.00318485 -0.00482197 0.0197484)
(-0.00490366 -0.00323066 0.0227734)
(-0.00187944 -0.00459317 0.0177342)
(-0.00216697 -0.0013114 0.0177333)
(-0.00306435 -0.00115188 0.0185103)
(-0.00597123 -0.000644456 0.0227914)
(-0.00653465 -0.00216997 0.0220284)
(-0.00411684 -5.61548e-05 0.0194081)
(-0.00388176 -0.000684664 0.0199907)
(-0.00755934 0.00910787 0.0239488)
(-0.0062602 0.00728785 0.0209935)
(-0.00672639 0.00942241 0.0226423)
(-0.00704016 0.00584045 0.0229453)
(-0.00703717 0.00376298 0.0227853)
(-0.00716692 0.00719549 0.0230889)
(-0.00569571 0.00502229 0.020141)
(-0.00412596 0.00452325 0.0173418)
(-0.00473415 0.00405049 0.018441)
(-0.00558186 0.00402221 0.0205007)
(-0.00481428 0.00571643 0.0182424)
(-0.00557778 0.00694427 0.0204119)
(-0.0038965 -0.0102361 0.0215894)
(-0.00878427 -0.014113 0.0251239)
(-0.00447235 -0.0159078 0.0220514)
(-0.00426391 0.0117376 0.0107336)
(-0.00552171 0.0128583 0.0122639)
(-0.0015387 0.00356596 0.00627631)
(-0.00222299 0.00405838 0.00717649)
(-0.00171043 0.00367498 0.00649362)
(-0.00192274 0.00367538 0.00636726)
(-0.00239469 0.00426338 0.00708397)
(-0.00184942 0.00375225 0.0066186)
(-0.00162685 0.00371535 0.00653871)
(-0.00126149 0.00344127 0.00608135)
(-0.00150751 0.0035475 0.00615206)
(-0.00146462 0.00358326 0.00636877)
(-0.00136094 0.00350017 0.00607532)
(-0.00421987 0.00733849 0.0104304)
(-0.00431975 0.00823081 0.0106184)
(-0.00375006 0.00596792 0.00864141)
(-0.00343252 0.00556403 0.00846371)
(-0.00400129 0.0069215 0.00969853)
(-0.00376157 0.00627667 0.00937826)
(-0.00424195 0.00711789 0.00982969)
(-0.00441073 0.00804867 0.0102268)
(-0.00552704 0.0100948 0.011053)
(-0.00422498 0.00667203 0.00893584)
(0.00172603 -0.000604001 0.00616823)
(0.00183901 -0.000855752 0.00705915)
(0.00222087 -0.00168911 0.00752042)
(0.00247468 -0.0018367 0.00739363)
(0.00356106 -0.00766465 0.0122825)
(0.00333471 -0.00480264 0.00960333)
(0.00339339 -0.00466471 0.0092379)
(0.00392755 -0.0062479 0.00971265)
(0.000420793 -0.000762366 0.0115187)
(0.000685838 -0.000548646 0.0110234)
(0.00149592 -0.00195295 0.0103734)
(0.000821429 -0.00071814 0.0109365)
(0.000975932 -0.00187841 0.011744)
(0.00126834 -0.00234698 0.0118565)
(0.00106387 -0.000247339 0.00903343)
(0.00118773 -0.000732705 0.009518)
(0.00148849 -0.000772003 0.00851895)
(0.00148379 -0.00122482 0.00931129)
(-0.00119027 0.00234059 0.004627)
(-0.00125762 0.00223452 0.00460093)
(-0.00133448 0.00213637 0.00454558)
(-0.00178498 0.00248082 0.00546828)
(-0.00197783 0.00218539 0.00546956)
(-0.0018519 0.00201431 0.00529182)
(-0.00166077 0.00198962 0.00501825)
(-0.00139975 0.0019407 0.00451161)
(-0.00135214 0.00248812 0.0049033)
(-0.0014106 0.00252202 0.00495034)
(-0.00160288 0.00246245 0.00505527)
(-0.00170779 0.00250548 0.00526158)
(-0.000690601 0.00143443 0.00376808)
(-0.000405066 0.00151977 0.00429468)
(-0.000610765 0.00149144 0.00387976)
(-0.000484287 0.0015294 0.00426293)
(-0.000743605 0.0014543 0.00374763)
(-0.000533351 0.00192727 0.00512743)
(-0.000477602 0.00167947 0.00437923)
(-0.000470572 0.00189386 0.00495718)
(-0.00103691 0.00187871 0.00419837)
(-0.00118878 0.00185917 0.00426137)
(-0.000952487 0.00173633 0.00409472)
(-0.00052382 0.00205266 0.00500869)
(-0.000660169 0.00194124 0.00479763)
(-0.000615498 0.00203797 0.00466603)
(-0.00099727 0.00201909 0.00458912)
(-0.000769325 0.00192469 0.004393)
(-0.00200372 -0.00365458 0.0164184)
(-0.00135772 -0.00399572 0.0190008)
(-0.00345425 0.00156579 0.0193335)
(-0.00271589 -0.00186403 0.0160259)
(-0.00293366 -0.000498747 0.0184703)
(-0.00197751 -5.87952e-05 0.00381019)
(-0.00213066 -0.000538843 0.00376948)
(-0.000969309 0.000257013 0.00220259)
(-0.00101693 -8.36483e-05 0.00181166)
(-0.00302783 -0.00523092 0.00480396)
(-0.00323819 -0.00635073 0.00659836)
(-0.00327955 -0.00908554 0.0104691)
(-0.00274166 -0.0104883 0.0107043)
(-0.00349929 -0.0076883 0.00756541)
(-0.00304399 -0.00303471 0.00542258)
(-0.00324749 -0.00719506 0.00960005)
(-0.00329548 -0.00555907 0.00812213)
(-0.00296249 -0.0084522 0.0103418)
(-0.00343411 -0.0075156 0.010864)
(-0.00240507 -0.00248653 0.00294397)
(-0.0028825 -0.00398917 0.00445931)
(-0.0024944 -0.00294059 0.00317697)
(-0.00270787 -0.00287011 0.00377345)
(-0.00288107 0.00354043 0.00864575)
(-0.00237162 0.00428774 0.00771882)
(-0.00248292 0.00419534 0.00818035)
(-0.00233917 0.00356799 0.00747748)
(-0.00212252 0.00328954 0.00670728)
(-0.00203077 0.00321545 0.00644681)
(-0.00217482 0.00388363 0.00702301)
(-0.00230758 0.00361637 0.0071372)
(-0.00186999 0.00342928 0.00620224)
(-0.00184129 0.00331406 0.0060865)
(-0.000225716 0.000826807 0.00337132)
(8.48122e-05 0.000733108 0.0034431)
(0.000158727 0.000843739 0.00417231)
(-0.000977244 -0.000569297 0.00027951)
(-0.000969199 -0.000509574 0.000211251)
(-0.000629728 -5.6407e-05 0.000778607)
(-0.000660745 -5.64106e-05 0.000789838)
(-0.000569454 3.80833e-05 0.00100289)
(-0.000305168 0.000514696 0.00242051)
(-1.4167e-05 0.000377097 0.00244118)
(-0.000523976 0.000266973 0.00168348)
(-0.000394971 0.000423675 0.00203642)
(-0.000229509 0.000315586 0.00208576)
(-0.000134318 0.000208614 0.00196464)
(-0.000457095 0.000222634 0.00148718)
(-0.000471685 0.000161426 0.00120426)
(-0.000439217 2.95265e-05 0.000940252)
(-0.000319265 0.000112328 0.00125105)
(0.000147775 8.25633e-05 0.00150974)
(-0.000118539 0.000109081 0.00149741)
(-0.00303924 -0.00106897 0.00699258)
(-0.00266788 -0.000494747 0.00591286)
(-0.00251519 0.000429783 0.00579572)
(-0.00250254 7.50489e-05 0.00548857)
(-0.00342347 -0.00154821 0.00860544)
(-0.00346508 -0.00142622 0.0096151)
(-0.00321123 -0.00114796 0.00758411)
(-0.00294923 -4.76608e-05 0.00734167)
(-0.0104372 0.0156802 0.0333012)
(-0.0107397 0.0161779 0.0336391)
(-0.0115334 0.0171856 0.0344401)
(-0.0100525 0.0169238 0.0324117)
(-0.0112812 0.0162714 0.0331)
(-0.0110742 0.0161383 0.0323093)
(-0.0115752 0.0152822 0.0353491)
(-0.0115066 0.017435 0.0366801)
(-0.0112864 0.0158624 0.0355685)
(-0.0114508 0.0170998 0.0355922)
(-0.0117357 0.0159282 0.0332676)
(-0.010892 0.015883 0.0322308)
(-0.010469 0.0156622 0.0311514)
(-0.010025 0.0159008 0.031226)
(-0.0108162 0.0149537 0.0315449)
(-0.0117092 0.0157555 0.032941)
)
;
    }
    INLET
    {
        type            calculated;
        value           nonuniform 0();
    }
    OUTLET
    {
        type            calculated;
        value           nonuniform 0();
    }
    procBoundary17to14
    {
        type            processor;
        value           uniform (0 0 0);
    }
    procBoundary17to16
    {
        type            processor;
        value           uniform (0 0 0);
    }
}


// ************************************************************************* //
