/*--------------------------------*- C++ -*----------------------------------*\
| =========                 |                                                 |
| \\      /  F ield         | OpenFOAM: The Open Source CFD Toolbox           |
|  \\    /   O peration     | Version:  v1612+                                |
|   \\  /    A nd           | Web:      www.OpenFOAM.com                      |
|    \\/     M anipulation  |                                                 |
\*---------------------------------------------------------------------------*/
FoamFile
{
    version     2.0;
    format      ascii;
    class       volVectorField;
    location    "50";
    object      wallShearStress;
}
// * * * * * * * * * * * * * * * * * * * * * * * * * * * * * * * * * * * * * //

dimensions      [0 2 -2 0 0 0 0];

internalField   uniform (0 0 0);

boundaryField
{
    WALL
    {
        type            calculated;
        value           nonuniform List<vector> 
1698
(
(0.00541522 -0.0103931 0.00429449)
(0.00514118 -0.00985655 0.00408418)
(0.0048918 -0.0106059 0.00476345)
(0.00515327 -0.0107811 0.00450509)
(0.00494448 -0.00992229 0.00419427)
(0.0051155 -0.0101299 0.00415227)
(0.00476066 -0.00964786 0.00435752)
(0.00485253 -0.00993982 0.00373131)
(0.00511323 -0.0103229 0.00441108)
(0.00498357 -0.0098997 0.00399947)
(0.00494663 -0.00995979 0.0041696)
(0.00511931 -0.010168 0.00400952)
(0.0052895 -0.0107922 0.00478745)
(0.00491351 -0.0107193 0.00487374)
(0.00465149 -0.00958052 0.00410615)
(0.00489982 -0.0100794 0.00430273)
(0.00485371 -0.00983352 0.00416133)
(0.00523064 -0.00990049 0.00406507)
(0.00516089 -0.010074 0.00416613)
(0.0052205 -0.00972145 0.00388349)
(0.00462921 -0.0106372 0.00397323)
(0.00491678 -0.0102496 0.00411432)
(0.00467382 -0.0101636 0.00435031)
(0.0049904 -0.010229 0.00434791)
(0.00477055 -0.009874 0.00447075)
(0.00473083 -0.00983677 0.00431749)
(0.00546612 -0.0101674 0.00453368)
(0.00540018 -0.0104188 0.00445244)
(0.00473272 -0.00974909 0.00423277)
(0.00477587 -0.00976987 0.00425722)
(0.00520142 -0.0102442 0.00426136)
(0.00538294 -0.0101603 0.00415583)
(0.00526867 -0.0106816 0.00438158)
(0.00481465 -0.010487 0.00480413)
(0.0046167 -0.0099103 0.00429805)
(0.0043857 -0.00976172 0.0044211)
(0.00501108 -0.00964622 0.0039976)
(0.00515162 -0.0105931 0.00461629)
(0.00518338 -0.010538 0.00426129)
(0.0052443 -0.010474 0.00438734)
(0.00498015 -0.00983807 0.00395273)
(0.00506181 -0.0102692 0.00439771)
(0.00484681 -0.0106898 0.00460914)
(0.00480574 -0.0106322 0.00476805)
(0.00501684 -0.0109392 0.00474195)
(0.00548893 -0.0107417 0.00437651)
(0.00548729 -0.0106436 0.00399645)
(0.00488039 -0.00995151 0.00437691)
(0.00525485 -0.0105104 0.00461544)
(0.00544734 -0.0110485 0.00462971)
(0.00501685 -0.010246 0.00438905)
(0.00456097 -0.00961148 0.00416619)
(0.0051369 -0.0101216 0.0042249)
(0.00491022 -0.00984293 0.00405368)
(0.00498149 -0.00991591 0.0042778)
(0.00481099 -0.0102227 0.00441115)
(0.0047231 -0.00948077 0.00398393)
(0.00526754 -0.00997403 0.00412666)
(0.0048887 -0.0102142 0.00436642)
(0.00490418 -0.00985327 0.00405612)
(0.00515403 -0.0104912 0.00426345)
(0.00544966 -0.0107751 0.00445974)
(0.00503726 -0.0106634 0.00431784)
(0.00511367 -0.0107191 0.00435801)
(0.0050305 -0.0101095 0.00452105)
(0.00500478 -0.0102303 0.00431332)
(0.00514981 -0.0103756 0.00474384)
(0.00536073 -0.0106571 0.00502815)
(0.0048866 -0.00989714 0.00425412)
(0.00507844 -0.0101727 0.00421592)
(0.00529519 -0.0106957 0.00449416)
(0.005266 -0.0104438 0.00413069)
(0.00514547 -0.0103061 0.0041633)
(0.00536542 -0.0106935 0.00440762)
(0.00550442 -0.0112423 0.0047374)
(0.00550405 -0.0107735 0.0042963)
(0.00539718 -0.00989733 0.0045472)
(0.00582898 -0.0111408 0.00468404)
(0.00594708 -0.0107652 0.00498945)
(0.00528083 -0.0108291 0.00433268)
(0.00545279 -0.0104466 0.00436526)
(0.00533146 -0.0110719 0.00488661)
(0.00521706 -0.0104527 0.00453192)
(0.00493497 -0.00972323 0.00417891)
(0.00473585 -0.00961989 0.00410741)
(0.00507254 -0.0101115 0.00455124)
(0.0050248 -0.0100064 0.00448023)
(0.00472612 -0.00963601 0.00418303)
(0.00597878 -0.0115291 0.00503889)
(0.0056633 -0.0118134 0.005187)
(0.00626267 -0.0119173 0.00522959)
(0.0058207 -0.0115166 0.00496121)
(0.00559116 -0.011681 0.00496218)
(0.00524896 -0.0106799 0.00445005)
(0.00543879 -0.0115867 0.00442916)
(0.00577759 -0.0107783 0.00482108)
(0.0054242 -0.0114468 0.00466896)
(0.0061045 -0.0108296 0.00522806)
(0.00515734 -0.0104264 0.00440436)
(0.00573694 -0.0108592 0.00462831)
(0.00516308 -0.0102881 0.00421759)
(0.00509252 -0.0098672 0.00399009)
(0.00493228 -0.010073 0.0042785)
(0.00525936 -0.00981133 0.00406389)
(0.00472282 -0.00982972 0.00427728)
(0.00496087 -0.00998046 0.00411985)
(0.00482523 -0.00972261 0.00438804)
(0.00544026 -0.0112013 0.00476244)
(0.00525789 -0.010924 0.00475083)
(0.00536063 -0.0110545 0.00433918)
(0.00531289 -0.0109423 0.00446371)
(0.00561963 -0.0111358 0.00463613)
(0.00471891 -0.00975432 0.00413428)
(0.004918 -0.00975503 0.00409904)
(0.00503263 -0.0101392 0.00414833)
(0.0049806 -0.00990868 0.00397592)
(0.00461548 -0.00928715 0.00404574)
(0.00484894 -0.00954444 0.00434947)
(0.00493466 -0.00971552 0.0041909)
(0.00515652 -0.0100779 0.0042619)
(0.00494035 -0.00971489 0.00407114)
(0.00517104 -0.0104221 0.00485658)
(0.00483616 -0.00962038 0.00443857)
(0.00584905 -0.0105879 0.00516139)
(0.00616584 -0.0111542 0.00534227)
(0.00593016 -0.0108013 0.00519938)
(0.00573121 -0.0103869 0.00503523)
(0.00554505 -0.0103014 0.00464708)
(0.00504386 -0.0101627 0.00405197)
(0.00496331 -0.0100805 0.00405719)
(0.00520848 -0.0102972 0.0043107)
(0.00498705 -0.00994797 0.00431112)
(0.0050086 -0.0102462 0.00394446)
(0.00490051 -0.00994025 0.00429787)
(0.00530123 -0.0101997 0.00426875)
(0.00543636 -0.0102276 0.00445061)
(0.00502922 -0.00957048 0.00417211)
(0.00486218 -0.0104883 0.00440722)
(0.0048818 -0.0102535 0.00410484)
(0.00468544 -0.00982953 0.00403798)
(0.00535803 -0.0113568 0.00484168)
(0.00487431 -0.0114253 0.00522706)
(0.00484042 -0.0103537 0.00444644)
(0.00474613 -0.0103817 0.00428078)
(0.00536526 -0.0110361 0.00482986)
(0.00453901 -0.0105793 0.00453314)
(0.0046025 -0.0114189 0.00512106)
(0.00501124 -0.0104412 0.00454959)
(0.00491846 -0.00987196 0.00405796)
(0.00511394 -0.0100391 0.00399948)
(0.00516034 -0.0103561 0.00425151)
(0.00504605 -0.0100756 0.00420591)
(0.00510516 -0.0103206 0.00414716)
(0.00505973 -0.0102265 0.00416553)
(0.00502696 -0.0101647 0.00429681)
(0.00505653 -0.0103039 0.00437366)
(0.00516261 -0.0104905 0.00460292)
(0.00499967 -0.0103289 0.00420991)
(0.0048426 -0.00976888 0.00404027)
(0.00503236 -0.0101821 0.00433856)
(0.00596587 -0.011315 0.00450284)
(0.00555132 -0.0109852 0.00475857)
(0.00508492 -0.0104315 0.00458461)
(0.00508412 -0.0103359 0.00481777)
(0.00574848 -0.0115277 0.00477112)
(0.00557474 -0.0109883 0.00440393)
(0.00514189 -0.0100874 0.00409753)
(0.00505944 -0.0100992 0.00407351)
(0.0052446 -0.0102818 0.00424495)
(0.00528772 -0.0103837 0.00431702)
(0.00526105 -0.0102523 0.00418426)
(0.0052796 -0.0101006 0.00421697)
(0.00533418 -0.0101399 0.0041128)
(0.00511895 -0.010441 0.00414064)
(0.00543898 -0.0108622 0.00459243)
(0.00558598 -0.0108646 0.00414036)
(0.00498666 -0.0107721 0.00464759)
(0.00537123 -0.0109047 0.00455886)
(0.00503862 -0.0102387 0.00420078)
(0.00570943 -0.0110344 0.00456645)
(0.00523041 -0.0108996 0.00469159)
(0.00564602 -0.0106684 0.00436677)
(0.0053806 -0.0105166 0.00437251)
(0.00519012 -0.0105332 0.00440864)
(0.00538742 -0.0100004 0.00392798)
(0.00534903 -0.0100213 0.00387715)
(0.00531826 -0.00997506 0.00396102)
(0.00524046 -0.0101659 0.0040259)
(0.00534747 -0.0105276 0.00425905)
(0.00530089 -0.0101705 0.0041932)
(0.00446658 -0.00917789 0.00384714)
(0.00504026 -0.0106698 0.00441669)
(0.00477975 -0.00964131 0.00384992)
(0.00505045 -0.0103387 0.00436431)
(0.005267 -0.0099258 0.0041337)
(0.00517476 -0.00974376 0.00391138)
(0.00529811 -0.0100972 0.00417975)
(0.00506305 -0.0105754 0.0045797)
(0.00506079 -0.0100224 0.0041895)
(0.0051823 -0.0103726 0.00432289)
(0.00520263 -0.0103674 0.00440739)
(0.00544591 -0.0109167 0.00465941)
(0.00503975 -0.0106447 0.00422471)
(0.00505485 -0.0104525 0.00427758)
(0.00546086 -0.0107449 0.00465343)
(0.00506826 -0.0101636 0.00426642)
(0.00477822 -0.0110495 0.00458629)
(0.00578726 -0.0114016 0.00498042)
(0.00574771 -0.0107284 0.00465296)
(0.00577664 -0.0104248 0.00445785)
(0.00560664 -0.011251 0.0045916)
(0.00500974 -0.0106528 0.00422729)
(0.00514067 -0.0104391 0.00432491)
(0.00555928 -0.0101409 0.00428705)
(0.00530305 -0.0102147 0.00417496)
(0.00548765 -0.0101129 0.00428181)
(0.00545011 -0.0105478 0.00448968)
(0.00584966 -0.0105349 0.00448011)
(0.00582548 -0.0106736 0.00469413)
(0.00592809 -0.0106554 0.00484763)
(0.00537863 -0.0101053 0.00435489)
(0.00520734 -0.010318 0.00443684)
(0.00533659 -0.0105459 0.00436174)
(0.00540508 -0.0102028 0.00451782)
(0.00499623 -0.0101059 0.00420767)
(0.00540573 -0.0103444 0.00445845)
(0.00511322 -0.0100222 0.00441926)
(0.0053599 -0.00995785 0.004502)
(0.00531541 -0.0100007 0.00451401)
(0.00553206 -0.0102505 0.00457807)
(0.00499869 -0.0104164 0.00410649)
(0.00535652 -0.0102143 0.00452104)
(0.00539227 -0.0102518 0.0045234)
(0.00537756 -0.0104233 0.00438609)
(0.00482547 -0.00989035 0.00422386)
(0.0053793 -0.0104169 0.00428667)
(0.0053181 -0.00989815 0.00441834)
(0.00502972 -0.00974448 0.00427806)
(0.00477216 -0.00966868 0.00386989)
(0.00463864 -0.00994658 0.00392368)
(0.00489521 -0.0100125 0.00391)
(0.00503652 -0.0101254 0.00413665)
(0.00483236 -0.00980219 0.00411102)
(0.00467637 -0.010456 0.00388569)
(0.0053702 -0.00994506 0.00448366)
(0.0056089 -0.0106079 0.00450707)
(0.00489978 -0.00999166 0.00411938)
(0.00524283 -0.0104294 0.0045468)
(0.00535101 -0.0100318 0.00445116)
(0.00512372 -0.00971391 0.00458318)
(0.00516208 -0.0105481 0.00447522)
(0.00539192 -0.00981703 0.00472434)
(0.00466617 -0.00955631 0.00403113)
(0.00507108 -0.0101724 0.00429746)
(0.00580994 -0.0102517 0.00500331)
(0.00495973 -0.0098947 0.00429844)
(0.00511375 -0.00999749 0.00449737)
(0.00506927 -0.00997374 0.0044147)
(0.00538416 -0.010171 0.00459274)
(0.00498208 -0.00969998 0.00438622)
(0.00497242 -0.0097561 0.00447905)
(0.00603598 -0.0109338 0.00516088)
(0.00478435 -0.0097494 0.00421419)
(0.00580201 -0.0103207 0.00506184)
(0.0054619 -0.010051 0.00494044)
(0.0053458 -0.0109513 0.00461878)
(0.00484101 -0.00977458 0.00418304)
(0.00469095 -0.00975596 0.00417264)
(0.00470331 -0.0100799 0.00435752)
(0.00481506 -0.0100889 0.00424075)
(0.00494461 -0.0102874 0.0043048)
(0.00488187 -0.0100459 0.00411903)
(0.00471122 -0.00942068 0.00401092)
(0.00461751 -0.0101408 0.00438653)
(0.00456444 -0.00995253 0.00416378)
(0.00533207 -0.0102827 0.00434003)
(0.00501001 -0.0107178 0.00451244)
(0.00495962 -0.00988658 0.00412004)
(0.0047729 -0.0100347 0.00415244)
(0.00499335 -0.0100663 0.00412687)
(0.00478926 -0.0101485 0.00423024)
(0.00472855 -0.00985005 0.00427695)
(0.00449424 -0.0101471 0.00442082)
(0.00453566 -0.00998843 0.00444678)
(0.00477128 -0.00992162 0.00432444)
(0.00442064 -0.00938022 0.00406647)
(0.00537213 -0.0101922 0.00380177)
(0.00466124 -0.0095345 0.00428043)
(0.00515862 -0.00996914 0.0039985)
(0.00478681 -0.00958046 0.00397835)
(0.00460124 -0.00980309 0.00432501)
(0.00509641 -0.0104024 0.00435691)
(0.0051302 -0.0104641 0.00427596)
(0.00487865 -0.00992892 0.0042303)
(0.00482246 -0.0099923 0.00449902)
(0.00486805 -0.0101387 0.00446405)
(0.00475744 -0.00991463 0.00440763)
(0.00489866 -0.00999032 0.0042939)
(0.00551315 -0.0108387 0.00505492)
(0.00559556 -0.0108417 0.00505543)
(0.00577084 -0.0114652 0.00521328)
(0.00524546 -0.010267 0.00460744)
(0.00535483 -0.0109818 0.00475264)
(0.00543706 -0.0109928 0.00479386)
(0.00495556 -0.0100469 0.00416926)
(0.00543039 -0.0100977 0.00467632)
(0.00547614 -0.0106669 0.00448736)
(0.00502564 -0.00966469 0.00431155)
(0.00515766 -0.010495 0.00449826)
(0.00503981 -0.00996594 0.00472847)
(0.00520639 -0.0102352 0.00423661)
(0.00490166 -0.0104937 0.00438569)
(0.0052849 -0.0108964 0.00442151)
(0.00501551 -0.0107692 0.00449672)
(0.00525154 -0.0104876 0.00428157)
(0.0051586 -0.0109728 0.00463007)
(0.00500281 -0.010245 0.00429015)
(0.00499021 -0.0100368 0.00433614)
(0.00490626 -0.0099562 0.004571)
(0.0051845 -0.0102913 0.00436361)
(0.00513174 -0.010477 0.00440656)
(0.00482039 -0.00934177 0.00427012)
(0.00502952 -0.00953486 0.00402654)
(0.00509472 -0.0106084 0.0045782)
(0.00517697 -0.0100432 0.00423344)
(0.00534293 -0.0101843 0.00394932)
(0.00526084 -0.01014 0.00416526)
(0.00536926 -0.0102658 0.00429666)
(0.00472902 -0.00948937 0.00432278)
(0.00476768 -0.00952387 0.00423234)
(0.00493837 -0.00993961 0.00434501)
(0.00496758 -0.00988498 0.00430357)
(0.00480075 -0.00959773 0.00420662)
(0.00489858 -0.00983236 0.00436356)
(0.0048091 -0.00977942 0.0040008)
(0.00500704 -0.0101385 0.00406144)
(0.00448899 -0.00945153 0.00406157)
(0.00465273 -0.00961641 0.00421934)
(0.0047552 -0.00985283 0.00418236)
(0.00496605 -0.0100914 0.00411025)
(0.00515279 -0.00989381 0.00377017)
(0.00525232 -0.0104616 0.00425053)
(0.00519081 -0.0103185 0.00425135)
(0.00539205 -0.0103057 0.00416578)
(0.00501934 -0.00990639 0.00396821)
(0.00467339 -0.00979659 0.00431947)
(0.00498911 -0.010109 0.00424635)
(0.00475853 -0.00933368 0.00404271)
(0.00469725 -0.00953587 0.00410229)
(0.00474395 -0.00988625 0.0041066)
(0.00465335 -0.00940057 0.00414141)
(0.00507208 -0.009947 0.00409924)
(0.00468406 -0.0097246 0.00435117)
(0.00495202 -0.00971435 0.0039908)
(0.00494355 -0.00999275 0.00397658)
(0.00547045 -0.0106226 0.00424431)
(0.00513552 -0.0101588 0.00393064)
(0.00518899 -0.0101517 0.00440232)
(0.00504283 -0.0100062 0.00390334)
(0.00506548 -0.0101139 0.00395346)
(0.00489702 -0.00981111 0.00405044)
(0.00503407 -0.0100727 0.00400305)
(0.00518531 -0.0102616 0.00382857)
(0.00506131 -0.0100871 0.00394667)
(0.00506917 -0.00995023 0.00379967)
(0.00529304 -0.0103407 0.00419825)
(0.00493493 -0.00946368 0.00425374)
(0.00455389 -0.0103347 0.00401066)
(0.00532297 -0.0115117 0.0050258)
(0.00485251 -0.0101206 0.00437683)
(0.00548227 -0.0111119 0.0043342)
(0.0052412 -0.0101079 0.00436668)
(0.00522257 -0.0106824 0.00438676)
(0.00513336 -0.0106526 0.00450877)
(0.00554979 -0.0110006 0.00457933)
(0.00492339 -0.0104567 0.00446311)
(0.00565445 -0.0114132 0.00471261)
(0.00538162 -0.0111172 0.00460374)
(0.00534937 -0.0100341 0.00417454)
(0.00535604 -0.0101095 0.00402266)
(0.00520681 -0.0103712 0.0042653)
(0.005557 -0.0107862 0.0044503)
(0.00518524 -0.0105309 0.00427786)
(0.00474808 -0.00999797 0.00427641)
(0.00476279 -0.00985843 0.00431138)
(0.00492468 -0.00976727 0.00416595)
(0.00490537 -0.0100955 0.00431304)
(0.00476126 -0.0095456 0.00408045)
(0.00482649 -0.00977328 0.00419636)
(0.0046286 -0.00963044 0.00421646)
(0.00505269 -0.0101568 0.00420442)
(0.00496913 -0.0099861 0.00418333)
(0.00507231 -0.0106574 0.00436417)
(0.00525829 -0.010549 0.00438301)
(0.00488911 -0.0103053 0.00442934)
(0.00547775 -0.0107245 0.00451531)
(0.00483992 -0.0100093 0.00428529)
(0.00498441 -0.0101058 0.0043574)
(0.00522839 -0.0104057 0.00442882)
(0.00493515 -0.0100865 0.00443835)
(0.00486431 -0.00988244 0.00425521)
(0.00496206 -0.0100184 0.00432667)
(0.0052604 -0.0105373 0.00425192)
(0.00507743 -0.0104444 0.00431425)
(0.00514413 -0.0103208 0.00431323)
(0.00509358 -0.0102291 0.0043071)
(0.00524034 -0.0104514 0.00440694)
(0.00513792 -0.00980299 0.00405295)
(0.00519767 -0.00999226 0.00439415)
(0.00524001 -0.0101573 0.00434069)
(0.00486854 -0.00988568 0.00420584)
(0.0054045 -0.010225 0.00433075)
(0.00492107 -0.010116 0.00437865)
(0.00579982 -0.010435 0.00455688)
(0.00482246 -0.00981156 0.00411047)
(0.00491574 -0.00984462 0.00428863)
(0.00481113 -0.00966305 0.00419042)
(0.00491277 -0.00996679 0.00406168)
(0.00486826 -0.00970767 0.0040721)
(0.00494839 -0.00998433 0.00432225)
(0.00520968 -0.0108821 0.00432586)
(0.00489317 -0.0101011 0.00441689)
(0.00524703 -0.0103669 0.00400988)
(0.0049582 -0.00950007 0.00424028)
(0.00552865 -0.0104748 0.00457455)
(0.00523215 -0.0106603 0.0047034)
(0.00518932 -0.0106527 0.00452354)
(0.0053811 -0.010206 0.00444692)
(0.00489862 -0.00942745 0.00416564)
(0.00480539 -0.00994223 0.00419553)
(0.00520171 -0.0107967 0.00464181)
(0.00539313 -0.0105421 0.00417716)
(0.00480269 -0.00980676 0.00400721)
(0.00489252 -0.00943957 0.00409838)
(0.00495198 -0.00991889 0.00426313)
(0.00499384 -0.00985845 0.00409674)
(0.00494393 -0.0098005 0.00392953)
(0.00484374 -0.0100751 0.00424487)
(0.00531677 -0.0109316 0.0046321)
(0.005526 -0.0111497 0.00445216)
(0.00611009 -0.0114632 0.00503802)
(0.0057628 -0.0113664 0.00480611)
(0.00525334 -0.0104443 0.00446921)
(0.00510941 -0.0102385 0.00422274)
(0.0052258 -0.0108786 0.00470786)
(0.00570977 -0.0107624 0.0045522)
(0.0054757 -0.0103454 0.00434446)
(0.00602119 -0.0107832 0.00476192)
(0.00535387 -0.0103462 0.00445265)
(0.00498538 -0.00982777 0.0040872)
(0.00586199 -0.0120623 0.0051766)
(0.00514394 -0.0108036 0.0043484)
(0.00521429 -0.0118407 0.0048539)
(0.00631686 -0.0115217 0.00541996)
(0.00580866 -0.0121523 0.00530006)
(0.0051965 -0.011799 0.00465959)
(0.005102 -0.0111356 0.00453416)
(0.0052815 -0.0114561 0.00482865)
(0.00546326 -0.0116248 0.00477267)
(0.00486165 -0.0113394 0.00472793)
(0.00549793 -0.0115877 0.00492641)
(0.00582937 -0.0112724 0.00483127)
(0.00632194 -0.0119999 0.00524466)
(0.0060005 -0.0116581 0.00489241)
(0.00543696 -0.0115825 0.00444069)
(0.00586861 -0.0115139 0.00505236)
(0.00500865 -0.0108819 0.00442451)
(0.00480771 -0.00995025 0.00425992)
(0.00488789 -0.0100264 0.00424223)
(0.00481797 -0.00995425 0.00415481)
(0.00519823 -0.00988459 0.00406103)
(0.00510827 -0.0104338 0.00440797)
(0.00493248 -0.00974912 0.00389226)
(0.00533891 -0.010147 0.00427103)
(0.005883 -0.0107677 0.00487415)
(0.00517597 -0.00954293 0.00445905)
(0.00519845 -0.0100023 0.00453904)
(0.00527577 -0.0102694 0.00438592)
(0.00551513 -0.0100643 0.00469542)
(0.00509467 -0.00957614 0.00432004)
(0.00495926 -0.0101497 0.00432489)
(0.00515575 -0.0103298 0.00435082)
(0.00498538 -0.0100529 0.00432143)
(0.00522465 -0.0104079 0.00436708)
(0.00490693 -0.00975321 0.00414115)
(0.00489282 -0.0102522 0.00421429)
(0.00543681 -0.0100066 0.00422531)
(0.00510448 -0.0101508 0.00423465)
(0.00549451 -0.0106919 0.00460937)
(0.00519422 -0.011015 0.00469415)
(0.00502953 -0.0103431 0.00415814)
(0.00532111 -0.0101504 0.00450669)
(0.00504129 -0.0112789 0.00421911)
(0.00576634 -0.0113958 0.00452921)
(0.00521882 -0.0102383 0.00415247)
(0.00575067 -0.0108967 0.00461099)
(0.0047532 -0.010449 0.0039565)
(0.00556403 -0.0106672 0.00457994)
(0.00517154 -0.0107217 0.00420403)
(0.00482743 -0.00987515 0.00400829)
(0.00499466 -0.010585 0.00479322)
(0.0049074 -0.0105481 0.00465799)
(0.00495773 -0.0107043 0.00460586)
(0.00504735 -0.0106158 0.00460386)
(0.00517921 -0.0107785 0.00450133)
(0.00498263 -0.0108885 0.00468267)
(0.00510182 -0.0105015 0.00439401)
(0.00522239 -0.0106187 0.00438915)
(0.00548632 -0.0107659 0.00471788)
(0.00543125 -0.010069 0.00427039)
(0.00537369 -0.0104383 0.00447238)
(0.0056359 -0.00999213 0.00469126)
(0.00639743 -0.0113707 0.00516314)
(0.00512859 -0.00986477 0.00429752)
(0.00532265 -0.0100418 0.00459509)
(0.00534253 -0.0100453 0.00446097)
(0.00510726 -0.0104639 0.00429166)
(0.00525038 -0.010526 0.00427274)
(0.00557512 -0.0103769 0.00473807)
(0.00508482 -0.00995467 0.00415325)
(0.00490485 -0.00993756 0.00437136)
(0.00477046 -0.00964244 0.00423072)
(0.0047559 -0.00970605 0.00400784)
(0.00493456 -0.00984995 0.00395854)
(0.00478414 -0.0097749 0.00417586)
(0.00481764 -0.00982531 0.00422572)
(0.00448635 -0.00912831 0.00434583)
(0.00449192 -0.00898906 0.00405887)
(0.00463339 -0.00931077 0.0042553)
(0.0048721 -0.00967924 0.00430215)
(0.00465977 -0.00965332 0.00446802)
(0.00488037 -0.0105761 0.00486185)
(0.00453608 -0.0100542 0.00481609)
(0.00474859 -0.00985333 0.00429485)
(0.00497539 -0.0102664 0.00463771)
(0.00493233 -0.0103063 0.0046712)
(0.00493085 -0.0102377 0.00481808)
(0.00473833 -0.0100845 0.00444397)
(0.00478635 -0.0101216 0.00443892)
(0.00481404 -0.0102539 0.0044551)
(0.00474122 -0.0104356 0.00461081)
(0.00484977 -0.0100733 0.00437397)
(0.00500805 -0.0100087 0.00459062)
(0.00483307 -0.00994177 0.00484309)
(0.00487009 -0.0100042 0.00468051)
(0.00488021 -0.00987394 0.00439468)
(0.00497223 -0.0100902 0.00470647)
(0.00500356 -0.0101385 0.00475804)
(0.00541337 -0.0106075 0.00456837)
(0.00470169 -0.00965622 0.00439547)
(0.00504157 -0.00981954 0.00453967)
(0.00486002 -0.00966254 0.00440108)
(0.00470984 -0.00939736 0.00432812)
(0.00504023 -0.00988935 0.00467842)
(0.00536813 -0.0106028 0.00486831)
(0.00501522 -0.0104971 0.00480418)
(0.00502286 -0.0101482 0.00450192)
(0.00495956 -0.0099772 0.00464291)
(0.00512279 -0.0104015 0.00424174)
(0.00531478 -0.0107712 0.00461494)
(0.00503792 -0.0103099 0.00461646)
(0.00501099 -0.0102763 0.00439572)
(0.00496652 -0.010223 0.00462406)
(0.00512933 -0.0105848 0.00440076)
(0.00510581 -0.0100168 0.00451053)
(0.00471191 -0.00941167 0.00384874)
(0.0050075 -0.00987757 0.00399562)
(0.00521049 -0.0105425 0.00402808)
(0.00480573 -0.00953256 0.00430236)
(0.00494086 -0.00972032 0.00411431)
(0.00550678 -0.0109155 0.00465914)
(0.00484981 -0.00986776 0.0042692)
(0.00516891 -0.0102164 0.00452129)
(0.00532394 -0.0101993 0.00415892)
(0.00476731 -0.00996836 0.0043991)
(0.00491456 -0.00991472 0.00413823)
(0.00473671 -0.0100049 0.00378464)
(0.00534359 -0.0103727 0.00451537)
(0.00483288 -0.0102329 0.00404747)
(0.00452657 -0.00952304 0.00371177)
(0.00552487 -0.010487 0.00477014)
(0.00501747 -0.010136 0.00429748)
(0.00507469 -0.0098362 0.00418642)
(0.00520208 -0.0101164 0.00427541)
(0.00516678 -0.0105554 0.00432922)
(0.00525742 -0.0104665 0.00442547)
(0.00501845 -0.00964168 0.00412703)
(0.00490071 -0.00998878 0.00421504)
(0.00488787 -0.00964027 0.00432994)
(0.00522396 -0.0104197 0.00428493)
(0.00485853 -0.00962281 0.00432828)
(0.00502829 -0.0102188 0.00424384)
(0.00540983 -0.0109128 0.00453045)
(0.00487913 -0.009908 0.00440238)
(0.00528215 -0.00998043 0.00445695)
(0.00522433 -0.00987705 0.00444959)
(0.00522891 -0.0100613 0.00427674)
(0.00477861 -0.00937699 0.00394024)
(0.00496013 -0.0100976 0.00411315)
(0.00503042 -0.00996935 0.0038876)
(0.00537319 -0.0103371 0.00440936)
(0.00496647 -0.00998221 0.00413751)
(0.00530104 -0.00967537 0.00464449)
(0.00453575 -0.00934597 0.00392836)
(0.0055357 -0.0103477 0.00473063)
(0.00517755 -0.0104476 0.00437257)
(0.0056076 -0.0103792 0.00457554)
(0.0049591 -0.00986148 0.00405133)
(0.00538671 -0.00977939 0.00431871)
(0.00520618 -0.0093354 0.00408393)
(0.00555001 -0.010117 0.00451127)
(0.005474 -0.0101843 0.00430434)
(0.00478471 -0.0097845 0.00413819)
(0.00529408 -0.0102427 0.00468351)
(0.00526862 -0.0104903 0.00465911)
(0.00469139 -0.0100158 0.00377574)
(0.00460144 -0.0100674 0.00374681)
(0.00486833 -0.010421 0.00462251)
(0.00486469 -0.0104582 0.00467402)
(0.00491904 -0.0105117 0.00448414)
(0.00503787 -0.010207 0.00438414)
(0.00502625 -0.0107096 0.00453269)
(0.005143 -0.0103537 0.00431346)
(0.0051617 -0.00976618 0.00401493)
(0.00500794 -0.00999761 0.0040854)
(0.00504938 -0.00960628 0.00395282)
(0.00516325 -0.00979269 0.0040113)
(0.00476745 -0.00986876 0.00412016)
(0.00518223 -0.0100275 0.00400737)
(0.00502142 -0.00976946 0.00403895)
(0.00519244 -0.00983761 0.00387377)
(0.00480118 -0.00980827 0.00404655)
(0.00468855 -0.00958576 0.00405276)
(0.005075 -0.0104491 0.00429938)
(0.00529233 -0.0103264 0.00433262)
(0.00526379 -0.0100003 0.00426019)
(0.00512393 -0.0100572 0.00419589)
(0.00509072 -0.0100962 0.00431845)
(0.00516146 -0.0100514 0.00430672)
(0.00546514 -0.0105687 0.00451589)
(0.00530577 -0.0110456 0.00458536)
(0.00552726 -0.0111299 0.00499864)
(0.00531028 -0.0106325 0.00483813)
(0.00493325 -0.0102901 0.00456655)
(0.00529742 -0.0107216 0.0049158)
(0.00524972 -0.0108889 0.0046895)
(0.00518864 -0.010195 0.00407858)
(0.00515496 -0.0103597 0.00413378)
(0.00526734 -0.0103584 0.00417858)
(0.00525089 -0.0102433 0.00405004)
(0.0050882 -0.0103371 0.00409022)
(0.00531301 -0.0104846 0.00418683)
(0.00559675 -0.0108476 0.00434642)
(0.00553754 -0.0104305 0.00496465)
(0.00525261 -0.0101369 0.00458268)
(0.00506749 -0.0100771 0.00404366)
(0.0046083 -0.00918561 0.00387315)
(0.00547681 -0.0107959 0.00493163)
(0.00506812 -0.0106492 0.00412678)
(0.00560235 -0.0109741 0.00444263)
(0.00548157 -0.0107945 0.0041574)
(0.00507274 -0.0102314 0.00395799)
(0.00469228 -0.00965937 0.00392138)
(0.0049889 -0.010259 0.00418646)
(0.00503174 -0.0100721 0.00434894)
(0.00506497 -0.010144 0.00411944)
(0.00522205 -0.0105326 0.00400147)
(0.0049264 -0.0101108 0.0040656)
(0.00503198 -0.0102557 0.00400964)
(0.00506811 -0.0101016 0.00436478)
(0.00526798 -0.0102621 0.00411082)
(0.00520318 -0.00983399 0.00368977)
(0.00495559 -0.0101754 0.00434019)
(0.00506651 -0.0100453 0.00406234)
(0.00512388 -0.0103054 0.00421384)
(0.00528609 -0.0102414 0.00419531)
(0.00508198 -0.00964907 0.00369093)
(0.00522642 -0.0101736 0.00406262)
(0.00504757 -0.0101309 0.00466047)
(0.00514567 -0.0103453 0.00467922)
(0.00500941 -0.0100221 0.00436894)
(0.00494717 -0.00987779 0.00467402)
(0.00531595 -0.0102075 0.00488214)
(0.00503233 -0.0100218 0.00466492)
(0.00488455 -0.0100991 0.00460475)
(0.00485605 -0.0100599 0.00462565)
(0.00505137 -0.01028 0.0045129)
(0.00489447 -0.0101348 0.00458649)
(0.00487141 -0.0100508 0.00450928)
(0.00480928 -0.0099836 0.00452813)
(0.0049393 -0.00999219 0.00428892)
(0.00504312 -0.0101807 0.00456223)
(0.0048678 -0.0102337 0.00457097)
(0.00487113 -0.00991062 0.00457146)
(0.0050573 -0.0104856 0.00466547)
(0.00502374 -0.0101693 0.00452965)
(0.00483696 -0.00972431 0.00465568)
(0.00498394 -0.0105152 0.00490752)
(0.00540154 -0.0111039 0.00460772)
(0.00504837 -0.0109273 0.00470072)
(0.00538492 -0.0116438 0.00497863)
(0.0048982 -0.00967906 0.00382365)
(0.00489168 -0.00968669 0.0038526)
(0.00469778 -0.00948542 0.00405747)
(0.00494676 -0.0100618 0.00424494)
(0.00473443 -0.0095928 0.00406104)
(0.00481283 -0.00970571 0.0040641)
(0.00469691 -0.00942617 0.00408284)
(0.00487873 -0.00952626 0.00398155)
(0.00520288 -0.0112247 0.0044734)
(0.00507646 -0.0108946 0.00432864)
(0.00586912 -0.0105852 0.00436716)
(0.00523867 -0.0109351 0.00440634)
(0.005307 -0.0107753 0.00458966)
(0.0051441 -0.0103318 0.00453231)
(0.00515596 -0.0105743 0.00440112)
(0.00514183 -0.010802 0.00449668)
(0.00466352 -0.00978025 0.00392086)
(0.0052376 -0.0108154 0.00420697)
(0.00543823 -0.0108596 0.00445402)
(0.00514167 -0.0103948 0.00418913)
(0.0045263 -0.0101646 0.00393284)
(0.00530617 -0.0106864 0.00453494)
(0.00511821 -0.0106174 0.00428935)
(0.00433072 -0.0100227 0.00371826)
(0.00478118 -0.0106394 0.0037848)
(0.00486093 -0.0103196 0.00421343)
(0.00545843 -0.0106977 0.00458303)
(0.00515839 -0.0101416 0.00426636)
(0.00534066 -0.0107391 0.00482162)
(0.00514883 -0.0100856 0.00428786)
(0.00581738 -0.0113243 0.00448975)
(0.00546426 -0.0111536 0.00464573)
(0.00540796 -0.0104453 0.0044457)
(0.00565287 -0.0106647 0.00495052)
(0.00592576 -0.0111097 0.00528076)
(0.00599596 -0.0116868 0.00498777)
(0.00559603 -0.0108063 0.00445582)
(0.00514117 -0.0100329 0.00429237)
(0.00495758 -0.00968165 0.0040767)
(0.00524398 -0.00984873 0.00409205)
(0.00536692 -0.0107889 0.00430452)
(0.00501095 -0.00977287 0.00402493)
(0.00513051 -0.0100862 0.00436801)
(0.00520476 -0.00987702 0.00421388)
(0.00546727 -0.0104692 0.00468422)
(0.00499603 -0.00994595 0.00440836)
(0.00494201 -0.0103538 0.00464716)
(0.00530096 -0.0102586 0.00421776)
(0.00586249 -0.0104357 0.00427083)
(0.00537797 -0.0106157 0.00420538)
(0.00548252 -0.00995307 0.00399745)
(0.00505755 -0.00995794 0.00407321)
(0.00535952 -0.0106675 0.0043537)
(0.00524452 -0.0104934 0.00431107)
(0.00545146 -0.0101682 0.00408725)
(0.00535752 -0.0103041 0.00423646)
(0.00518709 -0.00995967 0.004158)
(0.00514383 -0.00985785 0.00410918)
(0.00531196 -0.0102934 0.0042294)
(0.00535296 -0.00980285 0.00400751)
(0.00532342 -0.0101319 0.00418644)
(0.00510201 -0.00994312 0.00405214)
(0.00518744 -0.0107016 0.00449229)
(0.00488207 -0.0104964 0.00451597)
(0.0049605 -0.0103953 0.0044555)
(0.00498582 -0.0102514 0.00434778)
(0.00500415 -0.0103358 0.00444494)
(0.00541113 -0.0113502 0.00452501)
(0.00499452 -0.0108421 0.00400872)
(0.00567206 -0.0105721 0.00522264)
(0.00524214 -0.0107258 0.00458447)
(0.00526274 -0.0107516 0.00469472)
(0.00519988 -0.0103975 0.00431621)
(0.00540734 -0.0104545 0.00441655)
(0.00566385 -0.0110109 0.00487358)
(0.00498413 -0.0112268 0.00447606)
(0.00515007 -0.010689 0.00387203)
(0.00453103 -0.00977095 0.00358695)
(0.00540344 -0.0100217 0.00446194)
(0.00542086 -0.0108435 0.00461954)
(0.005092 -0.0107784 0.00421457)
(0.00597263 -0.01051 0.00460546)
(0.00564045 -0.0108753 0.00454778)
(0.00546322 -0.0106174 0.00442007)
(0.0052441 -0.0104626 0.00429125)
(0.00499147 -0.00959476 0.00407822)
(0.00581679 -0.0108548 0.00477933)
(0.00618645 -0.0107537 0.00486319)
(0.00496935 -0.00989971 0.00452099)
(0.00471936 -0.00962164 0.00439013)
(0.00509157 -0.0101178 0.00467862)
(0.00515377 -0.009932 0.00462724)
(0.00507407 -0.010279 0.004584)
(0.00467376 -0.00946536 0.00389945)
(0.00498077 -0.00986793 0.00424852)
(0.00572107 -0.0108818 0.00473604)
(0.00507751 -0.0106806 0.00399951)
(0.00517297 -0.0103477 0.00419269)
(0.00492203 -0.00963139 0.00409573)
(0.00473364 -0.00961034 0.00404982)
(0.00477311 -0.0100398 0.00442256)
(0.00541057 -0.0104888 0.0043677)
(0.00507412 -0.0101353 0.0041969)
(0.00502069 -0.00993965 0.00404601)
(0.00545208 -0.0104801 0.00411813)
(0.00499643 -0.0101498 0.0041574)
(0.00557889 -0.0104335 0.00408738)
(0.00536883 -0.0105894 0.00437531)
(0.00550003 -0.010148 0.00406932)
(0.00526443 -0.0102413 0.00404023)
(0.00527879 -0.0103124 0.00399957)
(0.0048086 -0.0098918 0.00438679)
(0.00476166 -0.00994791 0.00469046)
(0.00526093 -0.0105347 0.00457262)
(0.00488454 -0.0101219 0.00454877)
(0.00532938 -0.0108714 0.00458043)
(0.00471106 -0.00970581 0.00396825)
(0.00544723 -0.0109729 0.00457213)
(0.00549662 -0.0109754 0.00447808)
(0.00498245 -0.0102643 0.00459045)
(0.005405 -0.0108025 0.00419891)
(0.00509102 -0.0107858 0.00457253)
(0.00537227 -0.010729 0.00455151)
(0.00503879 -0.0103109 0.0043342)
(0.00488837 -0.0101161 0.00422944)
(0.00465929 -0.00960053 0.00469716)
(0.00463934 -0.00940679 0.00444477)
(0.00476369 -0.0099643 0.00465033)
(0.00491071 -0.0100483 0.00445141)
(0.00473471 -0.00953953 0.00418775)
(0.0051028 -0.0106883 0.00432258)
(0.00518776 -0.0106148 0.00474273)
(0.00556371 -0.0107034 0.00456076)
(0.0052873 -0.0106611 0.00477593)
(0.00517599 -0.0103412 0.00414365)
(0.00480053 -0.0097789 0.0044148)
(0.00529263 -0.01064 0.0046016)
(0.00532715 -0.0106872 0.004319)
(0.00523742 -0.0104129 0.0044643)
(0.0047005 -0.00986421 0.00441129)
(0.00525013 -0.0104824 0.00444082)
(0.00507002 -0.0104154 0.00433356)
(0.00498154 -0.0103762 0.00428463)
(0.00530543 -0.0107753 0.00464881)
(0.00526772 -0.010556 0.00463815)
(0.00477715 -0.00950072 0.00448954)
(0.00556282 -0.0113062 0.00468782)
(0.00537758 -0.0105668 0.00453799)
(0.00480295 -0.00949523 0.00387307)
(0.00477326 -0.00960181 0.0039588)
(0.00478075 -0.00933391 0.00398586)
(0.00470842 -0.0105231 0.00476294)
(0.00480285 -0.00954551 0.00412257)
(0.00481382 -0.00945667 0.00406855)
(0.00473762 -0.00977391 0.00439121)
(0.00483782 -0.00962894 0.0042383)
(0.00471062 -0.0105499 0.00477477)
(0.00469428 -0.00935404 0.00409571)
(0.00473461 -0.00947863 0.00404855)
(0.00446787 -0.00917924 0.00398374)
(0.00482606 -0.010183 0.00481182)
(0.00482604 -0.0100113 0.00449427)
(0.00456444 -0.009616 0.00439186)
(0.00491477 -0.010444 0.00481989)
(0.00483243 -0.0104205 0.00483433)
(0.00477142 -0.00959641 0.00434702)
(0.00507278 -0.00974835 0.00401092)
(0.00518937 -0.0104116 0.00446668)
(0.00474907 -0.00918298 0.00364226)
(0.00472133 -0.00942221 0.00420028)
(0.00462043 -0.00948361 0.00392417)
(0.00481079 -0.0096814 0.00432179)
(0.0048381 -0.00972175 0.00416893)
(0.00477154 -0.00971923 0.00425825)
(0.00485749 -0.00993204 0.00426337)
(0.0049665 -0.00987177 0.00428175)
(0.00492753 -0.0100662 0.00435258)
(0.00480808 -0.00998463 0.00437846)
(0.00519376 -0.0110332 0.00471924)
(0.00534774 -0.0101615 0.00477693)
(0.00522026 -0.0102768 0.00442227)
(0.00520255 -0.0101942 0.0046577)
(0.00551573 -0.0105916 0.00496882)
(0.00533457 -0.0106695 0.00409296)
(0.00527726 -0.0103488 0.00426991)
(0.00526512 -0.0100107 0.00463859)
(0.00534398 -0.0103114 0.00478473)
(0.00533237 -0.0102095 0.00473476)
(0.00527949 -0.0101879 0.0045589)
(0.00597337 -0.010415 0.00475372)
(0.00579626 -0.010226 0.00452703)
(0.00548304 -0.0107446 0.00437424)
(0.0050068 -0.0102507 0.00404224)
(0.00516324 -0.00989457 0.00415545)
(0.0051476 -0.00977893 0.00413723)
(0.00489309 -0.00975206 0.00413023)
(0.00497735 -0.00985456 0.00433382)
(0.00479309 -0.00974792 0.00439205)
(0.0052834 -0.0108716 0.00488812)
(0.00466292 -0.00993611 0.00460147)
(0.00471343 -0.010134 0.0048374)
(0.00483345 -0.0094992 0.00399765)
(0.00512914 -0.0104181 0.00430158)
(0.00503832 -0.0108322 0.00458577)
(0.00505362 -0.0107897 0.00451239)
(0.00544662 -0.0108856 0.00477813)
(0.00492452 -0.0103161 0.00434174)
(0.00505198 -0.0108126 0.0042732)
(0.00534371 -0.0101443 0.00433061)
(0.00500052 -0.0101649 0.00433468)
(0.00502234 -0.00976587 0.00408111)
(0.00517196 -0.0101034 0.00415167)
(0.0053864 -0.0104777 0.00445083)
(0.00484306 -0.00948316 0.00399263)
(0.00509779 -0.00986846 0.00410592)
(0.00500924 -0.00988876 0.00418539)
(0.00488315 -0.00993703 0.0041937)
(0.00522825 -0.0102186 0.00423431)
(0.00503691 -0.0101988 0.00435023)
(0.0051118 -0.0107295 0.00441834)
(0.00544592 -0.010748 0.00446731)
(0.005056 -0.00964661 0.00416033)
(0.00564244 -0.0104746 0.00443044)
(0.00501871 -0.010531 0.00441536)
(0.00512179 -0.00992804 0.00412988)
(0.00501325 -0.0104074 0.00421299)
(0.00496845 -0.00994489 0.00417612)
(0.00476507 -0.0102224 0.00416906)
(0.0049607 -0.0105724 0.00431273)
(0.00475998 -0.0102283 0.00416361)
(0.00492343 -0.0107221 0.00454007)
(0.00505303 -0.0101514 0.00414887)
(0.00478871 -0.00978321 0.00413026)
(0.00515949 -0.0103978 0.00435768)
(0.00520056 -0.00969593 0.00436727)
(0.00498054 -0.0101475 0.00423045)
(0.00493425 -0.0108322 0.00431267)
(0.00544525 -0.0108825 0.00430983)
(0.00498692 -0.0100622 0.00425314)
(0.0048035 -0.00965876 0.00405004)
(0.00497846 -0.0102007 0.00420432)
(0.00485111 -0.0100138 0.00413149)
(0.00480161 -0.0101218 0.0042655)
(0.00475665 -0.00969019 0.00419657)
(0.00525888 -0.0107007 0.00439589)
(0.00576003 -0.0114942 0.00464796)
(0.0054162 -0.0113111 0.00477153)
(0.00584569 -0.0121115 0.00514955)
(0.00642828 -0.011869 0.00546657)
(0.00582082 -0.0114717 0.00461837)
(0.0055489 -0.0109109 0.00477895)
(0.00573138 -0.0107653 0.00515)
(0.00549806 -0.010701 0.0047254)
(0.00493841 -0.00974899 0.00414804)
(0.00556194 -0.0107541 0.00462549)
(0.00561537 -0.0106054 0.00484426)
(0.00572984 -0.0120089 0.00479176)
(0.00544945 -0.0107999 0.00436138)
(0.00518692 -0.0109947 0.00449933)
(0.00494604 -0.0102315 0.00423149)
(0.00543697 -0.0116889 0.00486991)
(0.00529313 -0.0104675 0.00413726)
(0.00504756 -0.0110072 0.00480793)
(0.00470058 -0.0100546 0.00408026)
(0.00477393 -0.0109924 0.00434553)
(0.00500981 -0.00995752 0.00451823)
(0.00494144 -0.0100943 0.00422714)
(0.00467788 -0.00957488 0.00412261)
(0.00490811 -0.0100568 0.00418601)
(0.00483732 -0.00994944 0.00402003)
(0.00457845 -0.00927492 0.00399241)
(0.00477086 -0.00956354 0.00398334)
(0.00505588 -0.00998488 0.00424333)
(0.00498137 -0.0101822 0.00419288)
(0.00511188 -0.0101518 0.00468828)
(0.00580483 -0.010769 0.00501357)
(0.00518253 -0.0107139 0.00451184)
(0.00501325 -0.0105264 0.00441649)
(0.0055198 -0.0107121 0.00474011)
(0.00492177 -0.0101091 0.00433224)
(0.00534095 -0.0110448 0.00480513)
(0.00555684 -0.0103681 0.00473117)
(0.00543163 -0.0109696 0.00445599)
(0.00522317 -0.00970096 0.00414617)
(0.00530011 -0.00991442 0.00474354)
(0.00511499 -0.00970771 0.00470907)
(0.00500622 -0.0101868 0.00432851)
(0.00565519 -0.0104942 0.00488842)
(0.00504684 -0.00992913 0.00424732)
(0.00490451 -0.0093139 0.00391964)
(0.00505147 -0.00995205 0.0040994)
(0.00509404 -0.00999915 0.00427818)
(0.00529363 -0.00995188 0.00430591)
(0.00520962 -0.0098208 0.00443247)
(0.00476615 -0.0101491 0.00400892)
(0.00485549 -0.0102385 0.00398182)
(0.00574218 -0.010587 0.00475337)
(0.00495937 -0.0101782 0.00425758)
(0.00538728 -0.0105389 0.00476663)
(0.00536003 -0.0104169 0.00444861)
(0.00522431 -0.0104224 0.00433088)
(0.00497952 -0.0105572 0.00417416)
(0.00577155 -0.0105853 0.00479655)
(0.00488784 -0.00986466 0.00440273)
(0.00507822 -0.0103993 0.00451843)
(0.00537373 -0.0100491 0.00489317)
(0.00575266 -0.0107411 0.00523474)
(0.00469441 -0.0104311 0.00421147)
(0.00489756 -0.0100978 0.00404164)
(0.004951 -0.0100657 0.0045577)
(0.00504085 -0.0102119 0.00420625)
(0.00494238 -0.0101946 0.00437153)
(0.00505095 -0.0100835 0.00423697)
(0.00506907 -0.0102633 0.00437812)
(0.00551518 -0.0103132 0.00430928)
(0.00512194 -0.0101126 0.00419398)
(0.00487256 -0.0100578 0.00420982)
(0.00519528 -0.0100606 0.00430515)
(0.00539225 -0.0105504 0.00438625)
(0.00514403 -0.00993556 0.00408645)
(0.00521391 -0.0103109 0.00437592)
(0.00536182 -0.0108032 0.00452203)
(0.00516138 -0.00995408 0.00415617)
(0.00500584 -0.0101519 0.00428084)
(0.00501034 -0.0100349 0.00411444)
(0.00495252 -0.00990717 0.00419948)
(0.00507081 -0.00992944 0.00419786)
(0.00494815 -0.00997355 0.00414796)
(0.00465906 -0.00982818 0.0041863)
(0.00533817 -0.0105203 0.00453076)
(0.00515311 -0.0105078 0.00450529)
(0.00525104 -0.0105381 0.00450958)
(0.00505459 -0.0112409 0.00477426)
(0.00507305 -0.0112105 0.00468598)
(0.00530697 -0.0112339 0.00474783)
(0.00551658 -0.0108501 0.00468941)
(0.00579233 -0.0123402 0.00497969)
(0.00556609 -0.0112044 0.00474563)
(0.00554714 -0.0117544 0.00467487)
(0.00522666 -0.0105929 0.00455797)
(0.00558268 -0.010794 0.00433147)
(0.00506649 -0.0101742 0.00415532)
(0.00555244 -0.0102882 0.00445116)
(0.00530462 -0.0102617 0.00441282)
(0.00495623 -0.00991984 0.00398655)
(0.00506793 -0.0102942 0.00438829)
(0.00488588 -0.0101204 0.00380076)
(0.00484052 -0.00979777 0.00376936)
(0.00502711 -0.0102199 0.00401583)
(0.00493081 -0.00984972 0.00398568)
(0.00497578 -0.00995223 0.00405263)
(0.00537225 -0.0104261 0.00387635)
(0.00523225 -0.0101519 0.0045867)
(0.00502034 -0.010119 0.00423105)
(0.00505103 -0.010378 0.00433642)
(0.00495682 -0.0102718 0.00425766)
(0.00521864 -0.0109965 0.00420994)
(0.00520524 -0.0101121 0.00436646)
(0.00485646 -0.00994183 0.0038327)
(0.00483129 -0.00998227 0.00388698)
(0.00518137 -0.0108355 0.0044053)
(0.00508339 -0.0107977 0.00395761)
(0.005207 -0.0107111 0.00412224)
(0.00534128 -0.0108959 0.00442342)
(0.00477061 -0.0100367 0.00420661)
(0.00505936 -0.0110442 0.00428764)
(0.00519852 -0.0104012 0.00445534)
(0.00492535 -0.0103447 0.00452037)
(0.00503581 -0.0104344 0.00460544)
(0.00513511 -0.0102743 0.00440614)
(0.00503551 -0.00995809 0.0041213)
(0.00492445 -0.00992155 0.0043195)
(0.00489428 -0.0100649 0.0041699)
(0.00493489 -0.00961228 0.00388704)
(0.00481771 -0.00978623 0.00402885)
(0.00496053 -0.009894 0.00417368)
(0.004804 -0.00989926 0.00414121)
(0.00473864 -0.00959086 0.00395081)
(0.00468443 -0.00982238 0.00423638)
(0.00464559 -0.00941739 0.00396054)
(0.00483456 -0.009572 0.00394988)
(0.00459798 -0.00967336 0.00410031)
(0.00488789 -0.00995119 0.0039263)
(0.00521461 -0.0107185 0.00427202)
(0.00520493 -0.0104536 0.00425992)
(0.00504087 -0.0102067 0.00400966)
(0.00521119 -0.0103594 0.00410634)
(0.00521575 -0.0106569 0.00430084)
(0.00505798 -0.0104813 0.00426202)
(0.00469421 -0.00987673 0.00406505)
(0.00484549 -0.00985297 0.00422431)
(0.00463179 -0.00947455 0.00396341)
(0.00502593 -0.00986488 0.00396097)
(0.0050939 -0.0105084 0.00403413)
(0.00482165 -0.0098677 0.00372128)
(0.00475268 -0.010024 0.00419889)
(0.00500187 -0.0101467 0.00451735)
(0.0051662 -0.0100259 0.00392349)
(0.00512395 -0.0105146 0.00434036)
(0.00478928 -0.0100226 0.0037415)
(0.00499457 -0.00986974 0.00443748)
(0.00499483 -0.00990223 0.0038077)
(0.00487339 -0.00963733 0.00384142)
(0.00511432 -0.0102162 0.00421891)
(0.00505289 -0.0101742 0.00446086)
(0.0046088 -0.00946509 0.00383836)
(0.00478846 -0.0099706 0.00401651)
(0.00474927 -0.00946871 0.00385664)
(0.00490892 -0.00972037 0.00412835)
(0.00499264 -0.00991795 0.00392589)
(0.00532023 -0.0107569 0.00438677)
(0.00524569 -0.0103997 0.0044219)
(0.00537714 -0.0104837 0.00452177)
(0.00514983 -0.0101152 0.0041668)
(0.00512723 -0.00987074 0.00424675)
(0.00525442 -0.0104066 0.00417187)
(0.00541006 -0.0103552 0.00458517)
(0.00519725 -0.010634 0.00442448)
(0.00539238 -0.0104681 0.00455063)
(0.00545001 -0.0108374 0.00476835)
(0.0053513 -0.0107336 0.0045317)
(0.00555471 -0.0105613 0.00431414)
(0.00580624 -0.01007 0.00526467)
(0.005459 -0.0102216 0.0044402)
(0.00514781 -0.0105049 0.00452598)
(0.0048518 -0.00974985 0.00423055)
(0.00557829 -0.0109127 0.00507244)
(0.00606643 -0.0111407 0.00497354)
(0.00601491 -0.0111224 0.00511532)
(0.00520068 -0.00968741 0.00421559)
(0.00541519 -0.0111018 0.00420518)
(0.0054538 -0.0103948 0.00456533)
(0.00523554 -0.0104891 0.00444365)
(0.00506659 -0.0107426 0.00424215)
(0.00490503 -0.0100862 0.00378277)
(0.00548609 -0.0108698 0.00480548)
(0.00567235 -0.0107243 0.00466274)
(0.0052792 -0.0105505 0.00427917)
(0.00556056 -0.0100636 0.00471207)
(0.00542741 -0.010095 0.00478397)
(0.00520634 -0.0103052 0.00410084)
(0.00514526 -0.010363 0.0042011)
(0.00529449 -0.0107489 0.00469961)
(0.00507509 -0.010757 0.00464555)
(0.0053119 -0.0105543 0.00425718)
(0.00548822 -0.0107443 0.00444452)
(0.00467193 -0.00960404 0.00419333)
(0.00449305 -0.00946908 0.00408824)
(0.00517029 -0.0100448 0.00442237)
(0.00523876 -0.01062 0.00436727)
(0.00500563 -0.00986715 0.00406294)
(0.0050954 -0.0101934 0.00458288)
(0.00495492 -0.00998565 0.00443246)
(0.00525736 -0.0100611 0.00420821)
(0.00493292 -0.0102625 0.00432338)
(0.00509195 -0.0100217 0.00410488)
(0.00528731 -0.0107805 0.00454937)
(0.00510259 -0.0106672 0.00454895)
(0.00507411 -0.0105524 0.00452915)
(0.00510588 -0.009913 0.00440408)
(0.00485436 -0.00992684 0.00460495)
(0.00528762 -0.0108933 0.00462011)
(0.00524392 -0.0105376 0.00447234)
(0.00532077 -0.0105594 0.00507067)
(0.00509288 -0.010406 0.00433037)
(0.00549152 -0.0109552 0.00498532)
(0.00543026 -0.0106381 0.00495186)
(0.00551196 -0.0107935 0.00464975)
(0.00584254 -0.0107122 0.00509727)
(0.00540001 -0.0112594 0.00462054)
(0.00526719 -0.010398 0.00449642)
(0.00526878 -0.0102628 0.0043951)
(0.00510973 -0.00998207 0.00439926)
(0.00514419 -0.00992941 0.00433338)
(0.00500761 -0.0100998 0.00442341)
(0.00539551 -0.0105911 0.00463349)
(0.00489959 -0.010094 0.00425166)
(0.00490738 -0.00964122 0.00425961)
(0.00463969 -0.00935676 0.00414208)
(0.00480219 -0.00947965 0.00425365)
(0.00503783 -0.0102036 0.0040849)
(0.00493629 -0.00989249 0.0042278)
(0.0051494 -0.0102263 0.00422926)
(0.00502207 -0.0101039 0.00403584)
(0.00484734 -0.00974469 0.00410632)
(0.00510725 -0.0103998 0.00455457)
(0.00473036 -0.00988511 0.00437884)
(0.0047926 -0.00979194 0.00426254)
(0.00495198 -0.00995689 0.00425674)
(0.00496195 -0.0102322 0.00453271)
(0.00490957 -0.0102892 0.00468296)
(0.0048689 -0.0100917 0.00456447)
(0.00485334 -0.0104423 0.00469454)
(0.00490258 -0.0101391 0.00436044)
(0.00510254 -0.0102587 0.00444525)
(0.00511221 -0.0100827 0.00420775)
(0.00500222 -0.010185 0.00414584)
(0.00503044 -0.0102479 0.00441871)
(0.00493848 -0.010215 0.00421679)
(0.00504684 -0.010072 0.0042268)
(0.00483041 -0.010381 0.00448341)
(0.00456886 -0.0101157 0.00456523)
(0.00461661 -0.00991055 0.00431417)
(0.00497224 -0.0097564 0.00401488)
(0.00510599 -0.0101627 0.00423145)
(0.00523352 -0.0100822 0.00419683)
(0.00498765 -0.0105282 0.00446066)
(0.00498525 -0.0101781 0.00417634)
(0.00526573 -0.0108543 0.00451049)
(0.00472301 -0.00975468 0.00422609)
(0.00499221 -0.0101239 0.00430462)
(0.00495638 -0.00993828 0.00420539)
(0.0049726 -0.00996615 0.00420471)
(0.00479164 -0.0100181 0.00426843)
(0.0048714 -0.00993578 0.00424757)
(0.00513784 -0.0102123 0.00405964)
(0.00479084 -0.0100959 0.00428948)
(0.00498146 -0.00998336 0.00416722)
(0.00474582 -0.0098394 0.00416594)
(0.00482431 -0.00986675 0.00408103)
(0.00543216 -0.0100172 0.00423486)
(0.00479119 -0.0100426 0.00428909)
(0.00485467 -0.0100039 0.0043956)
(0.00516908 -0.0101183 0.00411535)
(0.00526938 -0.0104229 0.00426991)
(0.00497111 -0.0101862 0.00423981)
(0.00499422 -0.0099846 0.00408632)
(0.00453128 -0.00993019 0.00430298)
(0.0046468 -0.0100999 0.00423911)
(0.00498219 -0.00993434 0.00409739)
(0.00492128 -0.0101934 0.00427705)
(0.0044656 -0.00970361 0.00400751)
(0.0045362 -0.00976404 0.00404575)
(0.00430138 -0.00941922 0.00414436)
(0.00481439 -0.00933193 0.0039433)
(0.00500789 -0.00940623 0.00396796)
(0.0049017 -0.0103679 0.00447791)
(0.00507195 -0.0101634 0.0042152)
(0.00533791 -0.0104308 0.00441647)
(0.0052036 -0.00955005 0.00434907)
(0.00503356 -0.0103435 0.0044621)
(0.0054917 -0.0102603 0.00454854)
(0.00534531 -0.0105211 0.00428148)
(0.00544656 -0.0105295 0.00495539)
(0.00581541 -0.0113742 0.00463356)
(0.00538493 -0.0105197 0.00496209)
(0.00502621 -0.0099684 0.0045666)
(0.00540978 -0.0102297 0.00516845)
(0.0055595 -0.0109433 0.00503411)
(0.00489979 -0.0101227 0.0044553)
(0.00505894 -0.0102702 0.0043408)
(0.00475648 -0.00965513 0.00435226)
(0.00534587 -0.0107801 0.00435889)
(0.0052879 -0.0103577 0.00448855)
(0.00557004 -0.0106749 0.00510346)
(0.00513741 -0.0105898 0.00426019)
(0.00544516 -0.0104522 0.0046404)
(0.0049214 -0.00974696 0.00447765)
(0.0051744 -0.0104 0.00455541)
(0.00485711 -0.00994963 0.00422204)
(0.00530707 -0.00948776 0.00415609)
(0.00504567 -0.00974874 0.00415772)
(0.00518703 -0.0101586 0.00428351)
(0.00489555 -0.00991663 0.0039569)
(0.00504917 -0.0100571 0.00415488)
(0.00468797 -0.0093495 0.00416898)
(0.00535278 -0.00963069 0.00446119)
(0.00509589 -0.0101078 0.00424598)
(0.00481907 -0.00970907 0.00390573)
(0.00513973 -0.00993058 0.00437259)
(0.00493221 -0.0101856 0.00412571)
(0.00471631 -0.00977415 0.00426367)
(0.00487741 -0.00969909 0.00406356)
(0.00456131 -0.00999137 0.00415821)
(0.00519878 -0.0101357 0.00429095)
(0.00510521 -0.0105044 0.0044948)
(0.00529556 -0.0108072 0.00477188)
(0.00485873 -0.00995295 0.00414595)
(0.0054196 -0.0109663 0.00437573)
(0.00598841 -0.0107714 0.00492932)
(0.0049678 -0.00951605 0.00427494)
(0.00571768 -0.00992815 0.00468205)
(0.00557891 -0.0102329 0.00456745)
(0.00494545 -0.00947029 0.00413185)
(0.00527531 -0.0103651 0.00434683)
(0.0048907 -0.00959028 0.00417707)
(0.00569158 -0.0105889 0.00463475)
(0.00561688 -0.0112614 0.00498278)
(0.00512911 -0.0105227 0.00443381)
(0.00494201 -0.0104402 0.00448489)
(0.00552098 -0.0107082 0.00456947)
(0.00497438 -0.010818 0.00451274)
(0.00489082 -0.0103568 0.00438933)
(0.0052597 -0.0111627 0.00413278)
(0.00545333 -0.0100523 0.00425351)
(0.00448148 -0.00967575 0.00364955)
(0.00454003 -0.0103244 0.00403341)
(0.00465754 -0.00996239 0.00393656)
(0.00518531 -0.0105297 0.00443814)
(0.00455104 -0.0102557 0.00452883)
(0.00555262 -0.0117449 0.00520792)
(0.00555455 -0.0106898 0.00485779)
(0.00586276 -0.0110177 0.00495691)
(0.00570394 -0.010705 0.00469226)
(0.00470785 -0.0111877 0.00440794)
(0.00486017 -0.0109661 0.00422894)
(0.00531265 -0.0101022 0.0040278)
(0.00536311 -0.0101495 0.00419047)
(0.00530951 -0.0106881 0.00458074)
(0.00545906 -0.0111933 0.00488799)
(0.00526127 -0.0105682 0.00447624)
(0.00529666 -0.0102355 0.0043001)
(0.00491973 -0.00966414 0.00394549)
(0.00528517 -0.0102575 0.00415085)
(0.00536017 -0.0104895 0.00451473)
(0.00551673 -0.0103859 0.00424266)
(0.00499403 -0.00992411 0.00394968)
(0.00543127 -0.0101957 0.0040749)
(0.00547064 -0.0103468 0.00412539)
(0.00558537 -0.0109772 0.00456901)
(0.00513169 -0.0102942 0.00411214)
(0.00512748 -0.0100041 0.00402938)
(0.00519286 -0.0104507 0.00434787)
(0.00530642 -0.0104685 0.00445177)
(0.00525104 -0.0102667 0.00413569)
(0.00552556 -0.0113189 0.00471196)
(0.00508438 -0.0103708 0.00441202)
(0.0056082 -0.0109385 0.00456348)
(0.00500634 -0.00997095 0.00439175)
(0.00571544 -0.0111872 0.00455894)
(0.00513748 -0.0103821 0.00424098)
(0.00493298 -0.0105316 0.00482172)
(0.00535886 -0.0108173 0.00447411)
(0.00514636 -0.0103838 0.00452916)
(0.00529088 -0.0105829 0.00418612)
(0.00509426 -0.0104546 0.00466989)
(0.00524032 -0.0105652 0.00424699)
(0.00540534 -0.0106405 0.00448856)
(0.00563596 -0.0108169 0.0044753)
(0.00481945 -0.00975712 0.00423194)
(0.00570228 -0.0111211 0.00465109)
(0.005041 -0.0102015 0.00466771)
(0.0055523 -0.01093 0.00453421)
(0.00553856 -0.0109488 0.00455378)
(0.00505497 -0.0101391 0.00455156)
(0.00519706 -0.0104204 0.00432662)
(0.00506312 -0.0102794 0.00451545)
(0.00544172 -0.0109972 0.00437543)
(0.00505012 -0.010017 0.00435742)
(0.00508772 -0.00990852 0.00425226)
(0.0050732 -0.0102839 0.00450978)
(0.00495557 -0.010018 0.00420819)
(0.00516691 -0.0102805 0.00418036)
(0.00497425 -0.0100554 0.00391602)
(0.00488528 -0.0107438 0.00459421)
(0.0047212 -0.0108609 0.00461838)
(0.00494024 -0.0106499 0.00438645)
(0.00529328 -0.0108099 0.00459788)
(0.00480241 -0.0106292 0.00490721)
(0.00486073 -0.0108196 0.0047229)
(0.0048181 -0.0107718 0.00484056)
(0.00508562 -0.0111072 0.00494752)
(0.00518982 -0.0113486 0.00511505)
(0.00502564 -0.0105701 0.00440938)
(0.00448607 -0.0103297 0.00453401)
(0.00472924 -0.010805 0.00496205)
(0.0048129 -0.0106964 0.00466609)
(0.00508612 -0.0107778 0.00461805)
(0.00503361 -0.0108784 0.00461759)
(0.00535302 -0.0108646 0.00467951)
(0.00498792 -0.0105801 0.00474361)
(0.00500768 -0.0102726 0.00449976)
(0.0049948 -0.0101185 0.00426081)
(0.00490868 -0.0101129 0.00427182)
(0.00505193 -0.0102558 0.00436152)
(0.00541284 -0.0107584 0.00427044)
(0.00492402 -0.0101248 0.00417105)
(0.00518251 -0.0106849 0.00439395)
(0.00496299 -0.00995137 0.00406097)
(0.0049198 -0.0104953 0.00418451)
(0.00562007 -0.0115199 0.00470426)
(0.00582516 -0.0106744 0.00451537)
(0.00493047 -0.00950234 0.00417018)
(0.00448596 -0.0092706 0.00381127)
(0.00499868 -0.0103367 0.00425179)
(0.00506626 -0.0103995 0.00414755)
(0.00517974 -0.00994376 0.0041201)
(0.00544728 -0.0105769 0.00453435)
(0.00489991 -0.00993152 0.00422207)
(0.00529311 -0.0104014 0.00454156)
(0.00535885 -0.0103584 0.00426791)
(0.00546869 -0.0106398 0.00458979)
(0.00550449 -0.0108949 0.00450306)
(0.0054981 -0.0107362 0.00440661)
(0.00593933 -0.0113582 0.00494065)
(0.00541758 -0.010971 0.00447336)
(0.00456752 -0.0098141 0.00440949)
(0.00535181 -0.010435 0.00424982)
(0.00510293 -0.0108142 0.00472338)
(0.0049925 -0.0104392 0.00451407)
(0.00467196 -0.0099764 0.00468358)
(0.00499987 -0.00976158 0.00385512)
(0.00465025 -0.00940731 0.00399423)
(0.00510958 -0.0102268 0.00407238)
(0.00505332 -0.0103358 0.00448641)
(0.00467104 -0.00976026 0.00433624)
(0.004823 -0.00960752 0.00383631)
(0.00500163 -0.0102763 0.00431371)
(0.00479588 -0.0100895 0.00418299)
(0.00510194 -0.0103644 0.00429604)
(0.00590926 -0.0110919 0.00509503)
(0.00540825 -0.0103004 0.00474381)
(0.00581378 -0.0109579 0.00477576)
(0.00589815 -0.0114464 0.005074)
(0.00542881 -0.0105703 0.00473639)
(0.00548771 -0.0112414 0.00476919)
(0.00560989 -0.010849 0.00474578)
(0.00533501 -0.0104444 0.0045729)
(0.00524601 -0.0102931 0.00453449)
(0.00546906 -0.0105152 0.00502182)
(0.00499128 -0.0104635 0.00424378)
(0.00483569 -0.00956193 0.00425695)
(0.00502643 -0.00982085 0.004304)
(0.00475218 -0.0095227 0.00410177)
(0.00486257 -0.0100733 0.0044422)
(0.00494745 -0.0107094 0.0041079)
(0.00484555 -0.00980139 0.0038003)
(0.00569135 -0.0101556 0.00479397)
(0.00567303 -0.0110127 0.00450538)
(0.00496343 -0.010074 0.00417707)
(0.00499269 -0.0107433 0.0045915)
(0.00549293 -0.0108746 0.00436723)
(0.00528321 -0.0104311 0.00432377)
(0.00507102 -0.0104469 0.00430288)
(0.00494774 -0.0105282 0.00447293)
(0.00515373 -0.0106949 0.00463881)
(0.00503921 -0.0107144 0.00454292)
(0.00502279 -0.0100251 0.00415376)
(0.00501126 -0.0101074 0.00409705)
(0.00526887 -0.0104086 0.00420294)
(0.00487083 -0.00968962 0.00415031)
(0.00496152 -0.00975194 0.00409699)
(0.00537728 -0.0103282 0.00433807)
(0.00472398 -0.00982896 0.00467391)
(0.00481144 -0.00969237 0.00405073)
(0.00473503 -0.00982136 0.00425664)
(0.00509709 -0.00998994 0.00398777)
(0.00485842 -0.00967622 0.00393107)
(0.00502057 -0.00999683 0.00404267)
(0.00483058 -0.00968955 0.00401864)
(0.00463282 -0.00914357 0.0038743)
(0.00523589 -0.00970241 0.00470523)
(0.00552877 -0.0103238 0.00458312)
(0.00520993 -0.0106828 0.00440051)
(0.00502731 -0.00987292 0.00438202)
(0.00525632 -0.0104998 0.00439515)
(0.00524873 -0.0104264 0.0045013)
(0.00597969 -0.00993965 0.00508004)
(0.00550979 -0.0104883 0.00437967)
(0.00478659 -0.00992657 0.00370615)
(0.00477458 -0.0105335 0.00400232)
(0.00462145 -0.00940482 0.00389146)
(0.00476229 -0.00987835 0.00388192)
(0.00471459 -0.00954775 0.00377948)
(0.00521214 -0.0104532 0.00471251)
(0.00469908 -0.00931255 0.00414305)
(0.00510151 -0.0103652 0.00432945)
(0.00526342 -0.0102452 0.00457809)
(0.00542487 -0.0107181 0.00473282)
(0.00497639 -0.0110029 0.00403075)
(0.00538551 -0.0108411 0.00464171)
(0.00538179 -0.0106638 0.00468031)
(0.0051556 -0.0105805 0.00467093)
(0.0051981 -0.0106394 0.00417421)
(0.00539865 -0.0111517 0.00421506)
(0.00504684 -0.00988078 0.00407713)
(0.00543576 -0.0104788 0.0043401)
(0.00489422 -0.00995829 0.00410944)
(0.00503309 -0.00990148 0.00429136)
(0.00489036 -0.00977402 0.00415191)
(0.00483423 -0.00969102 0.00435384)
(0.00530055 -0.0103597 0.00424627)
(0.00535579 -0.0105242 0.00441023)
(0.00542744 -0.0105035 0.00432629)
(0.0053399 -0.0101474 0.00403278)
(0.00483168 -0.00970608 0.00402221)
(0.0048862 -0.0097893 0.00405759)
(0.00469093 -0.00971429 0.00420732)
(0.00484119 -0.00980184 0.00399348)
(0.00496803 -0.00978381 0.00399976)
(0.00519125 -0.0100624 0.00404577)
(0.00493004 -0.0100855 0.00415378)
(0.0050321 -0.00990693 0.00411847)
(0.00502899 -0.0100611 0.00420752)
(0.00508843 -0.0100445 0.00413984)
(0.00494999 -0.0100842 0.00421233)
(0.00513691 -0.00983654 0.00411798)
(0.00527598 -0.00958083 0.00401021)
(0.00505482 -0.0100214 0.00439515)
(0.00540098 -0.0096584 0.00432327)
(0.0056165 -0.00985407 0.00429806)
(0.00521509 -0.00950646 0.00411539)
(0.00539385 -0.0102142 0.00421109)
(0.00506058 -0.00932167 0.00384364)
(0.00606217 -0.0111119 0.00476156)
(0.00556661 -0.0098343 0.00421532)
(0.0050757 -0.00990863 0.00417623)
(0.00562709 -0.0101796 0.00446567)
(0.00506896 -0.00996984 0.00424075)
(0.00519162 -0.0100777 0.00415403)
(0.00485948 -0.00987973 0.00426082)
(0.00499614 -0.00969875 0.00433968)
(0.00488504 -0.00967532 0.0042176)
(0.00524588 -0.00991118 0.00439666)
(0.00537398 -0.0102281 0.00453707)
(0.00497831 -0.00959263 0.00416287)
(0.00518234 -0.0100982 0.00441558)
(0.00513635 -0.0102326 0.00430285)
(0.00515911 -0.0103721 0.00438626)
(0.00498712 -0.0100336 0.00418069)
(0.00513636 -0.0100253 0.00435484)
(0.0050353 -0.0104349 0.00435314)
(0.00511368 -0.0102511 0.00424639)
(0.00519746 -0.0100929 0.00437326)
(0.00527619 -0.0101765 0.00429852)
(0.00584589 -0.0105856 0.00485205)
(0.0047387 -0.00952967 0.0038778)
(0.00488842 -0.00994834 0.00385658)
(0.00474685 -0.00917133 0.00405519)
(0.00499976 -0.00999692 0.00455441)
(0.00493113 -0.00989439 0.00455963)
(0.00479572 -0.00945915 0.00422886)
(0.00493034 -0.00987761 0.00443797)
(0.00491144 -0.0097891 0.00417264)
(0.00480987 -0.00991107 0.00414666)
(0.00474427 -0.00964968 0.00400902)
(0.00470402 -0.00950787 0.00412694)
(0.00622058 -0.0115275 0.0052056)
(0.00622144 -0.011233 0.00497368)
(0.00547231 -0.0104328 0.0046893)
(0.00537213 -0.010309 0.00466605)
(0.00520901 -0.0109672 0.00447144)
(0.00498578 -0.0104449 0.00406372)
(0.00573545 -0.0114743 0.00479862)
(0.0051351 -0.0114026 0.0046647)
(0.00554894 -0.0113578 0.00470502)
(0.00585585 -0.012467 0.00525383)
(0.00566072 -0.0114416 0.00490165)
(0.00547868 -0.0117252 0.00491838)
(0.00584087 -0.0117695 0.00507804)
(0.00589376 -0.0107438 0.00503514)
(0.0059036 -0.0108931 0.00460159)
(0.00502994 -0.0103328 0.004308)
(0.00506597 -0.00989508 0.00423668)
(0.00480709 -0.0102643 0.00434009)
(0.00484606 -0.00992141 0.00410716)
(0.00503798 -0.0100433 0.00427401)
(0.00504635 -0.0105595 0.00441545)
(0.00513024 -0.011196 0.00461746)
(0.00533326 -0.0102759 0.00421753)
(0.00525768 -0.0107409 0.00452746)
(0.00542162 -0.00967526 0.00402889)
(0.00541657 -0.0104597 0.00424424)
(0.00492611 -0.0105641 0.00440388)
(0.00517691 -0.0107935 0.00463842)
(0.00502587 -0.0103384 0.00445095)
(0.00564676 -0.0107006 0.00437045)
(0.00560993 -0.0105801 0.00456597)
(0.00496682 -0.00927595 0.00407043)
(0.0046793 -0.00951037 0.00426738)
(0.00433604 -0.00877019 0.00396604)
(0.00449564 -0.00933767 0.00382717)
(0.0047343 -0.00933327 0.00417654)
(0.00475448 -0.00998698 0.00366048)
(0.00496106 -0.0104674 0.00397987)
(0.00439545 -0.00936295 0.00452351)
(0.00429476 -0.00907325 0.00419303)
(0.0045628 -0.00921621 0.00408844)
(0.00439077 -0.00918672 0.00407958)
(0.00472764 -0.00944336 0.00435173)
(0.00465222 -0.00939371 0.00425805)
(0.00477798 -0.00990408 0.00456394)
(0.00461528 -0.00935175 0.00430475)
(0.00478867 -0.0105448 0.00475189)
(0.00480196 -0.0104646 0.00480818)
(0.00458781 -0.0102622 0.00461782)
(0.00446972 -0.00966921 0.0042613)
(0.00505365 -0.00999077 0.00430041)
(0.00441061 -0.00948329 0.00445793)
(0.00476161 -0.00967018 0.00407161)
(0.00468616 -0.00969338 0.00438294)
(0.00470451 -0.00954376 0.00410404)
(0.0044697 -0.00963688 0.0043156)
(0.00468161 -0.00981911 0.00442705)
(0.0051853 -0.0104708 0.0042922)
(0.0048522 -0.00995584 0.00433014)
(0.00484351 -0.00949831 0.00435755)
(0.00473619 -0.00946722 0.00419316)
(0.00482151 -0.00962096 0.00429365)
(0.00478417 -0.00967007 0.0041359)
(0.00508523 -0.00996537 0.00445476)
(0.00562912 -0.0109338 0.00464603)
(0.00552362 -0.0106744 0.00462849)
(0.00492017 -0.00973933 0.00421335)
(0.00523035 -0.0106291 0.00451856)
(0.00506433 -0.0111419 0.00455129)
(0.00574917 -0.0104233 0.00473184)
(0.00577512 -0.0102787 0.00479623)
(0.0054338 -0.0104982 0.00468761)
(0.00532498 -0.00992142 0.00426568)
(0.00589822 -0.0104865 0.00446007)
(0.00563486 -0.0100793 0.00426459)
(0.00506484 -0.0104124 0.00436103)
(0.00475262 -0.0100084 0.00419218)
(0.00479578 -0.00989066 0.00412071)
(0.00550532 -0.0109984 0.00479141)
(0.00539284 -0.0106178 0.0046171)
(0.00535961 -0.0106517 0.00449939)
(0.00532525 -0.0103367 0.0042383)
(0.00525957 -0.0106677 0.00451342)
(0.00559706 -0.0107214 0.00448582)
(0.00517492 -0.010067 0.00405078)
(0.0056933 -0.0106448 0.00478891)
(0.00538877 -0.0105177 0.00444)
(0.00556666 -0.0107404 0.00470388)
(0.00528322 -0.0107074 0.0045073)
(0.00551377 -0.0104492 0.00463261)
(0.00558206 -0.010746 0.00464255)
(0.00483266 -0.0102579 0.00424279)
(0.00490745 -0.0103679 0.00388358)
(0.00540348 -0.0110063 0.00458303)
(0.00515401 -0.0103389 0.0043189)
(0.00512026 -0.0105555 0.00430996)
(0.00517663 -0.010467 0.00426672)
(0.00522803 -0.0104297 0.00438478)
(0.00518501 -0.0103282 0.00438774)
(0.00521023 -0.0104025 0.0042693)
(0.00535258 -0.0101729 0.004026)
(0.00492433 -0.0100486 0.00430974)
(0.00517661 -0.00996263 0.00414363)
(0.00504689 -0.01052 0.00455277)
(0.00505086 -0.00998417 0.00420025)
(0.00539756 -0.00994987 0.00412274)
(0.00531982 -0.0103391 0.0042484)
(0.00513144 -0.0100755 0.0042577)
(0.00528066 -0.0103366 0.00438936)
(0.00502944 -0.0103149 0.00433908)
(0.00495725 -0.0104265 0.00426257)
(0.0051598 -0.0105714 0.00427503)
(0.00521177 -0.0104751 0.004133)
(0.00512898 -0.0103182 0.0041292)
(0.00503223 -0.0103037 0.0044582)
(0.00476421 -0.00981884 0.00388001)
(0.00543209 -0.0114788 0.00463908)
(0.00529654 -0.0105358 0.0043531)
(0.00523358 -0.0108271 0.00440863)
(0.00535916 -0.0107495 0.00417544)
(0.005107 -0.0109943 0.00422404)
(0.00507382 -0.0109323 0.00405245)
(0.00493682 -0.0102726 0.00413346)
(0.00491896 -0.00981549 0.00411845)
(0.00534697 -0.0109108 0.00432564)
(0.00558194 -0.0109981 0.00452153)
(0.00573784 -0.0106205 0.00493537)
(0.00571573 -0.0116099 0.00459686)
(0.0053963 -0.0105087 0.00463453)
(0.00565698 -0.0108899 0.00467245)
(0.00465489 -0.0102936 0.00419023)
(0.00479484 -0.0103613 0.00405088)
(0.00585535 -0.0109202 0.00471376)
(0.00557644 -0.0103824 0.00438387)
(0.00468911 -0.00993864 0.00409551)
(0.00531139 -0.010872 0.00444031)
(0.00561982 -0.0110527 0.00482305)
(0.00461796 -0.0114292 0.0043297)
(0.00465976 -0.0107433 0.00445592)
(0.00486365 -0.0103419 0.00431626)
(0.00484419 -0.0103796 0.00407512)
(0.00545947 -0.0112803 0.00446203)
(0.00564926 -0.0102686 0.00478106)
(0.00539265 -0.0110117 0.00479299)
(0.00544773 -0.0103447 0.00420548)
(0.0052115 -0.0101936 0.00431908)
(0.00516535 -0.0100542 0.00394335)
(0.00495166 -0.00996588 0.00433004)
(0.00546613 -0.0106018 0.00438257)
(0.00480169 -0.00983951 0.00405217)
(0.00504998 -0.00973356 0.00414494)
(0.00502004 -0.0105715 0.00450727)
(0.00519642 -0.0105132 0.00438334)
(0.00532081 -0.0105471 0.00449472)
(0.00538342 -0.0112433 0.00468234)
(0.0050194 -0.0104358 0.00459481)
(0.00501938 -0.0099089 0.00423818)
(0.00503807 -0.0102495 0.00451436)
(0.00479722 -0.00997378 0.00418876)
(0.00492701 -0.0105105 0.00427476)
)
;
    }
    INLET
    {
        type            calculated;
        value           nonuniform 0();
    }
    OUTLET
    {
        type            calculated;
        value           nonuniform 0();
    }
    procBoundary34to29
    {
        type            processor;
        value           uniform (0 0 0);
    }
    procBoundary34to35
    {
        type            processor;
        value           uniform (0 0 0);
    }
}


// ************************************************************************* //
