/*--------------------------------*- C++ -*----------------------------------*\
| =========                 |                                                 |
| \\      /  F ield         | OpenFOAM: The Open Source CFD Toolbox           |
|  \\    /   O peration     | Version:  v1612+                                |
|   \\  /    A nd           | Web:      www.OpenFOAM.com                      |
|    \\/     M anipulation  |                                                 |
\*---------------------------------------------------------------------------*/
FoamFile
{
    version     2.0;
    format      ascii;
    class       volVectorField;
    location    "100";
    object      wallShearStress;
}
// * * * * * * * * * * * * * * * * * * * * * * * * * * * * * * * * * * * * * //

dimensions      [0 2 -2 0 0 0 0];

internalField   uniform (0 0 0);

boundaryField
{
    WALL
    {
        type            calculated;
        value           nonuniform List<vector> 
1648
(
(0.00730344 -0.0146477 0.00618065)
(0.00712832 -0.0139098 0.00588602)
(0.00830519 -0.0151946 0.00612872)
(0.00792067 -0.015627 0.00653689)
(0.0320874 -0.0687011 0.0221244)
(0.0530161 -0.14026 0.0314587)
(0.014857 -0.0321287 0.0127915)
(0.0180358 -0.0404382 0.0167521)
(0.0122913 -0.0256208 0.0105706)
(0.0119967 -0.026146 0.0108126)
(0.0121665 -0.0246698 0.0103607)
(0.0117277 -0.0240137 0.00985015)
(0.0078759 -0.0161257 0.00667163)
(0.00787215 -0.0159355 0.00670419)
(0.0082179 -0.0158261 0.00616816)
(0.00764317 -0.0160037 0.00695238)
(0.00825142 -0.0163811 0.0069525)
(0.00824073 -0.016839 0.00697969)
(0.0089867 -0.0184205 0.0072308)
(0.00938593 -0.0188266 0.00787872)
(0.00732105 -0.0146027 0.00608486)
(0.00736878 -0.0143095 0.00555282)
(0.00706589 -0.0145731 0.00637171)
(0.0063991 -0.0133963 0.00586519)
(0.00658074 -0.0132351 0.00551344)
(0.0062408 -0.0130603 0.005375)
(0.00687913 -0.01417 0.0060833)
(0.00759586 -0.0153877 0.00642)
(0.00672284 -0.0133842 0.00536727)
(0.00644943 -0.012966 0.00546927)
(0.010799 -0.0208605 0.0088623)
(0.0103098 -0.0199894 0.00885268)
(0.00822648 -0.0170174 0.00676639)
(0.00746384 -0.0159981 0.00610444)
(0.0191996 -0.0451987 0.0173426)
(0.014666 -0.031302 0.0121253)
(0.0096539 -0.0202053 0.00808416)
(0.00906338 -0.0187938 0.00723745)
(0.00978527 -0.0196782 0.00868556)
(0.0102462 -0.0197242 0.00808694)
(0.0082122 -0.0173026 0.00706757)
(0.00841479 -0.0163545 0.00686969)
(0.0931832 -0.100546 0.0654003)
(0.00658575 -0.014127 0.00594062)
(0.00646023 -0.0141187 0.00589752)
(0.00660582 -0.0146741 0.00610714)
(0.00683091 -0.0130902 0.00539932)
(0.00667463 -0.0134572 0.00546866)
(0.00685993 -0.0140233 0.00567373)
(0.0105536 -0.023211 0.00969429)
(0.0125905 -0.0253046 0.0116762)
(0.00947675 -0.0208107 0.00829582)
(0.0120749 -0.0231596 0.0104436)
(0.0095193 -0.0215283 0.00861992)
(0.0131681 -0.0261569 0.0124014)
(0.00697392 -0.014658 0.00552865)
(0.00743775 -0.0160475 0.0057908)
(0.00859214 -0.0160522 0.00749559)
(0.0078789 -0.0152432 0.00634244)
(0.00733644 -0.0163199 0.00583033)
(0.013569 -0.0283732 0.0112784)
(0.0130119 -0.026996 0.0107975)
(0.0142952 -0.0298185 0.0119761)
(0.0120311 -0.0253629 0.0105291)
(0.0123381 -0.0242606 0.00989853)
(0.0126722 -0.0271359 0.0116838)
(0.00730531 -0.0150879 0.00645772)
(0.0071568 -0.0146239 0.00605938)
(0.00686522 -0.0143842 0.00547417)
(0.00697214 -0.0142869 0.00558512)
(0.00682487 -0.0139826 0.00590811)
(0.00724703 -0.015068 0.00592304)
(0.0333385 -0.0863667 0.0542183)
(0.0304838 -0.0850486 0.047446)
(0.027878 -0.0661624 0.0353717)
(0.021892 -0.0393568 0.0213704)
(0.0338241 -0.112141 0.0745709)
(0.0273984 -0.0612513 0.0350455)
(0.00921306 -0.0182397 0.00831392)
(0.00864944 -0.0173797 0.00739295)
(0.00825361 -0.0181631 0.00685314)
(0.00931831 -0.0177706 0.00810982)
(0.00825171 -0.0192153 0.00722638)
(0.00781934 -0.0167595 0.0071666)
(0.0106521 -0.0219853 0.00886988)
(0.0110758 -0.0219094 0.00895156)
(0.0110299 -0.0233143 0.00917345)
(0.0113164 -0.0229808 0.0092514)
(0.0113791 -0.0228013 0.00938573)
(0.0108466 -0.0219461 0.00898824)
(0.00696692 -0.0135887 0.00584462)
(0.00738683 -0.0148506 0.00620401)
(0.00722828 -0.0144974 0.00634564)
(0.00701714 -0.0140742 0.00618174)
(0.00705737 -0.0142086 0.00572466)
(0.00749204 -0.0145817 0.00580019)
(0.00727267 -0.0149366 0.00639371)
(0.00711393 -0.0141378 0.00584368)
(0.00776477 -0.0152799 0.00601522)
(0.00773822 -0.0158673 0.0065115)
(0.007461 -0.0152088 0.00630099)
(0.0073742 -0.0146457 0.00579832)
(0.00976875 -0.0195552 0.00857088)
(0.0107463 -0.0205989 0.00861584)
(0.011183 -0.0212851 0.00880266)
(0.0100507 -0.0194845 0.008214)
(0.0123983 -0.0227602 0.00932007)
(0.0167181 -0.030929 0.0125704)
(0.0269483 -0.0452304 0.0193716)
(0.0123512 -0.0247648 0.0101899)
(0.0126998 -0.0252299 0.0100644)
(0.018229 -0.0332323 0.0165909)
(0.0155912 -0.0292586 0.0136034)
(0.0133084 -0.0262662 0.0111812)
(0.00705985 -0.0153493 0.00632014)
(0.00736095 -0.0152313 0.00627338)
(0.00747347 -0.0156397 0.00662964)
(0.00728448 -0.0150649 0.00630646)
(0.00674993 -0.0142188 0.0057834)
(0.00733863 -0.0146863 0.00611888)
(0.00725657 -0.0149476 0.00626552)
(0.00812752 -0.0154226 0.00642045)
(0.00777647 -0.0152008 0.00636385)
(0.00769272 -0.0153083 0.0063059)
(0.00778011 -0.0156789 0.00659094)
(0.00745551 -0.0150907 0.00628254)
(0.0123008 -0.0237151 0.0110833)
(0.0104331 -0.0219759 0.00812744)
(0.0102421 -0.0209672 0.00840717)
(0.012125 -0.024695 0.0101383)
(0.00986994 -0.0215576 0.00776794)
(0.0113384 -0.0228202 0.00947903)
(0.0218271 -0.0595393 0.0212347)
(0.0182346 -0.079319 0.0407345)
(0.022442 -0.0575546 0.0205342)
(0.034766 -0.0809593 0.0125535)
(0.019467 -0.0414404 0.0150773)
(0.0182929 -0.0394002 0.0153043)
(0.0163967 -0.0346409 0.0137064)
(0.017248 -0.0385846 0.0166633)
(0.0147411 -0.0310885 0.0130677)
(0.0160929 -0.0352509 0.0149198)
(0.0150434 -0.0316582 0.0127509)
(0.00971229 -0.0197507 0.00816252)
(0.00953106 -0.0193999 0.00794213)
(0.00926132 -0.0193121 0.0082256)
(0.0101391 -0.0204244 0.00806846)
(0.00941747 -0.0195661 0.00800894)
(0.00970095 -0.0201209 0.00860176)
(0.00949754 -0.0194671 0.00834015)
(0.0102294 -0.0202537 0.00845722)
(0.00992782 -0.0205425 0.0085231)
(0.0101122 -0.0203428 0.00852786)
(0.0112987 -0.0223475 0.00879865)
(0.00902127 -0.017513 0.00752179)
(0.00984218 -0.0192161 0.00879482)
(0.0079077 -0.0167158 0.00637038)
(0.00863899 -0.0184386 0.00657816)
(0.00781806 -0.0177119 0.0060858)
(0.00967497 -0.0191417 0.00818924)
(0.00855904 -0.0180839 0.00687911)
(0.00875766 -0.0180019 0.00725859)
(0.00836715 -0.0166594 0.00706253)
(0.00882238 -0.0175432 0.00786727)
(0.00866106 -0.017861 0.00746096)
(0.00804914 -0.0170533 0.00682048)
(0.00984478 -0.020214 0.00789054)
(0.0101359 -0.0205416 0.00850181)
(0.0102353 -0.0207499 0.00863126)
(0.00993091 -0.0204401 0.0080051)
(0.00957132 -0.0194776 0.00757285)
(0.0103195 -0.021284 0.00884668)
(0.00961147 -0.0194214 0.00760902)
(0.00905341 -0.0187389 0.0077966)
(0.00945795 -0.0190612 0.00748157)
(0.00886872 -0.0178777 0.00735846)
(0.00909945 -0.0182449 0.0072012)
(0.00868849 -0.0177622 0.00721)
(0.0257213 -0.0590859 0.0327526)
(0.0191039 -0.0424649 0.0197535)
(0.0178934 -0.0375435 0.016094)
(0.0201744 -0.0459703 0.0188913)
(0.0175684 -0.0370468 0.0169759)
(0.0273694 -0.0686483 0.0261535)
(0.0368655 -0.140515 0.0676827)
(0.0281211 -0.0893676 0.0404909)
(0.0291706 -0.10292 0.0545091)
(0.0122212 -0.0266911 0.0104508)
(0.015369 -0.0308743 0.0137014)
(0.0128305 -0.027079 0.011132)
(0.013603 -0.028507 0.0119438)
(0.015585 -0.0300537 0.0143575)
(0.0101011 -0.0238547 0.00876434)
(0.0103321 -0.0215748 0.00906699)
(0.0113234 -0.0251214 0.0103283)
(0.0113012 -0.022942 0.00982928)
(0.010694 -0.0212671 0.00936952)
(0.0107462 -0.0241484 0.00944612)
(0.00975841 -0.0204186 0.00794855)
(0.00965937 -0.0203598 0.00815911)
(0.0100649 -0.0211119 0.00880121)
(0.00980064 -0.0202681 0.00830903)
(0.0100427 -0.0214103 0.00831509)
(0.00924751 -0.0196796 0.00815992)
(0.00912914 -0.0190837 0.00739079)
(0.00947756 -0.0201057 0.0080981)
(0.00899666 -0.0193939 0.00756823)
(0.0088865 -0.0189649 0.00745401)
(0.00870089 -0.0192676 0.00752147)
(0.00939198 -0.0200985 0.00788686)
(0.00970249 -0.0211348 0.00863804)
(0.00867695 -0.0200722 0.00799228)
(0.0112826 -0.0211693 0.00894548)
(0.00871605 -0.019718 0.00771597)
(0.0104844 -0.0228344 0.00848526)
(0.010675 -0.0210672 0.00843962)
(0.00823172 -0.0172286 0.00734783)
(0.00844373 -0.0176938 0.00756913)
(0.00949918 -0.0188839 0.00783832)
(0.00799012 -0.0165487 0.00694188)
(0.00957314 -0.0199359 0.00828213)
(0.00941862 -0.019021 0.00783132)
(0.00959178 -0.0186078 0.00698158)
(0.00835325 -0.0171015 0.00668865)
(0.00838839 -0.0170158 0.00634914)
(0.00844451 -0.0168998 0.00678696)
(0.00864813 -0.0165696 0.00667642)
(0.00830083 -0.01641 0.00627662)
(0.0096527 -0.0176938 0.00809531)
(0.00920974 -0.0177346 0.00772664)
(0.00806362 -0.017745 0.00655945)
(0.00903621 -0.0174055 0.00710136)
(0.00899142 -0.0186271 0.00668547)
(0.0087099 -0.0187351 0.00723425)
(0.00785095 -0.0174049 0.00683352)
(0.00866664 -0.017441 0.00712362)
(0.00865257 -0.0175412 0.00734506)
(0.00801746 -0.0179729 0.00708876)
(0.00836999 -0.0175084 0.00720581)
(0.00818732 -0.0164454 0.0069161)
(0.00920076 -0.0197094 0.00740047)
(0.0100179 -0.0208099 0.00782986)
(0.00855947 -0.0172713 0.00731615)
(0.00853212 -0.017566 0.00724673)
(0.00908333 -0.019173 0.00712625)
(0.00836539 -0.0178735 0.00689002)
(0.00723749 -0.0140738 0.00591857)
(0.00797941 -0.0152969 0.00655125)
(0.00710978 -0.0144228 0.00590461)
(0.00741848 -0.01479 0.00635884)
(0.00745499 -0.0153807 0.0059303)
(0.00721745 -0.0151245 0.00605106)
(0.00816097 -0.0158791 0.00633253)
(0.00718037 -0.0142946 0.00567362)
(0.0070848 -0.0140536 0.00632004)
(0.00743035 -0.0147193 0.00630559)
(0.00754405 -0.0154126 0.00569865)
(0.00749545 -0.0152836 0.00643599)
(0.00717254 -0.0144257 0.0059487)
(0.00718436 -0.0149934 0.00583684)
(0.00685023 -0.0138437 0.00614306)
(0.00689965 -0.0142598 0.00572504)
(0.0072327 -0.0148125 0.00596953)
(0.00757095 -0.0155741 0.00616674)
(0.00822731 -0.0177243 0.00649371)
(0.00757162 -0.0159754 0.00630681)
(0.00741696 -0.0153201 0.00615109)
(0.00699231 -0.0146533 0.00584711)
(0.00762585 -0.0157654 0.0060309)
(0.00748131 -0.0162802 0.00591142)
(0.00791207 -0.0164839 0.00679247)
(0.00818012 -0.0158483 0.0069354)
(0.00785048 -0.0156847 0.00608271)
(0.00900714 -0.0171339 0.00719331)
(0.00813286 -0.0166642 0.00611449)
(0.00780422 -0.0151961 0.00695989)
(0.00676403 -0.0150223 0.00603872)
(0.00760047 -0.015095 0.00633518)
(0.00679575 -0.0142085 0.00582007)
(0.00726921 -0.0151514 0.00607663)
(0.00729444 -0.015401 0.00614166)
(0.00740548 -0.0150456 0.00639092)
(0.00828834 -0.0167097 0.0071771)
(0.0082633 -0.0172605 0.00735469)
(0.00825942 -0.0166562 0.00714619)
(0.00848206 -0.0174536 0.00742415)
(0.00842004 -0.0170091 0.00724794)
(0.00833014 -0.0177731 0.00760053)
(0.00817349 -0.0166463 0.00696505)
(0.00842711 -0.0179902 0.00775666)
(0.00804881 -0.0162694 0.0068305)
(0.00851541 -0.018124 0.00732358)
(0.0090649 -0.0184571 0.00739647)
(0.0067567 -0.0140008 0.00607311)
(0.00674547 -0.0140751 0.00602974)
(0.00663708 -0.0140723 0.00599357)
(0.00723104 -0.0139196 0.00572072)
(0.0070358 -0.0141002 0.00593058)
(0.00706554 -0.0145634 0.00624881)
(0.00730416 -0.0139985 0.00570881)
(0.00682621 -0.0138429 0.00577607)
(0.00720669 -0.0151348 0.00605389)
(0.0072796 -0.0154963 0.00672761)
(0.00730844 -0.0136451 0.00567041)
(0.00652954 -0.0146988 0.0061241)
(0.00648133 -0.0136258 0.00572116)
(0.00736266 -0.0138878 0.0057796)
(0.00714016 -0.0137196 0.00593267)
(0.00704803 -0.0136955 0.00578967)
(0.00707037 -0.0139263 0.00558605)
(0.00733389 -0.0149994 0.00651293)
(0.00658889 -0.0136845 0.005668)
(0.00824024 -0.0183411 0.00728648)
(0.00773122 -0.0177517 0.00703065)
(0.00922404 -0.0183469 0.00807772)
(0.0089252 -0.0191241 0.00834506)
(0.00846664 -0.0173164 0.00752433)
(0.00735354 -0.0172126 0.0067737)
(0.00782168 -0.016606 0.00655951)
(0.0090038 -0.0166588 0.00742556)
(0.00758294 -0.0153227 0.00643424)
(0.00715193 -0.0160249 0.00636908)
(0.00880893 -0.0173055 0.00719596)
(0.00725963 -0.0160747 0.00609948)
(0.00660774 -0.0144211 0.00591648)
(0.00785738 -0.0150442 0.00658739)
(0.00755466 -0.0148308 0.00625234)
(0.00708507 -0.0141792 0.00608746)
(0.00699493 -0.0145753 0.006006)
(0.00684055 -0.0145823 0.00579014)
(0.00724877 -0.0146845 0.0060736)
(0.00742335 -0.0152718 0.0063853)
(0.00773731 -0.0153868 0.00636543)
(0.0072393 -0.0146788 0.00601829)
(0.00728471 -0.0147192 0.00613815)
(0.0068635 -0.0144883 0.00588415)
(0.00687742 -0.0144352 0.00597888)
(0.0529252 -0.103164 0.0854)
(0.0656685 -0.0970432 0.0820939)
(0.0335254 -0.0510705 0.027407)
(0.0338315 -0.0535902 0.0221081)
(0.0553619 -0.0706833 0.034325)
(0.0501519 -0.0662575 0.0318919)
(0.0941504 -0.104255 0.0470477)
(0.00907142 -0.0182986 0.00750614)
(0.0104324 -0.02022 0.00846993)
(0.00862282 -0.0179976 0.00773413)
(0.0105519 -0.0217123 0.00952022)
(0.0107974 -0.0202832 0.00837638)
(0.00916421 -0.0191525 0.00795246)
(0.0106051 -0.020781 0.00941323)
(0.0589192 -0.0972512 0.0814335)
(0.0311381 -0.0514227 0.0304994)
(0.0255527 -0.04722 0.0273531)
(0.0416623 -0.0695341 0.04949)
(0.0723861 -0.0914145 0.0776362)
(0.0507413 -0.0568395 0.0373724)
(0.0173258 -0.0339943 0.0164156)
(0.0259457 -0.0515562 0.0291609)
(0.0193959 -0.0381847 0.0195933)
(0.0168881 -0.0323187 0.0155315)
(0.0147396 -0.031208 0.014606)
(0.0271644 -0.0452746 0.0253887)
(0.00643605 -0.0128599 0.00544086)
(0.00638182 -0.012697 0.00519158)
(0.00645824 -0.0130753 0.00549971)
(0.00657151 -0.013214 0.00542402)
(0.0064945 -0.0131712 0.00538669)
(0.00712302 -0.0144672 0.00560887)
(0.00695535 -0.0140591 0.00537204)
(0.00683796 -0.0136313 0.00552187)
(0.00646491 -0.0130431 0.00565669)
(0.0075587 -0.0152479 0.0065086)
(0.00788437 -0.0155907 0.00672863)
(0.00781439 -0.0152385 0.00625596)
(0.00713598 -0.01486 0.00660956)
(0.00748943 -0.014948 0.00617831)
(0.00764488 -0.0150116 0.00614155)
(0.00714213 -0.0142577 0.00593992)
(0.00746942 -0.0147283 0.00590036)
(0.00713886 -0.01427 0.00582799)
(0.00734127 -0.0146265 0.0059771)
(0.00715189 -0.0143673 0.00583699)
(0.00735619 -0.0145803 0.00582812)
(0.00668417 -0.013333 0.00550599)
(0.00625461 -0.0128212 0.00540274)
(0.00644683 -0.0130357 0.00554075)
(0.00637792 -0.0132047 0.00545198)
(0.00684032 -0.0129719 0.00503596)
(0.00678168 -0.0136842 0.00560467)
(0.00699663 -0.0137576 0.00563847)
(0.00702599 -0.013239 0.00535272)
(0.00676626 -0.0132535 0.00538676)
(0.00662071 -0.0136688 0.005586)
(0.00678671 -0.0131756 0.00534731)
(0.00701818 -0.0146818 0.00618321)
(0.00701182 -0.0135668 0.00533768)
(0.0070775 -0.013589 0.0055596)
(0.00691443 -0.013532 0.00574366)
(0.00698327 -0.0134507 0.0054845)
(0.00726795 -0.0140695 0.00568203)
(0.00700864 -0.0139646 0.00598742)
(0.00655772 -0.0135293 0.00612806)
(0.00645819 -0.0139087 0.00606479)
(0.00722278 -0.0143959 0.00615624)
(0.00719323 -0.0137449 0.00584922)
(0.00717797 -0.0139108 0.00545871)
(0.00707331 -0.0140362 0.00587831)
(0.00702284 -0.0143648 0.00613044)
(0.00678822 -0.0138658 0.00600316)
(0.00729487 -0.0143131 0.00585693)
(0.00736584 -0.0143277 0.0059259)
(0.006842 -0.0139097 0.00583474)
(0.00648279 -0.0131437 0.00558841)
(0.00645835 -0.0130694 0.00541896)
(0.00656047 -0.0133667 0.00566282)
(0.00649698 -0.0130961 0.00542019)
(0.00649579 -0.0133995 0.0057626)
(0.00690788 -0.0138738 0.00540442)
(0.00612122 -0.0128706 0.00534019)
(0.00664814 -0.013152 0.00530934)
(0.00623971 -0.0124082 0.00535118)
(0.00683456 -0.0143391 0.00597161)
(0.00628893 -0.0130625 0.00588004)
(0.00737918 -0.0143769 0.00563091)
(0.0083887 -0.0166107 0.00666564)
(0.00829386 -0.016517 0.00677197)
(0.00901816 -0.0175315 0.00680155)
(0.00867195 -0.0170388 0.00671762)
(0.00867055 -0.0171038 0.00675947)
(0.00823973 -0.0161986 0.00655788)
(0.00864383 -0.0172861 0.0070925)
(0.0093467 -0.0182768 0.00719611)
(0.0091117 -0.0179813 0.00721013)
(0.00860346 -0.0172254 0.00710377)
(0.0090021 -0.018213 0.00708497)
(0.00874697 -0.018376 0.00766756)
(0.00827932 -0.0171602 0.00723845)
(0.00831739 -0.0182559 0.00772254)
(0.0086746 -0.0181887 0.00772119)
(0.00845156 -0.0177679 0.00753664)
(0.00850134 -0.0171086 0.00714037)
(0.00673492 -0.0138881 0.0054787)
(0.00704793 -0.0146098 0.00551157)
(0.00734219 -0.0144121 0.00585595)
(0.00681405 -0.0136012 0.00568836)
(0.00740321 -0.0144168 0.00601625)
(0.00624721 -0.0129867 0.00518308)
(0.00717154 -0.01413 0.00592742)
(0.00757089 -0.0146308 0.00614949)
(0.00762195 -0.014125 0.00638956)
(0.00753385 -0.0153387 0.00616852)
(0.00778649 -0.0148966 0.00615)
(0.00762479 -0.0145456 0.00654808)
(0.00713471 -0.0144599 0.0059673)
(0.00792914 -0.0150299 0.00665577)
(0.00657529 -0.0147869 0.00552401)
(0.00721188 -0.0150657 0.00597511)
(0.00697164 -0.0144787 0.0060422)
(0.00660541 -0.0143092 0.00538456)
(0.00766711 -0.015489 0.00657227)
(0.00741408 -0.01461 0.00611395)
(0.00754117 -0.0144609 0.00619866)
(0.00782358 -0.0159756 0.00625706)
(0.00690739 -0.0145648 0.00576466)
(0.00733929 -0.0153096 0.00604887)
(0.0075037 -0.0146342 0.00638977)
(0.00800774 -0.0169952 0.00735446)
(0.00858705 -0.0151195 0.00617331)
(0.00721858 -0.0139251 0.00606888)
(0.00717722 -0.0141229 0.00571905)
(0.0074765 -0.0153531 0.0062883)
(0.00744432 -0.0155244 0.00659209)
(0.00780949 -0.0149921 0.00627414)
(0.00801788 -0.0151927 0.00589854)
(0.00817499 -0.0163495 0.006729)
(0.00791641 -0.0158123 0.00668854)
(0.00669653 -0.014719 0.00620939)
(0.00747088 -0.0156131 0.00642365)
(0.00781348 -0.0156909 0.00662032)
(0.00794902 -0.016129 0.00660955)
(0.00798825 -0.0160823 0.00659453)
(0.00753743 -0.0153925 0.00664628)
(0.00794489 -0.0161911 0.00692615)
(0.00829297 -0.0167442 0.0066233)
(0.0088578 -0.0177617 0.00730079)
(0.00904351 -0.0179409 0.00740334)
(0.00888113 -0.0180188 0.0073689)
(0.00879928 -0.0171412 0.00699275)
(0.00918072 -0.0180862 0.00737478)
(0.00868158 -0.0174594 0.00729282)
(0.00886957 -0.0181564 0.00767147)
(0.00967011 -0.0186944 0.00751373)
(0.00963173 -0.0197141 0.00816341)
(0.00917843 -0.0189601 0.00802534)
(0.00880936 -0.0177577 0.00737627)
(0.00972338 -0.019585 0.00784434)
(0.00876328 -0.0172789 0.00704191)
(0.00900115 -0.018167 0.00744917)
(0.00926598 -0.0181141 0.00677037)
(0.00910154 -0.0185309 0.00772338)
(0.00828458 -0.0166672 0.00685375)
(0.00883957 -0.0173591 0.00700931)
(0.00800293 -0.016339 0.00670803)
(0.00854427 -0.0166745 0.00674915)
(0.00766029 -0.015958 0.006783)
(0.00795695 -0.0159592 0.00649769)
(0.00807051 -0.016328 0.00680105)
(0.00797298 -0.0160739 0.00662563)
(0.00795127 -0.0159592 0.0065328)
(0.00792377 -0.0162342 0.00692243)
(0.00803428 -0.0162684 0.00665273)
(0.00685577 -0.0139998 0.00631571)
(0.00756836 -0.0154688 0.00621212)
(0.00752834 -0.0156028 0.0061656)
(0.00773184 -0.0155143 0.00644055)
(0.00775768 -0.0158561 0.00659499)
(0.00739951 -0.0153839 0.0066324)
(0.00728139 -0.0146275 0.00615868)
(0.00784267 -0.0155087 0.00604859)
(0.00728297 -0.0145382 0.00612089)
(0.00731119 -0.0145885 0.00608707)
(0.00771311 -0.0153226 0.00622993)
(0.00723903 -0.0148043 0.00595816)
(0.007351 -0.0149028 0.00596249)
(0.00713448 -0.0143987 0.0059996)
(0.0118348 -0.0244095 0.00957709)
(0.0110786 -0.0229265 0.00911275)
(0.0113698 -0.0224839 0.00889539)
(0.0115123 -0.0222915 0.0091803)
(0.0107088 -0.0228741 0.00916006)
(0.0110531 -0.0235908 0.00899216)
(0.00862967 -0.0170985 0.00662578)
(0.00829233 -0.0162851 0.00623031)
(0.00818736 -0.0163587 0.00608311)
(0.00834105 -0.0166314 0.0065256)
(0.00863233 -0.0170485 0.00692376)
(0.00858259 -0.0170468 0.00665453)
(0.0106916 -0.0228363 0.00905033)
(0.0115142 -0.0226678 0.0095484)
(0.0121412 -0.0236984 0.00975392)
(0.0109629 -0.0230766 0.0090538)
(0.0104681 -0.0220022 0.00890891)
(0.0118394 -0.0232076 0.00966111)
(0.0153796 -0.0294018 0.0120935)
(0.015701 -0.0300078 0.0123365)
(0.0158244 -0.0308113 0.0123368)
(0.013475 -0.027767 0.0113396)
(0.0125148 -0.0261235 0.0108434)
(0.0118937 -0.0243933 0.010158)
(0.0461707 -0.0669815 0.0181003)
(0.0186123 -0.0918672 0.0257658)
(0.0467902 -0.141083 0.0272747)
(0.0622344 -0.122476 0.0236295)
(0.0205968 -0.0374224 0.0152989)
(0.0490351 -0.0814363 0.0230071)
(0.0463523 -0.0728657 0.0233822)
(0.0690497 -0.104734 0.0206363)
(0.0265043 -0.052624 0.0193113)
(0.0305299 -0.0596013 0.0206473)
(0.0255339 -0.057652 0.0301316)
(0.0371545 -0.0825621 0.0530359)
(0.0289483 -0.0601908 0.0363906)
(0.0203536 -0.0433148 0.0201787)
(0.0439683 -0.110524 0.0839662)
(0.056385 -0.101275 0.0850651)
(0.0399344 -0.0831184 0.060183)
(0.00693815 -0.0138765 0.00560865)
(0.0074258 -0.0148079 0.00626092)
(0.00725398 -0.0145207 0.00601704)
(0.00757747 -0.0157703 0.00662226)
(0.00747599 -0.0147658 0.00568499)
(0.00749157 -0.0154089 0.00627976)
(0.0206726 -0.0416852 0.0163507)
(0.0554079 -0.106064 0.0233745)
(0.0227982 -0.0503485 0.0180501)
(0.0237723 -0.0493942 0.0177127)
(0.019625 -0.0411482 0.0164585)
(0.0176313 -0.0356121 0.0144829)
(0.0304746 -0.0664503 0.0233921)
(0.0437526 -0.0977674 0.030323)
(0.0102492 -0.0210882 0.00878361)
(0.00996236 -0.0208161 0.00869895)
(0.0108335 -0.0216294 0.00908159)
(0.0103259 -0.0213279 0.00891214)
(0.0108207 -0.0211817 0.00879245)
(0.010688 -0.0213917 0.00862553)
(0.0118163 -0.0228674 0.00958397)
(0.0122632 -0.0262637 0.0106468)
(0.0130642 -0.0258825 0.010431)
(0.0112834 -0.0239188 0.0102396)
(0.0130337 -0.0246491 0.00955491)
(0.00978967 -0.0198447 0.00819863)
(0.00983514 -0.0198047 0.0081385)
(0.010079 -0.020271 0.0082805)
(0.0104227 -0.020721 0.00851811)
(0.00980604 -0.019956 0.00815233)
(0.0101503 -0.0199495 0.00807388)
(0.0076964 -0.0151464 0.00644639)
(0.00685721 -0.0145559 0.00587965)
(0.00855638 -0.0158946 0.00707211)
(0.00705658 -0.0154262 0.00571459)
(0.00766158 -0.0146414 0.0065931)
(0.00775814 -0.0171517 0.00679935)
(0.00735802 -0.0159502 0.00593242)
(0.00789857 -0.0161686 0.00714222)
(0.00809845 -0.0175714 0.00685834)
(0.00769303 -0.0163056 0.00615128)
(0.00785543 -0.017746 0.00669022)
(0.00748182 -0.0167192 0.00638538)
(0.00766051 -0.0150597 0.00650694)
(0.00789264 -0.0163828 0.00668421)
(0.00776098 -0.0164096 0.00636055)
(0.00739104 -0.0149671 0.00658656)
(0.00805626 -0.0156356 0.00728774)
(0.0073378 -0.0153405 0.00623521)
(0.00746702 -0.0153903 0.00579114)
(0.00728631 -0.0150365 0.00639221)
(0.00785142 -0.0158879 0.00619873)
(0.00759543 -0.0152704 0.00635224)
(0.00803453 -0.016449 0.00724492)
(0.00808877 -0.0160622 0.00642328)
(0.0149198 -0.0302677 0.0136818)
(0.0126706 -0.0252219 0.0108547)
(0.0149167 -0.0294057 0.0127773)
(0.0142195 -0.0271621 0.0131297)
(0.0179453 -0.0348256 0.0173476)
(0.0138802 -0.0274637 0.0132917)
(0.00934672 -0.0205047 0.00807968)
(0.00898613 -0.0186658 0.007952)
(0.00867665 -0.0192031 0.00786792)
(0.00924139 -0.0192154 0.00787697)
(0.00889108 -0.0199978 0.00786479)
(0.00829344 -0.0180869 0.00721018)
(0.00833176 -0.0160409 0.0062986)
(0.00781114 -0.0167988 0.00732076)
(0.00871743 -0.016957 0.00707013)
(0.00813633 -0.0170363 0.00771196)
(0.00834235 -0.0163656 0.00698392)
(0.00810211 -0.0165851 0.00732874)
(0.00833798 -0.0161815 0.00676513)
(0.00831256 -0.0159995 0.00646749)
(0.00805173 -0.0159366 0.00672128)
(0.00801647 -0.0157871 0.00661851)
(0.00838465 -0.0161983 0.00666716)
(0.00842949 -0.0164583 0.00691327)
(0.0104499 -0.0214726 0.00804219)
(0.0107652 -0.0221357 0.00832592)
(0.00987402 -0.0195388 0.00784987)
(0.0102894 -0.0204595 0.00787118)
(0.0111062 -0.022072 0.00814126)
(0.0102375 -0.0210062 0.00806765)
(0.0156385 -0.0299915 0.0107781)
(0.0152972 -0.0287876 0.0121873)
(0.0166458 -0.0310126 0.0125004)
(0.0133696 -0.0258338 0.0102814)
(0.0127783 -0.0247957 0.00964223)
(0.0131646 -0.0256654 0.0099724)
(0.00865346 -0.0166063 0.00658264)
(0.00795077 -0.0161386 0.00669645)
(0.00844779 -0.0174243 0.0072791)
(0.00788198 -0.0163 0.00683392)
(0.00795975 -0.0162508 0.00673866)
(0.00755851 -0.0150035 0.00626717)
(0.0165404 -0.0302557 0.0136483)
(0.0147332 -0.0288131 0.0130989)
(0.018201 -0.0343093 0.0162531)
(0.0182134 -0.0341632 0.0165629)
(0.0272266 -0.0495106 0.0276698)
(0.0138079 -0.024978 0.0106881)
(0.0170248 -0.0309539 0.0136625)
(0.0132021 -0.0254319 0.0115976)
(0.0140753 -0.0262994 0.0113215)
(0.0144844 -0.0281933 0.0122402)
(0.0178975 -0.0332289 0.0152486)
(0.0208814 -0.0353638 0.0160099)
(0.0267187 -0.0454964 0.0253358)
(0.0449212 -0.0665169 0.056908)
(0.0527532 -0.0645804 0.0266921)
(0.019932 -0.0351143 0.0172238)
(0.0330998 -0.0473515 0.0221924)
(0.00715028 -0.0157661 0.00635978)
(0.0079602 -0.0161227 0.00656907)
(0.00823238 -0.0170531 0.0069286)
(0.0074469 -0.0163765 0.00662535)
(0.00776894 -0.0165606 0.00703006)
(0.0086698 -0.0176266 0.00708371)
(0.00832462 -0.0165521 0.00672582)
(0.00825115 -0.018016 0.00681678)
(0.00803749 -0.0162681 0.00667417)
(0.00854897 -0.0173512 0.00707708)
(0.00756052 -0.0163741 0.00650639)
(0.00802819 -0.0172779 0.00667281)
(0.00814213 -0.0170804 0.00630797)
(0.00762803 -0.0161398 0.00628337)
(0.00793217 -0.0168156 0.00634084)
(0.0081122 -0.0163457 0.00649744)
(0.00834795 -0.0180122 0.00655942)
(0.00821356 -0.0168411 0.00664381)
(0.00760683 -0.0166195 0.00664584)
(0.00682615 -0.0154762 0.00578475)
(0.0085402 -0.0158677 0.00676284)
(0.00828028 -0.0160083 0.00698278)
(0.00751944 -0.0166617 0.00615105)
(0.0077943 -0.0165609 0.00620749)
(0.00659407 -0.0126734 0.00523018)
(0.00669731 -0.0131514 0.00549896)
(0.0067753 -0.0137169 0.00566781)
(0.00652547 -0.0134779 0.00560901)
(0.00692013 -0.0140515 0.00601492)
(0.00672671 -0.0136187 0.00561332)
(0.00648796 -0.0130105 0.00526638)
(0.00672489 -0.0133809 0.00577251)
(0.00715584 -0.014285 0.00626246)
(0.00880408 -0.0171878 0.00716369)
(0.0079988 -0.016342 0.00645157)
(0.00705996 -0.0145713 0.00624048)
(0.00725534 -0.0146974 0.00626903)
(0.0069574 -0.0139221 0.00586311)
(0.00690368 -0.0142612 0.00600682)
(0.0164179 -0.030267 0.0136677)
(0.0146582 -0.0269211 0.0115109)
(0.0633374 -0.080743 0.0680516)
(0.026997 -0.0446467 0.0218479)
(0.0407553 -0.062486 0.0387545)
(0.0675617 -0.0774497 0.0592651)
(0.0299365 -0.04866 0.0269943)
(0.0408 -0.0642355 0.0405973)
(0.0723644 -0.0853312 0.0695571)
(0.0572731 -0.0707914 0.0395384)
(0.0852333 -0.0997821 0.0780273)
(0.00688573 -0.0144937 0.00626917)
(0.00727443 -0.0149289 0.0062179)
(0.00761522 -0.0151269 0.00625558)
(0.00712706 -0.0149898 0.00654684)
(0.00665112 -0.0135212 0.00567627)
(0.0073134 -0.0141452 0.00626443)
(0.00695367 -0.013684 0.00567613)
(0.00806985 -0.0151367 0.00664291)
(0.00721162 -0.0137191 0.00580382)
(0.00684004 -0.0139059 0.00526246)
(0.00748561 -0.0150726 0.00536851)
(0.013045 -0.026781 0.0104013)
(0.0142552 -0.0270796 0.0117931)
(0.0157598 -0.0308139 0.011988)
(0.0117497 -0.0235873 0.00961141)
(0.0116098 -0.0236837 0.00935326)
(0.0106202 -0.0220634 0.00843988)
(0.0109641 -0.0214077 0.00900616)
(0.0107565 -0.022927 0.00837002)
(0.0102365 -0.021244 0.00843012)
(0.0117817 -0.0238317 0.00947865)
(0.0118598 -0.0241084 0.00921937)
(0.0123445 -0.0243576 0.0097491)
(0.0108122 -0.0220373 0.00852234)
(0.0108538 -0.0220501 0.00862896)
(0.0104369 -0.0218071 0.00812841)
(0.0106749 -0.0208014 0.00838125)
(0.0111349 -0.0219177 0.00853983)
(0.00817653 -0.01625 0.00661927)
(0.00777905 -0.0155884 0.00642994)
(0.00790027 -0.0158334 0.00696072)
(0.00806748 -0.015771 0.00681354)
(0.00812454 -0.0162307 0.00690435)
(0.00789165 -0.0160246 0.00685867)
(0.00819086 -0.0162305 0.00662877)
(0.00855531 -0.0160449 0.00629947)
(0.00786631 -0.0156331 0.00683329)
(0.00818649 -0.01564 0.00650422)
(0.00826266 -0.0156205 0.00625119)
(0.00806729 -0.015582 0.00636241)
(0.00766683 -0.0155802 0.00649925)
(0.00797487 -0.0154785 0.00626185)
(0.00829249 -0.0171018 0.00730919)
(0.00902952 -0.017884 0.00743855)
(0.00793167 -0.0159362 0.00665603)
(0.0081245 -0.0167477 0.0071126)
(0.00810874 -0.0160541 0.00640119)
(0.00843543 -0.0168129 0.00662402)
(0.00908267 -0.0182169 0.0077458)
(0.0139902 -0.0284807 0.0116735)
(0.00709168 -0.0144758 0.00602414)
(0.00699221 -0.0143076 0.00596623)
(0.00670206 -0.0139842 0.0057136)
(0.006898 -0.0143494 0.00601056)
(0.00754544 -0.0152582 0.00649267)
(0.0111295 -0.022857 0.00943796)
(0.0109836 -0.0232838 0.00955082)
(0.0171137 -0.035506 0.0143608)
(0.0193353 -0.0401338 0.0147709)
(0.0152063 -0.0302329 0.0117469)
(0.0169331 -0.0322761 0.0123029)
(0.0161166 -0.0321957 0.0124282)
(0.0172767 -0.0348784 0.0133994)
(0.0117506 -0.0234818 0.00954431)
(0.0148932 -0.0304203 0.0117707)
(0.0138384 -0.0257077 0.0103794)
(0.0159823 -0.0335108 0.013624)
(0.0146163 -0.0310509 0.0123937)
(0.0144685 -0.0296241 0.0120302)
(0.0153685 -0.0327381 0.0131548)
(0.0159556 -0.0327039 0.0130195)
(0.0144613 -0.0278888 0.0112873)
(0.0149616 -0.0314537 0.0126463)
(0.0112077 -0.0214132 0.00889524)
(0.0107273 -0.0215498 0.00882278)
(0.0110915 -0.0217682 0.00885713)
(0.0111559 -0.0228498 0.00941597)
(0.0105972 -0.0222833 0.00957756)
(0.00848585 -0.0171685 0.00684435)
(0.00680934 -0.0147009 0.00563621)
(0.00731776 -0.0162224 0.00639471)
(0.00715611 -0.0151394 0.00602225)
(0.00774548 -0.0154459 0.00657597)
(0.00717983 -0.0142168 0.00608347)
(0.00708077 -0.0147821 0.00607567)
(0.00726536 -0.0142103 0.00604069)
(0.00737117 -0.0143507 0.0061784)
(0.00706572 -0.0139281 0.0060294)
(0.00755646 -0.0163259 0.00598627)
(0.0073122 -0.0147049 0.00630862)
(0.0392535 -0.112377 0.0774282)
(0.0161987 -0.0326478 0.0145133)
(0.019073 -0.0375832 0.0182149)
(0.0163412 -0.0336495 0.0149189)
(0.0071608 -0.0149768 0.00639944)
(0.0796421 -0.114013 0.0251366)
(0.0619501 -0.105142 0.0191358)
(0.0176617 -0.0350013 0.0137834)
(0.0180496 -0.0360871 0.0141089)
(0.0181344 -0.0351716 0.0131483)
(0.0662997 -0.131417 0.0188203)
(0.0212014 -0.0432267 0.0158704)
(0.0190516 -0.0412564 0.0153775)
(0.0288635 -0.0550697 0.0165946)
(0.0417795 -0.0740426 0.0242879)
(0.0227152 -0.0528761 0.0174255)
(0.0299755 -0.0531157 0.0200608)
(0.0183619 -0.0362858 0.0139799)
(0.0171997 -0.0356187 0.0137514)
(0.0149643 -0.0317717 0.0127986)
(0.0159653 -0.0366354 0.0131689)
(0.0122189 -0.0246076 0.0101081)
(0.0161483 -0.0336998 0.0133296)
(0.0136427 -0.029397 0.0116447)
(0.0161532 -0.0337699 0.0131929)
(0.0150412 -0.031201 0.01259)
(0.0113302 -0.0246894 0.0102607)
(0.0131202 -0.0276892 0.0114816)
(0.0118681 -0.0260039 0.0107032)
(0.0128761 -0.028521 0.0118847)
(0.0129068 -0.0262778 0.0105146)
(0.0113928 -0.0243968 0.0101068)
(0.0120463 -0.0253024 0.0105895)
(0.0116223 -0.0245797 0.0102217)
(0.011335 -0.0229315 0.00958212)
(0.00849505 -0.0168652 0.00651473)
(0.00833287 -0.0164769 0.00655529)
(0.0087161 -0.0175242 0.00714447)
(0.00894566 -0.0178212 0.00704339)
(0.00894886 -0.0178549 0.00718522)
(0.00842136 -0.0169553 0.00676675)
(0.00916735 -0.0186821 0.00760771)
(0.0085995 -0.0174986 0.00700726)
(0.00991589 -0.0204768 0.00786398)
(0.0197614 -0.0348571 0.014583)
(0.0463034 -0.0542772 0.0355001)
(0.019451 -0.034005 0.0146963)
(0.0252421 -0.043531 0.0156612)
(0.0215462 -0.0380489 0.0151773)
(0.0170458 -0.0312204 0.012862)
(0.0199177 -0.0365226 0.0136777)
(0.0801252 -0.1075 0.0262101)
(0.0536618 -0.0840083 0.0245424)
(0.0198601 -0.0344931 0.01484)
(0.0115891 -0.0242589 0.00942058)
(0.017892 -0.0319148 0.014282)
(0.0131805 -0.0265238 0.0105708)
(0.0136953 -0.0279337 0.0108072)
(0.0111818 -0.0224391 0.00919701)
(0.0106209 -0.0223577 0.00841245)
(0.0110031 -0.0229402 0.00917177)
(0.0112805 -0.0239297 0.00899655)
(0.010237 -0.0223755 0.00868624)
(0.0111549 -0.0233447 0.00868636)
(0.0126872 -0.0252771 0.0106251)
(0.013872 -0.0276368 0.0113854)
(0.012266 -0.0247829 0.0101705)
(0.01494 -0.0296417 0.0121445)
(0.0134129 -0.0280937 0.0111297)
(0.015687 -0.0317813 0.0124079)
(0.0257692 -0.0445282 0.0171115)
(0.0181884 -0.0349285 0.0141555)
(0.0153679 -0.0325867 0.0121024)
(0.0373853 -0.0595462 0.0227982)
(0.0245027 -0.0412738 0.0174569)
(0.0171856 -0.0335965 0.0131857)
(0.0444974 -0.0762622 0.0153434)
(0.0299615 -0.0461747 0.0206884)
(0.0934252 -0.108978 0.037672)
(0.0527357 -0.0806423 0.024819)
(0.0855369 -0.109985 0.031247)
(0.0353215 -0.0585631 0.020388)
(0.0228433 -0.043691 0.0144368)
(0.0367216 -0.0591706 0.0202775)
(0.0581091 -0.0800448 0.0247026)
(0.00717072 -0.0141696 0.00590775)
(0.00755491 -0.01491 0.00635077)
(0.00702181 -0.0138738 0.00579826)
(0.00717756 -0.0144652 0.00580673)
(0.007434 -0.0148602 0.00563294)
(0.00716734 -0.0143303 0.00605307)
(0.00789397 -0.0158428 0.00623828)
(0.00721179 -0.0146067 0.00598655)
(0.00784846 -0.0152874 0.00580543)
(0.00771746 -0.01587 0.00648084)
(0.00736836 -0.0146332 0.00608726)
(0.00764593 -0.0150895 0.00691947)
(0.00690429 -0.0137446 0.00607185)
(0.00708664 -0.0146774 0.00611898)
(0.00757857 -0.0153932 0.00629341)
(0.00771253 -0.0164588 0.0072023)
(0.00731432 -0.0158171 0.00682494)
(0.00949399 -0.0194263 0.0079182)
(0.00962434 -0.0194022 0.00785946)
(0.00920496 -0.0186826 0.00788942)
(0.00934157 -0.019143 0.00780609)
(0.00731965 -0.0151176 0.00605756)
(0.00735997 -0.0150915 0.0065515)
(0.00734076 -0.0147711 0.00622537)
(0.00766839 -0.015801 0.00671629)
(0.00774118 -0.0157228 0.006499)
(0.00746216 -0.0149013 0.006335)
(0.00774555 -0.0158108 0.00657018)
(0.00825592 -0.0167075 0.00680682)
(0.00782052 -0.0157992 0.00647316)
(0.00742485 -0.0151596 0.00654366)
(0.00763905 -0.0157177 0.00697825)
(0.00784951 -0.0158502 0.00622978)
(0.00796607 -0.0165383 0.00678992)
(0.00787538 -0.0156783 0.00647227)
(0.00859943 -0.0176661 0.00682396)
(0.00826574 -0.01686 0.00692136)
(0.00778623 -0.0160309 0.00691645)
(0.00828878 -0.0164853 0.00651588)
(0.0076533 -0.0156433 0.00678972)
(0.00824571 -0.0164892 0.00721729)
(0.00831253 -0.0165532 0.00694473)
(0.00912801 -0.0185023 0.00829594)
(0.00952471 -0.0185012 0.00714078)
(0.00786152 -0.0165825 0.00741605)
(0.00850822 -0.0175078 0.00655796)
(0.00875076 -0.0178468 0.00716208)
(0.00823876 -0.0167439 0.00739031)
(0.00856204 -0.0174629 0.00703926)
(0.00791095 -0.0161335 0.00697885)
(0.00868431 -0.0171055 0.00675421)
(0.00839686 -0.0166746 0.00679691)
(0.00873924 -0.0179667 0.0073566)
(0.00819195 -0.0168258 0.00710357)
(0.00799792 -0.0159955 0.00666094)
(0.00785068 -0.0158376 0.00626734)
(0.00818503 -0.0167971 0.00680926)
(0.00779429 -0.0162604 0.00678992)
(0.00751291 -0.0151056 0.00612744)
(0.00736996 -0.015817 0.00621221)
(0.00797439 -0.0177032 0.00631252)
(0.00773556 -0.0164677 0.00710816)
(0.00842276 -0.0178103 0.00708524)
(0.00802864 -0.0162508 0.00613971)
(0.00786813 -0.0147509 0.00616164)
(0.00715833 -0.01536 0.00673015)
(0.00745123 -0.0143693 0.00588122)
(0.00750454 -0.0158798 0.00627286)
(0.00689934 -0.0139422 0.00594956)
(0.00819355 -0.0156444 0.00663989)
(0.00699871 -0.0149394 0.00596688)
(0.00845167 -0.0152038 0.00645517)
(0.00771093 -0.0145532 0.00595813)
(0.00721908 -0.0148786 0.00605447)
(0.00728827 -0.0144849 0.0060139)
(0.00707112 -0.0150289 0.00605137)
(0.00703026 -0.0149884 0.00623792)
(0.00702024 -0.0147146 0.00610612)
(0.00721681 -0.0142764 0.00588157)
(0.00795083 -0.0155183 0.00644494)
(0.00713458 -0.0140366 0.00596323)
(0.00719505 -0.0140586 0.00581409)
(0.00653592 -0.013821 0.005636)
(0.00746319 -0.0139346 0.00614916)
(0.00771533 -0.0146833 0.00632369)
(0.00824153 -0.0180698 0.00714825)
(0.00762612 -0.0155025 0.00616855)
(0.0083054 -0.0156547 0.00652592)
(0.00833905 -0.0165825 0.00701764)
(0.00794295 -0.0157273 0.00676332)
(0.00779807 -0.0166465 0.00680239)
(0.00883867 -0.0174752 0.00694813)
(0.00847161 -0.0168268 0.00693006)
(0.00885503 -0.0186026 0.00744023)
(0.00861086 -0.0175771 0.00726719)
(0.00862189 -0.0170508 0.0068943)
(0.00856649 -0.0179316 0.00729762)
(0.00831586 -0.0172002 0.00721169)
(0.00847451 -0.0170195 0.00705161)
(0.00860187 -0.0162877 0.00672824)
(0.00956953 -0.0186215 0.00759641)
(0.00968015 -0.0196591 0.00829159)
(0.00949529 -0.0192025 0.00797036)
(0.00948552 -0.0203172 0.00861324)
(0.00876356 -0.0185913 0.00775363)
(0.00957752 -0.0194048 0.00819056)
(0.00883327 -0.0187952 0.00803583)
(0.00877671 -0.0187708 0.00781177)
(0.00958553 -0.0194976 0.00795356)
(0.00902291 -0.0195393 0.00830309)
(0.00932598 -0.0199605 0.00839228)
(0.0100142 -0.0205755 0.00846099)
(0.00968272 -0.0197576 0.00801811)
(0.00925344 -0.0194371 0.00800633)
(0.012607 -0.0245476 0.00957997)
(0.0100641 -0.020175 0.0078316)
(0.0110641 -0.0214576 0.00816276)
(0.00910695 -0.0184696 0.00738922)
(0.00974771 -0.0191783 0.00765922)
(0.0102303 -0.0205752 0.008631)
(0.0110892 -0.0221501 0.00913844)
(0.0108752 -0.0215046 0.00906385)
(0.0107305 -0.0207883 0.0087041)
(0.00990006 -0.0197783 0.00767539)
(0.011312 -0.0213134 0.00819209)
(0.0109394 -0.0210682 0.00827661)
(0.0102958 -0.020169 0.00799419)
(0.00892804 -0.0175669 0.0068421)
(0.0117333 -0.0219012 0.00885379)
(0.010938 -0.0209022 0.00808478)
(0.00933455 -0.017994 0.00688957)
(0.00973082 -0.018632 0.00742265)
(0.00915 -0.018122 0.00757478)
(0.01064 -0.0208201 0.00777436)
(0.00771744 -0.0153913 0.00640773)
(0.00651262 -0.013497 0.00501451)
(0.00676911 -0.0131483 0.00581734)
(0.00748953 -0.0145105 0.00591039)
(0.0068066 -0.0144853 0.00547136)
(0.0071473 -0.013964 0.00510437)
(0.00706662 -0.0141588 0.00550065)
(0.00687394 -0.013399 0.00530256)
(0.00693444 -0.0136185 0.00584544)
(0.00771014 -0.0143777 0.00589995)
(0.00652276 -0.013646 0.00593123)
(0.00745716 -0.0144192 0.00573294)
(0.0077251 -0.0146889 0.00615393)
(0.00658739 -0.0134599 0.00616868)
(0.00723832 -0.0144318 0.00599182)
(0.006834 -0.0136752 0.00593485)
(0.00769862 -0.0152298 0.00604709)
(0.00729174 -0.0145452 0.00609424)
(0.00677926 -0.0135577 0.00547729)
(0.00703882 -0.0140756 0.00554675)
(0.00654866 -0.0135351 0.00591913)
(0.00721075 -0.0142878 0.005586)
(0.00676823 -0.0135879 0.00558415)
(0.00748981 -0.0144733 0.00601134)
(0.00658277 -0.0134806 0.005628)
(0.00651174 -0.0134602 0.00587602)
(0.00738968 -0.0145154 0.00606622)
(0.00646368 -0.0129293 0.00538456)
(0.00683894 -0.0139368 0.00621355)
(0.00696198 -0.0136643 0.00584684)
(0.00778709 -0.0153427 0.00636111)
(0.00715472 -0.0139982 0.00560384)
(0.00747643 -0.0148062 0.00637396)
(0.0067034 -0.0135642 0.00553486)
(0.00661874 -0.0135169 0.00579003)
(0.00712968 -0.0141732 0.00544197)
(0.0067929 -0.0135534 0.00545716)
(0.00672681 -0.0136594 0.00586636)
(0.00653623 -0.0133826 0.00561234)
(0.0067517 -0.0135402 0.00554061)
(0.00678779 -0.013603 0.00573259)
(0.00663646 -0.0138295 0.00582449)
(0.00670383 -0.0133818 0.00552024)
(0.00662218 -0.0129154 0.00526721)
(0.00690333 -0.0145406 0.0060942)
(0.00663827 -0.0129002 0.00538502)
(0.00666073 -0.01391 0.00589605)
(0.00666615 -0.0138493 0.00577178)
(0.00681326 -0.013897 0.00585784)
(0.00694421 -0.0148586 0.00634061)
(0.00630489 -0.0138817 0.00610956)
(0.00680258 -0.0136665 0.00567191)
(0.00684924 -0.0137236 0.00575983)
(0.00645236 -0.0126242 0.00515351)
(0.0072209 -0.0140782 0.00596824)
(0.00667509 -0.0135839 0.00564906)
(0.00682729 -0.0135201 0.00555128)
(0.00669266 -0.0134835 0.00560364)
(0.00684275 -0.0135089 0.00562049)
(0.00652501 -0.0131792 0.00553993)
(0.00664886 -0.0134919 0.00545085)
(0.00689194 -0.0138968 0.00598992)
(0.00638647 -0.0132126 0.00543449)
(0.00682559 -0.0132645 0.00534898)
(0.00689695 -0.0135223 0.00550295)
(0.0068833 -0.0128588 0.00508177)
(0.0072026 -0.0144123 0.00591183)
(0.00741282 -0.0146373 0.00591207)
(0.00717226 -0.0140736 0.00595613)
(0.0074757 -0.0149946 0.00599406)
(0.00721537 -0.0142836 0.00572978)
(0.00712863 -0.0143088 0.00604992)
(0.00703881 -0.0141986 0.00590407)
(0.0071753 -0.0143799 0.00582126)
(0.00706573 -0.0149439 0.00661354)
(0.00809271 -0.0154752 0.00624887)
(0.00721917 -0.0143849 0.00635179)
(0.00718824 -0.0143725 0.00632268)
(0.0077085 -0.0153675 0.00596901)
(0.00816939 -0.0159965 0.00634942)
(0.00706359 -0.0144132 0.00599617)
(0.00784848 -0.0154686 0.00642141)
(0.00794713 -0.0157987 0.00604102)
(0.00851932 -0.0163755 0.00652032)
(0.00767763 -0.0149571 0.00591208)
(0.00777135 -0.015275 0.00640233)
(0.00721189 -0.0144561 0.00615852)
(0.00762225 -0.0150759 0.00611085)
(0.007968 -0.0159184 0.00661699)
(0.00755357 -0.0152999 0.00642147)
(0.00759048 -0.0149013 0.00633129)
(0.00797876 -0.014738 0.00572275)
(0.00717509 -0.0149282 0.00638474)
(0.00768202 -0.0149729 0.00587319)
(0.00712496 -0.0144289 0.0060395)
(0.0068672 -0.014624 0.00633841)
(0.00710787 -0.0143543 0.00591759)
(0.00731755 -0.0142349 0.00571074)
(0.00774843 -0.015614 0.00645161)
(0.00708862 -0.0142225 0.00593189)
(0.00723215 -0.0151814 0.00677413)
(0.00692001 -0.0138435 0.00562815)
(0.00697111 -0.013875 0.00574857)
(0.00719355 -0.0138915 0.00570857)
(0.00712005 -0.0139364 0.00569386)
(0.00713012 -0.0141024 0.00598319)
(0.00655126 -0.0129813 0.00535592)
(0.00647881 -0.0130361 0.00539625)
(0.00691762 -0.0135545 0.00564205)
(0.00669036 -0.0132562 0.00572774)
(0.00709781 -0.0137246 0.00576832)
(0.00633823 -0.0128748 0.00548876)
(0.00652053 -0.013124 0.00557269)
(0.00633924 -0.0130431 0.00545144)
(0.00821215 -0.0168636 0.00715726)
(0.0127924 -0.025692 0.0119768)
(0.0105963 -0.0205269 0.00936036)
(0.00855109 -0.0175677 0.00766319)
(0.00891572 -0.0172547 0.00702461)
(0.0104072 -0.0209788 0.00913003)
(0.0134707 -0.0250331 0.0104649)
(0.0189606 -0.035672 0.0174349)
(0.028029 -0.0527627 0.0313599)
(0.0141811 -0.0266398 0.011736)
(0.0122564 -0.0241942 0.0104579)
(0.0107244 -0.021056 0.00894918)
(0.0110557 -0.0214589 0.00947583)
(0.0120127 -0.0221109 0.00992524)
(0.0104394 -0.0210974 0.00929424)
(0.0138948 -0.0281975 0.0123924)
(0.0144899 -0.0285907 0.0129851)
(0.0111075 -0.0244268 0.0103939)
(0.010563 -0.0232561 0.00993932)
(0.012583 -0.0272025 0.0118641)
(0.00970444 -0.0220469 0.00931094)
(0.0108422 -0.0229045 0.0102358)
(0.091909 -0.0995005 0.0635684)
(0.0861528 -0.0994876 0.0395785)
(0.0230392 -0.0692338 0.0454575)
(0.0439234 -0.0741488 0.0518277)
(0.00706042 -0.0152997 0.00661298)
(0.00730172 -0.0150975 0.00604764)
(0.00752004 -0.0152371 0.00632644)
(0.00785955 -0.0158731 0.00674282)
(0.00811864 -0.0160247 0.00675407)
(0.0078998 -0.0180772 0.00784338)
(0.00814013 -0.0174801 0.0075515)
(0.00834259 -0.0173858 0.00734636)
(0.00773742 -0.0156781 0.00661419)
(0.00784087 -0.0161543 0.00681643)
(0.00739959 -0.0155825 0.00645612)
(0.00833252 -0.0165873 0.00697882)
(0.00787517 -0.0163524 0.00681786)
(0.00747778 -0.0159735 0.00667114)
(0.00815469 -0.0188845 0.00754089)
(0.00693397 -0.0155371 0.00625246)
(0.00808806 -0.0175052 0.00755485)
(0.00797968 -0.015867 0.00691669)
(0.00869729 -0.0181548 0.00740303)
(0.00878145 -0.0180122 0.00764587)
(0.00832466 -0.01821 0.00739994)
(0.00824541 -0.0167988 0.0069456)
(0.0083902 -0.0177528 0.00744238)
(0.00827048 -0.0187519 0.00807792)
(0.00801559 -0.0173779 0.00740181)
(0.0068106 -0.0133097 0.00519253)
(0.00685986 -0.0153626 0.00629251)
(0.00746032 -0.0146804 0.00620653)
(0.00724614 -0.0150937 0.00630082)
(0.00645142 -0.0127833 0.00551589)
(0.00743178 -0.0148106 0.00647599)
(0.00608335 -0.012678 0.00514977)
(0.00674077 -0.0131339 0.00567013)
(0.00668317 -0.01378 0.00554789)
(0.00737397 -0.0142335 0.00635569)
(0.00633995 -0.0141233 0.00570096)
(0.00652292 -0.0130187 0.00538544)
(0.00621899 -0.0134141 0.00563298)
(0.00795229 -0.0143553 0.00620495)
(0.00852273 -0.0166527 0.00721535)
(0.00758561 -0.0157846 0.00673354)
(0.00790711 -0.0159854 0.00676789)
(0.00783181 -0.0161767 0.00684387)
(0.00778299 -0.0158488 0.00674064)
(0.00828185 -0.016775 0.0071281)
(0.00808957 -0.016542 0.00694576)
(0.00836635 -0.0168549 0.00711147)
(0.00810491 -0.0169017 0.00719305)
(0.00737392 -0.0156637 0.00687175)
(0.00756803 -0.0161908 0.00701059)
(0.00848131 -0.0170382 0.00729566)
(0.00803112 -0.0160493 0.00687058)
(0.00803136 -0.0165086 0.0070233)
(0.00814207 -0.0161222 0.00681356)
(0.00730461 -0.0148417 0.00611962)
(0.00694049 -0.0139559 0.00570961)
(0.00701204 -0.0143882 0.00599622)
(0.00700563 -0.0142415 0.00607115)
(0.0072707 -0.0139603 0.00589255)
(0.00733414 -0.0146438 0.00627269)
(0.007111 -0.0143232 0.00601521)
(0.00697454 -0.0146648 0.00616371)
(0.00780648 -0.0155318 0.00652181)
(0.00678591 -0.0145876 0.00633067)
(0.00723184 -0.0150934 0.00623484)
(0.00738434 -0.0151206 0.00619412)
(0.00709857 -0.0141247 0.00588936)
(0.00672384 -0.0139186 0.00562532)
(0.00759222 -0.0147727 0.00617642)
(0.00866935 -0.0180892 0.007558)
(0.0089573 -0.0202536 0.00821614)
(0.00862682 -0.0179754 0.00767635)
(0.00833282 -0.0190907 0.00786567)
(0.00809856 -0.0174866 0.00745467)
(0.00818846 -0.0172465 0.00733728)
(0.00802789 -0.0170365 0.00721868)
(0.00822376 -0.0168206 0.00684779)
(0.0080187 -0.0171657 0.00695585)
(0.00836544 -0.0177708 0.00710451)
(0.0085148 -0.0168264 0.00699835)
(0.00812 -0.0169994 0.00681332)
(0.00874534 -0.0173708 0.0070371)
(0.0069916 -0.0144985 0.00612467)
(0.00810275 -0.0149779 0.00665525)
(0.00769397 -0.0147311 0.00629274)
(0.0084606 -0.0155842 0.0071206)
(0.00756056 -0.0147198 0.00631225)
(0.00856654 -0.0160181 0.00696893)
(0.00776989 -0.0154687 0.00607871)
(0.00776078 -0.0157713 0.00631803)
(0.00752527 -0.0153767 0.00594226)
(0.00777933 -0.0148525 0.00680882)
(0.00690554 -0.0140019 0.0057518)
(0.00731242 -0.0143413 0.00623964)
(0.00677954 -0.0138898 0.0056621)
(0.00648238 -0.0134553 0.00554272)
(0.00691338 -0.0139595 0.00556197)
(0.00728493 -0.0151296 0.00599383)
(0.00742144 -0.0139236 0.00606432)
(0.00805734 -0.0158526 0.00688721)
(0.00721945 -0.0142299 0.00599375)
(0.00698305 -0.0151824 0.00582038)
(0.00674175 -0.0145691 0.00565592)
(0.00879651 -0.0201417 0.00690461)
(0.00822912 -0.0168814 0.00695289)
(0.00952384 -0.0216498 0.00705252)
(0.00908581 -0.0205345 0.00791927)
(0.010491 -0.0220116 0.00855961)
(0.0110239 -0.0216186 0.00881358)
(0.0104438 -0.0200372 0.00789378)
(0.0098358 -0.0202364 0.00797255)
(0.010096 -0.019484 0.0085657)
(0.00913363 -0.0179147 0.0081407)
(0.00883996 -0.0175819 0.0072918)
(0.00798542 -0.0163155 0.00707129)
(0.00857436 -0.017213 0.00722484)
(0.0073804 -0.0147924 0.00583678)
(0.00765604 -0.0154319 0.00591246)
(0.00754373 -0.0152185 0.00577739)
(0.00761374 -0.015454 0.00615498)
(0.00735064 -0.0149759 0.005907)
(0.00752165 -0.0150176 0.00639386)
(0.00805538 -0.0158665 0.00647715)
(0.00770508 -0.0156839 0.00645892)
(0.00748533 -0.0151073 0.00606678)
(0.00809285 -0.0159525 0.0066813)
(0.00764602 -0.0154928 0.00658625)
(0.00757711 -0.015333 0.00619945)
(0.00727372 -0.0149285 0.00629615)
(0.0096781 -0.0182298 0.0079956)
(0.00819379 -0.0167232 0.00691478)
(0.00863414 -0.0176239 0.00713808)
(0.00777218 -0.0158127 0.00660058)
(0.00933771 -0.0181251 0.00691879)
(0.00894258 -0.0178638 0.0074333)
(0.00787703 -0.0164134 0.00626269)
(0.0100803 -0.0211149 0.00884998)
(0.0103441 -0.022075 0.00894672)
(0.0105611 -0.0215042 0.00863438)
(0.00900313 -0.0192453 0.00796175)
(0.00891007 -0.0168597 0.00738237)
(0.0108365 -0.0203247 0.00803342)
(0.0100903 -0.0190954 0.00804303)
(0.0103854 -0.0215126 0.00887931)
(0.00885397 -0.0177742 0.00747907)
(0.00912917 -0.0197673 0.00778339)
(0.00885236 -0.0211362 0.00785911)
(0.0100554 -0.0206591 0.00848178)
(0.0104011 -0.021755 0.0090549)
(0.0095144 -0.0211999 0.00785621)
(0.009546 -0.0211101 0.00790303)
(0.0101173 -0.0193809 0.00859544)
(0.010154 -0.0198664 0.00832471)
(0.00815343 -0.0160249 0.0062945)
(0.00839903 -0.0159341 0.00697659)
(0.00748487 -0.0153143 0.00629662)
(0.00774956 -0.0150475 0.00621774)
(0.00944232 -0.0200189 0.0081829)
(0.0127666 -0.0259814 0.0112536)
(0.0399868 -0.130543 0.0802679)
(0.00843354 -0.0172043 0.00668589)
(0.00946099 -0.0195498 0.0080097)
(0.0086489 -0.0175296 0.00748432)
(0.00904656 -0.0183423 0.00742107)
(0.00889778 -0.0184695 0.00753495)
(0.0104283 -0.0216143 0.00856692)
(0.0100816 -0.0208998 0.00870862)
(0.00867963 -0.0176384 0.00700072)
(0.00884751 -0.0184606 0.00746073)
(0.00854141 -0.0172998 0.00705284)
(0.00863841 -0.0185981 0.00789675)
(0.00948313 -0.021015 0.00817245)
(0.0082167 -0.0170361 0.00720089)
(0.0108594 -0.0209046 0.00832255)
(0.00982126 -0.0198959 0.00804794)
(0.00962262 -0.0197374 0.00798942)
(0.0100505 -0.0206202 0.00769544)
(0.00956811 -0.0196388 0.00729311)
(0.00915192 -0.0193808 0.00796784)
(0.00954195 -0.0194986 0.00779794)
(0.00965864 -0.0197612 0.00799255)
(0.0112546 -0.0232372 0.00956017)
(0.0116667 -0.0233188 0.00869149)
(0.0106185 -0.0215452 0.00850288)
(0.0155398 -0.0333956 0.0136454)
(0.0171151 -0.0361479 0.015347)
(0.0177299 -0.0413321 0.0179122)
(0.0143877 -0.0305351 0.0122486)
(0.0286924 -0.0857904 0.0470388)
(0.0294003 -0.111737 0.0636856)
(0.0272404 -0.0776715 0.0408375)
(0.0237432 -0.065221 0.027065)
(0.0203649 -0.0465368 0.0228837)
(0.0219057 -0.0569212 0.02455)
(0.0329547 -0.0970376 0.0408723)
(0.0291289 -0.123876 0.0525839)
(0.0204324 -0.04702 0.0195488)
(0.0130591 -0.0268922 0.0108085)
(0.012441 -0.0260719 0.0106182)
(0.0114995 -0.0235812 0.00899814)
(0.0119352 -0.0246537 0.00973686)
(0.0118039 -0.0244703 0.00905486)
(0.0124305 -0.0255928 0.00983334)
(0.0132657 -0.0275156 0.0110869)
(0.0124931 -0.026062 0.00991664)
(0.0129061 -0.0266228 0.0107784)
(0.0130392 -0.0275975 0.0113246)
(0.0144182 -0.0313312 0.0122163)
(0.0129191 -0.0275052 0.0111881)
(0.0143752 -0.030553 0.0124172)
(0.0137621 -0.0286144 0.0114621)
(0.015221 -0.0324377 0.0129499)
(0.0145651 -0.0312421 0.0126989)
(0.0153561 -0.0317706 0.0136643)
(0.0328315 -0.106946 0.0348294)
(0.0305299 -0.138681 0.0632538)
(0.0259091 -0.0708862 0.0310234)
(0.0378703 -0.145468 0.0416804)
(0.0339774 -0.129244 0.0407514)
(0.0275747 -0.103855 0.0456796)
(0.0197773 -0.0470092 0.0194487)
(0.0265247 -0.0738574 0.0259216)
(0.0204098 -0.046397 0.0173637)
(0.0369516 -0.124281 0.0348029)
(0.0152542 -0.0328422 0.0140806)
(0.0139518 -0.0296735 0.0124586)
(0.0159372 -0.0346778 0.0141884)
(0.0136855 -0.0285432 0.0119576)
(0.0138927 -0.029255 0.0115215)
(0.0127753 -0.0267239 0.0108955)
(0.0120026 -0.0257974 0.0108608)
(0.0133742 -0.0276988 0.0107027)
(0.0138733 -0.0294771 0.0118598)
(0.0142954 -0.0290053 0.0116074)
(0.0124948 -0.0258622 0.0102243)
(0.011783 -0.0243985 0.00971635)
(0.0113717 -0.022661 0.00876102)
(0.011634 -0.0238438 0.00954344)
(0.0119523 -0.0249486 0.00997083)
(0.0119166 -0.0251989 0.0102864)
(0.0115677 -0.0244608 0.00991163)
(0.00712034 -0.0144621 0.00610777)
(0.00738307 -0.0153293 0.00635497)
(0.00751605 -0.0143693 0.00650073)
(0.00663008 -0.0137523 0.00552724)
(0.00643687 -0.0132701 0.00547263)
(0.00703637 -0.0143483 0.00625234)
(0.00763741 -0.0145177 0.00686347)
(0.00681222 -0.0145124 0.00580644)
(0.00713461 -0.0134304 0.00612966)
(0.00675341 -0.0137108 0.00600781)
(0.00607452 -0.0134424 0.00527562)
(0.00650084 -0.0139284 0.00573528)
(0.00786112 -0.0148637 0.00652048)
(0.00672755 -0.0144134 0.00566689)
(0.00682472 -0.0135724 0.00567161)
(0.00649761 -0.0141911 0.00557999)
(0.00702879 -0.0135067 0.00581037)
(0.00670653 -0.0140437 0.00573606)
(0.00699442 -0.0145426 0.00599148)
(0.00685911 -0.0138717 0.00562452)
(0.00749254 -0.0138226 0.00655631)
(0.00664681 -0.0151657 0.00618852)
(0.00790717 -0.0146545 0.00717066)
(0.00658237 -0.0132022 0.00610054)
(0.0123771 -0.0262177 0.0104907)
(0.012369 -0.0259639 0.00962203)
(0.0120611 -0.0259672 0.0106193)
(0.0111982 -0.0225476 0.00910344)
(0.0107405 -0.022088 0.00885722)
(0.0123136 -0.0253744 0.00981431)
(0.0108012 -0.0224094 0.0089028)
(0.0101301 -0.0204706 0.008163)
(0.0110315 -0.0222104 0.0101265)
(0.0101813 -0.020558 0.0090242)
(0.0119904 -0.0237316 0.00901343)
(0.0104039 -0.0210792 0.00841793)
(0.0111415 -0.0219604 0.00860578)
(0.00981872 -0.0197368 0.00838592)
(0.0102367 -0.02097 0.00831765)
(0.0105752 -0.0207786 0.0086921)
(0.00947253 -0.0195267 0.00727478)
(0.00860381 -0.0174326 0.00683027)
(0.00932855 -0.0187843 0.00722531)
(0.00999022 -0.020658 0.00832098)
(0.00942652 -0.0188475 0.00724329)
(0.00891424 -0.0178205 0.00695547)
(0.00855682 -0.0171352 0.00726158)
(0.00884325 -0.0183167 0.00716589)
(0.00857719 -0.0183878 0.0069866)
(0.00889412 -0.0185637 0.00785817)
(0.00808266 -0.0168329 0.00683971)
(0.00869398 -0.0189741 0.00711864)
(0.011751 -0.0239304 0.0106875)
(0.0104105 -0.0210017 0.00854219)
(0.00971915 -0.0200979 0.00802955)
(0.0129465 -0.0278972 0.0115883)
(0.0127433 -0.0267821 0.0109619)
(0.0128538 -0.0278131 0.0112773)
(0.0103702 -0.020795 0.00834509)
(0.0104118 -0.0215942 0.00863959)
(0.0120879 -0.0249792 0.00984858)
(0.0113065 -0.0229509 0.00907964)
(0.00820704 -0.01619 0.00660676)
(0.00824655 -0.0173016 0.00723785)
(0.0091621 -0.017763 0.00727338)
(0.00826745 -0.0165812 0.00697633)
(0.00771688 -0.0155224 0.00674264)
(0.00782367 -0.0145255 0.00641576)
(0.00801378 -0.0162202 0.00712244)
(0.00762192 -0.0168688 0.00673377)
(0.00805781 -0.0165221 0.00680422)
(0.00780321 -0.0160068 0.00662984)
(0.00781096 -0.0165023 0.00659843)
(0.00811437 -0.0177444 0.00712484)
(0.00766603 -0.0161958 0.00651381)
(0.0081859 -0.016706 0.00680493)
(0.00853286 -0.0166118 0.00674013)
(0.00711101 -0.0146676 0.00609799)
(0.00731976 -0.0154819 0.00648098)
(0.00826203 -0.0164209 0.00675634)
(0.00800716 -0.0156993 0.00663924)
(0.00724969 -0.015287 0.00607665)
(0.00791248 -0.0151758 0.00656244)
(0.00725752 -0.0155633 0.00648238)
(0.00729913 -0.0145819 0.00630043)
(0.00781308 -0.0155661 0.00681264)
(0.00749988 -0.0146489 0.00631455)
(0.00727097 -0.0153958 0.00617806)
(0.00707882 -0.0146387 0.0061761)
(0.0112495 -0.0222143 0.00947086)
(0.0139758 -0.0263154 0.0107786)
(0.0170873 -0.0306782 0.0134265)
(0.0115368 -0.0226839 0.0095829)
(0.01093 -0.0212405 0.00858582)
(0.01117 -0.021728 0.0087865)
(0.0519679 -0.0669262 0.0325864)
(0.0802363 -0.0853267 0.0484854)
(0.0326013 -0.0504768 0.0211784)
(0.019278 -0.0346993 0.0136449)
(0.0781002 -0.081911 0.0429934)
(0.0452779 -0.0629988 0.0293721)
(0.010972 -0.0220435 0.00963873)
(0.0115716 -0.0233468 0.00980299)
(0.011185 -0.0215787 0.00952757)
(0.0101866 -0.0223347 0.0100605)
(0.0205554 -0.0375591 0.0188572)
(0.0153794 -0.0323926 0.0149683)
(0.0133027 -0.0275341 0.0119832)
(0.0188492 -0.0362772 0.0183245)
(0.0127372 -0.0249778 0.0103924)
(0.0113994 -0.0232271 0.0100867)
(0.0114307 -0.0227822 0.00971412)
(0.0130641 -0.0256447 0.010951)
(0.0157549 -0.0295165 0.0128036)
(0.0142587 -0.0290787 0.0130202)
(0.00996749 -0.0197288 0.00857916)
(0.00976341 -0.0195391 0.0083753)
(0.00939255 -0.0184158 0.00798022)
(0.00964025 -0.018541 0.00784197)
(0.00957654 -0.0186366 0.00813485)
(0.00975164 -0.0184609 0.00727558)
(0.00960875 -0.0179714 0.00712555)
(0.0123054 -0.0240365 0.0108481)
(0.0113519 -0.0225337 0.00971783)
(0.0109743 -0.0212012 0.00924367)
(0.0117132 -0.0219535 0.00927137)
(0.00752999 -0.0149493 0.00620389)
(0.00768749 -0.0153039 0.00636947)
(0.00738012 -0.0146915 0.00615553)
(0.00691219 -0.0139752 0.00589972)
(0.00767305 -0.0148983 0.00636586)
(0.00743024 -0.0150875 0.0061786)
(0.00763592 -0.0149848 0.00612566)
(0.00816715 -0.0162756 0.00685751)
(0.0071973 -0.0149937 0.00641255)
(0.00677698 -0.0142265 0.00590191)
(0.00851623 -0.0182132 0.00769711)
(0.00891829 -0.0177892 0.00737016)
(0.00911886 -0.0185836 0.0078051)
(0.00890655 -0.0176767 0.00739036)
(0.00846418 -0.0172001 0.00713112)
(0.00876783 -0.0175455 0.00725893)
(0.00886086 -0.0171545 0.0068168)
(0.00846923 -0.0170921 0.00714349)
(0.00857516 -0.0167223 0.00681752)
(0.00814247 -0.0167738 0.00722975)
(0.00832564 -0.0168472 0.00717442)
(0.00883234 -0.0166326 0.00645098)
(0.00841151 -0.0172501 0.00707739)
(0.00814789 -0.0166937 0.00732727)
(0.00897172 -0.0167661 0.00656328)
(0.00732773 -0.0148867 0.00597446)
(0.00699472 -0.0141289 0.00600129)
(0.0071096 -0.014325 0.00605268)
(0.00720942 -0.0141287 0.0059546)
(0.00783793 -0.0154763 0.006004)
(0.00788862 -0.0163504 0.00648257)
(0.00755655 -0.015076 0.00632692)
(0.00739328 -0.0148477 0.00636494)
(0.00733664 -0.0148295 0.00646397)
(0.00722448 -0.0148935 0.00639487)
(0.00910965 -0.018304 0.00787159)
(0.00943014 -0.0193243 0.00820574)
(0.00821933 -0.0181751 0.00703831)
(0.00890767 -0.0170544 0.00737023)
(0.0141938 -0.0323402 0.0124689)
(0.0198623 -0.0449916 0.0215063)
(0.0412092 -0.110879 0.0817294)
(0.0481491 -0.0921895 0.0777629)
(0.0346438 -0.0815243 0.0535623)
(0.00714511 -0.0148798 0.00625023)
(0.00739257 -0.0152072 0.00650108)
(0.00820268 -0.016401 0.00655625)
(0.0071512 -0.01426 0.00603626)
(0.00755961 -0.0150618 0.00609929)
(0.0076233 -0.0149264 0.00655595)
(0.00735084 -0.0142992 0.00592462)
(0.00743912 -0.0151963 0.00581613)
(0.00689616 -0.0146692 0.00584852)
(0.0067467 -0.013561 0.00537024)
(0.00681339 -0.0142239 0.00572485)
(0.00711344 -0.0142799 0.00594945)
(0.00733844 -0.0142967 0.00626442)
(0.0069659 -0.0144842 0.0059363)
(0.00697494 -0.0142834 0.00589259)
(0.00742581 -0.0147461 0.00628515)
(0.0320747 -0.0910588 0.0278302)
(0.0263642 -0.0652122 0.0222141)
(0.0438274 -0.13353 0.032655)
(0.00938446 -0.0192266 0.00798091)
(0.00913742 -0.0190337 0.00813175)
(0.00964485 -0.019758 0.00773053)
(0.00904448 -0.0187584 0.00779581)
(0.00905639 -0.0187326 0.00773529)
(0.00732746 -0.0145604 0.00607291)
(0.00772168 -0.0150263 0.00652353)
(0.00741395 -0.015238 0.00584915)
(0.00841938 -0.0177679 0.00712254)
(0.00743762 -0.0152905 0.00595202)
(0.00757088 -0.0168629 0.00634786)
(0.00833086 -0.0168505 0.00630276)
(0.012277 -0.0261437 0.0111384)
(0.012927 -0.0276991 0.0117257)
(0.0124114 -0.0287862 0.0125883)
(0.0112883 -0.0247119 0.00987967)
(0.00999617 -0.0220523 0.00896862)
(0.00920351 -0.0188731 0.00774549)
(0.00914334 -0.0192726 0.00798709)
(0.00935921 -0.0192145 0.00795338)
(0.0103768 -0.0211228 0.00890345)
(0.0104713 -0.0249202 0.0106736)
(0.0113338 -0.0239387 0.0105937)
(0.0108847 -0.0225326 0.0096084)
(0.0076383 -0.0149496 0.00618274)
(0.00776487 -0.0157571 0.00675134)
(0.00741984 -0.014743 0.00619904)
(0.00814189 -0.0167617 0.00694592)
(0.00824279 -0.0169248 0.00661186)
(0.00836615 -0.0164004 0.00674067)
(0.0080981 -0.0163894 0.00649063)
(0.00740299 -0.0152783 0.00638437)
(0.00786254 -0.0167505 0.00700763)
(0.00768045 -0.0161171 0.0071259)
(0.00774356 -0.0161509 0.00666488)
(0.00798855 -0.0158694 0.00619198)
(0.00702106 -0.0149883 0.00641142)
(0.00648592 -0.0139814 0.00584094)
)
;
    }
    INLET
    {
        type            calculated;
        value           uniform (0 0 0);
    }
    OUTLET
    {
        type            calculated;
        value           nonuniform 0();
    }
    procBoundary28to27
    {
        type            processor;
        value           uniform (0 0 0);
    }
}


// ************************************************************************* //
