/*--------------------------------*- C++ -*----------------------------------*\
| =========                 |                                                 |
| \\      /  F ield         | OpenFOAM: The Open Source CFD Toolbox           |
|  \\    /   O peration     | Version:  v1612+                                |
|   \\  /    A nd           | Web:      www.OpenFOAM.com                      |
|    \\/     M anipulation  |                                                 |
\*---------------------------------------------------------------------------*/
FoamFile
{
    version     2.0;
    format      ascii;
    class       volVectorField;
    location    "100";
    object      wallShearStress;
}
// * * * * * * * * * * * * * * * * * * * * * * * * * * * * * * * * * * * * * //

dimensions      [0 2 -2 0 0 0 0];

internalField   uniform (0 0 0);

boundaryField
{
    WALL
    {
        type            calculated;
        value           nonuniform List<vector> 
1690
(
(-0.0146916 -0.00984301 0.0145183)
(-0.0142656 -0.00858379 0.0122735)
(-0.0143455 -0.0191754 0.00804852)
(-0.0135477 -0.0184879 0.00808029)
(-0.0141375 -0.0185572 0.007925)
(-0.0167875 -0.0149382 0.0140887)
(-0.015196 -0.0137974 0.0140336)
(-0.0117354 -0.0111623 0.00879418)
(-0.0128375 -0.0130531 0.0101424)
(-0.00356339 -0.00463003 0.00239289)
(-0.00453907 -0.00551993 0.00278504)
(-0.0036197 -0.00460188 0.00250708)
(-0.00355947 -0.00418524 0.00197238)
(-0.0159015 -0.01474 0.0112144)
(-0.0156151 -0.0156309 0.0113862)
(-0.00397395 -0.00433458 0.00186688)
(-0.00431117 -0.00501288 0.00224076)
(-0.00494469 -0.00599645 0.00275868)
(-0.00483141 -0.00570975 0.00259)
(-0.0153376 -0.00685695 0.0185469)
(-0.0153829 -0.008626 0.0231908)
(-0.0182719 -0.0256115 0.0162505)
(-0.0184825 -0.0263961 0.0182147)
(-0.0155677 -0.0289153 0.0199946)
(-0.0174159 -0.0316311 0.019213)
(-0.0147722 -0.0211286 0.0188425)
(-0.014306 -0.0188145 0.0189564)
(-0.0164115 -0.0212197 0.0104018)
(-0.0165028 -0.0207026 0.00992458)
(-0.0178609 -0.0258806 0.0151455)
(-0.0161882 -0.0230123 0.0130269)
(-0.0143475 -0.0197604 0.0165354)
(-0.00347456 -0.00544583 0.00302866)
(-0.00415445 -0.00668465 0.00412708)
(-0.00364831 -0.00470297 0.00221067)
(-0.00360845 -0.00477538 0.00269371)
(-0.0081996 -0.00979396 0.0103118)
(-0.0104831 -0.0110659 0.0115537)
(-0.0055948 -0.0084643 0.0075676)
(-0.00447863 -0.00690779 0.00505158)
(-0.0134357 -0.0125323 0.0192238)
(-0.0150606 -0.0114754 0.0198158)
(-0.0196435 -0.0258088 0.0138878)
(-0.0174523 -0.0252391 0.0152798)
(-0.00496658 -0.00592595 0.00238142)
(-0.00462445 -0.00538641 0.00207943)
(-0.00406271 -0.00564984 0.00326263)
(-0.00379346 -0.004703 0.00220847)
(-0.0135545 -0.0176198 0.0069979)
(-0.0136323 -0.0177742 0.00720651)
(-0.0164202 -0.0219104 0.0118443)
(-0.0164961 -0.021676 0.0112854)
(-0.00907668 -0.0118085 0.00529489)
(-0.0102118 -0.0131087 0.00619996)
(-0.00956362 -0.00462617 0.00511157)
(-0.00893097 -0.00478325 0.00487428)
(-0.00979257 -0.00490526 0.00586397)
(-0.0106041 -0.00515149 0.00632503)
(-0.0111388 -0.00516305 0.00736242)
(-0.0109258 -0.00515628 0.00685107)
(-0.00852434 -0.00489303 0.0044424)
(-0.00390032 -0.00473267 0.00233821)
(-0.00362199 -0.0045033 0.00220082)
(-0.00426822 -0.00569789 0.00302436)
(-0.00385919 -0.0049144 0.00256965)
(-0.00390682 -0.00551003 0.00319732)
(-0.00350984 -0.00426123 0.00208263)
(-0.0109602 -0.0128208 0.00741037)
(-0.00986254 -0.0121108 0.00699523)
(-0.0115721 -0.0132178 0.00808378)
(-0.0102814 -0.0126373 0.00691589)
(-0.00988772 -0.0120098 0.00697044)
(-0.0103289 -0.0121025 0.0073034)
(-0.0168165 -0.018516 0.0100433)
(-0.0158939 -0.0183415 0.0099789)
(-0.0159072 -0.0178496 0.00961623)
(-0.0166892 -0.0180399 0.0108564)
(-0.0164983 -0.0170876 0.00986842)
(-0.0160494 -0.0163963 0.0102629)
(-0.00574528 -0.00762165 0.00348336)
(-0.00599626 -0.00751869 0.00388708)
(-0.00594494 -0.00788855 0.00410575)
(-0.00688265 -0.00916027 0.00384242)
(-0.0054623 -0.00677555 0.00272483)
(-0.00608231 -0.0074263 0.00312334)
(-0.00901184 -0.0119483 0.00507984)
(-0.00880876 -0.0117705 0.00478851)
(-0.00874981 -0.0117528 0.00482403)
(-0.00819218 -0.0106605 0.00471299)
(-0.0155954 -0.0285302 0.0275105)
(-0.0147152 -0.0307254 0.0284038)
(-0.0165925 -0.0250033 0.0170574)
(-0.0182127 -0.0252951 0.0147465)
(-0.0186937 -0.0257964 0.0162613)
(-0.0184387 -0.0258157 0.0147014)
(-0.0171312 -0.0236842 0.0141546)
(-0.0163609 -0.0231246 0.0141959)
(-0.0193436 -0.0297595 0.0178021)
(-0.0184804 -0.0283253 0.0176962)
(-0.0182062 -0.0281113 0.0175586)
(-0.0195888 -0.0285646 0.0159447)
(-0.0198625 -0.0307765 0.0178157)
(-0.0202791 -0.0293766 0.0168335)
(-0.017172 -0.0111371 0.0204502)
(-0.0173392 -0.00945389 0.0181114)
(-0.0155847 -0.00986222 0.0166138)
(-0.0173754 -0.0120747 0.021117)
(-0.0162816 -0.00807035 0.0189438)
(-0.0159316 -0.00994081 0.0196237)
(-0.0166871 -0.0126211 0.0256367)
(-0.0159803 -0.00864127 0.0233603)
(-0.016374 -0.0103081 0.0254044)
(-0.0158666 -0.0126709 0.0269627)
(-0.0154541 -0.0132835 0.0261386)
(-0.0151508 -0.0195357 0.00800906)
(-0.0142562 -0.0180899 0.00734278)
(-0.0126669 -0.0173208 0.00738066)
(-0.0142835 -0.0196341 0.00832032)
(-0.0134349 -0.0179613 0.0073873)
(-0.0143174 -0.0111695 0.0127539)
(-0.0133184 -0.00842058 0.010948)
(-0.014207 -0.00825912 0.0120794)
(-0.0154356 -0.0105493 0.0141151)
(-0.0144008 -0.0101006 0.0140239)
(-0.0149118 -0.00879663 0.0129552)
(-0.013916 -0.0100273 0.0117183)
(-0.014307 -0.00882064 0.0131008)
(-0.00352558 -0.00500535 0.00226498)
(-0.00349587 -0.00471136 0.00207489)
(-0.003503 -0.00347606 0.0016221)
(-0.0034592 -0.00364231 0.00162159)
(-0.00429322 -0.00394561 0.00196756)
(-0.00444628 -0.00412779 0.00208444)
(-0.00404148 -0.00392777 0.00195978)
(-0.00400802 -0.00394615 0.00189008)
(-0.0264309 -0.0324606 0.0143428)
(-0.0266693 -0.0349729 0.0154461)
(-0.0257484 -0.035408 0.0160184)
(-0.0231328 -0.0352813 0.0168642)
(-0.0226348 -0.0324715 0.0148652)
(-0.0238682 -0.0311938 0.0139887)
(-0.00637174 -0.00441027 0.00331527)
(-0.00447815 -0.00426732 0.00216553)
(-0.00524499 -0.00433232 0.00274543)
(-0.00664339 -0.00456738 0.00339134)
(-0.00609921 -0.0045849 0.00297109)
(-0.00565428 -0.00439352 0.00255331)
(-0.00376131 -0.00414177 0.0019287)
(-0.00366028 -0.0042727 0.00188201)
(-0.00351148 -0.00451503 0.00195767)
(-0.00358881 -0.00421991 0.00186378)
(-0.00372936 -0.00402894 0.00182122)
(-0.00360134 -0.0041263 0.00182576)
(-0.00370017 -0.00395854 0.00190464)
(-0.0038354 -0.00395974 0.00197328)
(-0.00428079 -0.00416239 0.00228729)
(-0.00424283 -0.00440486 0.00220991)
(-0.00418985 -0.00396449 0.00207205)
(-0.00381394 -0.00403961 0.00196347)
(-0.00433889 -0.00406707 0.00209289)
(-0.00417293 -0.00394557 0.00201393)
(-0.0037642 -0.00362999 0.00176509)
(-0.00423728 -0.00395454 0.00209565)
(-0.00386597 -0.00376606 0.0018425)
(-0.0106693 -0.0117464 0.00874759)
(-0.0107582 -0.0120139 0.00891056)
(-0.0110805 -0.011605 0.00942373)
(-0.0118597 -0.0120486 0.0104619)
(-0.00954958 -0.0107983 0.00790658)
(-0.00959245 -0.0110141 0.00791043)
(-0.0128968 -0.0126784 0.0110631)
(-0.0125805 -0.0135527 0.0110033)
(-0.010994 -0.0106851 0.0110588)
(-0.0140964 -0.012879 0.012948)
(-0.0132397 -0.0131556 0.0123649)
(-0.010659 -0.0107575 0.0110515)
(-0.0173557 -0.0175329 0.0105954)
(-0.0186382 -0.018378 0.0113704)
(-0.0184532 -0.0172218 0.0117539)
(-0.0179181 -0.0177984 0.0113933)
(-0.0194698 -0.0186501 0.0116221)
(-0.0195593 -0.0184089 0.011759)
(-0.0220898 -0.0163178 0.01896)
(-0.0227327 -0.0163947 0.0186104)
(-0.0198203 -0.0145484 0.0187472)
(-0.0204925 -0.0144763 0.0201265)
(-0.0213181 -0.014269 0.0196829)
(-0.0244977 -0.0164661 0.0208765)
(-0.0266312 -0.0210073 0.0168412)
(-0.0234811 -0.0202246 0.0140992)
(-0.023125 -0.0190696 0.0145382)
(-0.0243656 -0.0197637 0.015998)
(-0.0220838 -0.0209949 0.0135025)
(-0.0245569 -0.0205331 0.0164677)
(-0.0271316 -0.0207801 0.0169309)
(-0.0271423 -0.0215878 0.0161937)
(-0.0262983 -0.0220984 0.0149616)
(-0.0256956 -0.0209324 0.0154669)
(-0.0295856 -0.0243701 0.0173172)
(-0.0275931 -0.0226453 0.0159743)
(-0.027475 -0.0195072 0.018682)
(-0.0271277 -0.0189912 0.0174214)
(-0.0252764 -0.0186876 0.0190011)
(-0.0261821 -0.018563 0.0190814)
(-0.0274333 -0.0194534 0.0177946)
(-0.0256877 -0.018435 0.0179493)
(-0.0100492 -0.0126346 0.00596098)
(-0.0114357 -0.0147787 0.00698592)
(-0.0104404 -0.0133476 0.00634611)
(-0.00954805 -0.0133897 0.00483164)
(-0.00903544 -0.012542 0.00479859)
(-0.0104962 -0.0144169 0.00538695)
(-0.0153171 -0.0173925 0.009214)
(-0.0148205 -0.0170476 0.00908446)
(-0.0148531 -0.016507 0.00920861)
(-0.0131349 -0.0150939 0.00780739)
(-0.014444 -0.0171746 0.00851601)
(-0.0124831 -0.0157448 0.00690555)
(-0.0130008 -0.0165092 0.00706707)
(-0.0132973 -0.0166756 0.00738333)
(-0.0128545 -0.0181065 0.00742612)
(-0.0142314 -0.0194962 0.00790173)
(-0.0134207 -0.0168231 0.00776326)
(-0.0126408 -0.0184192 0.00760729)
(-0.0159338 -0.0183147 0.00931361)
(-0.016541 -0.0183946 0.00931655)
(-0.0158004 -0.0179181 0.00963303)
(-0.0159301 -0.0185871 0.00935469)
(-0.0155499 -0.017444 0.00922262)
(-0.0162603 -0.020451 0.0102692)
(-0.00489511 -0.00568661 0.00208969)
(-0.0044305 -0.00519168 0.00210463)
(-0.00492281 -0.00593866 0.00225029)
(-0.00439017 -0.0053383 0.00221445)
(-0.00480709 -0.00592966 0.00217781)
(-0.0049203 -0.00606597 0.00251994)
(-0.00494015 -0.00562636 0.00242974)
(-0.00487311 -0.00590077 0.00245456)
(-0.00479996 -0.00547101 0.00228707)
(-0.00504889 -0.00596673 0.00249274)
(-0.00500314 -0.00615381 0.00259012)
(-0.00545621 -0.00704665 0.00303073)
(-0.00570612 -0.00671007 0.00297584)
(-0.00550583 -0.00641604 0.0027445)
(-0.00557332 -0.00646918 0.00282477)
(-0.00513568 -0.0064826 0.00268809)
(-0.005923 -0.00729687 0.00305057)
(-0.0165549 -0.0188225 0.00912369)
(-0.0172312 -0.0194521 0.00965855)
(-0.0171264 -0.020383 0.00959906)
(-0.0175354 -0.021233 0.010363)
(-0.01614 -0.019018 0.00894462)
(-0.0224563 -0.0269731 0.0136592)
(-0.0212005 -0.0274363 0.0138601)
(-0.0206785 -0.0284312 0.0154885)
(-0.0205869 -0.0289252 0.015255)
(-0.0216406 -0.0292947 0.015838)
(-0.021324 -0.0301194 0.0165782)
(-0.0219241 -0.0226715 0.0123374)
(-0.0230768 -0.0248983 0.0127761)
(-0.0257543 -0.022036 0.0136593)
(-0.0224142 -0.020255 0.0118472)
(-0.0274851 -0.0276951 0.0156125)
(-0.0261924 -0.0256757 0.0140275)
(-0.0203148 -0.02265 0.0123447)
(-0.0252344 -0.0235878 0.0137492)
(-0.0219216 -0.0190651 0.0123659)
(-0.0231409 -0.0199488 0.0127991)
(-0.0206171 -0.0232776 0.0120479)
(-0.0248994 -0.0249563 0.0144708)
(-0.0179056 -0.0215046 0.0106708)
(-0.0191754 -0.0226961 0.0112673)
(-0.0185248 -0.0223318 0.0111389)
(-0.0189734 -0.0222682 0.0107664)
(-0.0179503 -0.0219862 0.010882)
(-0.0189995 -0.0241877 0.0124035)
(-0.0196186 -0.0214988 0.0107942)
(-0.0188736 -0.0204109 0.0105412)
(-0.018876 -0.0204026 0.0105238)
(-0.019015 -0.0209399 0.0105527)
(-0.0198877 -0.0234021 0.011848)
(-0.0184799 -0.0214404 0.0108541)
(-0.0056246 -0.0065186 0.00305038)
(-0.00535785 -0.00628541 0.00279894)
(-0.00494242 -0.00550197 0.00246887)
(-0.00617273 -0.00712937 0.0033721)
(-0.00564646 -0.00665368 0.00298377)
(-0.00554374 -0.00568981 0.00246015)
(-0.00547028 -0.00637196 0.00283541)
(-0.00562557 -0.00453595 0.00246452)
(-0.0055202 -0.00496717 0.0025733)
(-0.00674395 -0.00557673 0.00325102)
(-0.00630097 -0.00508787 0.00296249)
(-0.00643636 -0.00545355 0.00303379)
(-0.00552245 -0.00521272 0.00270126)
(-0.00483125 -0.00506216 0.00240351)
(-0.00443905 -0.00407396 0.0018707)
(-0.00466655 -0.00438547 0.00213478)
(-0.00435161 -0.0044681 0.00200544)
(-0.00545361 -0.00515957 0.00260367)
(-0.00529711 -0.00505642 0.00254492)
(-0.00337585 -0.00377846 0.00169764)
(-0.00345681 -0.00375737 0.00161434)
(-0.00373446 -0.00363773 0.00165284)
(-0.00356919 -0.00423047 0.00198158)
(-0.00371104 -0.00385718 0.00183226)
(-0.00362446 -0.00407737 0.001951)
(-0.00884063 -0.00555464 0.00500842)
(-0.0109885 -0.00592803 0.00659893)
(-0.00946124 -0.00488204 0.00478208)
(-0.00928032 -0.00546231 0.00520824)
(-0.00984956 -0.00579806 0.00633082)
(-0.00816567 -0.00456272 0.0043754)
(-0.0072163 -0.00550633 0.00351766)
(-0.00500568 -0.00484147 0.00254608)
(-0.00515641 -0.00448981 0.00262282)
(-0.00656026 -0.00470657 0.00316558)
(-0.00557126 -0.00454497 0.00239247)
(-0.00590041 -0.00501159 0.00273458)
(-0.00546997 -0.00465722 0.00246821)
(-0.00674401 -0.00729475 0.0038624)
(-0.0063944 -0.00722235 0.00369638)
(-0.00672321 -0.00708946 0.00363021)
(-0.00776664 -0.00767138 0.00428416)
(-0.00701006 -0.00682468 0.00362348)
(-0.00710336 -0.00729252 0.00396681)
(-0.0253703 -0.0150149 0.0225808)
(-0.0271947 -0.0177344 0.0208772)
(-0.0251723 -0.0159016 0.0233562)
(-0.0232143 -0.015281 0.0204847)
(-0.0259993 -0.0175997 0.0204003)
(-0.0249948 -0.0148991 0.0209421)
(-0.00636642 -0.00898426 0.00946252)
(-0.00530733 -0.00833857 0.00738179)
(-0.00565494 -0.00816172 0.0085145)
(-0.00524662 -0.00768144 0.00686595)
(-0.00484258 -0.00736162 0.00633317)
(-0.00682544 -0.00922833 0.0101533)
(-0.00942848 -0.0110406 0.0104495)
(-0.00715409 -0.00962049 0.00897078)
(-0.00922498 -0.010789 0.0108242)
(-0.00893108 -0.0103992 0.0117965)
(-0.00799605 -0.0104174 0.00939049)
(-0.00683885 -0.00909479 0.0080622)
(-0.00976568 -0.0110268 0.0124734)
(-0.00841675 -0.0102166 0.012154)
(-0.0107002 -0.0114562 0.0141754)
(-0.00762326 -0.00956676 0.0108721)
(-0.0089987 -0.0109458 0.0115186)
(-0.00318822 -0.0039277 0.00188434)
(-0.00324415 -0.0037505 0.0016561)
(-0.00319392 -0.00420939 0.0021344)
(-0.0034727 -0.00446475 0.00219113)
(-0.00319459 -0.0037903 0.00175428)
(-0.00329426 -0.00377362 0.00171236)
(-0.00521234 -0.00756236 0.0060914)
(-0.0051041 -0.00745776 0.00608794)
(-0.00681896 -0.00928045 0.00881627)
(-0.00585814 -0.00817148 0.0077358)
(-0.00699739 -0.00942719 0.00885566)
(-0.00522205 -0.00774583 0.00675752)
(-0.00366582 -0.00458773 0.00234159)
(-0.00397183 -0.00568566 0.00372595)
(-0.00400537 -0.00525753 0.00278103)
(-0.00434903 -0.0057332 0.00324077)
(-0.00426021 -0.00599149 0.00354628)
(-0.00347033 -0.00459157 0.00258206)
(-0.00358466 -0.00522867 0.00277366)
(-0.00382158 -0.00516058 0.00260211)
(-0.00375545 -0.00491319 0.00236722)
(-0.00353056 -0.00441213 0.0021106)
(-0.00361703 -0.00450301 0.00215777)
(-0.00358126 -0.00479527 0.0024021)
(-0.00341416 -0.00391954 0.00176133)
(-0.00346714 -0.00410432 0.00192743)
(-0.00339905 -0.00407546 0.00187813)
(-0.00333322 -0.00402419 0.00190151)
(-0.0033153 -0.00462212 0.00234031)
(-0.00340607 -0.00353813 0.00165687)
(-0.00345982 -0.00382434 0.00172738)
(-0.00339374 -0.00375842 0.00176897)
(-0.00348457 -0.00380278 0.00184541)
(-0.00323884 -0.00358475 0.00170227)
(-0.0034592 -0.00382403 0.00178555)
(-0.00519715 -0.00822707 0.00876529)
(-0.00688899 -0.00936232 0.0128276)
(-0.00692435 -0.00999207 0.0111188)
(-0.00586904 -0.00890765 0.00954893)
(-0.00650919 -0.00885051 0.0112974)
(-0.00491778 -0.00781729 0.00795131)
(-0.0097145 -0.0100565 0.0159417)
(-0.00925572 -0.00991098 0.0153718)
(-0.0133924 -0.0105745 0.0205657)
(-0.0134085 -0.0104464 0.0206114)
(-0.0113666 -0.0110011 0.0179587)
(-0.00888039 -0.0101131 0.0134974)
(-0.0108812 -0.0110961 0.0155203)
(-0.00976771 -0.0112381 0.0148546)
(-0.0117387 -0.0113149 0.0164052)
(-0.00869593 -0.0104865 0.0133114)
(-0.0109526 -0.010985 0.0153466)
(-0.00425269 -0.00771654 0.00727041)
(-0.00459511 -0.00778129 0.00606816)
(-0.0211374 -0.0372138 0.0196841)
(-0.0210437 -0.0366206 0.0199543)
(-0.028827 -0.0215473 0.0181837)
(-0.0294835 -0.0229066 0.0169321)
(-0.0279186 -0.0180628 0.0186188)
(-0.0271093 -0.0171189 0.0182026)
(-0.0344847 -0.0211805 0.0201272)
(-0.0308013 -0.0207692 0.0191159)
(-0.0299277 -0.0314576 0.0149848)
(-0.0301295 -0.0321679 0.0149491)
(-0.0228584 -0.029584 0.0149519)
(-0.0248416 -0.0317709 0.0164942)
(-0.025248 -0.0305191 0.0156255)
(-0.0228089 -0.0332887 0.0180882)
(-0.0220129 -0.0312323 0.0168969)
(-0.022635 -0.0311767 0.0160081)
(-0.0244155 -0.0275204 0.0139727)
(-0.0219057 -0.0242561 0.0119046)
(-0.0245724 -0.0294134 0.0151012)
(-0.0250949 -0.0281188 0.0149341)
(-0.0223075 -0.0279633 0.0139879)
(-0.0260571 -0.0284578 0.013748)
(-0.0272445 -0.0288908 0.0139799)
(-0.0291111 -0.0282186 0.0143473)
(-0.0296309 -0.0261044 0.0149888)
(-0.0269395 -0.0276515 0.0143571)
(-0.0285204 -0.0262565 0.0145761)
(-0.0300458 -0.0224314 0.0156361)
(-0.0274512 -0.0207108 0.0156133)
(-0.0305071 -0.0245453 0.0167511)
(-0.0283881 -0.0212273 0.0159689)
(-0.0305497 -0.0230509 0.0160958)
(-0.0270663 -0.0208639 0.0152975)
(-0.0109475 -0.00631942 0.00700079)
(-0.0125877 -0.00753824 0.00844953)
(-0.0133289 -0.00740124 0.0101609)
(-0.012947 -0.00740053 0.0101842)
(-0.0115211 -0.00636094 0.00813536)
(-0.011952 -0.00733703 0.00893041)
(-0.0138644 -0.00684607 0.00961608)
(-0.0139613 -0.00654926 0.0116382)
(-0.0135787 -0.00753007 0.0103519)
(-0.0118837 -0.0060975 0.00778235)
(-0.0134604 -0.0067668 0.0112632)
(-0.0123504 -0.00668983 0.00920977)
(-0.0151265 -0.00791255 0.0157084)
(-0.0148958 -0.00891419 0.0142159)
(-0.0160408 -0.0106919 0.0171475)
(-0.0153765 -0.010171 0.0159561)
(-0.0156064 -0.00861049 0.0150651)
(-0.0157552 -0.0113763 0.0168764)
(-0.0130597 -0.0142905 0.0109831)
(-0.0128954 -0.0142689 0.0106913)
(-0.0130354 -0.0146591 0.0102742)
(-0.0122107 -0.0128778 0.0101405)
(-0.0124205 -0.0132103 0.00965909)
(-0.011708 -0.0131508 0.00860213)
(-0.0140029 -0.0177286 0.01263)
(-0.0133272 -0.0170445 0.0109643)
(-0.013557 -0.0165633 0.0117152)
(-0.0131663 -0.0155407 0.0115519)
(-0.0133722 -0.0155722 0.0115079)
(-0.0139224 -0.0168828 0.0106841)
(-0.0138241 -0.0168103 0.0128687)
(-0.0144068 -0.0176618 0.0144724)
(-0.0148262 -0.0189572 0.0147549)
(-0.0142636 -0.0171187 0.0141135)
(-0.0146525 -0.0182577 0.0135754)
(-0.0146864 -0.0188231 0.0139753)
(-0.0136503 -0.0155318 0.0154539)
(-0.0161541 -0.0162114 0.0179804)
(-0.0166492 -0.0187533 0.0186405)
(-0.0155072 -0.0183465 0.0165705)
(-0.0149462 -0.0159871 0.0155773)
(-0.0148925 -0.015312 0.0177394)
(-0.0160036 -0.0193993 0.0153762)
(-0.0159265 -0.0201493 0.0158456)
(-0.0164361 -0.0193137 0.0166654)
(-0.0136622 -0.017011 0.0161787)
(-0.0151346 -0.0195216 0.0158338)
(-0.016078 -0.0209349 0.0154863)
(-0.0162503 -0.0208049 0.0168513)
(-0.017045 -0.0210144 0.0182609)
(-0.0176404 -0.0238854 0.0187591)
(-0.0180253 -0.0244383 0.0221134)
(-0.0145336 -0.0191857 0.0185302)
(-0.0142853 -0.019262 0.0158894)
(-0.0142099 -0.0174495 0.00733748)
(-0.014172 -0.0186283 0.00820946)
(-0.0138098 -0.0196144 0.00879223)
(-0.0144718 -0.0177954 0.00788475)
(-0.0147162 -0.0188564 0.00818409)
(-0.0157129 -0.0192718 0.00839559)
(-0.0148303 -0.0180585 0.00689052)
(-0.0133093 -0.0172915 0.00691254)
(-0.0140637 -0.0197128 0.00882709)
(-0.0133111 -0.0175456 0.00729149)
(-0.0137187 -0.0182236 0.00734491)
(-0.0136623 -0.0184158 0.00833575)
(-0.0119638 -0.0146397 0.00887985)
(-0.0128722 -0.0154389 0.00966865)
(-0.0142386 -0.0172975 0.0120381)
(-0.0136924 -0.0171336 0.010468)
(-0.0135646 -0.0163215 0.0104038)
(-0.0133167 -0.0167302 0.00993793)
(-0.0139492 -0.0183157 0.00978753)
(-0.0149418 -0.0191599 0.0106545)
(-0.0161314 -0.0210205 0.0125139)
(-0.0150644 -0.0199479 0.010301)
(-0.0139255 -0.0180953 0.0110627)
(-0.0151151 -0.0191474 0.0114396)
(-0.0140632 -0.0185177 0.00782679)
(-0.0119595 -0.0159406 0.00742619)
(-0.0128016 -0.0174885 0.00820253)
(-0.0132921 -0.0185633 0.0092555)
(-0.0144538 -0.0194828 0.00932688)
(-0.0120311 -0.0169469 0.00820128)
(-0.0136825 -0.0183385 0.00772855)
(-0.0134918 -0.0182824 0.00821208)
(-0.0180093 -0.0213119 0.00980335)
(-0.0177335 -0.0218329 0.0105361)
(-0.0175097 -0.0216906 0.0104001)
(-0.0172078 -0.0204941 0.00959832)
(-0.0170697 -0.0216002 0.0104819)
(-0.0187284 -0.0242319 0.0119631)
(-0.0138846 -0.0185006 0.00821621)
(-0.0163194 -0.0212675 0.00982915)
(-0.0149289 -0.0200079 0.00904536)
(-0.0146339 -0.0200987 0.00914626)
(-0.0153674 -0.0201402 0.00904784)
(-0.0153796 -0.0198503 0.00897063)
(-0.0150951 -0.0202334 0.0136435)
(-0.0155942 -0.0213821 0.0137161)
(-0.0165312 -0.0226045 0.0146584)
(-0.0154994 -0.0206435 0.0148861)
(-0.015378 -0.0206816 0.0147517)
(-0.0150362 -0.0204809 0.013478)
(-0.0141617 -0.0189898 0.0113915)
(-0.0148256 -0.019494 0.013336)
(-0.0145024 -0.0191169 0.0123304)
(-0.0150694 -0.0202512 0.0117892)
(-0.0149047 -0.019724 0.0131307)
(-0.0158387 -0.0212459 0.0136964)
(-0.0171739 -0.0243518 0.0131807)
(-0.0168295 -0.0219255 0.0109251)
(-0.017842 -0.022274 0.0110476)
(-0.0168387 -0.0223332 0.0113343)
(-0.0163798 -0.0219376 0.0116003)
(-0.015918 -0.0214665 0.0110325)
(-0.017195 -0.0226723 0.0115821)
(-0.0151646 -0.0203018 0.0103621)
(-0.0166297 -0.0213872 0.0105219)
(-0.0168234 -0.0223564 0.0113668)
(-0.0119364 -0.0139109 0.0085493)
(-0.0115974 -0.0140862 0.0078084)
(-0.0108085 -0.0118763 0.00824403)
(-0.00986694 -0.0113119 0.00664248)
(-0.0115091 -0.0136835 0.00750695)
(-0.0124308 -0.0135779 0.00902791)
(-0.0110713 -0.0141259 0.00696438)
(-0.0122123 -0.0159105 0.0078998)
(-0.0116448 -0.0155547 0.00735266)
(-0.0116983 -0.0144873 0.00738025)
(-0.0111986 -0.0145558 0.00691977)
(-0.0114363 -0.0143188 0.00764613)
(-0.00936381 -0.0115264 0.00533192)
(-0.00912119 -0.0106679 0.00516776)
(-0.00902718 -0.0104573 0.00514941)
(-0.00922722 -0.0114328 0.00529008)
(-0.00846575 -0.0108409 0.00473668)
(-0.00892588 -0.011559 0.0049516)
(-0.0107096 -0.0100798 0.00745636)
(-0.0115527 -0.0113776 0.00817014)
(-0.0107168 -0.010466 0.00723254)
(-0.0114754 -0.0111805 0.00858437)
(-0.0110456 -0.0106127 0.00807072)
(-0.0124622 -0.0127298 0.00848428)
(-0.0103887 -0.0110937 0.00677416)
(-0.0104808 -0.0114822 0.00681018)
(-0.00980963 -0.0108061 0.00602)
(-0.0092873 -0.0109251 0.00573659)
(-0.00992911 -0.0107707 0.00617148)
(-0.00942291 -0.0112928 0.00584377)
(-0.00919974 -0.00919356 0.00560943)
(-0.0097242 -0.00916812 0.00615873)
(-0.00954141 -0.00931301 0.0061065)
(-0.00846521 -0.00786106 0.00518058)
(-0.00832603 -0.00803013 0.00493086)
(-0.0097166 -0.00863932 0.00598863)
(-0.00725189 -0.00823225 0.00424416)
(-0.00833447 -0.00943732 0.0049105)
(-0.00825902 -0.009607 0.00487109)
(-0.00869593 -0.00907881 0.00534478)
(-0.00793794 -0.00873474 0.00450093)
(-0.00799371 -0.00872128 0.00470793)
(-0.0160983 -0.016095 0.0266581)
(-0.0140618 -0.0193017 0.0244647)
(-0.0148827 -0.0169301 0.0256645)
(-0.0148673 -0.0207033 0.0253967)
(-0.0150763 -0.0156533 0.0242605)
(-0.0141785 -0.0161218 0.0242445)
(-0.0154841 -0.0206578 0.0274503)
(-0.0157277 -0.0106748 0.0211469)
(-0.0161054 -0.0116315 0.024071)
(-0.0156479 -0.00953176 0.0209591)
(-0.0146789 -0.0113197 0.0219214)
(-0.0155246 -0.00829365 0.0197668)
(-0.0154493 -0.00801131 0.0193183)
(-0.0161899 -0.0282893 0.0208541)
(-0.0202571 -0.0317428 0.0211722)
(-0.0170517 -0.0269253 0.0191261)
(-0.0194938 -0.0308575 0.021465)
(-0.0168821 -0.0288168 0.0235832)
(-0.0185528 -0.0302187 0.0246727)
(-0.0192017 -0.0279577 0.0163569)
(-0.0187585 -0.0277204 0.017272)
(-0.0169476 -0.024781 0.0149923)
(-0.0174087 -0.0263894 0.0170557)
(-0.0184621 -0.0261995 0.0152748)
(-0.0189157 -0.027047 0.0155439)
(-0.0166381 -0.0301392 0.0232116)
(-0.0178841 -0.0320421 0.0206969)
(-0.0171752 -0.0311848 0.0212191)
(-0.015799 -0.0281783 0.0198452)
(-0.0173474 -0.0313593 0.0200311)
(-0.0155131 -0.0276891 0.0190596)
(-0.0184232 -0.0333403 0.0203382)
(-0.0211893 -0.0335533 0.0174972)
(-0.0197891 -0.0329899 0.0180869)
(-0.02031 -0.0333914 0.0174285)
(-0.0194638 -0.0347873 0.0204346)
(-0.0181457 -0.0318916 0.0186434)
(-0.0132812 -0.0245066 0.0264994)
(-0.0157089 -0.0288038 0.0258007)
(-0.01537 -0.0277071 0.0252943)
(-0.0154976 -0.0289075 0.0250672)
(-0.0154421 -0.0251893 0.0272012)
(-0.0153772 -0.0254779 0.025385)
(-0.0138546 -0.019721 0.0276791)
(-0.01447 -0.0187469 0.0304659)
(-0.0147632 -0.0235322 0.0283437)
(-0.015643 -0.0181158 0.0299046)
(-0.014156 -0.0173811 0.0270372)
(-0.0160007 -0.0240167 0.0321435)
(-0.0048611 -0.00598066 0.00294301)
(-0.00531357 -0.00672108 0.00319435)
(-0.00534102 -0.00669569 0.00317847)
(-0.005656 -0.00714416 0.00350227)
(-0.00541298 -0.00717267 0.00386965)
(-0.00488358 -0.00588315 0.0023933)
(-0.00346745 -0.00361948 0.00170119)
(-0.00346451 -0.00350454 0.00168218)
(-0.00317016 -0.0033324 0.00157857)
(-0.00330985 -0.00345253 0.00160896)
(-0.00357128 -0.00364852 0.00177279)
(-0.00333321 -0.00361709 0.00167951)
(-0.00763208 -0.00974657 0.00540361)
(-0.00629945 -0.00828877 0.00410822)
(-0.00673588 -0.00882135 0.0039995)
(-0.00708099 -0.0090265 0.00450057)
(-0.00621466 -0.00791276 0.00398501)
(-0.00615754 -0.00809115 0.00404657)
(-0.00577136 -0.00703199 0.00306884)
(-0.00479351 -0.00586757 0.00260315)
(-0.0054915 -0.00699564 0.00303247)
(-0.00506123 -0.00601415 0.00266995)
(-0.00503401 -0.005615 0.0023098)
(-0.0049737 -0.00619597 0.00278113)
(-0.00755963 -0.0101781 0.0048128)
(-0.00771409 -0.0100348 0.00447449)
(-0.0069008 -0.0088492 0.00405195)
(-0.00748929 -0.00963227 0.00454676)
(-0.0083551 -0.0114171 0.0047946)
(-0.00692814 -0.00925646 0.00412314)
(-0.0169962 -0.0163397 0.0115503)
(-0.0139908 -0.0142753 0.0098639)
(-0.014837 -0.0142391 0.0104171)
(-0.0153984 -0.0159744 0.0103885)
(-0.0160986 -0.0162848 0.0104727)
(-0.00627021 -0.00801219 0.00338151)
(-0.00661212 -0.00833096 0.00311315)
(-0.00566186 -0.00757844 0.00316662)
(-0.0068268 -0.00909079 0.00339628)
(-0.00626409 -0.00836421 0.00345126)
(-0.00564871 -0.00724968 0.00295694)
(-0.00763097 -0.0100803 0.00349709)
(-0.00737574 -0.00973313 0.00364773)
(-0.00909264 -0.0106296 0.00704683)
(-0.0105651 -0.0124175 0.00795342)
(-0.00901817 -0.0114906 0.00752058)
(-0.00852048 -0.0105197 0.00730714)
(-0.00901139 -0.0110906 0.00639238)
(-0.0101327 -0.0125855 0.00767605)
(-0.0133302 -0.0156208 0.00837442)
(-0.0124051 -0.0140305 0.00824012)
(-0.015682 -0.0155894 0.0104236)
(-0.012772 -0.0142768 0.00869351)
(-0.0134489 -0.0154594 0.00857801)
(-0.0139454 -0.0151887 0.00920447)
(-0.00725658 -0.00911651 0.00505271)
(-0.00774995 -0.00952325 0.00547344)
(-0.0071891 -0.00925675 0.0044409)
(-0.00819892 -0.0106183 0.00471453)
(-0.00893385 -0.0109371 0.00633626)
(-0.00854827 -0.010789 0.00529554)
(-0.00891159 -0.0110833 0.00554679)
(-0.00968829 -0.0116625 0.00645248)
(-0.00823706 -0.0108835 0.00476101)
(-0.00948566 -0.0127144 0.00554932)
(-0.00916405 -0.0118073 0.00588404)
(-0.00837609 -0.0105844 0.00499244)
(-0.012058 -0.0144677 0.0074398)
(-0.0105895 -0.0135155 0.00639832)
(-0.0114973 -0.0136691 0.00772974)
(-0.0118193 -0.0149288 0.00734416)
(-0.0110556 -0.0134997 0.00723582)
(-0.0154099 -0.0204102 0.00939282)
(-0.0161433 -0.0207057 0.010133)
(-0.0153529 -0.0206628 0.0102016)
(-0.0146059 -0.0202552 0.0101259)
(-0.0156073 -0.0202492 0.00963026)
(-0.0138333 -0.0186091 0.0100074)
(-0.0148767 -0.0145151 0.0152024)
(-0.0147815 -0.0149394 0.0157195)
(-0.0158963 -0.0170548 0.0166801)
(-0.0153287 -0.0173323 0.014929)
(-0.0137899 -0.0144012 0.0134441)
(-0.0145784 -0.0161664 0.0144101)
(-0.0135649 -0.0135747 0.0115975)
(-0.0134215 -0.0142472 0.0121233)
(-0.0137331 -0.0153312 0.0128366)
(-0.0140215 -0.0152101 0.0120049)
(-0.013904 -0.0138997 0.0123444)
(-0.0132521 -0.0150087 0.0118815)
(-0.00883608 -0.00754807 0.00471515)
(-0.00752721 -0.00686001 0.00389353)
(-0.00823616 -0.00675319 0.00447068)
(-0.00708378 -0.00713595 0.00398067)
(-0.0077216 -0.00641482 0.00391064)
(-0.00884793 -0.00747671 0.00479856)
(-0.01225 -0.0172542 0.00697492)
(-0.0134409 -0.0194355 0.00785082)
(-0.0130024 -0.0191384 0.00754711)
(-0.0141841 -0.0162116 0.00672584)
(-0.0145402 -0.0163999 0.00732689)
(-0.011724 -0.0165459 0.00646786)
(-0.0203584 -0.0143909 0.0158994)
(-0.024012 -0.0168267 0.0178031)
(-0.021918 -0.0148143 0.0169524)
(-0.0255828 -0.0182587 0.017653)
(-0.023264 -0.0177692 0.0155881)
(-0.0227323 -0.018373 0.016556)
(-0.0172784 -0.0141652 0.0174794)
(-0.0201227 -0.0147779 0.0185331)
(-0.0169675 -0.0141214 0.0156912)
(-0.0202772 -0.0144521 0.0186875)
(-0.0183788 -0.0144722 0.0162954)
(-0.0178515 -0.0134133 0.0176605)
(-0.0146419 -0.0126048 0.01459)
(-0.0132575 -0.0124646 0.0127377)
(-0.0138653 -0.0126025 0.0141786)
(-0.0161074 -0.0138221 0.0141027)
(-0.0156929 -0.0139865 0.0136256)
(-0.0135223 -0.00533642 0.0104038)
(-0.012722 -0.00529882 0.00987267)
(-0.0137026 -0.00692392 0.0127435)
(-0.0151935 -0.00696997 0.0141779)
(-0.0140791 -0.00735699 0.0115203)
(-0.0135952 -0.0062199 0.0113864)
(-0.017857 -0.0181786 0.00980902)
(-0.0175368 -0.0180333 0.00999807)
(-0.0176728 -0.0195721 0.010271)
(-0.0190494 -0.0186641 0.010192)
(-0.0168205 -0.0147868 0.013659)
(-0.0149164 -0.0133746 0.013459)
(-0.0150057 -0.0130236 0.0149857)
(-0.020382 -0.0153822 0.016455)
(-0.0193781 -0.0162502 0.0130646)
(-0.0214117 -0.0180403 0.0138354)
(-0.0220954 -0.0179201 0.0179603)
(-0.0223722 -0.018138 0.0174323)
(-0.0170187 -0.0143404 0.014028)
(-0.0195021 -0.0149156 0.0159384)
(-0.0201789 -0.0166343 0.014799)
(-0.0185173 -0.0159356 0.0130356)
(-0.0176862 -0.0161553 0.0132314)
(-0.0175301 -0.0138936 0.0137199)
(-0.0170403 -0.0146528 0.0138104)
(-0.0212933 -0.0173326 0.0151728)
(-0.0234245 -0.0188018 0.0160064)
(-0.0235672 -0.0177577 0.0170342)
(-0.0235274 -0.017494 0.0175337)
(-0.0127141 -0.0183629 0.00744074)
(-0.0124668 -0.0111849 0.0110993)
(-0.0131493 -0.0116013 0.01216)
(-0.014636 -0.0131371 0.0144774)
(-0.0144409 -0.013552 0.0131716)
(-0.0143032 -0.0131009 0.0126986)
(-0.0137019 -0.0130895 0.013052)
(-0.0139473 -0.0141326 0.0130134)
(-0.0137828 -0.0158026 0.0133364)
(-0.0150509 -0.0190898 0.00821109)
(-0.0152075 -0.020136 0.00941215)
(-0.0154587 -0.0203045 0.00945933)
(-0.0147827 -0.0199971 0.0089428)
(-0.0139442 -0.0187424 0.00818333)
(-0.0150954 -0.0200311 0.00936059)
(-0.0143694 -0.0198006 0.0108635)
(-0.0159216 -0.0214466 0.0107393)
(-0.0152452 -0.0202736 0.00983917)
(-0.00444568 -0.0057089 0.00269636)
(-0.00537515 -0.00693438 0.00417209)
(-0.00396937 -0.00527069 0.00272862)
(-0.00373843 -0.00458739 0.00245754)
(-0.00448912 -0.00573152 0.00345528)
(-0.00299744 -0.00340342 0.00156773)
(-0.00316799 -0.00394923 0.00195286)
(-0.00525532 -0.0068632 0.00514375)
(-0.00530684 -0.0072713 0.00559093)
(-0.00540429 -0.00695272 0.00389684)
(-0.00439708 -0.00626165 0.00413215)
(-0.00504193 -0.00686716 0.00394519)
(-0.00538442 -0.00701731 0.00448467)
(-0.00607312 -0.00796327 0.00512056)
(-0.00573314 -0.00786758 0.00512387)
(-0.00441223 -0.00583657 0.00385767)
(-0.00538369 -0.00693155 0.004481)
(-0.0103916 -0.0123799 0.00696707)
(-0.00939558 -0.0115052 0.00626991)
(-0.00826604 -0.0105238 0.00475099)
(-0.0120374 -0.0135089 0.00816265)
(-0.00873331 -0.0105276 0.00671009)
(-0.0077362 -0.00952916 0.00527943)
(-0.0101421 -0.0117136 0.00782539)
(-0.0108425 -0.0124393 0.00802074)
(-0.011483 -0.0129907 0.00835067)
(-0.0119865 -0.0132958 0.00934792)
(-0.0122245 -0.0130118 0.00972481)
(-0.0127685 -0.0141794 0.00936597)
(-0.0126726 -0.013328 0.00956076)
(-0.0116661 -0.0131087 0.00827643)
(-0.0133271 -0.0139331 0.009928)
(-0.0145038 -0.0151946 0.0102279)
(-0.00507146 -0.00642384 0.00254068)
(-0.00526649 -0.00637869 0.00255697)
(-0.00511469 -0.00670223 0.00286845)
(-0.00581274 -0.00779499 0.00329229)
(-0.00556835 -0.0072469 0.00299243)
(-0.00451571 -0.00565247 0.0022558)
(-0.00644388 -0.00832982 0.00324416)
(-0.0158134 -0.0161497 0.0106108)
(-0.00866238 -0.0119733 0.00480041)
(-0.00831004 -0.0111658 0.00418867)
(-0.00756718 -0.0101672 0.00399658)
(-0.00745279 -0.00995536 0.0042505)
(-0.00714999 -0.00918121 0.00364671)
(-0.00516112 -0.0065 0.00273082)
(-0.00707161 -0.00887325 0.00444192)
(-0.00612253 -0.00773876 0.00376474)
(-0.00534344 -0.00697166 0.00337906)
(-0.00422524 -0.00502172 0.00236893)
(-0.00587196 -0.00760554 0.00404864)
(-0.00503142 -0.00641391 0.00295634)
(-0.00532304 -0.00684951 0.00363573)
(-0.00553777 -0.00738023 0.00420519)
(-0.00459958 -0.00591957 0.0032494)
(-0.00628941 -0.00802825 0.00558179)
(-0.00584185 -0.00763978 0.00500948)
(-0.006282 -0.00805208 0.00578785)
(-0.00863449 -0.0101934 0.00733385)
(-0.00693921 -0.00866811 0.00652152)
(-0.00847908 -0.0102372 0.00701259)
(-0.00700453 -0.00907399 0.00664646)
(-0.00826497 -0.0102202 0.00690144)
(-0.0134227 -0.0247626 0.0280314)
(-0.0141423 -0.0208869 0.0277151)
(-0.0144587 -0.0295119 0.0252594)
(-0.0169775 -0.0344541 0.0259013)
(-0.0147582 -0.0140264 0.0275671)
(-0.0168775 -0.0323922 0.0219287)
(-0.0175807 -0.0330604 0.0244409)
(-0.0145469 -0.026162 0.0228729)
(-0.0167253 -0.024089 0.0164774)
(-0.0181673 -0.0283658 0.0185225)
(-0.016801 -0.0247745 0.016472)
(-0.015172 -0.023636 0.0160767)
(-0.0152825 -0.0263803 0.0213554)
(-0.017979 -0.0303323 0.0176518)
(-0.0188444 -0.0302835 0.0185192)
(-0.0153585 -0.0253736 0.0175613)
(-0.0194198 -0.0287522 0.019492)
(-0.0161814 -0.0265702 0.0198597)
(-0.0189011 -0.0274278 0.0185424)
(-0.0164927 -0.0257969 0.0223364)
(-0.0152404 -0.0241803 0.0191252)
(-0.0164944 -0.025889 0.0211478)
(-0.0138906 -0.020556 0.0175922)
(-0.0146011 -0.0233355 0.0188279)
(-0.0166674 -0.0237068 0.0183955)
(-0.0159268 -0.0228401 0.0183992)
(-0.0195494 -0.0285491 0.0227491)
(-0.0137757 -0.0222195 0.0178876)
(-0.0183338 -0.0270975 0.019453)
(-0.0167246 -0.0130009 0.0202787)
(-0.0158321 -0.0174848 0.0206137)
(-0.0160515 -0.0156119 0.0213121)
(-0.0160463 -0.0131343 0.0210258)
(-0.0159359 -0.0151778 0.0210556)
(-0.0154298 -0.0238053 0.0215855)
(-0.0158541 -0.0242636 0.022667)
(-0.0171438 -0.024126 0.0218028)
(-0.0154687 -0.0204833 0.0202507)
(-0.016863 -0.0242505 0.0212607)
(-0.0158177 -0.0230606 0.0216654)
(-0.0149744 -0.0183379 0.020205)
(-0.0156277 -0.0205081 0.021681)
(-0.0151834 -0.0211182 0.0220487)
(-0.0157585 -0.0226255 0.0230057)
(-0.0160361 -0.0226287 0.0247952)
(-0.0154159 -0.0211641 0.0226492)
(-0.0161294 -0.0127907 0.0212364)
(-0.0150614 -0.0140605 0.0230952)
(-0.0158183 -0.013966 0.0216545)
(-0.016274 -0.0135381 0.0223291)
(-0.0163569 -0.0211906 0.0243896)
(-0.0164392 -0.0173118 0.0253797)
(-0.0160737 -0.020284 0.0246916)
(-0.0150577 -0.0173076 0.0250307)
(-0.0153672 -0.0182381 0.0216589)
(-0.0155813 -0.0173472 0.022661)
(-0.0151667 -0.016098 0.021066)
(-0.0155993 -0.0158047 0.0222678)
(-0.015541 -0.0190588 0.0237988)
(-0.0147627 -0.0186866 0.0220729)
(-0.0153583 -0.0136906 0.0237393)
(-0.00817354 -0.00843515 0.00467502)
(-0.00926297 -0.00948274 0.00563287)
(-0.0127678 -0.0109416 0.00985344)
(-0.0112981 -0.0106147 0.00812533)
(-0.0104254 -0.00937863 0.00731185)
(-0.00993391 -0.00912558 0.0058167)
(-0.00990542 -0.00894076 0.00629257)
(-0.0106222 -0.00976595 0.00702912)
(-0.00875797 -0.0102734 0.00525491)
(-0.00902287 -0.0115185 0.00528817)
(-0.0081368 -0.00999612 0.00456792)
(-0.0081181 -0.00970538 0.00440378)
(-0.00739159 -0.00837827 0.0040917)
(-0.00939118 -0.0122221 0.0051243)
(-0.0106114 -0.0136658 0.00658088)
(-0.0122265 -0.0134325 0.00814995)
(-0.0105497 -0.0127171 0.00697551)
(-0.0120522 -0.0148587 0.00797176)
(-0.00785198 -0.00963383 0.00441908)
(-0.00844366 -0.0109072 0.00461359)
(-0.00745123 -0.00951304 0.00397293)
(-0.0202697 -0.0265944 0.0158264)
(-0.0174269 -0.0232992 0.0144064)
(-0.015227 -0.0216307 0.0138947)
(-0.0164476 -0.0217706 0.0110854)
(-0.0165844 -0.0214619 0.0107901)
(-0.017957 -0.0227779 0.0120823)
(-0.0175561 -0.0233465 0.0125153)
(-0.0179576 -0.0238994 0.013452)
(-0.0174284 -0.0236301 0.0123011)
(-0.0158121 -0.0212927 0.0110628)
(-0.0176403 -0.0251413 0.0147595)
(-0.0150723 -0.020526 0.0133586)
(-0.0148063 -0.0206979 0.0124)
(-0.0159719 -0.0221083 0.0124073)
(-0.0162458 -0.0218408 0.010556)
(-0.0152592 -0.0196989 0.00856379)
(-0.0164207 -0.0208248 0.00931973)
(-0.0171497 -0.0221127 0.0112506)
(-0.0147057 -0.0196145 0.0122979)
(-0.0155761 -0.0204063 0.010972)
(-0.014354 -0.0189652 0.010798)
(-0.0139956 -0.0184687 0.00714817)
(-0.014251 -0.0185847 0.00779158)
(-0.0147826 -0.0192106 0.0109706)
(-0.0125325 -0.0164537 0.00842376)
(-0.0141187 -0.0180623 0.0102509)
(-0.0154169 -0.0199654 0.00905574)
(-0.0162159 -0.0203696 0.00917846)
(-0.0139501 -0.0196797 0.00883388)
(-0.0137711 -0.0200403 0.00837506)
(-0.0185427 -0.0251749 0.0151992)
(-0.017105 -0.022883 0.0140534)
(-0.0152667 -0.0211862 0.0160665)
(-0.0152134 -0.0211321 0.0163553)
(-0.0196277 -0.0265984 0.0183423)
(-0.0181338 -0.02562 0.0172493)
(-0.0141477 -0.0158567 0.0161944)
(-0.0136584 -0.0172138 0.0165209)
(-0.0160953 -0.0184554 0.0205509)
(-0.0153306 -0.0193945 0.0196553)
(-0.0161176 -0.0208864 0.0190692)
(-0.0138917 -0.0160985 0.0179508)
(-0.0145202 -0.0170032 0.0177425)
(-0.0145034 -0.0144741 0.0148665)
(-0.0144221 -0.0129384 0.015165)
(-0.0152763 -0.0132112 0.0166225)
(-0.0150682 -0.0197181 0.0135942)
(-0.0149506 -0.0179191 0.0150625)
(-0.0146559 -0.0190634 0.0147252)
(-0.0155362 -0.0216896 0.0160426)
(-0.0155538 -0.0230173 0.0164374)
(-0.0151293 -0.0202601 0.0148599)
(-0.0148572 -0.0221723 0.016573)
(-0.0160162 -0.0223363 0.0156324)
(-0.013987 -0.018393 0.0118807)
(-0.0141528 -0.0167158 0.0125277)
(-0.0141279 -0.0180929 0.0129102)
(-0.0144117 -0.0178077 0.0118022)
(-0.0120285 -0.0142532 0.00862887)
(-0.0136601 -0.0153104 0.0116207)
(-0.0144016 -0.0165608 0.011584)
(-0.013364 -0.0132202 0.0117857)
(-0.0136059 -0.0128139 0.0109783)
(-0.0116294 -0.011737 0.00904507)
(-0.0118697 -0.0117071 0.00924754)
(-0.014642 -0.0116455 0.0131259)
(-0.0140339 -0.0111655 0.0124297)
(-0.0134728 -0.0113783 0.0130217)
(-0.0097738 -0.00884628 0.00631763)
(-0.00894337 -0.00791764 0.00514366)
(-0.00964228 -0.00795667 0.00581013)
(-0.0142829 -0.010037 0.0125249)
(-0.014028 -0.00973541 0.0117896)
(-0.0121983 -0.00853229 0.00867289)
(-0.0131381 -0.00934025 0.0100743)
(-0.0156868 -0.0147689 0.0169929)
(-0.0161817 -0.0173642 0.02101)
(-0.0147828 -0.0167062 0.0182384)
(-0.0141292 -0.0146479 0.0167902)
(-0.014254 -0.0140766 0.0162796)
(-0.0151988 -0.0138565 0.0160235)
(-0.0149852 -0.0148661 0.0187898)
(-0.0165223 -0.0152648 0.020975)
(-0.0150217 -0.014097 0.0181535)
(-0.0156742 -0.0131467 0.0190131)
(-0.0142918 -0.00775279 0.0146079)
(-0.0147192 -0.00986396 0.0179135)
(-0.0148574 -0.0125839 0.0170969)
(-0.0156065 -0.0124523 0.0181462)
(-0.0134473 -0.0063911 0.0096601)
(-0.0151431 -0.00791702 0.0131013)
(-0.0138087 -0.00912892 0.0101889)
(-0.0271654 -0.024247 0.0149048)
(-0.0301153 -0.0258854 0.0157591)
(-0.0294265 -0.0264801 0.016037)
(-0.0298563 -0.0276642 0.0160505)
(-0.0202167 -0.0318862 0.0168525)
(-0.0199791 -0.0320864 0.0177271)
(-0.0217609 -0.0322502 0.0163611)
(-0.0199156 -0.0305532 0.0167133)
(-0.021812 -0.031004 0.0160593)
(-0.0223479 -0.0308759 0.0153582)
(-0.0286227 -0.0218301 0.0176293)
(-0.032153 -0.0281517 0.01715)
(-0.0298518 -0.0177589 0.0209027)
(-0.0185654 -0.0336217 0.0197194)
(-0.0034599 -0.00430005 0.0019329)
(-0.00549808 -0.0090415 0.00925012)
(-0.00792421 -0.01006 0.0132499)
(-0.00917554 -0.0110517 0.014715)
(-0.00349769 -0.00579001 0.00345348)
(-0.00369746 -0.00644582 0.00467642)
(-0.0047252 -0.00766041 0.0062684)
(-0.00347071 -0.00491065 0.00250901)
(-0.00391055 -0.00582203 0.00316001)
(-0.00404189 -0.00545384 0.0028127)
(-0.00342694 -0.00451386 0.00210852)
(-0.003623 -0.00449702 0.00210993)
(-0.00367979 -0.00486719 0.0022741)
(-0.00389268 -0.00466212 0.0022452)
(-0.00655948 -0.00848148 0.0061104)
(-0.00442465 -0.0056349 0.00314145)
(-0.00640556 -0.00887551 0.00626144)
(-0.00490577 -0.00720532 0.00505286)
(-0.00513221 -0.00726972 0.00472526)
(-0.00573328 -0.00789161 0.00681774)
(-0.00361294 -0.00492951 0.00296936)
(-0.00427224 -0.00598842 0.00347332)
(-0.00410479 -0.00594059 0.00319795)
(-0.00327371 -0.00389299 0.00188006)
(-0.00303392 -0.00359901 0.00177112)
(-0.00314306 -0.00360383 0.00160906)
(-0.0031296 -0.00359066 0.00166952)
(-0.0105934 -0.0109616 0.0152201)
(-0.00833115 -0.0102975 0.0110948)
(-0.00422695 -0.00630121 0.00443079)
(-0.00411088 -0.00616 0.00426952)
(-0.00371381 -0.00564332 0.00362354)
(-0.00438175 -0.00668167 0.00418967)
(-0.00407131 -0.0066223 0.00508212)
(-0.00434761 -0.00683577 0.00479428)
(-0.00369644 -0.00557467 0.00353739)
(-0.00456414 -0.00701411 0.00580759)
(-0.00653875 -0.0090041 0.00984698)
(-0.00419125 -0.00689876 0.00572986)
(-0.0081379 -0.00989899 0.0120149)
(-0.00737343 -0.00995998 0.0111812)
(-0.0127975 -0.011733 0.0171032)
(-0.0279213 -0.0183635 0.0200216)
(-0.0214756 -0.0144911 0.0200928)
(-0.0179337 -0.0135771 0.0216188)
(-0.0190107 -0.0133146 0.0199295)
(-0.0147457 -0.0108915 0.0195586)
(-0.0147388 -0.0127263 0.0184973)
(-0.0180865 -0.0139345 0.0201277)
(-0.0298896 -0.0180376 0.022257)
(-0.0266894 -0.0176857 0.0188353)
(-0.00761265 -0.00754183 0.00453306)
(-0.00682735 -0.00747502 0.0038909)
(-0.00672028 -0.0076896 0.00372472)
(-0.00682014 -0.00816046 0.00370361)
(-0.00650492 -0.00496572 0.00336654)
(-0.00699927 -0.00491936 0.00346511)
(-0.00556235 -0.00437403 0.00257523)
(-0.00723028 -0.00490377 0.00384328)
(-0.00868372 -0.00506782 0.00439087)
(-0.0081536 -0.0055665 0.00415853)
(-0.011237 -0.00709045 0.00752701)
(-0.00915075 -0.00621912 0.00528976)
(-0.0122307 -0.00726512 0.00819866)
(-0.00940974 -0.00582367 0.00593883)
(-0.0127777 -0.00618271 0.00892939)
(-0.0122957 -0.00540161 0.00732895)
(-0.00754572 -0.00512189 0.00354324)
(-0.00629194 -0.00459351 0.00300516)
(-0.00635849 -0.00489626 0.00307232)
(-0.00698629 -0.00476528 0.00349852)
(-0.00845408 -0.00618268 0.00489245)
(-0.00913074 -0.00602679 0.00459004)
(-0.0119663 -0.00637215 0.00699343)
(-0.0109578 -0.00585769 0.00656486)
(-0.00431036 -0.00388151 0.00204037)
(-0.00502024 -0.00435907 0.00242098)
(-0.0053644 -0.00448772 0.00266892)
(-0.00528467 -0.00431818 0.00251055)
(-0.0030421 -0.00336382 0.0015407)
(-0.00458852 -0.00389447 0.00205457)
(-0.00413408 -0.00377679 0.00188721)
(-0.00398418 -0.00406485 0.00204919)
(-0.00438155 -0.0037323 0.00194375)
(-0.00380358 -0.00365916 0.00180417)
(-0.00399075 -0.00364223 0.0018033)
(-0.00326064 -0.0033566 0.00157815)
(-0.00306072 -0.00331813 0.00157942)
(-0.00360565 -0.00349393 0.00170601)
(-0.00352047 -0.0033681 0.00162527)
(-0.00390026 -0.00476301 0.00222647)
(-0.00356781 -0.00454925 0.00223187)
(-0.00404125 -0.00367707 0.00174735)
(-0.00316912 -0.00339669 0.00154891)
(-0.00347453 -0.00357465 0.00171818)
(-0.00342003 -0.00392839 0.00184344)
(-0.00325291 -0.00390741 0.00187572)
(-0.00309219 -0.00350436 0.00163983)
(-0.00318012 -0.00354744 0.00161134)
(-0.00325292 -0.00372084 0.00170804)
(-0.0031993 -0.00357628 0.00160636)
(-0.00345694 -0.00341927 0.00162002)
(-0.0031964 -0.00343561 0.0016225)
(-0.00337408 -0.00342695 0.00144354)
(-0.00327494 -0.00326144 0.00146278)
(-0.00332003 -0.00388225 0.0018633)
(-0.00372371 -0.00440044 0.00213365)
(-0.00321613 -0.00359128 0.00171645)
(-0.00328431 -0.0036093 0.00161804)
(-0.00339651 -0.0039503 0.00182318)
(-0.00484872 -0.00435207 0.00214156)
(-0.00491624 -0.00426905 0.00235524)
(-0.00636101 -0.00736786 0.00330875)
(-0.00662225 -0.00723812 0.0034818)
(-0.00621936 -0.00684881 0.00347844)
(-0.00575085 -0.00680292 0.00304316)
(-0.00695157 -0.00608965 0.0033045)
(-0.00449226 -0.00502398 0.00188226)
(-0.00684461 -0.00690272 0.00361906)
(-0.00611323 -0.00611479 0.0031324)
(-0.00581617 -0.00541692 0.00267811)
(-0.00594938 -0.00623766 0.0031226)
(-0.00700945 -0.00654172 0.0036482)
(-0.00484881 -0.00524679 0.00259581)
(-0.00537703 -0.0059314 0.00300968)
(-0.00606186 -0.00583161 0.00314057)
(-0.00564459 -0.00629673 0.00313845)
(-0.00476811 -0.00548716 0.0026268)
(-0.00436956 -0.00486995 0.00197533)
(-0.00450144 -0.00527965 0.00225801)
(-0.0049336 -0.005482 0.00231927)
(-0.00475077 -0.00511895 0.00228655)
(-0.00459982 -0.00499183 0.00216396)
(-0.004709 -0.00481422 0.00224374)
(-0.00401455 -0.00455059 0.00183385)
(-0.00446413 -0.00481918 0.00206236)
(-0.0041736 -0.00435881 0.00179527)
(-0.00402645 -0.00426529 0.00183169)
(-0.00377333 -0.00398204 0.00167594)
(-0.00414378 -0.00402974 0.00171447)
(-0.00408972 -0.0045337 0.0020254)
(-0.00406005 -0.00425688 0.00174805)
(-0.00391326 -0.00452065 0.00211475)
(-0.00412837 -0.00465185 0.00207711)
(-0.004756 -0.00466744 0.00223115)
(-0.00491032 -0.00541695 0.00255273)
(-0.00496254 -0.00490308 0.00229712)
(-0.00420706 -0.00471314 0.00223152)
(-0.00412677 -0.00424208 0.00191468)
(-0.00445877 -0.00450365 0.00196009)
(-0.0167034 -0.0180684 0.00969186)
(-0.0184139 -0.0211087 0.0107183)
(-0.0197308 -0.0190249 0.0111323)
(-0.0199696 -0.0188012 0.0116444)
(-0.0210477 -0.0212945 0.0126542)
(-0.0187809 -0.0213283 0.0111434)
(-0.0206788 -0.0232016 0.0120345)
(-0.0187987 -0.0204207 0.0106387)
(-0.0189137 -0.0221678 0.0119118)
(-0.0204011 -0.0224403 0.0117973)
(-0.0198856 -0.0221944 0.0115851)
(-0.0188397 -0.0238085 0.0124349)
(-0.0180236 -0.0243388 0.0137099)
(-0.0181326 -0.0243742 0.0126193)
(-0.0191483 -0.0235045 0.0121409)
(-0.0188756 -0.0243776 0.0130298)
(-0.0194945 -0.0234293 0.0119429)
(-0.0197776 -0.0226048 0.0113632)
(-0.0193564 -0.0232993 0.0118269)
(-0.0100364 -0.00751057 0.00632071)
(-0.00943229 -0.00762388 0.00573807)
(-0.00868652 -0.00735789 0.00503222)
(-0.00655828 -0.00474045 0.00317226)
(-0.00756071 -0.00612421 0.00379344)
(-0.00836603 -0.00679454 0.00466421)
(-0.00783795 -0.00602114 0.00402487)
(-0.00781003 -0.00588929 0.00436954)
(-0.00724755 -0.00554313 0.00378233)
(-0.0105669 -0.00761225 0.00663462)
(-0.00879602 -0.0066668 0.00511882)
(-0.00925753 -0.00642341 0.00546322)
(-0.0100564 -0.00704777 0.00595312)
(-0.010365 -0.00764522 0.0067507)
(-0.00949314 -0.00725463 0.00584745)
(-0.0197555 -0.0218192 0.0111215)
(-0.0208817 -0.0235736 0.0125504)
(-0.0211064 -0.0224653 0.0123123)
(-0.0223857 -0.0216508 0.0122025)
(-0.0226185 -0.0229797 0.0129825)
(-0.02212 -0.0217878 0.0133025)
(-0.0219682 -0.0236292 0.0122405)
(-0.0231298 -0.0245782 0.012617)
(-0.0239622 -0.0228869 0.013026)
(-0.023267 -0.023459 0.0142141)
(-0.0251538 -0.024376 0.013665)
(-0.0255833 -0.0253254 0.0133807)
(-0.026442 -0.0275776 0.0149274)
(-0.0261624 -0.0268037 0.0156907)
(-0.0200929 -0.0224002 0.0112946)
(-0.0218442 -0.0248436 0.0128483)
(-0.0203609 -0.0246418 0.0122418)
(-0.0207777 -0.0244998 0.0122481)
(-0.019328 -0.024402 0.0128186)
(-0.0195541 -0.0250705 0.0127314)
(-0.0182001 -0.0224959 0.0110885)
(-0.019563 -0.026782 0.014716)
(-0.0195384 -0.0243866 0.0125368)
(-0.0203721 -0.0243164 0.0120899)
(-0.0193385 -0.024423 0.0122313)
(-0.0184826 -0.0246053 0.0125593)
(-0.0188778 -0.0250298 0.0132522)
(-0.0194001 -0.0251524 0.0132965)
(-0.0197735 -0.0254296 0.0131867)
(-0.020638 -0.0245886 0.0122198)
(-0.0207044 -0.0246715 0.0122756)
(-0.0203901 -0.0258652 0.0132285)
(-0.0219511 -0.0269609 0.0129969)
(-0.0210422 -0.0273776 0.0141148)
(-0.0226102 -0.0282255 0.0149102)
(-0.0232714 -0.0267363 0.0136537)
(-0.0201758 -0.0254414 0.0126211)
(-0.020752 -0.0256218 0.0130464)
(-0.0195148 -0.0263107 0.0141954)
(-0.0200238 -0.0266975 0.0141125)
(-0.0210495 -0.0284734 0.0149525)
(-0.0201828 -0.0286536 0.0160705)
(-0.0160011 -0.0197748 0.00893686)
(-0.0167295 -0.020032 0.0094573)
(-0.0178771 -0.0220587 0.010619)
(-0.0171973 -0.0202051 0.00940637)
(-0.0165358 -0.020905 0.00993038)
(-0.0173026 -0.0204941 0.00985401)
(-0.0163759 -0.0207959 0.00982456)
(-0.00552083 -0.00659588 0.00264354)
(-0.00704122 -0.00841549 0.00360369)
(-0.00598772 -0.00696655 0.00308683)
(-0.00661099 -0.00753791 0.00353536)
(-0.00668117 -0.00847222 0.00363431)
(-0.00724588 -0.00811867 0.00392573)
(-0.00436373 -0.00526138 0.0022619)
(-0.00385968 -0.00434598 0.00191055)
(-0.00422264 -0.00475647 0.00216753)
(-0.0050216 -0.00600548 0.00244853)
(-0.0051138 -0.00643828 0.00257248)
(-0.00511861 -0.00630879 0.00270293)
(-0.00510788 -0.00634609 0.00272784)
(-0.00516036 -0.00601713 0.00235343)
(-0.00601175 -0.00749728 0.00268406)
(-0.00531362 -0.00678959 0.00251763)
(-0.0055017 -0.00742661 0.00302078)
(-0.00502833 -0.00613411 0.0024044)
(-0.00498283 -0.0061368 0.00242818)
(-0.0050408 -0.00645101 0.00255975)
(-0.00534824 -0.00657169 0.00232585)
(-0.00491625 -0.00636792 0.00264964)
(-0.00482658 -0.00585391 0.00235743)
(-0.00442081 -0.00496969 0.00210933)
(-0.00471125 -0.00545487 0.00221491)
(-0.00444908 -0.00491756 0.00199367)
(-0.00429879 -0.0047826 0.00206073)
(-0.00386284 -0.0046855 0.00207346)
(-0.00424353 -0.00490707 0.00213674)
(-0.0047931 -0.00551137 0.00230708)
(-0.00453841 -0.00548861 0.00227621)
(-0.0177026 -0.0185402 0.0102488)
(-0.0173922 -0.0202047 0.0101524)
(-0.0170139 -0.0225705 0.0103588)
(-0.0151105 -0.0200191 0.00874279)
(-0.0147795 -0.0166241 0.00790299)
(-0.0160435 -0.0179226 0.00800832)
(-0.016662 -0.019817 0.00908397)
(-0.0166705 -0.0206476 0.0100382)
(-0.0171134 -0.0206414 0.00991544)
(-0.0127309 -0.0163535 0.00722706)
(-0.0117761 -0.0154301 0.00661218)
(-0.0119346 -0.0161992 0.00661521)
(-0.0141729 -0.0184171 0.00814013)
(-0.0127165 -0.016304 0.00729594)
(-0.0109748 -0.0150831 0.00598019)
(-0.0119257 -0.016503 0.0066583)
(-0.0184251 -0.0195452 0.0107748)
(-0.0154379 -0.0165838 0.0091893)
(-0.012926 -0.0163004 0.00751499)
(-0.0127264 -0.0172034 0.00740833)
(-0.0116956 -0.0145515 0.00710235)
(-0.0139281 -0.0159165 0.00877428)
(-0.0123935 -0.0153176 0.00744996)
(-0.0124907 -0.0154067 0.00733798)
(-0.00917033 -0.0128705 0.0047523)
(-0.00933078 -0.0124761 0.00491056)
(-0.0101571 -0.0133505 0.00618591)
(-0.0118814 -0.0157058 0.00731935)
(-0.0110426 -0.0140997 0.00688058)
(-0.0118597 -0.0155075 0.00677507)
(-0.0106763 -0.0140525 0.00586521)
(-0.0262146 -0.0197531 0.0173391)
(-0.0277147 -0.0214726 0.0168871)
(-0.0252184 -0.0198108 0.0160922)
(-0.0234021 -0.0230294 0.0134957)
(-0.0227048 -0.0208526 0.0134475)
(-0.0243022 -0.0220398 0.0153518)
(-0.0235323 -0.0196662 0.0147464)
(-0.0249743 -0.0173859 0.0193506)
(-0.0242655 -0.0148932 0.0201428)
(-0.0138524 -0.0126089 0.0147852)
(-0.018344 -0.0137846 0.0184057)
(-0.0184655 -0.013831 0.019882)
(-0.0182864 -0.0156161 0.0136399)
(-0.0166279 -0.0154356 0.0119213)
(-0.0183066 -0.0171529 0.0127298)
(-0.0178067 -0.0176142 0.0128773)
(-0.0199204 -0.017126 0.0140145)
(-0.0188632 -0.0159432 0.0128202)
(-0.0181203 -0.0170075 0.0123022)
(-0.0181154 -0.0171008 0.0120043)
(-0.0173542 -0.0173061 0.0112938)
(-0.0117652 -0.01146 0.0134395)
(-0.0117313 -0.0110984 0.0127602)
(-0.0114092 -0.0116453 0.0132838)
(-0.00684839 -0.00910808 0.00671427)
(-0.0070452 -0.00901556 0.00624813)
(-0.0128463 -0.0133698 0.0126065)
(-0.00720453 -0.00882759 0.00668613)
(-0.00736245 -0.00881364 0.00721417)
(-0.00887448 -0.00983224 0.00898341)
(-0.00883075 -0.0103122 0.00842417)
(-0.00866954 -0.0104027 0.0074134)
(-0.0111976 -0.0122544 0.0106107)
(-0.012318 -0.0128805 0.00981845)
(-0.00403532 -0.00389722 0.00196556)
(-0.00361237 -0.00358441 0.00168938)
(-0.00372476 -0.00375223 0.00185351)
(-0.00689214 -0.00445749 0.00336707)
(-0.00841052 -0.00499074 0.00429401)
(-0.00473114 -0.0040059 0.00226293)
(-0.00522465 -0.00406407 0.00235092)
(-0.00552182 -0.00434822 0.00261239)
(-0.00435757 -0.00388342 0.00206267)
(-0.00503626 -0.0049387 0.0026122)
(-0.0034617 -0.00417485 0.00186824)
(-0.00389464 -0.00408654 0.00194371)
(-0.00401385 -0.0041099 0.00193058)
(-0.00396788 -0.00403208 0.00192156)
(-0.00390811 -0.00410053 0.00187892)
(-0.00364606 -0.00420224 0.00184064)
(-0.00363189 -0.00412191 0.00178982)
(-0.00386296 -0.00431252 0.00194163)
(-0.00360858 -0.00424458 0.00196254)
(-0.00367034 -0.00411097 0.00191465)
(-0.00512026 -0.00429383 0.00267026)
(-0.00632187 -0.00440592 0.0032019)
(-0.00726886 -0.00491887 0.00360509)
(-0.00492564 -0.00426188 0.00249759)
(-0.00434662 -0.0044571 0.00212984)
(-0.0138613 -0.00540881 0.0129017)
(-0.0152467 -0.00648279 0.0155695)
(-0.01562 -0.00691751 0.0153314)
(-0.0151553 -0.00623603 0.0160928)
(-0.0147982 -0.00624795 0.0142612)
(-0.0133852 -0.00593252 0.0105901)
(-0.0136693 -0.00562445 0.0118598)
(-0.0133145 -0.00559702 0.0113021)
(-0.0149263 -0.00547951 0.0146425)
(-0.0141791 -0.00550478 0.0128048)
(-0.0142214 -0.00550861 0.0132583)
(-0.0151819 -0.00729027 0.0197015)
(-0.0144922 -0.00582016 0.0152168)
(-0.0156572 -0.00704309 0.0174996)
(-0.0147345 -0.00646269 0.0174168)
(-0.016024 -0.00700253 0.0172523)
(-0.0059022 -0.00400544 0.00278095)
(-0.00645248 -0.00447094 0.00323858)
(-0.00773525 -0.00475471 0.00382447)
(-0.00667118 -0.00408368 0.00344126)
(-0.00794305 -0.00521858 0.00402102)
(-0.0118263 -0.00465624 0.0086813)
(-0.00870621 -0.00494119 0.00520162)
(-0.0127395 -0.00541744 0.00955477)
(-0.011505 -0.00469092 0.00821569)
(-0.010251 -0.00534981 0.00652332)
(-0.00832947 -0.0045803 0.00431703)
(-0.00808361 -0.00483377 0.00410167)
(-0.0087694 -0.00490223 0.00478818)
(-0.0234527 -0.0305986 0.0143822)
(-0.0223342 -0.0323777 0.0160243)
(-0.0217536 -0.0319491 0.0154602)
(-0.0249456 -0.0296094 0.0134723)
(-0.0238857 -0.0298806 0.0134464)
(-0.0210666 -0.0338912 0.0167392)
(-0.0252371 -0.0301258 0.0135791)
(-0.0264376 -0.0302825 0.0136512)
(-0.0118028 -0.00548526 0.00830622)
(-0.0124553 -0.00554956 0.00989918)
(-0.00905795 -0.00497416 0.00559946)
(-0.00825272 -0.00487006 0.0045382)
(-0.0131353 -0.00509082 0.0111318)
(-0.0129361 -0.00487226 0.0109901)
(-0.0126811 -0.00556286 0.00969834)
(-0.0119012 -0.00514135 0.0088332)
(-0.0105322 -0.00473686 0.00711774)
(-0.0109029 -0.00445769 0.00750529)
(-0.00817362 -0.00468335 0.00459096)
(-0.0083032 -0.00455248 0.00462867)
(-0.00902021 -0.00473521 0.00518078)
(-0.010744 -0.00484709 0.00698101)
(-0.0100823 -0.00527106 0.00608266)
(-0.0100969 -0.0046622 0.00656831)
(-0.00416191 -0.00435711 0.0020655)
(-0.00397938 -0.0043886 0.00202136)
(-0.0045175 -0.00438858 0.00220411)
(-0.00410286 -0.00434279 0.00206441)
(-0.00436317 -0.00431712 0.00208846)
(-0.00395878 -0.00417785 0.00194307)
(-0.0056577 -0.0041649 0.00247572)
(-0.00442773 -0.00407974 0.0021651)
(-0.0043793 -0.00413054 0.00204245)
(-0.00415858 -0.00443804 0.00210433)
(-0.00557662 -0.00489307 0.00270294)
(-0.00438086 -0.00441215 0.00226556)
(-0.0133692 -0.0136118 0.0114625)
(-0.0144386 -0.0145847 0.0106642)
(-0.0135864 -0.0139657 0.00949425)
(-0.0134395 -0.0138216 0.0103195)
(-0.0143373 -0.0140398 0.0118764)
(-0.0167419 -0.0142157 0.0130939)
(-0.016192 -0.0142322 0.0128529)
(-0.0169888 -0.0157474 0.013241)
(-0.0145138 -0.0138478 0.0118111)
(-0.015885 -0.0145581 0.0125962)
(-0.0145278 -0.0135799 0.0118745)
(-0.009527 -0.0104857 0.0109483)
(-0.0107004 -0.0108292 0.0118142)
(-0.0104569 -0.0109366 0.0118634)
(-0.00661442 -0.00848457 0.0074341)
(-0.00806169 -0.00932381 0.0096646)
(-0.00657838 -0.0080932 0.00708919)
(-0.00787768 -0.00962483 0.00856985)
(-0.0107356 -0.0121917 0.0112749)
(-0.0106972 -0.0116664 0.0101304)
(-0.00884992 -0.00977418 0.00871879)
(-0.00855178 -0.0106544 0.00879729)
(-0.00858924 -0.0103551 0.00792078)
(-0.00807167 -0.00935432 0.00968627)
(-0.0206551 -0.0173479 0.0120309)
(-0.0203839 -0.0176363 0.0119174)
(-0.0189596 -0.0186443 0.0122269)
(-0.0196927 -0.018846 0.0120227)
(-0.018974 -0.0179297 0.0121368)
(-0.020163 -0.0186236 0.0128202)
(-0.0206781 -0.0181465 0.0136944)
(-0.0215121 -0.0197946 0.0131995)
(-0.0201096 -0.0201737 0.012205)
(-0.012496 -0.0121179 0.0158913)
(-0.0158613 -0.0123474 0.0175274)
(-0.0140921 -0.0123532 0.0168651)
(-0.0166556 -0.0129093 0.0190604)
(-0.0137796 -0.0127109 0.0155573)
(-0.0146519 -0.0127266 0.0161242)
(-0.0150651 -0.0128038 0.0170228)
(-0.0130446 -0.0120518 0.0160757)
(-0.0112954 -0.0112891 0.0147891)
(-0.0111923 -0.0111301 0.0144996)
(-0.0142839 -0.019201 0.00873782)
(-0.0154879 -0.0199911 0.00855012)
(-0.0148495 -0.019219 0.00859593)
(-0.0148971 -0.0191568 0.00857256)
(-0.0236 -0.0256576 0.0141779)
(-0.0230288 -0.0269725 0.0142585)
(-0.0209005 -0.0247837 0.0125903)
(-0.0218955 -0.0231601 0.0120873)
(-0.0232636 -0.0283252 0.0151343)
(-0.0224897 -0.0278014 0.0142668)
(-0.0277775 -0.0166315 0.0226161)
(-0.0159742 -0.0119728 0.0222079)
(-0.0260299 -0.0154593 0.0234424)
(-0.0229778 -0.0133033 0.0229216)
(-0.0183247 -0.011943 0.0228508)
(-0.0171907 -0.0135272 0.0220922)
(-0.0202929 -0.0137154 0.0221179)
(-0.0217332 -0.0142951 0.0222212)
(-0.0218458 -0.014358 0.023114)
(-0.0182822 -0.0121641 0.02221)
(-0.00396575 -0.00580357 0.00364158)
(-0.00358095 -0.00489234 0.00273381)
(-0.00389928 -0.00521374 0.00245492)
(-0.00360583 -0.0046082 0.00238612)
(-0.00375356 -0.00433385 0.00199433)
(-0.00408338 -0.00563006 0.00304051)
(-0.00430183 -0.00629185 0.00441541)
(-0.00438773 -0.00635049 0.00404561)
(-0.00384903 -0.00543392 0.00321098)
(-0.00437476 -0.00624671 0.00415874)
(-0.00533858 -0.00771859 0.00605298)
(-0.00521139 -0.00737535 0.00569812)
(-0.00428337 -0.00637462 0.00423752)
(-0.00344656 -0.0041891 0.0019686)
(-0.00372967 -0.00428895 0.00193049)
(-0.00360713 -0.00397286 0.00188808)
(-0.00350551 -0.00407308 0.00189716)
(-0.00357359 -0.00409007 0.00186329)
(-0.00356235 -0.00406797 0.00188402)
(-0.00341492 -0.00379544 0.00169732)
(-0.00341094 -0.00384055 0.00181471)
(-0.00354047 -0.00376997 0.00176812)
(-0.00353003 -0.00379761 0.00178486)
(-0.00372416 -0.00475931 0.00213296)
(-0.00370616 -0.00550118 0.00276006)
(-0.00352161 -0.00503201 0.0025453)
(-0.00343844 -0.00438431 0.00200184)
(-0.0331701 -0.0220719 0.021341)
(-0.0316574 -0.0207555 0.0192762)
(-0.0318528 -0.0231195 0.0180047)
(-0.031005 -0.0258463 0.0168154)
(-0.0326997 -0.0230823 0.0182653)
(-0.0299236 -0.0284471 0.0149336)
(-0.0298652 -0.0255163 0.0148559)
(-0.0259462 -0.029694 0.0153075)
(-0.0241286 -0.0311545 0.0152601)
(-0.0239901 -0.0287997 0.0140967)
(-0.0240112 -0.0322416 0.0159612)
(-0.0287734 -0.029131 0.0160411)
(-0.0259139 -0.0310433 0.0156103)
(-0.0250192 -0.0269715 0.0133922)
(-0.0262958 -0.0291843 0.01497)
(-0.0259773 -0.0299269 0.0151201)
(-0.0245787 -0.0279648 0.0132777)
(-0.0253019 -0.0288724 0.0141894)
(-0.0270601 -0.028714 0.014955)
(-0.0144293 -0.0081107 0.0113216)
(-0.0144632 -0.00849723 0.0128765)
(-0.0141626 -0.0113967 0.0137629)
(-0.014959 -0.0124874 0.01506)
(-0.0148262 -0.0102051 0.0155336)
(-0.0147324 -0.0113378 0.016198)
(-0.015881 -0.0123544 0.0159983)
(-0.0149733 -0.0115831 0.0163172)
(-0.0127546 -0.0109772 0.0101689)
(-0.0114414 -0.00884153 0.00767035)
(-0.0102555 -0.00909173 0.00679965)
(-0.0112266 -0.00932718 0.00802235)
(-0.0121753 -0.0103638 0.00884821)
(-0.0113354 -0.00811778 0.00780738)
(-0.0108115 -0.00780693 0.00771701)
(-0.0116923 -0.00858058 0.00868664)
(-0.0120856 -0.00999734 0.008515)
(-0.0122787 -0.0111439 0.0104821)
(-0.0119982 -0.01072 0.0093678)
(-0.0143114 -0.0112572 0.0127704)
(-0.0120845 -0.00919373 0.00962232)
(-0.0128488 -0.00999628 0.0107069)
(-0.011745 -0.00927314 0.00902323)
(-0.0147311 -0.0198128 0.00898936)
(-0.0142819 -0.018873 0.0078063)
(-0.0156285 -0.0198959 0.00853185)
(-0.014482 -0.0195824 0.00868561)
(-0.0142235 -0.0198774 0.00854096)
(-0.0127351 -0.017334 0.0073274)
(-0.0134773 -0.0182715 0.00944752)
(-0.0121358 -0.0166499 0.00737088)
(-0.0126589 -0.0168563 0.00831822)
(-0.0137223 -0.0177554 0.00807455)
(-0.0114773 -0.0154415 0.00714087)
(-0.0118522 -0.0155461 0.00758081)
(-0.0116688 -0.0157474 0.00764131)
(-0.0113407 -0.0151 0.00716574)
(-0.0116281 -0.0149983 0.00736329)
(-0.0172485 -0.0213909 0.0102356)
(-0.0167765 -0.0213807 0.010409)
(-0.0165123 -0.0203285 0.00950139)
(-0.0173611 -0.0218383 0.0102012)
(-0.0173892 -0.0218473 0.0104169)
(-0.0170429 -0.0217196 0.010432)
(-0.016201 -0.0213297 0.0105987)
(-0.0170844 -0.0212063 0.00999393)
(-0.0163973 -0.020678 0.00971825)
(-0.0164344 -0.0212554 0.0104887)
(-0.0161609 -0.0208891 0.0101838)
(-0.0157562 -0.0219686 0.0121288)
(-0.0170279 -0.0220009 0.0122008)
(-0.0163476 -0.0208163 0.0104943)
(-0.0141694 -0.01955 0.0117065)
(-0.0147503 -0.0200614 0.0102891)
(-0.0154356 -0.0225589 0.0131458)
(-0.0164672 -0.021979 0.011751)
(-0.0141415 -0.01969 0.0111956)
(-0.0112173 -0.0136238 0.00737985)
(-0.00988058 -0.0120961 0.00608542)
(-0.0110473 -0.0134957 0.00712023)
(-0.0110931 -0.0130089 0.00671728)
(-0.00972106 -0.0126438 0.00560588)
(-0.0109301 -0.0133077 0.00669168)
(-0.0103184 -0.00974991 0.00677644)
(-0.0106476 -0.0104118 0.0070498)
(-0.0151982 -0.0159898 0.0266456)
(-0.0158366 -0.0127316 0.025058)
(-0.0165561 -0.00938244 0.0214235)
(-0.0151023 -0.0254134 0.0232196)
(-0.015689 -0.0233674 0.0239204)
(-0.014399 -0.0247975 0.0234716)
(-0.0159646 -0.0249684 0.0232188)
(-0.0140917 -0.0226549 0.0255442)
(-0.0136537 -0.0190098 0.0246434)
(-0.01521 -0.0224163 0.0244666)
(-0.0138707 -0.0225606 0.0242868)
(-0.0155842 -0.0112142 0.0206761)
(-0.0159305 -0.00772583 0.0185341)
(-0.0216156 -0.031554 0.0172954)
(-0.0211746 -0.0317507 0.0179992)
(-0.0190957 -0.0314761 0.0203924)
(-0.0194083 -0.0311606 0.0190642)
(-0.00636474 -0.00829993 0.00459701)
(-0.00615526 -0.00811386 0.00475613)
(-0.00609187 -0.00797739 0.00514451)
(-0.00710443 -0.00926094 0.00589848)
(-0.00690667 -0.0089601 0.00602474)
(-0.00763807 -0.00963494 0.00631951)
(-0.00773377 -0.00940068 0.00648779)
(-0.00633768 -0.00815392 0.00509294)
(-0.00717877 -0.00919132 0.00587685)
(-0.016368 -0.016414 0.0103175)
(-0.0164695 -0.0179129 0.00997161)
(-0.00629519 -0.00834805 0.00304736)
(-0.0116772 -0.00546339 0.0081)
(-0.0119149 -0.00537345 0.00841047)
(-0.0106472 -0.00488754 0.00662336)
)
;
    }
    INLET
    {
        type            calculated;
        value           nonuniform 0();
    }
    OUTLET
    {
        type            calculated;
        value           nonuniform 0();
    }
    procBoundary13to11
    {
        type            processor;
        value           uniform (0 0 0);
    }
    procBoundary13to14
    {
        type            processor;
        value           uniform (0 0 0);
    }
}


// ************************************************************************* //
