/*--------------------------------*- C++ -*----------------------------------*\
| =========                 |                                                 |
| \\      /  F ield         | OpenFOAM: The Open Source CFD Toolbox           |
|  \\    /   O peration     | Version:  v1612+                                |
|   \\  /    A nd           | Web:      www.OpenFOAM.com                      |
|    \\/     M anipulation  |                                                 |
\*---------------------------------------------------------------------------*/
FoamFile
{
    version     2.0;
    format      ascii;
    class       volVectorField;
    location    "200";
    object      wallShearStress;
}
// * * * * * * * * * * * * * * * * * * * * * * * * * * * * * * * * * * * * * //

dimensions      [0 2 -2 0 0 0 0];

internalField   uniform (0 0 0);

boundaryField
{
    WALL
    {
        type            calculated;
        value           nonuniform List<vector> 
1533
(
(0.0159399 -0.0226488 -0.024625)
(0.0185858 -0.0257175 -0.0257304)
(7.36579e-07 -0.00135313 -0.00231615)
(0.0207868 -0.0290204 -0.0129764)
(0.0234657 -0.0331703 -0.0148169)
(0.000340192 -0.000736538 -0.000812246)
(0.00145305 -0.00170728 -0.00166323)
(0.00308368 -0.00283256 -0.00320347)
(0.0191454 -0.0244445 -0.0223621)
(0.0168795 -0.0211548 -0.0196433)
(0.03254 -0.0316419 -0.0300751)
(0.00748757 -0.00402041 -0.00568404)
(0.0144487 -0.00519602 -0.0143756)
(0.000979837 -0.00276141 -0.00394928)
(0.00103068 -0.0027886 -0.00394701)
(0.012382 -0.00457156 -0.0127599)
(0.00617238 -0.00296725 -0.0060558)
(-0.00111136 0.00281421 0.00168291)
(0.0149587 -0.0196782 -0.0191592)
(0.0196972 -0.0238285 -0.0247783)
(0.0240448 -0.0379843 -0.0177404)
(0.0210686 -0.0367489 -0.0202737)
(0.0216807 -0.0360373 -0.0207934)
(0.0243687 -0.040304 -0.0226532)
(0.0236166 -0.0371518 -0.0163366)
(0.0235883 -0.0403377 -0.0250508)
(0.0133697 -0.0128727 -0.0213105)
(0.0127617 -0.0120086 -0.0237827)
(0.0112068 -0.00996728 -0.0226442)
(0.0118717 -0.0114258 -0.0218005)
(0.0142183 -0.0133187 -0.0237106)
(0.0124749 -0.0160574 -0.0165357)
(0.0112961 -0.0163263 -0.0156945)
(0.0112307 -0.0146683 -0.0158362)
(0.0126219 -0.016605 -0.0169029)
(0.0120964 -0.0148144 -0.0170567)
(0.0111056 -0.0162188 -0.0161451)
(0.0238109 -0.0209508 -0.0408015)
(0.0217313 -0.0134619 -0.035325)
(0.0213203 -0.0213045 -0.0367909)
(0.022798 -0.015899 -0.0378141)
(0.019769 -0.0172341 -0.0337724)
(0.018853 -0.0132923 -0.031793)
(-0.00350065 0.00307975 0.00208008)
(-0.00304111 0.00218285 0.00195642)
(-0.00309739 0.0025465 0.00191353)
(-0.00348777 0.00316559 0.00218538)
(-0.00329128 0.00243375 0.00202884)
(-0.00331642 0.00276892 0.00207264)
(0.0226875 -0.018684 -0.0439843)
(0.0259492 -0.0183666 -0.0491576)
(0.0250323 -0.0282546 -0.0482662)
(0.0244669 -0.0289564 -0.0474713)
(0.0253031 -0.0252905 -0.0486104)
(0.025785 -0.0221175 -0.0507636)
(0.0188095 -0.0171167 -0.0287209)
(0.0153002 -0.0149307 -0.0280144)
(0.0156619 -0.0160589 -0.0298779)
(0.0152091 -0.0139594 -0.0277336)
(0.0160992 -0.0130479 -0.0284733)
(0.020389 -0.0177962 -0.0310297)
(0.019311 -0.016966 -0.0294376)
(-0.00101344 0.00268795 0.00203866)
(-0.00219133 0.00425628 0.00240525)
(-0.00170764 0.00373943 0.00201528)
(-0.00150321 0.00385281 0.00272325)
(-0.00211608 0.00403424 0.00252485)
(-0.00138833 0.0027296 0.00241824)
(-0.00132323 0.00262655 0.00238131)
(-0.00157771 0.00323165 0.00253599)
(-0.00136835 0.00298115 0.00251741)
(-0.00144661 0.00310749 0.0027116)
(-0.00152888 0.00318075 0.00256952)
(0.00225928 -0.00464842 -0.0117671)
(0.00198349 -0.00452464 -0.00955443)
(0.000891352 -0.00390818 -0.00928534)
(0.00132431 -0.00368608 -0.00683441)
(0.00254147 -0.00526143 -0.0126769)
(0.000557368 -0.00298229 -0.00632214)
(0.0078356 -0.0220878 -0.0226464)
(0.00920176 -0.0243443 -0.022606)
(0.00898147 -0.0232262 -0.0205277)
(0.0105499 -0.0225451 -0.0227315)
(0.00870822 -0.021275 -0.0211751)
(0.0127649 -0.0199371 -0.0237177)
(0.0132207 -0.0208823 -0.0246096)
(0.0149908 -0.0225005 -0.0248222)
(0.0127862 -0.0201638 -0.0222815)
(0.0133235 -0.0206836 -0.0242855)
(0.0170307 -0.0236725 -0.0249298)
(0.0173753 -0.0229962 -0.0246002)
(0.0164357 -0.0231833 -0.0235476)
(0.0188429 -0.0256294 -0.0253771)
(0.0153361 -0.0218924 -0.0242456)
(0.0145884 -0.0221254 -0.0239618)
(0.0172772 -0.0235611 -0.0223927)
(0.0169484 -0.0226403 -0.0224492)
(0.00925168 -0.0172976 -0.0216731)
(0.0106025 -0.0202121 -0.0239767)
(0.0122849 -0.0212071 -0.0240716)
(0.00416992 -0.00523378 -0.00511016)
(0.0070383 -0.00750371 -0.00873133)
(0.00443905 -0.00600841 -0.00538438)
(0.00518142 -0.00569918 -0.00620644)
(0.00602959 -0.00720751 -0.00734317)
(0.00644235 -0.00671764 -0.0078173)
(0.00438907 -0.00853377 -0.00629157)
(0.00259166 -0.00705042 -0.00439836)
(0.00355831 -0.00652933 -0.00490922)
(0.00253969 -0.00608877 -0.00407515)
(0.0052467 -0.00785408 -0.00688003)
(0.00558253 -0.00883415 -0.00730172)
(0.0106515 -0.00426703 -0.0105164)
(0.0102038 -0.00485925 -0.0108563)
(0.00858952 -0.00552762 -0.00949291)
(0.0155588 -0.00748328 -0.0185782)
(0.0132656 -0.00756557 -0.0160517)
(0.0139225 -0.00640327 -0.0160933)
(0.00565134 -0.00407475 -0.00595556)
(0.00576813 -0.0049662 -0.00662952)
(0.0080547 -0.00682266 -0.00947852)
(0.0076913 -0.00500877 -0.00842208)
(0.00910009 -0.00642903 -0.0107632)
(0.0337275 -0.0286313 -0.0551939)
(0.0243325 -0.0223906 -0.0515348)
(0.0238117 -0.0227051 -0.0519754)
(0.0313811 -0.0263154 -0.0446896)
(0.0299826 -0.0268175 -0.0527858)
(0.026374 -0.0233005 -0.0463913)
(0.0323917 -0.0282163 -0.0475925)
(0.0312341 -0.0258997 -0.0528243)
(0.0344538 -0.029613 -0.0440396)
(0.0345324 -0.0311723 -0.0497491)
(0.0314452 -0.0271881 -0.0559313)
(0.035245 -0.0309799 -0.0427049)
(-0.00244038 0.00350092 0.00234715)
(-0.00240455 0.00308607 0.00225252)
(-0.0027669 0.00352154 0.00233327)
(-0.00196834 0.0032901 0.00236803)
(-0.00200471 0.00350273 0.0025222)
(-0.00280787 0.00318369 0.00223241)
(-0.00189829 0.00305392 0.0023173)
(-0.00154922 0.00258626 0.00203305)
(-0.00179436 0.00239804 0.00177191)
(-0.00168278 0.00249896 0.00188165)
(-0.00212966 0.00280931 0.00213689)
(-0.00321684 0.00395095 0.002348)
(-0.00257498 0.00432043 0.00244642)
(-0.00339504 0.00382467 0.00214091)
(-0.00303493 0.00420723 0.00210174)
(-0.00295812 0.0041674 0.00216547)
(-0.00274103 0.00402208 0.00242686)
(-0.001502 0.00310893 0.002389)
(-0.00154569 0.00337357 0.00271742)
(-0.00175601 0.00354726 0.00273627)
(-0.00197776 0.00363956 0.00242923)
(-0.002061 0.00419245 0.00273096)
(-0.00202556 0.00389855 0.00269665)
(0.000885836 -0.000443769 0.000467121)
(0.000857321 -0.000242587 0.000562874)
(0.00153316 -0.00233431 -0.000855935)
(0.00321661 -0.0054903 -0.0025001)
(0.00208536 -0.00264265 -0.000408062)
(0.00300246 -0.00557493 -0.00197777)
(0.0223615 -0.0209797 -0.0354276)
(0.0241042 -0.0207103 -0.0358579)
(0.0241394 -0.0193573 -0.0349391)
(0.0204405 -0.0163319 -0.0326879)
(0.0234365 -0.0200487 -0.0344986)
(0.0200803 -0.0197911 -0.0344612)
(0.0212198 -0.0221788 -0.0479528)
(0.0142356 -0.0132246 -0.039135)
(0.0168871 -0.017568 -0.0435131)
(0.0192404 -0.0180278 -0.0392757)
(0.0250993 -0.0213805 -0.0405155)
(0.0276948 -0.024699 -0.0529633)
(0.00147325 -0.00398506 -0.00540194)
(0.00218792 -0.00449307 -0.00484358)
(0.00294603 -0.00645352 -0.00860496)
(0.000993859 -0.00271722 -0.00346921)
(0.00280247 -0.00604943 -0.00870041)
(0.0036257 -0.00731019 -0.011297)
(1.92001e-05 -0.000625371 -0.00116734)
(-1.28345e-05 -0.000268103 -0.000488093)
(-0.000422701 0.000514077 0.000396236)
(-0.000586967 0.00107014 0.00116012)
(-0.000372219 -9.83043e-05 -0.000450708)
(-0.00052757 0.000868791 0.000959518)
(-0.000450254 0.00132373 0.00147167)
(0.0182671 -0.0262807 -0.0135098)
(0.0186415 -0.0265638 -0.0127509)
(0.0158996 -0.0246401 -0.0135413)
(0.0165074 -0.0248691 -0.0113699)
(0.0142219 -0.0239681 -0.0117772)
(0.0138155 -0.0234395 -0.0124849)
(0.0116745 -0.0368227 -0.00932934)
(0.0130019 -0.0358281 -0.01174)
(0.0121269 -0.0353579 -0.012503)
(0.012086 -0.0373616 -0.0103226)
(0.0101332 -0.0348827 -0.00995614)
(0.00976473 -0.034159 -0.0110939)
(0.0126205 -0.0317533 -0.0234841)
(0.0141842 -0.0320474 -0.0221784)
(0.0158952 -0.0313793 -0.0233618)
(0.0114925 -0.0306133 -0.0223999)
(0.010551 -0.0307224 -0.0219211)
(0.0144563 -0.0312131 -0.0228949)
(0.0132565 -0.0300723 -0.0211365)
(0.010874 -0.0273462 -0.0196438)
(0.013511 -0.0346541 -0.0222593)
(0.0116204 -0.0296469 -0.0209451)
(0.0136377 -0.0318535 -0.0211349)
(0.0136746 -0.0331483 -0.0215884)
(0.016055 -0.0224078 -0.0242666)
(0.0151582 -0.0201592 -0.0256531)
(0.017398 -0.0236823 -0.0268731)
(0.0153274 -0.0206305 -0.0235931)
(0.0151285 -0.0203553 -0.0249903)
(0.016723 -0.022539 -0.0260229)
(0.0208867 -0.0256319 -0.0218804)
(0.0167601 -0.0230439 -0.0212686)
(0.0157218 -0.022456 -0.0210702)
(0.0191541 -0.0249502 -0.0214634)
(0.0201974 -0.0257554 -0.022108)
(0.0166902 -0.0227289 -0.0204703)
(0.0122003 -0.0269117 -0.016268)
(0.0122985 -0.0284924 -0.0161232)
(0.0119392 -0.0245747 -0.0142037)
(0.0112131 -0.0264507 -0.014721)
(0.0124613 -0.0245239 -0.0155531)
(0.0130884 -0.0241593 -0.0143295)
(0.0134212 -0.0293314 -0.0185808)
(0.0139971 -0.0305089 -0.0200106)
(0.0142106 -0.0330808 -0.0205234)
(0.0126775 -0.0316934 -0.0216664)
(0.0128433 -0.027834 -0.019434)
(0.0129215 -0.0318447 -0.0207274)
(0.0151854 -0.0313973 -0.0194575)
(0.0150271 -0.0361139 -0.0202175)
(0.0124595 -0.0289169 -0.0185463)
(0.0146703 -0.0299615 -0.0188873)
(0.0150196 -0.0323084 -0.0210273)
(0.0141327 -0.0329885 -0.0192024)
(0.0151195 -0.0357827 -0.0196785)
(0.0126063 -0.0326552 -0.0177015)
(0.0133752 -0.0307523 -0.0179172)
(0.0123814 -0.033998 -0.0171411)
(0.0130802 -0.0373228 -0.018843)
(0.0198547 -0.0280367 -0.0166772)
(0.0166194 -0.0250789 -0.0163309)
(0.0193708 -0.0270215 -0.0152529)
(0.0154786 -0.0246588 -0.0154796)
(0.0164959 -0.024957 -0.0151783)
(0.0191498 -0.0267286 -0.0163984)
(0.0214121 -0.0282974 -0.0217542)
(0.0160052 -0.0236397 -0.0203667)
(0.0179525 -0.0243073 -0.020945)
(0.0205834 -0.0267965 -0.0214202)
(0.0192158 -0.0260816 -0.0221796)
(0.0175599 -0.0255695 -0.0215663)
(0.0224307 -0.0305596 -0.0211282)
(0.0218576 -0.029944 -0.0221777)
(0.0210363 -0.0289145 -0.0205225)
(0.019095 -0.0261714 -0.0185227)
(0.0206645 -0.0281941 -0.0218059)
(0.0195056 -0.0259199 -0.0195663)
(0.0232382 -0.033925 -0.021657)
(0.0220353 -0.0305118 -0.0185647)
(0.0225901 -0.032292 -0.0196197)
(0.0207911 -0.0296384 -0.0199653)
(0.0215591 -0.0301131 -0.0193092)
(0.0227263 -0.0314026 -0.019748)
(3.37262e-05 -1.5542e-05 1.2236e-05)
(2.83062e-05 0.000138682 0.000243382)
(0.000471131 -0.00099461 -0.00130817)
(0.00031913 -0.001198 -0.00199119)
(0.000130856 -0.000643164 -0.000994517)
(0.000170592 -0.000363048 -0.00057757)
(0.0174754 -0.0049644 -0.0160139)
(0.00365242 -0.00323915 -0.00258582)
(0.0100872 -0.00547133 -0.00873195)
(0.0110102 -0.00534328 -0.0084096)
(0.00574993 -0.00486574 -0.00430849)
(0.00539781 -0.00329247 -0.00382875)
(0.0229932 -0.00617823 -0.0221337)
(0.0185235 -0.00520349 -0.0154687)
(0.0243349 -0.0042536 -0.0301416)
(0.029715 -0.00700269 -0.0332622)
(0.0230473 -0.00529712 -0.0245176)
(0.024053 -0.00429091 -0.022076)
(-0.00297177 0.00252562 0.00168448)
(-0.00326948 0.00321159 0.00184697)
(-0.00230102 0.00201921 0.00101051)
(-0.00248888 0.00299197 0.00125591)
(-0.00275786 0.00338042 0.00158012)
(-0.00220831 0.00170466 0.00127417)
(0.0142008 -0.0177598 -0.0240052)
(0.0132029 -0.0162071 -0.0202232)
(0.0138113 -0.0171395 -0.0221664)
(0.0139413 -0.0174751 -0.0219027)
(0.0138115 -0.0176801 -0.0221163)
(0.0136687 -0.0175126 -0.0233366)
(0.00931756 -0.00965293 -0.0117409)
(0.0115184 -0.0116657 -0.0155122)
(0.0104808 -0.0120923 -0.0142004)
(0.00844342 -0.0107146 -0.0109284)
(0.00814192 -0.0098362 -0.0103857)
(0.010397 -0.0110236 -0.0138468)
(0.00698497 -0.0112882 -0.00913719)
(0.0077366 -0.0106941 -0.0100321)
(0.00933388 -0.0125783 -0.0127332)
(0.00685076 -0.0107147 -0.00927416)
(0.00876761 -0.0118641 -0.0119753)
(0.00894495 -0.0131115 -0.0121884)
(0.0148817 -0.0168444 -0.0236885)
(0.0169155 -0.020695 -0.0248266)
(0.0163948 -0.0200077 -0.0282469)
(0.0155375 -0.0195326 -0.0255822)
(0.016693 -0.0184893 -0.0269097)
(0.0144552 -0.0173984 -0.0252504)
(0.00981593 -0.0084604 -0.0124991)
(0.00981979 -0.00918821 -0.0126834)
(0.0135042 -0.0108027 -0.0185123)
(0.0121687 -0.011123 -0.0163553)
(0.0113273 -0.00867762 -0.0144909)
(0.0125844 -0.0103091 -0.0173384)
(0.0115873 -0.0154712 -0.0174111)
(0.0106919 -0.014705 -0.015128)
(0.0131452 -0.0162152 -0.0208131)
(0.0121011 -0.0171015 -0.0179624)
(0.0131232 -0.0175375 -0.0197162)
(0.0140425 -0.0179281 -0.0211812)
(0.0139696 -0.0187105 -0.022319)
(0.0117028 -0.0165058 -0.0201186)
(0.0187198 -0.0249095 -0.0280019)
(0.0194759 -0.0259327 -0.0275388)
(0.0200162 -0.0268952 -0.0279915)
(0.018341 -0.0242096 -0.0282605)
(0.0186581 -0.0242941 -0.0295718)
(0.0187378 -0.0244245 -0.0299495)
(0.0267185 -0.0205071 -0.0452286)
(0.0214918 -0.0144481 -0.0391621)
(0.0240516 -0.0235777 -0.0434891)
(0.0214154 -0.0185641 -0.0397728)
(0.0251574 -0.015325 -0.0427523)
(0.0225243 -0.0245966 -0.0407349)
(0.00137514 -0.00411374 -0.00263822)
(0.00208909 -0.00436859 -0.00310493)
(0.000624991 -0.00241049 -0.00154229)
(0.000570015 -0.00292395 -0.00168571)
(0.00212841 -0.00361056 -0.00287804)
(0.00118577 -0.00264681 -0.00193548)
(0.0132457 -0.0189964 -0.021365)
(0.0154178 -0.0215963 -0.0259747)
(0.0139762 -0.0202459 -0.0234503)
(0.0139659 -0.0193792 -0.0225653)
(0.0138488 -0.0184555 -0.0216259)
(0.0145553 -0.0200459 -0.0226513)
(0.0131854 -0.0204238 -0.0187214)
(0.0120607 -0.0181725 -0.0174005)
(0.0121165 -0.0184596 -0.0171166)
(0.0114069 -0.0206932 -0.0184311)
(0.0110124 -0.0195221 -0.017272)
(0.0129932 -0.02153 -0.0188726)
(0.00941777 -0.0217857 -0.0214944)
(0.00878015 -0.0198375 -0.0198356)
(0.00846022 -0.0203513 -0.019706)
(0.00864821 -0.0231556 -0.0213657)
(0.00907244 -0.0229704 -0.0213431)
(0.008743 -0.0219917 -0.0205641)
(0.0109921 -0.0191053 -0.0172626)
(0.00923203 -0.0182381 -0.0155355)
(0.0101533 -0.0182359 -0.0158723)
(0.00999792 -0.0180218 -0.0158538)
(0.0141713 -0.0147357 -0.0205901)
(0.014328 -0.015947 -0.0192705)
(0.0129564 -0.0138233 -0.0180103)
(0.0119136 -0.0115956 -0.0171809)
(0.0156865 -0.0150334 -0.0218392)
(0.0154435 -0.0156765 -0.0211223)
(0.0131997 -0.0129488 -0.0188182)
(0.0148633 -0.0131105 -0.0263768)
(0.0162074 -0.0141414 -0.0259882)
(0.0150045 -0.013243 -0.0246626)
(0.0133422 -0.0121659 -0.0240049)
(0.0131672 -0.0120328 -0.0242933)
(0.0167132 -0.0149629 -0.0256087)
(0.00408273 -0.00574796 -0.0143693)
(0.00588331 -0.00717624 -0.0164888)
(0.00642256 -0.00812624 -0.0166373)
(0.00877399 -0.00911571 -0.0191566)
(0.00770759 -0.00779224 -0.0169352)
(0.00432348 -0.00604101 -0.016348)
(0.0148426 -0.0252806 -0.0208984)
(0.0123165 -0.0271009 -0.021102)
(0.0138117 -0.0280368 -0.0220106)
(0.0156353 -0.0262525 -0.0216092)
(0.0133417 -0.025859 -0.0212776)
(0.0153788 -0.0306423 -0.023145)
(0.0155733 -0.0228404 -0.0212545)
(0.0123564 -0.0252636 -0.0207527)
(0.0149621 -0.026002 -0.0227378)
(0.0126819 -0.0236789 -0.0202662)
(0.0153061 -0.025585 -0.0219799)
(0.0139842 -0.021767 -0.0198473)
(0.00899859 -0.0100792 -0.0140161)
(0.0104112 -0.0131662 -0.0144292)
(0.00996021 -0.0101846 -0.0155484)
(0.0119805 -0.0132148 -0.0170122)
(0.0111422 -0.0119083 -0.016444)
(0.00940948 -0.0118963 -0.0138216)
(0.00292245 -0.0040196 -0.0140173)
(0.00561484 -0.00549646 -0.015375)
(0.00501058 -0.00625714 -0.0154195)
(0.00647473 -0.00646336 -0.0179137)
(0.00891565 -0.00877327 -0.0164075)
(0.0100371 -0.00904198 -0.0174738)
(0.00947658 -0.00904098 -0.01954)
(0.00891628 -0.008586 -0.0174819)
(0.0111695 -0.0105718 -0.0184916)
(0.0120554 -0.0112962 -0.0204852)
(0.011191 -0.0109801 -0.018681)
(0.000907555 -0.00112207 -0.0010184)
(0.000923281 -0.00164843 -0.00187586)
(0.00112855 -0.00196208 -0.00240161)
(0.000696501 -0.000783265 -0.000706659)
(0.000452144 -0.000741072 -0.00091552)
(0.000691794 -0.00123548 -0.00157815)
(0.000483749 -0.00174048 -0.0025541)
(0.000821528 -0.00117985 -0.00120383)
(0.00100994 -0.00225846 -0.00312783)
(0.000914643 -0.00164213 -0.00188142)
(0.000918902 -0.00118292 -0.00103508)
(0.00082469 -0.00140293 -0.00135558)
(0.00011305 -0.00184513 -0.003695)
(0.0243333 -0.0403879 -0.0388691)
(0.0230542 -0.0373708 -0.0342057)
(0.0220381 -0.0324707 -0.0423428)
(0.0214966 -0.0375682 -0.0301265)
(0.0215102 -0.0380772 -0.0359402)
(0.0217096 -0.0334215 -0.0413288)
(0.0244838 -0.038122 -0.0234858)
(0.0227093 -0.0379277 -0.0256735)
(0.0255535 -0.0365673 -0.0227484)
(0.0234574 -0.0368089 -0.0273775)
(0.0247019 -0.0362682 -0.0204368)
(0.0225145 -0.0367517 -0.0292032)
(0.0259433 -0.0320027 -0.0530551)
(0.0251982 -0.0314086 -0.0506006)
(0.0250885 -0.0250354 -0.0522914)
(0.0244179 -0.0233288 -0.0504139)
(0.0229393 -0.0316511 -0.050657)
(0.0204323 -0.0356242 -0.042584)
(0.0214789 -0.0379442 -0.0303178)
(0.0214758 -0.0408119 -0.0251616)
(0.0207429 -0.0394794 -0.0362895)
(0.0201508 -0.0395062 -0.0283559)
(0.0195694 -0.0353649 -0.0364659)
(-0.000375883 -0.00297932 -0.00137137)
(-0.000193189 -0.00448384 -0.00182066)
(0.00043732 -0.00503755 -0.00229085)
(-0.000625901 -0.00347578 -0.00133067)
(0.000570781 -0.00433742 -0.00222581)
(2.09035e-05 -0.00339587 -0.00164118)
(-0.00139185 -0.00377476 -0.00110127)
(-0.000835507 -0.00489792 -0.00162436)
(0.0030034 -0.00915287 -0.00524913)
(0.00173343 -0.00727685 -0.00387406)
(0.00417878 -0.00958645 -0.00623722)
(0.00122826 -0.00773266 -0.00371515)
(0.00356061 -0.00908298 -0.0058705)
(0.00098986 -0.00666427 -0.00314934)
(0.0086981 -0.0132995 -0.0291976)
(0.00971014 -0.0141934 -0.034737)
(0.00668846 -0.0119377 -0.0215411)
(0.00895878 -0.0133965 -0.0284074)
(0.00554117 -0.0115352 -0.0227131)
(0.00457911 -0.00974096 -0.0161959)
(0.00406195 -0.00966442 -0.0109509)
(0.00218653 -0.00443955 -0.00408748)
(0.00328162 -0.00669903 -0.00635186)
(0.0024945 -0.0048346 -0.00495112)
(0.0046069 -0.00984871 -0.0127402)
(0.00338839 -0.0071046 -0.00903845)
(0.0064365 -0.0147691 -0.0288714)
(0.0123593 -0.0172169 -0.0456308)
(0.0060917 -0.0143383 -0.0232107)
(0.013841 -0.0214843 -0.0443243)
(0.00759351 -0.0174564 -0.0328319)
(0.0125716 -0.0197441 -0.0381794)
(0.00336816 -0.00785398 -0.00698129)
(0.00320566 -0.0061407 -0.00399119)
(0.00456088 -0.0145407 -0.0187016)
(0.00333595 -0.00882119 -0.00757751)
(0.00479313 -0.0118957 -0.0138731)
(0.00349116 -0.0114634 -0.0128089)
(0.00480992 -0.0119465 -0.0159487)
(0.00625041 -0.0128123 -0.0208348)
(0.00208854 -0.000868267 -0.00166598)
(-0.000111576 -0.0051348 -0.00188522)
(0.0167518 -0.0181726 -0.0228209)
(0.0157595 -0.0179585 -0.0207293)
(0.0149377 -0.0172785 -0.0197624)
(0.0339154 -0.0165906 -0.057537)
(0.0293458 -0.0269467 -0.0527433)
(0.0320413 -0.0253606 -0.0586868)
(0.0226345 -0.0308505 -0.014316)
(0.0248882 -0.0392568 -0.0414737)
(0.0246684 -0.0378451 -0.0358094)
(0.0244087 -0.0392813 -0.0320176)
(0.000194018 -0.000695293 -0.000773534)
(0.000393347 -0.000635297 -0.000660962)
(0.000577068 -0.000782874 -0.000714352)
(0.000192391 -0.000935212 -0.00111693)
(0.000648594 -0.000889899 -0.000845243)
(0.000257255 -0.000701172 -0.000902544)
(5.02268e-05 -0.000774793 -0.000879607)
(-0.00103039 -0.00329494 -0.00124732)
(-0.00109589 -0.00277571 -0.00118553)
(-0.00128957 -0.00249008 -0.0010484)
(-0.00108563 -0.00246951 -0.00114198)
(0.000459241 -0.000696341 -0.000926242)
(0.000542607 -0.000814474 -0.00102536)
(0.000127631 -0.000889159 -0.00102428)
(0.000390892 -0.000882469 -0.00108833)
(3.52782e-05 -0.000973563 -0.00119514)
(-0.000178582 -0.00114066 -0.00119602)
(-0.000406245 -0.00132334 -0.00118526)
(-0.000744091 -0.00170765 -0.00105425)
(-0.000982493 -0.00191811 -0.00105389)
(-0.000619461 -0.00151416 -0.001223)
(0.00548895 -0.00767168 -0.0151955)
(0.0158304 -0.0188745 -0.0208598)
(0.0149863 -0.0184499 -0.0191411)
(0.0146244 -0.0202788 -0.0190091)
(0.0145991 -0.0217464 -0.0200232)
(0.0186863 -0.0300147 -0.0246442)
(0.016458 -0.031345 -0.024536)
(0.0194968 -0.0192249 -0.0250588)
(0.0152734 -0.0168579 -0.020922)
(0.0163614 -0.0172797 -0.0212469)
(0.0184014 -0.0171077 -0.0245852)
(0.0195662 -0.0194885 -0.0255227)
(0.0218127 -0.0264335 -0.0261254)
(0.0208456 -0.0213948 -0.0256264)
(0.0206587 -0.0214999 -0.025105)
(0.0219248 -0.0248777 -0.0258034)
(0.00764183 -0.00873625 -0.0181014)
(0.0170404 -0.016393 -0.0232396)
(0.0187233 -0.0170166 -0.0257632)
(0.0181886 -0.0165837 -0.0259644)
(0.00635996 -0.0076559 -0.016705)
(0.0113205 -0.0114362 -0.0174056)
(0.00981156 -0.0207896 -0.0181391)
(0.0097716 -0.0192201 -0.0168873)
(0.0100865 -0.0217582 -0.0194611)
(0.00923766 -0.0218709 -0.0197081)
(0.0112085 -0.0213281 -0.0228473)
(0.00971576 -0.0207265 -0.0217274)
(0.00952749 -0.0205261 -0.0220453)
(0.00840731 -0.0220041 -0.0204014)
(0.00897057 -0.0223059 -0.0206576)
(0.0125648 -0.0185949 -0.0180197)
(0.0108802 -0.0210552 -0.0187675)
(0.0111893 -0.020572 -0.0184172)
(0.0147431 -0.021564 -0.0204093)
(0.0149625 -0.0222734 -0.0209079)
(0.0113452 -0.0168385 -0.016712)
(0.0131532 -0.0230077 -0.0200827)
(0.0115236 -0.0222037 -0.0193219)
(0.0130921 -0.0255689 -0.0213769)
(0.0112489 -0.0227697 -0.019521)
(0.0104584 -0.0225984 -0.020359)
(0.0125187 -0.0243449 -0.0210365)
(0.0115828 -0.026036 -0.0220024)
(0.0121713 -0.0265384 -0.0225482)
(0.010289 -0.0249104 -0.0206182)
(0.0118597 -0.0246092 -0.0225116)
(0.00869443 -0.0238309 -0.0204569)
(0.00928319 -0.023646 -0.0215345)
(0.00165879 -0.00221354 -0.00206464)
(0.00110608 -0.00202482 -0.00161244)
(0.00216125 -0.00194026 -0.00221296)
(0.00180728 -0.00124038 -0.00163622)
(0.00261369 -0.00128585 -0.00231801)
(0.0176757 -0.00572172 -0.0221072)
(0.0166719 -0.00600697 -0.0200084)
(0.0190169 -0.00604851 -0.0243729)
(0.0185146 -0.022537 -0.0208856)
(0.018227 -0.0240482 -0.0230201)
(0.0204958 -0.0272388 -0.0275077)
(0.0199348 -0.0269024 -0.0276786)
(0.0192897 -0.0260447 -0.025507)
(0.0199931 -0.0270134 -0.0272339)
(0.0200242 -0.0262435 -0.022436)
(0.0180575 -0.0228293 -0.0202235)
(0.0218877 -0.0275644 -0.0237527)
(0.0210963 -0.0265016 -0.0231889)
(0.0131801 -0.0182899 -0.022014)
(0.0132707 -0.019943 -0.0231274)
(0.0125593 -0.0185676 -0.0220097)
(0.0130689 -0.0186795 -0.0222762)
(0.0122094 -0.0157817 -0.0181846)
(0.0178336 -0.012435 -0.0279437)
(0.0204922 -0.0159216 -0.0317444)
(0.0179927 -0.0182462 -0.0302797)
(0.019561 -0.0175123 -0.0331289)
(0.0187585 -0.0105323 -0.026253)
(0.0152688 -0.0102682 -0.0221189)
(0.0149386 -0.0100597 -0.0194862)
(0.0184769 -0.0230268 -0.0302496)
(0.018365 -0.0223032 -0.029828)
(0.018466 -0.0241782 -0.0298126)
(0.0199719 -0.0274027 -0.0295885)
(0.018657 -0.0245944 -0.0307308)
(0.021174 -0.0282871 -0.0312182)
(0.0227571 -0.0286921 -0.0361529)
(0.0191621 -0.0209147 -0.0341502)
(0.0166083 -0.0200178 -0.0287692)
(0.0172439 -0.0226775 -0.0290303)
(0.0208327 -0.0238758 -0.0355962)
(0.0107192 -0.0143179 -0.0152264)
(0.00656539 -0.0113338 -0.00930098)
(0.0156504 -0.0161205 -0.0234393)
(0.0150375 -0.0136525 -0.0221767)
(0.0136822 -0.0135095 -0.0202868)
(0.0115428 -0.0118829 -0.0157499)
(0.00975606 -0.0120898 -0.0133173)
(0.0154585 -0.0203424 -0.0243207)
(0.0171927 -0.0217405 -0.0258455)
(0.0141155 -0.0178769 -0.022442)
(0.0128825 -0.0159911 -0.0206508)
(0.0160926 -0.018533 -0.0260644)
(0.0153985 -0.0175738 -0.0231077)
(0.018741 -0.0366917 -0.0118262)
(0.0171935 -0.0379832 -0.00949338)
(0.0174491 -0.0372001 -0.020427)
(0.00132935 -0.00115585 -0.000835045)
(-0.00263838 0.0022198 0.00163464)
(-0.00185692 0.00132591 0.00116208)
(-0.00106706 0.000733263 0.000651058)
(-0.00135805 0.00103386 0.000828461)
(0.000596058 -0.000714834 -0.000328065)
(-0.00279353 0.00364211 0.00157282)
(0.000820818 0.000168077 -0.000285134)
(-0.00274492 0.00215901 0.00185666)
(-0.00165982 0.00150631 0.00142114)
(-0.0028281 0.00243551 0.00196628)
(-0.00277758 0.00220081 0.0019521)
(-0.00224153 0.00195659 0.00173435)
(-0.00257059 0.00250128 0.00193752)
(0.00101451 0.000484174 -0.000288705)
(-0.00131056 0.00142514 0.00120333)
(-0.00221898 0.00178285 0.00165896)
(-2.90333e-05 0.000623254 0.00031629)
(-0.00159497 0.000866862 0.001103)
(-0.00228869 0.00168261 0.00165484)
(-0.00166267 0.00140338 0.00134145)
(-0.000300455 0.00068289 0.000551197)
(0.000895617 -0.0002397 -0.000430019)
(2.53818e-05 -2.13891e-05 0.000174531)
(-0.00103494 0.001271 0.00111669)
(-8.59468e-05 0.000818861 0.00042786)
(0.000758066 0.000369824 -0.000328467)
(0.00072673 -0.000120183 -0.000486143)
(0.000214381 0.000390709 2.66527e-05)
(0.000798955 -0.00044758 -0.000690558)
(0.000188796 2.47702e-06 -0.000101281)
(-0.00093077 0.000101529 0.000184095)
(-0.000916083 0.00045358 0.000308639)
(-0.000984649 0.000881218 0.000639601)
(-0.000651107 0.000221955 3.23147e-05)
(2.3543e-05 -0.000930137 -0.00112055)
(0.000225166 -0.000702619 -0.000895308)
(-0.000718552 -0.00254567 -0.0010531)
(0.00017378 -0.00283422 -0.00153526)
(-0.000761967 -0.000222109 -2.51819e-05)
(7.0064e-05 -0.00186281 -0.00115023)
(-0.000154182 -0.00212266 -0.00113832)
(-0.000423623 -0.00227824 -0.00118022)
(-0.000616029 -0.00184981 -0.00108932)
(-0.000229082 -0.00184403 -0.00102812)
(-0.000194486 -0.000169617 -7.08897e-05)
(0.0003702 -0.000546257 -0.000496146)
(-0.000471618 -0.0003627 -7.44296e-05)
(0.000609569 -0.00100917 -0.000880513)
(-1.35832e-05 -0.00146096 -0.000902507)
(0.000376466 -0.00137043 -0.000960179)
(-0.000305243 -0.000568851 -0.000247883)
(0.000195487 -0.000965802 -0.000651437)
(0.0234669 -0.0101916 -0.0340044)
(0.0225456 -0.0114488 -0.0363988)
(0.0198402 -0.0253163 -0.0368913)
(0.0279124 -0.0115652 -0.0425234)
(0.0216701 -0.0253582 -0.0417835)
(0.0217575 -0.0325062 -0.0395276)
(0.0216113 -0.0280091 -0.0413858)
(0.0306543 -0.018489 -0.0547527)
(0.0256059 -0.00536147 -0.0390113)
(0.0319507 -0.0109764 -0.0471444)
(0.0300697 -0.0078197 -0.0420321)
(0.0326295 -0.0107723 -0.046061)
(0.0304436 -0.0127391 -0.0493596)
(0.0361942 -0.0139543 -0.0555459)
(0.033073 -0.00602373 -0.0408059)
(0.0018968 -0.00175217 -0.00133061)
(0.0216905 -0.00631581 -0.0260054)
(0.0240752 -0.00579759 -0.0308812)
(0.02623 -0.00905558 -0.035691)
(0.0247716 -0.00860589 -0.0348595)
(0.0240043 -0.00548048 -0.0301173)
(0.0269953 -0.0075099 -0.0298375)
(0.0244465 -0.00395942 -0.0270009)
(0.0144753 -0.00391869 -0.0150327)
(0.0174626 -0.0029352 -0.0184067)
(0.0161621 -0.00479965 -0.0166099)
(0.0124935 -0.00431142 -0.0119551)
(0.0031332 -0.00113338 -0.00210335)
(0.00960647 -0.00309888 -0.00832745)
(0.00735901 -0.00279046 -0.00618699)
(0.00443729 -0.00162601 -0.00331446)
(0.00305363 -0.000791235 -0.00202435)
(0.000998977 -0.00157874 -0.00072924)
(-0.000197696 -0.000467529 1.94921e-06)
(0.0028844 -0.0037387 -0.00203244)
(0.00628686 -0.00488482 -0.00396643)
(0.0160324 -0.00488195 -0.0119511)
(0.0188708 -0.0298112 -0.024175)
(0.0207752 -0.0282525 -0.0248726)
(0.0189913 -0.0303316 -0.0233185)
(0.0170867 -0.0293142 -0.0218377)
(0.0187808 -0.0355898 -0.0246939)
(0.0155787 -0.0359096 -0.0201895)
(0.0169994 -0.0359928 -0.0199531)
(0.018748 -0.0357635 -0.0247652)
(0.0157644 -0.0348933 -0.0219572)
(0.0153864 -0.0346606 -0.0207618)
(0.0170038 -0.0358908 -0.0228916)
(0.01832 -0.0357127 -0.0239203)
(0.0168269 -0.0358541 -0.0223337)
(0.018323 -0.0398946 -0.0194134)
(0.0184362 -0.0399474 -0.0185618)
(0.0158601 -0.0380279 -0.0162959)
(0.0173641 -0.0389127 -0.01942)
(0.0205447 -0.0393925 -0.0205055)
(0.0210215 -0.0406706 -0.0221563)
(0.0207122 -0.0408266 -0.022641)
(0.0113265 -0.0116759 -0.0228326)
(0.00893651 -0.00916294 -0.020148)
(0.011128 -0.0111057 -0.023882)
(0.00986105 -0.0104463 -0.0210265)
(0.00913037 -0.0104955 -0.0198775)
(0.0228259 -0.0255615 -0.027342)
(0.0222897 -0.0219359 -0.0267935)
(0.0220956 -0.0218038 -0.0276656)
(0.0269397 -0.0261408 -0.0343307)
(0.0249156 -0.0215603 -0.0333024)
(0.0220855 -0.0199946 -0.0276414)
(0.0237303 -0.023078 -0.0292083)
(0.026024 -0.0271777 -0.0314238)
(0.0255499 -0.0274727 -0.0302172)
(0.000442544 -0.000391677 -0.000485995)
(3.67779e-05 -0.000424549 -0.000612573)
(0.000284655 -0.000443315 -0.000662098)
(0.000408678 -0.000154107 -0.000279825)
(-0.000227709 -4.48039e-05 -0.000304365)
(9.27284e-05 -0.000175964 -0.000400519)
(0.000175613 -7.6727e-06 -0.000150379)
(0.000256356 0.000197214 0.000122767)
(0.000392451 -0.000185182 -0.000138228)
(0.000517806 -0.000452897 -0.000503296)
(-0.00044494 0.000466074 0.000221172)
(-9.88942e-06 0.000371637 0.000213362)
(-0.000189817 0.000288769 6.80133e-05)
(-3.69258e-05 0.000678779 0.000582911)
(-0.000848474 0.00113096 0.00082413)
(-0.000342701 0.00103642 0.000832705)
(-0.00055728 0.000864475 0.000576086)
(-0.000342325 0.00137342 0.00123342)
(0.00606907 -0.00795174 -0.0155364)
(0.00724838 -0.00874223 -0.0187661)
(0.00578374 -0.00721924 -0.0143826)
(0.0070971 -0.00894524 -0.0166824)
(0.00729976 -0.0086749 -0.016974)
(0.00471501 -0.00684042 -0.0128478)
(0.00413266 -0.00639962 -0.0108941)
(0.00560734 -0.00808284 -0.013692)
(0.00023312 0.00015023 0.000223257)
(0.000287658 -0.000104074 -0.000106717)
(0.000272499 -0.00038003 -0.000434123)
(2.17127e-05 0.000681162 0.000736096)
(0.00020968 0.000324118 0.000402827)
(0.000765389 -0.00155496 -0.00208047)
(0.00121905 -0.00233568 -0.00349474)
(0.00141402 -0.00294256 -0.00467391)
(0.00301722 -0.00505502 -0.00801938)
(0.00225697 -0.00391883 -0.00610844)
(0.00106905 -0.00224024 -0.00348319)
(0.00161519 -0.00307472 -0.00444414)
(0.00149028 -0.00293207 -0.00452448)
(0.00271136 -0.00467862 -0.00748749)
(0.000370756 -0.00117454 -0.00172737)
(0.000958817 -0.00232695 -0.00342888)
(0.021938 -0.0335487 -0.0246816)
(0.0251964 -0.0368286 -0.0234583)
(0.0234142 -0.0342358 -0.0201961)
(0.0249341 -0.0352141 -0.0189019)
(0.023873 -0.0356191 -0.0277099)
(0.0224372 -0.0298454 -0.0393727)
(0.0211473 -0.0331046 -0.0355176)
(0.0237874 -0.035035 -0.0345396)
(0.0208703 -0.0298373 -0.0365142)
(0.0225755 -0.0325089 -0.038268)
(0.0213884 -0.0318029 -0.0230266)
(0.0235401 -0.0338411 -0.0252475)
(0.0231891 -0.0313568 -0.0209362)
(0.0235907 -0.0323704 -0.0230447)
(0.0243541 -0.0324425 -0.0247127)
(0.0231884 -0.0328166 -0.0252862)
(0.0243092 -0.0357947 -0.0319107)
(0.0232942 -0.0335422 -0.0284525)
(0.0223145 -0.0333554 -0.0299794)
(0.0238132 -0.0344426 -0.0307108)
(0.0195605 -0.0277391 -0.019669)
(0.0170392 -0.0261786 -0.0197328)
(0.0180903 -0.0255078 -0.0182968)
(0.0152579 -0.0235801 -0.0175374)
(0.0139893 -0.0236286 -0.0170017)
(0.0160346 -0.0255008 -0.019853)
(0.0147914 -0.0233721 -0.018313)
(0.0133391 -0.0213962 -0.0185985)
(0.0139643 -0.0228439 -0.018903)
(0.0144933 -0.022016 -0.0180221)
(0.0135405 -0.0230041 -0.0188364)
(0.0135709 -0.0239212 -0.019475)
(0.01389 -0.0229435 -0.0183107)
(0.0153878 -0.024049 -0.018125)
(0.0141723 -0.0233518 -0.0185475)
(0.0136949 -0.0231307 -0.0173964)
(0.0137299 -0.023191 -0.0183778)
(0.0141048 -0.0235625 -0.0180703)
(0.0158352 -0.0237613 -0.0193311)
(0.0155059 -0.0232237 -0.0192552)
(0.0182077 -0.0259392 -0.0209752)
(0.0238211 -0.0300096 -0.0236001)
(0.025153 -0.0316492 -0.0242942)
(0.0149256 -0.0229075 -0.0198429)
(0.0142983 -0.0224988 -0.0198597)
(0.0144707 -0.0226158 -0.0201867)
(0.0169372 -0.0234322 -0.0202496)
(0.0205996 -0.0268683 -0.0228976)
(0.0218357 -0.0309252 -0.0261108)
(0.0203749 -0.0277783 -0.0221124)
(0.0244684 -0.0332032 -0.0258012)
(0.0227258 -0.0301292 -0.0234315)
(0.0136154 -0.0224999 -0.0158054)
(0.0136899 -0.0238307 -0.016068)
(0.0146787 -0.0230952 -0.016244)
(0.0185429 -0.0264505 -0.0173782)
(0.0155734 -0.0238934 -0.0163451)
(0.0197548 -0.0273413 -0.0178759)
(0.0140971 -0.0235254 -0.0158682)
(0.0160006 -0.0243176 -0.0161228)
(0.0198553 -0.0277777 -0.015078)
(0.0216062 -0.029591 -0.0150142)
(0.0224871 -0.0306678 -0.0172257)
(0.0227724 -0.031573 -0.0171261)
(0.0139661 -0.0383106 -0.016865)
(0.0146896 -0.0372482 -0.0182126)
(0.0155748 -0.0383768 -0.0195872)
(0.0170277 -0.0393995 -0.0201746)
(0.0142976 -0.0345016 -0.0192513)
(0.014037 -0.0314662 -0.0192801)
(0.0137015 -0.0239347 -0.0181156)
(0.0200824 -0.0368413 -0.0232184)
(0.0139633 -0.0278274 -0.0195201)
(0.0163479 -0.0357295 -0.0210147)
(0.0151446 -0.0351154 -0.0211643)
(0.01462 -0.0311542 -0.0209792)
(0.012828 -0.030974 -0.0168571)
(0.014341 -0.0248981 -0.0166663)
(0.0140101 -0.0254483 -0.0162492)
(0.0142895 -0.0304103 -0.0188458)
(0.0192872 -0.0246559 -0.0340089)
(0.020285 -0.0263424 -0.0348241)
(0.0214614 -0.0297942 -0.0340474)
(0.0220955 -0.0291531 -0.0364263)
(0.0225991 -0.0323873 -0.033356)
(0.0225157 -0.0333003 -0.0318664)
(0.0202759 -0.0294474 -0.0332773)
(0.0209656 -0.0295075 -0.0350921)
(0.0178463 -0.0236417 -0.0220964)
(0.0188382 -0.023856 -0.0216396)
(0.0133452 -0.0221544 -0.0198963)
(0.013536 -0.0257261 -0.018732)
(0.0144008 -0.0248084 -0.0187438)
(0.0129416 -0.023628 -0.0188386)
(0.0137091 -0.0217005 -0.0175941)
(0.0128657 -0.020364 -0.0177926)
(0.0186249 -0.0250644 -0.0275696)
(0.0175222 -0.0227272 -0.0267904)
(0.0166554 -0.022596 -0.0269732)
(0.0152588 -0.0361245 -0.0235545)
(0.0195092 -0.0353027 -0.0225805)
(0.022383 -0.0349808 -0.0250051)
(0.0157675 -0.0317151 -0.0226573)
(0.0107403 -0.0291912 -0.0213416)
(0.00777019 -0.0226157 -0.019217)
(0.0102332 -0.0273549 -0.0215648)
(0.0104256 -0.028855 -0.0224446)
(0.0100686 -0.0216114 -0.0199805)
(0.00915709 -0.0217138 -0.0189732)
(0.0100672 -0.0235301 -0.0196048)
(0.0104472 -0.0189028 -0.0174311)
(0.0104628 -0.0227883 -0.0195879)
(0.0115535 -0.0213702 -0.0190389)
(0.0130901 -0.0230129 -0.0203131)
(0.0113238 -0.0206624 -0.0180612)
(0.0169535 -0.0395158 -0.0118758)
(0.0128145 -0.0353792 -0.0094009)
(0.0165895 -0.0386606 -0.00998418)
(0.0223246 -0.0329686 -0.0103145)
(0.0223663 -0.0323873 -0.00821635)
(0.0152468 -0.024567 -0.0143589)
(0.0213201 -0.0298765 -0.0119431)
(0.0199983 -0.0281386 -0.0102774)
(0.0203675 -0.0283873 -0.00909632)
(0.0174063 -0.0252972 -0.00774675)
(0.00784326 -0.0316013 -0.0111377)
(0.00852615 -0.0329907 -0.0119927)
(0.0111241 -0.0320904 -0.0161289)
(0.00968553 -0.0311516 -0.012976)
(0.00944345 -0.029468 -0.0135901)
(0.00837232 -0.0283829 -0.0103743)
(0.00916549 -0.0268755 -0.0118591)
(0.00779224 -0.0276983 -0.0105214)
(0.011288 -0.0293992 -0.0154924)
(0.0101904 -0.0298528 -0.0147051)
(0.0111001 -0.025219 -0.0132281)
(0.0122333 -0.024392 -0.013246)
(0.0215817 -0.0351539 -0.0107147)
(0.0203282 -0.0384329 -0.0178895)
(0.0193899 -0.0393493 -0.021786)
(0.0181549 -0.0392807 -0.0270993)
(0.0197223 -0.0354455 -0.0116914)
(0.0219143 -0.040105 -0.0137933)
(0.00370242 -0.00822774 -0.0117538)
(0.00163518 -0.00327975 -0.00334593)
(0.000844216 -0.00215096 -0.00311102)
(0.00117736 -0.00304507 -0.00486669)
(0.00307657 -0.00570434 -0.0096853)
(0.00232108 -0.00464789 -0.00743809)
(0.00511634 -0.00766498 -0.0132038)
(0.00652945 -0.0112254 -0.0213649)
(0.00495421 -0.00959444 -0.0171701)
(0.00549771 -0.00844903 -0.016058)
(0.00995345 -0.0124547 -0.0219652)
(0.010298 -0.0132355 -0.0264979)
(0.0111929 -0.0144115 -0.031673)
(0.00922717 -0.0107417 -0.0242869)
(0.00855564 -0.0105463 -0.0223377)
(0.0112443 -0.0128334 -0.0294256)
(0.0105499 -0.0124536 -0.0262372)
(0.00879221 -0.0113083 -0.0236948)
(0.0260004 -0.0284326 -0.0290729)
(0.0243313 -0.0304184 -0.026184)
(0.0244947 -0.0344709 -0.0251594)
(0.0142294 -0.0165096 -0.0369976)
(0.0156814 -0.0186199 -0.0387513)
(0.0123059 -0.0162136 -0.0356677)
(0.0257978 -0.0341093 -0.0270983)
(0.0291908 -0.0363946 -0.0284896)
(0.0264675 -0.028279 -0.0302726)
(0.0264465 -0.0300932 -0.0281521)
(0.0269302 -0.0311108 -0.0270622)
(0.0278654 -0.0295425 -0.0302669)
(0.0288257 -0.0312925 -0.0299855)
(0.0164544 -0.0170651 -0.0333229)
(0.0142031 -0.0137143 -0.032185)
(0.015579 -0.0141366 -0.0367197)
(0.0258191 -0.0240425 -0.0309048)
(0.0253227 -0.0244623 -0.0330053)
(-0.00277503 0.00409947 0.00130771)
(-0.00263495 0.00428632 0.00142372)
(0.00208535 -0.00330332 -0.00160908)
(0.00109592 -0.0013973 -0.000488995)
(0.00120152 -0.00197777 -0.00129623)
(-0.00318187 0.00431637 0.00187784)
(-0.00267656 0.00429454 0.0017719)
(-0.000876106 0.00151226 0.00117127)
(-0.000636831 0.00158909 0.00139431)
(-0.00080837 0.00178843 0.00178348)
(-0.000584464 0.00171748 0.00171508)
(-0.000697245 0.00188897 0.00171596)
(0.000259627 -0.00105526 -0.00110635)
(-0.000555407 0.00141183 0.00155927)
(-5.00057e-05 0.000153839 0.000368775)
(-0.000131772 6.00758e-05 0.000109361)
(0.000102423 -0.000849647 -0.000877403)
(-0.000153162 0.000108675 9.63131e-05)
(-0.0011655 0.00174057 0.00134941)
(-0.00101909 0.00209437 0.00174388)
(-0.00119996 0.00223758 0.00176493)
(-0.00240972 0.00383134 0.0024954)
(-0.0023758 0.00274216 0.00205336)
(0.0351887 -0.0321771 -0.0360256)
(0.0291204 -0.0247371 -0.0502184)
(0.0202382 -0.0235637 -0.0519642)
(0.0204877 -0.0224441 -0.0540623)
(0.0330716 -0.03064 -0.0410804)
(0.0304278 -0.0281226 -0.0436817)
(0.0339486 -0.0315261 -0.0468894)
(0.0319829 -0.0299881 -0.0352491)
(0.0207509 -0.039321 -0.0192266)
(0.0265025 -0.0369286 -0.0247525)
(0.0258365 -0.0412682 -0.0251639)
(0.0239272 -0.0403643 -0.0230272)
(0.0294194 -0.0413572 -0.02749)
(0.0260779 -0.0356098 -0.0223801)
(0.0269679 -0.0350737 -0.0264387)
(0.0302425 -0.0342646 -0.0307656)
(0.0313606 -0.0385229 -0.0279641)
(0.030509 -0.0362665 -0.0283862)
(0.0317578 -0.0347673 -0.0325434)
(0.0212343 -0.0391387 -0.0142562)
(0.0231552 -0.0377991 -0.0149399)
(0.0262504 -0.0382105 -0.0183226)
(0.0282585 -0.0350726 -0.0202886)
(0.0317701 -0.0346932 -0.0241672)
(0.0318284 -0.0366508 -0.0267171)
(0.0337446 -0.0337384 -0.0309387)
(0.0358257 -0.0324101 -0.0385955)
(0.026626 -0.0392261 -0.0194625)
(0.0236561 -0.0398679 -0.0175203)
(0.0205796 -0.0386012 -0.0149678)
(0.0206987 -0.0396427 -0.0174588)
(0.022849 -0.039505 -0.0180311)
(0.020328 -0.0391784 -0.0183563)
(0.0229912 -0.0401002 -0.0205136)
(0.0260168 -0.0388331 -0.0209642)
(0.0265644 -0.0405456 -0.0240725)
(0.0245815 -0.0393805 -0.0200994)
(0.00637171 -0.018273 -0.0377279)
(0.00720443 -0.0173354 -0.0264095)
(0.00613048 -0.0201456 -0.0314771)
(0.0114207 -0.0232692 -0.04699)
(0.0159155 -0.0238598 -0.0532328)
(0.0217434 -0.0255444 -0.0579129)
(0.0239337 -0.0262715 -0.0562946)
(0.0308433 -0.0285565 -0.0583513)
(0.0146257 -0.0278957 -0.0514053)
(0.0135881 -0.0202214 -0.0508237)
(0.00615101 -0.0235065 -0.0447461)
(0.00924748 -0.00782696 -0.0117856)
(0.011593 -0.00784224 -0.0145966)
(0.00370316 -0.00333644 -0.0041097)
(0.00425986 -0.00266867 -0.00416982)
(0.0042202 -0.00332483 -0.00437969)
(0.0156697 -0.00637635 -0.0185847)
(0.0149943 -0.00738647 -0.0188066)
(0.00578152 -0.00254003 -0.00535522)
(0.00784908 -0.00540823 -0.00858795)
(0.0119885 -0.00418191 -0.0125933)
(0.0115094 -0.00371773 -0.0113314)
(0.00795539 -0.00299623 -0.00730084)
(0.00133583 -0.00483519 -0.00273924)
(0.00162776 -0.00633285 -0.00357451)
(0.00471511 -0.00923965 -0.00656186)
(0.00729185 -0.0100992 -0.00953799)
(0.00850655 -0.00901791 -0.0109362)
(0.00787754 -0.00742154 -0.00956573)
(0.00636668 -0.00828058 -0.00803699)
(0.00336801 -0.00575059 -0.00451663)
(0.00288677 -0.00312332 -0.00338985)
(0.00509969 -0.00480975 -0.00593027)
(0.00295634 -0.00385321 -0.00365604)
(0.0128546 -0.0194051 -0.023937)
(0.0114107 -0.0186631 -0.0208751)
(0.0143426 -0.0209906 -0.0234134)
(0.0128452 -0.0195883 -0.0221442)
(0.0103493 -0.0197798 -0.0227223)
(0.0100478 -0.0202968 -0.0221798)
(0.0104706 -0.0200563 -0.0226493)
(0.0090878 -0.020578 -0.0221153)
(0.0123239 -0.0206526 -0.0232172)
(0.0139055 -0.0204596 -0.023661)
(0.0119792 -0.0211264 -0.0227676)
(0.0106337 -0.0198337 -0.0216998)
(0.0135229 -0.0213144 -0.0226285)
(0.0122619 -0.0196978 -0.0215552)
(0.0131791 -0.020559 -0.022976)
(0.0160954 -0.0228754 -0.0230135)
(0.0146231 -0.0213061 -0.021578)
(0.0144261 -0.021373 -0.0212299)
(0.0147812 -0.0216696 -0.0216404)
(0.0141269 -0.0194746 -0.0183474)
(0.0149352 -0.0197233 -0.0191281)
(0.00908302 -0.0207232 -0.0191409)
(0.0101449 -0.018261 -0.0174201)
(0.00940978 -0.0195347 -0.0186547)
(0.0111839 -0.0174461 -0.0177253)
(0.0123962 -0.0187179 -0.0181382)
(0.00951337 -0.016872 -0.0168373)
(0.00798511 -0.0188048 -0.0179354)
(0.00909098 -0.018059 -0.0179295)
(0.00765308 -0.0211351 -0.0198229)
(0.00783829 -0.0211977 -0.0198095)
(0.00806579 -0.0219104 -0.0207477)
(0.00874057 -0.0197995 -0.0195805)
(0.0124461 -0.0196564 -0.0204415)
(0.00988163 -0.0196613 -0.019791)
(0.00930489 -0.0184319 -0.0195009)
(0.0110249 -0.0196975 -0.0206021)
(0.00422004 -0.0070294 -0.0134078)
(0.00288068 -0.0048064 -0.00671636)
(0.00350162 -0.00542967 -0.011461)
(0.002592 -0.00439142 -0.00714077)
(0.00147282 -0.00278788 -0.00345956)
(0.00195745 -0.00337106 -0.0042401)
(0.00109024 -0.00234484 -0.0037388)
(0.000879266 -0.00184031 -0.00249585)
(0.00291696 -0.00469531 -0.010821)
(0.00447979 -0.00664527 -0.0151486)
(0.00239935 -0.00442052 -0.0126081)
(0.000299174 -0.00229246 -0.00430214)
(0.00149224 -0.00313543 -0.00539628)
(0.00273024 -0.00501961 -0.00949226)
(0.00112562 -0.0028282 -0.00478343)
(0.00149634 -0.00311959 -0.00614999)
(0.00875843 -0.0163051 -0.0169768)
(0.0103007 -0.0173358 -0.0174325)
(0.00807596 -0.018525 -0.0187114)
(0.00719599 -0.0172423 -0.0179413)
(0.0129055 -0.0194476 -0.0202219)
(0.014381 -0.0206094 -0.0199194)
(0.0100963 -0.0184657 -0.0189417)
(0.0106495 -0.0173589 -0.0176211)
(0.0105445 -0.0198527 -0.0208562)
(0.0110858 -0.0194001 -0.0203862)
(0.0119806 -0.0194447 -0.019835)
(0.0128871 -0.0203024 -0.0209017)
(0.0123206 -0.0202175 -0.0208143)
(0.0113104 -0.017839 -0.0189633)
(0.00533106 -0.0157885 -0.0186868)
(0.00490368 -0.0154737 -0.0156675)
(0.00416403 -0.0127206 -0.0099692)
(0.00358562 -0.00840799 -0.00601561)
(0.0293394 -0.037671 -0.0236111)
(0.032498 -0.0377019 -0.0271074)
(0.0290111 -0.0385998 -0.0230438)
(0.030216 -0.0371945 -0.0274133)
(0.0349822 -0.0375844 -0.0343333)
(0.0297687 -0.0345514 -0.0266023)
(0.0339428 -0.0331643 -0.0339892)
(0.0331275 -0.0342701 -0.0310416)
(0.0324614 -0.0344154 -0.0296419)
(0.0350121 -0.0356749 -0.0359054)
(0.0329133 -0.0302455 -0.0381918)
(0.0314144 -0.0253375 -0.0386469)
(0.0343862 -0.0338897 -0.0366288)
(0.034944 -0.0300357 -0.0508808)
(0.0350721 -0.0339117 -0.0418154)
(0.0335835 -0.0267092 -0.0463783)
(0.0378188 -0.0361292 -0.0443682)
(-0.00182005 0.00346764 0.00263141)
(-0.000821918 0.00144404 0.00142614)
(-0.00115425 0.00240637 0.0021762)
(-0.00125912 0.00292961 0.00262921)
(-0.00165799 0.00322784 0.00242923)
(-0.00083378 0.00165241 0.00166608)
(-0.00116762 0.002068 0.00193936)
(-0.000750896 0.00126518 0.0012107)
(-0.00130519 0.00276775 0.00235944)
(-0.000874572 0.00213708 0.00208795)
(-0.00119738 0.00225379 0.00213342)
(-0.00103955 0.00232628 0.00204352)
(-0.00223974 0.004032 0.00240196)
(-0.000426296 0.00143639 0.00143679)
(-0.00090862 0.00223312 0.00197786)
(-0.00202368 0.00398832 0.00160982)
(-0.0026034 0.00454959 0.00190496)
(-0.00279177 0.00430092 0.00218)
(-0.00172912 0.00373951 0.00160417)
(-0.000624115 0.00165886 0.0013799)
(-0.000123463 0.0014385 0.0011996)
(0.018647 -0.0184281 -0.0422736)
(0.0188053 -0.0175938 -0.0372099)
(0.0229062 -0.018922 -0.0394558)
(0.0273399 -0.0247837 -0.0338216)
(0.0289684 -0.0289583 -0.0326832)
(0.0275287 -0.0247305 -0.0358981)
(0.0284528 -0.0294076 -0.0327463)
(0.0290351 -0.030321 -0.0297611)
(0.032062 -0.0311874 -0.0366625)
(0.0323364 -0.0311468 -0.0358593)
(0.0278611 -0.0246844 -0.0389509)
(0.0286274 -0.0250991 -0.0362797)
(0.0282505 -0.0255605 -0.037364)
(0.0258169 -0.0233488 -0.039916)
(0.0245913 -0.0220258 -0.0398049)
(0.0212945 -0.017975 -0.0423596)
(0.0280994 -0.0214929 -0.045417)
(0.0255029 -0.0184976 -0.0380883)
(0.00614971 -0.0100993 -0.0175116)
(0.00637751 -0.00982799 -0.0185366)
(0.00501923 -0.00801319 -0.0143203)
(0.00300435 -0.00563992 -0.0096904)
(0.0058805 -0.00898936 -0.017893)
(0.00500553 -0.00843159 -0.0146763)
(0.00159896 -0.00331036 -0.00469085)
(0.000163006 -0.000766692 -0.00131702)
(0.00260915 -0.00531978 -0.00843157)
(0.00345061 -0.00704824 -0.0112405)
(-2.61881e-05 -0.000979936 -0.00131748)
(0.00149082 -0.00390206 -0.00607405)
(0.00377466 -0.00738063 -0.0116466)
(0.00279817 -0.00597226 -0.00922631)
(0.0110824 -0.0247094 -0.0122045)
(0.00864488 -0.024878 -0.0117602)
(0.00823985 -0.0248773 -0.00968091)
(0.00884641 -0.0233296 -0.00988209)
(0.0147508 -0.023171 -0.00827883)
(0.0100964 -0.0219715 -0.00951826)
(0.0136962 -0.0228466 -0.00970369)
(0.0171078 -0.0253416 -0.0105432)
(0.0120999 -0.0229056 -0.011326)
(0.0124799 -0.0224523 -0.00984085)
(0.0127956 -0.0246546 -0.020005)
(0.0135939 -0.0263625 -0.02127)
(0.0115587 -0.0256256 -0.0198594)
(0.0119721 -0.0216504 -0.0183811)
(0.0119895 -0.0232747 -0.0184988)
(0.0117425 -0.0252493 -0.0212263)
(0.011236 -0.0264913 -0.0199931)
(0.0103329 -0.0249848 -0.0198562)
(0.0143793 -0.0276985 -0.0213738)
(0.0129785 -0.0288867 -0.0209942)
(0.0131828 -0.0248903 -0.0195038)
(0.013092 -0.0264206 -0.019264)
(0.0101941 -0.0261316 -0.0208015)
(0.0121522 -0.0300487 -0.0222932)
(0.00973814 -0.0268489 -0.02073)
(0.00864285 -0.0240637 -0.0206477)
(0.00952685 -0.0252454 -0.0216768)
(0.0110706 -0.0278667 -0.0223318)
(0.00943072 -0.0254759 -0.0203065)
(0.00854486 -0.0235736 -0.0199342)
(0.00918489 -0.0271713 -0.0211679)
(0.0229247 -0.0279196 -0.0262705)
(0.0229913 -0.0273748 -0.0263078)
(0.0199185 -0.029493 -0.0226101)
(0.0202087 -0.0286802 -0.0238204)
(0.0246691 -0.0320788 -0.027193)
(0.0209691 -0.036174 -0.0254323)
(0.0238853 -0.0323607 -0.0262898)
(0.0239767 -0.0312235 -0.0269982)
(0.0275629 -0.0330667 -0.0312432)
(0.023365 -0.0363563 -0.0274889)
(0.0191088 -0.0256058 -0.025548)
(0.0198139 -0.0263121 -0.0258353)
(0.0190084 -0.0251533 -0.0254196)
(0.018882 -0.0251043 -0.0245332)
(0.0125403 -0.0197515 -0.0172232)
(0.0128175 -0.0215239 -0.0193967)
(0.0142533 -0.0205713 -0.0189026)
(0.0139928 -0.0206289 -0.0180652)
(0.0159502 -0.021298 -0.0201713)
(0.0158545 -0.0211617 -0.019275)
(0.012815 -0.0182167 -0.0176306)
(0.0155695 -0.0211846 -0.0203226)
(0.0103929 -0.0183915 -0.0178547)
(0.01378 -0.0206495 -0.0195771)
(0.0119346 -0.0185391 -0.0173627)
(0.0136135 -0.020452 -0.0196282)
(0.0123019 -0.0184725 -0.0173911)
(0.0118336 -0.0198579 -0.0187102)
(0.0207021 -0.0292863 -0.0308343)
(0.0236773 -0.0315264 -0.0320829)
(0.0237734 -0.0324446 -0.0294338)
(0.0216731 -0.0294816 -0.0260238)
(0.0190467 -0.0269069 -0.0311889)
(0.02458 -0.0335038 -0.0312724)
(0.0227922 -0.0317122 -0.0315275)
(0.0192143 -0.026928 -0.0298094)
(0.0205788 -0.0281973 -0.0261896)
(0.0219672 -0.0291134 -0.0254802)
(0.0216404 -0.0282267 -0.0251513)
(0.0220236 -0.02982 -0.0269432)
(0.0225993 -0.0296951 -0.0268776)
(0.0218871 -0.0295592 -0.0255097)
(0.0119024 -0.0332848 -0.0157057)
(0.013194 -0.0370518 -0.0159916)
(0.0126835 -0.035694 -0.0165718)
(0.0141848 -0.0379476 -0.0153471)
(0.0115366 -0.0351154 -0.0135795)
(0.0115954 -0.0355892 -0.0155635)
(0.0189048 -0.0402205 -0.0148483)
(0.016108 -0.0403656 -0.0127157)
(0.0141812 -0.0387367 -0.0126582)
(0.014209 -0.036292 -0.0138088)
(0.0183727 -0.0396192 -0.0153173)
(0.0164012 -0.0384466 -0.0153341)
(0.0242982 -0.0366256 -0.0245579)
(0.0235241 -0.0350835 -0.0235513)
(0.0216008 -0.0357106 -0.0203706)
(0.0209065 -0.0365974 -0.021976)
(0.020152 -0.0361276 -0.0226438)
(0.0180662 -0.0344418 -0.0195292)
(0.0132664 -0.0291324 -0.0193755)
(0.013763 -0.0266912 -0.0187896)
(0.0136541 -0.0248229 -0.0174601)
(0.0144776 -0.0251649 -0.0181361)
(0.0141597 -0.0258696 -0.0172441)
(0.0135398 -0.0279981 -0.0178067)
(0.0134747 -0.0292465 -0.0185151)
(0.0133758 -0.026365 -0.0168975)
(0.0133266 -0.0272493 -0.0180719)
(0.0132521 -0.0254776 -0.0172568)
(0.0231329 -0.0342569 -0.0265334)
(0.0213356 -0.0337648 -0.0345513)
(0.0211535 -0.0332586 -0.031702)
(0.0233593 -0.0352552 -0.0243684)
(0.0245243 -0.0387304 -0.0300334)
(0.0236556 -0.0380016 -0.0332941)
(-0.000171556 0.000889067 0.000922834)
(-0.000104954 0.000524594 0.000636586)
(-0.000386859 0.0014749 0.00158334)
(-0.000348493 0.00128231 0.00128413)
(0.0197543 -0.0174933 -0.0278979)
(0.0211531 -0.0199878 -0.0283749)
(0.0216774 -0.0205455 -0.0287632)
(0.0176914 -0.0152163 -0.0263427)
(0.0220705 -0.0203033 -0.0301543)
(0.0108682 -0.0108895 -0.0259892)
(0.0146715 -0.0146578 -0.0284626)
(0.018554 -0.015917 -0.0338888)
(-0.00035055 -0.000383758 -1.38412e-05)
(-0.00121237 0.000806304 0.000492337)
(0.0109562 -0.00395799 -0.00907457)
(0.00845285 -0.00315818 -0.00678851)
(0.00495061 -0.00241225 -0.00374029)
(0.00358776 -0.002185 -0.00242788)
(0.0301422 -0.0162368 -0.0501248)
(0.0262935 -0.0176305 -0.0495195)
(0.0265092 -0.0210827 -0.050804)
(0.0237766 -0.0344374 -0.0403513)
(0.022462 -0.0275732 -0.0415341)
(0.0223218 -0.0248599 -0.0426133)
(0.0238785 -0.0324891 -0.0464118)
(0.0259228 -0.0348365 -0.0454094)
(0.0256451 -0.0177992 -0.0435481)
(0.0270958 -0.0113826 -0.0432972)
(0.0269441 -0.0170636 -0.0456781)
(0.0268749 -0.0119782 -0.0452884)
(-0.000343388 -0.0010646 -0.000655068)
(-0.00049814 -0.000749879 -0.000387186)
(-0.000513927 -0.00166011 -0.00105455)
(-0.000512115 -0.00140849 -0.00110161)
(-0.000430399 -0.00127781 -0.00086119)
(-0.000426063 -0.00162386 -0.000981367)
(-0.000211627 -0.000876038 -0.000992152)
(-0.00012437 -0.000590739 -0.000740152)
(-0.000379621 -0.00115702 -0.00107951)
(-0.000431325 -0.000957314 -0.000828146)
(-0.000673298 -0.000184565 -0.000239662)
(-0.000757903 -0.000319421 -0.000183452)
(-0.000598835 -0.000536003 -0.000368922)
(-0.000531022 -0.000697757 -0.000591892)
(-0.000466991 -0.000271062 -0.000395038)
(-0.000401762 -0.000530828 -0.000595528)
(-0.000677205 0.00106721 0.000819316)
(-0.00145963 0.00131948 0.00126932)
(-0.00208844 0.00223799 0.00171265)
(-0.00222441 0.00202354 0.00168099)
(-0.00195241 0.0016596 0.001499)
(-0.00237181 0.00217948 0.0017563)
(-0.000522736 0.000434071 0.000433611)
(-0.0010221 0.000791148 0.000812385)
(-0.000953439 0.000463735 0.000467471)
(-0.000737092 0.000162821 0.000298344)
(-0.00142831 0.00152707 0.001191)
(-0.00136963 0.00110911 0.00100998)
(-0.00185812 0.00147971 0.00132554)
(-0.00189077 0.00179339 0.0014251)
(-0.00127334 0.00113254 0.000888254)
(-0.00128835 0.000830124 0.00079773)
(-0.0030768 0.0028735 0.00211142)
(-0.0032097 0.00335747 0.00197894)
(-0.00314678 0.00346322 0.00227807)
(0.0238127 -0.0368087 -0.0137933)
(0.0207344 -0.0383368 -0.0114019)
(0.0283125 -0.034136 -0.0198093)
(0.0262001 -0.0363577 -0.016089)
(0.0285675 -0.0291075 -0.0578557)
(0.0133344 -0.0144701 -0.0211195)
(0.013046 -0.0141737 -0.0208013)
(0.0116599 -0.0133857 -0.0160453)
(0.0120552 -0.0131974 -0.017755)
(0.0119108 -0.014843 -0.0170785)
(0.0127142 -0.0151653 -0.0194972)
(0.0123501 -0.0153209 -0.0186446)
(0.0123915 -0.0143741 -0.017975)
(0.0110457 -0.0127978 -0.0165348)
(0.0110791 -0.0129177 -0.0160738)
(0.0192868 -0.0224843 -0.0315188)
(0.0191037 -0.0214096 -0.0297944)
(0.014585 -0.0142589 -0.0241515)
(0.0167364 -0.0186086 -0.0294954)
(0.0161712 -0.0176132 -0.0254117)
(0.0141618 -0.014314 -0.0228204)
(0.0168162 -0.0119364 -0.0229933)
(0.0145563 -0.00981156 -0.0201196)
(0.0163704 -0.0115935 -0.0271169)
(0.0160622 -0.0129976 -0.0247023)
(0.0178681 -0.0157592 -0.0307125)
(0.017202 -0.0158543 -0.028374)
(0.0187919 -0.0178727 -0.029435)
(0.0167306 -0.0142806 -0.0255452)
(0.0136234 -0.012552 -0.0193957)
(0.0142002 -0.013033 -0.0217567)
(0.015569 -0.0135011 -0.0233872)
(0.0138081 -0.0102944 -0.0196717)
(0.0124774 -0.0175761 -0.0207666)
(0.0130286 -0.0191517 -0.0218938)
(0.0119099 -0.0168789 -0.0210892)
(0.0191986 -0.0221872 -0.0353673)
(0.0192315 -0.0177007 -0.0344951)
(0.0194873 -0.0211805 -0.0337675)
(0.0186216 -0.00859123 -0.0260962)
(0.0202535 -0.00984424 -0.0289338)
(0.0201673 -0.0141555 -0.0302897)
(0.0231315 -0.0273298 -0.0390622)
(0.022346 -0.0249748 -0.037686)
(0.0212784 -0.0228644 -0.0388712)
(0.0215595 -0.0197424 -0.0407486)
(0.0234906 -0.0111773 -0.0351058)
(0.0225152 -0.00940171 -0.0320524)
(0.019398 -0.00949632 -0.0292926)
(0.0222846 -0.0135396 -0.0367796)
(0.00907888 -0.0219996 -0.0197884)
(0.0104431 -0.023305 -0.0206554)
(0.0114501 -0.0221472 -0.0196975)
(0.010429 -0.0226113 -0.0195835)
(0.0101652 -0.0220835 -0.02008)
(0.0106708 -0.0214952 -0.0190366)
(0.0141932 -0.018281 -0.0188095)
(0.0145587 -0.0188728 -0.0194455)
(0.0130992 -0.0182453 -0.0177805)
(0.011699 -0.0137532 -0.0162657)
(0.0136898 -0.0169557 -0.0185012)
(0.0120427 -0.0136319 -0.0170099)
(0.00893864 -0.0204979 -0.0213029)
(0.00949047 -0.0216428 -0.0223426)
(0.00817639 -0.0215122 -0.0213316)
(0.00833394 -0.0217665 -0.0209261)
(0.0157525 -0.0151829 -0.0231721)
(0.0152584 -0.0141007 -0.0226897)
(0.0150071 -0.0137838 -0.0228183)
(0.0146418 -0.0129512 -0.0235026)
(0.00839599 -0.00890519 -0.0192535)
(0.00944636 -0.00916032 -0.0212843)
(0.0118062 -0.0111203 -0.0230475)
(0.00909818 -0.00926982 -0.0199298)
(0.019864 -0.021108 -0.0248931)
(0.0207749 -0.0222516 -0.0263939)
(0.0193413 -0.0280339 -0.0245525)
(0.0189057 -0.0262656 -0.0230502)
(0.0190419 -0.0260033 -0.0246574)
(0.0182982 -0.0252841 -0.023767)
(0.0164238 -0.0264251 -0.0216214)
(0.0160145 -0.0249747 -0.0223096)
(0.0171658 -0.0246139 -0.0226545)
(0.0159788 -0.0184225 -0.0203492)
(0.0166126 -0.0202613 -0.0206332)
(0.0171507 -0.0220359 -0.0216082)
(0.016655 -0.0180284 -0.0211411)
(0.0185571 -0.021741 -0.0229065)
(0.019068 -0.0203792 -0.0235871)
(0.00875585 -0.00860067 -0.0144655)
(0.00701273 -0.00634339 -0.0156382)
(-0.00051037 -0.00132367 -0.00121396)
(5.08561e-05 -0.00103556 -0.00112599)
(-8.41065e-05 -0.0012001 -0.00132822)
(-0.000232484 -0.000845121 -0.000956059)
(-0.000298009 -0.00100076 -0.0010105)
(-0.000907133 -0.00187423 -0.0012499)
(-0.00116433 -0.00216721 -0.00115384)
(-0.000556137 -0.00143347 -0.00122675)
(-0.000478761 -0.00129277 -0.00117693)
(-0.00115765 -0.00164161 -0.000927059)
(-0.000949754 -0.00133156 -0.00098225)
(0.000562007 -0.000472298 -0.000538559)
(0.000597022 -0.000585878 -0.000673554)
(0.000766629 -0.000739068 -0.000592696)
(0.000661594 -0.000599967 -0.000558555)
(0.000728112 -0.000663522 -0.000512729)
(0.000647176 -0.000680854 -0.000678444)
(0.000793328 -0.000662604 -0.00073303)
(0.000661867 -0.000768583 -0.000822641)
(0.000799397 -0.000833538 -0.000765144)
(0.000601386 -0.000775985 -0.000738703)
(0.0225135 -0.0404691 -0.0303202)
(0.0220757 -0.0369491 -0.0257259)
(0.0200208 -0.0372159 -0.0215226)
(0.0218204 -0.037887 -0.0152744)
(0.0205893 -0.0382394 -0.0179388)
(0.0219162 -0.0336132 -0.0122921)
(0.0228996 -0.0362875 -0.0127451)
(0.0224115 -0.0341209 -0.0153214)
(0.0216779 -0.0316467 -0.0122774)
(0.0224721 -0.0350914 -0.0199663)
(0.0249038 -0.0347867 -0.0176295)
(0.0249125 -0.0254251 -0.0540587)
(0.0242028 -0.0367337 -0.0460384)
(0.0256649 -0.0343762 -0.0500494)
(0.019936 -0.0415099 -0.0309707)
(0.0242062 -0.039355 -0.0438609)
(0.0196158 -0.0362615 -0.0381196)
(0.00292109 -0.000815407 -0.00202456)
(0.00635198 -0.00228238 -0.00519877)
(0.00435355 -0.00110468 -0.0031568)
(0.00640405 -0.00244021 -0.00563435)
(0.00847336 -0.00254546 -0.0074256)
(0.00476283 -0.00257708 -0.00440853)
(0.00309902 -0.00121201 -0.00258551)
(0.00200349 -0.000631909 -0.00149404)
(0.00311463 -0.00125098 -0.00258378)
(0.00350702 -0.00603283 -0.0101816)
(0.00219116 -0.00401262 -0.00651254)
(0.00240352 -0.00487957 -0.00861913)
(0.00282543 -0.00465246 -0.0078085)
(0.00432761 -0.00629854 -0.0116987)
(0.00408034 -0.00611706 -0.0105849)
)
;
    }
    INLET
    {
        type            calculated;
        value           nonuniform 0();
    }
    OUTLET
    {
        type            calculated;
        value           nonuniform 0();
    }
    procBoundary15to1
    {
        type            processor;
        value           uniform (0 0 0);
    }
    procBoundary15to16
    {
        type            processor;
        value           uniform (0 0 0);
    }
}


// ************************************************************************* //
