/*--------------------------------*- C++ -*----------------------------------*\
| =========                 |                                                 |
| \\      /  F ield         | OpenFOAM: The Open Source CFD Toolbox           |
|  \\    /   O peration     | Version:  v1612+                                |
|   \\  /    A nd           | Web:      www.OpenFOAM.com                      |
|    \\/     M anipulation  |                                                 |
\*---------------------------------------------------------------------------*/
FoamFile
{
    version     2.0;
    format      ascii;
    class       volVectorField;
    location    "50";
    object      wallShearStress;
}
// * * * * * * * * * * * * * * * * * * * * * * * * * * * * * * * * * * * * * //

dimensions      [0 2 -2 0 0 0 0];

internalField   uniform (0 0 0);

boundaryField
{
    WALL
    {
        type            calculated;
        value           nonuniform List<vector> 
1510
(
(-0.00442782 -0.0139019 0.004369)
(-0.00439588 -0.0137253 0.00502644)
(-0.00784346 -0.0105694 0.00463825)
(-0.00805257 -0.0123388 0.00725193)
(-0.00750175 -0.0136829 0.00170022)
(-0.00607455 -0.0135062 0.00339804)
(0.000936823 -0.0129388 0.00774408)
(0.000732366 -0.0142798 0.00748778)
(-0.00376896 -0.0121251 0.00791669)
(-0.00524875 -0.0120224 0.00770746)
(-0.00330265 -0.0136276 0.0109987)
(-0.00212406 -0.0129968 0.0119879)
(-0.00333207 -0.0125692 0.00716166)
(-0.0034968 -0.0126048 0.00789571)
(-0.00423115 -0.0130913 0.0140473)
(-0.00273676 -0.01281 0.0129725)
(0.00455474 -0.0146131 0.00269354)
(0.00403614 -0.0135195 0.00386735)
(-0.00708652 -0.0131367 0.00450488)
(-0.007697 -0.0123025 0.00407454)
(-0.00714781 -0.0153429 0.00843844)
(-0.00765836 -0.0138591 0.0073017)
(0.00134574 -0.0140108 -0.00651596)
(0.00101389 -0.0138613 -0.00730333)
(-0.000171381 -0.0124645 0.00635047)
(0.000243752 -0.0123312 0.00602539)
(-0.00793251 -0.0107445 0.00185745)
(-0.00786461 -0.0111387 0.0033403)
(-0.00710402 -0.0148399 0.00521197)
(-0.0057654 -0.0152225 0.00516596)
(-0.00653379 -0.00951723 -0.0009989)
(-0.00601535 -0.00925996 -0.0018083)
(-0.00490295 -0.00951571 0.0012009)
(-0.0059604 -0.0101708 0.000973894)
(0.00124967 -0.0134094 0.0130738)
(-0.0141567 -0.0229023 0.00601017)
(-0.0137945 -0.0208782 0.00595298)
(-0.0069591 -0.0161873 0.0108105)
(-0.007124 -0.0176483 0.0109054)
(-0.00246138 -0.0118358 0.00651508)
(-0.00434619 -0.0119632 0.00631353)
(-0.00813623 -0.0135726 0.00327725)
(-0.0065713 -0.012548 0.0045657)
(0.00198396 -0.0150518 0.010332)
(0.00254508 -0.0135793 0.00918635)
(-0.00847994 -0.0144233 0.00111123)
(-0.00933293 -0.0157035 -0.000951797)
(-0.00577591 -0.0215278 -0.00182193)
(-0.00744687 -0.0202331 -0.000616217)
(-0.00572699 -0.0137189 0.0036956)
(-0.00616023 -0.0124482 0.00362512)
(-0.000607071 -0.0194245 -0.00657026)
(-0.000332708 -0.0194888 -0.00521601)
(-0.00693498 -0.0137184 0.0127309)
(-0.00560753 -0.013389 0.011626)
(-0.00107138 -0.0189615 0.000268611)
(-0.00125581 -0.0165308 0.00128043)
(-0.0117085 -0.0210672 0.00345578)
(-0.00896068 -0.0208817 0.00173502)
(-0.00461632 -0.0079807 -0.00254309)
(-0.00436047 -0.00730317 -0.00214162)
(-0.00501764 -0.00805634 -0.00235424)
(-0.00433167 -0.00760346 -0.0024605)
(-0.00464975 -0.00755676 -0.00187)
(-0.00505944 -0.0078239 -0.00210613)
(-0.000407875 -0.0114538 -5.56501e-05)
(0.000113545 -0.0119498 0.00062717)
(-0.00116487 -0.010251 0.000142496)
(0.000328468 -0.0117779 0.000195404)
(-0.00104061 -0.0103873 -0.000131867)
(-0.00049238 -0.0107884 0.000420986)
(-0.0033796 -0.00752843 5.82013e-05)
(-0.00394652 -0.00755597 4.45375e-05)
(-0.00347112 -0.00762962 2.03173e-05)
(-0.00369559 -0.0074988 0.00016431)
(-0.00391311 -0.0079484 -4.41165e-05)
(-0.00402677 -0.00775389 -0.000154549)
(0.0030675 -0.0197321 -0.00717059)
(0.00232933 -0.018815 -0.00796314)
(0.00190675 -0.0176842 -0.00846642)
(-0.000159867 -0.0131486 0.00570041)
(0.00044699 -0.0143043 0.00590947)
(-0.00197879 -0.0144226 0.00555567)
(-0.0050999 -0.0132436 0.00394132)
(-0.00294061 -0.0139415 0.00519704)
(-0.000471487 -0.013755 0.00554249)
(-0.00256589 -0.0134334 0.00532231)
(-0.00131911 -0.0127495 0.00560807)
(-0.000940625 -0.0132227 -0.00812916)
(-0.00247531 -0.0117561 -0.00728807)
(-0.00131939 -0.0129174 -0.00830694)
(-0.000469644 -0.0134542 -0.0084891)
(-0.00161153 -0.012001 -0.0078489)
(-0.00220633 -0.0118243 -0.00751126)
(-0.00754607 -0.0153309 0.0089991)
(-0.00789806 -0.0133716 0.00754041)
(-0.00830446 -0.0136898 0.0081714)
(-0.00802852 -0.0155184 0.00974783)
(-0.00722427 -0.0140589 0.00809787)
(-0.00747844 -0.0138647 0.00903617)
(-0.00894032 -0.0149329 0.00241271)
(-0.00733925 -0.0131698 0.0051901)
(-0.00884063 -0.014526 0.00205634)
(-0.00872757 -0.0141062 0.003691)
(-0.00883159 -0.0142553 0.00259773)
(-0.0079363 -0.0133854 0.00429997)
(-0.00353532 -0.0230749 0.00187671)
(-0.00456465 -0.0233465 0.00193074)
(-0.0054608 -0.0232245 0.00133987)
(-0.00345066 -0.0221445 0.000111182)
(-0.00380947 -0.0239225 0.0010874)
(-0.00525873 -0.0218777 0.000584653)
(-0.00385651 -0.0229042 -0.00083996)
(-0.00316237 -0.0216012 -0.00249567)
(-0.00266242 -0.0231307 -0.00199716)
(-0.00294141 -0.0235072 -0.00061979)
(-0.0026552 -0.0224272 -0.000903202)
(-0.00382016 -0.0222008 -0.00173749)
(-5.10762e-05 -0.0180469 -0.00466851)
(-0.000433357 -0.0185659 -0.00543555)
(-0.000852297 -0.020121 -0.00763392)
(-0.00464036 -0.0191398 0.00530535)
(-0.00334073 -0.0215967 0.00515248)
(-0.00454713 -0.0214779 0.00612847)
(-0.00480846 -0.0204669 0.00638813)
(-0.00541995 -0.0196155 0.0062279)
(-0.00429099 -0.0215203 0.00509058)
(-0.00566506 -0.012566 0.00283535)
(-0.0051837 -0.0113348 0.00214756)
(-0.0055233 -0.0147676 0.00374439)
(-0.00473336 -0.0135709 0.00302835)
(-0.00475458 -0.0117024 0.00234232)
(-0.00655037 -0.011592 0.00203318)
(-0.00279203 -0.00834172 0.000764483)
(-0.00307643 -0.00987669 0.00115252)
(-0.00245321 -0.0095836 0.000922685)
(-0.00263893 -0.0106962 0.00125272)
(-0.00294054 -0.00811053 0.000689626)
(-0.00335094 -0.00855504 0.000796711)
(-0.00585743 -0.0223421 -0.00029377)
(-0.00498934 -0.0210546 -0.000486269)
(-0.00504909 -0.0214975 -0.0013724)
(-0.00543419 -0.0226788 -0.000319658)
(-0.00662939 -0.021499 -0.000455967)
(-0.00564842 -0.0205739 -0.00272976)
(-0.00497586 -0.0210296 -0.0036478)
(-0.00535114 -0.0198986 -0.00378893)
(-0.00475414 -0.0217261 -0.00276385)
(-0.006118 -0.0206386 -0.00317253)
(-0.00495014 -0.0223569 -0.00325933)
(-0.00547578 -0.0205572 -0.00292694)
(-0.00861072 -0.0168478 -0.00125245)
(-0.00940478 -0.0177504 -0.000431412)
(-0.0100379 -0.0168047 0.000742463)
(-0.00912181 -0.0157635 0.000283549)
(-0.00939799 -0.0153259 0.00100327)
(-0.00890418 -0.0165448 -0.000680881)
(-0.00333408 -0.0208565 -0.0103042)
(-0.000727303 -0.0185955 -0.00862771)
(-0.00299193 -0.0203729 -0.00825002)
(-0.00274112 -0.0195341 -0.0095827)
(-0.0086866 -0.0158533 -0.00323307)
(-0.00961764 -0.0174425 -0.00278541)
(-0.00941944 -0.0191329 -0.00548824)
(-0.00939296 -0.0187545 -0.00453685)
(-0.00964858 -0.0174731 -0.00405202)
(-0.00902915 -0.0173932 -0.00536623)
(-0.00914769 -0.0186828 -0.000130255)
(-0.00977412 -0.018985 0.000280922)
(-0.00987201 -0.0167895 0.00163881)
(-0.00957418 -0.0184656 0.000960224)
(-0.0096538 -0.0170369 0.0013492)
(-0.00956761 -0.0171466 0.000794996)
(0.00371981 -0.0139682 0.00646191)
(0.00457283 -0.0141871 0.00545797)
(0.00408029 -0.0141465 0.0061154)
(0.00266308 -0.0136546 0.00726144)
(0.0034344 -0.0141386 0.00727173)
(0.00417542 -0.0140138 0.00498717)
(-0.0015682 -0.0123238 0.00689299)
(-0.000775061 -0.012657 0.00678257)
(-0.00191168 -0.0127729 0.00682719)
(-0.00265263 -0.0126259 0.00688442)
(-0.00449762 -0.0131116 0.00614128)
(-0.00123104 -0.0123943 0.00654889)
(-0.00570027 -0.0123229 0.00464152)
(-0.00522569 -0.0129588 0.0053233)
(-0.00607267 -0.0125346 0.00391414)
(-0.00585968 -0.0133955 0.0043966)
(-0.00431318 -0.0122998 0.00526585)
(-0.00356823 -0.0121263 0.00586912)
(-0.00789383 -0.0127265 0.00835807)
(-0.00796971 -0.0107716 0.00526232)
(-0.00779889 -0.0109018 0.00641944)
(-0.00802492 -0.0121146 0.00722361)
(-0.00814985 -0.0130738 0.00917538)
(-0.00793488 -0.011008 0.00677673)
(-0.00795345 -0.0116119 0.00806856)
(-0.00811864 -0.0119346 0.00620594)
(-0.00827354 -0.0240891 0.00545602)
(-0.00706394 -0.0237697 0.00529571)
(-0.00853342 -0.0239274 0.00437728)
(-0.00882938 -0.0252034 0.00447939)
(-0.00799223 -0.0251089 0.00564121)
(-0.00915749 -0.0263046 0.00550385)
(-0.00665044 -0.0181211 0.0109704)
(-0.00628235 -0.0200108 0.0104783)
(-0.00675653 -0.0210646 0.0115278)
(-0.00643216 -0.0186789 0.011234)
(-0.0065057 -0.019019 0.010466)
(-0.00808274 -0.0113889 0.00810367)
(-0.00765167 -0.0135044 0.0100899)
(-0.0124745 -0.0236803 0.00566919)
(-0.0112783 -0.0236375 0.00521691)
(-0.0111258 -0.0239423 0.00566789)
(-0.0117034 -0.0233458 0.00470545)
(-0.0130881 -0.0235723 0.00572221)
(-0.0115534 -0.0248814 0.0055224)
(-0.0135517 -0.0197744 0.00598301)
(-0.0155184 -0.0221844 0.00739173)
(-0.00995348 -0.0253852 0.0059677)
(-0.0104092 -0.0290838 0.00811669)
(-0.0111989 -0.0265639 0.00738176)
(-0.00839349 -0.0255061 0.00731113)
(-0.00952466 -0.0251298 0.00649417)
(0.00322529 -0.0147283 0.00950498)
(0.00363046 -0.014522 0.00890219)
(0.00338532 -0.0147221 0.00792242)
(0.00298318 -0.0144216 0.009787)
(0.00315324 -0.0141791 0.00795916)
(0.0010679 -0.0143443 0.0109919)
(0.00144839 -0.0139804 0.0116557)
(-0.00119186 -0.0144116 0.013239)
(-0.000772224 -0.0127817 0.0127235)
(0.000945964 -0.0145201 0.012884)
(0.000959839 -0.0139047 0.0119667)
(0.000180021 -0.0130727 0.0120706)
(-0.0127158 -0.0214865 0.00496191)
(-0.0122243 -0.0185491 0.0049737)
(-0.0133854 -0.0189025 0.00565887)
(-0.0119824 -0.0213526 0.00440022)
(-0.0150375 -0.0220759 0.00642938)
(-0.0127448 -0.0155299 0.010036)
(-0.0108043 -0.0142655 0.0104236)
(-0.0119478 -0.0149968 0.0104617)
(-0.0121244 -0.0155718 0.00877595)
(-0.0117029 -0.0154534 0.0100492)
(-0.0130418 -0.0144961 0.0125031)
(-0.0127464 -0.0153839 0.0116349)
(-0.0144511 -0.016347 0.0112065)
(-0.012645 -0.0149136 0.0129763)
(-0.0142655 -0.016503 0.0100275)
(-0.0136473 -0.0162789 0.0104827)
(-0.00352986 -0.00765523 -0.00397809)
(-0.00353397 -0.00789948 -0.00412343)
(-0.00369102 -0.00860183 -0.00479175)
(-0.00340046 -0.00869557 -0.00477215)
(-0.00326135 -0.00865778 -0.00551465)
(-0.00620768 -0.00929135 1.89649e-05)
(-0.00585165 -0.0091475 0.000294133)
(-0.00644542 -0.00975594 0.000239276)
(-0.00632097 -0.010006 0.000937579)
(-0.00655987 -0.0108333 0.00127835)
(-0.00394211 -0.00975448 -0.00427542)
(-0.00343353 -0.00964768 -0.00480271)
(-0.00305708 -0.0102147 -0.00584075)
(-0.00377157 -0.00968436 -0.00464244)
(-0.00262175 -0.0108302 -0.00640881)
(-0.00312713 -0.0107891 -0.00565193)
(-0.00682031 -0.00985235 -0.000723006)
(-0.00650343 -0.00957798 -0.00027346)
(-0.00743473 -0.0105823 0.00059362)
(-0.00669962 -0.00944498 -8.56091e-05)
(-0.0070313 -0.00997042 -0.000764386)
(-0.00692453 -0.0102217 0.000395705)
(-0.00661982 -0.00963002 -0.00019418)
(-0.00609573 -0.00883849 -2.68228e-05)
(-0.00661061 -0.00934956 0.000496128)
(-0.00597841 -0.00908929 -0.000705065)
(-0.00597788 -0.00907316 -0.000470075)
(-0.00666746 -0.00916996 0.00029323)
(-0.00573714 -0.017425 0.00745969)
(-0.0067315 -0.0176285 0.00730177)
(-0.00597432 -0.0181895 0.00728561)
(-0.00572502 -0.01878 0.00692774)
(-0.00641787 -0.0176862 0.00685254)
(-0.00578745 -0.0193326 0.00717767)
(-0.00570717 -0.0213312 0.00904303)
(-0.00627177 -0.0233531 0.00957167)
(-0.00540314 -0.0225375 0.0088045)
(-0.00557185 -0.0212843 0.00986593)
(-0.00636437 -0.0212395 0.0103503)
(-0.00590689 -0.0213864 0.00980523)
(-0.00689166 -0.0257025 0.00686017)
(-0.00618773 -0.023667 0.00716355)
(-0.006095 -0.0262371 0.00831026)
(-0.00670444 -0.0248266 0.00605585)
(-0.00474521 -0.0238543 0.006273)
(-0.00583406 -0.0247483 0.00591077)
(-0.00745251 -0.014212 0.00562884)
(-0.00680254 -0.012455 0.00411307)
(-0.00691856 -0.0135709 0.00448772)
(-0.00737015 -0.0158159 0.00625874)
(-0.00734009 -0.0103632 0.00171661)
(-0.00734947 -0.0103984 0.000883401)
(-0.0075659 -0.010417 0.000900235)
(-0.00701611 -0.0110772 0.00270039)
(-0.00731299 -0.0111609 0.00263215)
(-0.00711624 -0.0108843 0.00190255)
(-0.00703587 -0.00986735 0.000323019)
(-0.00691618 -0.00952851 -0.000249342)
(-0.00751719 -0.0102797 0.00130494)
(-0.00723565 -0.00974993 0.00101323)
(-0.00719635 -0.00979208 0.000311166)
(-0.00740881 -0.0113578 0.00476181)
(-0.00753825 -0.0124958 0.00643044)
(-0.00756612 -0.0130362 0.0059979)
(-0.00369942 -0.00932549 -0.0018916)
(-0.00403936 -0.00922198 -0.00214105)
(-0.00305422 -0.00943985 -0.0024108)
(-0.0040963 -0.00925103 -0.00192861)
(-0.00279048 -0.00954394 -0.00321152)
(-0.00362145 -0.00964751 -0.00287289)
(-0.00479092 -0.00883694 -0.00179541)
(-0.00493843 -0.00909984 -0.00170397)
(-0.00590383 -0.00917635 -0.00093596)
(-0.00555213 -0.00930597 -0.00137389)
(-0.00577189 -0.00899074 -0.00122376)
(-0.00557755 -0.00927338 -0.00182254)
(0.00447266 -0.0163348 0.00251079)
(0.00299073 -0.0168077 0.00365921)
(0.00155882 -0.0177556 0.00369753)
(0.00251088 -0.0190271 0.00281044)
(0.00379907 -0.0180136 0.00194589)
(0.00472313 -0.0180211 0.0017576)
(0.00600515 -0.0163956 -0.00171132)
(0.00708481 -0.0160961 -0.00247793)
(0.00566202 -0.0161053 0.00037808)
(0.00680699 -0.013866 -0.000349804)
(0.00752239 -0.0153907 -0.0017609)
(0.00563566 -0.0166179 -0.000520612)
(0.00462098 -0.0138992 0.00351079)
(0.00337564 -0.0138653 0.00415113)
(0.00438369 -0.0142018 0.00369451)
(0.00317011 -0.0134468 0.00474952)
(0.00281574 -0.013184 0.00484643)
(0.00599002 -0.0138657 0.00170193)
(0.0045956 -0.0136799 0.00242125)
(0.00523166 -0.0133384 0.00201154)
(-0.00970688 -0.0166603 -0.00232672)
(-0.00815896 -0.0157664 0.00158378)
(-0.00973193 -0.0170137 -0.00158607)
(-0.00793108 -0.0143181 0.000716781)
(-0.00920352 -0.0163045 -0.000820284)
(-0.00879321 -0.0159416 -8.86632e-05)
(-0.00693135 -0.0139533 0.0030025)
(-0.00671738 -0.0142491 0.00270386)
(-0.00108188 -0.0122023 -0.00535449)
(-0.00173637 -0.011703 -0.00545387)
(-0.00120223 -0.0119489 -0.00515595)
(-0.00272812 -0.0104689 -0.00421427)
(-0.00251229 -0.0104562 -0.00456251)
(-0.0019561 -0.0106031 -0.00458097)
(0.00336158 -0.0135031 0.00159727)
(0.00475514 -0.0136092 0.0019699)
(0.00386235 -0.0145431 0.0044763)
(0.00409471 -0.0142131 0.00405023)
(0.00443809 -0.0142184 0.00367806)
(0.00347013 -0.0144464 0.00207627)
(0.00428552 -0.0134439 0.00277824)
(0.00450142 -0.0151131 -0.00400874)
(0.0034834 -0.0147661 -0.00455551)
(0.00321687 -0.0143873 -0.00572403)
(0.00387804 -0.0141549 -0.00521868)
(0.00448571 -0.0146116 -0.00431617)
(0.00313007 -0.0141939 -0.00550557)
(0.000860525 -0.013309 -0.00572557)
(0.00184936 -0.0140132 -0.00559121)
(0.00270005 -0.0137101 -0.00457152)
(0.00306089 -0.0135953 -0.00508764)
(0.000293402 -0.0126314 -0.00489188)
(0.00165271 -0.0127589 -0.00459353)
(0.00541421 -0.0144814 -0.00141758)
(0.00436294 -0.0139839 -0.00326)
(0.00479983 -0.0151275 -0.00254404)
(0.0050692 -0.014561 -0.00114329)
(0.00443335 -0.0144443 -0.00169452)
(0.00402141 -0.0146566 -0.00294325)
(0.00156783 -0.0126998 0.00550365)
(0.0024071 -0.013199 0.0051426)
(0.00131611 -0.0127188 0.00562667)
(0.001254 -0.0127646 0.00631788)
(0.00111773 -0.0121707 0.00609473)
(0.00268561 -0.0126294 0.00484826)
(-0.000658337 -0.0126796 -0.00637622)
(-0.00025441 -0.0128169 -0.00681555)
(0.00035554 -0.0128326 -0.00647681)
(0.00244375 -0.0145968 -0.00627621)
(0.00104188 -0.0136508 -0.00626066)
(0.000630008 -0.0136335 -0.00705902)
(0.0058508 -0.0185448 -0.00397416)
(0.00489457 -0.0196806 -0.00190106)
(0.00584403 -0.0177489 -0.00219505)
(0.0057486 -0.0183923 -0.000724825)
(0.00565681 -0.0181072 -0.00101824)
(0.00565726 -0.0196577 -0.00356393)
(0.00315745 -0.0223546 0.000144661)
(0.000170765 -0.0220553 0.00200725)
(0.00135452 -0.0217318 0.00187376)
(0.00226395 -0.0223776 0.000303328)
(0.00306044 -0.0210333 0.00102035)
(0.000229872 -0.0239252 0.00135552)
(0.00037059 -0.0139977 -0.00933716)
(0.00100978 -0.0162668 -0.00922943)
(0.00209405 -0.0165498 -0.00904441)
(0.0011818 -0.0147003 -0.00949576)
(0.000620055 -0.0142088 -0.00937022)
(0.00212156 -0.0159553 -0.00930954)
(0.00348245 -0.0178629 -0.00769482)
(0.00497261 -0.0186171 -0.00581416)
(0.00426788 -0.0172967 -0.00691641)
(0.00400283 -0.0186926 -0.0067042)
(0.00486488 -0.0186105 -0.00611663)
(0.00353038 -0.0171755 -0.0079617)
(0.00399938 -0.0198031 -0.00542526)
(0.00480255 -0.022437 -0.00348806)
(0.00275273 -0.0229852 -0.00344044)
(0.00318837 -0.0216509 -0.00491135)
(0.00437277 -0.0206817 -0.00439239)
(-0.00468744 -0.00906146 -0.00108943)
(-0.0051012 -0.00909085 -0.00127216)
(-0.00417407 -0.00900104 -0.00144039)
(-0.00421943 -0.00914831 -0.00139628)
(-0.0048841 -0.00933282 -0.00131939)
(-0.00506623 -0.0089723 -0.0011093)
(-0.00289388 -0.00778282 9.49723e-05)
(-0.00216697 -0.00865769 -1.78307e-05)
(-0.0029071 -0.00810856 -0.000218689)
(-0.00206373 -0.0086832 -0.000190143)
(-0.00247566 -0.00777718 6.85436e-05)
(-0.00274107 -0.00874716 -0.000129037)
(0.00349851 -0.0142623 0.00586727)
(0.00248147 -0.0137075 0.00444466)
(0.0030812 -0.0145945 0.00504208)
(0.00336789 -0.014721 0.00672019)
(0.00340244 -0.0143885 0.00686064)
(0.00311067 -0.015055 0.00743102)
(0.00343975 -0.0134669 0.00482802)
(0.00170706 -0.0130046 0.00258684)
(0.00188671 -0.0134 0.00310206)
(0.000853144 -0.0131381 0.00172979)
(0.000634944 -0.0116871 0.00123925)
(-0.00353756 -0.00797802 4.04912e-05)
(-0.00239412 -0.00822747 -0.00090447)
(-0.00313983 -0.00892886 -0.000729553)
(-0.00323163 -0.00813123 1.99737e-06)
(-0.00247812 -0.00805029 -0.00039314)
(-0.00328864 -0.00827786 -0.000599537)
(-0.00158418 -0.0103046 -0.000682553)
(-0.00168745 -0.00922408 -0.000890269)
(-0.00175616 -0.00910256 -0.000611072)
(-0.000787773 -0.0105409 -0.000633114)
(-0.000884491 -0.0107593 -0.000597432)
(-0.00151905 -0.00997607 -0.000480649)
(0.00470875 -0.0135178 -0.00109446)
(0.00529163 -0.0141666 0.000998776)
(0.00473198 -0.0142616 0.000377111)
(0.00502991 -0.0144524 -0.000892592)
(0.00536848 -0.0141176 6.84415e-05)
(-0.00488988 -0.00890352 -0.00306531)
(-0.00494466 -0.00844659 -0.00250995)
(-0.00451795 -0.00885293 -0.003713)
(-0.00463161 -0.00849575 -0.00290631)
(-0.00515525 -0.00879504 -0.00266299)
(-0.00456232 -0.00892498 -0.00330395)
(-0.00359977 -0.00599687 -0.00132864)
(-0.00427463 -0.0067931 -0.00181183)
(-0.00446047 -0.00688337 -0.00156558)
(-0.00378391 -0.00634753 -0.00104812)
(-0.00389794 -0.00658724 -0.0015959)
(-0.00430929 -0.00668932 -0.00133666)
(-0.00134156 -0.0132921 0.0142821)
(0.00161229 -0.014749 0.0124446)
(-0.00131269 -0.013945 0.0150715)
(0.000794834 -0.0134749 0.0139286)
(-0.000489981 -0.0146581 0.0142325)
(-0.0094709 -0.0133261 0.0153651)
(-0.0106853 -0.0132916 0.0146317)
(-0.00435841 -0.0130275 0.0144999)
(-0.00574454 -0.0131439 0.0146231)
(-0.00676264 -0.0128578 0.0150902)
(-0.00998944 -0.0137548 0.01291)
(-0.0105409 -0.0140031 0.0142256)
(-0.00848533 -0.0132176 0.0131147)
(-0.00892359 -0.0134057 0.0143444)
(-0.0108826 -0.0141794 0.0126588)
(-0.00796277 -0.0131602 0.0139995)
(0.00146818 -0.0136456 0.00708452)
(-0.000364689 -0.0138669 0.0080279)
(-7.59862e-06 -0.0128459 0.00821308)
(-0.00264285 -0.0119359 0.0080118)
(-0.00212926 -0.0128463 0.0089864)
(-0.000378438 -0.0128792 0.00813139)
(-0.00157681 -0.0132672 0.00869422)
(-0.00227264 -0.0128043 0.00779162)
(-0.00567384 -0.0123146 0.00724148)
(-0.00766145 -0.0135565 0.00569437)
(-0.00698861 -0.0133832 0.00605825)
(-0.0040944 -0.0123909 0.00774218)
(-0.00469342 -0.0123241 0.00793973)
(-0.0059194 -0.0127764 0.00653845)
(-0.00712727 -0.0132206 0.00656681)
(-0.00532058 -0.012882 0.00750382)
(-0.00408307 -0.0118233 0.00883585)
(-0.00369265 -0.0124268 0.00934842)
(-0.00165487 -0.0134816 0.0105744)
(-0.00520904 -0.0130422 0.0108923)
(-0.00621501 -0.0135912 0.0108681)
(-0.0059099 -0.0119834 0.00900326)
(-0.00690019 -0.0129557 0.00932828)
(-0.00377712 -0.0129122 0.0107599)
(-0.00655992 -0.0202022 -0.0048391)
(-0.00639902 -0.0201368 -0.00519383)
(-0.00511772 -0.0212369 -0.00457394)
(-0.00490449 -0.021026 -0.0050607)
(-0.00558932 -0.019545 -0.00478129)
(-0.00580476 -0.0214495 -0.00541303)
(-0.00768335 -0.0199208 -0.00676791)
(-0.00752124 -0.0188666 -0.00676255)
(-0.00565303 -0.019916 -0.00696105)
(-0.00643286 -0.0199738 -0.00764137)
(-0.0052709 -0.0196469 -0.00792143)
(-0.00678587 -0.0200737 -0.00680331)
(-0.0090042 -0.0167807 -0.00202698)
(-0.00968679 -0.0167375 0.000140331)
(-0.0089801 -0.0152391 0.000411907)
(-0.00894708 -0.0165128 -0.00117098)
(-0.00869327 -0.0153288 -0.00116405)
(-0.00163021 -0.0210251 -0.00124553)
(-0.00180607 -0.0211845 0.000563593)
(-0.000999343 -0.0212023 -0.000970672)
(-0.00100764 -0.0211794 -0.00177927)
(-0.00221172 -0.0217972 -0.00015076)
(-0.00131149 -0.0205635 9.26522e-05)
(-0.0039998 -0.0228819 0.00383999)
(-0.00317809 -0.022999 0.00146897)
(-0.00210553 -0.021818 0.000984705)
(-0.00313563 -0.0225723 0.00241938)
(-0.00269395 -0.021647 0.00283975)
(-0.00207398 -0.0219299 0.00183884)
(-0.0107251 -0.0180754 0.00329095)
(-0.0110896 -0.0181159 0.00380656)
(-0.0102766 -0.017916 0.00187489)
(-0.00973474 -0.0184598 0.00139188)
(-0.0110657 -0.0202932 0.00318115)
(-0.0101787 -0.0203188 0.00164387)
(-0.0129883 -0.0196535 0.00568585)
(-0.0117893 -0.0196145 0.00349516)
(-0.012455 -0.0201196 0.004867)
(-0.00953833 -0.0187469 0.00235035)
(-0.0105585 -0.0188015 0.00276944)
(-0.01237 -0.0219415 0.00430084)
(-0.0118261 -0.0217647 0.00413828)
(-0.011342 -0.0224688 0.00392275)
(-0.0083451 -0.0231799 0.00323071)
(-0.0112782 -0.0180579 0.00355514)
(-0.00666975 -0.0214134 0.000599299)
(-0.00567416 -0.0210612 0.000296021)
(-0.00722069 -0.0222255 0.00179347)
(-0.00700173 -0.0230235 0.00243094)
(-0.00762671 -0.0228427 0.00219839)
(-0.0074962 -0.0206335 2.83809e-05)
(-0.00763479 -0.021287 0.000662234)
(-0.00795669 -0.0194016 0.000188673)
(-0.00888575 -0.0181537 0.000479836)
(-0.00865423 -0.0195887 0.000315268)
(-0.00811748 -0.0187256 -0.00599836)
(0.00173942 -0.0131269 0.0085902)
(0.000505241 -0.0129934 0.00921479)
(-0.000205715 -0.0131592 0.0101828)
(-0.00803052 -0.0133808 0.00695308)
(-0.0058541 -0.0120175 0.0082834)
(-0.00770914 -0.0134249 0.00792192)
(-0.00686259 -0.0124042 0.00716422)
(-0.00728525 -0.0126052 0.0061723)
(-0.00391177 -0.0122353 0.00706177)
(0.00091604 -0.0136642 0.00889264)
(0.00178652 -0.0140116 0.00834953)
(-0.00824646 -0.0131371 0.0150522)
(-0.0111975 -0.0137764 0.0138533)
(-0.00672465 -0.0132591 0.0139185)
(-0.00597183 -0.0132006 0.0137567)
(-0.00413781 -0.0137836 0.0138856)
(-0.00349518 -0.0142874 0.0150088)
(-0.00780267 -0.0132212 0.0129367)
(-0.00634579 -0.0130003 0.0132032)
(-0.00390379 -0.00671653 -0.00218487)
(-0.00366511 -0.00625684 -0.00173136)
(-0.00407534 -0.00871303 -0.00381258)
(-0.00398463 -0.00836073 -0.00378849)
(-0.00461052 -0.0072897 -0.000943875)
(-0.00618729 -0.00917778 -0.000948181)
(-0.00535656 -0.00876758 -0.00223633)
(-0.00576601 -0.00873961 -0.00140681)
(-0.00562079 -0.00887381 -0.00182002)
(-0.00594552 -0.00876932 -0.000957881)
(-0.00499765 -0.00769279 -0.000809771)
(-0.00479444 -0.00745341 -0.000440166)
(0.00454038 -0.0149222 0.000848567)
(0.00504795 -0.0140092 0.00194838)
(0.00424015 -0.014599 0.00236601)
(0.00509137 -0.0141305 0.000912881)
(0.00491868 -0.0152259 0.000439217)
(0.00523449 -0.0167822 -0.00646188)
(0.00442466 -0.017071 -0.00742025)
(0.00375056 -0.0159232 -0.00844188)
(0.00292649 -0.0155387 -0.00876134)
(0.00169875 -0.0146443 -0.00877018)
(-0.00812106 -0.0180211 0.00138946)
(-0.00596996 -0.0169053 0.00273525)
(-0.00121308 -0.0203269 0.00327233)
(-0.00197422 -0.018296 0.00356801)
(-0.00343637 -0.0190475 0.00356303)
(-0.00570543 -0.0187339 0.00302027)
(-0.00367876 -0.017696 0.00362549)
(-0.00283304 -0.0166892 0.00382846)
(-0.00343375 -0.0154051 0.00410573)
(-0.00486321 -0.0165059 0.00392651)
(-0.00669526 -0.0151679 0.00653849)
(-0.00670552 -0.014584 0.00695377)
(-0.00707139 -0.014969 0.00757584)
(-0.00637389 -0.0164481 0.00761982)
(-0.00572647 -0.0165006 0.00712955)
(-0.00602602 -0.0159551 0.00716809)
(-0.00706132 -0.0177312 0.00890402)
(-0.00594446 -0.0179239 0.00901359)
(-0.00666851 -0.0179229 0.00852876)
(-0.0061183 -0.020581 0.00957812)
(0.00329418 -0.0137582 0.00606995)
(0.00270383 -0.0135838 0.00406706)
(0.00179604 -0.0137354 0.0032351)
(0.00244274 -0.0133662 0.00276541)
(0.00196279 -0.0131575 0.00171786)
(0.00338202 -0.0145108 0.00351151)
(0.00225121 -0.013574 0.0030489)
(0.0034854 -0.0157123 0.00591565)
(0.0041175 -0.0138733 0.00426886)
(0.00327091 -0.0149321 0.00544139)
(0.00389709 -0.0140263 0.00668819)
(-0.00374387 -0.00826564 -0.000733721)
(-0.00244127 -0.00894016 -0.000414669)
(-0.00256485 -0.00784447 0.000236651)
(-0.00594483 -0.0078345 0.00104796)
(-0.00568552 -0.00841108 0.000189866)
(-0.00577526 -0.00824946 0.000671398)
(-0.00351306 -0.00820767 -0.000678725)
(-0.00530357 -0.00849979 1.41177e-05)
(-0.00412339 -0.00840456 -0.000418477)
(-0.00365096 -0.00875031 -0.00101895)
(-0.00334728 -0.00931058 -0.00188385)
(-0.00339427 -0.00922587 -0.00148372)
(-0.00360234 -0.00878842 -0.00133949)
(-0.0038295 -0.00950819 -0.00177512)
(-0.00442317 -0.00901119 -0.000885014)
(-0.00440498 -0.00899446 -0.000704902)
(-0.00489517 -0.00907596 -0.000721056)
(-0.00517532 -0.00850833 -0.00023395)
(-0.00456871 -0.00839897 -0.000518607)
(-0.00456 -0.00844835 -0.00076546)
(-0.00517108 -0.00886759 -0.000730747)
(-0.00517901 -0.00866026 -0.000635375)
(-0.00570724 -0.00908947 -0.000795356)
(-0.00563273 -0.00898862 -0.000644799)
(-0.00788344 -0.0107987 0.00351896)
(-0.00788416 -0.0126038 0.00552407)
(-0.00744625 -0.0106109 0.00386561)
(-0.00716181 -0.00968508 0.0018931)
(-0.00780163 -0.0108121 0.00311893)
(-0.00731327 -0.00945237 0.00412186)
(-0.00738758 -0.00958201 0.00455851)
(-0.00731764 -0.00931748 0.00312472)
(-0.00733945 -0.00949579 0.00296138)
(-0.00730922 -0.00947926 0.00173057)
(-0.00624871 -0.00909491 0.000149735)
(-0.00729944 -0.0101489 0.00223458)
(-0.00768091 -0.0100922 0.00210433)
(-0.00762872 -0.010168 0.00264322)
(-0.00739789 -0.00979943 0.00250423)
(-0.00634829 -0.00908155 0.000175444)
(-0.00681062 -0.0094643 0.00121363)
(-0.00676827 -0.00931856 0.000868986)
(-0.00777954 -0.0103422 0.00368674)
(-0.00771771 -0.0108273 0.0043222)
(-0.00782042 -0.0102662 0.00353466)
(0.00332191 -0.015957 -0.00886703)
(-0.000764392 -0.0142495 -0.00904305)
(0.00117106 -0.0200261 0.00287473)
(0.00504383 -0.0214339 -0.00477913)
(0.00475925 -0.019885 0.000887736)
(0.00334632 -0.0153529 -0.00837426)
(0.00269474 -0.0143756 -0.00758964)
(-0.00223409 -0.0115661 -0.00602137)
(-0.00127427 -0.0126257 -0.0066961)
(0.000320717 -0.0133302 -0.00768429)
(-0.0008029 -0.0127343 -0.00721897)
(0.00101213 -0.0140263 -0.00839268)
(0.00202491 -0.0146373 -0.00812675)
(0.000610988 -0.013669 -0.00801614)
(0.00141413 -0.0145741 -0.00794514)
(0.00472574 -0.0137122 0.00255617)
(0.00416015 -0.0134712 0.00371997)
(0.00368012 -0.0140781 0.00364298)
(0.00316737 -0.0142981 0.00443024)
(0.00342049 -0.013245 0.00478203)
(0.0034576 -0.0134702 0.00454366)
(0.0029639 -0.012566 0.00525958)
(0.00123605 -0.012794 0.00571334)
(0.000134675 -0.0116481 -0.00214814)
(-0.00129829 -0.0104769 -0.00416537)
(-2.27699e-05 -0.0125409 -0.0042006)
(-0.000774232 -0.011388 -0.00300526)
(-0.000975076 -0.011143 -0.00380692)
(-0.00175984 -0.0105596 -0.00343156)
(-0.00272246 -0.010074 -0.00259697)
(-0.00307486 -0.0100013 -0.00200399)
(-0.00240279 -0.0100931 -0.00219486)
(-0.00158627 -0.0108658 -0.00282866)
(-0.000519378 -0.0116027 -0.00451615)
(0.000256683 -0.0122827 -0.00424117)
(-0.000267864 -0.01195 -0.0050276)
(-0.000113227 -0.0127895 -0.00589235)
(0.00130927 -0.0134657 -0.00448065)
(0.00213071 -0.0135215 -0.00420518)
(0.00398147 -0.0136134 -0.00284337)
(0.00428365 -0.0151166 -0.00175912)
(0.0028898 -0.0142171 -0.00352246)
(0.00324121 -0.0143285 -0.00368926)
(0.000848301 -0.0124864 -0.00284738)
(0.00125979 -0.0125293 -0.00344137)
(0.000954087 -0.0122311 -0.00396133)
(0.000432748 -0.0117729 -0.00336463)
(0.00220769 -0.0127228 -0.00295137)
(0.00351799 -0.0136137 -0.0026903)
(0.00185195 -0.0130183 -0.00269863)
(0.00199337 -0.0138777 -0.00564497)
(0.00210975 -0.0139749 -0.00695798)
(0.0028041 -0.0145037 -0.00639523)
(0.00335304 -0.0146579 -0.00434911)
(0.00638928 -0.0148826 -0.00373469)
(0.00443381 -0.0154873 -0.0054887)
(0.00395349 -0.0150639 -0.00623514)
(0.00546283 -0.0151769 -0.0043619)
(0.00507312 -0.0153652 -0.00448083)
(0.00508695 -0.0145277 0.000841624)
(0.00486553 -0.0137813 0.00168808)
(0.00559237 -0.014458 -0.0023458)
(0.00584336 -0.0152298 -0.00403334)
(0.00544537 -0.01564 -0.00203952)
(0.00513913 -0.0145888 -0.000397177)
(0.00526136 -0.0147981 -0.00309496)
(0.00543903 -0.0143928 -0.000427547)
(0.00579315 -0.014521 -0.00170595)
(0.00613911 -0.0151727 -0.00225709)
(-0.000496065 -0.0119914 -0.00126572)
(-0.000243376 -0.0116929 -0.001479)
(0.0010538 -0.0123876 -0.000667505)
(0.000435968 -0.0115281 -0.000860269)
(-0.000127404 -0.0121379 -0.000597543)
(0.00394024 -0.0137363 -0.00175645)
(0.000981055 -0.011876 -0.00158769)
(0.00191495 -0.0125446 -0.00127335)
(0.00240379 -0.01362 -0.0007724)
(0.000899309 -0.0125231 -0.00158392)
(0.00295263 -0.0136448 -0.00128363)
(0.00416894 -0.0137296 -0.00103427)
(0.00333466 -0.0139236 -0.00165152)
(0.00303201 -0.0128533 -0.00240514)
(0.0025062 -0.0124118 -0.00196113)
(0.00421628 -0.0135239 0.000206963)
(0.00422152 -0.0139281 0.00329251)
(0.00520882 -0.0144324 0.000717332)
(0.00477055 -0.0146089 0.00230656)
(0.00468699 -0.0145799 0.00277091)
(0.0050383 -0.0140258 0.00211281)
(0.00490878 -0.0141 0.00277634)
(0.00477909 -0.0141101 0.00398644)
(0.00346001 -0.013489 -0.000136944)
(0.00477928 -0.0137503 0.00174358)
(0.0043683 -0.0143013 0.000707247)
(0.00397176 -0.0145559 0.00496295)
(0.00345341 -0.0131322 0.00314506)
(0.00221957 -0.0129103 -0.000197746)
(0.00274431 -0.0139855 0.000553178)
(0.00170407 -0.0130587 0.000358973)
(0.00288717 -0.0132324 0.00119609)
(0.00442759 -0.0138472 0.00513905)
(-0.00158123 -0.0116473 -0.00580876)
(-0.00252563 -0.011347 -0.00536765)
(-0.00818913 -0.0167925 0.000970799)
(-0.00848864 -0.018526 0.00100664)
(-0.00712626 -0.0170847 0.00256882)
(-0.00546927 -0.0156822 0.00355669)
(-0.00719429 -0.0156882 0.00206457)
(-0.00639141 -0.0148711 0.00315846)
(0.000649588 -0.0126245 0.00621803)
(0.00415534 -0.0133176 0.00394209)
(0.00412789 -0.0133445 0.00431357)
(0.0047406 -0.0139711 0.00305834)
(0.00483887 -0.0137494 0.00385665)
(0.0047266 -0.0131716 0.00331162)
(0.00572875 -0.0145723 0.000142116)
(0.00626763 -0.013517 0.000401933)
(0.00574714 -0.0137852 0.00214317)
(0.00596199 -0.0141659 0.00133764)
(0.00688993 -0.017237 0.000187989)
(-0.00086976 -0.0164537 0.00424142)
(0.000290663 -0.0158349 0.00454862)
(-0.000356298 -0.0181305 0.00388108)
(0.00507326 -0.0146539 0.00209728)
(0.00506001 -0.0143772 0.00335922)
(0.00312631 -0.0152629 0.00424666)
(0.00210579 -0.0154879 0.00423674)
(-0.00791679 -0.0187706 0.00127637)
(-0.00715679 -0.0190314 0.00212114)
(-0.00232061 -0.0101963 -0.00365138)
(-0.00464502 -0.00918167 -0.00169181)
(-0.00329548 -0.00936613 -0.00327579)
(-0.00453254 -0.00911223 -0.00191949)
(-0.00659911 -0.0232329 0.00281013)
(-0.00801159 -0.019884 -0.000217396)
(-0.00614287 -0.0237629 0.00144298)
(-0.00547768 -0.0212713 0.00160257)
(-0.00568879 -0.0225584 0.0023651)
(-0.0073259 -0.0102479 0.00296404)
(-0.00549266 -0.0244022 0.00354259)
(-0.00436924 -0.0234452 0.00362312)
(-0.00447588 -0.0239074 0.00451463)
(-0.00507245 -0.0230319 0.00303288)
(-0.00468888 -0.0236666 0.0051905)
(-0.00470283 -0.0216203 0.0054763)
(-0.0065806 -0.0158449 0.00687349)
(-0.00620091 -0.0162811 0.00588378)
(0.00416631 -0.0136861 0.00389604)
(-0.00579827 -0.00957417 -0.00117504)
(-0.00651888 -0.00956218 -0.000409595)
(-0.00737113 -0.0099783 0.00110475)
(-0.00781849 -0.0108836 0.00466269)
(-0.00606043 -0.00850825 0.000640112)
(-0.00664649 -0.0086014 0.00223021)
(-0.00745731 -0.00929334 0.00335573)
(-0.00672357 -0.00863863 0.00232982)
(-0.00691754 -0.00874627 0.00189151)
(-0.00669532 -0.00868719 0.00147361)
(-0.00659851 -0.00949251 -0.00109563)
(-0.00692201 -0.00958134 0.000351087)
(-0.00741215 -0.0125051 0.00338603)
(-0.00288343 -0.0112111 -0.00569144)
(-0.0016029 -0.0121472 -0.00700674)
(-0.00267073 -0.0114865 -0.00624968)
(-0.00560348 -0.0090602 -0.00256018)
(-0.00635851 -0.00968434 -0.00171001)
(-0.00602659 -0.00905762 -0.00130536)
(-0.00613989 -0.00938048 -0.0019537)
(-0.00570416 -0.00949301 -0.00174796)
(-0.00493966 -0.00906662 -0.00217214)
(-0.00537724 -0.00894847 -0.00222198)
(-0.00559777 -0.00890366 -0.00224538)
(-0.0050131 -0.00891525 -0.00247511)
(-0.00447167 -0.00932484 -0.00246604)
(-0.00464166 -0.00931295 -0.0024413)
(-0.00376136 -0.00931369 -0.00300224)
(-0.00298319 -0.0102675 -0.00479577)
(-0.00363599 -0.0094231 -0.0035193)
(-0.00308764 -0.00982117 -0.00403777)
(-0.00607957 -0.00906798 -0.0013763)
(-0.0067181 -0.0096268 -0.000756824)
(-0.00693759 -0.00987868 -0.000533363)
(-0.00610758 -0.00945143 -0.00147102)
(-0.00621635 -0.00903083 -0.00116397)
(-0.00668476 -0.00967456 6.53753e-05)
(-0.00624533 -0.00922468 -0.000250837)
(-0.0071079 -0.0120007 0.00288267)
(-0.00630911 -0.0130619 0.00390398)
(-0.00717477 -0.0111342 0.00199612)
(-0.00712966 -0.0104482 0.00151101)
(-0.00492221 -0.00847009 -5.90449e-06)
(-0.00546094 -0.00858001 -0.000774061)
(-0.00609102 -0.00904966 -0.000606306)
(-0.00520759 -0.00905137 0.000608108)
(-0.00393022 -0.00703331 -0.000345983)
(-0.00490649 -0.00894655 0.000356914)
(-0.00397768 -0.00769175 0.000196873)
(-0.00465068 -0.00768394 -0.000205027)
(-0.00390221 -0.00757397 0.000107091)
(-0.00357707 -0.00625589 -0.000688277)
(-0.00363556 -0.00644834 -0.000388811)
(-0.00357346 -0.00676599 -0.000148135)
(-0.00363266 -0.00730847 0.000139462)
(-0.0031752 -0.00747657 0.000376107)
(-0.0036845 -0.00662616 -0.00251881)
(-0.00317476 -0.0100146 -0.00647217)
(-0.00394273 -0.00814682 -0.00380079)
(-0.00368969 -0.00703052 -0.00284092)
(-0.00388629 -0.00737966 -0.0027986)
(-0.00367472 -0.00733923 -0.00340335)
(-0.00378911 -0.00778277 -0.00333701)
(-0.00127658 -0.0125509 -0.00879248)
(-0.00211655 -0.0120885 -0.00820919)
(-0.00262498 -0.0106408 -0.00717181)
(-0.0033754 -0.00938634 -0.00565491)
(-0.00284325 -0.0104925 -0.00691223)
(-0.00393543 -0.0089298 -0.00433138)
(-0.00325156 -0.0099505 -0.00597763)
(-0.00372455 -0.00841378 -0.00420594)
(-0.00355982 -0.00928506 -0.00519385)
(-0.0034704 -0.00988474 -0.0055603)
(-0.00371894 -0.00906288 -0.0043156)
(-0.00356163 -0.00892175 -0.00476603)
(-0.014789 -0.0180774 0.00736207)
(-0.0154955 -0.0177566 0.0090902)
(-0.0153237 -0.0173822 0.00955962)
(-0.0136268 -0.0168954 0.00851908)
(-0.013097 -0.0179212 0.006105)
(-0.0129594 -0.0194176 0.00560696)
(-0.0135951 -0.0171943 0.00771983)
(-0.0133367 -0.0178738 0.00626097)
(-0.0148241 -0.0174961 0.00866359)
(-0.0144937 -0.017186 0.00931846)
(0.00332987 -0.0144057 0.00850259)
(0.00298036 -0.0142386 0.00947568)
(0.00270339 -0.0137849 0.0102185)
(0.00195759 -0.0140129 0.0114422)
(0.00328025 -0.0135183 0.00723887)
(0.00289174 -0.0140943 0.00906768)
(0.00376479 -0.0140042 0.00780204)
(0.00307438 -0.0142043 0.010299)
(0.00189591 -0.0158672 0.0127171)
(-0.0121986 -0.0151662 0.0121356)
(-0.0136364 -0.0163812 0.0096296)
(-0.0116373 -0.0171127 0.00464463)
(-0.0107841 -0.016494 0.00378306)
(-0.0112748 -0.0166147 0.00473574)
(0.00210423 -0.0140615 0.0105861)
(-0.0146674 -0.0160728 0.01038)
(-0.0112295 -0.0158288 0.00554073)
(-0.0117369 -0.0160594 0.00689904)
(-0.010866 -0.014623 0.00764708)
(-0.0107464 -0.0153088 0.008239)
(-0.00848658 -0.0136996 0.0121753)
(-0.00898582 -0.0133367 0.0104902)
(-0.00907273 -0.0133725 0.00920844)
(-0.0104259 -0.014277 0.0117232)
(-0.0101874 -0.0148438 0.0116731)
(-0.0116151 -0.0153615 0.0103722)
(-0.0105744 -0.0144611 0.0100571)
(-0.0159607 -0.0194158 0.00918663)
(-0.0143514 -0.0193004 0.00636627)
(-0.0147397 -0.0184664 0.00794785)
(-0.00947322 -0.0234413 0.00371933)
(-0.0116885 -0.0255531 0.00622014)
(-0.0109751 -0.0221973 0.00413212)
(-0.0104882 -0.0239715 0.00443118)
(-0.0117056 -0.0230445 0.00437078)
(-0.0137997 -0.0225387 0.00592302)
(-0.0075643 -0.00978905 0.00676738)
(-0.00804234 -0.00991291 0.00565399)
(-0.00790593 -0.0102305 0.00565559)
(-0.00624919 -0.0236271 0.0130612)
(-0.00662668 -0.0220587 0.0115305)
(-0.00673794 -0.0233714 0.0132959)
(-0.00733241 -0.0176283 0.0116674)
(-0.00705183 -0.0190487 0.0119241)
(-0.00658042 -0.0203294 0.0124499)
(-0.0066188 -0.0158583 0.010424)
(-0.00617003 -0.0189691 0.0101657)
(-0.00615139 -0.0200132 0.0107518)
(-0.00552688 -0.023175 0.00782786)
(-0.00700386 -0.0262278 0.0122855)
(-0.0052919 -0.0249741 0.0081615)
(-0.00891256 -0.0279114 0.0106355)
(-0.00659238 -0.025627 0.00932349)
(-0.00778596 -0.0269793 0.00873138)
(-0.00669918 -0.0255082 0.0119311)
(-0.00689746 -0.0262289 0.0107488)
(-0.00640667 -0.0266559 0.00994619)
(-0.00729782 -0.0236647 0.0115327)
(-0.00789395 -0.0274755 0.0084856)
(-0.00856215 -0.0264837 0.00891052)
(-0.00966143 -0.0237496 0.00443813)
(-0.0115796 -0.026435 0.00702936)
(-0.00606248 -0.0247756 0.00698334)
(-0.00889137 -0.0264621 0.00784936)
(-0.00897647 -0.0281171 0.00739905)
(-0.00765799 -0.0229031 0.0034894)
(-0.00866553 -0.0234012 0.0038296)
(-0.00612153 -0.025604 0.00651208)
(-0.00751902 -0.0136486 0.00900765)
(-0.0077429 -0.0149906 0.0101015)
(-0.00807443 -0.0155522 0.0111918)
(-0.00335475 -0.0129275 0.00588745)
(-0.00447561 -0.0135884 0.00514134)
(-0.00692265 -0.0130293 0.00402862)
(-0.00471026 -0.0117431 0.005538)
(-0.00631558 -0.013086 0.00505522)
(-0.0062354 -0.0125478 0.00551719)
(-0.00571628 -0.0126706 0.00617629)
(-0.00519052 -0.0127523 0.00681984)
(9.59032e-05 -0.0123655 0.00638222)
(-0.00144221 -0.0121907 0.00600151)
(-0.00385829 -0.0121019 0.00652239)
(-0.00172376 -0.012103 0.00730853)
(-0.00246281 -0.0120333 0.00616553)
(0.00140837 -0.0133951 0.00572969)
(0.00272662 -0.0137229 0.00614675)
(0.00179083 -0.0135895 0.00643519)
(0.00142627 -0.0129944 0.00613085)
(-0.00124406 -0.0124943 0.00710663)
(-0.000284691 -0.0128779 0.00697765)
(0.000268938 -0.0131062 0.00677478)
(0.000620004 -0.0130809 0.00664476)
(0.00147348 -0.0132765 0.0068047)
(0.00209564 -0.0138873 0.00700484)
(-0.00105862 -0.0127026 0.0072986)
(-7.43875e-05 -0.0126631 0.00686649)
(-0.00783359 -0.0127744 0.00769236)
(-0.00843437 -0.0131699 0.00605124)
(-0.0101214 -0.0171239 0.00199059)
(-0.00753811 -0.0128376 0.00893529)
(-0.00963513 -0.0145997 0.00879885)
(-0.00912354 -0.0146562 0.0098692)
(-0.00845909 -0.013784 0.00538173)
(-0.00863079 -0.0135892 0.00500669)
(-0.00901594 -0.0141325 0.00399527)
(0.0042663 -0.0139824 0.00568804)
(0.00314134 -0.0138211 0.00798192)
(0.00418968 -0.0139691 0.00675109)
(0.00118571 -0.0140176 0.00976968)
(0.00151525 -0.0135632 0.0101099)
(0.00120011 -0.0134907 0.0103112)
(0.000353096 -0.0139838 0.0109397)
(-0.00616602 -0.0139085 0.00382046)
(-0.00662784 -0.0134002 0.00330155)
(-0.00793499 -0.0147801 0.00244399)
(-0.00959476 -0.0170502 -0.00155279)
(-0.00903959 -0.0166464 -0.00202328)
(-0.0096292 -0.0173126 -0.00441301)
(-0.00987062 -0.0171404 -0.00377998)
(-0.00804744 -0.016631 -0.00506865)
(-0.00877873 -0.0164623 -0.00353517)
(-0.00948689 -0.0167451 -0.00278103)
(-0.00445918 -0.0209461 -0.00923355)
(-0.00363815 -0.0207227 -0.00845869)
(-0.00938419 -0.0185515 -0.00517614)
(-0.0056806 -0.0214472 -0.00887137)
(-0.0053187 -0.0203811 -0.00931813)
(-0.00857345 -0.017626 -0.00640373)
(-0.0081323 -0.0189164 -0.00758995)
(-0.00772724 -0.020705 -0.00807969)
(-0.00642873 -0.0202762 -0.00859875)
(-0.00762032 -0.0179291 -0.00680234)
(-0.00654685 -0.0205904 -0.00949477)
(-0.00767855 -0.0198326 -0.0082254)
(-0.00675695 -0.0215053 -0.0100064)
(-0.00653237 -0.0200021 -0.00963232)
(-0.00399003 -0.0202624 -0.00982526)
(-0.00519868 -0.0206241 -0.0102547)
(-0.00534393 -0.02049 -0.0100085)
(-0.00442095 -0.0214152 -0.00967171)
(-0.0054946 -0.0207885 -0.00612685)
(-0.00194863 -0.0209185 -0.00693812)
(-0.00448296 -0.0206596 -0.00803996)
(-0.00431893 -0.0201289 -0.00832384)
(-0.00237312 -0.0203857 -0.00758219)
(-0.00364237 -0.021274 -0.0081501)
(-0.00857437 -0.0144294 -0.000185208)
(-0.00914622 -0.0159693 0.000344047)
(-0.00899139 -0.0154507 -0.00204435)
(-0.00870059 -0.0149258 -0.00134373)
(-0.00950688 -0.0192563 -0.0070031)
(-0.0097967 -0.0193637 -0.00625363)
(-0.00846767 -0.0199604 -0.00859491)
(-0.00969184 -0.0198175 -0.00627697)
(-0.0101323 -0.0194747 -0.00643619)
(-0.0100898 -0.0201399 -0.00638873)
(-0.00753019 -0.0202326 -0.00949208)
(-0.00894599 -0.0189542 -0.00796747)
(-0.00740198 -0.0198372 -0.00917865)
(-0.0090642 -0.0216497 -0.0084727)
(-0.0092566 -0.0197038 -0.00725728)
(-0.00855983 -0.0195278 -0.00825361)
(-0.00971719 -0.0157293 0.00224037)
(-0.00998379 -0.0172516 0.00168268)
(-0.00933032 -0.0149128 0.00308443)
(-0.00758969 -0.0182907 -0.00235333)
(-0.0085363 -0.0191656 -0.00206421)
(-0.00870418 -0.0181899 -0.00212743)
(-0.00840599 -0.0189453 -0.00243631)
(-0.00964426 -0.0163929 0.00101521)
(-0.00932894 -0.017867 -0.00130664)
(-0.00712479 -0.0198547 -0.00259528)
(-0.00610387 -0.0192866 -0.00269231)
(-0.00396437 -0.0207848 -0.0047921)
(-0.00672391 -0.0198205 -0.00314499)
(-0.00746844 -0.0196502 -0.00295507)
(-0.00705113 -0.0193659 -0.00381618)
(-0.00600082 -0.0196896 -0.00409748)
(-0.00693819 -0.0203891 -0.000315616)
(-0.00791409 -0.0212763 -0.000251376)
(-0.00678127 -0.0217949 0.000559645)
(-0.00722438 -0.0192685 -0.00145381)
(-0.00434347 -0.0211023 -0.00613166)
(-0.00391928 -0.0205769 -0.00699413)
(-0.00286118 -0.0207275 -0.0067731)
(-0.00382701 -0.0220935 -0.00552261)
(-0.0041114 -0.0226969 -0.00504692)
(-0.00391181 -0.0224826 -0.00368572)
(-0.00280968 -0.0222423 -0.00474327)
(-0.00729084 -0.0130103 0.00339993)
(-0.00763225 -0.0140656 0.00280948)
(-0.00832835 -0.0146872 0.0016625)
(-0.00869222 -0.0149601 0.000976783)
(-0.00896628 -0.0153855 -0.000253804)
(-0.00766699 -0.0131466 0.0019404)
(-0.0081888 -0.0139093 0.00287661)
(-0.0077839 -0.0137687 0.00377112)
(-0.00896696 -0.0147932 0.00106417)
(-0.00845036 -0.0139986 0.0016614)
(-0.00852676 -0.0145236 0.000380417)
(-0.00924446 -0.0163548 -0.00066053)
(-0.00404614 -0.00914472 0.00084448)
(-0.00376613 -0.00806299 0.000521997)
(-0.00412515 -0.00999372 0.0013472)
(-0.00354872 -0.0117423 0.00189975)
(-0.00204335 -0.0113282 0.00125575)
(-0.00275471 -0.0134975 0.00191538)
(-0.0037573 -0.010757 0.00152282)
(-0.0067984 -0.0125506 0.00287571)
(-0.006444 -0.0107552 0.00137037)
(-0.0066149 -0.0112859 0.00217412)
(-0.00540932 -0.00961101 0.000739476)
(-0.00464685 -0.0104884 0.00161096)
(-0.00534563 -0.0103568 0.00140574)
(-0.00435075 -0.0131525 0.00257069)
(-0.00451157 -0.0112433 0.00203706)
(-0.00649723 -0.0137652 0.00385969)
(-0.00378358 -0.0162947 0.00358054)
(-0.00314796 -0.014284 0.00302191)
(-0.00336307 -0.0133778 0.00299818)
(-0.00528802 -0.0203015 0.00685721)
(-0.00336762 -0.0189038 0.00386127)
(-0.00302337 -0.0170483 0.00389056)
(-0.00644591 -0.0147556 0.00473893)
(-0.00611581 -0.0142109 0.00410958)
(-0.00650933 -0.0139974 0.00467174)
(-0.00380702 -0.0176099 0.00447919)
(-0.00548427 -0.0156481 0.00447692)
(-0.00501202 -0.0144315 0.00377858)
(-0.00387386 -0.0160865 0.00406183)
(-0.00162582 -0.00945551 0.000799375)
(-0.00125147 -0.0122386 0.00114425)
(-0.000991154 -0.0128092 0.000749364)
(-0.00133409 -0.0106626 0.000703239)
(-0.000869826 -0.011962 0.000519807)
(-0.0011274 -0.012596 0.000100122)
(-0.000934282 -0.0134723 0.000543531)
(-0.000382389 -0.0146817 -0.000946707)
(-0.000475295 -0.0131567 -0.000484161)
(-0.000487878 -0.0155212 -0.000620655)
(-0.000657968 -0.0140487 -4.96713e-05)
(-0.00179894 -0.0206897 -0.00737033)
(-0.00284998 -0.0214552 -0.00809257)
(-0.00182892 -0.0205851 -0.00925936)
(-0.00109339 -0.0204835 -0.00673131)
(-0.000487932 -0.019679 -0.00592852)
(-0.000347431 -0.0189121 -0.00397508)
(-2.48994e-05 -0.0153126 -0.00167777)
(0.0002451 -0.0176694 -0.00340959)
(3.21189e-07 -0.0166203 -0.00233718)
(0.000369267 -0.0168799 -0.00369805)
(-0.000264436 -0.0164753 -0.00112456)
(-3.5765e-05 -0.0178097 -0.00197276)
(-0.000389542 -0.0176683 -0.000726605)
(-0.00148501 -0.0208338 -0.00617527)
(-0.000685748 -0.0202099 -0.00557535)
(-0.000325444 -0.0191819 -0.00345672)
(0.00012839 -0.0183936 -0.00266635)
(-0.000786828 -0.0192854 -0.00438918)
(-0.000637465 -0.0197196 -0.000708072)
(-0.000578798 -0.0187722 -0.0012478)
(-0.000326757 -0.018971 -0.00217814)
(-0.00174032 -0.0209335 -0.00536985)
(-0.0030618 -0.0221022 -0.00523042)
(-0.002498 -0.0208728 -0.00584007)
(-0.00140238 -0.0206757 -0.00357458)
(-0.00277679 -0.0224955 -0.00393335)
(-0.0024529 -0.0215611 -0.00462751)
(-0.000760778 -0.0198082 -0.00289212)
(-0.00162907 -0.0218601 -0.0041685)
(-0.000655006 -0.0208118 -0.00420191)
(-0.00146989 -0.0214885 -0.00467995)
(-0.00121065 -0.021202 -0.00298654)
(-0.00109021 -0.0210087 -0.0022865)
(-0.00102121 -0.0202237 -0.00140253)
(-0.00178033 -0.0219085 -0.0023656)
(-0.00277945 -0.0216968 -0.00395585)
(-0.00379286 -0.0210057 -0.00236085)
(-0.00495219 -0.0225731 0.000266101)
(-0.00311473 -0.0230778 0.000635919)
(-0.00287317 -0.0222785 -0.00191502)
(-0.00230457 -0.0232565 -5.15729e-05)
(-0.00408866 -0.0223159 0.005991)
(-0.0041718 -0.022557 0.00445975)
(-0.00384439 -0.023644 0.00381386)
(-0.00381948 -0.0213809 0.00487852)
(-0.00404509 -0.023988 0.00295556)
(-0.0032498 -0.0225709 0.00448195)
(-0.00399019 -0.0228568 0.00362682)
(-0.00435261 -0.0237403 0.00479382)
(-0.00541589 -0.0184347 0.00635125)
(-0.00548591 -0.0172243 0.00572994)
(-0.00473521 -0.01653 0.00513783)
(-0.00442932 -0.0175319 0.00498435)
(-0.00773848 -0.025119 0.00492982)
(-0.00731609 -0.0248199 0.00391395)
(-0.00556229 -0.0241514 0.00479861)
(-0.00675826 -0.0237915 0.0035942)
(-0.00663104 -0.0248957 0.00442922)
(-0.00866319 -0.0144115 0.00497951)
(-0.00890832 -0.0142536 0.00426278)
(-0.00997722 -0.015861 0.00366547)
(-0.00962162 -0.0153045 0.00204342)
(-0.00941954 -0.0182889 -0.000564365)
(-0.00894928 -0.0202587 -5.24687e-05)
(-0.00826141 -0.0183686 -0.00140611)
(-0.00839413 -0.0199784 -0.00140482)
(-0.00109508 -0.0129364 0.0111688)
(-0.000671045 -0.013436 0.0105357)
(-0.00130831 -0.0141273 0.0125358)
(-0.00070459 -0.0142199 0.0119829)
(-0.00283708 -0.0134899 0.0123126)
(-0.00501394 -0.0132302 0.0126506)
(-0.00354342 -0.0132134 0.0118009)
(-0.00195776 -0.0128595 0.013555)
(-0.00396736 -0.013097 0.0129865)
(-0.00863776 -0.0142705 0.0121865)
(-0.00843613 -0.0133301 0.0106504)
(-0.00599748 -0.013138 0.0127621)
(-0.00723405 -0.0129771 0.0107459)
(-0.00712105 -0.0131326 0.0105899)
(-0.0042238 -0.0128829 0.0122068)
(-0.00646847 -0.0133888 0.0120149)
(0.00290012 -0.0142041 0.00829548)
(0.00385302 -0.0150288 0.00750529)
(0.0040184 -0.0141648 0.00679484)
(0.00209385 -0.0144743 0.00878473)
(0.0033848 -0.0145009 0.008007)
(0.00387687 -0.0149937 0.00667718)
(-0.0092578 -0.0141384 0.00676274)
(-0.00941705 -0.0140485 0.00566105)
(-0.00985112 -0.015655 0.00247207)
(-0.00955374 -0.0151106 0.00297689)
(-0.00941942 -0.0141695 0.00476817)
(-0.00924197 -0.0142996 0.00401865)
(-0.0106079 -0.0162136 0.00397168)
(-0.0101394 -0.0151319 0.00447584)
(-0.0100437 -0.0154478 0.00348434)
(-0.0102265 -0.0160806 0.0030281)
(-0.0108553 -0.0152943 0.0061173)
(-0.0105852 -0.0153834 0.00484292)
(-0.0107871 -0.0151765 0.00715305)
(-0.00962762 -0.0141873 0.00764369)
(-0.00959518 -0.0140549 0.00637468)
(-0.0103175 -0.015215 0.00536572)
(0.00480353 -0.0141173 0.00269105)
(0.00378288 -0.0140147 0.00441641)
(0.00294952 -0.0135952 0.00530834)
(0.00272769 -0.0133872 0.00548418)
(0.00302787 -0.0145991 0.00676841)
(0.00347474 -0.0148338 0.00633673)
(0.0041339 -0.0136885 0.00485501)
(0.00446895 -0.0141241 0.00471524)
(-0.00748056 -0.0116783 0.00593387)
(-0.00687246 -0.0162374 0.00882893)
(-0.0065459 -0.016225 0.00888613)
(-0.00693291 -0.017124 0.010056)
(-0.00686331 -0.0139141 0.00814481)
(-0.00674947 -0.00807405 0.0025999)
(-0.00733607 -0.00872272 0.00453854)
(-0.00773961 -0.00928017 0.00369916)
(-0.00684385 -0.022792 0.00985677)
(-0.0052653 -0.0226828 0.00906998)
(-0.00571496 -0.0203449 0.00978747)
(-0.012724 -0.0170982 0.0079395)
(-0.0132738 -0.0181869 0.00657829)
(-0.0126393 -0.0180135 0.00567463)
(-0.0123583 -0.0175869 0.00587641)
(-0.0127686 -0.0172185 0.00697975)
(-0.0127209 -0.0167773 0.00681789)
(0.000692231 -0.0139479 -0.00895066)
(-0.00290853 -0.0102648 -0.00635784)
(-0.00149752 -0.0119292 -0.00818892)
(-0.000831692 -0.0129499 -0.00851957)
(-0.00268057 -0.0111587 -0.0069592)
(-0.00233909 -0.0112477 -0.0073986)
(-0.00117374 -0.0124225 -0.00750751)
(-0.00020621 -0.0134459 -0.00811095)
(-0.00187611 -0.0117313 -0.0073062)
(0.000146121 -0.013198 -0.00822265)
(-0.00533713 -0.00925464 -0.00277526)
(-0.00483856 -0.00918834 -0.00287376)
(-0.00549368 -0.00936695 -0.00249112)
(-0.00394884 -0.00922857 -0.00322891)
(-0.00420292 -0.00877712 -0.00264281)
(-0.00476378 -0.00888695 -0.00273767)
(-0.00477279 -0.00908918 -0.00254318)
(-0.00361021 -0.00993706 -0.00418841)
(-0.00379746 -0.00895134 -0.00342471)
(-0.00454222 -0.00933922 -0.00315072)
(-0.00357213 -0.0103047 -0.00488576)
(-0.00462454 -0.00951419 -0.00338928)
(-0.00397905 -0.00882255 -0.00390905)
(-0.00391909 -0.00903844 -0.00369338)
(-0.00367307 -0.0097522 -0.00436308)
(-0.00660459 -0.00923881 0.00101117)
(-0.00660482 -0.00873025 0.00102945)
(-0.00654129 -0.00876005 0.00148609)
(-0.00568166 -0.00859946 0.000370934)
(-0.00560863 -0.00852097 -2.59883e-06)
(-0.00598428 -0.00843635 0.000737885)
(-0.00441694 -0.0212755 0.00731083)
(-0.00525187 -0.0222 0.00691326)
(-0.00502997 -0.0216148 0.00669009)
(-0.00570879 -0.0226069 0.00787745)
(-0.00562485 -0.0221307 0.00848334)
(-0.00480879 -0.0216271 0.00737862)
(-0.00594206 -0.0183346 0.00760932)
(-0.00616508 -0.0196673 0.00857873)
(-0.00488479 -0.0186177 0.00734943)
(-0.00511463 -0.0202291 0.00753173)
(-0.00506177 -0.0204817 0.00835232)
(-0.00572063 -0.0197307 0.00864155)
(-0.00532621 -0.0221089 0.00825556)
(-0.007589 -0.0121413 0.00354248)
(-0.00685032 -0.0134824 0.00570111)
(-0.00675448 -0.0138749 0.00604984)
(-0.00736863 -0.0118554 0.00472236)
(-0.00728566 -0.0126728 0.00522692)
(-0.00734808 -0.0109967 0.00254943)
(-0.00766309 -0.0115075 0.00341028)
(-0.00722172 -0.0125189 0.00500993)
(-0.00765489 -0.0139341 0.00565134)
(-0.00147528 -0.0224366 0.00265376)
(-0.00285275 -0.0210037 0.0030077)
(-0.00423085 -0.0209096 0.00284659)
(-0.00456141 -0.019437 0.00302687)
(-0.00643763 -0.0201788 0.002446)
(0.0059021 -0.0183491 -0.00536983)
(0.00557032 -0.0175294 -0.00557098)
(0.00398251 -0.0159117 -0.00764721)
(0.00514612 -0.0161946 -0.00665055)
(0.00585578 -0.0157833 -0.00569905)
(0.00444409 -0.0145498 -0.00628634)
(0.00542646 -0.014831 -0.00570969)
(0.00335351 -0.0145261 -0.00718502)
(0.00608057 -0.0158941 -0.00469415)
(0.00625593 -0.0172952 -0.00443519)
(0.00646323 -0.0159434 -0.00344318)
(0.00572329 -0.017143 -0.00264945)
(0.0054047 -0.0139902 0.000391664)
(0.00430549 -0.0134386 0.00276334)
(0.00550997 -0.0144692 0.000814834)
(0.00462482 -0.014148 0.00204125)
(0.00433859 -0.0129641 0.00284783)
(-0.00198646 -0.0125335 0.00610719)
(-0.000979001 -0.0127163 0.00621962)
(0.00323096 -0.0135238 0.00520139)
(0.00149689 -0.0122183 0.00567447)
(0.00213008 -0.0131151 0.00547643)
(0.00326691 -0.0139641 0.00486553)
(0.00212175 -0.0140965 0.00475542)
(0.00228923 -0.0131871 0.00518346)
(-0.000750201 -0.0146387 0.00470991)
(-0.00232157 -0.0151856 0.0046001)
(0.00053487 -0.0145175 0.00502593)
(-0.00428507 -0.0150253 0.00437163)
(-0.00289714 -0.0144889 0.00467061)
(-0.00543626 -0.0145425 0.00398273)
(-0.00965427 -0.0173865 -0.00373631)
(-0.00940451 -0.0174263 -0.00468664)
(-0.0107466 -0.0204135 -0.00431938)
(-0.0102328 -0.0187055 -0.00437964)
(-0.0102056 -0.0193295 -0.00490198)
(-0.0104935 -0.0201375 -0.00213627)
(-0.00954778 -0.0189051 -0.00108315)
(-0.00905035 -0.0190978 0.000390834)
(-0.0105817 -0.0197465 -0.00285262)
(-0.00987208 -0.0171696 -0.00239745)
(-0.00898142 -0.0169776 0.000423762)
(-0.00884449 -0.0175353 -0.000188989)
(-0.00866274 -0.0167116 6.71988e-05)
(-0.0094253 -0.0167442 -0.00165395)
(-0.010073 -0.0190905 -0.00205797)
(-0.0094827 -0.0170394 -0.00265712)
(-0.00954779 -0.0173975 -0.000414235)
(0.00208501 -0.0233993 -0.000909883)
(0.00368831 -0.0211267 -0.0014887)
(0.00391011 -0.0218687 -0.00183743)
(0.0026085 -0.0182994 -0.00849851)
(0.003574 -0.0197626 -0.00636135)
(0.00105901 -0.0165645 -0.00863485)
(-0.00467553 -0.00817474 -0.000161632)
(-0.00423498 -0.00833814 -0.000328884)
(-0.00502691 -0.0079182 0.000343864)
(-0.00501632 -0.00791394 0.000247574)
(-0.00475045 -0.00824888 -7.36303e-05)
(-0.00472662 -0.00791886 0.000259573)
(-0.00296994 -0.00720711 7.08373e-05)
(-0.00334029 -0.00830289 -3.64556e-05)
(-0.00395256 -0.00816735 -0.000162754)
(-0.00288596 -0.00920819 -0.00162741)
(-0.00257901 -0.0100616 -0.0018738)
(-0.00374589 -0.00860646 -0.00043944)
(-0.00323753 -0.00867411 -0.00049901)
(-0.00294937 -0.00903483 -0.00119447)
(-0.00347472 -0.00893187 -0.00105909)
(-0.00261653 -0.00926417 -0.000939141)
(-0.00241014 -0.00913881 -0.00121994)
(-0.00108886 -0.0109336 -0.00137326)
(-0.00256608 -0.00952744 -0.000785668)
(-0.00168678 -0.0102897 -0.0013567)
(-0.00236351 -0.00985253 -0.00108542)
(-0.00187946 -0.0100759 -0.00165771)
(-0.000863179 -0.0111309 -0.00177686)
(-0.00132388 -0.0104016 -0.00178143)
(-0.000433939 -0.0113289 -0.00244808)
(-0.00130923 -0.0112136 -0.00240045)
(-0.00177262 -0.0100076 -0.00209383)
(-0.00167822 -0.00988867 -0.000268492)
(-0.00228512 -0.00858813 0.000354962)
(-0.00134684 -0.00868608 -0.000153921)
(-0.000388673 -0.0112466 0.000611125)
(0.000828392 -0.0124606 0.00141539)
(0.00172383 -0.0129952 0.00169213)
(0.00165256 -0.0124126 0.00108311)
(0.00103763 -0.0120115 0.000124181)
(-0.000432836 -0.0117107 -0.000356905)
(0.000344782 -0.012212 -0.000387053)
(0.000937972 -0.0125112 0.000539187)
(-0.00558636 -0.00864203 -0.00196487)
(-0.00578434 -0.00872556 -0.00155178)
(-0.00465222 -0.00730097 -0.000965356)
(-0.00541727 -0.00815158 -0.00169036)
(-0.00504105 -0.00772604 -0.00130904)
(-0.0052185 -0.0085114 -0.00224941)
(-0.00469008 -0.00746544 -0.00146641)
(-0.00400349 -0.00779137 -0.00317486)
(-0.00446351 -0.00818908 -0.00272988)
(-0.00419501 -0.00819334 -0.00325497)
(-0.00419538 -0.00689861 -0.0020042)
(-0.00418853 -0.00713695 -0.00237954)
(-0.00396295 -0.00728248 -0.0025536)
(-0.00405594 -0.00746177 -0.00278618)
(-0.00291175 -0.0131513 0.00794215)
(-0.00135661 -0.0124362 0.00770996)
(-0.00609162 -0.0130377 0.00829145)
(-0.00676056 -0.0130413 0.00755614)
(-0.00441917 -0.0123025 0.00890941)
(-0.00413586 -0.0128482 0.00905635)
(-0.000927109 -0.0124996 0.00942588)
(-0.0025466 -0.0125706 0.00914634)
(-0.000687237 -0.0134708 0.00906796)
(-0.00311404 -0.0127522 0.00916333)
(-0.00900951 -0.0178665 -0.00340681)
(-0.00899193 -0.0179131 -0.00301417)
(-0.00763125 -0.0174621 -0.00474961)
(-0.00775021 -0.0191771 -0.00497399)
(-0.00702178 -0.0198655 -0.00533085)
(-0.00829927 -0.0180859 -0.00314036)
(-0.00867917 -0.0177304 -0.00264032)
(-0.00750363 -0.0187631 -0.00375212)
(-0.00707314 -0.0186727 -0.00445296)
(-0.00844616 -0.0174152 -0.00316864)
(-0.00795965 -0.0190092 -0.00412157)
(-0.00084286 -0.0166721 8.3669e-05)
(-0.000930145 -0.0153935 0.000243982)
(-0.00150636 -0.0145841 0.00089699)
(-0.00129137 -0.0201732 0.000800865)
(-0.00109173 -0.0178788 0.000648761)
(-0.00322247 -0.018303 0.00351459)
(-0.0025251 -0.0188231 0.00382388)
(-0.00224254 -0.0200626 0.00324871)
(-0.00218504 -0.0182388 0.00272902)
(-0.00268907 -0.0200564 0.00256251)
(-0.00181504 -0.020636 0.00145319)
(-0.00302935 -0.0154518 0.00309144)
(-0.00242468 -0.0158558 0.0023845)
(-0.00196903 -0.0175034 0.00207205)
(-0.00176883 -0.019487 0.00167106)
(-0.0014951 -0.0151763 0.00152137)
(-0.00255486 -0.0147805 0.00215419)
(-0.00801588 -0.0214737 0.00188634)
(-0.00876938 -0.0214883 0.00179032)
(-0.00970945 -0.0213469 0.00202317)
(-0.00925984 -0.0196808 0.00133519)
(-0.00998663 -0.0220302 0.00215566)
(-0.00870541 -0.02194 0.00272483)
(-0.00867124 -0.02211 0.00208668)
(-0.010481 -0.020589 0.00313214)
(-0.0105628 -0.0219489 0.00346061)
(-0.00963578 -0.02273 0.00330728)
)
;
    }
    INLET
    {
        type            calculated;
        value           nonuniform 0();
    }
    OUTLET
    {
        type            calculated;
        value           nonuniform 0();
    }
    procBoundary7to3
    {
        type            processor;
        value           uniform (0 0 0);
    }
    procBoundary7to8
    {
        type            processor;
        value           uniform (0 0 0);
    }
}


// ************************************************************************* //
