/*--------------------------------*- C++ -*----------------------------------*\
| =========                 |                                                 |
| \\      /  F ield         | OpenFOAM: The Open Source CFD Toolbox           |
|  \\    /   O peration     | Version:  v1612+                                |
|   \\  /    A nd           | Web:      www.OpenFOAM.com                      |
|    \\/     M anipulation  |                                                 |
\*---------------------------------------------------------------------------*/
FoamFile
{
    version     2.0;
    format      ascii;
    class       labelList;
    location    "constant/polyMesh";
    object      pointProcAddressing;
}
// * * * * * * * * * * * * * * * * * * * * * * * * * * * * * * * * * * * * * //


7371
(
195
196
246
248
249
250
251
556
557
558
559
560
561
562
563
564
565
569
570
571
572
573
574
575
576
577
2458
2459
2460
2461
2462
2463
2464
2465
2466
2467
2468
2469
2470
2471
2472
2473
2474
2475
2476
2477
2478
2479
2480
2481
2482
2483
2484
2485
2486
2487
2488
2655
2656
2657
2658
2659
2660
2661
2662
2663
2687
2688
2689
2690
2969
2970
2971
2972
2973
2974
2975
2976
2977
2978
2979
2980
2981
2982
2983
2984
2985
2986
2987
2988
2989
2990
2991
2992
2993
2994
2995
3010
3011
3012
3013
3014
3019
3021
3148
3149
3150
3153
3154
3155
3228
3229
3230
3614
3615
3616
3617
3618
3619
3620
3621
4913
4914
4915
4916
4917
4918
4919
4920
4921
4922
4923
4924
4925
4926
4927
4928
4929
4930
4931
4932
4933
4934
4935
4936
4937
4938
4939
4940
4941
4942
4943
4944
4945
4946
4947
4948
4949
4950
4951
4952
4953
4954
4955
4956
4957
4958
4959
4960
4961
4962
4963
4964
4965
4966
4967
4968
4969
5508
5509
5510
5511
5512
5513
5514
5515
5516
5517
5518
5519
5523
5531
5532
5533
5534
5535
5536
5537
5538
5539
5540
5541
5542
5543
5544
5545
5546
5547
5548
5550
5551
5552
5553
5554
5555
5556
5557
5558
5559
5560
5561
5562
5563
5564
5565
5566
5567
5568
5569
5570
5571
5587
5589
5591
5593
5594
5595
5596
5597
5598
5599
5600
5601
5602
5603
5605
6416
6417
6418
6419
6420
6421
6422
6423
6444
6445
6446
6447
6449
6450
6462
6470
6472
6473
6474
6478
6481
6571
6572
6573
6574
6575
6576
6577
6578
6579
6580
6581
6582
6583
6584
6585
6586
6587
6588
6589
6590
6591
6592
6593
6594
6595
6596
6597
6598
6599
6600
6601
6602
6603
6604
6605
6606
6607
6608
6609
6610
6611
6612
6613
6614
6615
6616
6617
6618
6619
6620
6621
6622
6623
6624
6625
6626
6627
6628
6629
6630
6631
6632
6633
6634
6635
6636
6637
6638
6639
6640
6641
6642
6643
6644
6645
6646
6647
6648
6649
6650
6651
6652
6653
6654
6655
6656
6657
6658
6659
6660
6661
6662
6663
6664
6665
6666
6667
6668
6669
6670
6671
6672
6673
6674
6675
6676
6677
6678
6679
6680
6681
6682
6683
6684
6685
6686
6687
6688
6689
6690
6691
6692
6693
6720
6723
6724
6725
6726
6727
6728
6729
6730
6731
6732
6733
6734
6735
6736
6737
6738
6739
6740
6741
6742
6743
6744
6745
6746
6748
6749
6750
6751
6752
6753
6754
6755
6756
6757
6758
6759
6760
6761
6762
6763
6764
6765
6766
6767
6768
6769
6770
6771
6772
6773
6774
6775
6776
6777
6778
6779
6780
6781
6782
6783
6784
6785
6786
6787
6788
6789
6790
6791
6792
6793
6794
6795
6796
6797
6798
6799
8940
8941
8942
8945
8946
8947
8948
8990
8991
8992
8993
8994
8995
8996
8997
8998
8999
9000
9001
9002
9003
9004
9005
9006
9007
9008
9027
9028
9029
9030
9050
9053
9062
9063
9064
9065
9066
9067
9068
9069
9070
9071
9072
9073
9074
9075
9076
9077
9078
9079
9080
9081
9082
9083
9084
9085
9086
9087
9088
9089
10439
10440
10441
10442
10443
10445
10446
10447
10448
10449
10450
10451
10452
10453
10454
10455
10456
10457
10458
10459
10460
10461
10462
10463
10464
10465
10466
10467
10468
10469
10470
10471
10472
10473
10474
10475
10478
10479
10480
10481
10482
10483
10484
10485
10486
10487
10488
10489
10490
10491
10492
10493
10494
10495
10496
10497
10498
10499
10500
10501
10502
10503
10504
10505
10507
10508
10509
10510
10511
10512
10513
10514
10515
10516
10517
10518
10519
10520
10521
10522
10523
10524
10525
10526
10527
10528
10529
10530
10531
10532
10533
10534
10535
10536
10537
10538
10539
10540
10541
10542
10543
10544
10545
10546
10547
10548
10549
10550
10551
10552
10553
22788
22789
22790
22791
22792
22793
22794
22795
22796
22797
22798
22799
22800
22801
22802
22803
22804
22805
22806
22807
22808
22809
22810
22811
22812
22813
22814
22815
22816
22817
22818
22819
22820
22821
22822
22846
22847
22848
22849
22850
22851
22852
22853
22854
22855
22856
22860
22861
22862
22863
22864
22865
22866
22867
22868
22869
22870
22871
22872
22873
22877
22878
22879
22880
22881
22882
22883
22884
22885
22886
22887
22888
22889
22890
22891
22892
22893
22894
22895
22896
22903
22904
22905
22910
22912
22913
22914
22915
22916
22917
22918
22945
22948
22949
22954
22955
23195
23196
23197
23198
25077
25078
25079
25080
25081
25082
25083
25084
25085
25086
25087
25089
25095
25096
25097
25209
25462
25463
25464
25465
25466
25470
25471
25472
25473
25474
25636
25637
25638
25639
25640
25840
25841
25886
25888
26185
26191
26193
26194
26195
26196
26197
26199
26200
26204
26205
26206
26207
26208
26209
28032
28033
28034
28035
28036
28037
28038
28039
28040
28041
28042
28043
28044
28045
28046
28047
28048
28049
28050
28256
28257
28258
28259
28270
28271
28582
28583
28584
28585
28586
28587
28588
28589
28592
28593
28594
28595
28596
28597
28598
28599
28600
28601
28602
28603
28604
28605
28606
28607
28608
28609
28619
28623
28625
28626
28631
28632
28753
28754
28755
28756
28757
28760
28761
28849
28850
28851
28852
28853
28854
29020
29063
29075
29097
29098
29140
29167
29168
29169
29435
29437
29617
29712
29714
29715
29736
29737
29741
29742
29743
29744
29745
29746
29747
29795
29835
29836
29837
29838
29839
29840
29841
30185
30284
30404
30922
31110
31116
31136
31150
31206
31208
31230
31323
31327
31393
31499
31514
31531
31609
31657
31693
31703
31760
31777
31829
31882
31934
31937
31945
31991
32209
32256
32313
32318
32361
32376
32411
32583
32626
32758
32760
32850
32863
32888
32920
33070
33100
33116
33117
33168
33199
33211
33218
33226
33265
33343
33424
33429
33436
33498
33513
33555
33568
33598
33603
33650
33675
33719
33739
33751
33869
33923
33935
33992
34030
34109
34123
34189
34191
34211
34214
34229
34238
34290
34377
34385
34407
34513
34574
34583
34590
34603
34620
34684
34747
34788
34838
34919
34946
35025
35027
35038
35051
35063
35119
35154
35162
35167
35313
35395
35411
35431
35458
35507
35571
35593
35609
35633
35779
35814
35913
35938
35948
36011
36058
36107
36114
36154
36180
36191
36202
36229
36253
36373
36384
36415
36430
36448
36456
36527
36649
36674
36675
36700
36783
36888
36899
36990
37060
37082
37141
37236
37393
37461
37480
37515
37671
37682
37710
37748
37768
37778
37784
37874
37895
37930
37989
38007
38032
38084
38124
38125
38159
38247
38282
38326
38444
38445
38538
38539
38553
38605
38640
38711
38755
38777
38803
38830
38831
38936
38970
39019
39063
39087
39161
39182
39206
39379
39397
39404
39439
39491
39528
39605
39614
39633
39657
39670
39685
39702
39706
39819
39826
39852
39923
39978
40025
40041
40069
40090
40106
40141
40146
40198
40223
40236
40303
40326
40417
40445
40503
40615
40624
40636
40650
40686
40689
40694
40820
40893
40923
40974
41008
41071
41169
41174
41262
41268
41448
41486
41543
41556
41585
41632
41701
41724
41734
41799
41813
41940
41991
41998
42000
42028
42091
42165
42282
42288
42294
42316
42386
42399
42459
42473
42478
42519
42584
42641
42690
42701
42717
42762
42811
42827
42829
42847
42871
42893
42937
43034
43041
43051
43062
43069
43200
43233
43237
43257
43266
43324
43328
43422
43425
43499
43515
43534
43582
43605
43624
43673
43700
43752
43757
43804
43811
43888
43907
43909
44041
44055
44065
44081
44097
44101
44118
44130
44138
44157
44159
44161
44235
44300
44304
44331
44348
44361
44397
44422
44429
44432
44460
44574
44617
44619
44623
44680
44699
44732
44898
44908
44925
44939
44943
44959
44982
45026
45103
45235
45259
45273
45337
45359
45366
45535
45542
45574
45612
45614
45616
45621
45627
45653
45715
45741
45786
45795
45813
45867
45907
45951
45999
46023
46043
46109
46128
46240
46245
46315
46340
46350
46549
46550
46684
46694
46807
46906
46917
46951
47016
47026
47041
47053
47115
47127
47132
47151
47209
47240
47412
47438
47470
47511
47777
47919
47921
47934
47985
48089
48101
48204
48272
48309
48314
48328
48389
48431
48440
48481
48514
48601
48656
48662
48700
48730
48754
48756
48815
48839
48867
48873
48943
49011
49018
49050
49054
49072
49093
49111
49113
49135
49169
49220
49262
49325
49344
49369
49386
49426
49457
49466
49485
49489
49500
49544
49574
49582
49629
49633
49647
49654
49685
49897
49917
49949
49993
49997
50008
50018
50027
50080
50196
50203
50218
50230
50315
50398
50401
50489
50541
50573
50689
50697
50705
50712
50715
50740
50768
50865
50922
50990
50999
51005
51023
51069
51073
51185
51189
51212
51247
51254
51263
51278
51290
51313
51319
51335
51367
51396
51454
51461
51481
51482
51491
51565
51575
51660
51679
51681
51727
51735
51761
51834
51868
51909
51936
51975
52023
52051
52055
52168
52202
52270
52271
52333
52335
52414
52424
52460
52478
52673
52698
52704
52725
52765
52873
52916
52923
52928
52985
53000
53017
53030
53041
53048
53052
53086
53134
53208
53254
53272
53279
53340
53367
53390
53480
53505
53546
53554
53556
53624
53675
53691
53699
53836
53887
53888
53901
53914
53942
53955
53987
54001
54025
54026
54044
54117
54179
54194
54218
54236
54256
54283
54316
54335
54429
54454
54525
54634
54664
54733
54755
54804
54842
54855
54861
54924
54990
55001
55200
55234
55428
55469
55502
55519
55528
55538
55549
55553
55639
55674
55676
55701
55792
55799
55851
55914
55930
55966
55976
56045
56116
56126
56139
56152
56186
56228
56252
56410
56484
56616
56653
56701
56797
56890
56894
56896
56933
56936
57001
57043
57045
57095
57122
57132
57150
57154
57170
57208
57216
57247
57274
57284
57334
57430
57434
57496
57513
57521
57586
57671
57683
57782
57783
57787
57788
57789
57790
57791
57792
57793
58343
58344
58345
58346
58347
58408
58409
58410
58411
58412
58511
58512
58513
58514
58515
58516
58517
58518
58519
58520
58521
58522
58523
58530
58535
58582
58585
58586
58587
58605
58606
58765
58766
59218
59219
59220
59221
59222
59223
59224
59225
59226
59227
59228
59229
59230
59231
59232
59233
59234
59235
59236
59237
59238
59239
59379
59380
59381
59382
59385
59386
59387
59388
59389
59390
59391
59392
59393
59394
59406
59408
59411
59412
59413
59414
59415
59416
59417
59418
59420
59697
59698
59705
59709
59754
59755
59756
59757
59758
59759
59760
59761
59762
59763
59764
59765
59766
59767
59768
59769
59770
59771
59772
59773
59774
59775
59776
59777
59778
59779
59780
59781
59782
59783
59784
59785
59786
59787
59788
59789
59790
59791
59792
59793
59794
59795
59796
59797
59798
59799
59800
59813
59822
59823
59824
59825
59826
59827
59828
59829
59830
59831
59832
59833
59834
59835
59836
59837
59838
59839
59840
59841
59842
59843
59844
59845
59846
59847
59848
59849
59850
59851
59852
59853
59854
59855
59856
60556
60557
60560
60561
60562
60563
60564
60581
60582
60583
60584
60585
60586
60598
60599
60605
60606
60607
60608
60609
60610
60611
60612
60613
60614
60615
60616
60617
61052
61053
61054
61055
61056
61057
61058
61059
61060
61061
61062
61063
61064
61065
61066
61067
61068
61069
61070
61071
61072
61073
61074
61075
61076
61077
61078
61079
61080
61081
61082
61083
61084
61085
61086
61087
61088
65125
65126
65127
65128
65129
65130
65131
65132
65133
65134
65135
65136
65137
65138
65148
65149
65150
65151
65152
65153
65154
65155
65156
65159
65160
65161
65162
65163
65164
65165
65166
65167
65168
65169
65173
65688
65689
65832
65833
66063
66064
66065
66066
66067
66068
66069
66239
66240
66241
66245
66246
66247
66248
66249
67366
67367
67368
67369
67370
67396
67397
67398
67399
67400
67402
67403
67404
67405
67408
67409
67410
67411
67412
67413
67414
67415
67416
67417
67418
67419
67420
67421
67422
67423
67424
67425
67430
67431
67433
67434
67435
67436
67437
67438
67439
67440
67441
67442
67461
67462
67463
67464
67465
67466
67467
67468
67469
67470
67471
67472
67473
67474
67475
67476
67477
67478
67479
67480
67481
67482
67483
67484
67485
67486
67487
67488
67489
67490
75905
75906
75907
75908
75909
75910
75911
75912
75913
75914
75915
75916
75917
75918
75919
75920
75921
75922
75923
75924
75925
75926
75927
75928
75929
75930
75931
75932
75933
75934
75935
75936
75937
75938
75939
75940
75941
75942
75943
75944
75945
75946
75947
75948
75949
75950
75951
75952
75953
75954
75955
75956
75957
75958
75959
75960
75961
75962
75963
75964
75965
75966
75967
75968
75969
75970
75971
75972
75973
75974
75975
75976
75977
75978
75979
75980
75981
75982
75983
75984
75985
75986
75987
75988
75989
75990
76919
76920
76921
76922
76923
76924
76925
76926
76927
76928
76929
76930
76931
76932
76933
76934
76935
76936
76937
76938
76939
76940
76964
76965
76966
76967
76983
76984
76985
76986
76987
76988
76989
76990
76991
76992
76993
76994
76995
78453
78454
78455
78456
78457
78458
78459
78460
78461
78462
78463
78464
78465
78466
78467
78468
78469
78470
78471
78472
78473
78474
78475
78476
78477
78478
78479
78480
78481
78482
78483
78484
78485
78486
78487
78488
78489
78490
78491
78492
78496
78505
78506
78507
78508
78509
78510
78511
78512
78513
78514
78515
78516
78517
78518
78519
78520
78521
78522
78523
78524
78525
78526
78527
78528
78529
78530
78531
78532
78533
78534
78535
78536
78537
78538
78539
78540
78541
78542
78543
78544
78545
78546
78547
78548
78549
78550
78551
78552
78553
78554
78555
78556
78557
78558
78559
78560
78561
78562
78563
78564
78565
78566
78567
78568
78569
78570
78571
78572
78573
78574
78575
78576
78577
78578
78579
78580
78581
78582
78583
78584
78585
78586
78587
78588
78589
78630
78631
78632
78635
78649
78650
78653
78655
78656
78657
78658
78659
78660
78661
78662
78663
78681
78682
78683
78684
78685
78686
78687
78689
78690
78691
78693
79278
79279
79280
79281
79282
79283
79284
79285
79287
79288
79289
79290
79291
79292
79293
79294
79295
79296
79297
79298
79299
79300
79306
79307
79308
79309
79310
79311
79312
79314
79315
79764
79765
79766
79767
79768
79769
79770
79771
79772
79773
79774
79775
79776
79777
79778
79779
79780
79781
79782
79783
79784
79785
79786
79787
79788
79789
79790
79791
79792
79793
79794
79795
79796
79797
80619
80620
80621
80622
80623
80624
80625
80779
80791
80890
80891
80895
80896
80897
80898
80899
80900
80901
81451
81452
81453
81454
81455
81516
81517
81518
81519
81520
81619
81620
81621
81622
81623
81624
81625
81626
81627
81628
81629
81630
81631
81638
81643
81690
81693
81694
81695
81713
81714
81873
81874
82326
82327
82328
82329
82330
82331
82332
82333
82334
82335
82336
82337
82338
82339
82340
82341
82342
82343
82344
82345
82346
82347
82487
82488
82489
82490
82493
82494
82495
82496
82497
82498
82499
82500
82501
82502
82514
82516
82519
82520
82521
82522
82523
82524
82525
82526
82528
82805
82806
82813
82817
82862
82863
82864
82865
82866
82867
82868
82869
82870
82871
82872
82873
82874
82875
82876
82877
82878
82879
82880
82881
82882
82883
82884
82885
82886
82887
82888
82889
82890
82891
82892
82893
82894
82895
82896
82897
82898
82899
82900
82901
82902
82903
82904
82905
82906
82907
82908
82921
82930
82931
82932
82933
82934
82935
82936
82937
82938
82939
82940
82941
82942
82943
82944
82945
82946
82947
82948
82949
82950
82951
82952
82953
82954
82955
82956
82957
82958
82959
82960
82961
82962
82963
82964
83664
83665
83668
83669
83670
83671
83672
83689
83690
83691
83692
83693
83694
83706
83707
83713
83714
83715
83716
83717
83718
83719
83720
83721
83722
83723
83724
83725
84160
84161
84162
84163
84164
84165
84166
84167
84168
84169
84170
84171
84172
84173
84174
84175
84176
84177
84178
84179
84180
84181
84182
84183
84184
84185
84186
84187
84188
84189
84190
84191
84192
84193
84194
84195
84196
88233
88234
88235
88236
88237
88238
88239
88240
88241
88242
88243
88244
88245
88246
88256
88257
88258
88259
88260
88261
88262
88263
88264
88267
88268
88269
88270
88271
88272
88273
88274
88275
88276
88277
88281
88796
88797
88940
88941
89171
89172
89173
89174
89175
89176
89177
89347
89348
89349
89353
89354
89355
89356
89357
90474
90475
90476
90477
90478
90504
90505
90506
90507
90508
90510
90511
90512
90513
90516
90517
90518
90519
90520
90521
90522
90523
90524
90525
90526
90527
90528
90529
90530
90531
90532
90533
90538
90539
90541
90542
90543
90544
90545
90546
90547
90548
90549
90550
90569
90570
90571
90572
90573
90574
90575
90576
90577
90578
90579
90580
90581
90582
90583
90584
90585
90586
90587
90588
90589
90590
90591
90592
90593
90594
90595
90596
90597
90598
99013
99014
99015
99016
99017
99018
99019
99020
99021
99022
99023
99024
99025
99026
99027
99028
99029
99030
99031
99032
99033
99034
99035
99036
99037
99038
99039
99040
99041
99042
99043
99044
99045
99046
99047
99048
99049
99050
99051
99052
99053
99054
99055
99056
99057
99058
99059
99060
99061
99062
99063
99064
99065
99066
99067
99068
99069
99070
99071
99072
99073
99074
99075
99076
99077
99078
99079
99080
99081
99082
99083
99084
99085
99086
99087
99088
99089
99090
99091
99092
99093
99094
99095
99096
99097
99098
100027
100028
100029
100030
100031
100032
100033
100034
100035
100036
100037
100038
100039
100040
100041
100042
100043
100044
100045
100046
100047
100048
100072
100073
100074
100075
100091
100092
100094
100095
100096
100097
100098
100099
100100
100101
100102
100103
101561
101562
101563
101564
101565
101566
101567
101568
101569
101570
101571
101572
101573
101574
101575
101576
101577
101578
101579
101580
101581
101582
101583
101584
101585
101586
101587
101588
101589
101590
101591
101592
101593
101594
101595
101596
101597
101598
101599
101600
101604
101613
101614
101615
101616
101617
101618
101619
101620
101621
101622
101623
101624
101625
101626
101627
101628
101629
101630
101631
101632
101633
101634
101635
101636
101637
101638
101639
101640
101641
101642
101643
101644
101645
101646
101647
101648
101649
101650
101651
101652
101653
101654
101655
101656
101657
101658
101659
101660
101661
101662
101663
101664
101665
101666
101667
101668
101669
101670
101671
101672
101673
101674
101675
101676
101677
101678
101679
101680
101681
101682
101683
101684
101685
101686
101687
101688
101689
101690
101691
101692
101693
101694
101695
101696
101697
101738
101739
101740
101743
101757
101758
101761
101763
101764
101765
101766
101767
101768
101769
101770
101771
101789
101790
101791
101792
101793
101794
101795
101797
101798
101799
101801
102386
102387
102388
102389
102390
102391
102392
102393
102395
102396
102397
102398
102399
102400
102401
102402
102403
102404
102405
102406
102407
102408
102414
102415
102416
102417
102418
102419
102420
102422
102423
102872
102873
102874
102875
102876
102877
102878
102879
102880
102881
102882
102883
102884
102885
102886
102887
102888
102889
102890
102891
102892
102893
102894
102895
102896
102897
102898
102899
102900
102901
102902
102903
102904
102905
103087
103099
103198
103199
103203
103204
103205
103206
103207
103208
103209
103759
103760
103761
103762
103763
103824
103825
103826
103827
103828
103927
103928
103929
103930
103931
103932
103933
103934
103935
103936
103937
103938
103939
103946
103951
103998
104001
104002
104003
104021
104022
104181
104182
104634
104635
104636
104637
104638
104639
104640
104641
104642
104643
104644
104645
104646
104647
104648
104649
104650
104651
104652
104653
104654
104655
104795
104796
104797
104798
104801
104802
104803
104804
104805
104806
104807
104808
104809
104810
104822
104824
104827
104828
104829
104830
104831
104832
104833
104834
104836
105113
105114
105121
105125
105170
105171
105172
105173
105174
105175
105176
105177
105178
105179
105180
105181
105182
105183
105184
105185
105186
105187
105188
105189
105190
105191
105192
105193
105194
105195
105196
105197
105198
105199
105200
105201
105202
105203
105204
105205
105206
105207
105208
105209
105210
105211
105212
105213
105214
105215
105216
105229
105238
105239
105240
105241
105242
105243
105244
105245
105246
105247
105248
105249
105250
105251
105252
105253
105254
105255
105256
105257
105258
105259
105260
105261
105262
105263
105264
105265
105266
105267
105268
105269
105270
105271
105272
105972
105973
105976
105977
105978
105979
105980
105997
105998
105999
106000
106001
106002
106014
106015
106021
106022
106023
106024
106025
106026
106027
106028
106029
106030
106031
106032
106033
106468
106469
106470
106471
106472
106473
106474
106475
106476
106477
106478
106479
106480
106481
106482
106483
106484
106485
106486
106487
106488
106489
106490
106491
106492
106493
106494
106495
106496
106497
106498
106499
106500
106501
106502
106503
106504
110541
110542
110543
110544
110545
110546
110547
110548
110549
110550
110551
110552
110553
110554
110564
110565
110566
110567
110568
110569
110570
110571
110572
110575
110576
110577
110578
110579
110580
110581
110582
110583
110584
110585
110589
111104
111105
111248
111249
111479
111480
111481
111482
111483
111484
111485
111655
111656
111657
111661
111662
111663
111664
111665
112782
112783
112784
112785
112786
112812
112813
112814
112815
112816
112818
112819
112820
112821
112824
112825
112826
112827
112828
112829
112830
112831
112832
112833
112834
112835
112836
112837
112838
112839
112840
112841
112846
112847
112849
112850
112851
112852
112853
112854
112855
112856
112857
112858
112877
112878
112879
112880
112881
112882
112883
112884
112885
112886
112887
112888
112889
112890
112891
112892
112893
112894
112895
112896
112897
112898
112899
112900
112901
112902
112903
112904
112905
112906
121321
121322
121323
121324
121325
121326
121327
121328
121329
121330
121331
121332
121333
121334
121335
121336
121337
121338
121339
121340
121341
121342
121343
121344
121345
121346
121347
121348
121349
121350
121351
121352
121353
121354
121355
121356
121357
121358
121359
121360
121361
121362
121363
121364
121365
121366
121367
121368
121369
121370
121371
121372
121373
121374
121375
121376
121377
121378
121379
121380
121381
121382
121383
121384
121385
121386
121387
121388
121389
121390
121391
121392
121393
121394
121395
121396
121397
121398
121399
121400
121401
121402
121403
121404
121405
121406
122335
122336
122337
122338
122339
122340
122341
122342
122343
122344
122345
122346
122347
122348
122349
122350
122351
122352
122353
122354
122355
122356
122380
122381
122382
122383
122399
122400
122402
122403
122404
122405
122406
122407
122408
122409
122410
122411
123869
123870
123871
123872
123873
123874
123875
123876
123877
123878
123879
123880
123881
123882
123883
123884
123885
123886
123887
123888
123889
123890
123891
123892
123893
123894
123895
123896
123897
123898
123899
123900
123901
123902
123903
123904
123905
123906
123907
123908
123912
123921
123922
123923
123924
123925
123926
123927
123928
123929
123930
123931
123932
123933
123934
123935
123936
123937
123938
123939
123940
123941
123942
123943
123944
123945
123946
123947
123948
123949
123950
123951
123952
123953
123954
123955
123956
123957
123958
123959
123960
123961
123962
123963
123964
123965
123966
123967
123968
123969
123970
123971
123972
123973
123974
123975
123976
123977
123978
123979
123980
123981
123982
123983
123984
123985
123986
123987
123988
123989
123990
123991
123992
123993
123994
123995
123996
123997
123998
123999
124000
124001
124002
124003
124004
124005
124046
124047
124048
124051
124065
124066
124069
124071
124072
124073
124074
124075
124076
124077
124078
124079
124097
124098
124099
124100
124101
124102
124103
124105
124106
124107
124109
124694
124695
124696
124697
124698
124699
124700
124701
124703
124704
124705
124706
124707
124708
124709
124710
124711
124712
124713
124714
124715
124716
124722
124723
124724
124725
124726
124727
124728
124730
124731
125041
125053
125152
125153
125157
125158
125159
125160
125161
125162
125163
125713
125714
125715
125716
125717
125778
125779
125780
125781
125782
125881
125882
125883
125884
125885
125886
125887
125888
125889
125890
125891
125892
125893
125900
125905
125952
125955
125956
125957
125975
125976
126135
126136
126588
126589
126590
126591
126592
126593
126594
126595
126596
126597
126598
126599
126600
126601
126602
126603
126604
126605
126606
126607
126608
126609
126749
126750
126751
126752
126755
126756
126757
126758
126759
126760
126761
126762
126763
126764
126776
126778
126781
126782
126783
126784
126785
126786
126787
126788
126790
127067
127068
127075
127079
127124
127125
127126
127127
127128
127129
127130
127131
127132
127133
127134
127135
127136
127137
127138
127139
127140
127141
127142
127143
127144
127145
127146
127147
127148
127149
127150
127151
127152
127153
127154
127155
127156
127157
127158
127159
127160
127161
127162
127163
127164
127165
127166
127167
127168
127169
127170
127183
127192
127193
127194
127195
127196
127197
127198
127199
127200
127201
127202
127203
127204
127205
127206
127207
127208
127209
127210
127211
127212
127213
127214
127215
127216
127217
127218
127219
127220
127221
127222
127223
127224
127225
127226
127926
127927
127930
127931
127932
127933
127934
127951
127952
127953
127954
127955
127956
127968
127969
127975
127976
127977
127978
127979
127980
127981
127982
127983
127984
127985
127986
127987
128422
128423
128424
128425
128426
128427
128428
128429
128430
128431
128432
128433
128434
128435
128436
128437
128438
128439
128440
128441
128442
128443
128444
128445
128446
128447
128448
128449
128450
128451
128452
128453
128454
128455
128456
128457
128458
132495
132496
132497
132498
132499
132500
132501
132502
132503
132504
132505
132506
132507
132508
132518
132519
132520
132521
132522
132523
132524
132525
132526
132529
132530
132531
132532
132533
132534
132535
132536
132537
132538
132539
132543
133058
133059
133202
133203
133433
133434
133435
133436
133437
133438
133439
133609
133610
133611
133615
133616
133617
133618
133619
134736
134737
134738
134739
134740
134766
134767
134768
134769
134770
134772
134773
134774
134775
134778
134779
134780
134781
134782
134783
134784
134785
134786
134787
134788
134789
134790
134791
134792
134793
134794
134795
134800
134801
134803
134804
134805
134806
134807
134808
134809
134810
134811
134812
134831
134832
134833
134834
134835
134836
134837
134838
134839
134840
134841
134842
134843
134844
134845
134846
134847
134848
134849
134850
134851
134852
134853
134854
134855
134856
134857
134858
134859
134860
143275
143276
143277
143278
143279
143280
143281
143282
143283
143284
143285
143286
143287
143288
143289
143290
143291
143292
143293
143294
143295
143296
143297
143298
143299
143300
143301
143302
143303
143304
143305
143306
143307
143308
143309
143310
143311
143312
143313
143314
143315
143316
143317
143318
143319
143320
143321
143322
143323
143324
143325
143326
143327
143328
143329
143330
143331
143332
143333
143334
143335
143336
143337
143338
143339
143340
143341
143342
143343
143344
143345
143346
143347
143348
143349
143350
143351
143352
143353
143354
143355
143356
143357
143358
143359
143360
144289
144290
144291
144292
144293
144294
144295
144296
144297
144298
144299
144300
144301
144302
144303
144304
144305
144306
144307
144308
144309
144310
144334
144335
144336
144337
144353
144354
144356
144357
144358
144359
144360
144361
144362
144363
144364
144365
145823
145824
145825
145826
145827
145828
145829
145830
145831
145832
145833
145834
145835
145836
145837
145838
145839
145840
145841
145842
145843
145844
145845
145846
145847
145848
145849
145850
145851
145852
145853
145854
145855
145856
145857
145858
145859
145860
145861
145862
145866
145875
145876
145877
145878
145879
145880
145881
145882
145883
145884
145885
145886
145887
145888
145889
145890
145891
145892
145893
145894
145895
145896
145897
145898
145899
145900
145901
145902
145903
145904
145905
145906
145907
145908
145909
145910
145911
145912
145913
145914
145915
145916
145917
145918
145919
145920
145921
145922
145923
145924
145925
145926
145927
145928
145929
145930
145931
145932
145933
145934
145935
145936
145937
145938
145939
145940
145941
145942
145943
145944
145945
145946
145947
145948
145949
145950
145951
145952
145953
145954
145955
145956
145957
145958
145959
146000
146001
146002
146005
146019
146020
146023
146025
146026
146027
146028
146029
146030
146031
146032
146033
146051
146052
146053
146054
146055
146056
146057
146059
146060
146061
146063
146648
146649
146650
146651
146652
146653
146654
146655
146657
146658
146659
146660
146661
146662
146663
146664
146665
146666
146667
146668
146669
146670
146676
146677
146678
146679
146680
146681
146682
146684
146685
147134
147135
147136
147137
147138
147139
147140
147141
147142
147143
147144
147145
147146
147147
147148
147149
147150
147151
147152
147153
147154
147155
147156
147157
147158
147159
147160
147161
147162
147163
147164
147165
147166
147167
147989
147990
147991
147992
147993
147994
147995
148224
148225
148226
148227
148228
148295
148296
148297
148298
148432
148433
148434
148435
148436
148437
148438
148439
148440
148441
148442
148443
148444
148445
148708
148709
148710
148711
148712
148871
148872
148873
148874
148875
148876
148877
148878
148879
148880
148881
148882
148883
148884
148885
148886
150486
150487
150488
150489
150490
150491
150492
150496
150497
150499
150500
150501
150502
150843
150845
150846
151266
151267
151268
151269
151270
151521
151533
151632
151633
151637
151638
151639
151640
151641
151642
151643
152193
152194
152195
152196
152197
152258
152259
152260
152261
152262
152361
152362
152363
152364
152365
152366
152367
152368
152369
152370
152371
152372
152373
152380
152385
152432
152435
152436
152437
152455
152456
152615
152616
153068
153069
153070
153071
153072
153073
153074
153075
153076
153077
153078
153079
153080
153081
153082
153083
153084
153085
153086
153087
153088
153089
153229
153230
153231
153232
153235
153236
153237
153238
153239
153240
153241
153242
153243
153244
153256
153258
153261
153262
153263
153264
153265
153266
153267
153268
153270
153547
153548
153555
153559
153604
153605
153606
153607
153608
153609
153610
153611
153612
153613
153614
153615
153616
153617
153618
153619
153620
153621
153622
153623
153624
153625
153626
153627
153628
153629
153630
153631
153632
153633
153634
153635
153636
153637
153638
153639
153640
153641
153642
153643
153644
153645
153646
153647
153648
153649
153650
153663
153672
153673
153674
153675
153676
153677
153678
153679
153680
153681
153682
153683
153684
153685
153686
153687
153688
153689
153690
153691
153692
153693
153694
153695
153696
153697
153698
153699
153700
153701
153702
153703
153704
153705
153706
154406
154407
154410
154411
154412
154413
154414
154431
154432
154433
154434
154435
154436
154448
154449
154455
154456
154457
154458
154459
154460
154461
154462
154463
154464
154465
154466
154467
154902
154903
154904
154905
154906
154907
154908
154909
154910
154911
154912
154913
154914
154915
154916
154917
154918
154919
154920
154921
154922
154923
154924
154925
154926
154927
154928
154929
154930
154931
154932
154933
154934
154935
154936
154937
154938
158975
158976
158977
158978
158979
158980
158981
158982
158983
158984
158985
158986
158987
158988
158998
158999
159000
159001
159002
159003
159004
159005
159006
159009
159010
159011
159012
159013
159014
159015
159016
159017
159018
159019
159023
159538
159539
159682
159683
159913
159914
159915
159916
159917
159918
159919
160089
160090
160091
160095
160096
160097
160098
160099
161216
161217
161218
161219
161220
161246
161247
161248
161249
161250
161252
161253
161254
161255
161258
161259
161260
161261
161262
161263
161264
161265
161266
161267
161268
161269
161270
161271
161272
161273
161274
161275
161280
161281
161283
161284
161285
161286
161287
161288
161289
161290
161291
161292
161311
161312
161313
161314
161315
161316
161317
161318
161319
161320
161321
161322
161323
161324
161325
161326
161327
161328
161329
161330
161331
161332
161333
161334
161335
161336
161337
161338
161339
161340
169755
169756
169757
169758
169759
169760
169761
169762
169763
169764
169765
169766
169767
169768
169769
169770
169771
169772
169773
169774
169775
169776
169777
169778
169779
169780
169781
169782
169783
169784
169785
169786
169787
169788
169789
169790
169791
169792
169793
169794
169795
169796
169797
169798
169799
169800
169801
169802
169803
169804
169805
169806
169807
169808
169809
169810
169811
169812
169813
169814
169815
169816
169817
169818
169819
169820
169821
169822
169823
169824
169825
169826
169827
169828
169829
169830
169831
169832
169833
169834
169835
169836
169837
169838
169839
169840
170769
170770
170771
170772
170773
170774
170775
170776
170777
170778
170779
170780
170781
170782
170783
170784
170785
170786
170787
170788
170789
170790
170814
170815
170816
170817
170833
170834
170836
170837
170838
170839
170840
170841
170842
170843
170844
170845
172303
172304
172305
172306
172307
172308
172309
172310
172311
172312
172313
172314
172315
172316
172317
172318
172319
172320
172321
172322
172323
172324
172325
172326
172327
172328
172329
172330
172331
172332
172333
172334
172335
172336
172337
172338
172339
172340
172341
172342
172346
172355
172356
172357
172358
172359
172360
172361
172362
172363
172364
172365
172366
172367
172368
172369
172370
172371
172372
172373
172374
172375
172376
172377
172378
172379
172380
172381
172382
172383
172384
172385
172386
172387
172388
172389
172390
172391
172392
172393
172394
172395
172396
172397
172398
172399
172400
172401
172402
172403
172404
172405
172406
172407
172408
172409
172410
172411
172412
172413
172414
172415
172416
172417
172418
172419
172420
172421
172422
172423
172424
172425
172426
172427
172428
172429
172430
172431
172432
172433
172434
172435
172436
172437
172438
172439
172480
172481
172482
172485
172499
172500
172503
172505
172506
172507
172508
172509
172510
172511
172512
172513
172531
172532
172533
172534
172535
172536
172537
172539
172540
172541
172543
173128
173129
173130
173131
173132
173133
173134
173135
173137
173138
173139
173140
173141
173142
173143
173144
173145
173146
173147
173148
173149
173150
173156
173157
173158
173159
173160
173161
173162
173164
173165
173614
173615
173616
173617
173618
173619
173620
173621
173622
173623
173624
173625
173626
173627
173628
173629
173630
173631
173632
173633
173634
173635
173636
173637
173638
173639
173640
173641
173642
173643
173644
173645
173646
173647
174469
174470
174471
174472
174473
174474
174475
174704
174705
174706
174707
174708
174775
174776
174777
174778
174912
174913
174914
174915
174916
174917
174918
174919
174920
174921
174922
174923
174924
174925
175188
175189
175190
175191
175192
175351
175352
175353
175354
175355
175356
175357
175358
175359
175360
175361
175362
175363
175364
175365
175366
176966
176967
176968
176969
176970
176971
176972
176976
176977
176979
176980
176981
176982
177323
177325
177326
177746
177747
177748
177749
177750
178183
178184
178185
178186
178187
178191
178192
178193
178194
178195
178198
178200
178302
178303
178304
178305
178306
178307
178308
178309
178310
178311
178327
178328
178329
178330
178331
178332
178333
178334
178335
178336
178337
178338
178339
178340
178341
178342
178343
178344
178345
178346
178347
178348
178349
178350
178351
178352
178353
178354
178355
178356
178357
178358
178359
178360
178590
178591
178592
178593
178594
178782
178783
178784
178785
178786
178787
178788
178789
178790
178791
178792
178793
178794
178795
178796
178797
178798
178799
178800
178801
178802
178803
178804
178805
178806
178807
178808
178809
178810
178811
180446
180447
180448
180449
180450
180878
180879
180928
180929
180930
180931
180932
181535
181536
181537
181538
181539
181654
181666
181765
181766
181770
181771
181772
181773
181774
181775
181776
182326
182327
182328
182329
182330
182391
182392
182393
182394
182395
182494
182495
182496
182497
182498
182499
182500
182501
182502
182503
182504
182505
182506
182513
182518
182565
182568
182569
182570
182588
182589
182748
182749
183201
183202
183203
183204
183205
183206
183207
183208
183209
183210
183211
183212
183213
183214
183215
183216
183217
183218
183219
183220
183221
183222
183362
183363
183364
183365
183368
183369
183370
183371
183372
183373
183374
183375
183376
183377
183389
183391
183394
183395
183396
183397
183398
183399
183400
183401
183403
183680
183681
183688
183692
183737
183738
183739
183740
183741
183742
183743
183744
183745
183746
183747
183748
183749
183750
183751
183752
183753
183754
183755
183756
183757
183758
183759
183760
183761
183762
183763
183764
183765
183766
183767
183768
183769
183770
183771
183772
183773
183774
183775
183776
183777
183778
183779
183780
183781
183782
183783
183796
183805
183806
183807
183808
183809
183810
183811
183812
183813
183814
183815
183816
183817
183818
183819
183820
183821
183822
183823
183824
183825
183826
183827
183828
183829
183830
183831
183832
183833
183834
183835
183836
183837
183838
183839
184539
184540
184543
184544
184545
184546
184547
184564
184565
184566
184567
184568
184569
184581
184582
184588
184589
184590
184591
184592
184593
184594
184595
184596
184597
184598
184599
184600
185035
185036
185037
185038
185039
185040
185041
185042
185043
185044
185045
185046
185047
185048
185049
185050
185051
185052
185053
185054
185055
185056
185057
185058
185059
185060
185061
185062
185063
185064
185065
185066
185067
185068
185069
185070
185071
189108
189109
189110
189111
189112
189113
189114
189115
189116
189117
189118
189119
189120
189121
189131
189132
189133
189134
189135
189136
189137
189138
189139
189142
189143
189144
189145
189146
189147
189148
189149
189150
189151
189152
189156
189671
189672
189815
189816
190046
190047
190048
190049
190050
190051
190052
190222
190223
190224
190228
190229
190230
190231
190232
191349
191350
191351
191352
191353
191379
191380
191381
191382
191383
191385
191386
191387
191388
191391
191392
191393
191394
191395
191396
191397
191398
191399
191400
191401
191402
191403
191404
191405
191406
191407
191408
191413
191414
191416
191417
191418
191419
191420
191421
191422
191423
191424
191425
191444
191445
191446
191447
191448
191449
191450
191451
191452
191453
191454
191455
191456
191457
191458
191459
191460
191461
191462
191463
191464
191465
191466
191467
191468
191469
191470
191471
191472
191473
199888
199889
199890
199891
199892
199893
199894
199895
199896
199897
199898
199899
199900
199901
199902
199903
199904
199905
199906
199907
199908
199909
199910
199911
199912
199913
199914
199915
199916
199917
199918
199919
199920
199921
199922
199923
199924
199925
199926
199927
199928
199929
199930
199931
199932
199933
199934
199935
199936
199937
199938
199939
199940
199941
199942
199943
199944
199945
199946
199947
199948
199949
199950
199951
199952
199953
199954
199955
199956
199957
199958
199959
199960
199961
199962
199963
199964
199965
199966
199967
199968
199969
199970
199971
199972
199973
200902
200903
200904
200905
200906
200907
200908
200909
200910
200911
200912
200913
200914
200915
200916
200917
200918
200919
200920
200921
200922
200923
200947
200948
200949
200950
200966
200967
200969
200970
200971
200972
200973
200974
200975
200976
200977
200978
202436
202437
202438
202439
202440
202441
202442
202443
202444
202445
202446
202447
202448
202449
202450
202451
202452
202453
202454
202455
202456
202457
202458
202459
202460
202461
202462
202463
202464
202465
202466
202467
202468
202469
202470
202471
202472
202473
202474
202475
202479
202488
202489
202490
202491
202492
202493
202494
202495
202496
202497
202498
202499
202500
202501
202502
202503
202504
202505
202506
202507
202508
202509
202510
202511
202512
202513
202514
202515
202516
202517
202518
202519
202520
202521
202522
202523
202524
202525
202526
202527
202528
202529
202530
202531
202532
202533
202534
202535
202536
202537
202538
202539
202540
202541
202542
202543
202544
202545
202546
202547
202548
202549
202550
202551
202552
202553
202554
202555
202556
202557
202558
202559
202560
202561
202562
202563
202564
202565
202566
202567
202568
202569
202570
202571
202572
202613
202614
202615
202618
202632
202633
202636
202638
202639
202640
202641
202642
202643
202644
202645
202646
202664
202665
202666
202667
202668
202669
202670
202672
202673
202674
202676
203261
203262
203263
203264
203265
203266
203267
203268
203270
203271
203272
203273
203274
203275
203276
203277
203278
203279
203280
203281
203282
203283
203289
203290
203291
203292
203293
203294
203295
203297
203298
203747
203748
203749
203750
203751
203752
203753
203754
203755
203756
203757
203758
203759
203760
203761
203762
203763
203764
203765
203766
203767
203768
203769
203770
203771
203772
203773
203774
203775
203776
203777
203778
203779
203780
204602
204603
204604
204605
204606
204607
204608
204837
204838
204839
204840
204841
204908
204909
204910
204911
205045
205046
205047
205048
205049
205050
205051
205052
205053
205054
205055
205056
205057
205058
205321
205322
205323
205324
205325
205484
205485
205486
205487
205488
205489
205490
205491
205492
205493
205494
205495
205496
205497
205498
205499
207099
207100
207101
207102
207103
207104
207105
207109
207110
207112
207113
207114
207115
207456
207458
207459
207879
207880
207881
207882
207883
208316
208317
208318
208319
208320
208324
208325
208326
208327
208328
208331
208333
208435
208436
208437
208438
208439
208440
208441
208442
208443
208444
208460
208461
208462
208463
208464
208465
208466
208467
208468
208469
208470
208471
208472
208473
208474
208475
208476
208477
208478
208479
208480
208481
208482
208483
208484
208485
208486
208487
208488
208489
208490
208491
208492
208493
208723
208724
208725
208726
208727
208915
208916
208917
208918
208919
208920
208921
208922
208923
208924
208925
208926
208927
208928
208929
208930
208931
208932
208933
208934
208935
208936
208937
208938
208939
208940
208941
208942
208943
208944
210579
210580
210581
210582
210583
211011
211012
211061
211062
211063
211064
211065
211668
211669
211670
211671
211672
214061
214062
214063
214065
214067
214068
214069
214070
214071
214072
214073
214074
214075
214076
214077
214078
214079
214080
214081
214082
214083
214084
214085
214086
214087
214088
214089
214090
214091
214092
214093
214094
214095
214096
214097
214098
214099
214100
214101
214102
214103
214104
214105
214106
214107
214108
214109
214110
214111
214112
214113
214114
214115
214116
214117
214118
214119
214120
214121
214122
214123
214124
214125
214126
214127
214128
214129
214130
214131
214132
214133
214134
214135
214136
214137
214138
214139
214140
214141
214142
214143
214147
214150
216345
216357
216358
216359
216365
216367
216371
216373
216374
216375
216385
216386
216387
216388
216389
216390
216391
216392
216393
216394
216395
216396
216397
216398
216399
216400
216401
216402
216403
216404
216405
216406
216407
216408
216409
216410
216411
216412
216413
216414
216415
216416
216417
216418
216419
216420
216421
216422
216423
216424
216425
216426
216427
216428
216429
216430
216431
216432
216433
216434
216435
216436
216437
216438
216439
216440
216441
216442
216443
216444
216445
216446
216447
216448
216449
216450
216451
216452
216453
216454
216455
216456
216457
216458
216459
216460
216461
216462
216463
216464
216465
216466
216467
216468
216469
216470
216471
216472
216473
216474
216475
216476
216477
216478
216479
216480
216481
216482
216483
216484
216485
216486
216487
216488
216489
216490
216491
216492
216493
216494
216495
216496
216497
216498
216499
216500
216501
216502
216503
216504
216505
216506
216507
216508
216509
216510
216511
216512
216513
216514
216515
216516
216517
216518
216519
216520
216521
216522
216523
216524
216525
216526
216527
216528
216529
216530
216531
216532
216533
216534
216535
216536
216537
216538
216539
216540
216541
216542
216543
216544
216545
216546
216547
216548
216549
216550
216551
216552
216553
216554
216555
216556
216557
216558
216559
216560
216561
216562
216563
216564
216565
216566
216567
216568
216569
216570
216571
216572
216573
216574
216575
216576
216577
216578
216579
216580
216581
216582
216583
216584
216585
216588
216589
216590
216591
216592
216593
216594
216595
216596
216597
216598
216599
216600
216602
216603
216604
216605
216610
216611
216614
216615
216616
216618
216626
216636
225014
225021
225025
225026
225028
225030
225031
225032
225033
225034
225035
225036
225037
225038
225039
225040
225041
225042
225043
225044
225045
225046
225047
225048
225049
225050
225051
225052
225053
225054
225055
225056
225057
225058
225059
225060
225061
225062
225063
225064
225065
225066
225067
225068
225069
225070
225071
225072
225073
225074
225075
225076
225077
225078
225079
225080
225081
225082
225083
225084
225085
225086
225087
225088
225089
225090
225091
225092
225093
225094
225095
225096
225097
225098
225099
225100
225101
225102
225107
225108
225109
225113
225724
225725
225726
225727
225728
225984
226635
226641
226644
226649
226650
226651
226652
226653
226654
226655
226656
226657
226658
226659
226660
226661
226662
226663
226664
226665
226666
226667
226668
226669
226670
226671
226672
226673
226674
226675
226676
226677
226678
226679
226680
226681
226682
226683
226684
226685
226686
226687
226688
226689
226690
226691
226692
226693
226694
226695
226696
226697
226698
226699
226700
226701
226702
226703
226704
226705
226706
226707
226708
226709
226710
226711
226712
226713
226714
226715
226717
226718
226719
226720
226721
226723
226724
226725
226726
226727
226728
226731
229937
229939
229942
229945
229946
229947
229948
229949
229950
229951
229952
229953
229954
229955
229956
229957
229958
229959
229960
229961
229962
229963
229964
229965
229966
229967
229968
229969
229970
229971
229972
229973
229974
229975
229976
229977
229978
229979
229980
229981
229982
229983
229985
230269
230584
230585
231114
231118
231119
231120
231121
231122
231127
231128
231129
231130
231131
231132
231133
231134
231135
231136
231137
231138
231139
231140
231141
231142
231143
231144
231145
231146
231147
231148
231149
231150
231151
231152
231153
231154
231155
231156
231157
231158
231159
231160
231161
231162
231163
231164
231165
231166
231167
231168
231169
231170
231171
231172
231173
231174
231175
231176
231177
231178
231179
231180
231181
231182
231183
231184
231185
231186
231187
231188
231189
231190
231191
231192
231193
231194
231195
231196
231199
231208
231209
234737
234738
234739
234741
234742
234743
234744
234745
234746
234747
234749
234750
234751
234752
234755
234756
234757
234758
234759
234760
234761
234762
234763
234764
234765
234766
234767
234768
234769
234770
234771
234772
234773
234774
234775
234776
234777
234778
234779
234780
234781
234782
234783
234784
234785
234786
234787
234788
234789
234790
234791
234792
234793
234794
234795
234796
234797
234798
234799
234800
234801
234802
234803
234804
234805
234806
234807
234808
234809
234810
234818
235963
235966
235977
235978
235979
235980
235981
235982
235983
235984
235985
235986
235987
235988
235989
235990
235991
235992
235993
235994
235995
235996
235997
235998
235999
236000
236001
236002
236003
236004
236005
236006
236007
236008
236009
236010
236011
236012
236013
236014
236015
236016
236017
236018
236019
236020
236021
236022
236023
236024
236025
236026
236027
236028
236029
236030
236031
236032
236033
236034
236035
236036
236037
236038
236039
236040
236041
236042
236043
236044
236045
236046
236047
236048
236049
236050
236052
236054
236055
236056
236057
236058
236060
236061
236062
236063
236065
236066
236067
236069
236070
239409
239410
239411
239412
239413
239414
239415
239416
239417
239418
239419
239420
239421
239422
239423
239424
239425
239426
239427
239428
239429
239430
239431
239432
239433
239434
239435
239436
239437
239438
239439
239440
239441
239442
239443
239444
239445
239446
239447
239451
240262
240263
240266
240269
240270
240271
240272
240273
240274
240275
240276
240277
240278
240279
240280
240281
240282
240283
240284
240285
240286
240287
240288
240289
240290
240291
240292
240293
240294
240295
240296
240297
240298
240299
240300
240301
240302
240303
240304
240305
240306
240307
240308
240309
240310
240311
240312
240313
240320
240321
242819
242820
242823
242824
242825
242826
242827
242829
242830
242831
242832
242833
242834
242835
242836
242837
242838
242839
242840
242841
242842
242843
242844
242845
242846
242847
242848
242849
242850
242851
242852
242853
242854
242855
242856
242857
242858
242859
242860
242861
242862
242863
242864
242865
242866
242867
243579
243583
243584
243586
243587
243588
243589
243590
243591
243592
243593
243594
243595
243596
243597
243598
243599
243600
243601
243602
243603
243604
243605
243606
243607
243608
243609
243610
243611
243612
243613
243614
243615
243616
243617
243618
243619
243620
243621
243622
243623
243624
243625
243626
243628
243629
243631
243632
243634
243635
243636
245518
245519
245520
245521
245522
245523
245524
245525
245526
245527
245528
245529
245530
245531
245532
245533
245534
245535
245536
245537
245890
245891
245892
245893
245894
245895
245896
245897
245898
245899
245900
245901
245902
245903
245904
245905
245906
245907
245908
245909
245910
247125
247126
247127
247128
247129
247130
247131
247133
247134
247135
247136
247137
247138
247139
247140
247141
247142
247143
247144
247145
247146
247147
247148
247149
247150
247151
247152
247428
247432
247434
247435
247436
247437
247438
247439
247440
247441
247442
247443
247444
247445
247991
247992
247993
248036
248173
248174
248175
248176
248177
248202
248753
248754
248759
248762
248763
248765
248776
248777
248778
248780
248783
248789
248790
248796
248797
248799
248801
248803
248804
248812
248819
248913
248918
248923
248924
248925
248926
248927
248928
248929
248930
248932
249215
249239
249288
249392
249475
249476
249542
249549
249840
249845
249847
249848
249850
249854
249857
249860
249861
249907
249908
249909
249911
249913
250034
250035
250046
250121
250122
250135
250372
250378
250406
250446
)


// ************************************************************************* //
