/*--------------------------------*- C++ -*----------------------------------*\
| =========                 |                                                 |
| \\      /  F ield         | OpenFOAM: The Open Source CFD Toolbox           |
|  \\    /   O peration     | Version:  v1612+                                |
|   \\  /    A nd           | Web:      www.OpenFOAM.com                      |
|    \\/     M anipulation  |                                                 |
\*---------------------------------------------------------------------------*/
FoamFile
{
    version     2.0;
    format      ascii;
    class       volVectorField;
    location    "200";
    object      wallShearStress;
}
// * * * * * * * * * * * * * * * * * * * * * * * * * * * * * * * * * * * * * //

dimensions      [0 2 -2 0 0 0 0];

internalField   uniform (0 0 0);

boundaryField
{
    WALL
    {
        type            calculated;
        value           nonuniform List<vector> 
1482
(
(-0.00892079 -0.0115691 -0.00400307)
(-0.00873679 -0.0115567 -0.00413393)
(-0.0100952 -0.0120997 -0.00468243)
(-0.00947207 -0.0108123 -0.00448918)
(-0.00901478 -0.0113145 -0.00396975)
(-0.00867673 -0.0112873 -0.00415293)
(-0.00877063 -0.0111357 -0.00406914)
(-0.00913651 -0.011467 -0.00385348)
(-0.00861107 -0.0114528 -0.00385715)
(-0.00857175 -0.0113742 -0.00384074)
(-0.00815886 -0.0103314 -0.00294749)
(-0.00861876 -0.0105237 -0.00329424)
(-0.00826315 -0.010208 -0.00322241)
(-0.00832281 -0.00984237 -0.0037695)
(-0.00794079 -0.0103878 -0.00311064)
(-0.00798625 -0.0103325 -0.0031989)
(-0.00767688 -0.00970654 -0.00315631)
(-0.00797398 -0.00951594 -0.00337523)
(-0.00931938 -0.0116218 -0.00398826)
(-0.00878391 -0.0110918 -0.0041131)
(-0.00915625 -0.0115572 -0.00390427)
(-0.00840405 -0.0111648 -0.00417282)
(-0.0091219 -0.0114431 -0.0037026)
(-0.00856311 -0.0109104 -0.00409209)
(-0.0100803 -0.0131165 -0.00453499)
(-0.0102297 -0.0128928 -0.00437552)
(-0.007993 -0.010532 -0.00339997)
(-0.00873662 -0.01147 -0.00372191)
(-0.00709321 -0.00902603 -0.00304918)
(-0.00722407 -0.00942342 -0.00301519)
(-0.00813168 -0.0105175 -0.00356632)
(-0.00821396 -0.0108126 -0.00372047)
(-0.00867953 -0.0103698 -0.00343391)
(-0.00893308 -0.0104099 -0.00390367)
(-0.00996582 -0.0112785 -0.00467443)
(-0.0101609 -0.0122579 -0.00458136)
(-0.00910191 -0.0110832 -0.00343434)
(-0.00928233 -0.0118844 -0.00354612)
(-0.00884211 -0.0120582 -0.0045958)
(-0.00961924 -0.0123109 -0.00450756)
(-0.00867249 -0.0114282 -0.00429785)
(-0.00858379 -0.0109406 -0.00379847)
(-0.00913996 -0.0120062 -0.00447876)
(-0.00938591 -0.0120937 -0.00487372)
(-0.00867903 -0.0113206 -0.00388881)
(-0.00948743 -0.012629 -0.00449816)
(-0.00813103 -0.0102451 -0.00339998)
(-0.00755707 -0.00924335 -0.00379504)
(-0.00855344 -0.0107139 -0.00376088)
(-0.00768689 -0.0103945 -0.00394688)
(-0.00843517 -0.0104099 -0.00335511)
(-0.00799265 -0.0101628 -0.00308994)
(-0.00768652 -0.0105173 -0.00322595)
(-0.0082593 -0.0110485 -0.0035643)
(-0.00833106 -0.0109894 -0.00348812)
(-0.00863991 -0.011333 -0.0036237)
(-0.00875785 -0.0121327 -0.00421634)
(-0.00824065 -0.0118297 -0.00411565)
(-0.00861087 -0.0108415 -0.00371827)
(-0.00853512 -0.0109773 -0.00385718)
(-0.00933179 -0.0119469 -0.00439873)
(-0.00901469 -0.0114524 -0.00392208)
(-0.0079128 -0.0100449 -0.0030681)
(-0.00801467 -0.00975216 -0.00323836)
(-0.00921636 -0.0118641 -0.00417549)
(-0.00930405 -0.0120112 -0.00446843)
(-0.00925432 -0.011825 -0.00448097)
(-0.00948488 -0.0118508 -0.00426281)
(-0.00893676 -0.0107612 -0.00376586)
(-0.00895972 -0.0113537 -0.00408998)
(-0.00988644 -0.0125369 -0.004385)
(-0.00908446 -0.0114516 -0.0042907)
(-0.00951759 -0.0124502 -0.0046029)
(-0.00922946 -0.0116044 -0.00407058)
(-0.00826221 -0.0111178 -0.00357006)
(-0.00818464 -0.0107397 -0.00336497)
(-0.00814667 -0.0106663 -0.0034003)
(-0.0081949 -0.01096 -0.00330002)
(-0.00822208 -0.0106491 -0.00333853)
(-0.00795921 -0.010391 -0.00321353)
(-0.00881489 -0.0111555 -0.00379362)
(-0.00937573 -0.011586 -0.00394543)
(-0.00868768 -0.0114831 -0.00407836)
(-0.00862316 -0.0113012 -0.00445149)
(-0.00888451 -0.0108544 -0.00374498)
(-0.00896919 -0.0114441 -0.00386919)
(-0.00865184 -0.0106866 -0.00376953)
(-0.0090263 -0.0115244 -0.00425689)
(-0.0087326 -0.010138 -0.00372513)
(-0.00825071 -0.0104673 -0.00310185)
(-0.00877014 -0.0104646 -0.00382535)
(-0.00849866 -0.010639 -0.00337995)
(-0.00792984 -0.0103831 -0.00308574)
(-0.00823564 -0.0104271 -0.00320194)
(-0.00856346 -0.0104792 -0.00396136)
(-0.00897211 -0.0111479 -0.00420735)
(-0.00818194 -0.0100963 -0.00366635)
(-0.00819981 -0.0101108 -0.00313563)
(-0.00842221 -0.0104469 -0.00360015)
(-0.0090434 -0.0106814 -0.00408121)
(-0.00791255 -0.00961353 -0.00321695)
(-0.00822443 -0.00981294 -0.00376825)
(-0.00871704 -0.010366 -0.0039626)
(-0.00790042 -0.0105397 -0.00356723)
(-0.00870417 -0.0105303 -0.00335152)
(-0.00868414 -0.010418 -0.00344024)
(-0.00712173 -0.0103412 -0.00335334)
(-0.00750039 -0.00972263 -0.00309855)
(-0.00742961 -0.00957992 -0.00318324)
(-0.00954011 -0.010429 -0.00460075)
(-0.00947901 -0.0115066 -0.00421087)
(-0.00937461 -0.0110091 -0.00358074)
(-0.00983673 -0.0116672 -0.00390844)
(-0.00862047 -0.0105155 -0.00374188)
(-0.00891574 -0.0110472 -0.00359142)
(-0.00997276 -0.0115363 -0.00476264)
(-0.00952778 -0.0106752 -0.00483519)
(-0.00925707 -0.0115419 -0.00372764)
(-0.00989161 -0.0120957 -0.00397089)
(-0.00939824 -0.0115337 -0.00374018)
(-0.00912993 -0.0113539 -0.0034506)
(-0.00935187 -0.0116962 -0.00356488)
(-0.00980955 -0.0115953 -0.00400281)
(-0.0087233 -0.0111055 -0.00413393)
(-0.00891526 -0.011466 -0.00385956)
(-0.00843441 -0.011129 -0.00403918)
(-0.00932111 -0.0121439 -0.00442821)
(-0.00930473 -0.01148 -0.00392716)
(-0.00924381 -0.0125009 -0.00439886)
(-0.00904292 -0.01206 -0.00432494)
(-0.0087595 -0.0120926 -0.00459876)
(-0.0090806 -0.0120435 -0.00435379)
(-0.00896371 -0.0124488 -0.00472925)
(-0.00896028 -0.0120365 -0.00425901)
(-0.00975058 -0.0113177 -0.00460889)
(-0.00981091 -0.0122516 -0.00390078)
(-0.0102672 -0.0125677 -0.00419041)
(-0.0101699 -0.0119228 -0.00416111)
(-0.0114044 -0.0136705 -0.0046113)
(-0.0100117 -0.0129496 -0.00415545)
(-0.00974821 -0.0123944 -0.00417047)
(-0.00978626 -0.0121887 -0.00401042)
(-0.0095318 -0.012076 -0.00382429)
(-0.00828891 -0.0102344 -0.00414353)
(-0.00900442 -0.0105962 -0.00379607)
(-0.00876359 -0.0106514 -0.00336545)
(-0.00861368 -0.0104487 -0.00366263)
(-0.00821639 -0.0100862 -0.00351419)
(-0.00850629 -0.0104105 -0.00455174)
(-0.00897339 -0.0109041 -0.00371381)
(-0.00849832 -0.010533 -0.00388087)
(-0.00815865 -0.010053 -0.00349113)
(-0.00821698 -0.0101114 -0.00389671)
(-0.00842947 -0.0101433 -0.00362766)
(-0.0105151 -0.0129783 -0.0043548)
(-0.0102377 -0.012511 -0.00414489)
(-0.0104521 -0.0129143 -0.00415728)
(-0.0107687 -0.0138076 -0.00459956)
(-0.0100795 -0.0128871 -0.00429773)
(-0.0105967 -0.0130691 -0.00430835)
(-0.0103245 -0.0129963 -0.00428919)
(-0.00993735 -0.0124164 -0.00406207)
(-0.0105877 -0.0130521 -0.00416908)
(-0.00998782 -0.0126649 -0.00411915)
(-0.0101462 -0.0123015 -0.00411575)
(-0.00981709 -0.0121889 -0.00410709)
(-0.0100986 -0.0125052 -0.00395119)
(-0.0104533 -0.0128302 -0.00421144)
(-0.0105682 -0.0129723 -0.00421687)
(-0.0101243 -0.0121823 -0.0041013)
(-0.0105122 -0.0130597 -0.00419001)
(-0.0107542 -0.0129896 -0.00435644)
(-0.0108783 -0.0131862 -0.00456506)
(-0.00961465 -0.0119446 -0.00376749)
(-0.010245 -0.0122694 -0.00426273)
(-0.0103044 -0.0121054 -0.00422216)
(-0.0103687 -0.0130185 -0.00423399)
(-0.0103962 -0.0127002 -0.00433655)
(-0.0102194 -0.0126211 -0.0041274)
(-0.00856022 -0.0121441 -0.0042832)
(-0.00864355 -0.0115897 -0.00401448)
(-0.00814339 -0.0118118 -0.00396464)
(-0.00827201 -0.0116214 -0.00389231)
(-0.00892616 -0.0119965 -0.00403718)
(-0.00840817 -0.0116822 -0.00403335)
(-0.00815221 -0.0117121 -0.0038048)
(-0.00818266 -0.0116339 -0.00386621)
(-0.00856058 -0.0118683 -0.00371324)
(-0.00757715 -0.0112396 -0.0036688)
(-0.00797432 -0.0112224 -0.00374411)
(-0.00837486 -0.0115057 -0.00376758)
(-0.00792069 -0.0108658 -0.00336665)
(-0.00787954 -0.0104634 -0.00325196)
(-0.00799227 -0.0111314 -0.00334927)
(-0.00783213 -0.0112039 -0.00357187)
(-0.00798683 -0.0107214 -0.00348283)
(-0.00849279 -0.0116413 -0.00377173)
(-0.00848329 -0.0111493 -0.00369795)
(-0.00868039 -0.0114299 -0.00356216)
(-0.00829649 -0.0108662 -0.0035927)
(-0.00857358 -0.0115536 -0.00385144)
(-0.0086247 -0.011297 -0.00366618)
(-0.00780168 -0.00985343 -0.00323982)
(-0.00764724 -0.00925881 -0.00324961)
(-0.00781074 -0.00985963 -0.00317028)
(-0.00775891 -0.010072 -0.00317859)
(-0.00747587 -0.00914023 -0.00328272)
(-0.00760707 -0.00939937 -0.00326697)
(-0.00777472 -0.00948734 -0.00314966)
(-0.00775412 -0.00964486 -0.00325394)
(-0.00806006 -0.0101909 -0.0033121)
(-0.00827149 -0.0101127 -0.00335766)
(-0.00781739 -0.00982586 -0.00319634)
(-0.00774571 -0.00989772 -0.00316236)
(-0.00869104 -0.0108864 -0.00363423)
(-0.00827309 -0.0110527 -0.00361155)
(-0.00854429 -0.0109374 -0.00345743)
(-0.00844131 -0.0108309 -0.00353757)
(-0.00805722 -0.0104952 -0.00346449)
(-0.0085749 -0.011149 -0.00346934)
(-0.00882438 -0.0116908 -0.0040708)
(-0.00864849 -0.0115039 -0.00400833)
(-0.00875534 -0.0117116 -0.00402445)
(-0.00880562 -0.0117142 -0.00392396)
(-0.00843293 -0.0112422 -0.00396346)
(-0.00890795 -0.0118316 -0.00405275)
(-0.00923208 -0.0122578 -0.00401198)
(-0.00899782 -0.0112309 -0.00358428)
(-0.00929079 -0.0124828 -0.00392496)
(-0.0091101 -0.0123486 -0.0040693)
(-0.00905409 -0.0117979 -0.00383132)
(-0.00886241 -0.011596 -0.00391593)
(-0.00891608 -0.0115744 -0.00400894)
(-0.00915481 -0.0113183 -0.00381537)
(-0.0087123 -0.0114953 -0.00395784)
(-0.00909869 -0.0116584 -0.00398218)
(-0.00880839 -0.0113404 -0.00384722)
(-0.00994452 -0.0125268 -0.00402995)
(-0.00994936 -0.0130839 -0.00422616)
(-0.00943719 -0.0118266 -0.00376588)
(-0.00949654 -0.0118265 -0.00398365)
(-0.00948413 -0.0122112 -0.00384516)
(-0.00955385 -0.0120635 -0.00400414)
(-0.00910733 -0.0119113 -0.00410197)
(-0.00908125 -0.0121855 -0.00408299)
(-0.00938737 -0.0124847 -0.00433399)
(-0.00902562 -0.011589 -0.00401742)
(-0.00916558 -0.012033 -0.00415419)
(-0.00895864 -0.0115589 -0.00392281)
(-0.00803582 -0.00984635 -0.00318598)
(-0.0077438 -0.00995978 -0.00351539)
(-0.00779572 -0.0105506 -0.00377201)
(-0.00821246 -0.0105765 -0.00369143)
(-0.00805199 -0.0103823 -0.00353952)
(-0.00777911 -0.0106298 -0.00374822)
(-0.00843346 -0.0107402 -0.00341983)
(-0.00852977 -0.0109204 -0.00353477)
(-0.0082494 -0.0104223 -0.00336633)
(-0.00830156 -0.0107699 -0.00332335)
(-0.00800495 -0.0105179 -0.00332219)
(-0.00787794 -0.010526 -0.00340029)
(-0.00821479 -0.0100972 -0.00337908)
(-0.00817938 -0.0101098 -0.00337591)
(-0.00808918 -0.0101589 -0.00333404)
(-0.00801255 -0.0100676 -0.00329285)
(-0.00812887 -0.0103187 -0.00323848)
(-0.00769975 -0.00982828 -0.00315522)
(-0.00873362 -0.0111918 -0.00372831)
(-0.00803163 -0.0100878 -0.00355483)
(-0.00807542 -0.0100263 -0.00344552)
(-0.00822872 -0.0102368 -0.00421749)
(-0.00844624 -0.0104448 -0.00346932)
(-0.0083591 -0.0108617 -0.0043374)
(-0.00746342 -0.00934016 -0.00307058)
(-0.00776282 -0.00939413 -0.00349537)
(-0.00763403 -0.00945248 -0.00313052)
(-0.00766133 -0.00926175 -0.00344949)
(-0.00752734 -0.00931268 -0.00327287)
(-0.00809773 -0.0103905 -0.00335287)
(-0.00856456 -0.0104106 -0.00330098)
(-0.00800813 -0.00979432 -0.00322037)
(-0.00861199 -0.0105275 -0.00333135)
(-0.00731093 -0.00933144 -0.00320123)
(-0.00767195 -0.00972324 -0.00330033)
(-0.00856681 -0.0108287 -0.00389263)
(-0.00843843 -0.0108499 -0.00381251)
(-0.00857785 -0.0109088 -0.00357856)
(-0.00841761 -0.010724 -0.00365159)
(-0.00830112 -0.0108162 -0.00369693)
(-0.00825563 -0.0107786 -0.0037461)
(-0.00851649 -0.0108538 -0.00373581)
(-0.00831743 -0.0112189 -0.00410927)
(-0.00899574 -0.0108151 -0.00372007)
(-0.00835274 -0.0110087 -0.00441579)
(-0.00895568 -0.0117611 -0.00440961)
(-0.00899204 -0.0113039 -0.00364582)
(-0.00857962 -0.0112902 -0.0045091)
(-0.00878986 -0.0111617 -0.00460758)
(-0.00854258 -0.010665 -0.0040938)
(-0.00915474 -0.0114463 -0.00405132)
(-0.0089584 -0.0108825 -0.00385933)
(-0.00845832 -0.0111886 -0.004682)
(-0.00892431 -0.0110531 -0.00373121)
(-0.0090935 -0.0111987 -0.00429592)
(-0.00836645 -0.0106622 -0.00392977)
(-0.00798452 -0.0105814 -0.00435004)
(-0.00844213 -0.0105738 -0.0039946)
(-0.0086094 -0.0104574 -0.00356639)
(-0.00813005 -0.0108871 -0.00428434)
(-0.00806138 -0.00991387 -0.00350813)
(-0.0086604 -0.0109577 -0.00370901)
(-0.00867848 -0.0112795 -0.00390243)
(-0.00927293 -0.011453 -0.00426271)
(-0.00768855 -0.0103096 -0.00416007)
(-0.00798151 -0.0109388 -0.00415742)
(-0.00828263 -0.0108348 -0.00369748)
(-0.0081141 -0.0105581 -0.00368674)
(-0.00856976 -0.0114277 -0.0041249)
(-0.00828777 -0.0103599 -0.00373869)
(-0.00753269 -0.0100272 -0.00406363)
(-0.00810253 -0.0103775 -0.00348207)
(-0.00801452 -0.0101677 -0.00348217)
(-0.00781464 -0.0101913 -0.00408606)
(-0.00768128 -0.00969248 -0.00350076)
(-0.00781737 -0.00973068 -0.00325887)
(-0.00882123 -0.0107539 -0.00358163)
(-0.00824161 -0.010908 -0.00421855)
(-0.00912031 -0.0112998 -0.00410733)
(-0.00835691 -0.0104149 -0.00378721)
(-0.00851845 -0.0109361 -0.00424649)
(-0.00876966 -0.0112364 -0.00368698)
(-0.00946082 -0.0123633 -0.00417224)
(-0.00877926 -0.0115612 -0.0038379)
(-0.0090968 -0.0118637 -0.00414376)
(-0.00936121 -0.0118379 -0.00403146)
(-0.00939924 -0.0118328 -0.00411258)
(-0.00939942 -0.0121926 -0.00416464)
(-0.00891884 -0.0115981 -0.00401897)
(-0.00892751 -0.0115709 -0.00418936)
(-0.00857574 -0.0107452 -0.00373344)
(-0.00880626 -0.0108832 -0.00383574)
(-0.0091785 -0.0115797 -0.00413041)
(-0.00880022 -0.0114356 -0.00406934)
(-0.00953676 -0.0125122 -0.00327788)
(-0.00946647 -0.0117276 -0.00358903)
(-0.00990323 -0.0129602 -0.00379232)
(-0.0101335 -0.0124784 -0.00438771)
(-0.0102039 -0.0126113 -0.0041848)
(-0.0101934 -0.0123323 -0.00402381)
(-0.0101744 -0.0126952 -0.00405935)
(-0.0101563 -0.0127255 -0.00395884)
(-0.00931914 -0.0118962 -0.00440299)
(-0.0102218 -0.0125227 -0.0041222)
(-0.00934102 -0.0114152 -0.00390203)
(-0.00938004 -0.0117529 -0.00484517)
(-0.0100238 -0.0124614 -0.00437498)
(-0.010035 -0.0121524 -0.00512475)
(-0.0111408 -0.013645 -0.00434438)
(-0.0092897 -0.0114651 -0.00450863)
(-0.0096079 -0.0118703 -0.00395187)
(-0.00979171 -0.0120064 -0.00473954)
(-0.0101138 -0.0125496 -0.0043517)
(-0.0100906 -0.0122025 -0.00410151)
(-0.00960491 -0.0118467 -0.00381692)
(-0.00874915 -0.0114393 -0.00385875)
(-0.00845974 -0.0112473 -0.00380459)
(-0.00894077 -0.0116306 -0.00384157)
(-0.00853168 -0.0110806 -0.0037198)
(-0.00850116 -0.0112911 -0.00386512)
(-0.00870622 -0.0111387 -0.00379221)
(-0.00878575 -0.011636 -0.00411566)
(-0.00879983 -0.0114037 -0.00399815)
(-0.00950235 -0.0123964 -0.00431479)
(-0.00917009 -0.0123478 -0.00480615)
(-0.00914524 -0.0119092 -0.00442592)
(-0.00901993 -0.0123602 -0.00455916)
(-0.008917 -0.0122967 -0.00455007)
(-0.0084562 -0.0115999 -0.00445326)
(-0.00911386 -0.0115708 -0.00413982)
(-0.00881074 -0.0114311 -0.00431677)
(-0.00904406 -0.0114202 -0.00406278)
(-0.00919161 -0.011748 -0.00401795)
(-0.00947603 -0.0125473 -0.00470451)
(-0.00944158 -0.011781 -0.00436828)
(-0.00942059 -0.0115379 -0.00473575)
(-0.00941387 -0.0119796 -0.00494367)
(-0.0102611 -0.0125341 -0.00448443)
(-0.0093491 -0.0117449 -0.00459085)
(-0.0104057 -0.0132852 -0.00461073)
(-0.00981719 -0.0125133 -0.00396488)
(-0.00949187 -0.0118129 -0.00440101)
(-0.0092069 -0.0118697 -0.0047928)
(-0.00989458 -0.0127496 -0.00499012)
(-0.00927384 -0.0114074 -0.00394335)
(-0.00986672 -0.0127115 -0.00514439)
(-0.00893748 -0.0110259 -0.00331752)
(-0.00903203 -0.0113992 -0.00354735)
(-0.00910522 -0.0110126 -0.00374271)
(-0.00925948 -0.0116332 -0.00352183)
(-0.00864869 -0.0101933 -0.00326731)
(-0.00887941 -0.0109711 -0.00350162)
(-0.00900244 -0.011352 -0.00362195)
(-0.0095051 -0.0120222 -0.00372697)
(-0.00975919 -0.0122777 -0.00383258)
(-0.0099319 -0.0122878 -0.00387838)
(-0.0104517 -0.0128785 -0.00413129)
(-0.00967561 -0.0122838 -0.00386075)
(-0.0100856 -0.0123528 -0.00415509)
(-0.0100475 -0.0121869 -0.0040324)
(-0.0101638 -0.0128048 -0.00410199)
(-0.0102085 -0.0126803 -0.00413474)
(-0.00985145 -0.0122888 -0.00393077)
(-0.00930133 -0.011241 -0.00379266)
(-0.00978763 -0.0118557 -0.00394285)
(-0.00992073 -0.0118969 -0.00409625)
(-0.00971782 -0.0115933 -0.00406761)
(-0.00954176 -0.0116662 -0.00377344)
(-0.00972465 -0.0118736 -0.00397786)
(-0.00904369 -0.0109817 -0.00373662)
(-0.00967666 -0.0115918 -0.00380296)
(-0.010072 -0.0115954 -0.0047595)
(-0.00966122 -0.0120245 -0.00396268)
(-0.0101598 -0.0120894 -0.00469059)
(-0.00939657 -0.0113456 -0.00432933)
(-0.00902226 -0.0110365 -0.00368585)
(-0.00922069 -0.0111718 -0.00408559)
(-0.00932805 -0.0112369 -0.00465235)
(-0.0095345 -0.0120442 -0.00401882)
(-0.00989952 -0.0117534 -0.00439729)
(-0.00961773 -0.0112417 -0.0048043)
(-0.00954029 -0.0111688 -0.00404044)
(-0.00903411 -0.011034 -0.00365236)
(-0.00952822 -0.0108208 -0.00402446)
(-0.00983301 -0.011511 -0.00411557)
(-0.00953084 -0.0116348 -0.00396645)
(-0.00890865 -0.0105938 -0.00366976)
(-0.00907554 -0.0114343 -0.00348266)
(-0.00940027 -0.011278 -0.00353753)
(-0.00852685 -0.0106007 -0.00370822)
(-0.00961085 -0.0114087 -0.00435054)
(-0.00985464 -0.0116709 -0.00477453)
(-0.00893018 -0.0107121 -0.00410718)
(-0.00969281 -0.0114276 -0.00432407)
(-0.00824099 -0.00988203 -0.00388398)
(-0.00913863 -0.0106421 -0.00456171)
(-0.00861348 -0.0102219 -0.00366718)
(-0.00886927 -0.0108068 -0.00375464)
(-0.00859855 -0.0102605 -0.0038956)
(-0.00856123 -0.0100715 -0.00346302)
(-0.00875024 -0.0111243 -0.00351251)
(-0.00839671 -0.00985472 -0.0042574)
(-0.00923319 -0.0108032 -0.00417657)
(-0.00899212 -0.0103686 -0.00465246)
(-0.00817281 -0.00948895 -0.0038234)
(-0.0102163 -0.0121898 -0.00428674)
(-0.0100746 -0.0124239 -0.00406141)
(-0.0101913 -0.0123433 -0.00418124)
(-0.00977767 -0.0118981 -0.00388064)
(-0.0100442 -0.0125298 -0.00409563)
(-0.0097684 -0.012135 -0.00384764)
(-0.0101476 -0.0123374 -0.004046)
(-0.00951381 -0.0116999 -0.00399332)
(-0.00984829 -0.0117793 -0.00418901)
(-0.00980666 -0.0118824 -0.00388143)
(-0.010472 -0.0127539 -0.00456803)
(-0.00992724 -0.0115053 -0.00445938)
(-0.0104805 -0.0126561 -0.00461027)
(-0.00949876 -0.0114793 -0.00399895)
(-0.0101436 -0.0119878 -0.0047136)
(-0.0099015 -0.0118275 -0.00422492)
(-0.00958635 -0.0117899 -0.00378231)
(-0.00971549 -0.0120831 -0.00405624)
(-0.00730678 -0.0100456 -0.00379718)
(-0.00773063 -0.010246 -0.00380294)
(-0.00853311 -0.0104988 -0.00376727)
(-0.00797668 -0.010135 -0.00354427)
(-0.00843514 -0.0115004 -0.00410971)
(-0.00837649 -0.0101704 -0.00336025)
(-0.00864517 -0.0106012 -0.00340728)
(-0.00846387 -0.010657 -0.00349008)
(-0.00850436 -0.0110431 -0.00368364)
(-0.00833449 -0.0109414 -0.00360574)
(-0.00884942 -0.0111311 -0.00348957)
(-0.00878147 -0.0114419 -0.00384039)
(-0.00804846 -0.0101222 -0.00331142)
(-0.00789837 -0.00971862 -0.00336845)
(-0.00795797 -0.0105091 -0.00367163)
(-0.00699611 -0.0093083 -0.00316439)
(-0.00749304 -0.00991258 -0.00339583)
(-0.00855458 -0.0113109 -0.00355763)
(-0.00854547 -0.0109078 -0.00354839)
(-0.00843467 -0.0113643 -0.00358691)
(-0.00851292 -0.0114917 -0.00365195)
(-0.00826267 -0.0101837 -0.00313403)
(-0.00963533 -0.012101 -0.00428057)
(-0.00952687 -0.0115657 -0.00393916)
(-0.00949704 -0.0120327 -0.00455603)
(-0.00936274 -0.0112055 -0.003645)
(-0.00892813 -0.0116121 -0.00432128)
(-0.00995109 -0.0127641 -0.00426414)
(-0.00963942 -0.0125917 -0.00423369)
(-0.00996449 -0.0124124 -0.00405719)
(-0.0102122 -0.0128385 -0.00437661)
(-0.00960066 -0.0121798 -0.00412819)
(-0.00810457 -0.00951446 -0.00433609)
(-0.00848706 -0.0100728 -0.00356234)
(-0.0078187 -0.00985176 -0.003025)
(-0.00826511 -0.0106386 -0.00364873)
(-0.00726801 -0.0090705 -0.00302866)
(-0.00804134 -0.0101985 -0.0032672)
(-0.00823434 -0.00994452 -0.00356408)
(-0.00805053 -0.0100103 -0.00306774)
(-0.00860779 -0.0105825 -0.00337937)
(-0.00797571 -0.0098106 -0.00321575)
(-0.00800622 -0.0101971 -0.00319082)
(-0.00836822 -0.0102874 -0.00313877)
(-0.00853336 -0.010201 -0.00385336)
(-0.00830239 -0.0101574 -0.00330974)
(-0.00872132 -0.0107954 -0.00350146)
(-0.00831326 -0.00990645 -0.00374616)
(-0.00830851 -0.0106396 -0.00341657)
(-0.00808123 -0.00998531 -0.00301911)
(-0.00859004 -0.0103776 -0.00391847)
(-0.00815148 -0.0102431 -0.00298083)
(-0.00807253 -0.00987567 -0.00360317)
(-0.00880534 -0.0111219 -0.00331399)
(-0.00819077 -0.0102253 -0.00372237)
(-0.00816162 -0.00998876 -0.00375983)
(-0.00895307 -0.0107332 -0.00391397)
(-0.00879753 -0.0117628 -0.00440405)
(-0.00819009 -0.0108343 -0.00378364)
(-0.00907979 -0.011852 -0.00405016)
(-0.00871405 -0.0115076 -0.00456224)
(-0.00845479 -0.0105365 -0.00332132)
(-0.00951276 -0.0116429 -0.00402308)
(-0.0080426 -0.00974307 -0.00330306)
(-0.00836781 -0.00993817 -0.00311686)
(-0.00931507 -0.0114287 -0.00347197)
(-0.00931421 -0.0110354 -0.00363494)
(-0.00860239 -0.0107845 -0.00424195)
(-0.00867164 -0.0111707 -0.00442347)
(-0.00845059 -0.01032 -0.00367923)
(-0.00844399 -0.0106773 -0.00431457)
(-0.00843305 -0.0105069 -0.0041267)
(-0.00910359 -0.0112155 -0.00408115)
(-0.0090231 -0.0112256 -0.00357247)
(-0.00884055 -0.0107097 -0.00352432)
(-0.00685079 -0.00991988 -0.0029284)
(-0.00746713 -0.0109429 -0.00342519)
(-0.00748066 -0.0108747 -0.00342345)
(-0.00733891 -0.0104501 -0.00323385)
(-0.00703139 -0.0103151 -0.0030276)
(-0.00693223 -0.00999383 -0.00293898)
(-0.00733095 -0.00896812 -0.00301999)
(-0.0077965 -0.00885144 -0.00375021)
(-0.0073016 -0.00900648 -0.00305061)
(-0.00818536 -0.00950652 -0.00383288)
(-0.00739732 -0.00919985 -0.00314517)
(-0.00754655 -0.00918357 -0.00305766)
(-0.00772506 -0.00910902 -0.00357113)
(-0.00792451 -0.00902537 -0.00372029)
(-0.00867494 -0.0101146 -0.00389166)
(-0.00712053 -0.00919377 -0.0027617)
(-0.00665967 -0.00855448 -0.00268149)
(-0.00751182 -0.00937483 -0.00304961)
(-0.00727082 -0.00916858 -0.0029567)
(-0.00717413 -0.00888849 -0.00291457)
(-0.00706261 -0.00881144 -0.00283682)
(-0.00726259 -0.00980882 -0.00299153)
(-0.00740342 -0.0103252 -0.00288588)
(-0.0069902 -0.00953074 -0.00277213)
(-0.00697562 -0.0095916 -0.00285558)
(-0.00725772 -0.00959284 -0.00294328)
(-0.00821807 -0.0106574 -0.00320602)
(-0.0082728 -0.0105979 -0.00324295)
(-0.00823259 -0.0103061 -0.00321541)
(-0.00780614 -0.0102685 -0.00305589)
(-0.00811231 -0.0103859 -0.00325106)
(-0.0080083 -0.0103143 -0.00310652)
(-0.00828277 -0.0102785 -0.00325645)
(-0.0082166 -0.0104118 -0.00318505)
(-0.00799828 -0.0103206 -0.00321023)
(-0.00789439 -0.0100504 -0.00314433)
(-0.00807802 -0.0101793 -0.00316503)
(-0.00831923 -0.0105534 -0.00322343)
(-0.00716224 -0.00870225 -0.00296858)
(-0.00693726 -0.0083691 -0.00290672)
(-0.00711064 -0.00871772 -0.0030609)
(-0.00664104 -0.00860667 -0.00260457)
(-0.00700298 -0.00923539 -0.00278172)
(-0.0066859 -0.00918506 -0.00268418)
(-0.00646699 -0.00862678 -0.00260026)
(-0.00671929 -0.00911868 -0.00258763)
(-0.00649809 -0.00868324 -0.00266467)
(-0.0080155 -0.010317 -0.0032888)
(-0.00815113 -0.0100046 -0.00308254)
(-0.00816343 -0.0102475 -0.00346267)
(-0.00824037 -0.0100966 -0.00306615)
(-0.00863191 -0.0109097 -0.00343274)
(-0.00895425 -0.0106161 -0.0035748)
(-0.00847398 -0.0104702 -0.00282949)
(-0.00877614 -0.0106301 -0.00390224)
(-0.00819199 -0.0100317 -0.00321446)
(-0.00868454 -0.0106651 -0.00364206)
(-0.00848087 -0.0102031 -0.00376585)
(-0.00819792 -0.00982024 -0.0036094)
(-0.00820954 -0.010093 -0.00346414)
(-0.00928875 -0.0110213 -0.00333079)
(-0.00865268 -0.010744 -0.00436094)
(-0.00841802 -0.0102333 -0.00327029)
(-0.00884565 -0.0111569 -0.0036458)
(-0.00936966 -0.0116879 -0.00382571)
(-0.0101183 -0.012407 -0.00442589)
(-0.00921714 -0.0119194 -0.00433434)
(-0.00927903 -0.0119778 -0.00415568)
(-0.00972223 -0.012543 -0.00447017)
(-0.00964547 -0.0124774 -0.00444529)
(-0.00863867 -0.0113826 -0.00508505)
(-0.0101827 -0.0124488 -0.00466333)
(-0.00895349 -0.0112848 -0.00405779)
(-0.00832732 -0.0103268 -0.00345555)
(-0.00758858 -0.00958509 -0.00332391)
(-0.00758204 -0.010132 -0.00339061)
(-0.00754595 -0.00964097 -0.00329927)
(-0.0100761 -0.0126266 -0.00386389)
(-0.0103443 -0.0127557 -0.00467365)
(-0.0101547 -0.0121539 -0.00407876)
(-0.0100687 -0.0120966 -0.0046014)
(-0.00980732 -0.0116543 -0.00462305)
(-0.00975565 -0.0121661 -0.00435596)
(-0.0101647 -0.0122519 -0.00412766)
(-0.00929982 -0.0118152 -0.00361972)
(-0.00961727 -0.0117114 -0.00466606)
(-0.0103097 -0.0129504 -0.00428601)
(-0.0103377 -0.0121419 -0.00488877)
(-0.00941828 -0.0118614 -0.00372719)
(-0.0103589 -0.0126957 -0.00384835)
(-0.00913099 -0.0114658 -0.00354924)
(-0.00904287 -0.0110505 -0.00368201)
(-0.0092812 -0.0118656 -0.00462435)
(-0.00845627 -0.0108107 -0.00434383)
(-0.00869896 -0.010684 -0.00391504)
(-0.00940497 -0.0115562 -0.00440313)
(-0.00927499 -0.0116781 -0.00376722)
(-0.00971714 -0.0122586 -0.00401096)
(-0.00872747 -0.0111739 -0.004386)
(-0.00899277 -0.0111966 -0.0041902)
(-0.00963237 -0.011865 -0.00439929)
(-0.00933677 -0.0116369 -0.00470829)
(-0.00906937 -0.0113789 -0.00400724)
(-0.00971382 -0.0123083 -0.0041681)
(-0.00972 -0.0117429 -0.00402337)
(-0.00910546 -0.0111713 -0.00459557)
(-0.00860356 -0.0105217 -0.00368184)
(-0.00921497 -0.0113878 -0.0047183)
(-0.00939865 -0.0117873 -0.00390947)
(-0.00878868 -0.0108181 -0.00454669)
(-0.00903096 -0.0111985 -0.00458658)
(-0.00959594 -0.0117365 -0.0042004)
(-0.00894284 -0.0112721 -0.00433229)
(-0.00919907 -0.0112163 -0.00410556)
(-0.00892512 -0.0110109 -0.00399571)
(-0.00873682 -0.0108282 -0.00462961)
(-0.00899891 -0.0109795 -0.00387627)
(-0.00888071 -0.011107 -0.00399667)
(-0.0100739 -0.012712 -0.00442191)
(-0.00929011 -0.011776 -0.00400901)
(-0.0097936 -0.011984 -0.00497495)
(-0.00851307 -0.0105754 -0.00385459)
(-0.00853381 -0.0111255 -0.00443937)
(-0.00864552 -0.0107115 -0.00362367)
(-0.00789261 -0.0099637 -0.00328502)
(-0.00873706 -0.0109962 -0.00290155)
(-0.00771766 -0.00993629 -0.00269899)
(-0.00805636 -0.0101647 -0.00313134)
(-0.00843263 -0.0100934 -0.00376143)
(-0.00802363 -0.0101439 -0.00287927)
(-0.00806627 -0.00955071 -0.0035625)
(-0.00835238 -0.0104356 -0.00332082)
(-0.00849884 -0.0104918 -0.00339622)
(-0.00864266 -0.0108774 -0.00364322)
(-0.00914218 -0.011056 -0.00356016)
(-0.00962015 -0.011549 -0.00428483)
(-0.00918682 -0.0111314 -0.00347246)
(-0.0087016 -0.010592 -0.00380379)
(-0.00763384 -0.00934265 -0.00299679)
(-0.00767232 -0.00930988 -0.00321928)
(-0.007346 -0.00937091 -0.00302376)
(-0.00743634 -0.00959415 -0.00289819)
(-0.00764411 -0.0094502 -0.00309429)
(-0.00811425 -0.0099016 -0.00320323)
(-0.00772403 -0.00973397 -0.0031375)
(-0.0075404 -0.00977684 -0.00297744)
(-0.00769856 -0.0100784 -0.00303933)
(-0.00784134 -0.0102161 -0.0030397)
(-0.0080177 -0.0101629 -0.0031659)
(-0.00755726 -0.00994947 -0.00292457)
(-0.00769527 -0.0098414 -0.00304871)
(-0.00766506 -0.0100389 -0.00297967)
(-0.00843804 -0.0112938 -0.00361548)
(-0.00817473 -0.0107867 -0.00339856)
(-0.00841808 -0.00996159 -0.00334551)
(-0.0082211 -0.0103961 -0.00317493)
(-0.00820609 -0.0108903 -0.00324344)
(-0.00788829 -0.010243 -0.00312366)
(-0.00761582 -0.010142 -0.003095)
(-0.00795589 -0.0100702 -0.00319917)
(-0.00789957 -0.0098616 -0.00315127)
(-0.00763968 -0.0100087 -0.00287403)
(-0.00745223 -0.00961609 -0.0030882)
(-0.00723341 -0.00939674 -0.00284552)
(-0.00676354 -0.00850209 -0.00275074)
(-0.00725102 -0.00942096 -0.00288211)
(-0.00700031 -0.00901254 -0.00276629)
(-0.00828036 -0.00996405 -0.00328703)
(-0.00810766 -0.0097175 -0.00331466)
(-0.00794864 -0.00990313 -0.00308699)
(-0.0071111 -0.00857357 -0.00297798)
(-0.00774196 -0.00965297 -0.00291923)
(-0.00765615 -0.00914031 -0.00322758)
(-0.00742157 -0.00920839 -0.00295105)
(-0.00763941 -0.00958792 -0.00307068)
(-0.00781312 -0.00895564 -0.00360758)
(-0.00790875 -0.00950243 -0.00397928)
(-0.00809733 -0.0100382 -0.00373035)
(-0.00848158 -0.0102053 -0.00336236)
(-0.00764218 -0.00945603 -0.00326862)
(-0.00673352 -0.00931262 -0.00276197)
(-0.00695824 -0.0096416 -0.00278743)
(-0.00716403 -0.0102976 -0.00292122)
(-0.00724881 -0.00958357 -0.00268071)
(-0.00764046 -0.00972073 -0.00275969)
(-0.00747248 -0.00941112 -0.00308713)
(-0.00830202 -0.0105646 -0.00332235)
(-0.00811531 -0.0101909 -0.00300029)
(-0.00800923 -0.0101541 -0.00336946)
(-0.00811742 -0.00985914 -0.00374894)
(-0.00817734 -0.0097939 -0.00361369)
(-0.00772256 -0.00965201 -0.00301608)
(-0.0083409 -0.0103654 -0.00314278)
(-0.00809841 -0.0097681 -0.00371016)
(-0.00847783 -0.0105488 -0.00426664)
(-0.00909465 -0.0119317 -0.00430676)
(-0.00909057 -0.0118992 -0.00444586)
(-0.009266 -0.0114943 -0.00400135)
(-0.00932968 -0.0120255 -0.00412317)
(-0.00954847 -0.0118946 -0.00387316)
(-0.00975754 -0.0121316 -0.00421523)
(-0.00919865 -0.0115451 -0.00388215)
(-0.00988899 -0.01164 -0.00393025)
(-0.00950168 -0.0119795 -0.00397391)
(-0.00866302 -0.0108255 -0.00389406)
(-0.00952353 -0.0116317 -0.00382621)
(-0.00918879 -0.0111795 -0.00368125)
(-0.00841053 -0.0104232 -0.00366966)
(-0.00838144 -0.0110191 -0.0041883)
(-0.00903327 -0.011372 -0.00369693)
(-0.00910615 -0.0116505 -0.00429943)
(-0.00894921 -0.0112369 -0.00389847)
(-0.00827184 -0.0107096 -0.00435162)
(-0.00932012 -0.011731 -0.00428571)
(-0.00892921 -0.0112261 -0.00350279)
(-0.00875661 -0.0107345 -0.00347426)
(-0.00805392 -0.0104215 -0.0040491)
(-0.00839096 -0.0102458 -0.00422743)
(-0.00942929 -0.0116675 -0.00387383)
(-0.00904476 -0.0110817 -0.0036933)
(-0.00878757 -0.0110686 -0.00406907)
(-0.00826922 -0.0108996 -0.00418548)
(-0.00762338 -0.0104219 -0.00421254)
(-0.00877616 -0.0108454 -0.00367255)
(-0.0090281 -0.0109559 -0.00378317)
(-0.0083973 -0.0104073 -0.00366985)
(-0.00842586 -0.0106708 -0.00395627)
(-0.00848032 -0.0107932 -0.00400812)
(-0.00878749 -0.0108371 -0.00379569)
(-0.00916768 -0.0106739 -0.004087)
(-0.0082166 -0.0099983 -0.00350191)
(-0.00927128 -0.0110496 -0.00385397)
(-0.00831617 -0.0100346 -0.00374419)
(-0.00831916 -0.0102969 -0.00312081)
(-0.00859391 -0.0106999 -0.00336334)
(-0.00815702 -0.0101227 -0.00343811)
(-0.00823762 -0.0102003 -0.00344907)
(-0.00887335 -0.0107537 -0.00345817)
(-0.00840413 -0.0106998 -0.00351795)
(-0.00880919 -0.0108801 -0.00411046)
(-0.00856032 -0.0104472 -0.00399105)
(-0.00895567 -0.0109419 -0.00355888)
(-0.00911766 -0.0110764 -0.00363515)
(-0.00864859 -0.0104063 -0.0038757)
(-0.00857204 -0.0104027 -0.0036113)
(-0.00938685 -0.011191 -0.00391373)
(-0.00776015 -0.00948389 -0.00323936)
(-0.00836152 -0.0103743 -0.00324165)
(-0.0084378 -0.0103371 -0.00355652)
(-0.00939133 -0.0121008 -0.00426238)
(-0.00940401 -0.0120201 -0.00417959)
(-0.00854981 -0.0104879 -0.00356218)
(-0.00880719 -0.0106241 -0.003946)
(-0.00898227 -0.0114162 -0.00435411)
(-0.00931088 -0.0111515 -0.00354745)
(-0.00861276 -0.0111861 -0.00398365)
(-0.00883982 -0.0114324 -0.00421614)
(-0.00853727 -0.0105935 -0.00442735)
(-0.00816729 -0.0101042 -0.00339349)
(-0.00805777 -0.00965059 -0.00362223)
(-0.00901496 -0.0109179 -0.00335635)
(-0.00871497 -0.0109259 -0.00368552)
(-0.0080272 -0.00992895 -0.00363285)
(-0.00962202 -0.0126079 -0.00430626)
(-0.00961341 -0.0123634 -0.00438697)
(-0.00992648 -0.0124253 -0.0040348)
(-0.00986694 -0.012182 -0.00409468)
(-0.00873873 -0.0108401 -0.00440895)
(-0.00874083 -0.0108346 -0.00451882)
(-0.00835186 -0.0101835 -0.00412675)
(-0.00872233 -0.0103976 -0.00374951)
(-0.00862355 -0.0104901 -0.00431726)
(-0.00860162 -0.0105341 -0.00411605)
(-0.0086039 -0.0103684 -0.00429375)
(-0.00819775 -0.0100245 -0.00357875)
(-0.00835162 -0.00991995 -0.00386049)
(-0.0092788 -0.0110949 -0.00378313)
(-0.00865972 -0.0104859 -0.00429795)
(-0.00852351 -0.010252 -0.00378383)
(-0.0084321 -0.0103643 -0.00399718)
(-0.00821874 -0.0104903 -0.00364701)
(-0.00818971 -0.0108089 -0.00379669)
(-0.00771815 -0.00972967 -0.00331862)
(-0.00739421 -0.00974242 -0.00317378)
(-0.00832046 -0.0101923 -0.0035938)
(-0.00838249 -0.0106526 -0.00366275)
(-0.00787105 -0.00998458 -0.00351517)
(-0.00747225 -0.00916987 -0.00306158)
(-0.00733686 -0.00919066 -0.00310624)
(-0.00757629 -0.00923097 -0.00304197)
(-0.00799398 -0.0104447 -0.00371345)
(-0.00775413 -0.0100165 -0.00362623)
(-0.00779337 -0.0100765 -0.0035077)
(-0.00791378 -0.0102241 -0.0036509)
(-0.0105127 -0.012481 -0.00439051)
(-0.00869418 -0.0102662 -0.0038803)
(-0.00917063 -0.0108574 -0.0037927)
(-0.00867017 -0.010518 -0.00353776)
(-0.00996248 -0.0115753 -0.00405651)
(-0.00873578 -0.0102866 -0.00346274)
(-0.00929441 -0.0111764 -0.00378173)
(-0.00978631 -0.0118791 -0.00433805)
(-0.00930908 -0.0115993 -0.00372121)
(-0.00896017 -0.0108955 -0.00443325)
(-0.00943943 -0.0115723 -0.00361415)
(-0.00938054 -0.0118815 -0.00386825)
(-0.010039 -0.011785 -0.00457402)
(-0.00946912 -0.0118406 -0.00410524)
(-0.00900345 -0.0113223 -0.00361942)
(-0.00918348 -0.0109669 -0.0039802)
(-0.00989007 -0.0117228 -0.0041172)
(-0.0094373 -0.0111814 -0.003907)
(-0.00967327 -0.0120418 -0.00405018)
(-0.00950643 -0.011393 -0.00382141)
(-0.00950534 -0.0116366 -0.00382061)
(-0.00979712 -0.0120425 -0.00391832)
(-0.00963879 -0.0116748 -0.0040003)
(-0.0101491 -0.0120992 -0.00420153)
(-0.0101336 -0.0124989 -0.00419718)
(-0.0101848 -0.0122926 -0.00421)
(-0.00944828 -0.011406 -0.00399537)
(-0.0097423 -0.0116076 -0.00405956)
(-0.0100928 -0.0123472 -0.00393969)
(-0.00941076 -0.0115128 -0.00391706)
(-0.0101866 -0.0125007 -0.00433037)
(-0.00978542 -0.0122709 -0.00401249)
(-0.00943058 -0.0115613 -0.00385739)
(-0.0100038 -0.0120001 -0.00422756)
(-0.00990606 -0.0120418 -0.00399259)
(-0.0098079 -0.0115834 -0.00412275)
(-0.00943808 -0.0113845 -0.00390749)
(-0.00995686 -0.012278 -0.00415895)
(-0.00876845 -0.0108274 -0.00472701)
(-0.00953564 -0.0119557 -0.00446503)
(-0.00894611 -0.0108409 -0.00360248)
(-0.0090821 -0.0112493 -0.00370151)
(-0.00997512 -0.0122451 -0.00390957)
(-0.0101349 -0.0122214 -0.00420702)
(-0.0100494 -0.0124279 -0.00416783)
(-0.00981536 -0.0123001 -0.00384478)
(-0.0100305 -0.0123678 -0.00413905)
(-0.00926077 -0.0121508 -0.00376736)
(-0.00926173 -0.0118652 -0.00371266)
(-0.00893819 -0.0120078 -0.00370839)
(-0.0086499 -0.0109164 -0.00343104)
(-0.00885352 -0.0114367 -0.0035979)
(-0.00887935 -0.0119532 -0.00386819)
(-0.00885233 -0.0115836 -0.00379449)
(-0.00837817 -0.0108187 -0.00359304)
(-0.00872831 -0.0115202 -0.00371812)
(-0.00836432 -0.0108454 -0.00342118)
(-0.00916208 -0.0117177 -0.00374053)
(-0.00862954 -0.0110202 -0.0033932)
(-0.0092979 -0.0115008 -0.003919)
(-0.00899123 -0.0112988 -0.00431496)
(-0.00935905 -0.0120279 -0.0047931)
(-0.00859187 -0.0111381 -0.00429527)
(-0.00978656 -0.012332 -0.00514225)
(-0.00980181 -0.0122135 -0.00418776)
(-0.00882672 -0.0116203 -0.00453199)
(-0.00902544 -0.0113454 -0.00420767)
(-0.00977794 -0.0120465 -0.00452447)
(-0.00973991 -0.0123252 -0.00433249)
(-0.00936793 -0.0120622 -0.00466341)
(-0.00927246 -0.0112294 -0.00364595)
(-0.00952513 -0.012054 -0.00454005)
(-0.0095694 -0.0120061 -0.00364486)
(-0.00919037 -0.0118206 -0.00461072)
(-0.00930665 -0.0120938 -0.00470325)
(-0.00920272 -0.0114509 -0.00381875)
(-0.00954306 -0.0116928 -0.00394954)
(-0.00954961 -0.0123122 -0.00452723)
(-0.00955033 -0.0123568 -0.00465661)
(-0.00844277 -0.0107415 -0.00385289)
(-0.00888374 -0.0116023 -0.00463918)
(-0.00940334 -0.0113014 -0.0037993)
(-0.00905248 -0.0112015 -0.00358944)
(-0.00870379 -0.0115828 -0.00404681)
(-0.00885883 -0.0116591 -0.00403858)
(-0.00881679 -0.0115306 -0.00422323)
(-0.00921958 -0.0116429 -0.00396622)
(-0.00881071 -0.0116397 -0.0041091)
(-0.00984669 -0.0121504 -0.0048658)
(-0.00991943 -0.0117544 -0.00462202)
(-0.00962602 -0.0115437 -0.00404083)
(-0.00891691 -0.0109041 -0.00375842)
(-0.00923173 -0.0108346 -0.00453011)
(-0.008687 -0.010636 -0.00392294)
(-0.00975818 -0.011579 -0.00458351)
(-0.00949683 -0.0114097 -0.00393297)
(-0.00928464 -0.0113767 -0.00428032)
(-0.00973201 -0.0122014 -0.00396245)
(-0.00921183 -0.0113348 -0.00444119)
(-0.00946038 -0.0117618 -0.00393127)
(-0.0101453 -0.0123884 -0.00408303)
(-0.00946331 -0.0114368 -0.00426146)
(-0.00972233 -0.0121435 -0.0046023)
(-0.00959746 -0.0116868 -0.00415552)
(-0.00951855 -0.0114635 -0.003805)
(-0.00908834 -0.0110598 -0.00440917)
(-0.0101667 -0.012323 -0.00427143)
(-0.00990869 -0.0125479 -0.00425964)
(-0.00989895 -0.0118203 -0.00469467)
(-0.00947807 -0.0113474 -0.00456017)
(-0.0103643 -0.0119595 -0.00483869)
(-0.00872241 -0.0109501 -0.00447067)
(-0.00868895 -0.0106215 -0.00414805)
(-0.00893028 -0.0110043 -0.00431364)
(-0.00885754 -0.0111033 -0.00474624)
(-0.00938487 -0.0115631 -0.00410468)
(-0.00893372 -0.0110244 -0.00450529)
(-0.00939961 -0.0113896 -0.00434906)
(-0.00937211 -0.0116381 -0.00415278)
(-0.00935484 -0.0113484 -0.00466085)
(-0.00907852 -0.0111796 -0.00399062)
(-0.0091165 -0.0112681 -0.00467172)
(-0.00886153 -0.0110071 -0.00396554)
(-0.00878594 -0.0106829 -0.00449944)
(-0.00956503 -0.011771 -0.00441939)
(-0.00959448 -0.0115183 -0.00406626)
(-0.0101966 -0.0120053 -0.00441414)
(-0.00980168 -0.0119381 -0.00413319)
(-0.0105484 -0.0129259 -0.00463971)
(-0.010088 -0.0120105 -0.00419244)
(-0.00904684 -0.0112014 -0.00364451)
(-0.00971575 -0.0114386 -0.00409666)
(-0.00945446 -0.011715 -0.00388377)
(-0.009052 -0.0120292 -0.00433145)
(-0.00903689 -0.0122789 -0.00470349)
(-0.00958723 -0.0121764 -0.00398289)
(-0.00929944 -0.0119646 -0.0043184)
(-0.00859484 -0.011409 -0.00412228)
(-0.00885522 -0.0116116 -0.004059)
(-0.00955621 -0.012857 -0.00510813)
(-0.00960724 -0.0124488 -0.00417166)
(-0.00915561 -0.0118008 -0.00415167)
(-0.0087081 -0.0119098 -0.00482295)
(-0.00905885 -0.0114155 -0.00398569)
(-0.00960247 -0.0118214 -0.00400369)
(-0.0092998 -0.0126239 -0.00502303)
(-0.0092634 -0.0121322 -0.00456602)
(-0.00922506 -0.0115201 -0.00377808)
(-0.0101325 -0.0127653 -0.00418129)
(-0.0104013 -0.0126305 -0.00463282)
(-0.00950183 -0.0116336 -0.00387665)
(-0.00975038 -0.0119144 -0.00360149)
(-0.00953514 -0.0116528 -0.00397338)
(-0.0102083 -0.0124394 -0.00475501)
(-0.0101985 -0.0124921 -0.00458775)
(-0.0101059 -0.0125461 -0.00490644)
(-0.0101728 -0.0116601 -0.00434043)
(-0.0111576 -0.01351 -0.00404362)
(-0.00927669 -0.0119606 -0.00525605)
(-0.00998294 -0.0122319 -0.00450276)
(-0.0107124 -0.0138251 -0.00451553)
(-0.0106374 -0.0138341 -0.00484312)
(-0.00914283 -0.0122852 -0.00492347)
(-0.00907427 -0.0121517 -0.00465369)
(-0.00972402 -0.0115903 -0.00370615)
(-0.0105682 -0.0123791 -0.00479137)
(-0.00959008 -0.0120727 -0.00381764)
(-0.0100954 -0.012358 -0.00468066)
(-0.00951016 -0.011888 -0.00399271)
(-0.00954153 -0.0119416 -0.0044331)
(-0.00949857 -0.0117316 -0.00468314)
(-0.00933325 -0.0113725 -0.00407066)
(-0.00914783 -0.0115328 -0.00381685)
(-0.00998898 -0.0123771 -0.00394468)
(-0.0102691 -0.0132589 -0.0040955)
(-0.00962255 -0.0114908 -0.00450161)
(-0.0104861 -0.0134773 -0.00464365)
(-0.0104051 -0.0123471 -0.00428766)
(-0.0103872 -0.0127322 -0.0041408)
(-0.00937115 -0.0116301 -0.00369516)
(-0.00999185 -0.0119747 -0.00486704)
(-0.00944586 -0.0116478 -0.00365492)
(-0.00921819 -0.0120247 -0.00468448)
(-0.00910761 -0.0120177 -0.00463721)
(-0.00950443 -0.0124908 -0.0048477)
(-0.00874258 -0.0114424 -0.00407311)
(-0.00884478 -0.0109555 -0.00363498)
(-0.00886553 -0.0115963 -0.00421565)
(-0.00860386 -0.0112074 -0.00407335)
(-0.00890902 -0.0114971 -0.00410993)
(-0.00896712 -0.0115628 -0.00401383)
(-0.0102001 -0.0124906 -0.0042378)
(-0.00898691 -0.0120208 -0.00434157)
(-0.00958361 -0.0122825 -0.0041232)
(-0.00936066 -0.0116367 -0.00377802)
(-0.00900175 -0.011173 -0.00378434)
(-0.0089008 -0.0120601 -0.00406448)
(-0.00899786 -0.0116462 -0.0040894)
(-0.00884696 -0.0115163 -0.00407367)
(-0.00880314 -0.0110444 -0.00354932)
(-0.00892507 -0.0113745 -0.00414332)
(-0.00867199 -0.011096 -0.00403395)
(-0.00853121 -0.0108848 -0.00405775)
(-0.0084821 -0.0103811 -0.00331457)
(-0.00905355 -0.0113172 -0.00473631)
(-0.00873853 -0.0106978 -0.00382087)
(-0.0089554 -0.0112383 -0.00373788)
(-0.0084706 -0.0112239 -0.0041662)
(-0.0087594 -0.0111736 -0.00454608)
(-0.00933301 -0.0112685 -0.00376731)
(-0.0083994 -0.0105595 -0.00354299)
(-0.00871697 -0.0110539 -0.00394542)
(-0.00800857 -0.0106639 -0.00372417)
(-0.00832682 -0.010596 -0.00355608)
(-0.00851508 -0.0110161 -0.00367693)
(-0.0083958 -0.0105656 -0.00361896)
(-0.00827819 -0.0101673 -0.00369249)
(-0.00843298 -0.0103106 -0.00348528)
(-0.00765227 -0.00949155 -0.00379289)
(-0.00769635 -0.00958685 -0.00310402)
(-0.00769271 -0.00956458 -0.00331748)
(-0.0072048 -0.00912382 -0.00297201)
(-0.00765382 -0.00961092 -0.00299202)
(-0.00795997 -0.00977492 -0.00338662)
(-0.0082169 -0.0103043 -0.00383982)
(-0.00757906 -0.00951151 -0.00330887)
(-0.00748149 -0.00943729 -0.00331095)
(-0.00919945 -0.011007 -0.00366067)
(-0.00853892 -0.0105589 -0.00310167)
(-0.00862311 -0.0109453 -0.00435742)
(-0.00805364 -0.010295 -0.00359182)
(-0.00789291 -0.0101185 -0.00397663)
(-0.0076345 -0.00949355 -0.00329767)
(-0.00793018 -0.0102784 -0.00345332)
(-0.00762363 -0.00942013 -0.00305541)
(-0.0080041 -0.0106533 -0.00380697)
(-0.00759268 -0.0103827 -0.00373694)
(-0.00810759 -0.0103633 -0.00357138)
(-0.00827265 -0.0107806 -0.00366366)
(-0.00887992 -0.0108459 -0.00354943)
(-0.00761487 -0.0100929 -0.00374618)
(-0.0079891 -0.00999698 -0.00386581)
(-0.00759746 -0.00973792 -0.00357877)
(-0.0074053 -0.00958617 -0.0037954)
(-0.00819969 -0.010194 -0.00348498)
(-0.00783848 -0.00975874 -0.00377113)
(-0.00809033 -0.0101947 -0.00374614)
(-0.00801923 -0.0100268 -0.00345447)
(-0.00786491 -0.00981417 -0.00379487)
(-0.00800909 -0.010284 -0.00320994)
(-0.00840444 -0.0102257 -0.00340638)
(-0.00771141 -0.0100519 -0.00310827)
(-0.00797685 -0.0101528 -0.00331558)
(-0.00878157 -0.0108029 -0.00346674)
(-0.00841803 -0.0111167 -0.00376413)
(-0.00834182 -0.0105899 -0.00349048)
(-0.00857038 -0.0105149 -0.00358157)
(-0.00843844 -0.010561 -0.00356391)
(-0.00845998 -0.011047 -0.00368429)
(-0.00804898 -0.0104549 -0.00327712)
(-0.0083758 -0.0106254 -0.00332987)
(-0.00815344 -0.0104413 -0.00326891)
(-0.00801208 -0.0102416 -0.0032745)
(-0.00850744 -0.0110647 -0.003494)
(-0.00814103 -0.0102566 -0.00328049)
(-0.00801363 -0.0106195 -0.00326626)
(-0.00810712 -0.0105054 -0.00336259)
(-0.00785721 -0.00992757 -0.00336929)
(-0.00769436 -0.00995295 -0.00328064)
(-0.00779611 -0.00964767 -0.00320265)
(-0.00814522 -0.0104823 -0.00344665)
(-0.00822525 -0.0105902 -0.0032836)
(-0.0084487 -0.0101736 -0.00352314)
(-0.00720379 -0.00959239 -0.00311082)
(-0.00826672 -0.0106119 -0.00367261)
(-0.00749131 -0.00934147 -0.00332067)
(-0.00789236 -0.00990565 -0.00345512)
(-0.00734637 -0.00971124 -0.00343145)
(-0.00794108 -0.00999736 -0.00327669)
(-0.0074757 -0.00980793 -0.00390259)
(-0.00814929 -0.010716 -0.00379095)
(-0.00813248 -0.0103416 -0.00363745)
(-0.00790563 -0.010314 -0.00357647)
(-0.00811315 -0.0103396 -0.00336755)
(-0.0083569 -0.010349 -0.0034226)
(-0.00759566 -0.00968521 -0.0034576)
(-0.00960949 -0.0120753 -0.0041177)
(-0.00932629 -0.0121059 -0.00411705)
(-0.00957657 -0.0123244 -0.00420259)
(-0.00995163 -0.0128136 -0.00398203)
(-0.00853044 -0.0111157 -0.00375647)
(-0.00861675 -0.0114542 -0.00396687)
(-0.00925687 -0.0114923 -0.00370888)
(-0.00902683 -0.0112918 -0.00374071)
(-0.00899789 -0.0115014 -0.00375347)
(-0.00887759 -0.0114362 -0.00372564)
(-0.00883739 -0.0115355 -0.00365442)
(-0.00946765 -0.012004 -0.00385474)
(-0.00990734 -0.0123414 -0.0040671)
(-0.00955086 -0.012255 -0.00375697)
(-0.0100237 -0.0130127 -0.00403265)
(-0.00949477 -0.0120638 -0.00397686)
(-0.00991328 -0.0129734 -0.00411422)
(-0.00942009 -0.0124005 -0.00403932)
(-0.00929531 -0.0122575 -0.00400588)
(-0.00916335 -0.0119432 -0.00399924)
(-0.00944634 -0.012508 -0.00401734)
(-0.00781271 -0.0101205 -0.00329236)
(-0.00832597 -0.0111924 -0.00367776)
(-0.00851258 -0.0113204 -0.00377117)
(-0.00937403 -0.0124252 -0.00435507)
(-0.00895803 -0.0117803 -0.00425371)
(-0.00859047 -0.0115619 -0.00390862)
(-0.00825546 -0.0107425 -0.0033434)
(-0.00808689 -0.0106897 -0.00322618)
(-0.00841035 -0.0105368 -0.00335638)
(-0.00805534 -0.0101104 -0.00325016)
(-0.00854837 -0.0108459 -0.00338261)
(-0.00826577 -0.0105562 -0.00334383)
(-0.00853643 -0.0110169 -0.00367857)
(-0.00850501 -0.0108619 -0.00340162)
(-0.00799251 -0.0107497 -0.00338798)
(-0.00835665 -0.0111827 -0.00340751)
(-0.00826559 -0.0106863 -0.00345444)
(-0.00792844 -0.0105361 -0.0034254)
(-0.00822127 -0.0108283 -0.00344528)
(-0.00865558 -0.0111574 -0.00345299)
(-0.00814491 -0.0104748 -0.00331303)
(-0.00823049 -0.0100694 -0.00334295)
(-0.00733529 -0.00901579 -0.00295114)
(-0.00749254 -0.00919947 -0.00310902)
(-0.00834031 -0.0101344 -0.0034351)
(-0.00757819 -0.0095459 -0.00311673)
(-0.00733627 -0.00930147 -0.00310417)
(-0.00757214 -0.00970138 -0.00329972)
(-0.00749792 -0.00954432 -0.00314974)
(-0.00741642 -0.00942506 -0.00301327)
(-0.00802561 -0.0099051 -0.00331144)
(-0.00752867 -0.00957828 -0.003229)
(-0.00785818 -0.00986106 -0.00329366)
(-0.00755731 -0.00929937 -0.00321798)
(-0.00860107 -0.0121181 -0.00448552)
(-0.00893067 -0.0125012 -0.00467618)
(-0.00825453 -0.0117651 -0.00411544)
(-0.00859573 -0.0118423 -0.00434986)
(-0.0083515 -0.0118016 -0.00418285)
(-0.00868954 -0.0123052 -0.00447241)
(-0.00877795 -0.0114357 -0.00395482)
(-0.00848314 -0.0112911 -0.00391412)
(-0.00890828 -0.0112189 -0.00371631)
(-0.00881746 -0.0113173 -0.0038804)
(-0.00864647 -0.0109819 -0.00364247)
(-0.00872689 -0.0110249 -0.00363572)
(-0.00850057 -0.0111182 -0.0037881)
(-0.00867797 -0.0111971 -0.00379)
(-0.00850779 -0.0110136 -0.00372775)
(-0.00858891 -0.0110258 -0.00368965)
(-0.00875867 -0.0112867 -0.00370871)
(-0.00872057 -0.0111309 -0.00373011)
(-0.00828861 -0.0107558 -0.00354894)
(-0.00860755 -0.011168 -0.00362912)
(-0.00843783 -0.0113282 -0.00339589)
(-0.00841903 -0.0108131 -0.00349643)
(-0.00869071 -0.0111332 -0.00364552)
(-0.0085546 -0.0111377 -0.00369912)
(-0.008408 -0.0113488 -0.00380814)
(-0.00876954 -0.0115527 -0.00408383)
(-0.00807765 -0.0113649 -0.00375755)
(-0.00841044 -0.0113166 -0.00375179)
(-0.00831609 -0.0113604 -0.00383452)
(-0.00858587 -0.011532 -0.00401404)
(-0.00831024 -0.0111969 -0.00387077)
(-0.00798539 -0.010801 -0.00344123)
(-0.00786539 -0.0109546 -0.00322878)
(-0.00748778 -0.0103335 -0.00327406)
(-0.00786966 -0.0109095 -0.0032606)
(-0.00772552 -0.0111575 -0.00341313)
(-0.00780246 -0.0109654 -0.00342828)
(-0.00840215 -0.0119584 -0.00411107)
(-0.00864713 -0.0121436 -0.00432056)
(-0.00901096 -0.0120557 -0.0041616)
(-0.00865617 -0.0119341 -0.0042648)
(-0.0087781 -0.0119752 -0.00423526)
(-0.00845579 -0.0117224 -0.00409653)
(-0.00878986 -0.0119532 -0.00416537)
(-0.00762702 -0.00952378 -0.00313258)
(-0.00763601 -0.00914492 -0.00322918)
(-0.00759251 -0.00937852 -0.00296861)
(-0.0103823 -0.0129982 -0.0043219)
(-0.0106751 -0.0128844 -0.00482553)
(-0.0101692 -0.0119111 -0.00412638)
(-0.0100023 -0.0124672 -0.00390449)
(-0.0103992 -0.0133114 -0.00437949)
(-0.0105591 -0.0125521 -0.00449181)
(-0.00972851 -0.0115558 -0.00397192)
(-0.0101555 -0.0125742 -0.00408479)
(-0.00993848 -0.0127097 -0.00389435)
(-0.0098604 -0.0118971 -0.00410299)
(-0.0099369 -0.0124063 -0.00401501)
(-0.0104883 -0.0127233 -0.00445419)
(-0.0100782 -0.0127517 -0.00408484)
(-0.0101503 -0.0123543 -0.00404057)
(-0.0104506 -0.0125511 -0.00442993)
(-0.0100085 -0.0122612 -0.00421821)
(-0.0101756 -0.0124173 -0.00415931)
(-0.0101579 -0.0123817 -0.00425597)
(-0.0100803 -0.012471 -0.00407563)
(-0.0105168 -0.0125548 -0.00430795)
(-0.010007 -0.0124026 -0.00402731)
(-0.010401 -0.0125974 -0.0043016)
(-0.0100713 -0.0123957 -0.00415395)
(-0.0102517 -0.013139 -0.00439149)
(-0.00984059 -0.012215 -0.0040848)
(-0.0100452 -0.0124946 -0.00394665)
(-0.0104596 -0.0129469 -0.00439202)
(-0.0101946 -0.0127574 -0.00429467)
(-0.00950247 -0.0122518 -0.00384941)
(-0.00988119 -0.0123021 -0.00398049)
(-0.00948276 -0.0119598 -0.00392417)
(-0.00971778 -0.012541 -0.00426164)
(-0.00961722 -0.0122206 -0.00416992)
(-0.00999833 -0.0126969 -0.0043746)
(-0.00981427 -0.0129401 -0.00451149)
(-0.0100093 -0.012981 -0.00442059)
(-0.00975805 -0.0125675 -0.00424017)
(-0.0102204 -0.0130013 -0.00439582)
(-0.00993156 -0.0128643 -0.00434778)
(-0.0102063 -0.0126897 -0.0042102)
(-0.0105393 -0.0130103 -0.00425996)
(-0.0107362 -0.0135775 -0.00456312)
(-0.0100499 -0.0130118 -0.00421666)
(-0.00981884 -0.0127127 -0.00413313)
(-0.00976992 -0.0125777 -0.00418408)
(-0.00988411 -0.0127237 -0.00419538)
(-0.0106978 -0.0136181 -0.00465819)
(-0.0103531 -0.0130091 -0.00416151)
(-0.0101818 -0.0129474 -0.00438764)
(-0.00981928 -0.0121665 -0.00403548)
(-0.00972943 -0.0124113 -0.00408674)
(-0.00956946 -0.0123815 -0.00404188)
(-0.00984405 -0.0126497 -0.00411411)
(-0.00867023 -0.0104238 -0.00374784)
(-0.00859217 -0.0103066 -0.00354774)
(-0.00876357 -0.0107014 -0.0036554)
(-0.00897698 -0.0108237 -0.00363045)
(-0.00927131 -0.0110139 -0.00375607)
(-0.00906597 -0.0106899 -0.00373558)
(-0.00867674 -0.0103631 -0.00352992)
(-0.00866238 -0.0103956 -0.00348374)
(-0.00890044 -0.0104245 -0.00371038)
(-0.00843375 -0.0102811 -0.00336152)
(-0.00845919 -0.0100233 -0.00351598)
(-0.00851645 -0.0104218 -0.00344355)
(-0.00826304 -0.0103135 -0.00317)
(-0.00923065 -0.0112636 -0.00371231)
(-0.0087871 -0.0108133 -0.00350841)
(-0.00863403 -0.0112394 -0.00373675)
(-0.00835473 -0.0109198 -0.0038109)
(-0.00821471 -0.0108523 -0.00357559)
(-0.00834274 -0.0107707 -0.00357124)
(-0.00847904 -0.0109123 -0.00358825)
(-0.00842562 -0.0109226 -0.00366888)
(-0.00830177 -0.0107361 -0.00356817)
(-0.00831578 -0.0108862 -0.00364242)
(-0.00807487 -0.0106501 -0.00367511)
(-0.00828393 -0.0106812 -0.00365615)
(-0.0081283 -0.0101202 -0.00337534)
(-0.0077848 -0.0100627 -0.00364437)
(-0.00746855 -0.00996057 -0.00353865)
(-0.00870786 -0.0106267 -0.00398067)
(-0.00863164 -0.010733 -0.00408984)
(-0.0091802 -0.0112936 -0.00411584)
(-0.00891636 -0.0109931 -0.00435037)
(-0.00866937 -0.0107235 -0.00407901)
(-0.0081702 -0.0100084 -0.00363859)
(-0.00860669 -0.0105758 -0.00367317)
(-0.008385 -0.0100504 -0.00350601)
(-0.0092804 -0.0115232 -0.00396613)
(-0.00854073 -0.0107302 -0.00427502)
(-0.00899293 -0.010681 -0.00361346)
(-0.00896396 -0.0112254 -0.00455594)
(-0.00776916 -0.0100976 -0.00378458)
(-0.00761787 -0.00958982 -0.00379388)
(-0.00828848 -0.0101199 -0.00331091)
(-0.00878427 -0.0106523 -0.0039295)
(-0.00832146 -0.0101995 -0.00338289)
(-0.00855673 -0.0103717 -0.0035826)
(-0.00831964 -0.00996955 -0.00345623)
(-0.0103653 -0.012718 -0.00415704)
(-0.0105168 -0.0128544 -0.00431968)
(-0.00963327 -0.0126062 -0.00397317)
(-0.0102366 -0.0128725 -0.00428052)
(-0.0101924 -0.0121665 -0.00424313)
(-0.0105658 -0.0125333 -0.00440278)
(-0.0106556 -0.0130496 -0.00448328)
(-0.0102965 -0.0127883 -0.00432848)
(-0.0101376 -0.0127911 -0.00425612)
(-0.0100023 -0.0123938 -0.00393108)
(-0.00968547 -0.0124668 -0.0038092)
(-0.0105695 -0.0127509 -0.00430546)
(-0.00827612 -0.0118709 -0.00384187)
(-0.0076536 -0.0108486 -0.00343269)
(-0.00817857 -0.011605 -0.00360003)
(-0.00852593 -0.0116217 -0.00381444)
(-0.00820011 -0.0114649 -0.00375453)
(-0.00847756 -0.0113766 -0.00384678)
(-0.00828168 -0.0113864 -0.00372337)
(-0.00824323 -0.0118444 -0.00382663)
(-0.00856351 -0.0117324 -0.00368053)
(-0.00854532 -0.011952 -0.00392512)
(-0.00796637 -0.0117196 -0.00385719)
(-0.00784269 -0.0111234 -0.00365701)
(-0.00788655 -0.0117314 -0.00397092)
(-0.00791291 -0.0116969 -0.00396695)
(-0.00948574 -0.0126627 -0.00428153)
(-0.00944585 -0.0121374 -0.00402561)
(-0.00942252 -0.0120117 -0.00385429)
(-0.00952754 -0.0123195 -0.00410212)
(-0.0101239 -0.0126657 -0.003982)
(-0.00989209 -0.0130029 -0.00452854)
(-0.00967898 -0.0118033 -0.0039213)
(-0.00886126 -0.012059 -0.00418684)
(-0.009368 -0.0123499 -0.00419687)
(-0.00955684 -0.0121683 -0.00410422)
(-0.00924322 -0.0119118 -0.00391653)
(-0.0093766 -0.0122526 -0.00420723)
(-0.00986155 -0.0128356 -0.0043107)
(-0.00743193 -0.00968806 -0.00369258)
(-0.00846823 -0.0109991 -0.00377465)
(-0.00861907 -0.0107092 -0.00348597)
(-0.00846788 -0.0109911 -0.00407702)
(-0.0084653 -0.011032 -0.00384296)
(-0.00829749 -0.0109777 -0.00383134)
(-0.00827514 -0.0102366 -0.00361042)
(-0.00825543 -0.0110107 -0.00402851)
(-0.00840967 -0.0113032 -0.0040604)
(-0.00856059 -0.010698 -0.00389107)
(-0.00861514 -0.0113719 -0.00405454)
(-0.00960351 -0.0119996 -0.0038139)
(-0.00871191 -0.0116122 -0.00370748)
(-0.00991041 -0.0127326 -0.00404154)
(-0.00922818 -0.0117854 -0.0037072)
(-0.00920912 -0.0118749 -0.00363179)
(-0.00890074 -0.0109781 -0.00339734)
(-0.00919269 -0.0118796 -0.00364538)
(-0.00999669 -0.0127479 -0.00423215)
(-0.0101278 -0.0123245 -0.00413556)
(-0.00952519 -0.0122501 -0.00394095)
(-0.0100583 -0.0123888 -0.00403457)
(-0.00950353 -0.0119126 -0.00388479)
(-0.00978856 -0.0117397 -0.0039155)
(-0.00994352 -0.0123274 -0.00417366)
(-0.0104986 -0.0123153 -0.0044673)
(-0.00983129 -0.0122662 -0.00403066)
(-0.0101219 -0.0127161 -0.0041265)
(-0.00988883 -0.0124217 -0.00400697)
(-0.0106045 -0.0128271 -0.00443272)
(-0.00981463 -0.0122479 -0.00413605)
(-0.0100703 -0.0121195 -0.00435253)
(-0.00968376 -0.0116887 -0.00419718)
(-0.00953656 -0.0113393 -0.00425617)
(-0.00962194 -0.0118762 -0.00386658)
(-0.00961228 -0.0115096 -0.00399687)
(-0.00930896 -0.0110019 -0.00445784)
(-0.00814864 -0.0101958 -0.00278639)
(-0.00836555 -0.0101523 -0.00341341)
(-0.00914279 -0.0112114 -0.00356)
(-0.00833502 -0.0108567 -0.00346185)
(-0.00828507 -0.00961967 -0.00416589)
(-0.00875609 -0.0109421 -0.00330499)
(-0.00868964 -0.0106389 -0.00361863)
(-0.00870838 -0.0112226 -0.00437942)
(-0.00891246 -0.0109317 -0.00376501)
(-0.00929926 -0.0113746 -0.00440625)
(-0.00858865 -0.0105275 -0.00365256)
(-0.00865074 -0.0106679 -0.00418544)
(-0.00977759 -0.0116742 -0.00401577)
(-0.00929915 -0.0116085 -0.00366344)
(-0.00971133 -0.0116932 -0.00412536)
(-0.00927127 -0.0116492 -0.00375465)
(-0.00844232 -0.0104151 -0.00405643)
(-0.00906834 -0.0109875 -0.00382992)
(-0.00931846 -0.0111566 -0.00438188)
(-0.00881435 -0.0107047 -0.00381782)
(-0.00916659 -0.0118807 -0.00422444)
(-0.00982794 -0.0122164 -0.00418367)
(-0.00958877 -0.0123062 -0.00422492)
(-0.0094008 -0.0120584 -0.00428696)
(-0.00962685 -0.0122514 -0.00429409)
(-0.00937875 -0.0117719 -0.00404558)
(-0.00795821 -0.0100821 -0.00298967)
(-0.0082139 -0.0101887 -0.00322694)
(-0.00820872 -0.0104467 -0.00311511)
(-0.00809462 -0.00986421 -0.00332025)
(-0.00879123 -0.0108332 -0.0031384)
(-0.00828861 -0.0103067 -0.00322374)
(-0.00822288 -0.0097638 -0.0036624)
(-0.00886819 -0.0106242 -0.00364713)
(-0.0080023 -0.0101376 -0.00318574)
(-0.00800557 -0.010595 -0.00307389)
(-0.00809326 -0.0103494 -0.00315587)
(-0.00836282 -0.0103282 -0.00336528)
(-0.00784932 -0.0101724 -0.00297043)
(-0.00827963 -0.0106921 -0.0031161)
(-0.00828128 -0.0104388 -0.00325829)
(-0.00833238 -0.0107484 -0.00329416)
(-0.00797853 -0.0105166 -0.00288473)
(-0.0080476 -0.0101329 -0.00327493)
(-0.00934488 -0.012102 -0.00409014)
(-0.00759936 -0.0100339 -0.00297634)
(-0.00759394 -0.0100867 -0.00308137)
(-0.00758629 -0.00996806 -0.00310684)
(-0.00773783 -0.0103615 -0.00314283)
(-0.0075741 -0.0104998 -0.00309729)
(-0.00740692 -0.00987207 -0.00306149)
(-0.00820281 -0.0106736 -0.00324598)
(-0.00824945 -0.0107346 -0.00347349)
(-0.00855768 -0.0111683 -0.00343625)
(-0.00813415 -0.0108586 -0.0033217)
(-0.00831979 -0.0110993 -0.00333426)
(-0.00760761 -0.0101068 -0.00301662)
(-0.00763223 -0.0100343 -0.00299256)
(-0.00806169 -0.010898 -0.00306965)
(-0.00795388 -0.0101772 -0.00319477)
(-0.00832638 -0.011031 -0.00327823)
(-0.00881431 -0.0110028 -0.00378664)
(-0.00830571 -0.0102708 -0.00384286)
(-0.00858204 -0.0108679 -0.00325599)
(-0.00924907 -0.0112097 -0.00430976)
(-0.00947991 -0.0120496 -0.00451237)
(-0.00905869 -0.0114995 -0.00466773)
(-0.00943586 -0.0120302 -0.00482882)
(-0.00949353 -0.0124114 -0.00439937)
(-0.00943896 -0.0123703 -0.00465428)
(-0.00961831 -0.0127826 -0.00473397)
(-0.00906078 -0.0114322 -0.00477223)
(-0.00995125 -0.0119661 -0.00413584)
(-0.00882928 -0.0109522 -0.00447867)
(-0.00858931 -0.0108197 -0.00424485)
(-0.00907303 -0.0112607 -0.00439832)
(-0.00896261 -0.0119546 -0.00534607)
)
;
    }
    INLET
    {
        type            calculated;
        value           nonuniform 0();
    }
    OUTLET
    {
        type            calculated;
        value           uniform (0 0 0);
    }
    procBoundary5to4
    {
        type            processor;
        value           uniform (0 0 0);
    }
}


// ************************************************************************* //
