line_seg,node,x,y,z,s,g_max_plus,g_max_minus,g_avr_plus,g_avr_minus,av_max_plus,av_max_minus,av_avr_plus,av_avr_minus,r_avr
0,0,71.643,92.235,164.04,0,0,0,0,0,0,0,0,0,0.654331
0,1,71.5823,92.4275,164.271,0.30676,18.9251,-0.0922544,1.02274,-0.0692138,0.0567243,-9.04032,0.0562453,-1.58787,1.31548
0,2,71.5226,92.6181,164.503,0.612902,15.3383,-0.0949298,0.753389,-0.0645915,0.0958164,-8.25169,0.0958164,-1.44478,1.80743
0,3,71.465,92.8048,164.737,0.917743,5.05376,-0.0949298,0.587293,-0.0581406,0.0958164,-4.88915,0.0958164,-1.37575,1.99978
0,4,71.4104,92.9855,164.975,1.22152,19.8329,-0.0432169,1.02036,-0.0284917,0.0958164,-9.66806,0.0563466,-1.4115,1.90465
0,5,71.3598,93.1585,165.217,1.52326,18.9251,-0.0922544,0.553977,-0.0315544,0.106825,-9.04032,0.0450592,-1.25746,1.95285
0,6,71.3143,93.3217,165.466,1.82444,9.28199,-0.0922544,0.39428,-0.0218733,0.135319,-7.34783,0.0512471,-1.132,2.14666
0,7,71.2749,93.4732,165.722,2.1245,34.3127,-0.712725,1.16852,-0.100773,0.138904,-13.7718,0.0624227,-1.57014,2.41383
0,8,71.2427,93.611,165.986,2.42403,15.3383,-0.0190842,0.419861,-0.00147484,0.395024,-8.39681,0.113937,-0.973368,2.51316
0,9,71.2185,93.7331,166.259,2.72408,0.462347,-0.0193655,0.0493811,-0.00457769,0.498688,-1.36538,0.1702,-0.540077,2.42686
0,10,71.2034,93.8377,166.543,3.02711,0.611373,-0.0193655,0.0611524,-0.00357945,0.498688,-1.6194,0.148821,-0.51752,2.36618
0,11,71.1979,93.9234,166.838,3.33435,0.611373,-0.0193655,0.0512764,-0.0102551,0.261205,-1.61981,0.0819775,-0.478592,2.31328
0,12,71.2003,93.9921,167.144,3.64798,0.611373,-0.0588471,0.0714723,-0.0247931,0.0777786,-1.61981,0.0478128,-0.567186,2.2971
0,13,71.2081,94.0461,167.458,3.96668,0.276746,-0.0588471,0.0611719,-0.0262363,0.0365025,-1.46839,0.0237079,-0.510103,2.23077
0,14,71.2191,94.088,167.778,4.2896,0.551208,-0.0588471,0.0985833,-0.0243716,0.235337,-1.51849,0.087724,-0.620027,2.18748
0,15,71.2309,94.1201,168.102,4.61541,0.554426,-0.0556039,0.111952,-0.0217557,0.173944,-1.51849,0.0951492,-0.650949,2.08759
0,16,71.2412,94.1451,168.429,4.94352,0.554426,-0.213978,0.0903483,-0.0527723,0.963797,-1.50911,0.273418,-0.575155,1.96285
0,17,71.2477,94.1652,168.757,5.2722,0.632702,-0.297919,0.100008,-0.061281,0.963797,-1.63877,0.262946,-0.52718,1.81559
0,18,71.248,94.1831,169.084,5.59969,0.40038,-0.297919,0.0697119,-0.0674069,0.246659,-1.3507,0.0931899,-0.523708,1.69436
0,19,71.2399,94.2011,169.408,5.92429,0.40038,-0.297919,0.105256,-0.0265415,0.455663,-2.01466,0.159936,-0.610956,1.58445
0,20,71.2209,94.2217,169.727,6.24452,0.441309,-0.0850957,0.0961058,-0.0244933,0.455663,-2.01466,0.150209,-0.639475,1.47795
0,21,71.1897,94.247,170.04,6.56008,0.819466,-0.106493,0.159481,-0.0361641,0.593274,-1.84317,0.265028,-0.858197,1.4126
0,22,71.1479,94.2777,170.347,6.87143,0.86332,-0.115029,0.211401,-0.0481328,0.593274,-1.91551,0.350286,-0.942653,1.36517
0,23,71.0982,94.314,170.65,7.18062,0.86332,-0.115029,0.173561,-0.0644706,0.218616,-1.91551,0.129578,-0.804479,1.29461
0,24,71.0432,94.3562,170.947,7.48561,0.86332,-0.328304,0.0954257,-0.101283,0.304407,-1.91551,0.187862,-0.619196,1.21596
0,25,70.9855,94.4046,171.241,7.78909,0.23674,-0.328304,0.0663954,-0.0773324,0.419817,-2.00665,0.294918,-0.65565,1.17733
0,26,70.9278,94.4595,171.532,8.0908,0.258844,-0.328304,0.0758159,-0.0561576,0.419817,-2.00665,0.205171,-0.689568,1.24321
0,27,70.8727,94.5211,171.821,8.39138,1.08637,-0.18536,0.125805,-0.0480851,0.345483,-2.20206,0.134696,-0.6728,1.32319
0,28,70.8227,94.5897,172.108,8.69068,1.08637,-0.0646644,0.17731,-0.0385286,0.134897,-2.30418,0.134897,-0.814352,1.45704
0,29,70.7806,94.6656,172.395,8.99052,0.778601,-0.010328,0.126758,-0.00887455,0,-2.30418,0,-0.751817,1.50294
0,30,70.7488,94.749,172.681,9.29012,0.578043,-0.0924319,0.0908356,-0.0347607,0.600594,-2.30418,0.196824,-0.600412,1.56582
0,31,70.7295,94.84,172.967,9.59086,0.379785,-0.0924319,0.0730527,-0.0283489,0.600594,-1.48955,0.169222,-0.555484,1.60685
0,32,70.7225,94.9376,173.254,9.89408,0.430208,-0.0924319,0.0838413,-0.0293534,0.644238,-1.55354,0.27705,-0.631212,1.66774
0,33,70.7269,95.0405,173.541,10.199,0.430208,-0.0465259,0.0960765,-0.0294566,0.644238,-1.55354,0.275827,-0.673636,1.73504
0,34,70.742,95.1473,173.828,10.5056,0.465022,-0.0397305,0.107773,-0.0153421,0.207995,-1.81861,0.207995,-0.69051,1.79128
0,35,70.7669,95.2568,174.113,10.8119,1.28927,-0.234726,0.129924,-0.0446794,0.18218,-2.39131,0.18218,-0.694389,1.81516
0,36,70.8009,95.3677,174.398,11.1196,3.25141,-0.234726,0.26129,-0.0546365,0.252181,-3.75376,0.196567,-0.849691,1.84084
0,37,70.8433,95.4787,174.681,11.4266,0.521683,-0.234726,0.101893,-0.0239817,1.00013,-1.77603,0.335031,-0.627846,1.82154
0,38,70.8931,95.5886,174.963,11.7333,0.279948,-0.125579,0.0765015,-0.024323,1.00013,-1.74012,0.349995,-0.584298,1.81254
0,39,70.9497,95.696,175.243,12.0385,0.523663,-0.15803,0.0951212,-0.0498174,1.52011,-1.21555,0.381871,-0.659992,1.81921
0,40,71.0122,95.7997,175.52,12.3408,0.523663,-0.15803,0.0962368,-0.0388113,1.52011,-1.21555,0.669627,-0.619061,1.84179
0,41,71.0797,95.8987,175.795,12.6408,0.32494,-0.110761,0.0825621,-0.0411126,0.619861,-1.38556,0.265436,-0.587307,1.83213
0,42,71.1507,95.9928,176.067,12.9372,1.12113,-0.110761,0.113497,-0.0483947,2.68933,-1.65094,0.3886,-0.654986,1.834
0,43,71.2234,96.0824,176.337,13.2308,1.12113,-0.110761,0.153381,-0.0412211,2.68933,-1.89911,0.754418,-0.684289,1.82347
0,44,71.2961,96.1675,176.606,13.5222,0.888078,-0.135291,0.127428,-0.0422332,1.02426,-1.89911,0.370306,-0.700799,1.81052
0,45,71.3672,96.2485,176.874,13.811,0.792227,-0.135291,0.129108,-0.0479523,0.709398,-1.79228,0.280577,-0.69691,1.77722
0,46,71.435,96.3256,177.141,14.0971,0.792227,-0.141729,0.118224,-0.0450194,0.411859,-1.79228,0.155953,-0.629579,1.77254
0,47,71.4977,96.399,177.407,14.3801,0.508671,-0.141729,0.0945251,-0.0312616,0.411859,-1.53975,0.137077,-0.556239,1.73695
0,48,71.5536,96.4688,177.673,14.6607,0.392216,-0.141729,0.0825221,-0.0271719,0.18362,-1.53975,0.073744,-0.523723,1.74342
0,49,71.6011,96.5353,177.939,14.939,0.256972,-0.0804366,0.0686832,-0.0272049,0.321566,-1.39653,0.119751,-0.561263,1.73831
0,50,71.6384,96.5988,178.205,15.215,0.164336,-0.0637253,0.0651669,-0.0233661,0.321566,-1.19559,0.0967021,-0.573554,1.71347
0,51,71.6644,96.6594,178.473,15.491,0.222792,-0.0637253,0.0784551,-0.0214442,0.321566,-1.26205,0.153442,-0.549364,1.73034
0,52,71.6802,96.7176,178.742,15.7667,0.264833,-0.0353159,0.0859412,-0.016133,0.592879,-1.38712,0.328899,-0.593227,1.72875
0,53,71.6874,96.7738,179.013,16.0435,1.25473,-0.0970454,0.123567,-0.027966,2.47602,-1.56146,0.538605,-0.648863,1.72719
0,54,71.6876,96.8285,179.287,16.3229,1.25473,-0.0970454,0.118877,-0.0440116,2.47602,-1.56146,0.756841,-0.674846,1.74437
0,55,71.6824,96.882,179.564,16.6051,0.432174,-0.0970454,0.0848863,-0.0233107,0.753804,-1.56146,0.240487,-0.635848,1.71284
0,56,71.6735,96.935,179.845,16.8912,0.265912,-0.0383405,0.0744337,-0.0103485,0.347002,-1.56146,0.125062,-0.55963,1.7058
0,57,71.6625,96.9877,180.131,17.1822,0.354601,-0.0525125,0.0853684,-0.021487,0.389553,-1.55838,0.190521,-0.619069,1.73023
0,58,71.651,97.0406,180.422,17.4782,0.540323,-0.0525125,0.0869539,-0.0266941,0.619238,-2.05519,0.186991,-0.692754,1.69715
0,59,71.6407,97.0942,180.719,17.7802,0.540323,-0.0525125,0.0776161,-0.0278956,0.619238,-2.05519,0.176659,-0.667387,1.72186
0,60,71.6331,97.1489,181.022,18.0882,0.593216,-0.327676,0.126613,-0.0660329,3.31447,-2.05519,0.77718,-0.73944,1.68819
0,61,71.6294,97.2051,181.332,18.4032,0.493779,-0.327676,0.0882862,-0.0744288,3.31447,-1.43977,0.756049,-0.574201,1.68982
0,62,71.629,97.2625,181.647,18.7234,0.354346,-0.327676,0.0810719,-0.0445741,0.632155,-1.2693,0.208897,-0.58714,1.74204
0,63,71.6308,97.3209,181.966,19.0477,0.360316,-0.1803,0.0896399,-0.0253614,0.632155,-1.43493,0.143033,-0.657382,1.80441
0,64,71.6337,97.3799,182.287,19.3741,0.292099,-0.1803,0.0917231,-0.0457541,0.189514,-1.43493,0.133134,-0.652439,1.82829
0,65,71.6365,97.4393,182.608,19.7006,0.323822,-0.1803,0.0828977,-0.0451749,0.161397,-1.54343,0.084504,-0.628203,1.84899
0,66,71.6381,97.4987,182.929,20.027,0.323822,-0.0292597,0.0701799,-0.0129746,0.324746,-1.54343,0.095191,-0.610727,1.84276
0,67,71.6374,97.5578,183.246,20.3495,0.323822,-0.0292597,0.0650035,-0.0132423,0.324746,-1.54343,0.121014,-0.597026,1.83397
0,68,71.6334,97.6164,183.559,20.668,0.348164,-0.026742,0.0680842,-0.0150593,0.565577,-1.5083,0.168764,-0.630922,1.80929
0,69,71.6249,97.6742,183.866,20.9805,0.348164,-0.0741765,0.0810819,-0.018182,0.18685,-1.45531,0.0792784,-0.631993,1.81149
0,70,71.6107,97.7308,184.165,21.2851,0.312106,-0.0741765,0.0755202,-0.0169986,0.182398,-1.74282,0.06728,-0.602041,1.80067
0,71,71.5902,97.786,184.456,21.582,0.258319,-0.0741765,0.0639324,-0.0184324,0.345295,-1.74282,0.101419,-0.537314,1.80272
0,72,71.5636,97.8398,184.737,21.8693,0.343666,-0.066567,0.073441,-0.0129256,0.527804,-1.74282,0.143395,-0.626531,1.80082
0,73,71.5317,97.8925,185.012,22.1512,18.2682,-1.45105,0.461298,-0.0424591,0.527804,-14.567,0.150585,-0.877277,1.8156
0,74,71.495,97.9442,185.279,22.4256,27.2243,-1.68501,0.921737,-0.127881,0.527804,-15.3723,0.152844,-1.2699,1.88054
0,75,71.4543,97.995,185.541,22.6955,22.762,-1.68501,0.471075,-0.127119,0.345451,-15.3258,0.107226,-1.02031,1.77009
0,76,71.4103,98.0451,185.799,22.962,34.0651,-1.68501,0.878471,-0.12348,0.345451,-12.2956,0.098362,-1.57061,1.71706
0,77,71.3636,98.0946,186.052,23.224,28.5321,-1.68501,2.84626,-0.507783,0.301944,-24.1885,0.109682,-3.21168,1.83729
0,78,71.3148,98.1436,186.303,23.4844,34.0651,-0.140542,2.02517,-0.0628832,0.0934076,-12.2956,0.0934076,-2.23286,1.83698
0,79,71.2647,98.1924,186.552,23.743,51.74,-0.294213,3.32913,-0.13499,0.073377,-20.1088,0.0410301,-3.0085,1.61652
0,80,71.214,98.241,186.8,24.0008,0,0,0,0,0,0,0,0,0.537897
