line_seg,node,x,y,z,s,g_max_plus,g_max_minus,g_avr_plus,g_avr_minus,av_max_plus,av_max_minus,av_avr_plus,av_avr_minus,r_avr
0,0,71.643,92.235,164.04,0,0,0,0,0,0,0,0,0,0.652295
0,1,71.5823,92.4275,164.271,0.30676,18.4846,-0.0963656,0.950567,-0.0963656,0.0580339,-8.92331,0.0561512,-1.56301,1.32399
0,2,71.5226,92.6181,164.503,0.612902,15.1126,-0.0961788,0.777338,-0.0669411,0.0754249,-8.22596,0.0754249,-1.45385,1.82454
0,3,71.465,92.8048,164.737,0.917743,4.63571,-0.0963656,0.550595,-0.0580874,0.0754249,-4.88754,0.0754249,-1.34156,1.99722
0,4,71.4104,92.9855,164.975,1.22152,24.5059,-0.0383729,1.0427,-0.0249639,0.0826791,-10.799,0.0601005,-1.41151,1.90393
0,5,71.3598,93.1585,165.217,1.52326,18.4846,-0.0963656,0.613263,-0.0361603,0.115143,-8.92331,0.0500293,-1.27792,1.96264
0,6,71.3143,93.3217,165.466,1.82444,14.4639,-0.0963656,0.400311,-0.0205735,0.11739,-7.71676,0.0530783,-1.10052,2.14642
0,7,71.2749,93.4732,165.722,2.1245,36.3275,-0.466652,1.13283,-0.081566,0.11739,-13.8468,0.0537518,-1.52626,2.41234
0,8,71.2427,93.611,165.986,2.42403,12.0854,-0.00127351,0.367589,-0.00058274,0.284765,-8.06462,0.10816,-0.955839,2.51064
0,9,71.2185,93.7331,166.259,2.72408,24.5059,-0.0152205,0.230584,-0.00325476,0.406386,-10.799,0.148239,-0.651539,2.43368
0,10,71.2034,93.8377,166.543,3.02711,0.626962,-0.0152205,0.0597966,-0.00144499,0.406386,-1.60045,0.11344,-0.50866,2.36738
0,11,71.1979,93.9234,166.838,3.33435,0.626962,-0.0152205,0.0501758,-0.00428947,0.163663,-1.60045,0.0547266,-0.474093,2.31178
0,12,71.2003,93.9921,167.144,3.64798,0.593608,-0.0520311,0.0674218,-0.0214372,0.054664,-1.59491,0.0371845,-0.548235,2.29628
0,13,71.2081,94.0461,167.458,3.96668,0.251885,-0.0520311,0.0574214,-0.0241285,0.0507972,-1.38685,0.0507972,-0.496511,2.231
0,14,71.2191,94.088,167.778,4.2896,0.534592,-0.0520311,0.0942916,-0.0194459,0.182081,-1.546,0.0827054,-0.616351,2.18679
0,15,71.2309,94.1201,168.102,4.61541,0.534592,-0.0628027,0.106062,-0.016301,0.14485,-1.546,0.0778279,-0.6376,2.0861
0,16,71.2412,94.1451,168.429,4.94352,0.498799,-0.198541,0.0805303,-0.05934,0.780012,-1.43378,0.2451,-0.56523,1.96307
0,17,71.2477,94.1652,168.757,5.2722,0.599213,-0.27615,0.0868296,-0.0638802,0.780012,-1.59965,0.280688,-0.497623,1.81644
0,18,71.248,94.1831,169.084,5.59969,0.327877,-0.27615,0.0599496,-0.0608,0.26564,-1.24756,0.133032,-0.476624,1.69223
0,19,71.2399,94.2011,169.408,5.92429,0.327877,-0.27615,0.0908389,-0.0267773,0.26564,-1.83509,0.128385,-0.546864,1.58297
0,20,71.2209,94.2217,169.727,6.24452,0.401419,-0.0646877,0.0870697,-0.0181571,0.26564,-1.83509,0.0523163,-0.570558,1.48175
0,21,71.1897,94.247,170.04,6.56008,0.757838,-0.0808529,0.144789,-0.0269029,0.365599,-1.78095,0.166534,-0.794876,1.41048
0,22,71.1479,94.2777,170.347,6.87143,0.819482,-0.112621,0.189669,-0.0449318,0.365599,-1.87474,0.248519,-0.897126,1.36029
0,23,71.0982,94.314,170.65,7.18062,0.819482,-0.112621,0.167786,-0.0598016,0.0308788,-1.87474,0.0308788,-0.78292,1.29372
0,24,71.0432,94.3562,170.947,7.48561,0.462788,-0.330703,0.0686542,-0.102322,0.139094,-1.57789,0.0753644,-0.554471,1.21242
0,25,70.9855,94.4046,171.241,7.78909,0.192402,-0.330703,0.0557521,-0.0902127,0.439813,-1.69463,0.224519,-0.622028,1.17752
0,26,70.9278,94.4595,171.532,8.0908,0.216532,-0.330703,0.057187,-0.0830167,0.439813,-1.69463,0.244212,-0.617457,1.23844
0,27,70.8727,94.5211,171.821,8.39138,1.06925,-0.169078,0.118915,-0.0457497,0.304557,-2.19551,0.0808759,-0.651539,1.32052
0,28,70.8227,94.5897,172.108,8.69068,1.06925,-0.0470612,0.165848,-0.0291768,0.0173154,-2.27497,0.0173154,-0.795437,1.45571
0,29,70.7806,94.6656,172.395,8.99052,0.650363,-0.00744717,0.115731,-0.00452687,0,-2.27497,0,-0.718248,1.50214
0,30,70.7488,94.749,172.681,9.29012,0.569449,-0.0887012,0.0873882,-0.0300818,0.520195,-2.27497,0.520195,-0.594084,1.56808
0,31,70.7295,94.84,172.967,9.59086,0.370396,-0.0887012,0.0723206,-0.0246448,0.520195,-1.49546,0.171057,-0.536737,1.60776
0,32,70.7225,94.9376,173.254,9.89408,0.415164,-0.0887012,0.0790844,-0.0215725,0.520195,-1.52967,0.197209,-0.620899,1.66767
0,33,70.7269,95.0405,173.541,10.199,0.415164,-0.0378638,0.083449,-0.026146,0.442702,-1.52967,0.184729,-0.637484,1.72704
0,34,70.742,95.1473,173.828,10.5056,0.415164,-0.0399455,0.10865,-0.0124227,0.012271,-1.68189,0.012271,-0.699213,1.79699
0,35,70.7669,95.2568,174.113,10.8119,1.27149,-0.198092,0.118782,-0.0435921,0.162721,-2.36204,0.162721,-0.690228,1.81537
0,36,70.8009,95.3677,174.398,11.1196,3.3849,-0.198092,0.256073,-0.050766,0.252302,-3.86106,0.16609,-0.851187,1.83852
0,37,70.8433,95.4787,174.681,11.4266,0.504411,-0.198092,0.0942818,-0.022125,0.747881,-1.75542,0.255054,-0.61928,1.82303
0,38,70.8931,95.5886,174.963,11.7333,0.2746,-0.0893069,0.0683451,-0.0221775,0.747881,-1.73113,0.268914,-0.567735,1.81234
0,39,70.9497,95.696,175.243,12.0385,0.326755,-0.117515,0.0825739,-0.0401773,1.18871,-1.18628,0.290921,-0.639438,1.81949
0,40,71.0122,95.7997,175.52,12.3408,0.326755,-0.117515,0.0855733,-0.0366128,1.18871,-1.15972,0.544299,-0.619024,1.84112
0,41,71.0797,95.8987,175.795,12.6408,0.282871,-0.0939676,0.0733683,-0.0327048,0.531715,-1.31191,0.253934,-0.566294,1.82847
0,42,71.1507,95.9928,176.067,12.9372,0.6079,-0.0939676,0.103301,-0.0334403,1.90793,-1.621,0.37116,-0.63635,1.83523
0,43,71.2234,96.0824,176.337,13.2308,0.837627,-0.0939676,0.128957,-0.0346367,1.90793,-1.84693,0.64372,-0.664932,1.82303
0,44,71.2961,96.1675,176.606,13.5222,0.837627,-0.128619,0.115713,-0.042956,0.85661,-1.84693,0.338719,-0.672968,1.8094
0,45,71.3672,96.2485,176.874,13.811,0.721885,-0.128619,0.123076,-0.0413006,0.559702,-1.71288,0.234778,-0.661325,1.77838
0,46,71.435,96.3256,177.141,14.0971,0.721885,-0.128619,0.110713,-0.038928,0.293729,-1.71288,0.0927236,-0.604739,1.77237
0,47,71.4977,96.399,177.407,14.3801,0.462775,-0.121018,0.0921933,-0.0245178,0.293729,-1.42964,0.112377,-0.522165,1.73681
0,48,71.5536,96.4688,177.673,14.6607,0.336334,-0.121018,0.0766206,-0.0218897,0.10925,-1.42964,0.0927757,-0.448486,1.74254
0,49,71.6011,96.5353,177.939,14.939,0.201851,-0.0641339,0.059782,-0.0253342,0.322266,-1.23711,0.166559,-0.504731,1.73773
0,50,71.6384,96.5988,178.205,15.215,0.152408,-0.0505607,0.055374,-0.0222769,0.322266,-1.13157,0.173152,-0.513235,1.71246
0,51,71.6644,96.6594,178.473,15.491,0.196999,-0.0505607,0.0666407,-0.0197084,0.322266,-1.15916,0.322266,-0.518029,1.72998
0,52,71.6802,96.7176,178.742,15.7667,0.333985,-0.0271639,0.080755,-0.0135467,0.500407,-1.21813,0.39139,-0.587386,1.73593
0,53,71.6874,96.7738,179.013,16.0435,0.680493,-0.0666311,0.0971246,-0.0204498,1.80698,-1.47141,0.530595,-0.594953,1.72105
0,54,71.6876,96.8285,179.287,16.3229,0.680493,-0.0666311,0.100477,-0.0318143,1.80698,-1.47141,0.581458,-0.660157,1.74336
0,55,71.6824,96.882,179.564,16.6051,0.344615,-0.0666311,0.0789577,-0.0144529,0.626036,-1.47141,0.17367,-0.61642,1.70948
0,56,71.6735,96.935,179.845,16.8912,0.23104,-0.0379043,0.0662509,-0.00891828,0.220304,-1.47141,0.0771268,-0.530723,1.70748
0,57,71.6625,96.9877,180.131,17.1822,0.320328,-0.0477569,0.0842276,-0.0164821,0.2277,-1.44832,0.120676,-0.616605,1.73021
0,58,71.651,97.0406,180.422,17.4782,0.488775,-0.0477569,0.0884678,-0.0157592,0.336301,-1.9555,0.124296,-0.636908,1.69799
0,59,71.6407,97.0942,180.719,17.7802,0.488775,-0.0477569,0.0734998,-0.024203,0.336301,-1.9555,0.150237,-0.636061,1.72035
0,60,71.6331,97.1489,181.022,18.0882,0.488775,-0.248243,0.103523,-0.0536443,2.27789,-1.9555,0.67806,-0.653083,1.68414
0,61,71.6294,97.2051,181.332,18.4032,0.394337,-0.248243,0.0713407,-0.0598005,2.27789,-1.283,0.683511,-0.511741,1.69327
0,62,71.629,97.2625,181.647,18.7234,0.314712,-0.248243,0.072185,-0.0435427,0.717429,-1.18414,0.236189,-0.548183,1.74676
0,63,71.6308,97.3209,181.966,19.0477,0.370369,-0.173821,0.0809774,-0.0316194,0.353664,-1.40643,0.126865,-0.610818,1.80084
0,64,71.6337,97.3799,182.287,19.3741,0.25043,-0.173821,0.0864756,-0.0397468,0.108773,-1.40643,0.0973062,-0.635674,1.82683
0,65,71.6365,97.4393,182.608,19.7006,0.305145,-0.173821,0.0763349,-0.0359073,0.0801067,-1.48898,0.0801067,-0.58089,1.84746
0,66,71.6381,97.4987,182.929,20.027,0.305145,-0.018182,0.0666299,-0.00791066,0.207881,-1.48898,0.140646,-0.5543,1.84544
0,67,71.6374,97.5578,183.246,20.3495,0.305145,-0.0235817,0.0594325,-0.0112118,0.207881,-1.48898,0.107655,-0.53149,1.83187
0,68,71.6334,97.6164,183.559,20.668,0.275665,-0.0235817,0.0636267,-0.00956917,0.369261,-1.43796,0.140388,-0.570171,1.80508
0,69,71.6249,97.6742,183.866,20.9805,0.275665,-0.0737524,0.0698943,-0.020722,0.17938,-1.36729,0.0671024,-0.582175,1.81494
0,70,71.6107,97.7308,184.165,21.2851,0.254547,-0.0737524,0.0615594,-0.0258391,0.10947,-1.72086,0.0437932,-0.538574,1.79876
0,71,71.5902,97.786,184.456,21.582,22.9936,-1.59157,0.252402,-0.0785524,0.275086,-19.0662,0.0995905,-0.668173,1.81567
0,72,71.5636,97.8398,184.737,21.8693,0.302381,-0.0503404,0.0671154,-0.0120682,0.353273,-1.72086,0.152371,-0.559392,1.80063
0,73,71.5317,97.8925,185.012,22.1512,10.6235,-1.31218,0.171026,-0.0419558,0.353273,-12.8269,0.152654,-0.619156,1.80638
0,74,71.495,97.9442,185.279,22.4256,26.3487,-1.59157,0.77391,-0.122929,0.353273,-13.7925,0.152184,-1.03032,1.8677
0,75,71.4543,97.995,185.541,22.6955,22.9247,-1.59157,0.567913,-0.15662,0.285072,-15.6163,0.116416,-1.07291,1.77704
0,76,71.4103,98.0451,185.799,22.962,33.8661,-1.59157,0.844139,-0.13343,0.285072,-12.2945,0.0788673,-1.56559,1.71893
0,77,71.3636,98.0946,186.052,23.224,26.3487,-1.59157,2.40262,-0.506971,0.174262,-19.0662,0.0547304,-2.9018,1.83491
0,78,71.3148,98.1436,186.303,23.4844,33.8661,-0.108129,2.05682,-0.0558096,0,-12.2945,0,-2.27867,1.82789
0,79,71.2647,98.1924,186.552,23.743,59.3364,-0.230163,3.54398,-0.085679,0.0777707,-22.0447,0.0553799,-2.89603,1.62253
0,80,71.214,98.241,186.8,24.0008,0,0,0,0,0,0,0,0,0.534131
