line_seg,node,x,y,z,s,g_max_plus,g_max_minus,g_avr_plus,g_avr_minus,av_max_plus,av_max_minus,av_avr_plus,av_avr_minus,r_avr
0,0,71.643,92.235,164.04,0,0,0,0,0,0,0,0,0,0.656096
0,1,71.5823,92.4275,164.271,0.30676,19.2481,-0.0785117,1.05685,-0.0397904,0.0546452,-9.13871,0.0539189,-1.63062,1.31945
0,2,71.5226,92.6181,164.503,0.612902,15.2226,-0.0930728,0.842207,-0.0250026,0.103338,-8.21118,0.103338,-1.42243,1.83359
0,3,71.465,92.8048,164.737,0.917743,5.37088,-0.0930728,0.619237,-0.0421152,0.103338,-5.04585,0.103338,-1.37792,1.9954
0,4,71.4104,92.9855,164.975,1.22152,18.4846,-0.0487171,1.01052,-0.0328748,0.103338,-8.71621,0.0506902,-1.41305,1.90511
0,5,71.3598,93.1585,165.217,1.52326,19.2481,-0.0785117,0.539242,-0.028007,0.140386,-9.13871,0.0405073,-1.23461,1.9584
0,6,71.3143,93.3217,165.466,1.82444,9.56167,-0.0785117,0.461187,-0.0195869,0.143537,-7.52519,0.0512157,-1.18345,2.13592
0,7,71.2749,93.4732,165.722,2.1245,32.776,-0.979855,0.99514,-0.124912,0.429486,-13.3768,0.0685304,-1.51161,2.40272
0,8,71.2427,93.611,165.986,2.42403,32.776,-0.0167426,0.709676,-0.00207359,0.452998,-12.0454,0.116879,-1.20906,2.52838
0,9,71.2185,93.7331,166.259,2.72408,0.476672,-0.0303605,0.0518354,-0.0082709,0.538011,-1.38534,0.157203,-0.552784,2.42659
0,10,71.2034,93.8377,166.543,3.02711,0.617594,-0.0303605,0.0637424,-0.00628929,0.538011,-1.62933,0.16649,-0.522255,2.36806
0,11,71.1979,93.9234,166.838,3.33435,0.617594,-0.0303605,0.0545856,-0.0132073,0.32516,-1.69023,0.0935066,-0.49258,2.31595
0,12,71.2003,93.9921,167.144,3.64798,0.617594,-0.0712664,0.0735249,-0.034847,0.0832004,-1.69023,0.0609819,-0.569493,2.29326
0,13,71.2081,94.0461,167.458,3.96668,0.299213,-0.0727241,0.0632433,-0.0306158,0.135836,-1.53815,0.0734736,-0.518984,2.23041
0,14,71.2191,94.088,167.778,4.2896,0.561727,-0.0727241,0.100285,-0.0272466,0.297623,-1.53815,0.100161,-0.619041,2.18741
0,15,71.2309,94.1201,168.102,4.61541,0.600325,-0.0727241,0.120622,-0.0295581,0.199842,-1.56812,0.103196,-0.68308,2.09242
0,16,71.2412,94.1451,168.429,4.94352,0.600325,-0.225031,0.0930176,-0.0589603,1.17502,-1.56812,0.29425,-0.589495,1.96128
0,17,71.2477,94.1652,168.757,5.2722,0.650483,-0.308165,0.102617,-0.0547411,1.17502,-1.65946,0.265436,-0.561974,1.81133
0,18,71.248,94.1831,169.084,5.59969,0.650483,-0.308165,0.0915022,-0.0769413,0.228031,-1.65946,0.0990394,-0.591001,1.70524
0,19,71.2399,94.2011,169.408,5.92429,0.464967,-0.308165,0.110712,-0.0366722,0.631309,-2.16844,0.192687,-0.69021,1.58488
0,20,71.2209,94.2217,169.727,6.24452,0.471344,-0.104626,0.102403,-0.0327439,0.631309,-2.16844,0.203881,-0.740533,1.47535
0,21,71.1897,94.247,170.04,6.56008,0.858172,-0.129622,0.167643,-0.054343,0.809472,-1.91919,0.35739,-0.94821,1.41007
0,22,71.1479,94.2777,170.347,6.87143,0.886727,-0.135496,0.225109,-0.0786069,0.809472,-1.93443,0.294579,-1.00448,1.37241
0,23,71.0982,94.314,170.65,7.18062,0.886727,-0.135496,0.172024,-0.0703902,0.395794,-1.93443,0.152996,-0.831561,1.29556
0,24,71.0432,94.3562,170.947,7.48561,0.886727,-0.309227,0.121896,-0.113109,0.44905,-1.99343,0.21684,-0.716814,1.21832
0,25,70.9855,94.4046,171.241,7.78909,0.287076,-0.309227,0.0825334,-0.0776213,0.550412,-2.27793,0.290781,-0.727007,1.18027
0,26,70.9278,94.4595,171.532,8.0908,0.299725,-0.309227,0.0928656,-0.0628868,0.550412,-2.27793,0.231553,-0.729313,1.24585
0,27,70.8727,94.5211,171.821,8.39138,1.08325,-0.207021,0.132119,-0.0540321,0.384641,-2.18691,0.249849,-0.667113,1.32343
0,28,70.8227,94.5897,172.108,8.69068,1.08325,-0.082301,0.183107,-0.0375319,0.254309,-2.31513,0.254309,-0.809542,1.45395
0,29,70.7806,94.6656,172.395,8.99052,0.913876,-0.0942314,0.142521,-0.0238628,0,-2.31513,0,-0.780278,1.51216
0,30,70.7488,94.749,172.681,9.29012,0.57689,-0.0942314,0.0977881,-0.0354834,0.659594,-2.31513,0.209785,-0.606388,1.56275
0,31,70.7295,94.84,172.967,9.59086,0.381945,-0.0942314,0.0708982,-0.0372986,0.659594,-1.47485,0.209197,-0.561417,1.60568
0,32,70.7225,94.9376,173.254,9.89408,0.438515,-0.0942314,0.0860094,-0.045529,0.812713,-1.56757,0.427449,-0.629058,1.66884
0,33,70.7269,95.0405,173.541,10.199,0.477807,-0.0555873,0.105067,-0.033933,0.812713,-1.62902,0.524706,-0.668696,1.7365
0,34,70.742,95.1473,173.828,10.5056,0.509274,-0.0370836,0.115066,-0.0135072,0.429957,-1.92415,0.389051,-0.689221,1.79093
0,35,70.7669,95.2568,174.113,10.8119,1.2898,-0.259803,0.135144,-0.0523343,0.201576,-2.40341,0.201576,-0.69366,1.81578
0,36,70.8009,95.3677,174.398,11.1196,3.12812,-0.259803,0.258404,-0.0721834,0.273805,-3.66147,0.221628,-0.855598,1.84302
0,37,70.8433,95.4787,174.681,11.4266,0.530861,-0.259803,0.10165,-0.02914,1.19729,-1.78955,0.397315,-0.615004,1.81934
0,38,70.8931,95.5886,174.963,11.7333,0.334686,-0.161683,0.083882,-0.0247714,1.19729,-1.72147,0.407297,-0.601465,1.81216
0,39,70.9497,95.696,175.243,12.0385,0.754063,-0.197262,0.105417,-0.0628159,1.841,-1.30241,0.45722,-0.675981,1.81909
0,40,71.0122,95.7997,175.52,12.3408,0.754063,-0.197262,0.103529,-0.0499978,1.841,-1.30241,0.565735,-0.637848,1.84214
0,41,71.0797,95.8987,175.795,12.6408,0.413887,-0.152717,0.0926852,-0.0555778,0.65139,-1.45805,0.262684,-0.62496,1.83603
0,42,71.1507,95.9928,176.067,12.9372,1.74847,-0.152717,0.121133,-0.0648337,3.44988,-1.67257,0.432012,-0.654648,1.83006
0,43,71.2234,96.0824,176.337,13.2308,1.74847,-0.152717,0.176058,-0.0489545,3.44988,-1.93528,0.873028,-0.698847,1.82409
0,44,71.2961,96.1675,176.606,13.5222,0.92394,-0.137927,0.134387,-0.0468477,1.15355,-1.93528,0.365473,-0.717141,1.8115
0,45,71.3672,96.2485,176.874,13.811,0.844334,-0.137927,0.133865,-0.05861,0.844387,-1.84883,0.357481,-0.712213,1.77855
0,46,71.435,96.3256,177.141,14.0971,0.844334,-0.161951,0.130258,-0.0466973,0.516195,-1.84883,0.259288,-0.627364,1.77011
0,47,71.4977,96.399,177.407,14.3801,0.533372,-0.161951,0.108979,-0.0357893,0.516195,-1.64369,0.185048,-0.565953,1.74
0,48,71.5536,96.4688,177.673,14.6607,0.448547,-0.161951,0.0922747,-0.0272371,0.292729,-1.64369,0.113478,-0.549964,1.74668
0,49,71.6011,96.5353,177.939,14.939,0.307051,-0.0930678,0.0749403,-0.0309495,0.319657,-1.52712,0.161759,-0.588998,1.73569
0,50,71.6384,96.5988,178.205,15.215,0.180821,-0.0776537,0.0711743,-0.0345369,0.319657,-1.24271,0.173333,-0.611423,1.71505
0,51,71.6644,96.6594,178.473,15.491,0.24432,-0.0776537,0.0861283,-0.026096,0.319657,-1.33752,0.130766,-0.59439,1.73022
0,52,71.6802,96.7176,178.742,15.7667,0.302165,-0.043213,0.10017,-0.016191,0.636987,-1.57056,0.277499,-0.631579,1.72383
0,53,71.6874,96.7738,179.013,16.0435,1.98262,-0.126985,0.156682,-0.0304639,3.15063,-1.61666,0.498796,-0.707394,1.73165
0,54,71.6876,96.8285,179.287,16.3229,1.98262,-0.126985,0.144038,-0.0520632,3.15063,-1.61666,0.618316,-0.730805,1.73871
0,55,71.6824,96.882,179.564,16.6051,0.500712,-0.126985,0.0973841,-0.0279069,0.820776,-1.64078,0.213164,-0.707983,1.72246
0,56,71.6735,96.935,179.845,16.8912,0.306182,-0.0381551,0.0824977,-0.0104715,0.458715,-1.64078,0.18827,-0.597848,1.70494
0,57,71.6625,96.9877,180.131,17.1822,0.404242,-0.0615326,0.0945604,-0.0204531,0.546328,-1.64078,0.224581,-0.650825,1.73017
0,58,71.651,97.0406,180.422,17.4782,0.592602,-0.0615326,0.0990341,-0.0267631,0.868731,-2.15261,0.289456,-0.704067,1.69204
0,59,71.6407,97.0942,180.719,17.7802,0.592602,-0.0615326,0.0875757,-0.0231263,0.868731,-2.15261,0.247257,-0.666159,1.72706
0,60,71.6331,97.1489,181.022,18.0882,0.723024,-0.401535,0.148539,-0.0734287,4.70136,-2.15261,0.970522,-0.78726,1.68996
0,61,71.6294,97.2051,181.332,18.4032,0.706303,-0.401535,0.109532,-0.094609,4.70136,-1.55474,1.06243,-0.595443,1.68897
0,62,71.629,97.2625,181.647,18.7234,0.375152,-0.401535,0.0829421,-0.0678528,0.870311,-1.3645,0.269016,-0.604178,1.7425
0,63,71.6308,97.3209,181.966,19.0477,0.375152,-0.186972,0.0957186,-0.0293899,0.870311,-1.44819,0.23049,-0.666406,1.80438
0,64,71.6337,97.3799,182.287,19.3741,0.328543,-0.186972,0.10372,-0.0371378,0.260376,-1.44819,0.162432,-0.683844,1.82893
0,65,71.6365,97.4393,182.608,19.7006,0.334565,-0.186972,0.0921765,-0.0472017,0.234411,-1.57699,0.133682,-0.673227,1.85064
0,66,71.6381,97.4987,182.929,20.027,0.334565,-0.0410998,0.0743055,-0.0184797,0.417557,-1.57699,0.132114,-0.664458,1.84274
0,67,71.6374,97.5578,183.246,20.3495,0.334565,-0.0410998,0.0640952,-0.0212636,0.417557,-1.57699,0.138025,-0.655326,1.83331
0,68,71.6334,97.6164,183.559,20.668,0.418239,-0.0316467,0.0739085,-0.018406,0.730417,-1.5617,0.200428,-0.674913,1.80938
0,69,71.6249,97.6742,183.866,20.9805,0.418239,-0.0762748,0.0915861,-0.0216411,0.298347,-1.52313,0.142891,-0.664878,1.81553
0,70,71.6107,97.7308,184.165,21.2851,0.418239,-0.0762748,0.0869564,-0.0159724,0.298347,-1.75974,0.133381,-0.650098,1.79964
0,71,71.5902,97.786,184.456,21.582,0.299842,-0.0835693,0.0740402,-0.02113,0.524779,-1.75974,0.160219,-0.567184,1.80388
0,72,71.5636,97.8398,184.737,21.8693,0.37892,-0.0835693,0.0791258,-0.0172385,0.691604,-1.75974,0.193529,-0.654941,1.79998
0,73,71.5317,97.8925,185.012,22.1512,28.1214,-1.59213,0.725709,-0.0610015,0.691604,-16.2044,0.198437,-1.12707,1.82254
0,74,71.495,97.9442,185.279,22.4256,22.301,-1.7478,0.820914,-0.199083,0.691604,-16.5798,0.166961,-1.30147,1.888
0,75,71.4543,97.995,185.541,22.6955,21.8568,-0.576676,0.415858,-0.0645838,0.397985,-14.7631,0.132444,-0.997115,1.76015
0,76,71.4103,98.0451,185.799,22.962,33.1891,-1.7478,0.887943,-0.152368,0.392183,-12.1754,0.110485,-1.57848,1.71129
0,77,71.3636,98.0946,186.052,23.224,32.9493,-1.7478,2.95879,-0.543271,0.392183,-29.6699,0.172062,-3.39428,1.84208
0,78,71.3148,98.1436,186.303,23.4844,33.1891,-0.168556,2.1794,-0.0699847,0.217979,-12.1754,0.217979,-2.21651,1.84286
0,79,71.2647,98.1924,186.552,23.743,45.1998,-0.356997,3.36008,-0.117662,0.0700715,-18.2758,0.0440619,-3.04704,1.60744
0,80,71.214,98.241,186.8,24.0008,0,0,0,0,0,0,0,0,0.53997
