/*--------------------------------*- C++ -*----------------------------------*\
| =========                 |                                                 |
| \\      /  F ield         | OpenFOAM: The Open Source CFD Toolbox           |
|  \\    /   O peration     | Version:  v1612+                                |
|   \\  /    A nd           | Web:      www.OpenFOAM.com                      |
|    \\/     M anipulation  |                                                 |
\*---------------------------------------------------------------------------*/
FoamFile
{
    version     2.0;
    format      ascii;
    class       labelList;
    location    "constant/polyMesh";
    object      pointProcAddressing;
}
// * * * * * * * * * * * * * * * * * * * * * * * * * * * * * * * * * * * * * //


6574
(
119
303
380
381
382
383
384
389
390
391
398
399
400
401
652
1338
1339
1340
1341
1342
1343
1344
1345
1346
1347
1348
1349
1350
1351
1388
1389
1390
1391
1392
1393
1394
1395
1397
1398
1412
1890
1891
1892
1893
1894
1895
1897
1898
1899
1900
1901
1902
1903
1904
1905
1906
1907
1908
1910
1912
1913
1915
1916
1917
1918
1919
1920
1921
1922
1923
1924
2852
2853
2854
2855
2856
2857
2858
2859
2860
2861
2862
2863
2864
2865
2866
3626
3627
3628
3629
3630
3631
3632
3633
3634
3635
3636
3637
3638
3639
3640
3641
3642
3643
3644
3645
3646
3647
3648
3649
3650
3651
3652
3654
3655
3656
3657
3658
3659
3660
3661
3662
3663
3664
3665
3666
3667
3668
3669
3670
3671
3672
3673
3674
3675
3676
3678
3690
3693
3694
3695
3696
3697
3698
3699
3722
3723
3724
3725
3726
3727
3728
3729
3730
3731
3732
3733
3734
3735
3736
3737
3738
3739
3740
3741
3742
3743
3744
3745
3746
3747
3748
3749
3750
3751
3752
3753
3754
3755
3756
3757
3758
3765
3766
3768
3771
10024
10025
10026
10027
10028
10029
10030
10031
10032
10033
10034
10035
10036
10037
10038
10040
10041
10044
10045
10046
10047
10048
10049
10050
10051
10052
10053
10054
10055
10056
10057
10058
10059
10060
10061
10062
10063
10068
10069
10070
10078
10080
10084
10085
10086
10087
10088
10089
10090
10091
10092
10093
10094
10095
10096
10097
10098
10099
10100
10101
10102
10103
10104
10105
10106
10107
10109
10110
10111
10112
10113
10114
10127
10128
10129
10130
10131
10132
10133
10134
10135
10136
10137
10138
10139
10140
10141
10142
10215
10216
10217
10218
10219
10220
10221
10222
10223
10224
10225
10226
10227
10228
10229
10230
10231
10232
10233
10234
10235
10236
10237
10238
10239
10253
10254
10255
10256
10257
10258
10259
10263
10266
10267
10268
10269
10270
10271
10272
10273
10274
10275
10276
10277
10278
10279
10280
10281
10285
10287
10289
10290
10291
10292
10293
10296
10297
10298
10299
10300
10301
10302
10303
10304
10305
10306
10307
10309
10310
10311
10312
10313
10314
10315
10316
10317
10318
10319
10320
10321
10322
10323
10324
10325
10326
10327
10328
10332
13821
13822
13823
13824
13825
13826
13827
13828
13829
13830
13831
13832
13833
13834
13835
13836
13837
13838
13839
13840
13841
13842
13843
13844
13845
13846
13847
13848
13849
13850
13851
13852
13853
13854
13855
13856
13857
13858
13859
13860
13861
13862
13863
13864
13865
13866
13867
13868
13869
13870
13871
13872
13873
13874
13875
13876
13936
13937
13938
13939
13940
13941
13942
13943
13944
13945
13946
13947
13948
13949
13950
13951
13959
13968
13969
13971
13972
13973
13974
13975
13976
13977
13978
13979
13980
13981
13982
13983
13984
13985
13986
13987
13988
13989
13991
13992
13993
13994
13996
13998
13999
14000
14001
14006
14007
14009
14010
14011
14012
14013
14014
14015
14016
14017
14018
14019
14020
14021
14022
14023
14024
14025
14026
14027
14028
14029
14030
14031
14032
14033
14034
14035
14036
14037
14038
14039
14040
14041
14042
14043
14044
14045
14046
14047
14048
14049
14227
14228
14229
14230
14268
14269
14270
14271
14272
14273
14274
14275
14276
14277
14278
14279
14280
14281
14282
14283
14284
14285
14286
14287
14288
14289
14290
14291
14292
14293
14294
14295
14296
14297
14298
14299
14300
14301
14302
14303
14304
14305
14306
14307
14308
14309
14310
14311
14312
14313
14314
14315
14316
14317
14318
14319
14320
14321
14322
14323
14324
14325
14326
14327
14328
14329
14330
14331
14332
14333
14334
14335
14336
14337
14338
14339
14340
14341
14342
14343
14344
14345
14346
14347
14354
15534
15535
15536
15537
15538
15539
15540
15541
15542
15543
15544
15545
15558
15560
15561
15562
15563
15564
15565
15566
15567
15568
15569
15570
15571
15572
19566
19567
19568
19569
19571
19572
19574
19579
19580
19582
19583
20554
20567
20568
20569
20574
20575
20576
21308
21309
21310
21311
21312
21327
21328
21329
21330
21338
21339
21340
21341
21342
21343
21344
21345
21974
21995
21996
21997
21998
21999
22000
22001
22002
22003
22004
22005
22006
22007
22008
22009
22010
22011
22012
22013
22014
22015
22016
22017
22018
22019
22020
22021
22912
22913
23065
23201
23202
23203
23204
23207
23208
23299
23300
23302
23306
23562
23564
24091
24282
24283
24284
24285
24286
24287
24288
24289
24290
24291
24292
24293
24328
24329
24330
24331
24334
24336
24337
24339
24340
24341
24342
24350
24351
24352
24353
24354
24355
24356
24847
24848
24849
24850
24851
24852
24854
24856
24865
24866
24867
24868
24869
24870
24871
24874
25799
25801
25803
25804
25805
25806
25807
25808
25814
25815
25817
25818
25819
25820
25821
25923
25924
26043
26047
26049
26127
26128
26129
26247
26292
26293
26392
26415
26472
26663
26665
26666
26671
26790
26791
26792
26793
26794
26802
26803
26804
27068
27120
27152
27177
27178
27179
27209
27231
27717
27735
27769
27808
27859
27897
27926
27931
27943
27947
27956
27990
28002
28006
28063
28099
28135
28224
28256
28267
28296
28300
28305
28352
28354
28412
28431
28448
28479
28496
28504
28545
28653
28726
28752
28893
28898
28970
29042
29105
29114
29132
29157
29229
29246
29286
29312
29345
29359
29364
29407
29426
29429
29435
29493
29509
29528
29537
29576
29672
29732
29760
29793
29913
29964
30002
30010
30071
30081
30128
30162
30264
30375
30407
30414
30431
30486
30494
30506
30507
30536
30537
30574
30585
30629
30639
30644
30703
30718
30724
30758
30792
30827
30868
30892
30914
30954
30967
31016
31025
31041
31132
31157
31166
31211
31223
31257
31263
31269
31275
31305
31306
31345
31347
31361
31434
31449
31465
31473
31535
31548
31607
31725
31742
31752
31793
31837
31893
31998
32012
32047
32074
32103
32123
32169
32186
32189
32208
32270
32271
32275
32280
32311
32404
32412
32431
32440
32576
32628
32638
32674
32675
32723
32750
32755
32768
32833
32852
32882
32893
32935
32948
32966
33004
33032
33054
33058
33067
33101
33131
33261
33293
33310
33336
33377
33388
33394
33403
33410
33518
33541
33565
33583
33627
33725
33789
33900
33901
33924
33962
34022
34092
34109
34177
34199
34236
34295
34342
34381
34383
34384
34393
34401
34402
34405
34474
34516
34524
34573
34587
34634
34653
34662
34713
34730
34743
34745
34779
34821
34868
34904
34926
34941
35047
35061
35069
35081
35086
35109
35148
35180
35228
35419
35453
35496
35533
35545
35561
35571
35619
35623
35627
35642
35673
35700
35703
35713
35815
35846
35902
35924
35959
35972
36037
36056
36099
36155
36177
36215
36242
36273
36302
36325
36333
36359
36381
36403
36436
36441
36536
36557
36560
36665
36676
36704
36725
36729
36782
36810
36818
36824
36916
36925
36936
36967
36985
37028
37029
37108
37141
37159
37170
37187
37204
37206
37236
37239
37293
37435
37468
37475
37488
37523
37544
37627
37727
37759
37768
37775
37783
37789
37974
38009
38037
38041
38152
38170
38181
38185
38199
38285
38326
38331
38373
38401
38409
38415
38458
38467
38565
38684
38689
38700
38725
38758
38760
38761
38773
38783
38841
38862
38868
38942
38946
39007
39053
39060
39066
39094
39123
39170
39197
39199
39218
39231
39268
39288
39298
39304
39316
39370
39444
39454
39491
39499
39509
39544
39545
39669
39680
39684
39777
39801
39843
39878
39911
39945
40034
40037
40038
40070
40073
40135
40146
40168
40205
40206
40208
40212
40247
40271
40296
40309
40361
40386
40428
40501
40533
40565
40574
40593
40607
40643
40735
40779
40811
40823
40847
40856
40928
40939
40966
40996
41030
41062
41088
41123
41168
41184
41290
41355
41383
41407
41437
41515
41522
41535
41585
41627
41640
41653
41664
41680
41826
41833
41834
41837
41914
41955
41957
41991
41993
41998
42042
42079
42144
42164
42281
42291
42329
42351
42359
42414
42415
42431
42513
42532
42549
42603
42617
42631
42643
42684
42695
42791
42846
42862
42889
42894
42910
42914
42918
42991
43119
43134
43147
43158
43178
43231
43260
43321
43335
43347
43455
43482
43517
43525
43595
43603
43630
43661
43664
43751
43779
43781
43843
43869
43873
43934
43950
43954
44037
44066
44162
44260
44293
44318
44403
44434
44444
44489
44546
44574
44593
44625
44649
44674
44680
44776
44803
44819
44848
44861
44967
44977
44986
45036
45042
45147
45185
45225
45316
45342
45392
45496
45548
45574
45663
45687
45715
45770
45771
45783
45799
45849
45855
45859
45888
46035
46064
46166
46169
46175
46279
46293
46420
46450
46460
46496
46500
46527
46579
46581
46597
46709
46788
46852
46876
46920
46936
46950
46961
46964
47008
47022
47043
47062
47255
47290
47313
47330
47347
47369
47379
47398
47457
47466
47497
47503
47535
47544
47560
47577
47629
47662
47685
47717
47794
47820
47852
47853
47864
47865
47964
47977
48003
48029
48081
48107
48135
48150
48184
48185
48251
48299
48315
48322
48337
48344
48359
48365
48388
48400
48456
48460
48577
48590
48598
48673
48729
48731
48744
48789
48799
48800
48803
48852
48866
48905
48928
48984
48995
49078
49090
49169
49172
49214
49248
49265
49281
49335
49350
49420
49421
49483
49498
49508
49530
49607
49652
49713
49730
49741
49753
49784
49804
49839
49870
49885
49888
49935
49944
49955
49966
50001
50039
50046
50049
50063
50081
50096
50147
50168
50176
50215
50230
50281
50328
50337
50342
50371
50379
50395
50401
50402
50451
50470
50474
50528
50543
50568
50582
50625
50663
50697
50736
50833
50859
50897
50954
50955
50990
51001
51006
51017
51019
51028
51029
51071
51083
51268
51272
51310
51329
51397
51410
51445
51457
51472
51474
51499
51517
51586
51589
51636
51662
51667
51698
51737
51750
51779
51867
52137
52138
52139
52140
52141
52152
52153
52154
52155
52156
52325
52326
52327
52328
52329
52330
52331
52332
52334
52336
52337
52338
52645
52646
52904
52905
52906
52907
52908
52909
52910
52911
52912
52913
52914
52915
52916
52917
52918
52919
52920
52921
52922
52923
52924
52925
52926
52927
52935
52936
52945
52946
52947
52948
52949
52950
55025
55026
55027
55028
55029
55030
55031
55032
55033
55034
55035
55036
55037
55038
55039
55040
55041
55043
55044
55045
55046
55047
55048
55049
55050
55051
55052
55053
55054
55055
55056
55057
55064
55065
55066
55067
55068
55069
55070
55071
55072
55073
55074
55076
55077
55078
55079
55080
55090
55091
55092
55093
55094
55123
55124
55125
55126
55127
55128
55129
55130
55131
55132
55133
55134
55135
55136
55137
55138
55139
55140
55141
55142
55144
55145
55147
55148
55149
55150
55151
55152
55155
55157
55158
55159
55160
55161
55162
55163
55164
55165
55166
55168
55169
56410
56411
56412
56413
56414
56415
56416
56417
56418
56419
56420
56421
56422
56423
56424
56425
56426
56462
56463
56464
56465
56466
56467
56479
56480
56481
56482
56483
56484
56485
56486
56487
56488
56489
56490
56491
56492
56493
56494
56495
56496
56497
56498
56499
56500
56501
56502
56503
56504
56505
56506
56507
56508
56509
56510
56511
56576
56577
56586
56587
56588
56589
56590
56591
56592
56593
56594
56595
56596
56597
56598
56599
56600
56601
56602
56603
56604
56605
56606
56607
56608
56609
56610
56945
56946
56947
56948
56949
56950
56951
56953
56955
56956
56957
56958
56959
56960
56961
56962
56963
56966
56967
58335
58336
58639
58997
58998
58999
59283
59284
59794
59795
59796
59797
59798
59799
59800
59801
59802
59803
59804
59805
59806
59807
59808
59809
59810
59811
59812
59824
59825
59826
59827
59828
59829
60160
60161
60162
60163
60164
60165
60166
60167
60172
60173
60174
60175
60186
60187
60188
60189
60190
60191
61205
61206
61208
61209
61213
61216
61237
63657
63658
63659
63660
63661
64453
64454
64455
64460
64461
64462
64463
64464
64465
64466
64467
64468
64469
64470
64471
64472
64473
64474
64475
64476
64477
64478
64479
64480
64481
64482
64483
64484
64485
64486
64487
64488
64489
64490
64491
64492
64493
64494
64495
64496
64497
64498
64499
64500
64501
64502
64503
64504
64505
64506
64652
64653
64654
64655
64656
64657
64658
64659
64660
64661
64662
64663
64664
64665
64666
64667
64668
64669
64670
64671
64672
64675
64676
64679
64683
64684
64685
64686
64687
64688
64691
64692
64694
64695
64696
64697
64698
64699
64700
64701
64702
64707
64708
64709
64710
64711
64712
64713
64714
64715
64716
64717
64718
64719
64720
64721
64722
64723
64724
64725
64726
64727
64728
64729
64730
64765
64766
64767
64768
64769
64770
64771
64772
64773
64774
64775
64776
64777
64778
64779
64780
64781
64782
64783
64784
64785
64786
64787
64788
64789
64790
64791
64792
64793
67048
67049
67050
67051
67052
67053
67054
67055
67056
67057
67058
67059
67060
67061
67062
67063
67064
67065
67066
67068
67070
67071
67073
67074
67075
67076
67077
67078
67081
67082
67084
67085
67086
67087
67088
67089
67090
67131
67132
67133
67134
67135
67136
67137
67138
67139
67140
67141
67142
67143
67144
67145
67146
67147
67148
67149
67150
67151
67152
67153
67154
67155
67156
67157
67158
67159
67160
67161
67162
67163
67164
67165
67166
67167
67168
67170
67171
67178
67179
67180
67181
67182
71550
71551
71552
71556
71558
71560
71561
71569
71570
71571
71572
71573
71574
71575
71576
71577
71578
71579
71580
71581
71582
71583
71584
71585
71586
71587
71588
71589
71590
71591
71592
71593
71594
71595
71596
71597
71598
71599
71621
71622
71623
71624
71625
71626
71627
71628
71629
71630
71631
71632
71633
71638
71639
71640
71641
71642
71643
71644
71645
71646
71647
71648
71649
71650
71651
71652
71653
71654
71655
71656
71659
71660
71661
71662
71663
71664
71665
71666
71667
71668
72172
72173
72174
72175
72176
72177
72178
72179
72180
72181
72182
72183
72184
72185
72417
72687
72688
72689
72690
72691
72702
72703
72704
72705
72706
72875
72876
72877
72878
72879
72880
72881
72882
72884
72886
72887
72888
73195
73196
73454
73455
73456
73457
73458
73459
73460
73461
73462
73463
73464
73465
73466
73467
73468
73469
73470
73471
73472
73473
73474
73475
73476
73477
73485
73486
73495
73496
73497
73498
73499
73500
75575
75576
75577
75578
75579
75580
75581
75582
75583
75584
75585
75586
75587
75588
75589
75590
75591
75593
75594
75595
75596
75597
75598
75599
75600
75601
75602
75603
75604
75605
75606
75607
75614
75615
75616
75617
75618
75619
75620
75621
75622
75623
75624
75626
75627
75628
75629
75630
75640
75641
75642
75643
75644
75673
75674
75675
75676
75677
75678
75679
75680
75681
75682
75683
75684
75685
75686
75687
75688
75689
75690
75691
75692
75694
75695
75697
75698
75699
75700
75701
75702
75705
75707
75708
75709
75710
75711
75712
75713
75714
75715
75716
75718
75719
76960
76961
76962
76963
76964
76965
76966
76967
76968
76969
76970
76971
76972
76973
76974
76975
76976
77012
77013
77014
77015
77016
77017
77029
77030
77031
77032
77033
77034
77035
77036
77037
77038
77039
77040
77041
77042
77043
77044
77045
77046
77047
77048
77049
77050
77051
77052
77053
77054
77055
77056
77057
77058
77059
77060
77061
77126
77127
77136
77137
77138
77139
77140
77141
77142
77143
77144
77145
77146
77147
77148
77149
77150
77151
77152
77153
77154
77155
77156
77157
77158
77159
77160
77495
77496
77497
77498
77499
77500
77501
77503
77505
77506
77507
77508
77509
77510
77511
77512
77513
77516
77517
78885
78886
79189
79547
79548
79549
79833
79834
80344
80345
80346
80347
80348
80349
80350
80351
80352
80353
80354
80355
80356
80357
80358
80359
80360
80361
80362
80374
80375
80376
80377
80378
80379
80710
80711
80712
80713
80714
80715
80716
80717
80722
80723
80724
80725
80736
80737
80738
80739
80740
80741
81755
81756
81758
81759
81763
81766
81787
84207
84208
84209
84210
84211
85003
85004
85005
85010
85011
85012
85013
85014
85015
85016
85017
85018
85019
85020
85021
85022
85023
85024
85025
85026
85027
85028
85029
85030
85031
85032
85033
85034
85035
85036
85037
85038
85039
85040
85041
85042
85043
85044
85045
85046
85047
85048
85049
85050
85051
85052
85053
85054
85055
85056
85202
85203
85204
85205
85206
85207
85208
85209
85210
85211
85212
85213
85214
85215
85216
85217
85218
85219
85220
85221
85222
85225
85226
85229
85233
85234
85235
85236
85237
85238
85241
85242
85244
85245
85246
85247
85248
85249
85250
85251
85252
85257
85258
85259
85260
85261
85262
85263
85264
85265
85266
85267
85268
85269
85270
85271
85272
85273
85274
85275
85276
85277
85278
85279
85280
85315
85316
85317
85318
85319
85320
85321
85322
85323
85324
85325
85326
85327
85328
85329
85330
85331
85332
85333
85334
85335
85336
85337
85338
85339
85340
85341
85342
85343
87598
87599
87600
87601
87602
87603
87604
87605
87606
87607
87608
87609
87610
87611
87612
87613
87614
87615
87616
87618
87620
87621
87623
87624
87625
87626
87627
87628
87631
87632
87634
87635
87636
87637
87638
87639
87640
87681
87682
87683
87684
87685
87686
87687
87688
87689
87690
87691
87692
87693
87694
87695
87696
87697
87698
87699
87700
87701
87702
87703
87704
87705
87706
87707
87708
87709
87710
87711
87712
87713
87714
87715
87716
87717
87718
87720
87721
87728
87729
87730
87731
87732
92089
92359
92360
92361
92362
92363
92374
92375
92376
92377
92378
92547
92548
92549
92550
92551
92552
92553
92554
92556
92558
92559
92560
92867
92868
93126
93127
93128
93129
93130
93131
93132
93133
93134
93135
93136
93137
93138
93139
93140
93141
93142
93143
93144
93145
93146
93147
93148
93149
93157
93158
93167
93168
93169
93170
93171
93172
95247
95248
95249
95250
95251
95252
95253
95254
95255
95256
95257
95258
95259
95260
95261
95262
95263
95265
95266
95267
95268
95269
95270
95271
95272
95273
95274
95275
95276
95277
95278
95279
95286
95287
95288
95289
95290
95291
95292
95293
95294
95295
95296
95298
95299
95300
95301
95302
95312
95313
95314
95315
95316
95345
95346
95347
95348
95349
95350
95351
95352
95353
95354
95355
95356
95357
95358
95359
95360
95361
95362
95363
95364
95366
95367
95369
95370
95371
95372
95373
95374
95377
95379
95380
95381
95382
95383
95384
95385
95386
95387
95388
95390
95391
96632
96633
96634
96635
96636
96637
96638
96639
96640
96641
96642
96643
96644
96645
96646
96647
96648
96684
96685
96686
96687
96688
96689
96701
96702
96703
96704
96705
96706
96707
96708
96709
96710
96711
96712
96713
96714
96715
96716
96717
96718
96719
96720
96721
96722
96723
96724
96725
96726
96727
96728
96729
96730
96731
96732
96733
96798
96799
96808
96809
96810
96811
96812
96813
96814
96815
96816
96817
96818
96819
96820
96821
96822
96823
96824
96825
96826
96827
96828
96829
96830
96831
96832
97167
97168
97169
97170
97171
97172
97173
97175
97177
97178
97179
97180
97181
97182
97183
97184
97185
97188
97189
98557
98558
98861
99219
99220
99221
99505
99506
100016
100017
100018
100019
100020
100021
100022
100023
100024
100025
100026
100027
100028
100029
100030
100031
100032
100033
100034
100046
100047
100048
100049
100050
100051
100382
100383
100384
100385
100386
100387
100388
100389
100394
100395
100396
100397
100408
100409
100410
100411
100412
100413
101427
101428
101430
101431
101435
101438
101459
103879
103880
103881
103882
103883
104675
104676
104677
104682
104683
104684
104685
104686
104687
104688
104689
104690
104691
104692
104693
104694
104695
104696
104697
104698
104699
104700
104701
104702
104703
104704
104705
104706
104707
104708
104709
104710
104711
104712
104713
104714
104715
104716
104717
104718
104719
104720
104721
104722
104723
104724
104725
104726
104727
104728
104874
104875
104876
104877
104878
104879
104880
104881
104882
104883
104884
104885
104886
104887
104888
104889
104890
104891
104892
104893
104894
104897
104898
104901
104905
104906
104907
104908
104909
104910
104913
104914
104916
104917
104918
104919
104920
104921
104922
104923
104924
104929
104930
104931
104932
104933
104934
104935
104936
104937
104938
104939
104940
104941
104942
104943
104944
104945
104946
104947
104948
104949
104950
104951
104952
104987
104988
104989
104990
104991
104992
104993
104994
104995
104996
104997
104998
104999
105000
105001
105002
105003
105004
105005
105006
105007
105008
105009
105010
105011
105012
105013
105014
105015
107270
107271
107272
107273
107274
107275
107276
107277
107278
107279
107280
107281
107282
107283
107284
107285
107286
107287
107288
107290
107292
107293
107295
107296
107297
107298
107299
107300
107303
107304
107306
107307
107308
107309
107310
107311
107312
107353
107354
107355
107356
107357
107358
107359
107360
107361
107362
107363
107364
107365
107366
107367
107368
107369
107370
107371
107372
107373
107374
107375
107376
107377
107378
107379
107380
107381
107382
107383
107384
107385
107386
107387
107388
107389
107390
107392
107393
107400
107401
107402
107403
107404
111772
111773
111774
111778
111780
111782
111783
111791
111792
111793
111869
112139
112140
112141
112142
112143
112154
112155
112156
112157
112158
112327
112328
112329
112330
112331
112332
112333
112334
112336
112338
112339
112340
112647
112648
112906
112907
112908
112909
112910
112911
112912
112913
112914
112915
112916
112917
112918
112919
112920
112921
112922
112923
112924
112925
112926
112927
112928
112929
112937
112938
112947
112948
112949
112950
112951
112952
115027
115028
115029
115030
115031
115032
115033
115034
115035
115036
115037
115038
115039
115040
115041
115042
115043
115045
115046
115047
115048
115049
115050
115051
115052
115053
115054
115055
115056
115057
115058
115059
115066
115067
115068
115069
115070
115071
115072
115073
115074
115075
115076
115078
115079
115080
115081
115082
115092
115093
115094
115095
115096
115125
115126
115127
115128
115129
115130
115131
115132
115133
115134
115135
115136
115137
115138
115139
115140
115141
115142
115143
115144
115146
115147
115149
115150
115151
115152
115153
115154
115157
115159
115160
115161
115162
115163
115164
115165
115166
115167
115168
115170
115171
116412
116413
116414
116415
116416
116417
116418
116419
116420
116421
116422
116423
116424
116425
116426
116427
116428
116464
116465
116466
116467
116468
116469
116481
116482
116483
116484
116485
116486
116487
116488
116489
116490
116491
116492
116493
116494
116495
116496
116497
116498
116499
116500
116501
116502
116503
116504
116505
116506
116507
116508
116509
116510
116511
116512
116513
116578
116579
116588
116589
116590
116591
116592
116593
116594
116595
116596
116597
116598
116599
116600
116601
116602
116603
116604
116605
116606
116607
116608
116609
116610
116611
116612
116947
116948
116949
116950
116951
116952
116953
116955
116957
116958
116959
116960
116961
116962
116963
116964
116965
116968
116969
118337
118338
118641
118999
119000
119001
119285
119286
119796
119797
119798
119799
119800
119801
119802
119803
119804
119805
119806
119807
119808
119809
119810
119811
119812
119813
119814
119826
119827
119828
119829
119830
119831
120162
120163
120164
120165
120166
120167
120168
120169
120174
120175
120176
120177
120188
120189
120190
120191
120192
120193
121207
121208
121210
121211
121215
121218
121239
123659
123660
123661
123662
123663
124455
124456
124457
124462
124463
124464
124465
124466
124467
124468
124469
124470
124471
124472
124473
124474
124475
124476
124477
124478
124479
124480
124481
124482
124483
124484
124485
124486
124487
124488
124489
124490
124491
124492
124493
124494
124495
124496
124497
124498
124499
124500
124501
124502
124503
124504
124505
124506
124507
124508
124654
124655
124656
124657
124658
124659
124660
124661
124662
124663
124664
124665
124666
124667
124668
124669
124670
124671
124672
124673
124674
124677
124678
124681
124685
124686
124687
124688
124689
124690
124693
124694
124696
124697
124698
124699
124700
124701
124702
124703
124704
124709
124710
124711
124712
124713
124714
124715
124716
124717
124718
124719
124720
124721
124722
124723
124724
124725
124726
124727
124728
124729
124730
124731
124732
124767
124768
124769
124770
124771
124772
124773
124774
124775
124776
124777
124778
124779
124780
124781
124782
124783
124784
124785
124786
124787
124788
124789
124790
124791
124792
124793
124794
124795
127050
127051
127052
127053
127054
127055
127056
127057
127058
127059
127060
127061
127062
127063
127064
127065
127066
127067
127068
127070
127072
127073
127075
127076
127077
127078
127079
127080
127083
127084
127086
127087
127088
127089
127090
127091
127092
127133
127134
127135
127136
127137
127138
127139
127140
127141
127142
127143
127144
127145
127146
127147
127148
127149
127150
127151
127152
127153
127154
127155
127156
127157
127158
127159
127160
127161
127162
127163
127164
127165
127166
127167
127168
127169
127170
127172
127173
127180
127181
127182
127183
127184
131552
131553
131554
131558
131560
131562
131563
131571
131572
131573
131574
131575
131576
131577
131578
131579
131580
131581
131582
131583
131584
131585
131586
131587
131588
131589
131590
131591
131592
131593
131594
131595
131596
131597
131598
131599
131600
131601
131623
131624
131625
131626
131627
131628
131629
131630
131631
131632
131633
131634
131635
131640
131641
131642
131643
131644
131645
131646
131647
131648
131649
131650
131651
131652
131653
131654
131655
131656
131657
131658
131661
131662
131663
131664
131665
131666
131667
131668
131669
131670
132174
132175
132176
132177
132178
132179
132180
132181
132182
132183
132184
132185
132186
132187
132915
132916
132917
132918
132919
132938
132939
132940
132941
132942
132943
132944
132946
132951
132952
132953
132954
132955
133412
133413
133414
133415
133416
133417
133418
133419
133420
133421
133422
133423
133424
133425
133426
134121
134122
134140
134141
134142
134143
134144
134145
134396
134397
134398
134399
134400
134401
134402
134403
134404
134405
134406
134750
134751
134752
134753
134851
134852
134853
135116
135117
135119
135620
135890
135891
135892
135893
135894
135905
135906
135907
135908
135909
136078
136079
136080
136081
136082
136083
136084
136085
136087
136088
136089
136090
136091
136398
136399
136657
136658
136659
136660
136661
136662
136663
136664
136665
136666
136667
136668
136669
136670
136671
136672
136673
136674
136675
136676
136677
136678
136679
136680
136688
136689
136698
136699
136700
136701
136702
136703
138778
138779
138780
138781
138782
138783
138784
138785
138786
138787
138788
138789
138790
138791
138792
138793
138794
138796
138797
138798
138799
138800
138801
138802
138803
138804
138805
138806
138807
138808
138809
138810
138817
138818
138819
138820
138821
138822
138823
138824
138825
138826
138827
138829
138830
138831
138832
138833
138843
138844
138845
138846
138847
138876
138877
138878
138879
138880
138881
138882
138883
138884
138885
138886
138887
138888
138889
138890
138891
138892
138893
138894
138895
138897
138898
138900
138901
138902
138903
138904
138905
138908
138910
138911
138912
138913
138914
138915
138916
138917
138918
138919
138921
138922
140163
140164
140165
140166
140167
140168
140169
140170
140171
140172
140173
140174
140175
140176
140177
140178
140179
140215
140216
140217
140218
140219
140220
140232
140233
140234
140235
140236
140237
140238
140239
140240
140241
140242
140243
140244
140245
140246
140247
140248
140249
140250
140251
140252
140253
140254
140255
140256
140257
140258
140259
140260
140261
140262
140263
140264
140329
140330
140339
140340
140341
140342
140343
140344
140345
140346
140347
140348
140349
140350
140351
140352
140353
140354
140355
140356
140357
140358
140359
140360
140361
140362
140363
140698
140699
140700
140701
140702
140703
140704
140706
140708
140709
140710
140711
140712
140713
140714
140715
140716
140719
140720
142088
142089
142392
142750
142751
142752
143036
143037
143547
143548
143549
143550
143551
143552
143553
143554
143555
143556
143557
143558
143559
143560
143561
143562
143563
143564
143565
143577
143578
143579
143580
143581
143582
143913
143914
143915
143916
143917
143918
143919
143920
143925
143926
143927
143928
143939
143940
143941
143942
143943
143944
144958
144959
144961
144962
144966
144969
144990
147410
147411
147412
147413
147414
148206
148207
148208
148213
148214
148215
148216
148217
148218
148219
148220
148221
148222
148223
148224
148225
148226
148227
148228
148229
148230
148231
148232
148233
148234
148235
148236
148237
148238
148239
148240
148241
148242
148243
148244
148245
148246
148247
148248
148249
148250
148251
148252
148253
148254
148255
148256
148257
148258
148259
148405
148406
148407
148408
148409
148410
148411
148412
148413
148414
148415
148416
148417
148418
148419
148420
148421
148422
148423
148424
148425
148428
148429
148432
148436
148437
148438
148439
148440
148441
148444
148445
148447
148448
148449
148450
148451
148452
148453
148454
148455
148460
148461
148462
148463
148464
148465
148466
148467
148468
148469
148470
148471
148472
148473
148474
148475
148476
148477
148478
148479
148480
148481
148482
148483
148518
148519
148520
148521
148522
148523
148524
148525
148526
148527
148528
148529
148530
148531
148532
148533
148534
148535
148536
148537
148538
148539
148540
148541
148542
148543
148544
148545
148546
150801
150802
150803
150804
150805
150806
150807
150808
150809
150810
150811
150812
150813
150814
150815
150816
150817
150818
150819
150821
150823
150824
150826
150827
150828
150829
150830
150831
150834
150835
150837
150838
150839
150840
150841
150842
150843
150884
150885
150886
150887
150888
150889
150890
150891
150892
150893
150894
150895
150896
150897
150898
150899
150900
150901
150902
150903
150904
150905
150906
150907
150908
150909
150910
150911
150912
150913
150914
150915
150916
150917
150918
150919
150920
150921
150923
150924
150931
150932
150933
150934
150935
155303
155304
155305
155309
155311
155313
155314
155322
155323
155324
155325
155326
155327
155328
155329
155330
155331
155332
155333
155334
155335
155336
155337
155338
155339
155340
155341
155342
155343
155344
155345
155346
155347
155348
155349
155350
155351
155352
155374
155375
155376
155377
155378
155379
155380
155381
155382
155383
155384
155385
155386
155391
155392
155393
155394
155395
155396
155397
155398
155399
155400
155401
155402
155403
155404
155405
155406
155407
155408
155409
155412
155413
155414
155415
155416
155417
155418
155419
155420
155421
155925
155926
155927
155928
155929
155930
155931
155932
155933
155934
155935
155936
155937
155938
156666
156667
156668
156669
156670
156689
156690
156691
156692
156693
156694
156695
156697
156702
156703
156704
156705
156706
157163
157164
157165
157166
157167
157168
157169
157170
157171
157172
157173
157174
157175
157176
157177
157872
157873
157891
157892
157893
157894
157895
157896
158147
158148
158149
158150
158151
158152
158153
158154
158155
158156
158157
158501
158502
158503
158504
158602
158603
158604
158867
158868
158870
159762
159763
159764
159765
159766
159767
159768
159769
159773
159774
159775
159776
159777
159778
159779
159780
159781
159803
159804
159805
159806
160364
160365
160366
160367
160368
160369
160370
160371
160372
160373
160374
160375
160376
160377
160378
160379
160380
160381
160382
160383
160384
160385
160386
160421
160422
160423
160424
160425
160426
160427
160428
160429
160430
160431
160432
160433
160434
160435
161294
161295
161691
161692
161693
161694
161695
161931
161932
161933
162092
162093
162094
162213
162214
162215
162216
162217
162218
162219
162220
162221
162222
162223
162224
162227
162373
162374
162375
162376
162377
162483
162484
162485
162486
162487
162569
162839
162840
162841
162842
162843
162854
162855
162856
162857
162858
163027
163028
163029
163030
163031
163032
163033
163034
163036
163037
163038
163039
163040
163347
163348
163606
163607
163608
163609
163610
163611
163612
163613
163614
163615
163616
163617
163618
163619
163620
163621
163622
163623
163624
163625
163626
163627
163628
163629
163637
163638
163647
163648
163649
163650
163651
163652
165727
165728
165729
165730
165731
165732
165733
165734
165735
165736
165737
165738
165739
165740
165741
165742
165743
165745
165746
165747
165748
165749
165750
165751
165752
165753
165754
165755
165756
165757
165758
165759
165766
165767
165768
165769
165770
165771
165772
165773
165774
165775
165776
165778
165779
165780
165781
165782
165792
165793
165794
165795
165796
165825
165826
165827
165828
165829
165830
165831
165832
165833
165834
165835
165836
165837
165838
165839
165840
165841
165842
165843
165844
165846
165847
165849
165850
165851
165852
165853
165854
165857
165859
165860
165861
165862
165863
165864
165865
165866
165867
165868
165870
165871
167112
167113
167114
167115
167116
167117
167118
167119
167120
167121
167122
167123
167124
167125
167126
167127
167128
167164
167165
167166
167167
167168
167169
167181
167182
167183
167184
167185
167186
167187
167188
167189
167190
167191
167192
167193
167194
167195
167196
167197
167198
167199
167200
167201
167202
167203
167204
167205
167206
167207
167208
167209
167210
167211
167212
167213
167278
167279
167288
167289
167290
167291
167292
167293
167294
167295
167296
167297
167298
167299
167300
167301
167302
167303
167304
167305
167306
167307
167308
167309
167310
167311
167312
167647
167648
167649
167650
167651
167652
167653
167655
167657
167658
167659
167660
167661
167662
167663
167664
167665
167668
167669
169037
169038
169341
169699
169700
169701
169985
169986
170496
170497
170498
170499
170500
170501
170502
170503
170504
170505
170506
170507
170508
170509
170510
170511
170512
170513
170514
170526
170527
170528
170529
170530
170531
170862
170863
170864
170865
170866
170867
170868
170869
170874
170875
170876
170877
170888
170889
170890
170891
170892
170893
171907
171908
171910
171911
171915
171918
171939
174359
174360
174361
174362
174363
175155
175156
175157
175162
175163
175164
175165
175166
175167
175168
175169
175170
175171
175172
175173
175174
175175
175176
175177
175178
175179
175180
175181
175182
175183
175184
175185
175186
175187
175188
175189
175190
175191
175192
175193
175194
175195
175196
175197
175198
175199
175200
175201
175202
175203
175204
175205
175206
175207
175208
175354
175355
175356
175357
175358
175359
175360
175361
175362
175363
175364
175365
175366
175367
175368
175369
175370
175371
175372
175373
175374
175377
175378
175381
175385
175386
175387
175388
175389
175390
175393
175394
175396
175397
175398
175399
175400
175401
175402
175403
175404
175409
175410
175411
175412
175413
175414
175415
175416
175417
175418
175419
175420
175421
175422
175423
175424
175425
175426
175427
175428
175429
175430
175431
175432
175467
175468
175469
175470
175471
175472
175473
175474
175475
175476
175477
175478
175479
175480
175481
175482
175483
175484
175485
175486
175487
175488
175489
175490
175491
175492
175493
175494
175495
177750
177751
177752
177753
177754
177755
177756
177757
177758
177759
177760
177761
177762
177763
177764
177765
177766
177767
177768
177770
177772
177773
177775
177776
177777
177778
177779
177780
177783
177784
177786
177787
177788
177789
177790
177791
177792
177833
177834
177835
177836
177837
177838
177839
177840
177841
177842
177843
177844
177845
177846
177847
177848
177849
177850
177851
177852
177853
177854
177855
177856
177857
177858
177859
177860
177861
177862
177863
177864
177865
177866
177867
177868
177869
177870
177872
177873
177880
177881
177882
177883
177884
182252
182253
182254
182258
182260
182262
182263
182271
182272
182273
182274
182275
182276
182277
182278
182279
182280
182281
182282
182283
182284
182285
182286
182287
182288
182289
182290
182291
182292
182293
182294
182295
182296
182297
182298
182299
182300
182301
182323
182324
182325
182326
182327
182328
182329
182330
182331
182332
182333
182334
182335
182340
182341
182342
182343
182344
182345
182346
182347
182348
182349
182350
182351
182352
182353
182354
182355
182356
182357
182358
182361
182362
182363
182364
182365
182366
182367
182368
182369
182370
182874
182875
182876
182877
182878
182879
182880
182881
182882
182883
182884
182885
182886
182887
183615
183616
183617
183618
183619
183638
183639
183640
183641
183642
183643
183644
183646
183651
183652
183653
183654
183655
184112
184113
184114
184115
184116
184117
184118
184119
184120
184121
184122
184123
184124
184125
184126
184821
184822
184840
184841
184842
184843
184844
184845
185096
185097
185098
185099
185100
185101
185102
185103
185104
185105
185106
185450
185451
185452
185453
185551
185552
185553
185816
185817
185819
186711
186712
186713
186714
186715
186716
186717
186718
186722
186723
186724
186725
186726
186727
186728
186729
186730
186752
186753
186754
186755
187313
187314
187315
187316
187317
187318
187319
187320
187321
187322
187323
187324
187325
187326
187327
187328
187329
187330
187331
187332
187333
187334
187335
187370
187371
187372
187373
187374
187375
187376
187377
187378
187379
187380
187381
187382
187383
187384
188243
188244
188640
188641
188642
188643
188644
188880
188881
188882
189041
189042
189043
189162
189163
189164
189165
189166
189167
189168
189169
189170
189171
189172
189173
189176
189322
189323
189324
189325
189326
189432
189433
189434
189435
189436
190656
190659
190661
190666
190668
190669
190672
190673
190674
190675
190676
190680
190681
190684
190686
190687
190689
190690
190696
190699
190704
190711
190712
190713
190723
190727
190737
190742
190743
190744
190745
190746
190747
190748
190749
190750
190751
190752
190753
190754
190755
190756
190757
190758
190759
190760
190761
190762
190763
190764
190765
190766
190767
190768
190769
190770
190771
190772
190773
190774
190775
190776
190777
190778
190779
190780
190781
190782
190783
190784
190785
190786
190787
190788
190789
190790
190791
190792
190793
190797
195514
195522
195523
195524
195526
195528
195529
195530
195531
195532
195533
195534
195535
195536
195538
195539
195540
195541
195542
195543
195544
195545
195546
195547
195548
195549
195550
195551
195552
195553
195554
195555
195556
195557
195558
195559
195560
195561
195562
195563
195564
195565
195566
195567
195568
195569
195570
195571
195572
195573
195574
195575
195576
195577
195578
195579
195580
195581
195582
195583
195584
195585
195586
195587
195588
195589
195590
195591
195592
195593
195594
195595
195596
195597
195598
195599
195600
195601
195602
195603
195604
195605
195606
195607
195608
195609
195610
195611
195612
195613
195614
195615
195616
195617
195618
195619
195620
195621
195622
195623
195624
195625
195626
195627
195628
195629
195630
195631
195632
195633
195634
195635
195636
195637
195638
195639
195640
195641
195642
195643
195644
195645
195646
195647
195648
195649
195650
195651
195652
195653
195654
195655
195656
195657
195658
195659
195662
195663
195664
195671
195672
195674
195675
195676
195686
195687
195688
195689
195690
195691
195692
195693
195694
195704
195705
195706
195714
195715
195716
195717
195718
195728
195729
195745
195746
195747
195748
195749
195750
195755
195756
195757
195760
195761
195762
195766
195767
195768
195769
195778
195779
195780
195781
195783
195784
195785
195786
195787
195788
195789
195790
195791
195792
195800
195801
195802
195803
195808
195809
195810
195821
195823
195824
195831
195834
195839
195840
195841
195844
200487
200490
200491
200496
200506
200513
200516
200517
200523
200525
200529
200532
200533
200536
200537
200538
200539
200544
200546
200547
200548
200549
200550
200551
200552
200553
200554
200555
200556
200557
200558
200559
200560
200561
200562
200563
200564
200565
200566
200567
200568
200569
200570
200571
200572
200573
200574
200575
200576
200577
200578
200579
200580
200581
200582
200583
200584
200585
200586
200591
202043
202044
202045
202046
202047
202048
202049
202051
203526
203541
203544
203545
203546
203547
203548
203549
203550
203552
203553
203554
203555
203556
203557
203558
203559
203560
203561
203562
203563
203564
203565
203566
203567
203568
203569
203570
203571
203572
203573
203574
203575
203576
203577
203578
203579
203580
203581
203582
203583
203584
203585
203586
203587
203588
203589
203590
203591
203592
203593
203596
203601
203602
203603
203610
203614
203623
203624
203625
203627
203628
203630
203631
203637
203638
203639
203640
203641
203647
203648
203650
203651
203652
203653
203655
203656
205367
205368
205369
205374
205381
205382
205384
205385
205387
205389
205390
205393
205394
205395
205396
205397
205398
205399
205400
205401
205402
205403
205404
205405
205406
205407
205408
205409
205412
206042
206043
206044
206045
206237
206238
206239
206240
206241
206242
206243
206244
206245
206246
207404
207405
207406
207409
207411
207414
207415
207416
207417
207418
207419
207420
207421
207422
207423
207424
207425
207426
207427
207428
207429
207430
207431
207432
207433
207434
207435
207436
207437
207438
207439
207440
207441
207442
207443
207444
207445
207446
207447
207454
207459
207460
207464
207465
207466
207467
207471
207472
207473
207474
207475
207476
207489
207490
207495
207500
207501
207502
207503
209423
209424
209426
209427
209429
209433
209440
209441
209442
209443
209449
209451
209452
209453
209454
209464
209466
209468
209469
209470
209471
209472
209475
209476
209477
209478
209479
209480
209481
209482
209483
209484
209485
209486
209487
209488
209489
209490
209491
209492
209493
209494
209495
209496
209497
209498
209499
209500
209501
209502
209503
209504
209505
209506
209507
209508
209509
209510
209511
209512
209516
209522
211776
211787
211788
211790
211792
211793
211794
211795
211800
211801
211802
211803
211804
211805
211806
211807
211808
211809
211810
211811
211812
211813
211814
211815
211816
211817
211818
211819
211820
211821
211822
211823
211824
211825
211826
211827
211828
211829
211830
211831
211832
211833
211834
211835
211836
211837
211838
211839
211840
211841
211842
211843
211844
211845
211846
211847
211848
211849
211850
211851
211853
211854
211855
211856
211857
211858
211859
211860
211862
211863
211867
211873
211874
211875
211889
211890
211891
211898
211900
211901
211909
211910
211911
211913
211914
211915
211916
211917
213749
213751
213752
213758
213765
213766
213767
213768
213773
213774
213775
213776
213777
213778
213779
213780
213781
213782
213783
213784
213785
213786
213787
213788
213789
213790
213792
213793
213794
214444
214445
214569
214570
214571
215305
215306
215308
215309
215310
215311
215312
215313
215314
215315
215316
215317
215318
215319
215320
215321
215322
215323
215324
215325
215326
215327
215331
215332
215333
215334
215335
215346
215347
215357
215358
215359
215360
215361
215362
216738
216743
216744
216745
216746
216747
216748
216749
216758
216759
216764
216768
216771
216772
216773
216774
216775
216776
216777
216778
216779
216780
216781
216782
216783
216784
216785
216786
216787
216788
216789
216790
216791
216792
216793
216794
216795
216796
216797
216798
216799
216800
216801
216802
216803
216804
216805
216806
216807
216808
216809
216810
216811
216812
216827
218201
218202
218203
218204
218205
218207
218208
218209
218210
218211
218212
218214
218215
218216
218217
218218
218219
218220
218221
218222
218223
218224
218225
218226
218227
218228
218229
218230
218231
218232
218233
218234
218235
218236
218237
218238
218239
218240
218241
218242
218243
218244
218245
218246
218247
218248
218254
218260
218261
218262
218263
218269
218272
218273
218274
218275
218278
219275
219276
219277
219278
219288
219289
219290
219291
219292
219293
219294
219295
219296
219297
219298
219299
219665
220067
220068
220069
220070
220071
220072
220073
220074
220075
220076
220077
220089
220090
220091
220092
220093
220094
220098
220736
220737
220738
220739
220740
220743
220747
220748
220749
220750
220751
220752
220753
220754
220755
220756
220757
220758
220759
220760
220761
220762
220763
220764
220766
221285
221287
221288
221289
221290
221291
221292
221293
221294
221298
221301
221610
221611
221612
221613
221615
221782
221858
221859
221862
221863
221935
221950
221952
221958
221959
221961
221965
221970
221971
221972
221977
221984
221985
221994
222004
222005
222012
222013
222028
222037
222353
222357
222368
222369
222376
222379
222380
222381
222383
222385
222386
222397
222646
222762
222792
222793
222794
222795
222797
222798
222861
222862
222864
222900
222935
222936
222943
222994
223037
223066
223069
223081
223098
223104
223106
223127
223305
223314
223316
223317
223320
223513
223526
223527
223562
223564
223565
223586
223643
223650
223692
223729
223739
223748
223857
)


// ************************************************************************* //
