/*--------------------------------*- C++ -*----------------------------------*\
| =========                 |                                                 |
| \\      /  F ield         | OpenFOAM: The Open Source CFD Toolbox           |
|  \\    /   O peration     | Version:  v1612+                                |
|   \\  /    A nd           | Web:      www.OpenFOAM.com                      |
|    \\/     M anipulation  |                                                 |
\*---------------------------------------------------------------------------*/
FoamFile
{
    version     2.0;
    format      ascii;
    class       volVectorField;
    location    "239";
    object      wallShearStress;
}
// * * * * * * * * * * * * * * * * * * * * * * * * * * * * * * * * * * * * * //

dimensions      [0 2 -2 0 0 0 0];

internalField   uniform (0 0 0);

boundaryField
{
    WALL
    {
        type            calculated;
        value           nonuniform List<vector> 
1533
(
(0.0137547 -0.0205624 -0.0240991)
(0.0135802 -0.0212687 -0.0238576)
(0.000575473 -0.00331317 -0.00548027)
(0.0066846 -0.0301759 -0.024442)
(0.00738795 -0.0276539 -0.0259365)
(0.000305739 -0.00232837 -0.00295885)
(0.00252221 -0.00277847 -0.00283851)
(0.00478305 -0.00416287 -0.00486776)
(0.0110695 -0.0190238 -0.0212297)
(0.00978106 -0.0181252 -0.0199483)
(0.0335324 -0.0282565 -0.034047)
(0.00998137 -0.00304444 -0.00743186)
(0.016745 -0.00340037 -0.0167984)
(0.00205401 -0.00391322 -0.00472277)
(0.00228218 -0.00428789 -0.00509588)
(0.0154803 -0.00470587 -0.0158297)
(0.00808714 -0.00417648 -0.00790197)
(-0.00142021 0.00316922 0.00155337)
(0.0147396 -0.019945 -0.018955)
(0.0188902 -0.022172 -0.0235303)
(0.00770771 -0.0271743 -0.028218)
(0.00676005 -0.0239913 -0.0305881)
(0.00695311 -0.0252924 -0.0296484)
(0.00896679 -0.0248881 -0.0301896)
(0.00676579 -0.0252117 -0.027667)
(0.00891446 -0.0246339 -0.0319049)
(0.0133705 -0.0134839 -0.0206566)
(0.0131338 -0.0126692 -0.0236673)
(0.0116995 -0.0109572 -0.0224534)
(0.0123456 -0.0125575 -0.0217205)
(0.0141469 -0.0136982 -0.0229821)
(0.0132687 -0.0184838 -0.0175671)
(0.0119085 -0.0195618 -0.0170094)
(0.0122567 -0.0172998 -0.0171624)
(0.0132631 -0.0194533 -0.0180558)
(0.0133701 -0.0180325 -0.0188958)
(0.0121232 -0.0198424 -0.0179557)
(0.0219641 -0.0170237 -0.0418579)
(0.021809 -0.0109262 -0.0377836)
(0.0197218 -0.0177563 -0.037796)
(0.0223368 -0.0129924 -0.0397902)
(0.0187761 -0.0144249 -0.0350393)
(0.0186014 -0.0110649 -0.0334202)
(-0.00196403 0.00148495 0.00107438)
(-0.00116757 0.000218933 0.000529992)
(-0.00106406 0.000661478 0.000597199)
(-0.00263193 0.00140736 0.0010848)
(-0.00197346 0.000577532 0.00077186)
(-0.0023029 0.000983437 0.00094489)
(0.01871 -0.0104612 -0.0443416)
(0.0214559 -0.0087348 -0.0493929)
(0.0165586 -0.0144051 -0.0454635)
(0.0166319 -0.0164677 -0.0450886)
(0.0186196 -0.014792 -0.0469648)
(0.0198442 -0.011625 -0.0494886)
(0.0172174 -0.014834 -0.0268535)
(0.0150325 -0.0138777 -0.0283566)
(0.0149671 -0.0145584 -0.0293934)
(0.0146388 -0.0128585 -0.0269368)
(0.0150205 -0.0115049 -0.0271339)
(0.0188996 -0.0158819 -0.0290132)
(0.0179649 -0.015322 -0.02765)
(-0.000906997 0.00263084 0.00171202)
(-0.00269129 0.00356453 0.00146931)
(-0.00216299 0.00366299 0.00148611)
(-0.00141093 0.00321074 0.0018522)
(-0.00236174 0.00315271 0.00139039)
(-0.000361957 0.000262562 -0.000248196)
(-0.00017104 0.000516186 0.000105481)
(-0.00156572 0.000613494 -0.000134871)
(-0.000992089 0.000331239 -0.000325554)
(-0.000772794 0.00101145 0.000343951)
(-0.00138261 0.000939764 9.435e-05)
(0.00403376 -0.00684777 -0.0132)
(0.00328802 -0.00627647 -0.0124062)
(0.00253398 -0.00582515 -0.0110947)
(0.00221275 -0.00528641 -0.00999791)
(0.00400565 -0.00713823 -0.0146105)
(0.00178204 -0.00492689 -0.00928236)
(0.00849758 -0.021898 -0.0222825)
(0.00876622 -0.0223283 -0.0209728)
(0.00830337 -0.0216449 -0.0193487)
(0.00997426 -0.0214773 -0.0217806)
(0.0084708 -0.0204813 -0.0202198)
(0.0128327 -0.0200231 -0.0231208)
(0.012725 -0.0199466 -0.0230853)
(0.013002 -0.0197385 -0.0220767)
(0.0107236 -0.0174073 -0.019645)
(0.012965 -0.0197864 -0.0227527)
(0.015639 -0.0221104 -0.0236131)
(0.0158618 -0.0215851 -0.0238697)
(0.0126892 -0.019351 -0.0210031)
(0.0153765 -0.0222436 -0.0244228)
(0.0131916 -0.0195947 -0.0230201)
(0.0120054 -0.0191984 -0.0218058)
(0.0125048 -0.0192406 -0.0204224)
(0.0132625 -0.0192078 -0.0208563)
(0.00973559 -0.0176123 -0.0209398)
(0.00953749 -0.0179662 -0.0208879)
(0.0119967 -0.0202434 -0.0222195)
(0.0070981 -0.00616483 -0.0081052)
(0.00997586 -0.00803151 -0.0122921)
(0.0077506 -0.00687441 -0.00883788)
(0.00818495 -0.00665497 -0.00932975)
(0.00923074 -0.00800973 -0.0110875)
(0.00941449 -0.00732897 -0.0112727)
(0.00730093 -0.0091322 -0.00971345)
(0.00582764 -0.00784576 -0.00780409)
(0.00689757 -0.00746134 -0.00839453)
(0.00581742 -0.00709165 -0.00746976)
(0.00846591 -0.00858713 -0.0106148)
(0.00835651 -0.00941578 -0.0107046)
(0.0130985 -0.00467643 -0.0129641)
(0.0129585 -0.00563884 -0.0138062)
(0.0110337 -0.00603431 -0.011977)
(0.0183149 -0.00714317 -0.0222392)
(0.0162739 -0.00750867 -0.0198569)
(0.0163465 -0.00588821 -0.0192077)
(0.00794905 -0.00516995 -0.00827543)
(0.00846389 -0.00589782 -0.00941415)
(0.0110915 -0.00749136 -0.0129202)
(0.010457 -0.00587418 -0.0112524)
(0.0121242 -0.00684436 -0.0142023)
(0.0301113 -0.0242412 -0.0516276)
(0.0208398 -0.0188332 -0.0461785)
(0.0206668 -0.0196667 -0.0464613)
(0.0274879 -0.0212992 -0.0417082)
(0.0262973 -0.0230407 -0.0479644)
(0.0229274 -0.0190849 -0.0424262)
(0.0298856 -0.0246654 -0.0463444)
(0.0278965 -0.0228121 -0.0495673)
(0.032945 -0.0268508 -0.0445758)
(0.0321268 -0.0287248 -0.0482791)
(0.0288035 -0.0252844 -0.052255)
(0.0330065 -0.0270646 -0.0427631)
(-0.00280583 0.00132484 0.000606425)
(-0.00270198 0.000732626 0.000467577)
(-0.00293782 0.00132906 0.000812346)
(-0.00241796 0.00078495 0.000248813)
(-0.00245974 0.00110035 0.000320934)
(-0.00274866 0.00100863 0.000793243)
(-0.00207152 0.000344714 -0.000115446)
(-0.00173988 7.82007e-05 -0.000417682)
(-0.00212806 0.000128176 4.22393e-05)
(-0.00189925 6.88053e-05 -0.000207269)
(-0.0024133 0.000360693 0.000188111)
(-0.00331135 0.00216142 0.0012127)
(-0.00311527 0.00267802 0.00105593)
(-0.00305259 0.00230382 0.00135281)
(-0.00324348 0.0027216 0.00125228)
(-0.00357018 0.00278744 0.00112676)
(-0.00311201 0.00214228 0.00100874)
(-0.000834232 0.00201778 0.0012281)
(-0.00114986 0.00178879 0.000824616)
(-0.00174995 0.00160363 0.00056391)
(-0.00174058 0.00258027 0.00112451)
(-0.00220048 0.00256686 0.00100191)
(-0.00235892 0.00192101 0.000670764)
(0.000456231 0.000478924 0.000943256)
(0.000134719 0.000830214 0.000888751)
(0.00106986 -0.00137336 -0.000336416)
(0.00268296 -0.00416276 -0.00176865)
(0.00122114 -0.00107843 8.15742e-05)
(0.00234849 -0.00397428 -0.00124846)
(0.0204136 -0.0180659 -0.0332545)
(0.0217482 -0.01748 -0.0329936)
(0.0215596 -0.0159068 -0.0322)
(0.0182338 -0.0133564 -0.0304802)
(0.0210494 -0.0162804 -0.0322)
(0.0180184 -0.0164248 -0.0324697)
(0.0182656 -0.0187249 -0.0429561)
(0.0122333 -0.0110013 -0.0356388)
(0.0145818 -0.0149264 -0.0389334)
(0.0164122 -0.014414 -0.0359297)
(0.0215252 -0.0171006 -0.0370836)
(0.0238521 -0.0201992 -0.0476794)
(0.00236514 -0.00487902 -0.0059624)
(0.00281335 -0.0049631 -0.00494882)
(0.00343143 -0.00675125 -0.00851951)
(0.00180014 -0.00341091 -0.00377486)
(0.00350593 -0.00672329 -0.00899826)
(0.004023 -0.00765311 -0.0114109)
(0.00146926 -0.00246458 -0.002718)
(0.00134188 -0.00204259 -0.00214441)
(0.000929533 -0.00143452 -0.00152833)
(0.000704446 -0.00103338 -0.001099)
(0.00116016 -0.00176547 -0.00179824)
(0.00103578 -0.00103674 -0.000914456)
(0.000724807 -0.000815516 -0.000929223)
(0.0077025 -0.031871 -0.0233277)
(0.00682072 -0.0312035 -0.0229511)
(0.00799607 -0.0329699 -0.0222982)
(0.00648663 -0.0319652 -0.0214766)
(0.00667491 -0.0335089 -0.0209711)
(0.00750467 -0.0330858 -0.0205724)
(0.0160314 -0.0364015 -0.0104882)
(0.0178803 -0.0348096 -0.0133365)
(0.0162334 -0.0353449 -0.0135504)
(0.0169937 -0.0359581 -0.0120214)
(0.0138265 -0.0351204 -0.0107417)
(0.0131608 -0.0352653 -0.0118665)
(0.0164802 -0.0286812 -0.0234129)
(0.0170721 -0.026956 -0.0218354)
(0.0178707 -0.0267485 -0.0225892)
(0.0141564 -0.0273088 -0.0218888)
(0.0139031 -0.0273927 -0.0216341)
(0.0161771 -0.0265467 -0.0220003)
(0.0175287 -0.0291991 -0.0221356)
(0.0147089 -0.0273703 -0.0207085)
(0.0178699 -0.0311575 -0.0227263)
(0.0158286 -0.02764 -0.0214369)
(0.017573 -0.0273303 -0.0214105)
(0.0179165 -0.0286173 -0.0218975)
(0.0145651 -0.0209609 -0.0241933)
(0.0147643 -0.0198514 -0.0262139)
(0.0156275 -0.0219053 -0.0269414)
(0.014575 -0.0199786 -0.0239407)
(0.0144836 -0.0197181 -0.025637)
(0.0155273 -0.021211 -0.026402)
(0.0109367 -0.0191194 -0.0216805)
(0.00961575 -0.0199131 -0.0217455)
(0.00946204 -0.0204137 -0.0225523)
(0.00994723 -0.0192681 -0.0219522)
(0.0110332 -0.0196977 -0.0217383)
(0.00928102 -0.0197335 -0.0217226)
(0.0110409 -0.035096 -0.0210045)
(0.012077 -0.036021 -0.0198191)
(0.0095454 -0.0343924 -0.0200163)
(0.0100076 -0.0346799 -0.0191063)
(0.0100403 -0.0346011 -0.0221084)
(0.00913375 -0.0341259 -0.0213284)
(0.0177208 -0.0294374 -0.0202087)
(0.0174949 -0.0317275 -0.0217739)
(0.0188753 -0.0302203 -0.0214303)
(0.0166509 -0.0318377 -0.0228954)
(0.0157035 -0.0302727 -0.0211779)
(0.0177794 -0.0298746 -0.021778)
(0.0175745 -0.0342943 -0.0212695)
(0.018 -0.0369 -0.0214654)
(0.0138854 -0.032416 -0.0204376)
(0.0188859 -0.0308377 -0.0202833)
(0.0176605 -0.0345019 -0.0226033)
(0.0165039 -0.0361621 -0.0209783)
(0.0182734 -0.0373091 -0.0209682)
(0.0144342 -0.036742 -0.0196509)
(0.0148726 -0.0354265 -0.0201177)
(0.0154154 -0.0360126 -0.0183122)
(0.0170719 -0.0376882 -0.0200385)
(0.00904549 -0.0305673 -0.0251385)
(0.00964636 -0.0312607 -0.0241172)
(0.00911254 -0.0314526 -0.024425)
(0.00977928 -0.0328419 -0.0238747)
(0.00932876 -0.0328199 -0.0237222)
(0.00987684 -0.0299859 -0.024179)
(0.0109625 -0.0217909 -0.0233344)
(0.00927818 -0.0219863 -0.0232032)
(0.00991208 -0.0210505 -0.0225673)
(0.00983805 -0.0198103 -0.022684)
(0.00963073 -0.0200155 -0.0228938)
(0.00940584 -0.0228058 -0.0243002)
(0.0107093 -0.0241353 -0.0249354)
(0.0100291 -0.0227477 -0.0250868)
(0.0104286 -0.0259239 -0.0251176)
(0.0104686 -0.0245053 -0.0228587)
(0.00991865 -0.0223206 -0.0248119)
(0.00993261 -0.022892 -0.0232368)
(0.00970073 -0.0258069 -0.0267216)
(0.00908445 -0.0280273 -0.0266584)
(0.0086527 -0.0263126 -0.0274296)
(0.00920216 -0.0270756 -0.0265146)
(0.0100085 -0.0286581 -0.0268131)
(0.00976118 -0.0248836 -0.0252795)
(0.00119605 -0.00173829 -0.00181067)
(0.000836491 -0.0014429 -0.00153505)
(0.00137629 -0.00261993 -0.00321627)
(0.00134714 -0.00286597 -0.00389224)
(0.00130644 -0.00234491 -0.00287755)
(0.000964421 -0.00200683 -0.00243937)
(0.0220421 -0.00273102 -0.0204092)
(0.00713198 -0.00355655 -0.00463613)
(0.0133313 -0.003636 -0.011459)
(0.0166099 -0.0037266 -0.0124026)
(0.0101581 -0.00425868 -0.00705163)
(0.00829038 -0.00330911 -0.00549212)
(0.0278681 -0.00323068 -0.0280158)
(0.0238628 -0.00204754 -0.020813)
(0.0261384 -0.000387463 -0.0337889)
(0.0329515 -0.00295996 -0.0387596)
(0.0256404 -0.00140607 -0.0287426)
(0.0290961 -0.000965077 -0.0276442)
(-0.000531094 0.000568437 0.000410654)
(-0.00164642 0.00162494 0.000965249)
(0.00075272 -0.000430592 -0.000404222)
(-0.000636056 0.000960806 0.000297897)
(-0.00165895 0.00175496 0.000901069)
(0.00112734 -0.0007628 -0.000383167)
(0.014111 -0.0175153 -0.0251406)
(0.0132737 -0.01603 -0.0211493)
(0.0141971 -0.0175304 -0.0235507)
(0.0138758 -0.0171295 -0.0229394)
(0.0142212 -0.0182953 -0.023455)
(0.0138348 -0.0177797 -0.0244896)
(0.0115969 -0.00972159 -0.0151431)
(0.0129129 -0.0118206 -0.0181128)
(0.0120399 -0.0122646 -0.0168683)
(0.0104136 -0.0110659 -0.0138752)
(0.010721 -0.0102494 -0.0139427)
(0.0120029 -0.0110141 -0.0167266)
(0.00809229 -0.011802 -0.0109157)
(0.00935544 -0.0111078 -0.0124843)
(0.0101487 -0.0131054 -0.0142109)
(0.00859789 -0.0111715 -0.0116987)
(0.00988492 -0.0122279 -0.0138872)
(0.00975388 -0.0137898 -0.0134196)
(0.0143019 -0.0154581 -0.0241609)
(0.0161892 -0.0195265 -0.0255568)
(0.0152501 -0.018149 -0.0287527)
(0.0145764 -0.0181868 -0.0261792)
(0.0162299 -0.0174675 -0.0278175)
(0.0137104 -0.0158542 -0.0258347)
(0.0123908 -0.00848927 -0.0160403)
(0.0121121 -0.0091025 -0.0160604)
(0.0149025 -0.0103384 -0.0213243)
(0.0139513 -0.0108164 -0.0195681)
(0.0137558 -0.00848404 -0.017921)
(0.0142772 -0.00977355 -0.0203848)
(0.0123482 -0.0166488 -0.0185433)
(0.0112999 -0.0155757 -0.0160944)
(0.0139032 -0.0172301 -0.0224298)
(0.0132557 -0.0189656 -0.0194856)
(0.014072 -0.0189197 -0.0212012)
(0.0150087 -0.0194912 -0.0227408)
(0.0153972 -0.0208696 -0.0239529)
(0.0130347 -0.0187395 -0.0218721)
(0.0160911 -0.0221054 -0.0280333)
(0.0160909 -0.0221365 -0.0276626)
(0.0164902 -0.0231755 -0.0278716)
(0.0163702 -0.0219338 -0.0284912)
(0.0166175 -0.0217223 -0.0297097)
(0.016128 -0.0213594 -0.0301001)
(0.0241878 -0.0143398 -0.0466812)
(0.0202824 -0.0102277 -0.0411168)
(0.0195405 -0.0158504 -0.0435997)
(0.0189025 -0.0134937 -0.0408269)
(0.0239035 -0.0100752 -0.0453455)
(0.0188837 -0.0181684 -0.0408631)
(0.0040121 -0.00516565 -0.00511025)
(0.00499231 -0.00545068 -0.00585541)
(0.0020572 -0.00308117 -0.00287061)
(0.00242455 -0.00377286 -0.00336373)
(0.00443052 -0.00468525 -0.00510993)
(0.00287991 -0.00355362 -0.00348896)
(0.0138743 -0.0199464 -0.0218139)
(0.0154513 -0.0218397 -0.0263231)
(0.0140199 -0.020306 -0.0235257)
(0.0150049 -0.0208529 -0.0236096)
(0.0145994 -0.0196937 -0.0227445)
(0.0148893 -0.0206801 -0.0233744)
(0.0123311 -0.0225066 -0.019119)
(0.0119179 -0.0215661 -0.0184987)
(0.0121193 -0.0211443 -0.0179773)
(0.0105948 -0.0241125 -0.0195216)
(0.00985845 -0.0218798 -0.0177639)
(0.0126824 -0.0240038 -0.0195089)
(0.00742225 -0.0189063 -0.0188446)
(0.0071666 -0.0172629 -0.0173496)
(0.00695778 -0.0181525 -0.0177447)
(0.00753666 -0.0208221 -0.019421)
(0.00750202 -0.0212822 -0.0196068)
(0.00685148 -0.0197329 -0.0186328)
(0.010547 -0.0232249 -0.0189038)
(0.00852313 -0.0225486 -0.0170716)
(0.0103274 -0.0225692 -0.0176098)
(0.0106168 -0.0226662 -0.0179962)
(0.0143216 -0.0156054 -0.0204254)
(0.0148156 -0.0173047 -0.0197827)
(0.0135979 -0.0154397 -0.0186256)
(0.0124673 -0.0129488 -0.0176374)
(0.0156596 -0.0155427 -0.0215219)
(0.0157516 -0.0168509 -0.0213462)
(0.0135177 -0.0139679 -0.0188967)
(0.0146587 -0.0126425 -0.0258452)
(0.0154035 -0.0132973 -0.0246169)
(0.0145585 -0.0130419 -0.0236277)
(0.0133529 -0.0121438 -0.0236158)
(0.0131619 -0.0116367 -0.0244592)
(0.0160384 -0.0144159 -0.0243348)
(0.00530778 -0.0070925 -0.0163557)
(0.00723986 -0.00927676 -0.0168615)
(0.00769817 -0.00960998 -0.018299)
(0.00975872 -0.0103876 -0.0199977)
(0.00880317 -0.00939238 -0.0175204)
(0.00570981 -0.00778329 -0.0175739)
(0.0146564 -0.0234608 -0.0200608)
(0.0131331 -0.0243826 -0.0202056)
(0.0151367 -0.0253708 -0.0213126)
(0.0158144 -0.0241358 -0.0208375)
(0.0136281 -0.0241334 -0.0204783)
(0.0159716 -0.0271077 -0.0220476)
(0.0152207 -0.0233829 -0.0210495)
(0.0115942 -0.025144 -0.0202166)
(0.0144009 -0.0254398 -0.021988)
(0.0120071 -0.0248614 -0.0203794)
(0.0148746 -0.0252292 -0.0214549)
(0.0134073 -0.0229056 -0.0198287)
(0.0102011 -0.0123246 -0.015504)
(0.0117403 -0.0158473 -0.0160978)
(0.0109621 -0.0122434 -0.0166231)
(0.0132282 -0.0155586 -0.0185329)
(0.0121485 -0.0139148 -0.0175956)
(0.0107602 -0.0145826 -0.0155627)
(0.00460137 -0.006161 -0.0142375)
(0.00687165 -0.0075929 -0.0158813)
(0.0067406 -0.00863388 -0.0158505)
(0.00776281 -0.0085104 -0.0180941)
(0.00995037 -0.0107157 -0.0169463)
(0.010877 -0.0108006 -0.01793)
(0.010328 -0.010721 -0.0195623)
(0.00988569 -0.010537 -0.0177453)
(0.0118505 -0.0120778 -0.018939)
(0.0124741 -0.0125669 -0.020302)
(0.0116737 -0.0124847 -0.0186794)
(0.00114173 -0.00257092 -0.00337597)
(0.00131871 -0.00328411 -0.00480049)
(0.0014568 -0.00370397 -0.00541982)
(0.000963885 -0.00209805 -0.00264937)
(0.000863094 -0.00218524 -0.00292725)
(0.00103044 -0.00265963 -0.0038507)
(0.000854323 -0.00346196 -0.00590289)
(0.000777475 -0.00274428 -0.00399658)
(0.00141025 -0.00398299 -0.00659538)
(0.00103198 -0.0031774 -0.00497699)
(0.000791454 -0.00265489 -0.00376882)
(0.000873774 -0.00306373 -0.00451965)
(0.00100512 -0.00383054 -0.00678375)
(0.0122672 -0.020964 -0.0386316)
(0.0111097 -0.0207864 -0.0345432)
(0.0120576 -0.0162438 -0.0411501)
(0.00939242 -0.0212974 -0.0333174)
(0.00970535 -0.0212963 -0.0369499)
(0.0121014 -0.0182654 -0.0395657)
(0.00927056 -0.0256892 -0.0296011)
(0.00913588 -0.0235861 -0.0302712)
(0.0101393 -0.0237361 -0.0276137)
(0.00988277 -0.022962 -0.0306391)
(0.00933594 -0.0248414 -0.026962)
(0.00944874 -0.0225791 -0.0319407)
(0.0157349 -0.0155006 -0.0480962)
(0.0160597 -0.0149903 -0.0463788)
(0.0183082 -0.0129574 -0.0492024)
(0.0166588 -0.0096459 -0.0465021)
(0.012842 -0.0149665 -0.0466255)
(0.0107225 -0.0188743 -0.0420367)
(0.00894303 -0.0205871 -0.035542)
(0.00839328 -0.0231319 -0.0327802)
(0.0106549 -0.0216678 -0.0391298)
(0.00832822 -0.0225584 -0.0346151)
(0.0093918 -0.0180381 -0.0382774)
(0.00156271 -0.00371993 -0.0030486)
(0.00260576 -0.00549541 -0.00452623)
(0.00336653 -0.00615193 -0.00524634)
(0.00168006 -0.00431576 -0.00339881)
(0.00327951 -0.00539913 -0.00487502)
(0.00217852 -0.00432962 -0.00361203)
(0.00134314 -0.00484934 -0.00349796)
(0.00232631 -0.00612846 -0.00461118)
(0.00513458 -0.00988042 -0.00779404)
(0.00464878 -0.00797764 -0.00691738)
(0.00612086 -0.0100449 -0.00869566)
(0.00402407 -0.00857752 -0.00662922)
(0.00607956 -0.00960503 -0.00880562)
(0.00397157 -0.00771547 -0.0062191)
(0.00775344 -0.0119185 -0.026638)
(0.00878072 -0.0127267 -0.0319308)
(0.00644573 -0.0114347 -0.0206946)
(0.00828636 -0.0122946 -0.0266219)
(0.00536177 -0.0108851 -0.0211319)
(0.00460915 -0.00947408 -0.0153991)
(0.00416601 -0.00926996 -0.0102357)
(0.00231658 -0.0042474 -0.00385786)
(0.00334787 -0.00625895 -0.00582992)
(0.00279251 -0.00485152 -0.00475799)
(0.00465351 -0.00949187 -0.0120378)
(0.00364368 -0.00702552 -0.00863945)
(0.00617818 -0.0135992 -0.02599)
(0.0110359 -0.0153702 -0.0403354)
(0.00579071 -0.0131982 -0.0209118)
(0.012281 -0.0190206 -0.0387479)
(0.00721449 -0.0159483 -0.0289966)
(0.011112 -0.0175066 -0.0337293)
(0.00329382 -0.00721765 -0.00632004)
(0.00307671 -0.00550253 -0.00356123)
(0.00456108 -0.0134116 -0.0166589)
(0.0032113 -0.00783045 -0.00666056)
(0.00475251 -0.0110252 -0.0126288)
(0.00355421 -0.0104487 -0.011314)
(0.00476765 -0.0111731 -0.0146347)
(0.00605502 -0.0119893 -0.0192279)
(0.00313481 -0.00215864 -0.00285437)
(0.0029747 -0.0061925 -0.00483028)
(0.0165297 -0.0184037 -0.0223499)
(0.0156422 -0.0181513 -0.0203458)
(0.0150577 -0.0180622 -0.0198081)
(0.0292336 -0.00984988 -0.0532585)
(0.0222101 -0.0140658 -0.0493)
(0.0239474 -0.0132814 -0.0525136)
(0.00716342 -0.0296369 -0.0256933)
(0.012529 -0.0192836 -0.0398729)
(0.0125676 -0.0220193 -0.0356211)
(0.0116876 -0.0224882 -0.0332957)
(0.000359011 -0.00234337 -0.00320201)
(0.000231495 -0.00200151 -0.00242185)
(0.000435385 -0.00240986 -0.00336155)
(0.000374783 -0.00271578 -0.00415825)
(0.000637057 -0.00225523 -0.00313022)
(0.000146478 -0.00204709 -0.00236377)
(0.000165186 -0.00217832 -0.00249309)
(0.00116458 -0.00415599 -0.00309282)
(0.000644065 -0.00340422 -0.00250299)
(0.000318216 -0.00333464 -0.00241289)
(0.000263554 -0.00291887 -0.00207957)
(0.000161307 -0.00154385 -0.00174792)
(0.000322665 -0.00184871 -0.00209856)
(6.62761e-05 -0.00193238 -0.00213861)
(0.000135586 -0.00168179 -0.00188593)
(-0.000126675 -0.00166908 -0.00172954)
(-0.000284146 -0.00162644 -0.00151201)
(-0.000302771 -0.00172666 -0.00141064)
(-8.09441e-05 -0.00202772 -0.00147901)
(-3.89088e-05 -0.00230806 -0.00168093)
(-0.000328693 -0.00188309 -0.00152332)
(0.00666763 -0.00891673 -0.0178624)
(0.0160434 -0.0201144 -0.0210968)
(0.0148281 -0.0190508 -0.0189926)
(0.0143135 -0.020754 -0.0187426)
(0.014539 -0.0228868 -0.0201082)
(0.0186642 -0.0257885 -0.0233308)
(0.0173387 -0.027397 -0.0233932)
(0.0182265 -0.0177119 -0.0234644)
(0.0147754 -0.0167813 -0.0200611)
(0.0157016 -0.0167676 -0.0202634)
(0.0173438 -0.0161973 -0.0230659)
(0.0180288 -0.0175612 -0.0235519)
(0.020756 -0.0224115 -0.0243601)
(0.0190936 -0.0187051 -0.0236297)
(0.0191632 -0.0186025 -0.0232521)
(0.0203069 -0.0209958 -0.0238488)
(0.00899365 -0.0109688 -0.0186224)
(0.0161467 -0.015731 -0.0218793)
(0.0173599 -0.0155827 -0.0239104)
(0.0170481 -0.0156197 -0.0242281)
(0.00716487 -0.00832648 -0.0187634)
(0.0121319 -0.0132439 -0.0181096)
(0.00801445 -0.0235978 -0.0189333)
(0.0082986 -0.0226963 -0.0181499)
(0.00747703 -0.0229843 -0.0194871)
(0.00686712 -0.0215451 -0.0189032)
(0.00788111 -0.0166618 -0.0183257)
(0.00715911 -0.017281 -0.0183721)
(0.00695301 -0.016962 -0.0184151)
(0.00610057 -0.0201076 -0.0186383)
(0.00664034 -0.0211944 -0.0192449)
(0.0130218 -0.0224776 -0.0197386)
(0.00929281 -0.0238554 -0.019604)
(0.010304 -0.0242202 -0.0196464)
(0.0147345 -0.0231483 -0.020734)
(0.0148197 -0.0241268 -0.0213396)
(0.0123911 -0.0210046 -0.0188017)
(0.012156 -0.0241492 -0.0201578)
(0.0103798 -0.0231115 -0.0192259)
(0.0127421 -0.0239283 -0.0203899)
(0.00976136 -0.0224937 -0.018788)
(0.00890789 -0.0211781 -0.018935)
(0.0115052 -0.0236016 -0.0201112)
(0.0110578 -0.0244083 -0.0208952)
(0.0122387 -0.0251108 -0.0215968)
(0.0111001 -0.0229652 -0.0197833)
(0.0116678 -0.0231994 -0.0213846)
(0.0101007 -0.0227716 -0.0199915)
(0.00990517 -0.0223316 -0.020664)
(0.00304043 -0.0032902 -0.00347026)
(0.00228774 -0.00284444 -0.00271154)
(0.00355128 -0.00319907 -0.00358158)
(0.00286077 -0.00243085 -0.00275051)
(0.00390878 -0.00263808 -0.00364497)
(0.0197609 -0.004315 -0.0252177)
(0.0187576 -0.00450795 -0.0230281)
(0.0207596 -0.00373539 -0.0274167)
(0.0113215 -0.0174821 -0.0194617)
(0.0109116 -0.0186354 -0.0211529)
(0.0158217 -0.0228337 -0.027038)
(0.0157128 -0.0223517 -0.0278402)
(0.0140032 -0.0209236 -0.0257827)
(0.0144738 -0.0218793 -0.0266547)
(0.0116949 -0.0195334 -0.0222968)
(0.0105806 -0.0177912 -0.0192826)
(0.0141628 -0.021163 -0.0227417)
(0.0138601 -0.0205054 -0.0225588)
(0.014469 -0.0201959 -0.0232916)
(0.0138811 -0.0205361 -0.0231903)
(0.0134036 -0.0197895 -0.0225084)
(0.0145015 -0.0206709 -0.0235797)
(0.0129288 -0.0168236 -0.0193857)
(0.0183741 -0.010956 -0.0301054)
(0.0206241 -0.0144518 -0.0334429)
(0.017194 -0.0161485 -0.0309807)
(0.018746 -0.0152598 -0.0339023)
(0.0203146 -0.00936156 -0.0293244)
(0.0162959 -0.00906934 -0.0244364)
(0.0164235 -0.00918617 -0.0221918)
(0.0169641 -0.0209307 -0.030539)
(0.0165269 -0.0196658 -0.0298643)
(0.016226 -0.0209879 -0.0298852)
(0.0161696 -0.022829 -0.0296157)
(0.0162011 -0.0212189 -0.0308591)
(0.0180661 -0.0240384 -0.0316379)
(0.0194944 -0.0240864 -0.0359777)
(0.0176735 -0.0181502 -0.0344426)
(0.0151473 -0.0173991 -0.0291143)
(0.0152104 -0.0194256 -0.0296032)
(0.0189713 -0.0206595 -0.0359885)
(0.0114376 -0.0149664 -0.0164471)
(0.00779039 -0.0118504 -0.0110272)
(0.0156412 -0.0153215 -0.0243981)
(0.0155839 -0.0132541 -0.0240185)
(0.0144762 -0.0131434 -0.0223616)
(0.0127926 -0.0117136 -0.0183173)
(0.0107506 -0.0123343 -0.0153028)
(0.0155213 -0.0206979 -0.0252617)
(0.0167832 -0.0212028 -0.0267914)
(0.0148627 -0.0189558 -0.0237604)
(0.013349 -0.016436 -0.0218381)
(0.0158662 -0.0178091 -0.0268567)
(0.0154549 -0.0170946 -0.0241452)
(0.0243086 -0.0335948 -0.01531)
(0.0226831 -0.0347017 -0.0130314)
(0.0227347 -0.0348135 -0.0222395)
(0.00373921 -0.00291056 -0.00243022)
(3.05588e-05 0.000161127 0.000138949)
(0.00117582 -0.00107483 -0.000732428)
(0.00234045 -0.0016711 -0.00129264)
(0.00231585 -0.00152728 -0.00113623)
(0.00401489 -0.00274135 -0.00228052)
(-0.00247133 0.00237012 0.0010316)
(0.00173502 -0.00165711 -0.00137504)
(-0.00154504 0.000290008 0.000632596)
(-0.000878164 -0.000231701 0.000323297)
(-0.00235382 0.000508575 0.000771921)
(-0.00200203 0.000354687 0.0007936)
(-0.00167381 0.000197691 0.000680372)
(-0.00246975 0.000434034 0.000592977)
(0.00222099 -0.0014252 -0.00153625)
(-0.00030998 -0.000510204 -1.90144e-05)
(-0.000893713 -0.000177422 0.000316007)
(0.00107305 -0.00130201 -0.000932672)
(0.000843215 -0.00141951 -0.00069676)
(-0.000270262 -0.000438889 4.24328e-05)
(-4.01761e-05 -0.00063603 -0.000137494)
(0.0011858 -0.00127369 -0.000870866)
(0.00244082 -0.00195277 -0.00179845)
(0.00220995 -0.00191883 -0.00145385)
(-0.000474273 -0.000364944 0.000166871)
(0.000604126 -0.000742945 -0.000503108)
(0.00150141 -0.00108061 -0.00123584)
(0.00139558 -0.0014234 -0.00138628)
(0.000821454 -0.000947456 -0.00085469)
(0.00149166 -0.00150805 -0.00152561)
(0.000705179 -0.00101313 -0.000841722)
(-0.000971914 -0.00072353 -0.000307214)
(-0.00107614 -0.000596859 -0.000374408)
(-0.00124825 -0.000480955 -0.000348747)
(-0.00094679 -0.000823641 -0.000691562)
(-0.000280572 -0.00150486 -0.00147765)
(-9.24124e-05 -0.0014322 -0.00154739)
(0.000663751 -0.00306024 -0.00218857)
(0.00183054 -0.0036104 -0.00294506)
(-0.000752775 -0.00088699 -0.000400414)
(0.000892915 -0.00225205 -0.00177976)
(0.000987569 -0.00253857 -0.00196277)
(0.00062798 -0.00264335 -0.00196106)
(9.66461e-05 -0.00206426 -0.00149163)
(0.000465455 -0.00206542 -0.00149002)
(0.000130917 -0.000941263 -0.000604696)
(0.000931523 -0.00140739 -0.0012445)
(-0.000268668 -0.00096893 -0.000486538)
(0.00125071 -0.00194333 -0.00167424)
(0.000560189 -0.00185349 -0.00132543)
(0.00116251 -0.00206122 -0.00163003)
(-2.11197e-05 -0.0011353 -0.000630129)
(0.00070499 -0.00163962 -0.00122943)
(0.0236477 -0.00628781 -0.0367342)
(0.0221158 -0.00675464 -0.0388065)
(0.0155242 -0.0185778 -0.0369524)
(0.0272946 -0.00637477 -0.0450313)
(0.0166854 -0.017492 -0.0409681)
(0.0118438 -0.0192876 -0.0378853)
(0.0156481 -0.0187204 -0.0405507)
(0.0247895 -0.00844377 -0.0517935)
(0.0254204 -0.000163073 -0.0416767)
(0.0305053 -0.00522023 -0.0485809)
(0.0301233 -0.0023073 -0.04478)
(0.0305466 -0.00418206 -0.046694)
(0.0276635 -0.00665535 -0.0483654)
(0.0318753 -0.0073495 -0.052897)
(0.0347049 -0.00262955 -0.0450349)
(0.00584675 -0.00306957 -0.00343372)
(0.0240353 -0.00367651 -0.0296299)
(0.0258496 -0.00275706 -0.034443)
(0.026604 -0.00428875 -0.0383496)
(0.0251039 -0.00437356 -0.0375417)
(0.0253843 -0.00155213 -0.033533)
(0.0292942 -0.00433959 -0.0335166)
(0.027635 -0.00062697 -0.0313405)
(0.0170518 -0.00287598 -0.0177268)
(0.020715 0.000234288 -0.0222031)
(0.0187195 -0.00287486 -0.0193533)
(0.0144952 -0.0033108 -0.0138982)
(0.00446043 -0.00234525 -0.00320775)
(0.0116243 -0.00289426 -0.00993574)
(0.00879727 -0.00336752 -0.00738592)
(0.00569087 -0.00285575 -0.0044117)
(0.00421517 -0.00227703 -0.00312458)
(0.00587112 -0.00331944 -0.0032525)
(0.00420992 -0.00263722 -0.00219188)
(0.00934113 -0.0047617 -0.00517343)
(0.0142432 -0.00476156 -0.00844923)
(0.0228699 -0.00244736 -0.0174511)
(0.019116 -0.0251605 -0.0229349)
(0.0201543 -0.023444 -0.0234125)
(0.0200616 -0.0247767 -0.0225136)
(0.0179925 -0.0240102 -0.0209547)
(0.0205586 -0.0287696 -0.0239317)
(0.0203717 -0.0307746 -0.0215273)
(0.0220431 -0.0330531 -0.0215652)
(0.0207063 -0.0288896 -0.0241075)
(0.0189597 -0.0280572 -0.0219466)
(0.0199739 -0.0296325 -0.0215895)
(0.0210686 -0.0299217 -0.0235684)
(0.0216452 -0.0292191 -0.0240969)
(0.0209061 -0.0299181 -0.0229861)
(0.0237936 -0.0365445 -0.0216492)
(0.023554 -0.036182 -0.0206663)
(0.0207852 -0.0352371 -0.0181011)
(0.0227949 -0.0344318 -0.0215375)
(0.0255589 -0.0347089 -0.0227121)
(0.025382 -0.0342848 -0.0241508)
(0.025524 -0.0354458 -0.0245228)
(0.0115972 -0.0114994 -0.0238162)
(0.00943814 -0.00923938 -0.0217268)
(0.011063 -0.0103342 -0.0252928)
(0.0100825 -0.0101067 -0.0225272)
(0.00937438 -0.0104357 -0.0218873)
(0.0209381 -0.0211174 -0.025082)
(0.0201531 -0.0182982 -0.0245087)
(0.0200299 -0.0187959 -0.0252117)
(0.0240113 -0.0214326 -0.0312971)
(0.0223561 -0.018036 -0.0303824)
(0.0198365 -0.0168811 -0.0253169)
(0.0213834 -0.0190317 -0.0266596)
(0.0231943 -0.0217438 -0.0284538)
(0.0229813 -0.0222293 -0.027565)
(0.000257016 -0.00138485 -0.00164454)
(-0.000252967 -0.00125137 -0.00134795)
(-1.95032e-05 -0.0013083 -0.00148301)
(0.00036904 -0.00128083 -0.00155674)
(-0.000507797 -0.00106133 -0.00118638)
(-0.000191585 -0.00115847 -0.0013404)
(9.31706e-05 -0.00113842 -0.00140415)
(0.000325093 -0.00110625 -0.00135625)
(0.000533293 -0.00140192 -0.00165614)
(0.000682848 -0.00176925 -0.00218385)
(-0.000755596 -0.000828666 -0.000868935)
(-2.75105e-05 -0.000993462 -0.00126443)
(-0.000428394 -0.000946432 -0.00108497)
(2.96364e-05 -0.000904804 -0.00123789)
(-0.00108431 -0.000536652 -0.000607762)
(-0.000316626 -0.000812245 -0.0011248)
(-0.000728452 -0.000692219 -0.000857613)
(-0.000242567 -0.000702096 -0.00105438)
(0.00641571 -0.00809666 -0.0182463)
(0.00779491 -0.00897073 -0.0212963)
(0.00657792 -0.00788193 -0.0173759)
(0.00776782 -0.00944421 -0.0198454)
(0.00797183 -0.00908953 -0.0193997)
(0.00527556 -0.00775169 -0.016301)
(0.00474559 -0.00750765 -0.0142616)
(0.00618909 -0.0089874 -0.016917)
(0.000618623 -0.00129315 -0.00152588)
(0.000740524 -0.00146691 -0.00173656)
(0.0008406 -0.00182916 -0.00229315)
(0.000449466 -0.00109313 -0.00139472)
(0.000804965 -0.00127894 -0.00143625)
(0.00152326 -0.00323769 -0.00435354)
(0.0018182 -0.00397299 -0.00624605)
(0.00185005 -0.00455993 -0.00793361)
(0.00373631 -0.00651357 -0.0111408)
(0.0029679 -0.00543792 -0.00908469)
(0.00193322 -0.00384904 -0.00556829)
(0.00239783 -0.00486352 -0.00722202)
(0.00263588 -0.00474206 -0.00664523)
(0.00359887 -0.00627776 -0.0101616)
(0.00171996 -0.00302698 -0.00349791)
(0.0022209 -0.0041394 -0.0052955)
(0.00926119 -0.022753 -0.0279893)
(0.0108405 -0.0251685 -0.0274495)
(0.00868826 -0.0267646 -0.0280219)
(0.00931713 -0.0286088 -0.0280229)
(0.0118148 -0.0229387 -0.0283505)
(0.0161947 -0.0214866 -0.0387046)
(0.0124847 -0.021182 -0.0352208)
(0.0142552 -0.0233592 -0.0338244)
(0.0133654 -0.0191794 -0.0358923)
(0.0151356 -0.0225703 -0.0376251)
(0.00927512 -0.0222343 -0.0264107)
(0.0109049 -0.0227135 -0.0267117)
(0.0101604 -0.0235299 -0.0250192)
(0.0109385 -0.0220741 -0.0250531)
(0.0119077 -0.0218049 -0.0257627)
(0.0133324 -0.0228432 -0.0257145)
(0.0151151 -0.0248356 -0.0317101)
(0.0125036 -0.0227152 -0.0289022)
(0.0120085 -0.0221493 -0.0294821)
(0.0141823 -0.0239197 -0.0296592)
(0.00916369 -0.0263949 -0.0258765)
(0.0101867 -0.0288369 -0.0263159)
(0.00952998 -0.0268629 -0.0247001)
(0.0100362 -0.028174 -0.0237835)
(0.0115796 -0.0308585 -0.0228698)
(0.00928952 -0.026891 -0.0253169)
(0.00910735 -0.0256224 -0.0236616)
(0.0102128 -0.024612 -0.0228826)
(0.0103915 -0.0265726 -0.0237929)
(0.0117452 -0.0261 -0.022783)
(0.0116116 -0.0282965 -0.0236651)
(0.0114095 -0.0299265 -0.0246479)
(0.0102892 -0.0277762 -0.0240422)
(0.0111551 -0.0296662 -0.0246694)
(0.0098693 -0.0278881 -0.0244981)
(0.0108141 -0.029837 -0.0233745)
(0.0112585 -0.0291414 -0.023836)
(0.0120418 -0.0301958 -0.0236213)
(0.00976662 -0.024328 -0.0232529)
(0.0105896 -0.0251952 -0.0237102)
(0.0105419 -0.0242681 -0.0245403)
(0.0130949 -0.0207621 -0.0235061)
(0.013813 -0.0220652 -0.024194)
(0.00965829 -0.0236633 -0.023551)
(0.00982835 -0.0240983 -0.0238631)
(0.00985807 -0.022995 -0.0228944)
(0.0104412 -0.0213417 -0.0220007)
(0.0102108 -0.0201335 -0.023064)
(0.0111036 -0.0215452 -0.0261937)
(0.0100004 -0.0192093 -0.0229223)
(0.012264 -0.0227794 -0.0263357)
(0.0110532 -0.0224751 -0.0248214)
(0.010185 -0.0298439 -0.0222877)
(0.011112 -0.0319893 -0.0223817)
(0.00985338 -0.0292058 -0.0231219)
(0.0105114 -0.0289107 -0.0241935)
(0.00955464 -0.0293913 -0.0234025)
(0.00995548 -0.0290896 -0.0250727)
(0.0105039 -0.0322346 -0.0229478)
(0.0106046 -0.0313655 -0.0235865)
(0.00819625 -0.031201 -0.0245938)
(0.00786882 -0.0296536 -0.0252714)
(0.0096612 -0.0293958 -0.0258533)
(0.00839554 -0.0291263 -0.026552)
(0.0187119 -0.0363629 -0.0182148)
(0.019049 -0.0359082 -0.0193395)
(0.0201059 -0.0365175 -0.0209058)
(0.0221761 -0.0371727 -0.021733)
(0.0186667 -0.0346867 -0.0206181)
(0.0157614 -0.0358087 -0.0214622)
(0.0123583 -0.0299134 -0.0223979)
(0.0231691 -0.0294817 -0.02409)
(0.0150142 -0.0323127 -0.022184)
(0.0208603 -0.0333653 -0.0222514)
(0.0205125 -0.032965 -0.0223843)
(0.0175044 -0.0347631 -0.0232279)
(0.0137368 -0.0362455 -0.019161)
(0.0116959 -0.0342556 -0.0235357)
(0.0103386 -0.0353698 -0.0238157)
(0.0144876 -0.0378881 -0.0228696)
(0.0161164 -0.0200384 -0.0344634)
(0.017008 -0.0218746 -0.0349683)
(0.0171703 -0.0239061 -0.0343911)
(0.0173213 -0.0226381 -0.0363017)
(0.015188 -0.0232719 -0.0334037)
(0.0156436 -0.0249519 -0.0316531)
(0.0148165 -0.0226034 -0.0332877)
(0.0153203 -0.0220463 -0.0351825)
(0.00968447 -0.0183462 -0.0215385)
(0.0101366 -0.0183927 -0.0214778)
(0.0106948 -0.0262317 -0.0246749)
(0.0141117 -0.0308089 -0.0216903)
(0.0137486 -0.0303398 -0.0225841)
(0.0117563 -0.0291508 -0.0228212)
(0.0120749 -0.0262508 -0.0215957)
(0.0111984 -0.0246276 -0.0216553)
(0.0161206 -0.0224799 -0.0273798)
(0.0161455 -0.0210699 -0.0272163)
(0.0160392 -0.0220404 -0.0269177)
(0.0201544 -0.031929 -0.024163)
(0.0213483 -0.0276652 -0.0226711)
(0.0243874 -0.0275709 -0.0252862)
(0.0189005 -0.0268927 -0.0224039)
(0.01481 -0.0272602 -0.0218475)
(0.00999547 -0.022398 -0.0195456)
(0.0134143 -0.0281067 -0.0226803)
(0.0141096 -0.0289649 -0.0234176)
(0.0108679 -0.0248221 -0.022736)
(0.0111083 -0.0243078 -0.0209571)
(0.0119815 -0.0256251 -0.0212917)
(0.0102645 -0.0228116 -0.0206717)
(0.0114665 -0.0268187 -0.0224227)
(0.0105706 -0.026019 -0.023165)
(0.0122336 -0.0277467 -0.0244725)
(0.0108522 -0.0242972 -0.0211811)
(0.0223495 -0.0364277 -0.0145675)
(0.0182389 -0.0332946 -0.0117376)
(0.0220028 -0.0368975 -0.012632)
(0.00533279 -0.0301782 -0.0255399)
(0.004302 -0.0286095 -0.0249249)
(0.00892244 -0.033403 -0.0226714)
(0.00575927 -0.0298389 -0.0244653)
(0.00578422 -0.0306776 -0.0227079)
(0.00461707 -0.0295524 -0.0223183)
(0.0035594 -0.0300552 -0.0209355)
(0.00917985 -0.0357005 -0.0122804)
(0.0107426 -0.0355765 -0.0129495)
(0.0123434 -0.0371172 -0.018477)
(0.0114474 -0.0348161 -0.0142444)
(0.00985258 -0.0357476 -0.0160074)
(0.00701861 -0.0349184 -0.0126887)
(0.00820262 -0.0337696 -0.0146387)
(0.00745195 -0.0332155 -0.0121588)
(0.0113883 -0.0366711 -0.0188048)
(0.0094903 -0.0375741 -0.0181942)
(0.00864323 -0.0348757 -0.018501)
(0.00816687 -0.0343872 -0.0197456)
(0.00414912 -0.0277258 -0.0276251)
(0.00582727 -0.0249993 -0.0306854)
(0.00717 -0.0238594 -0.0324025)
(0.00753435 -0.0246938 -0.0359839)
(0.00404922 -0.0277398 -0.0278271)
(0.00636825 -0.0275763 -0.0282331)
(0.00394379 -0.00823106 -0.011419)
(0.00216036 -0.00356142 -0.00327871)
(0.00207439 -0.00368947 -0.00445027)
(0.00233092 -0.00480621 -0.00669165)
(0.0039637 -0.00736615 -0.0124553)
(0.00326383 -0.0061694 -0.00938261)
(0.00575238 -0.00870744 -0.0159861)
(0.00644895 -0.0109535 -0.0211235)
(0.00501281 -0.00948368 -0.0168757)
(0.00595394 -0.0092059 -0.0185641)
(0.0102047 -0.0124602 -0.0241277)
(0.00926374 -0.0119182 -0.0253592)
(0.0101867 -0.0129363 -0.0299116)
(0.00919421 -0.0102422 -0.0257709)
(0.00844726 -0.0101428 -0.0235702)
(0.0103751 -0.0114513 -0.0288458)
(0.0101231 -0.0115886 -0.0267044)
(0.00824653 -0.01049 -0.0239453)
(0.0234176 -0.0223049 -0.0268049)
(0.0237633 -0.0234631 -0.0254939)
(0.0246649 -0.0264966 -0.0251583)
(0.0124329 -0.0140581 -0.0342722)
(0.0135972 -0.0159456 -0.0351382)
(0.0109582 -0.0143354 -0.0321132)
(0.0262727 -0.0265533 -0.0272386)
(0.0288002 -0.0282848 -0.0292469)
(0.0238824 -0.0220553 -0.0279795)
(0.0243642 -0.0230206 -0.0266871)
(0.0255672 -0.0234427 -0.0266773)
(0.0256645 -0.0228272 -0.0285481)
(0.0277242 -0.0243488 -0.029704)
(0.0152928 -0.0150498 -0.0325073)
(0.0127635 -0.0116515 -0.0307984)
(0.0141845 -0.0120263 -0.0351283)
(0.0229726 -0.0191842 -0.0284395)
(0.022513 -0.0198217 -0.0301564)
(-0.00332211 0.00311442 0.000854518)
(-0.00334511 0.00349962 0.000992607)
(0.00174748 -0.00257269 -0.00128201)
(0.00100116 -0.00102831 -0.000272035)
(0.00124037 -0.00171939 -0.00110189)
(-0.00342891 0.00312026 0.00125519)
(-0.00354166 0.00344028 0.00109992)
(-0.0011019 -0.000434779 -0.000631652)
(-0.000677756 -0.000591857 -0.000904034)
(6.72256e-05 -0.000478079 -0.000809484)
(-6.44316e-05 -0.000523431 -0.0008851)
(-0.000444989 -0.000484827 -0.000858452)
(0.000957839 -0.00152521 -0.00125917)
(0.000119021 0.00080804 0.000987482)
(0.000538676 -0.000137405 0.000261236)
(0.00102773 -0.000883488 -0.00044784)
(0.00128274 -0.00190866 -0.00145461)
(0.00124638 -0.00131705 -0.000878153)
(-0.00144995 -0.000347391 -0.00042785)
(-0.000942504 -0.000313832 -0.000732277)
(-0.00145341 -0.000178895 -0.000460238)
(-0.0028829 0.00176842 0.000686449)
(-0.00250533 0.000450881 0.000400416)
(0.0345134 -0.0291457 -0.0384223)
(0.0250896 -0.0197103 -0.0463039)
(0.0172277 -0.0199781 -0.0455563)
(0.0180799 -0.0201874 -0.0474792)
(0.0297468 -0.0241029 -0.0389796)
(0.0268481 -0.0222718 -0.041206)
(0.0299747 -0.0253425 -0.0439816)
(0.0291748 -0.0230332 -0.0345447)
(0.0252186 -0.0337392 -0.0218504)
(0.0295971 -0.0302411 -0.0271672)
(0.0297951 -0.0351681 -0.0278127)
(0.0274471 -0.0335652 -0.0255471)
(0.0322508 -0.0342275 -0.0307175)
(0.0268922 -0.0280377 -0.0240835)
(0.026955 -0.0278519 -0.0271227)
(0.0287286 -0.0269233 -0.0309769)
(0.0306064 -0.0304874 -0.0292089)
(0.0323772 -0.0293972 -0.0309998)
(0.0299986 -0.0266914 -0.0325749)
(0.0263719 -0.0347165 -0.0181389)
(0.0284718 -0.0336839 -0.0195884)
(0.0305683 -0.0331521 -0.0235281)
(0.0316023 -0.0305792 -0.0253945)
(0.0340713 -0.0310609 -0.0291791)
(0.0339247 -0.031642 -0.0314956)
(0.0341752 -0.0289806 -0.034799)
(0.0347327 -0.0276769 -0.040465)
(0.0308062 -0.0340339 -0.0241791)
(0.0285336 -0.0345742 -0.0219372)
(0.0262734 -0.0347395 -0.0189403)
(0.0258731 -0.0347573 -0.0207029)
(0.0278832 -0.0342943 -0.0220354)
(0.025941 -0.0348626 -0.0215632)
(0.0277469 -0.0343395 -0.0238028)
(0.0300327 -0.0326721 -0.0250556)
(0.0294171 -0.0333738 -0.0274299)
(0.0280876 -0.0331312 -0.0233938)
(0.00609995 -0.0166451 -0.0327111)
(0.00677875 -0.0157826 -0.0232038)
(0.00605643 -0.0183071 -0.0274354)
(0.0104134 -0.0209221 -0.0408206)
(0.014165 -0.0214441 -0.0462616)
(0.0194876 -0.023543 -0.0516251)
(0.0212205 -0.0235836 -0.0503496)
(0.0271476 -0.0251043 -0.0526722)
(0.0131776 -0.0251334 -0.0441319)
(0.0123956 -0.0188999 -0.0444657)
(0.0060824 -0.0212588 -0.0387045)
(0.0115135 -0.00781528 -0.0148889)
(0.01401 -0.00745794 -0.0179034)
(0.00601887 -0.00462152 -0.00630633)
(0.00612877 -0.00407169 -0.00604766)
(0.00620733 -0.00475137 -0.00637616)
(0.0180047 -0.00556858 -0.0216627)
(0.0170601 -0.00660963 -0.0217055)
(0.00789598 -0.00378641 -0.00739012)
(0.0103186 -0.00668749 -0.0112311)
(0.014443 -0.00388279 -0.0151022)
(0.0138087 -0.00348025 -0.0135719)
(0.00979499 -0.00344957 -0.00887436)
(0.00424401 -0.00589356 -0.00558496)
(0.00478024 -0.00730853 -0.0068848)
(0.00707075 -0.00974446 -0.00951983)
(0.00944976 -0.0105491 -0.0126008)
(0.0110444 -0.00921209 -0.0144816)
(0.0107624 -0.00788096 -0.0130208)
(0.00944885 -0.00902544 -0.0117366)
(0.00673134 -0.00678969 -0.00795959)
(0.00494421 -0.00425159 -0.00541502)
(0.00776195 -0.005878 -0.00866518)
(0.00549471 -0.00493482 -0.0060736)
(0.0138639 -0.0204981 -0.0237674)
(0.0125713 -0.0198989 -0.0209938)
(0.014344 -0.020407 -0.0219975)
(0.0141728 -0.0213378 -0.0228374)
(0.00861136 -0.0165445 -0.0191339)
(0.00718664 -0.01592 -0.017648)
(0.00800128 -0.0160082 -0.0182437)
(0.00661418 -0.0159806 -0.0173045)
(0.00999355 -0.0174406 -0.019566)
(0.0132801 -0.0199222 -0.0232864)
(0.00870335 -0.0164734 -0.0183692)
(0.00748583 -0.0155927 -0.0176085)
(0.00942619 -0.0169142 -0.0188841)
(0.00849952 -0.0155005 -0.0182496)
(0.010621 -0.0174473 -0.0201029)
(0.0102526 -0.0178606 -0.0205481)
(0.0096803 -0.0165772 -0.018565)
(0.00950833 -0.0169296 -0.0183126)
(0.00894668 -0.0168747 -0.0193081)
(0.00837752 -0.0171393 -0.0186906)
(0.00870257 -0.0165643 -0.0183895)
(0.0104793 -0.0228705 -0.0208878)
(0.00962213 -0.021246 -0.02059)
(0.0100802 -0.0232299 -0.021685)
(0.00809252 -0.0183569 -0.0195623)
(0.00957994 -0.0198118 -0.020402)
(0.00893227 -0.0199176 -0.0197715)
(0.00958416 -0.0214545 -0.0199819)
(0.00927014 -0.0205179 -0.020257)
(0.00967133 -0.0222399 -0.0208389)
(0.0095962 -0.0220809 -0.0208856)
(0.0092052 -0.0209631 -0.0201505)
(0.00750431 -0.0180479 -0.0181628)
(0.00835163 -0.0159257 -0.0173257)
(0.00798333 -0.0174727 -0.0179141)
(0.00681025 -0.0157727 -0.0171074)
(0.00747826 -0.01588 -0.0173734)
(0.00525881 -0.00849265 -0.0170048)
(0.00365803 -0.00662733 -0.0108347)
(0.00450379 -0.00687717 -0.0153303)
(0.00339992 -0.00579747 -0.0109336)
(0.0019568 -0.00451522 -0.00667014)
(0.00267292 -0.00536223 -0.00797654)
(0.00154834 -0.00414465 -0.00750735)
(0.00122766 -0.00348361 -0.00570932)
(0.00403383 -0.00596982 -0.0134821)
(0.00621422 -0.00886177 -0.016541)
(0.00416209 -0.00652673 -0.0131433)
(0.00101011 -0.0041633 -0.00756503)
(0.00205345 -0.00489108 -0.00917898)
(0.00372523 -0.00653431 -0.0126823)
(0.00171341 -0.00452977 -0.00834346)
(0.00216862 -0.00465193 -0.00983824)
(0.00863696 -0.0191808 -0.0195807)
(0.00823854 -0.0186413 -0.0197314)
(0.00897873 -0.0201259 -0.0201871)
(0.00735541 -0.0188834 -0.019384)
(0.00785096 -0.01642 -0.0188594)
(0.00894355 -0.0176608 -0.0191444)
(0.00808106 -0.0183362 -0.0194022)
(0.00786635 -0.0176549 -0.018828)
(0.00847228 -0.0184485 -0.0197909)
(0.00831304 -0.0177898 -0.0189771)
(0.00767772 -0.0159181 -0.017351)
(0.00788312 -0.0170362 -0.0194217)
(0.00784128 -0.0164695 -0.0182009)
(0.00840922 -0.0175616 -0.0189947)
(0.00523313 -0.0143516 -0.0162456)
(0.00479254 -0.0137322 -0.0131584)
(0.00403505 -0.0110471 -0.00823229)
(0.00329669 -0.0071157 -0.00494365)
(0.0324801 -0.0318618 -0.0282185)
(0.033993 -0.0318605 -0.0314491)
(0.0317176 -0.0323536 -0.0271257)
(0.0316859 -0.0296161 -0.0308184)
(0.0348227 -0.030273 -0.0360482)
(0.031442 -0.0285195 -0.0300882)
(0.0323687 -0.0272843 -0.0354554)
(0.033275 -0.0285303 -0.0341302)
(0.032092 -0.0275774 -0.0323093)
(0.0330084 -0.0286793 -0.0365363)
(0.030438 -0.0239251 -0.037726)
(0.0280064 -0.0197331 -0.0371116)
(0.0327365 -0.0273013 -0.037531)
(0.0315969 -0.025075 -0.049321)
(0.0325873 -0.0280577 -0.041916)
(0.0305132 -0.0215266 -0.0448331)
(0.0347604 -0.0296327 -0.0439664)
(-0.00198331 0.00120573 0.000289378)
(0.000508817 9.5786e-05 0.000268857)
(-4.35131e-05 0.00114393 0.0009382)
(-0.000472109 0.0012522 0.000720075)
(-0.00208519 0.000562912 -0.000109582)
(0.000664711 -0.000490054 -0.00056241)
(0.000296596 0.000238867 0.000188922)
(0.000814685 -0.000584968 -0.000398718)
(-0.00118981 6.21645e-05 -0.000474866)
(-0.000121642 -0.000270539 -0.000634763)
(8.78532e-05 -0.000153122 -0.000475228)
(-0.000690385 -0.00012615 -0.000617288)
(-0.00272983 0.0026556 0.00101131)
(-0.000148181 0.00135629 0.00139431)
(-0.000294866 0.00173703 0.00149572)
(-0.00293665 0.00383992 0.00100425)
(-0.00340773 0.00381322 0.00117007)
(-0.00342461 0.00332572 0.00115936)
(-0.00249592 0.00402078 0.0012915)
(-0.000468585 0.00187009 0.00149434)
(-0.000834396 0.00238123 0.00137067)
(0.0163274 -0.0152884 -0.0391809)
(0.0166843 -0.0147688 -0.0349794)
(0.0204702 -0.0153441 -0.0367864)
(0.0245163 -0.0196328 -0.0313225)
(0.0259865 -0.0227309 -0.0305403)
(0.0244582 -0.020002 -0.0331749)
(0.0256441 -0.0229187 -0.0307616)
(0.0264569 -0.0232751 -0.0286178)
(0.0286404 -0.0246382 -0.0347691)
(0.0299359 -0.0242039 -0.0347378)
(0.0247548 -0.0196677 -0.036182)
(0.0254131 -0.0196565 -0.033914)
(0.0251562 -0.0199975 -0.0351557)
(0.022816 -0.0189557 -0.0369608)
(0.0216472 -0.0176272 -0.0369076)
(0.018469 -0.0144826 -0.039109)
(0.0248757 -0.0169195 -0.0423452)
(0.0224194 -0.0142521 -0.0354604)
(0.0062348 -0.0101558 -0.0177464)
(0.00641973 -0.00987353 -0.0193813)
(0.0054803 -0.00881734 -0.0163812)
(0.00381145 -0.00694246 -0.011687)
(0.00615911 -0.00946681 -0.0197595)
(0.00530747 -0.00892483 -0.0158627)
(0.00284111 -0.00485643 -0.00598205)
(0.00153135 -0.00238413 -0.00254688)
(0.00355316 -0.0066109 -0.00994762)
(0.00421865 -0.00822433 -0.0126861)
(0.0014561 -0.00244754 -0.00217696)
(0.00252874 -0.00508732 -0.00696146)
(0.00439614 -0.00814263 -0.0122379)
(0.00365013 -0.0069802 -0.0100374)
(0.00744371 -0.0349196 -0.0184018)
(0.00581133 -0.0343521 -0.0163302)
(0.00596168 -0.0335526 -0.013401)
(0.005026 -0.032254 -0.0147833)
(0.00364744 -0.0316603 -0.0198798)
(0.00506049 -0.0324318 -0.0163304)
(0.00431289 -0.0322416 -0.020332)
(0.00532172 -0.0319788 -0.0219008)
(0.00675459 -0.0340703 -0.0194259)
(0.00538321 -0.0321569 -0.0180891)
(0.0123353 -0.0304065 -0.0241271)
(0.0134351 -0.0319494 -0.0252455)
(0.0133971 -0.0295816 -0.0224845)
(0.0122123 -0.025956 -0.0214495)
(0.0122199 -0.027289 -0.0213669)
(0.0130339 -0.028582 -0.0237298)
(0.0138027 -0.0279309 -0.0214516)
(0.0129694 -0.0272332 -0.0215583)
(0.016699 -0.0308722 -0.0238411)
(0.0165434 -0.0308308 -0.0228422)
(0.0146088 -0.0295331 -0.0224306)
(0.0144623 -0.0300329 -0.021559)
(0.0117928 -0.0244493 -0.0202701)
(0.0143641 -0.0265515 -0.0216444)
(0.0133141 -0.0260086 -0.0211093)
(0.0111698 -0.0253797 -0.0219014)
(0.0122735 -0.0262724 -0.0227546)
(0.0140281 -0.0263787 -0.0222255)
(0.0127286 -0.0246681 -0.0207215)
(0.0111256 -0.0236944 -0.0204116)
(0.0115551 -0.0253737 -0.0209086)
(0.0210644 -0.0222923 -0.0241544)
(0.0212766 -0.0220698 -0.0243609)
(0.0198412 -0.023575 -0.0215627)
(0.0196345 -0.0232938 -0.0223934)
(0.0239608 -0.0243376 -0.026265)
(0.0219666 -0.0282308 -0.0249067)
(0.0223184 -0.0253887 -0.0244455)
(0.0238012 -0.0247364 -0.0257556)
(0.0257191 -0.0258301 -0.0289872)
(0.0239264 -0.0287387 -0.0266323)
(0.01289 -0.0202188 -0.0236609)
(0.0151652 -0.022105 -0.0251498)
(0.0155668 -0.02196 -0.0251063)
(0.0131242 -0.0202145 -0.0234512)
(0.010559 -0.0229535 -0.0209327)
(0.0104759 -0.0249139 -0.023558)
(0.00977438 -0.0206895 -0.0210824)
(0.0104184 -0.0219071 -0.0211403)
(0.00984268 -0.0190725 -0.0208532)
(0.00990893 -0.0191874 -0.0203443)
(0.00913571 -0.01864 -0.0195919)
(0.00910015 -0.0180258 -0.0200925)
(0.00931162 -0.0217124 -0.0213961)
(0.0103 -0.0221307 -0.0226437)
(0.0100678 -0.0212495 -0.0205703)
(0.00971737 -0.0210166 -0.0219053)
(0.00950081 -0.0199693 -0.0201782)
(0.0105005 -0.0232637 -0.0224744)
(0.0150301 -0.0227325 -0.03104)
(0.0182607 -0.0248873 -0.0322133)
(0.0148946 -0.0236513 -0.029076)
(0.0136033 -0.0211188 -0.0263721)
(0.0152248 -0.0221282 -0.0315659)
(0.0188851 -0.0269548 -0.0314886)
(0.0153024 -0.0240331 -0.0305491)
(0.0151139 -0.0221688 -0.0299102)
(0.0125532 -0.0213805 -0.0255362)
(0.0123015 -0.0211202 -0.0250247)
(0.0122101 -0.0203054 -0.0250677)
(0.0143035 -0.0225611 -0.0270923)
(0.0157734 -0.022974 -0.0269022)
(0.0150386 -0.0230546 -0.025537)
(0.0144539 -0.0369209 -0.0171277)
(0.0174528 -0.0367579 -0.0171413)
(0.0164083 -0.0367863 -0.017783)
(0.0189727 -0.0370246 -0.0167118)
(0.0157093 -0.0357764 -0.0146916)
(0.0145517 -0.0376742 -0.0166575)
(0.0242382 -0.0363584 -0.0178307)
(0.0214612 -0.0373624 -0.015148)
(0.0193986 -0.0363258 -0.0145667)
(0.0191143 -0.0344382 -0.0154547)
(0.0238415 -0.0361407 -0.0181241)
(0.021595 -0.0354339 -0.0174021)
(0.0256914 -0.0286382 -0.0255213)
(0.0251717 -0.0278616 -0.0246295)
(0.0242168 -0.0284372 -0.0220173)
(0.0251558 -0.0308913 -0.0238474)
(0.0231967 -0.0290993 -0.0236372)
(0.0218942 -0.0288374 -0.0209436)
(0.0139383 -0.0341903 -0.0221612)
(0.0138255 -0.0323026 -0.0219128)
(0.0120824 -0.0315602 -0.0222775)
(0.0133406 -0.0314248 -0.0223419)
(0.0121185 -0.0335631 -0.0227202)
(0.0130371 -0.0360126 -0.0223047)
(0.0138448 -0.0354438 -0.0219393)
(0.0118919 -0.0352006 -0.0229881)
(0.0130558 -0.033713 -0.0216808)
(0.0117381 -0.0329181 -0.0220423)
(0.0111607 -0.021347 -0.0275829)
(0.0114031 -0.0211745 -0.0343236)
(0.0113781 -0.0212154 -0.0314824)
(0.0101431 -0.0218827 -0.0267977)
(0.0112966 -0.0238514 -0.0301581)
(0.0117634 -0.0230363 -0.0330588)
(0.000729085 -0.00105757 -0.00123919)
(0.00108976 -0.00141063 -0.00143826)
(0.000434427 -0.000677618 -0.000871288)
(0.000261905 -0.000819771 -0.00109616)
(0.0181479 -0.015672 -0.0257061)
(0.0190328 -0.0172268 -0.0258606)
(0.0197033 -0.0179887 -0.0263424)
(0.01646 -0.0138571 -0.0245604)
(0.0199844 -0.0174683 -0.0278214)
(0.0104382 -0.00973332 -0.0265588)
(0.0137008 -0.0128445 -0.0280364)
(0.017206 -0.0136331 -0.0325909)
(0.00396609 -0.00302696 -0.00170036)
(0.00238665 -0.00220844 -0.0010407)
(0.013402 -0.00311532 -0.0109417)
(0.0103823 -0.00307959 -0.00821954)
(0.00657283 -0.00293783 -0.00488501)
(0.00572999 -0.00295486 -0.00368326)
(0.0255431 -0.00726367 -0.0489958)
(0.0216374 -0.00770463 -0.0482157)
(0.0202295 -0.00880665 -0.0493057)
(0.0151398 -0.0208009 -0.0389569)
(0.0156277 -0.0167917 -0.0402777)
(0.0167105 -0.0158424 -0.0418398)
(0.0142637 -0.01651 -0.0438377)
(0.0159752 -0.0198409 -0.0427666)
(0.0225937 -0.0102557 -0.04502)
(0.0249284 -0.00423957 -0.044678)
(0.0238795 -0.00885926 -0.0461577)
(0.0253009 -0.00564656 -0.0474777)
(-0.000129071 -0.00143198 -0.000842757)
(-0.000350152 -0.00119268 -0.00062673)
(-0.000153843 -0.00180639 -0.00122808)
(-0.000361625 -0.00160923 -0.00118648)
(-0.000318094 -0.00147213 -0.000937387)
(-2.26591e-05 -0.00176421 -0.00117616)
(-0.000437163 -0.0013642 -0.00124358)
(-0.000428304 -0.00126354 -0.00117364)
(-0.000432241 -0.00143097 -0.00115233)
(-0.000470076 -0.0012541 -0.000920149)
(-0.000919816 -0.000942668 -0.000704805)
(-0.000864451 -0.000929434 -0.000522094)
(-0.000683153 -0.0010142 -0.000563384)
(-0.00072165 -0.00112488 -0.000760559)
(-0.000781571 -0.00102564 -0.000919731)
(-0.000662467 -0.00112814 -0.000938867)
(-0.000259761 -0.00024784 3.45768e-05)
(-0.00107756 -0.000134177 0.000415519)
(-0.00218109 0.000134386 0.000278644)
(-0.00192887 0.000261034 0.000604961)
(-0.00163401 6.8379e-05 0.000521394)
(-0.00221633 0.000309521 0.000563471)
(-0.000166577 -0.000571095 -0.000208229)
(-0.000696242 -0.00029284 0.00011407)
(-0.000862557 -0.000411798 -4.40549e-05)
(-0.000486659 -0.000654003 -0.000237533)
(-0.00166813 -0.00020227 -3.74665e-05)
(-0.00118366 -7.08135e-05 0.000281265)
(-0.00172432 3.63422e-05 0.000432933)
(-0.00187318 8.37472e-06 0.000257415)
(-0.001396 -0.000253323 -3.55715e-05)
(-0.00126192 -0.000261255 0.000117474)
(-0.00263539 0.000831229 0.000842648)
(-0.00232285 0.00185758 0.00117006)
(-0.00282018 0.0016411 0.00114903)
(0.0286104 -0.0327614 -0.0184547)
(0.0262865 -0.0355854 -0.0154543)
(0.0319189 -0.030244 -0.0251777)
(0.0308181 -0.0332849 -0.0212321)
(0.0259413 -0.0272952 -0.0527309)
(0.0135517 -0.0140972 -0.0222277)
(0.0132921 -0.0140543 -0.0219668)
(0.012399 -0.0133437 -0.0177756)
(0.0125103 -0.0129652 -0.0193488)
(0.0124133 -0.0154491 -0.0180909)
(0.0130931 -0.0152678 -0.020561)
(0.0127596 -0.0157053 -0.0197049)
(0.0130433 -0.0146811 -0.0195423)
(0.0117725 -0.013028 -0.0180787)
(0.0117111 -0.0133749 -0.0174657)
(0.0180123 -0.0201374 -0.0319051)
(0.0177204 -0.0188378 -0.0300435)
(0.014365 -0.0133007 -0.0250226)
(0.0158513 -0.0167602 -0.0298243)
(0.0156672 -0.0161563 -0.0260969)
(0.0139716 -0.0130626 -0.0237587)
(0.018366 -0.0113845 -0.0258346)
(0.0164263 -0.00904724 -0.0233889)
(0.016479 -0.0103007 -0.0286316)
(0.0165323 -0.0118715 -0.0266506)
(0.0172129 -0.0140569 -0.0313931)
(0.016613 -0.0139528 -0.0291296)
(0.0182979 -0.0161773 -0.0301949)
(0.0170153 -0.0133474 -0.0271467)
(0.0142641 -0.0118196 -0.0213642)
(0.0144476 -0.0121425 -0.0233074)
(0.0161247 -0.0125741 -0.0253564)
(0.0151057 -0.00960515 -0.0223685)
(0.0141545 -0.0199163 -0.0221317)
(0.0147502 -0.0214567 -0.0231977)
(0.0136816 -0.0194835 -0.0228602)
(0.0170199 -0.018519 -0.0359785)
(0.0181999 -0.0151622 -0.0353553)
(0.0177617 -0.0178554 -0.0344401)
(0.0198175 -0.00671114 -0.0288608)
(0.0213853 -0.00824921 -0.0317061)
(0.0203444 -0.0121704 -0.0324137)
(0.0197584 -0.0220487 -0.039382)
(0.0185491 -0.018801 -0.0378766)
(0.0188201 -0.0185236 -0.0394733)
(0.019244 -0.0153574 -0.0415377)
(0.0239563 -0.00793629 -0.0378547)
(0.0235765 -0.00674543 -0.0351445)
(0.0202016 -0.00722698 -0.031841)
(0.0219139 -0.00990645 -0.0394231)
(0.00707144 -0.0206153 -0.0184293)
(0.00840832 -0.0229805 -0.0198587)
(0.00979187 -0.023834 -0.0199324)
(0.00882815 -0.0234107 -0.0193666)
(0.00770642 -0.0225603 -0.0196616)
(0.00881106 -0.0232028 -0.0192262)
(0.0144983 -0.0200111 -0.0193195)
(0.0148377 -0.0209165 -0.0200871)
(0.0133762 -0.0207457 -0.0185759)
(0.0132375 -0.0168896 -0.0183281)
(0.0143298 -0.0190032 -0.0192939)
(0.0130322 -0.0157621 -0.0182207)
(0.00663965 -0.016417 -0.0172671)
(0.00714982 -0.0176523 -0.0184832)
(0.00633829 -0.0181929 -0.0182351)
(0.00610942 -0.01885 -0.018251)
(0.0153132 -0.0152654 -0.0222281)
(0.0146103 -0.0138943 -0.0214301)
(0.0147811 -0.0143029 -0.0220188)
(0.0143169 -0.0130151 -0.0225217)
(0.00920703 -0.00961855 -0.0205874)
(0.00997099 -0.00946324 -0.0221212)
(0.0120603 -0.0114035 -0.0230397)
(0.00990373 -0.0102747 -0.0205007)
(0.0186699 -0.0187243 -0.0233266)
(0.019648 -0.0205385 -0.0248579)
(0.0189974 -0.0248397 -0.023194)
(0.0181102 -0.0229744 -0.0216666)
(0.0181701 -0.023196 -0.0231986)
(0.0179047 -0.0244099 -0.0230419)
(0.0161779 -0.0240299 -0.0206429)
(0.0157282 -0.0241447 -0.021622)
(0.0166375 -0.023102 -0.0217001)
(0.0155851 -0.0183115 -0.0197269)
(0.0163343 -0.0201271 -0.0202045)
(0.0168664 -0.0217956 -0.0211567)
(0.0159712 -0.017392 -0.0201601)
(0.0177008 -0.0203899 -0.0218371)
(0.0185558 -0.0193343 -0.022686)
(0.0097964 -0.0107287 -0.0154209)
(0.00805183 -0.0083846 -0.0161386)
(-0.000296573 -0.00194478 -0.00170823)
(9.95531e-05 -0.00201492 -0.00203222)
(-6.62849e-05 -0.00188397 -0.00189335)
(4.55852e-05 -0.00226392 -0.00237793)
(-4.42477e-06 -0.00208493 -0.00208186)
(-5.06867e-05 -0.0025114 -0.00197228)
(3.36342e-05 -0.0029472 -0.00222402)
(-3.86858e-05 -0.00213588 -0.00190179)
(4.10728e-05 -0.00230765 -0.00212864)
(2.83499e-05 -0.00288159 -0.00228044)
(-3.9906e-05 -0.00255911 -0.00223466)
(0.000409334 -0.00153653 -0.00183079)
(0.000315283 -0.00155021 -0.00182994)
(0.000628311 -0.00201005 -0.00250114)
(0.000599935 -0.00175807 -0.00218907)
(0.000489769 -0.00186301 -0.00234079)
(0.000394907 -0.00198812 -0.00245543)
(0.000470326 -0.00179873 -0.00215377)
(0.000415809 -0.00184791 -0.00220865)
(0.000547426 -0.00226155 -0.0030987)
(0.000422535 -0.00219792 -0.00297852)
(0.00954842 -0.0229272 -0.0351088)
(0.00857495 -0.0224391 -0.0313033)
(0.00646241 -0.023925 -0.0314272)
(0.00564408 -0.0273235 -0.02805)
(0.00648103 -0.0257943 -0.0293726)
(0.00497046 -0.0288337 -0.0268935)
(0.00567796 -0.0262791 -0.026009)
(0.00657453 -0.0277293 -0.0265567)
(0.00526873 -0.0280011 -0.0258208)
(0.00764666 -0.0254202 -0.0292275)
(0.00844433 -0.02711 -0.0273585)
(0.0180611 -0.0139929 -0.0474899)
(0.0148878 -0.0183527 -0.0433886)
(0.0162001 -0.0168703 -0.0451682)
(0.0100315 -0.0235542 -0.036646)
(0.0151198 -0.0213697 -0.042736)
(0.0102716 -0.0193824 -0.0400472)
(0.00409532 -0.00236613 -0.00321349)
(0.00783784 -0.00323911 -0.00648079)
(0.00574345 -0.00257092 -0.00437698)
(0.00825552 -0.00370139 -0.00739696)
(0.0108415 -0.0033685 -0.00944768)
(0.00628222 -0.00388589 -0.00592956)
(0.00435984 -0.00268844 -0.00390777)
(0.00291542 -0.00202892 -0.00253885)
(0.00420383 -0.0028897 -0.00378036)
(0.00420011 -0.00728167 -0.0138064)
(0.0026852 -0.0055424 -0.0100994)
(0.00291047 -0.00649109 -0.0128524)
(0.00351661 -0.0061607 -0.0112984)
(0.00493029 -0.00716722 -0.0148925)
(0.00474668 -0.00725479 -0.0141704)
)
;
    }
    INLET
    {
        type            calculated;
        value           nonuniform 0();
    }
    OUTLET
    {
        type            calculated;
        value           nonuniform 0();
    }
    procBoundary15to1
    {
        type            processor;
        value           uniform (0 0 0);
    }
    procBoundary15to16
    {
        type            processor;
        value           uniform (0 0 0);
    }
}


// ************************************************************************* //
