/*--------------------------------*- C++ -*----------------------------------*\
| =========                 |                                                 |
| \\      /  F ield         | OpenFOAM: The Open Source CFD Toolbox           |
|  \\    /   O peration     | Version:  v1612+                                |
|   \\  /    A nd           | Web:      www.OpenFOAM.com                      |
|    \\/     M anipulation  |                                                 |
\*---------------------------------------------------------------------------*/
FoamFile
{
    version     2.0;
    format      ascii;
    class       labelList;
    location    "constant/polyMesh";
    object      pointProcAddressing;
}
// * * * * * * * * * * * * * * * * * * * * * * * * * * * * * * * * * * * * * //


6567
(
108
123
159
160
226
227
228
230
232
238
239
240
241
242
249
250
251
252
253
254
255
256
570
571
572
933
2205
2206
2207
2208
2209
2210
2211
2212
2213
2214
2215
2216
2217
2218
2219
2221
2222
2223
2224
2225
2226
2227
2228
2229
2230
2286
2288
2289
2290
2291
2292
2293
2294
2295
2296
2297
2298
2299
2300
2301
2302
2303
2304
2305
2306
2307
2308
2309
2310
2311
2312
2313
2314
2315
2988
2989
2990
2991
2992
3000
3001
3002
3003
3004
3005
3006
3007
3008
3009
3011
3012
3013
4619
4620
4621
4622
4623
4624
4625
4626
4627
4628
4629
4630
4631
4632
4633
4638
4639
4640
4641
4644
4645
4647
4650
7222
7223
7229
7233
7235
7237
7239
7240
7241
7242
7243
7244
7245
7246
7247
7248
7249
7250
7251
7254
7256
7257
7258
7259
7260
7261
7262
7263
7264
7265
7266
7267
7268
7269
7270
7271
7272
7273
7274
7275
7276
7277
7278
7279
7280
7281
7282
7283
7284
7285
7286
7287
7288
7289
7290
7291
7292
7293
7294
7295
7296
7297
7298
7310
7311
7312
7313
7314
7315
7316
7317
7318
7319
7320
7321
7322
7323
7324
7325
7326
7327
7328
7329
7369
7370
7371
7372
7373
7374
7375
7376
7377
7378
7379
7380
7381
7382
7383
7384
7385
7386
7387
7388
7389
7390
7391
7392
7393
7394
7395
7396
7397
7398
7399
7400
7401
7402
7403
7404
7405
7406
7407
7408
7409
7410
7411
7412
7413
7414
7415
7416
7417
7418
7419
7420
7421
7422
7423
7424
7425
7426
7427
7428
7429
7430
7431
7432
7433
7434
7435
7436
7437
7438
7439
7440
7441
7442
7443
7444
7445
7446
7447
7448
7449
7450
7451
7452
7453
7454
7455
7456
7457
7458
7459
7460
7461
7462
7463
7464
7465
7466
7467
7468
7469
7470
7471
7472
7473
7474
7475
7476
7477
7478
7479
7480
7481
7482
7483
7484
7485
7486
7487
7488
7489
7490
7491
7492
7493
7494
7495
7496
7497
7498
7499
7500
7501
7502
7503
7504
7505
7506
7507
7508
7509
7510
7511
7512
7513
7514
7515
7516
7517
7518
7519
7520
7521
7522
7523
7524
7525
7526
7527
7528
7529
7530
7531
7532
7533
7534
7535
7536
7537
7538
7539
7540
7541
7542
7544
7545
7549
7550
7551
7552
7553
7554
7561
7573
7577
7578
7579
7580
7581
7582
7584
7585
7586
7587
7588
7589
7590
7591
7592
7593
7594
7595
7611
7612
7613
7614
7615
7616
7617
7618
7619
7621
7622
7623
7624
7625
7626
7627
7628
7629
7630
7631
7634
7643
7644
7645
7646
7647
7650
7651
7654
8094
8095
8096
8097
8098
8099
8100
8101
8102
8103
8104
8105
8106
8107
8108
8109
8110
8111
8112
8113
8114
8115
8116
8117
8118
8119
8120
8121
8122
8123
8124
8125
8126
8127
8128
8129
8130
8131
8132
8133
8134
8135
8136
8137
8138
8139
8140
8141
8142
8143
8144
8145
8146
8147
8148
8149
8150
8151
8152
8153
8154
8155
8156
8157
8158
8159
8160
8161
8162
8163
8164
8165
8166
8167
8168
8169
8170
8176
8178
8179
8183
8184
8185
8201
8202
8203
8204
8205
8206
8207
8210
8211
8212
8213
8214
8215
8216
8217
8218
8219
8220
8221
8222
8223
8224
8225
8226
8227
8228
8229
8230
8231
8232
8233
8234
8235
8236
8237
8238
8239
8240
8241
17353
17354
17356
17357
17358
17361
17480
17481
17495
17496
17497
17498
17499
17500
20080
20081
20082
20083
20084
20085
20086
20087
20088
20089
20090
20091
20092
20093
20094
20095
20096
20097
20098
20099
20100
20101
20102
20103
20104
20105
20106
20107
20108
20109
20110
20111
20112
20113
20696
22265
22266
22267
22268
22269
22270
22271
22272
22274
22275
22276
22277
22278
22279
22280
22281
22282
22283
22284
22285
22286
22349
22350
22351
22352
22355
22356
22357
22358
22359
22360
22361
22362
22363
22386
22387
22388
22389
22390
22391
22392
22393
22394
22395
22396
22397
22398
22399
22400
22401
22402
22403
22404
22405
22407
22408
22409
22410
22412
22413
22415
22419
22420
22421
22422
23142
23143
23144
23145
23149
23150
23151
23152
23154
23155
23168
23169
23170
23171
23173
23174
23482
23483
23484
23485
23486
23487
23849
23850
23865
25147
25148
25149
25150
25151
25152
25155
25156
25157
25160
25161
25162
25163
25164
25165
25166
25244
25246
25254
25255
25258
25259
25260
25261
25262
25263
25264
25265
25266
25267
25268
25269
25270
25271
25272
25273
25274
25275
25276
25277
25284
25285
25286
25287
25288
25291
25292
25293
25294
25295
25677
25678
25905
25906
25907
25909
25984
25985
25986
25987
25989
25996
25997
25998
26314
26315
26320
26431
26445
26513
26514
26584
26585
26586
26587
26588
26589
26590
26591
26596
26597
26598
26599
26611
26612
26613
26614
26615
26616
26617
27082
27086
27118
27128
27189
27674
27710
27723
27747
27750
27817
28051
28079
28149
28159
28205
28237
28279
28349
28358
28410
28411
28432
28453
28467
28482
28555
28571
28609
28648
28652
28657
28676
28698
28703
28712
28787
28808
28810
28819
28821
28864
28867
28889
28896
28905
28957
28968
28991
29017
29018
29033
29074
29115
29151
29166
29169
29171
29194
29205
29210
29211
29218
29234
29265
29326
29328
29349
29410
29491
29495
29529
29549
29683
29709
29742
29767
29772
29809
29820
29903
29962
30035
30085
30086
30108
30149
30161
30201
30239
30248
30300
30348
30359
30376
30381
30384
30412
30429
30490
30538
30616
30714
30754
30756
30773
30781
30815
30817
30824
30834
30852
30861
30968
31059
31093
31152
31168
31262
31267
31268
31357
31412
31418
31446
31491
31503
31591
31600
31613
31617
31629
31693
31700
31785
31849
31898
31983
31988
32003
32026
32044
32087
32125
32156
32176
32250
32277
32279
32283
32309
32350
32371
32413
32469
32557
32589
32603
32640
32653
32669
32693
32751
32765
32767
32776
32874
32915
32939
32940
32986
32993
33043
33057
33073
33089
33122
33153
33197
33213
33217
33242
33285
33299
33371
33380
33427
33429
33493
33504
33537
33585
33593
33635
33652
33705
33774
33785
33799
33811
33909
33917
33988
34018
34102
34166
34192
34218
34278
34290
34311
34333
34339
34388
34481
34490
34508
34542
34569
34594
34696
34714
34788
34804
34845
34887
34889
34898
35022
35054
35107
35108
35159
35198
35213
35243
35245
35268
35305
35311
35319
35339
35383
35456
35467
35489
35493
35512
35579
35591
35640
35651
35699
35702
35711
35726
35734
35738
35800
35806
35814
35888
35889
35990
36057
36066
36073
36080
36095
36148
36174
36186
36272
36300
36376
36437
36491
36494
36533
36613
36637
36686
36717
36733
36789
36814
36868
36890
36892
36901
36971
36974
37004
37040
37064
37070
37077
37082
37085
37088
37104
37107
37140
37146
37313
37363
37387
37457
37460
37464
37476
37494
37517
37521
37564
37567
37662
37725
37735
37781
37784
37795
37964
38029
38093
38100
38140
38145
38205
38214
38215
38298
38301
38303
38323
38367
38374
38385
38504
38531
38559
38585
38643
38666
38807
38842
38850
38855
38879
38941
38956
38989
39009
39037
39078
39124
39239
39262
39270
39281
39329
39349
39353
39357
39439
39450
39546
39641
39702
39749
39800
39855
39904
39986
40067
40074
40079
40088
40185
40213
40256
40295
40311
40322
40335
40340
40348
40433
40497
40526
40527
40531
40564
40616
40623
40730
40790
40810
40821
40822
40922
40924
40925
40975
41024
41031
41048
41077
41084
41117
41162
41205
41265
41349
41371
41381
41434
41501
41513
41556
41599
41608
41634
41650
41691
41729
41763
41784
41815
41907
41922
41925
41973
42000
42029
42043
42044
42068
42099
42112
42188
42195
42212
42224
42398
42401
42445
42460
42531
42638
42672
42697
42724
42781
42784
42929
42973
42995
43038
43073
43227
43233
43254
43445
43479
43510
43578
43581
43624
43660
43710
43725
43753
43757
43775
43782
43947
43956
43980
43987
43991
44025
44078
44114
44144
44196
44349
44367
44380
44385
44417
44418
44449
44505
44512
44534
44573
44601
44636
44654
44662
44716
44779
44790
44809
44814
44860
44891
44898
44942
44947
44951
45007
45021
45030
45033
45058
45152
45175
45181
45202
45204
45210
45213
45266
45302
45315
45371
45427
45428
45437
45468
45511
45764
45800
45806
45815
45841
45865
45921
46005
46047
46054
46073
46081
46164
46171
46177
46180
46255
46258
46283
46355
46384
46422
46480
46606
46658
46671
46678
46738
46746
46767
46796
46799
46822
46823
46832
46865
46917
46973
47006
47029
47046
47052
47069
47100
47116
47135
47145
47226
47232
47241
47252
47320
47356
47380
47384
47413
47455
47461
47471
47494
47607
47611
47631
47664
47674
47697
47699
47709
47795
47884
47890
47892
47899
47900
47946
47954
47965
47980
47981
47992
48100
48105
48173
48234
48250
48282
48287
48384
48399
48420
48439
48473
48530
48535
48601
48637
48675
48725
48743
48747
48898
48911
48963
48991
49018
49056
49068
49080
49089
49125
49208
49244
49260
49371
49398
49405
49426
49443
49448
49469
49482
49500
49519
49527
49596
49624
49667
49716
49782
49802
49813
49821
49840
49862
49892
49927
50003
50105
50197
50212
50221
50231
50246
50290
50309
50396
50472
50488
50510
50560
50608
50677
50700
50704
50716
50724
50744
50748
50750
50765
50787
50845
50873
50981
51021
51099
51109
51150
51160
51164
51195
51284
51339
51398
51432
51450
51471
51504
51543
51567
51599
51638
51716
51721
51732
51753
51764
51768
51778
51816
51817
51818
51819
51821
51824
51825
51911
51912
52403
52404
52406
52407
52408
52436
52437
52438
52439
52440
52441
52442
52443
52444
52445
52446
52447
52448
52449
52450
52451
52686
52687
52688
53220
53221
53222
53223
53224
54101
54102
54107
54108
54109
54110
54111
54112
54113
54114
54115
54116
54117
54118
54119
54120
54121
54122
54123
54124
54125
54126
54127
54128
54133
54134
54135
54149
54150
54151
54152
54153
54154
54155
54156
54157
54158
54159
54160
54161
54162
54163
54164
54165
54166
54167
54168
54169
54170
54171
54172
54173
54174
54175
54176
54177
54178
54179
54180
54181
54182
54183
54184
54185
54186
54187
54188
54189
54190
54191
54192
54193
54194
54195
54196
54197
54198
54199
54200
54201
54202
54203
54204
54205
54206
54207
54208
54209
54210
54211
54212
54213
54214
54215
54217
54218
54219
54222
54229
54230
54231
54232
54233
54234
54235
54236
54237
54238
54241
54242
54243
54245
54246
54247
54248
54249
54250
54251
54252
54257
54258
54259
54260
54261
54262
54383
54384
54385
54386
54387
54388
54389
54390
54391
54392
54393
54394
54395
54396
54397
54398
54399
54400
54401
54402
54403
54404
54405
54406
54407
54408
54409
54410
54411
54412
54413
54414
54415
54416
54417
54418
54419
54420
54421
54422
54423
54426
54434
54435
54436
54437
54438
54439
54440
54441
54442
54443
57629
57678
57679
58501
58502
58503
58504
58505
58506
58507
58508
58509
58510
59059
59060
59068
59076
59077
59078
59579
59580
59581
59582
59583
59584
59585
59586
59587
59588
59589
59590
59591
59592
59593
59594
59600
59601
59604
59605
59606
59607
59608
59609
59610
59611
59612
59613
59614
59615
59616
59621
59622
59623
59624
59671
59672
59673
59674
59675
59676
59677
59678
59679
59680
59681
59682
59683
59685
59687
59688
59689
59690
59691
59692
59693
59694
59695
59696
60880
60881
60882
60883
60884
60885
60886
60887
60888
60889
60890
60891
60892
60893
60894
60895
60896
60897
60898
60899
60900
60901
60902
60903
60904
62512
62513
62514
62515
62516
62517
62586
62587
62588
62589
62590
68421
68422
68423
68424
68425
68426
68427
68428
68429
68430
68431
68432
68433
68434
68435
68436
68437
68438
68439
68443
68447
68448
68449
68450
68451
68452
68453
68454
68455
68456
68457
68458
68471
68472
68473
68474
68475
68476
68477
68478
68479
68480
68481
68482
68483
68484
68485
68486
68487
68488
68489
68490
68491
68492
68493
68494
68495
68496
68497
68498
68499
68500
68501
68502
68503
68504
68896
68898
68899
68900
68901
68902
68909
68910
68911
68912
68913
68914
68916
68919
68921
68922
68943
68944
68945
68946
68947
68948
68949
68950
68951
68952
68953
68954
68955
68964
68965
68966
68967
68968
68969
68970
68971
68972
68973
68974
68975
68976
68977
68978
68979
68980
68981
68982
68983
68984
68985
68986
68987
68988
68989
68990
68991
68992
68993
68994
68995
68996
68997
68998
68999
69000
69001
69002
69003
69004
69005
69006
69007
69008
69009
69010
69011
69012
69013
69014
69015
69016
69017
69018
69019
69020
69021
69022
69023
69024
69025
69026
69027
69028
69029
69030
69031
69032
69033
69034
69035
69036
69037
69038
69039
69040
69041
69042
69043
69044
69045
69046
69047
69048
69049
69050
69051
69052
69053
69054
69055
69056
69057
69058
69059
69060
69061
69097
69098
69099
69100
69101
69102
69103
69104
69105
69106
69107
69108
69109
69110
69111
69112
69113
69114
69115
69116
69117
69118
69119
69120
69121
69122
69129
69132
69134
69135
69136
69137
69138
69139
69140
69141
69142
69143
69144
69145
69146
69147
69148
69149
69150
69151
69152
69153
69154
69155
69156
69157
69158
69159
69162
69172
69174
70916
70918
70921
70922
70923
70924
70925
70926
70927
70928
70929
72083
72084
72085
72086
72087
72088
72089
72090
72091
72092
72100
72101
72102
72103
72366
72367
72368
72369
72371
72374
72375
72461
72462
72953
72954
72956
72957
72958
72986
72987
72988
72989
72990
72991
72992
72993
72994
72995
72996
72997
72998
72999
73000
73001
73236
73237
73238
73770
73771
73772
73773
73774
74651
74652
74657
74658
74659
74660
74661
74662
74663
74664
74665
74666
74667
74668
74669
74670
74671
74672
74673
74674
74675
74676
74677
74678
74683
74684
74685
74699
74700
74701
74702
74703
74704
74705
74706
74707
74708
74709
74710
74711
74712
74713
74714
74715
74716
74717
74718
74719
74720
74721
74722
74723
74724
74725
74726
74727
74728
74729
74730
74731
74732
74733
74734
74735
74736
74737
74738
74739
74740
74741
74742
74743
74744
74745
74746
74747
74748
74749
74750
74751
74752
74753
74754
74755
74756
74757
74758
74759
74760
74761
74762
74763
74764
74765
74767
74768
74769
74772
74779
74780
74781
74782
74783
74784
74785
74786
74787
74788
74791
74792
74793
74795
74796
74797
74798
74799
74800
74801
74802
74807
74808
74809
74810
74811
74812
74933
74934
74935
74936
74937
74938
74939
74940
74941
74942
74943
74944
74945
74946
74947
74948
74949
74950
74951
74952
74953
74954
74955
74956
74957
74958
74959
74960
74961
74962
74963
74964
74965
74966
74967
74968
74969
74970
74971
74972
74973
74976
74984
74985
74986
74987
74988
74989
74990
74991
74992
74993
78179
78228
78229
79051
79052
79053
79054
79055
79056
79057
79058
79059
79060
79609
79610
79618
79626
79627
79628
80129
80130
80131
80132
80133
80134
80135
80136
80137
80138
80139
80140
80141
80142
80143
80144
80150
80151
80154
80155
80156
80157
80158
80159
80160
80161
80162
80163
80164
80165
80166
80171
80172
80173
80174
80221
80222
80223
80224
80225
80226
80227
80228
80229
80230
80231
80232
80233
80235
80237
80238
80239
80240
80241
80242
80243
80244
80245
80246
81430
81431
81432
81433
81434
81435
81436
81437
81438
81439
81440
81441
81442
81443
81444
81445
81446
81447
81448
81449
81450
81451
81452
81453
81454
83062
83063
83064
83065
83066
83067
83136
83137
83138
83139
83140
88971
88972
88973
88974
88975
88976
88977
88978
88979
88980
88981
88982
88983
88984
88985
88986
88987
88988
88989
88993
88997
88998
88999
89000
89001
89002
89003
89004
89005
89006
89007
89008
89021
89022
89023
89024
89025
89026
89027
89028
89029
89030
89031
89032
89033
89034
89035
89036
89037
89038
89039
89040
89041
89042
89043
89044
89045
89046
89047
89048
89049
89050
89051
89052
89053
89054
89446
89448
89449
89450
89451
89452
89459
89460
89461
89462
89463
89464
89466
89469
89471
89472
89493
89494
89495
89496
89497
89498
89499
89500
89501
89502
89503
89504
89505
89514
89515
89516
89517
89518
89519
89520
89521
89522
89523
89524
89525
89526
89527
89528
89529
89530
89531
89532
89533
89534
89535
89536
89537
89538
89539
89540
89541
89542
89543
89544
89545
89546
89547
89548
89549
89550
89551
89552
89553
89554
89555
89556
89557
89558
89559
89560
89561
89562
89563
89564
89565
89566
89567
89568
89569
89570
89571
89572
89573
89574
89575
89576
89577
89578
89579
89580
89581
89582
89583
89584
89585
89586
89587
89588
89589
89590
89591
89592
89593
89594
89595
89596
89597
89598
89599
89600
89601
89602
89603
89604
89605
89606
89607
89608
89609
89610
89611
89647
89648
89649
89650
89651
89652
89653
89654
89655
89656
89657
89658
89659
89660
89661
89662
89663
89664
89665
89666
89667
89668
89669
89670
89671
89672
89679
89682
89684
89685
89686
89687
89688
89689
89690
89691
89692
89693
89694
89695
89696
89697
89698
89699
89700
89701
89702
89703
89704
89705
89706
89707
89708
89709
89712
89722
89724
91466
91468
91471
91472
91473
91474
91475
91476
91477
91478
91479
92038
92039
92040
92041
92043
92046
92047
92133
92134
92625
92626
92628
92629
92630
92658
92659
92660
92661
92662
92663
92664
92665
92666
92667
92668
92669
92670
92671
92672
92673
92908
92909
92910
93442
93443
93444
93445
93446
94323
94324
94329
94330
94331
94332
94333
94334
94335
94336
94337
94338
94339
94340
94341
94342
94343
94344
94345
94346
94347
94348
94349
94350
94355
94356
94357
94371
94372
94373
94374
94375
94376
94377
94378
94379
94380
94381
94382
94383
94384
94385
94386
94387
94388
94389
94390
94391
94392
94393
94394
94395
94396
94397
94398
94399
94400
94401
94402
94403
94404
94405
94406
94407
94408
94409
94410
94411
94412
94413
94414
94415
94416
94417
94418
94419
94420
94421
94422
94423
94424
94425
94426
94427
94428
94429
94430
94431
94432
94433
94434
94435
94436
94437
94439
94440
94441
94444
94451
94452
94453
94454
94455
94456
94457
94458
94459
94460
94463
94464
94465
94467
94468
94469
94470
94471
94472
94473
94474
94479
94480
94481
94482
94483
94484
94605
94606
94607
94608
94609
94610
94611
94612
94613
94614
94615
94616
94617
94618
94619
94620
94621
94622
94623
94624
94625
94626
94627
94628
94629
94630
94631
94632
94633
94634
94635
94636
94637
94638
94639
94640
94641
94642
94643
94644
94645
94648
94656
94657
94658
94659
94660
94661
94662
94663
94664
94665
97851
97900
97901
98723
98724
98725
98726
98727
98728
98729
98730
98731
98732
99281
99282
99290
99298
99299
99300
99801
99802
99803
99804
99805
99806
99807
99808
99809
99810
99811
99812
99813
99814
99815
99816
99822
99823
99826
99827
99828
99829
99830
99831
99832
99833
99834
99835
99836
99837
99838
99843
99844
99845
99846
99893
99894
99895
99896
99897
99898
99899
99900
99901
99902
99903
99904
99905
99907
99909
99910
99911
99912
99913
99914
99915
99916
99917
99918
101102
101103
101104
101105
101106
101107
101108
101109
101110
101111
101112
101113
101114
101115
101116
101117
101118
101119
101120
101121
101122
101123
101124
101125
101126
102734
102735
102736
102737
102738
102739
102808
102809
102810
102811
102812
108643
108644
108645
108646
108647
108648
108649
108650
108651
108652
108653
108654
108655
108656
108657
108658
108659
108660
108661
108665
108669
108670
108671
108672
108673
108674
108675
108676
108677
108678
108679
108680
108693
108694
108695
108696
108697
108698
108699
108700
108701
108702
108703
108704
108705
108706
108707
108708
108709
108710
108711
108712
108713
108714
108715
108716
108717
108718
108719
108720
108721
108722
108723
108724
108725
108726
109118
109120
109121
109122
109123
109124
109131
109132
109133
109134
109135
109136
109138
109141
109143
109144
109165
109166
109167
109168
109169
109170
109171
109172
109173
109174
109175
109176
109177
109186
109187
109188
109189
109190
109191
109192
109193
109194
109195
109196
109197
109198
109199
109200
109201
109202
109203
109204
109205
109206
109207
109208
109209
109210
109211
109212
109213
109214
109215
109216
109217
109218
109219
109220
109221
109222
109223
109224
109225
109226
109227
109228
109229
109230
109231
109232
109233
109234
109235
109236
109237
109238
109239
109240
109241
109242
109243
109244
109245
109246
109247
109248
109249
109250
109251
109252
109253
109254
109255
109256
109257
109258
109259
109260
109261
109262
109263
109264
109265
109266
109267
109268
109269
109270
109271
109272
109273
109274
109275
109276
109277
109278
109279
109280
109281
109282
109283
109319
109320
109321
109322
109323
109324
109325
109326
109327
109328
109329
109330
109331
109332
109333
109334
109335
109336
109337
109338
109339
109340
109341
109342
109343
109344
109351
109354
109356
109357
109358
109359
109360
109361
109362
109363
109364
109365
109366
109367
109368
109369
109370
109371
109372
109373
109374
109375
109376
109377
109378
109379
109380
109381
109384
109394
109396
111138
111140
111143
111144
111145
111146
111147
111148
111149
111150
111151
111818
111819
111820
111821
111823
111826
111827
111913
111914
112405
112406
112408
112409
112410
112438
112439
112440
112441
112442
112443
112444
112445
112446
112447
112448
112449
112450
112451
112452
112453
112688
112689
112690
113222
113223
113224
113225
113226
114103
114104
114109
114110
114111
114112
114113
114114
114115
114116
114117
114118
114119
114120
114121
114122
114123
114124
114125
114126
114127
114128
114129
114130
114135
114136
114137
114151
114152
114153
114154
114155
114156
114157
114158
114159
114160
114161
114162
114163
114164
114165
114166
114167
114168
114169
114170
114171
114172
114173
114174
114175
114176
114177
114178
114179
114180
114181
114182
114183
114184
114185
114186
114187
114188
114189
114190
114191
114192
114193
114194
114195
114196
114197
114198
114199
114200
114201
114202
114203
114204
114205
114206
114207
114208
114209
114210
114211
114212
114213
114214
114215
114216
114217
114219
114220
114221
114224
114231
114232
114233
114234
114235
114236
114237
114238
114239
114240
114243
114244
114245
114247
114248
114249
114250
114251
114252
114253
114254
114259
114260
114261
114262
114263
114264
114385
114386
114387
114388
114389
114390
114391
114392
114393
114394
114395
114396
114397
114398
114399
114400
114401
114402
114403
114404
114405
114406
114407
114408
114409
114410
114411
114412
114413
114414
114415
114416
114417
114418
114419
114420
114421
114422
114423
114424
114425
114428
114436
114437
114438
114439
114440
114441
114442
114443
114444
114445
117631
117680
117681
118503
118504
118505
118506
118507
118508
118509
118510
118511
118512
119061
119062
119070
119078
119079
119080
119581
119582
119583
119584
119585
119586
119587
119588
119589
119590
119591
119592
119593
119594
119595
119596
119602
119603
119606
119607
119608
119609
119610
119611
119612
119613
119614
119615
119616
119617
119618
119623
119624
119625
119626
119673
119674
119675
119676
119677
119678
119679
119680
119681
119682
119683
119684
119685
119687
119689
119690
119691
119692
119693
119694
119695
119696
119697
119698
120882
120883
120884
120885
120886
120887
120888
120889
120890
120891
120892
120893
120894
120895
120896
120897
120898
120899
120900
120901
120902
120903
120904
120905
120906
122514
122515
122516
122517
122518
122519
122588
122590
122591
122592
128423
128424
128425
128426
128427
128428
128429
128430
128431
128432
128433
128434
128435
128436
128437
128438
128439
128440
128441
128445
128449
128450
128451
128452
128453
128454
128455
128456
128457
128458
128459
128460
128473
128474
128475
128476
128477
128478
128479
128480
128481
128482
128483
128484
128485
128486
128487
128488
128489
128490
128491
128492
128493
128494
128495
128496
128497
128498
128499
128500
128501
128502
128503
128504
128505
128506
128898
128900
128901
128902
128903
128904
128911
128912
128913
128914
128915
128916
128918
128921
128923
128924
128945
128946
128947
128948
128949
128950
128951
128952
128953
128954
128955
128956
128957
128966
128967
128968
128969
128970
128971
128972
128973
128974
128975
128976
128977
128978
128979
128980
128981
128982
128983
128984
128985
128986
128987
128988
128989
128990
128991
128992
128993
128994
128995
128996
128997
128998
128999
129000
129001
129002
129003
129004
129005
129006
129007
129008
129009
129010
129011
129012
129013
129014
129015
129016
129017
129018
129019
129020
129021
129022
129023
129024
129025
129026
129027
129028
129029
129030
129031
129032
129033
129034
129035
129036
129037
129038
129039
129040
129041
129042
129043
129044
129045
129046
129047
129048
129049
129050
129051
129052
129053
129054
129055
129056
129057
129058
129059
129060
129061
129062
129063
129099
129100
129101
129102
129103
129104
129105
129106
129107
129108
129109
129110
129111
129112
129113
129114
129115
129116
129117
129118
129119
129120
129121
129122
129123
129124
129131
129134
129136
129137
129138
129139
129140
129141
129142
129143
129144
129145
129146
129147
129148
129149
129150
129151
129152
129153
129154
129155
129156
129157
129158
129159
129160
129161
129164
129174
129176
130918
130920
130923
130924
130925
130926
130927
130928
130929
130930
130931
132085
132086
132087
132088
132089
132090
132091
132092
132093
132094
132102
132103
132104
132105
132561
132562
132563
132564
132565
132566
132567
132568
132569
132570
132571
132572
132573
132574
132575
132576
132577
132578
132579
132580
132581
132627
132628
132629
132630
132631
132632
132633
132634
132635
132636
132637
132638
132639
132640
132641
132642
132643
132644
132645
132646
132647
134526
134527
134528
134529
134530
134531
134532
134533
134534
134535
134536
134537
134562
134563
134564
134928
134929
134930
134931
134932
134994
134995
134996
134997
134998
135000
135001
135303
135304
135305
135306
135307
135308
135309
135569
135570
135571
135572
135574
135577
135578
135664
135665
136156
136157
136159
136160
136161
136189
136190
136191
136192
136193
136194
136195
136196
136197
136198
136199
136200
136201
136202
136203
136204
136439
136440
136441
136973
136974
136975
136976
136977
137854
137855
137860
137861
137862
137863
137864
137865
137866
137867
137868
137869
137870
137871
137872
137873
137874
137875
137876
137877
137878
137879
137880
137881
137886
137887
137888
137902
137903
137904
137905
137906
137907
137908
137909
137910
137911
137912
137913
137914
137915
137916
137917
137918
137919
137920
137921
137922
137923
137924
137925
137926
137927
137928
137929
137930
137931
137932
137933
137934
137935
137936
137937
137938
137939
137940
137941
137942
137943
137944
137945
137946
137947
137948
137949
137950
137951
137952
137953
137954
137955
137956
137957
137958
137959
137960
137961
137962
137963
137964
137965
137966
137967
137968
137970
137971
137972
137975
137982
137983
137984
137985
137986
137987
137988
137989
137990
137991
137994
137995
137996
137998
137999
138000
138001
138002
138003
138004
138005
138010
138011
138012
138013
138014
138015
138136
138137
138138
138139
138140
138141
138142
138143
138144
138145
138146
138147
138148
138149
138150
138151
138152
138153
138154
138155
138156
138157
138158
138159
138160
138161
138162
138163
138164
138165
138166
138167
138168
138169
138170
138171
138172
138173
138174
138175
138176
138179
138187
138188
138189
138190
138191
138192
138193
138194
138195
138196
141382
141431
141432
142254
142255
142256
142257
142258
142259
142260
142261
142262
142263
142812
142813
142821
142829
142830
142831
143332
143333
143334
143335
143336
143337
143338
143339
143340
143341
143342
143343
143344
143345
143346
143347
143353
143354
143357
143358
143359
143360
143361
143362
143363
143364
143365
143366
143367
143368
143369
143374
143375
143376
143377
143424
143425
143426
143427
143428
143429
143430
143431
143432
143433
143434
143435
143436
143438
143440
143441
143442
143443
143444
143445
143446
143447
143448
143449
144633
144634
144635
144636
144637
144638
144639
144640
144641
144642
144643
144644
144645
144646
144647
144648
144649
144650
144651
144652
144653
144654
144655
144656
144657
146265
146266
146267
146268
146269
146270
146339
146341
146342
146343
152174
152175
152176
152177
152178
152179
152180
152181
152182
152183
152184
152185
152186
152187
152188
152189
152190
152191
152192
152196
152200
152201
152202
152203
152204
152205
152206
152207
152208
152209
152210
152211
152224
152225
152226
152227
152228
152229
152230
152231
152232
152233
152234
152235
152236
152237
152238
152239
152240
152241
152242
152243
152244
152245
152246
152247
152248
152249
152250
152251
152252
152253
152254
152255
152256
152257
152649
152651
152652
152653
152654
152662
152663
152664
152665
152666
152667
152669
152672
152674
152675
152696
152697
152698
152699
152700
152701
152702
152703
152704
152705
152706
152707
152708
152717
152718
152719
152720
152721
152722
152723
152724
152725
152726
152727
152728
152729
152730
152731
152732
152733
152734
152735
152736
152737
152738
152739
152740
152741
152742
152743
152744
152745
152746
152747
152748
152749
152750
152751
152752
152753
152754
152755
152756
152757
152758
152759
152760
152761
152762
152763
152764
152765
152766
152767
152768
152769
152770
152771
152772
152773
152774
152775
152776
152777
152778
152779
152780
152781
152782
152783
152784
152785
152786
152787
152788
152789
152790
152791
152792
152793
152794
152795
152796
152797
152798
152799
152800
152801
152802
152803
152804
152805
152806
152807
152808
152809
152810
152811
152812
152813
152814
152850
152851
152852
152853
152854
152855
152856
152857
152858
152859
152860
152861
152862
152863
152864
152865
152866
152867
152868
152869
152870
152871
152872
152873
152874
152875
152882
152885
152887
152888
152889
152890
152891
152892
152893
152894
152895
152896
152897
152898
152899
152900
152901
152902
152903
152904
152905
152906
152907
152908
152909
152910
152911
152912
152915
152925
152927
154669
154671
154674
154675
154676
154677
154678
154679
154680
154681
154682
155836
155837
155838
155839
155840
155841
155842
155843
155844
155845
155853
155854
155855
155856
156312
156313
156314
156315
156316
156317
156318
156319
156320
156321
156322
156323
156324
156325
156326
156327
156328
156329
156330
156331
156332
156378
156379
156380
156381
156382
156383
156384
156385
156386
156387
156388
156389
156390
156391
156392
156393
156394
156395
156396
156397
156398
158277
158278
158279
158280
158281
158282
158283
158284
158285
158286
158287
158288
158313
158314
158315
158679
158680
158681
158682
158683
158745
158746
158747
158748
158749
158751
158752
159054
159055
159056
159057
159058
159059
159060
159386
159387
159389
159391
159392
159393
159394
159395
159396
159397
159398
159399
159400
159401
159402
159403
159404
159405
159406
159407
159408
159409
159410
159411
159412
159413
159414
159415
159416
159417
159418
159419
159420
159421
159422
159423
159437
159438
159440
159441
159442
159443
159445
159446
159447
159448
159449
159450
159451
159452
159453
159454
159455
159509
159510
159511
159512
159513
159514
159515
159516
159517
159518
159519
159520
159522
159523
159524
159525
159526
159527
159528
159529
159530
159531
159532
159533
159534
159535
159536
159537
159538
159539
159540
159541
159542
159543
161487
161759
161760
161761
161762
161763
161779
161780
161781
161782
161783
161921
161922
161923
161924
161925
161969
161970
161971
161972
161973
162273
162274
162275
162276
162277
162518
162519
162520
162521
162523
162526
162527
162613
162614
163105
163106
163108
163109
163110
163138
163139
163140
163141
163142
163143
163144
163145
163146
163147
163148
163149
163150
163151
163152
163153
163388
163389
163390
163922
163923
163924
163925
163926
164803
164804
164809
164810
164811
164812
164813
164814
164815
164816
164817
164818
164819
164820
164821
164822
164823
164824
164825
164826
164827
164828
164829
164830
164835
164836
164837
164851
164852
164853
164854
164855
164856
164857
164858
164859
164860
164861
164862
164863
164864
164865
164866
164867
164868
164869
164870
164871
164872
164873
164874
164875
164876
164877
164878
164879
164880
164881
164882
164883
164884
164885
164886
164887
164888
164889
164890
164891
164892
164893
164894
164895
164896
164897
164898
164899
164900
164901
164902
164903
164904
164905
164906
164907
164908
164909
164910
164911
164912
164913
164914
164915
164916
164917
164919
164920
164921
164924
164931
164932
164933
164934
164935
164936
164937
164938
164939
164940
164943
164944
164945
164947
164948
164949
164950
164951
164952
164953
164954
164959
164960
164961
164962
164963
164964
165085
165086
165087
165088
165089
165090
165091
165092
165093
165094
165095
165096
165097
165098
165099
165100
165101
165102
165103
165104
165105
165106
165107
165108
165109
165110
165111
165112
165113
165114
165115
165116
165117
165118
165119
165120
165121
165122
165123
165124
165125
165128
165136
165137
165138
165139
165140
165141
165142
165143
165144
165145
168331
168380
168381
169203
169204
169205
169206
169207
169208
169209
169210
169211
169212
169761
169762
169770
169778
169779
169780
170281
170282
170283
170284
170285
170286
170287
170288
170289
170290
170291
170292
170293
170294
170295
170296
170302
170303
170306
170307
170308
170309
170310
170311
170312
170313
170314
170315
170316
170317
170318
170323
170324
170325
170326
170373
170374
170375
170376
170377
170378
170379
170380
170381
170382
170383
170384
170385
170387
170389
170390
170391
170392
170393
170394
170395
170396
170397
170398
171582
171583
171584
171585
171586
171587
171588
171589
171590
171591
171592
171593
171594
171595
171596
171597
171598
171599
171600
171601
171602
171603
171604
171605
171606
173214
173215
173216
173217
173218
173219
173288
173290
173291
173292
179123
179124
179125
179126
179127
179128
179129
179130
179131
179132
179133
179134
179135
179136
179137
179138
179139
179140
179141
179145
179149
179150
179151
179152
179153
179154
179155
179156
179157
179158
179159
179160
179173
179174
179175
179176
179177
179178
179179
179180
179181
179182
179183
179184
179185
179186
179187
179188
179189
179190
179191
179192
179193
179194
179195
179196
179197
179198
179199
179200
179201
179202
179203
179204
179205
179206
179598
179600
179601
179602
179603
179611
179612
179613
179614
179615
179616
179618
179621
179623
179624
179645
179646
179647
179648
179649
179650
179651
179652
179653
179654
179655
179656
179657
179666
179667
179668
179669
179670
179671
179672
179673
179674
179675
179676
179677
179678
179679
179680
179681
179682
179683
179684
179685
179686
179687
179688
179689
179690
179691
179692
179693
179694
179695
179696
179697
179698
179699
179700
179701
179702
179703
179704
179705
179706
179707
179708
179709
179710
179711
179712
179713
179714
179715
179716
179717
179718
179719
179720
179721
179722
179723
179724
179725
179726
179727
179728
179729
179730
179731
179732
179733
179734
179735
179736
179737
179738
179739
179740
179741
179742
179743
179744
179745
179746
179747
179748
179749
179750
179751
179752
179753
179754
179755
179756
179757
179758
179759
179760
179761
179762
179763
179799
179800
179801
179802
179803
179804
179805
179806
179807
179808
179809
179810
179811
179812
179813
179814
179815
179816
179817
179818
179819
179820
179821
179822
179823
179824
179831
179834
179836
179837
179838
179839
179840
179841
179842
179843
179844
179845
179846
179847
179848
179849
179850
179851
179852
179853
179854
179855
179856
179857
179858
179859
179860
179861
179864
179874
179876
181618
181620
181623
181624
181625
181626
181627
181628
181629
181630
181631
182785
182786
182787
182788
182789
182790
182791
182792
182793
182794
182802
182803
182804
182805
183261
183262
183263
183264
183265
183266
183267
183268
183269
183270
183271
183272
183273
183274
183275
183276
183277
183278
183279
183280
183281
183327
183328
183329
183330
183331
183332
183333
183334
183335
183336
183337
183338
183339
183340
183341
183342
183343
183344
183345
183346
183347
185226
185227
185228
185229
185230
185231
185232
185233
185234
185235
185236
185237
185262
185263
185264
185628
185629
185630
185631
185632
185694
185695
185696
185697
185698
185700
185701
186003
186004
186005
186006
186007
186008
186009
186335
186336
186338
186340
186341
186342
186343
186344
186345
186346
186347
186348
186349
186350
186351
186352
186353
186354
186355
186356
186357
186358
186359
186360
186361
186362
186363
186364
186365
186366
186367
186368
186369
186370
186371
186372
186386
186387
186389
186390
186391
186392
186394
186395
186396
186397
186398
186399
186400
186401
186402
186403
186404
186458
186459
186460
186461
186462
186463
186464
186465
186466
186467
186468
186469
186471
186472
186473
186474
186475
186476
186477
186478
186479
186480
186481
186482
186483
186484
186485
186486
186487
186488
186489
186490
186491
186492
188436
188708
188709
188710
188711
188712
188728
188729
188730
188731
188732
188870
188871
188872
188873
188874
188918
188919
188920
188921
188922
189222
189223
189224
189225
189226
191578
191579
191582
191583
191584
191585
191586
191587
191588
191589
191590
191591
191592
191593
191594
191595
191596
191597
191598
191599
191600
191601
191602
191603
191604
191605
191606
191607
191608
191609
191610
191611
191612
191613
191614
191615
191616
191617
191618
191619
191620
191621
191622
191623
191624
191625
191626
191627
191628
191629
191630
191631
191632
191633
191634
191635
191636
191637
191638
191639
191640
191641
191642
191643
191644
191645
191646
191647
191648
191649
191650
191651
191656
191658
192896
192913
192914
192915
192920
192921
192925
192927
192928
192929
192931
192932
192933
192934
192935
192936
192937
192938
192939
192940
192941
192942
192943
192944
192945
192946
192947
192948
192949
192950
192951
192952
192953
192954
192955
192956
192957
192958
192959
192960
192961
192962
192963
192964
192965
192966
192967
192968
192969
192970
192971
192972
192973
192974
192975
192976
192977
192978
192979
192980
192981
192982
192983
192984
192985
192986
192987
192988
192989
192990
192991
192992
192993
192994
192995
192996
192997
192998
192999
193000
193001
193002
193003
193004
193005
193006
193007
193008
193009
193010
193011
193012
193013
193014
193015
193016
193017
193018
193019
193020
193021
193022
193023
193024
193025
193026
193027
193028
193029
193030
193031
193032
193033
193034
193035
193036
193037
193038
193039
193040
193041
193042
193043
193044
193045
193046
193047
193048
193049
193050
193051
193052
193053
193054
193055
193056
193057
193058
193059
193060
193061
193062
193063
193064
193065
193066
193067
193068
193069
193070
193071
193072
193073
193074
193075
193076
193077
193078
193079
193080
193081
193082
193083
193084
193085
193086
193087
193088
193089
193090
193091
193092
193093
193094
193095
193096
193097
193098
193099
193100
193101
193102
193103
193104
193105
193106
193107
193108
193109
193110
193111
193112
193113
193114
193115
193116
193117
193118
193119
193120
193123
193124
193125
193127
193128
193129
193131
193138
193139
193142
193144
193145
201523
201524
201525
201527
201528
201529
201530
201531
201532
201533
201534
201535
201536
201537
201538
201539
201540
201541
201542
201543
201544
201545
201546
201547
201548
201549
201550
201551
201552
201553
201554
201555
201556
201557
201558
201559
201560
201561
201562
201563
201564
201565
201566
201567
201568
201569
201570
201571
201572
201573
201574
201575
201576
201577
201578
201579
201580
201581
201582
201583
201584
201585
201586
201587
201588
201589
201590
201591
201592
201594
201595
201596
201597
201598
201600
201604
201950
201951
201952
202220
202316
202679
202680
202681
202682
202685
202686
202687
202688
202689
202690
202691
202692
202693
202694
202695
202696
202697
202698
202699
202700
202701
202702
202703
202704
202705
202706
202707
202708
202709
202710
202711
202712
202713
202714
202715
202716
202717
202718
202719
202720
202721
202722
202723
202724
202725
202726
202727
202728
202729
202730
202731
202732
202733
202734
202735
202736
202737
202738
202739
202740
202741
202742
202743
202744
202745
202746
202747
202748
202749
202750
202751
202754
202755
202757
202758
205821
205822
205823
205825
205826
205828
205829
205830
205831
205832
205833
205834
205835
205836
205837
205838
205839
205840
205841
205842
205843
205844
205845
205846
205847
205848
205849
205850
205851
205852
205853
205854
205855
205857
205858
205859
205862
205863
206620
206622
206623
206624
206626
206628
206631
206632
206633
206634
206635
206636
206637
206638
206639
206640
206641
206642
206643
206644
206645
206646
206647
206648
206649
206650
206651
206652
206653
206654
206655
206656
206657
206658
206659
206660
206661
206662
206663
206664
206665
206666
206667
206668
206669
206670
206671
206672
206673
206674
206675
206676
206677
206678
206679
206680
206681
206682
206683
206684
206685
206686
206687
206688
206689
206690
206691
206692
206693
206694
206696
206700
206701
210122
210124
210129
210130
210131
210132
210133
210134
210135
210136
210137
210138
210139
210140
210141
210142
210143
210144
210145
210146
210147
210148
210149
210150
210151
210152
210153
210154
210155
210156
210157
210158
210159
210160
210161
210162
210163
210164
210165
210166
210167
210168
210169
210170
210171
210172
210173
210174
210175
210176
210177
210178
210179
210180
210183
210875
210883
210884
210889
210890
210891
210892
210893
210894
210895
210896
210897
210898
210899
210900
210901
210902
210903
210904
210905
210906
210907
210908
210909
210910
210911
210912
210913
210914
210915
210916
210917
210918
210919
210920
210921
210922
210923
210924
210925
210926
210927
210928
210929
210930
210931
210932
210933
210934
210935
210936
210937
210938
210939
210940
210941
210942
210943
210944
210945
210946
210947
210948
210949
210950
210951
210952
210953
210954
210955
210956
210958
210959
210960
210964
210966
210968
210970
210971
210972
210979
214256
214259
214260
214261
214262
214263
214264
214265
214266
214267
214268
214269
214270
214271
214272
214273
214274
214275
214276
214277
214278
214279
214280
214281
214282
214283
214284
214285
214286
214287
214288
214290
214291
214294
214295
214296
214784
214786
214787
214790
214791
214792
214794
214795
214796
214797
214798
214799
214800
214801
214802
214803
214804
214805
214806
214807
214808
214809
214810
214811
214812
214813
214814
214815
214816
214817
214818
214819
214820
214821
214822
214823
214824
214825
214826
214827
214828
214829
214830
214831
214832
214833
214836
217260
217261
217264
217265
217267
217269
217270
217271
217272
217273
217274
217275
217276
217277
217278
217279
217280
217281
217282
217283
217284
217285
217286
217287
217288
217289
217290
217291
217292
217293
217294
217295
217296
217297
217298
217299
217300
217301
217302
217303
217304
217305
217306
217307
217311
217687
217690
217691
217692
217693
217694
217695
217696
217697
217698
217699
217700
217701
217702
217703
217704
217705
217706
217707
217708
217709
217710
217711
217712
217713
217714
217715
217716
217717
217718
217719
217720
217721
217722
217723
217725
217726
217732
219557
219558
219560
219561
219562
219563
219564
219565
219566
219567
219568
219569
219570
219571
219572
219573
219574
219575
219576
219577
219578
219779
219781
219782
219783
219784
219785
219786
219787
219788
219789
219790
219791
219792
219793
219794
219795
219796
219797
219798
219799
219800
219801
219802
219803
219804
219805
219806
219807
219809
219810
219811
219812
219813
220968
220972
220974
220975
220976
220977
220978
220979
220980
220981
220982
220983
220984
220985
221138
221139
221140
221141
221142
221143
221144
221145
221146
221147
221148
221149
221712
221713
221714
221715
221716
221717
221749
221750
221751
221891
221892
221893
221894
222484
222489
222498
222500
222506
222507
222508
222512
222513
222514
222519
222520
222521
222527
222528
222533
222535
222537
222544
222604
222607
222611
222617
222619
222784
222829
222830
222847
222909
222911
222922
222924
222968
222973
223003
223036
223056
223057
223343
223364
223369
223370
223371
223373
223375
223377
223378
223380
223386
223416
223424
223530
223535
223536
223537
223577
223578
223602
223603
223717
223830
223836
223838
223839
223886
223889
)


// ************************************************************************* //
