/*--------------------------------*- C++ -*----------------------------------*\
| =========                 |                                                 |
| \\      /  F ield         | OpenFOAM: The Open Source CFD Toolbox           |
|  \\    /   O peration     | Version:  v1612+                                |
|   \\  /    A nd           | Web:      www.OpenFOAM.com                      |
|    \\/     M anipulation  |                                                 |
\*---------------------------------------------------------------------------*/
FoamFile
{
    version     2.0;
    format      ascii;
    class       volVectorField;
    location    "166";
    object      wallShearStress;
}
// * * * * * * * * * * * * * * * * * * * * * * * * * * * * * * * * * * * * * //

dimensions      [0 2 -2 0 0 0 0];

internalField   uniform (0 0 0);

boundaryField
{
    WALL
    {
        type            calculated;
        value           nonuniform List<vector> 
1494
(
(0.014551 0.00427997 0.00685964)
(0.0145027 0.0042353 0.00712852)
(0.0108406 -0.000146289 0.00462443)
(0.01121 -0.000438445 0.00504456)
(0.0119788 0.00138369 0.0089271)
(0.0127847 0.000988155 0.00925973)
(0.0161319 0.00102162 0.00817902)
(0.0168198 0.00157621 0.00925947)
(0.0165459 0.00325986 0.00927575)
(0.0171868 0.00129774 0.00965713)
(0.0168064 0.00130309 0.00968374)
(0.0159364 0.00319246 0.00845021)
(0.0158429 0.00309799 0.00822074)
(0.0135439 0.00503374 0.007197)
(0.0142547 0.00536603 0.00798924)
(0.0132505 0.00221141 0.00859809)
(0.0131373 0.00212717 0.00880715)
(0.0115897 0.000416302 0.00823646)
(0.0120459 0.00131175 0.00826512)
(0.0152353 0.00441681 0.0103163)
(0.0154977 0.00465931 0.0102936)
(0.0166893 0.00541296 0.0108487)
(0.0164864 0.00534063 0.0113246)
(0.00932419 0.00106838 0.00492306)
(0.00903922 0.0010663 0.00468619)
(0.00859454 0.00136809 0.00442579)
(0.00869512 0.00121282 0.00446842)
(0.00961748 0.00140023 0.0057215)
(0.00963303 0.000984374 0.005929)
(0.0136102 0.00391227 0.00757933)
(0.0142808 0.00408059 0.00857836)
(0.0164021 0.00465924 0.0104591)
(0.0167557 0.00443544 0.0100306)
(0.0155348 0.00374104 0.0104516)
(0.0145365 0.00330941 0.0102677)
(0.0138961 0.00234945 0.0102178)
(0.0130466 0.00188316 0.00919291)
(0.0151496 0.0035366 0.0100101)
(0.014865 0.00336532 0.00943168)
(0.017526 0.00266199 0.0101498)
(0.01673 0.00230736 0.00981948)
(0.0139405 0.00458315 0.0081016)
(0.0147716 0.00419674 0.0092401)
(0.0152475 0.00382362 0.0108492)
(0.0145234 0.0033666 0.0108239)
(0.0118503 -0.000157922 0.00831775)
(0.0115587 0.000281104 0.0074934)
(0.0124266 -0.000403709 0.00839332)
(0.0115549 7.26228e-05 0.0081943)
(0.00948933 0.000937643 0.00453485)
(0.00962667 0.000980004 0.00443733)
(0.00963122 0.000886756 0.00432763)
(0.00943017 0.00106011 0.00427509)
(0.00952178 0.00102557 0.00410979)
(0.00978536 0.00109149 0.0043834)
(0.0138081 0.00397736 0.00654417)
(0.0140778 0.00416913 0.00700766)
(0.0139847 0.00364473 0.00828608)
(0.0145496 0.00365419 0.00817761)
(0.0145839 0.00414815 0.00810759)
(0.0146021 0.00396056 0.00802668)
(0.0163288 0.000803675 0.00809369)
(0.0161519 0.00146102 0.00800971)
(0.016983 0.00159679 0.00872915)
(0.0163649 0.00141724 0.00810001)
(0.0162995 0.00141689 0.00783265)
(0.0168219 0.00176787 0.00828333)
(0.0152993 0.00217187 0.00588907)
(0.0146231 0.00233102 0.00601585)
(0.0154313 0.000557155 0.0084109)
(0.0150351 0.000804573 0.00848447)
(0.0144649 8.55927e-05 0.00787975)
(0.0159317 -0.00016266 0.00827421)
(0.0155294 0.00037003 0.00929607)
(0.0164054 0.00127726 0.0093384)
(0.0159812 0.00111269 0.00648998)
(0.0161976 0.00128428 0.00683528)
(0.0167061 0.00172994 0.00707934)
(0.0162532 0.00130965 0.00658917)
(0.0159261 0.00220236 0.00702658)
(0.0160909 0.00153738 0.00719989)
(0.0152222 0.00118291 0.00835955)
(0.0164821 0.000667184 0.00909532)
(0.0171153 0.000582981 0.00839534)
(0.0154779 6.80697e-05 0.00809867)
(0.0148473 0.000201803 0.00703268)
(0.00921489 0.0017564 0.00381057)
(0.00964496 0.00204396 0.00381099)
(0.0107975 0.00228831 0.00441404)
(0.00947261 0.00180778 0.00422387)
(0.0100193 0.00180703 0.00436894)
(0.0101352 0.00199694 0.00432278)
(0.0105675 0.00250082 0.00459375)
(0.0130403 0.00104272 0.00928251)
(0.0121059 0.00139449 0.00802198)
(0.0126521 0.000783486 0.00855997)
(0.0127014 0.00155948 0.00838675)
(0.0118334 0.00102246 0.00833016)
(0.0124037 7.52081e-05 0.00720601)
(0.011371 -1.10667e-05 0.00699242)
(0.0124444 -0.000559477 0.0083652)
(0.0126865 7.67411e-05 0.0080598)
(0.0112559 -0.000200329 0.00723608)
(0.0125336 0.000630577 0.00787842)
(0.0193171 0.00507547 0.0122924)
(0.0166379 0.00355712 0.010417)
(0.0187199 0.00428674 0.0118314)
(0.0184775 0.00452141 0.0120687)
(0.0193107 0.00492564 0.0123674)
(0.0188308 0.00488689 0.0126705)
(0.0167085 0.00438743 0.00944189)
(0.0179125 0.00455447 0.0100529)
(0.0176437 0.00443189 0.00991741)
(0.0170086 0.00437104 0.00927701)
(0.016924 0.00407621 0.00921234)
(0.0178234 0.00474451 0.0104579)
(0.0160681 0.0036443 0.0105166)
(0.0167235 0.00264116 0.0112575)
(0.0167769 0.00408309 0.0112902)
(0.0159607 0.00351941 0.0106639)
(0.0160539 0.00219525 0.0104522)
(0.0179912 0.00366986 0.0116924)
(0.0160892 0.00502395 0.0106721)
(0.0158994 0.00527525 0.0108926)
(0.0154721 0.00569749 0.0099282)
(0.014416 0.00481455 0.00963925)
(0.0153615 0.00640439 0.00975123)
(0.0149596 0.00512131 0.00989563)
(0.013582 0.00426897 0.00623405)
(0.0127342 0.00402451 0.00538458)
(0.0134502 0.00431102 0.00641517)
(0.0123389 0.00376328 0.00542388)
(0.013244 0.0041713 0.0058841)
(0.0130493 0.00415867 0.00636561)
(0.0152947 0.00515678 0.00967925)
(0.0152177 0.00527185 0.0100651)
(0.0142835 0.00436867 0.00975437)
(0.0145985 0.00420787 0.00938072)
(0.0155586 0.0042208 0.010264)
(0.0145933 0.00388252 0.00971498)
(0.0141431 0.00488357 0.00782362)
(0.0150457 0.00558571 0.00870591)
(0.0136068 0.00478515 0.00805438)
(0.0144196 0.00459592 0.00877739)
(0.0137154 0.00459555 0.00772264)
(0.0139078 0.00459047 0.00865063)
(0.0131865 0.00441314 0.00725992)
(0.0142953 0.00466349 0.00899684)
(0.0137436 0.00481 0.00719619)
(0.0143498 0.0049144 0.00799442)
(0.0141717 0.00490156 0.00770161)
(0.0140049 0.00485543 0.00759591)
(0.0143358 0.00471354 0.00803244)
(0.01384 0.00408418 0.0082027)
(0.0151077 0.00374023 0.00949549)
(0.0149325 0.00493007 0.00930483)
(0.0143804 0.00416342 0.00935894)
(0.0138371 0.00338754 0.00893597)
(0.0175329 0.00252385 0.00977433)
(0.0174489 0.00232481 0.00993782)
(0.0183895 0.00316396 0.0105095)
(0.0172811 0.00213827 0.0102864)
(0.0183151 0.00284689 0.0107761)
(0.0190855 0.00327714 0.010341)
(0.0186254 0.00366782 0.0102012)
(0.0181566 0.00329513 0.0100897)
(0.0178158 0.00323677 0.00949617)
(0.0178391 0.00301706 0.00952304)
(0.017795 0.00283887 0.00998644)
(0.015731 0.00434597 0.0104517)
(0.0161294 0.00460626 0.010995)
(0.0158419 0.0038342 0.0107139)
(0.0160261 0.00398168 0.010768)
(0.0166557 0.0042366 0.0110547)
(0.016185 0.00427302 0.0112398)
(0.0152334 0.00346459 0.0101088)
(0.015381 0.00478061 0.00997141)
(0.0164906 0.00334968 0.0112491)
(0.0155912 0.00489385 0.01032)
(0.0148142 0.00353081 0.00977826)
(0.0167642 0.00330382 0.0110848)
(0.0110562 -0.000301107 0.00547176)
(0.010361 -9.86056e-06 0.00492689)
(0.0106084 -0.000138586 0.00523952)
(0.0105071 -0.000138868 0.00552266)
(0.0107897 -0.000611949 0.00536296)
(0.0104882 -0.000493143 0.00474947)
(0.0110109 -0.000152294 0.00432191)
(0.0110409 -0.000180339 0.00492568)
(0.0108303 -0.00016433 0.00447562)
(0.0109576 -0.000370133 0.00468191)
(0.0107222 -0.000257397 0.00464919)
(0.0110075 -0.000146665 0.00463465)
(0.0108101 -6.89734e-05 0.00427914)
(0.0109376 -0.00029172 0.00489393)
(0.0123972 -0.000858037 0.00668387)
(0.0122508 -0.000663497 0.00623479)
(0.0122356 -0.000973726 0.0069652)
(0.011798 -0.00123085 0.00658029)
(0.0116627 -0.000690733 0.00669846)
(0.012363 -0.00066732 0.00668361)
(0.0144402 0.00335824 0.00500123)
(0.0144083 0.00301912 0.00461341)
(0.0142476 0.00298531 0.00389215)
(0.0141934 0.00339278 0.00470137)
(0.0146796 0.00312279 0.00473358)
(0.0136143 0.00248341 0.00399931)
(0.0127498 0.0015432 0.00374167)
(0.0128703 0.00213829 0.003931)
(0.0130634 0.00172058 0.00368643)
(0.0132377 0.0021339 0.00354361)
(0.0126954 0.00186727 0.00378474)
(0.0142572 0.00359127 0.00543417)
(0.0141096 0.00370983 0.00639799)
(0.0137383 0.00334181 0.00541191)
(0.0137362 0.00368606 0.00647366)
(0.0138243 0.00341382 0.00601439)
(0.0140244 0.00366519 0.00586752)
(0.0102945 0.000309712 0.00424203)
(0.0105928 0.000137168 0.00451116)
(0.0101368 3.89386e-05 0.00441348)
(0.0103524 -0.000156923 0.00432515)
(0.0104099 0.000172208 0.00432788)
(0.0103617 0.000293619 0.00417411)
(0.0104283 0.000378814 0.00406396)
(0.01054 0.000260521 0.00370807)
(0.0104061 0.000328365 0.00371176)
(0.011024 0.000166972 0.00412766)
(0.0105529 -6.30715e-05 0.00394081)
(0.0102753 0.000250321 0.00415831)
(0.0105879 0.000599348 0.00406638)
(0.0109455 0.000613274 0.00379645)
(0.0110452 0.000703873 0.003561)
(0.0111271 0.000936786 0.00381769)
(0.0105354 0.000942345 0.00407587)
(0.0107943 0.000583122 0.00421066)
(0.019764 0.00520143 0.0116662)
(0.0198731 0.00533945 0.0114674)
(0.0193363 0.00519898 0.011132)
(0.0192529 0.00502298 0.0102181)
(0.0188533 0.00550877 0.0111501)
(0.0186218 0.00515462 0.0107813)
(0.0198548 0.00545439 0.0113058)
(0.0188987 0.00556062 0.0110503)
(0.0180208 0.00518454 0.0105501)
(0.0180589 0.00318632 0.0104375)
(0.0185553 0.00323048 0.0102724)
(0.0172874 0.00312274 0.0101054)
(0.0178193 0.00308733 0.0103256)
(0.0179897 0.00365688 0.0106597)
(0.0174667 0.00288786 0.00962421)
(0.0167323 0.00311145 0.0110534)
(0.0171339 0.00426723 0.0114329)
(0.0168637 0.00438038 0.0110047)
(0.0183082 0.00370166 0.0114816)
(0.0176172 0.00475588 0.0119136)
(0.01767 0.00449078 0.0116944)
(0.0172131 0.00411306 0.0113564)
(0.0171437 0.00386232 0.0113846)
(0.0159868 0.00468057 0.0105992)
(0.016439 0.00565352 0.0112949)
(0.0197879 0.00423912 0.01132)
(0.0194975 0.00471424 0.0118406)
(0.0195983 0.00515127 0.0119773)
(0.0191574 0.00624289 0.0115032)
(0.0191678 0.00594696 0.0114965)
(0.019057 0.00621993 0.0114627)
(0.0187325 0.00593246 0.0115484)
(0.019221 0.00597958 0.01146)
(0.019399 0.00622282 0.0117713)
(0.0135674 0.00211736 0.00997758)
(0.0125531 0.00200696 0.00923447)
(0.0127729 0.00155011 0.00964747)
(0.0133129 0.00190818 0.0101479)
(0.0137258 0.00230444 0.0101739)
(0.0127435 0.00191063 0.00897828)
(0.0131231 0.00147273 0.00945365)
(0.0130043 0.00241085 0.00916688)
(0.0141811 0.00289294 0.00934346)
(0.0137789 0.00254966 0.00901002)
(0.0131596 0.00236702 0.00866708)
(0.0140925 0.00276907 0.00919684)
(0.0139904 0.00298117 0.00891629)
(0.0137308 0.00270097 0.00881904)
(0.0138928 0.002816 0.00951574)
(0.0134686 0.00238466 0.00988871)
(0.0135082 0.0021024 0.00981492)
(0.0138336 0.00235959 0.00987596)
(0.0144567 0.00318623 0.00980165)
(0.0138917 0.00258772 0.0096597)
(0.01741 0.00490383 0.0104039)
(0.0161782 0.00446723 0.0105367)
(0.0172254 0.0049085 0.0109074)
(0.0169672 0.00493363 0.0108746)
(0.0170085 0.00480688 0.0105416)
(0.0164385 0.00478544 0.0105756)
(0.0147865 0.0035081 0.0104996)
(0.0157256 0.00444601 0.0105469)
(0.014772 0.00393156 0.0103109)
(0.0154902 0.00405987 0.010235)
(0.0155162 0.00429979 0.0102083)
(0.0162283 0.0050946 0.0109916)
(0.0177785 0.00575433 0.0111004)
(0.0172601 0.00558317 0.0106734)
(0.0164257 0.00523031 0.0106747)
(0.0174165 0.00535304 0.0112131)
(0.014136 0.00280064 0.00883097)
(0.0143857 0.00332811 0.00912216)
(0.0160052 0.00276705 0.00999721)
(0.0148244 0.00338955 0.00949397)
(0.0155729 0.00201842 0.0099608)
(0.0155779 0.00214994 0.00980939)
(0.0146817 0.0039477 0.00893999)
(0.0141763 0.00375949 0.00872418)
(0.0150469 0.00426346 0.00940664)
(0.0144643 0.00320129 0.00901317)
(0.0145498 0.00359707 0.00938339)
(0.0150458 0.00366024 0.00929564)
(0.0112053 0.00155289 0.00725057)
(0.0109794 0.00139293 0.00742772)
(0.0097191 0.000700472 0.00586879)
(0.01022 0.000950706 0.00632516)
(0.00975432 0.00175857 0.00607483)
(0.00919081 0.00103339 0.00449236)
(0.00955518 0.00108036 0.00476325)
(0.00932487 0.00105133 0.00438901)
(0.00945948 0.000942789 0.00478259)
(0.00942946 0.00110866 0.00451126)
(0.00962122 0.000815564 0.00543186)
(0.00967601 0.000861262 0.00555587)
(0.0100549 0.00100545 0.00588004)
(0.0103731 0.000990236 0.00626669)
(0.0103689 0.000720362 0.0060494)
(0.0101057 0.000550119 0.00587392)
(0.0151783 0.00426207 0.0103645)
(0.0155554 0.00443928 0.010721)
(0.0159141 0.00462566 0.0109331)
(0.014831 0.0039028 0.0105642)
(0.011401 -7.985e-05 0.00624265)
(0.0111766 -0.000158886 0.0060411)
(0.0107306 -0.000646407 0.00572082)
(0.0109838 -0.000528836 0.00615898)
(0.0111787 -5.60191e-06 0.00586437)
(0.0111412 -0.000323966 0.00621994)
(0.0126438 0.000983478 0.00909468)
(0.0128735 0.000640514 0.00932244)
(0.0123117 0.000764079 0.00837753)
(0.0119945 0.000873119 0.00838181)
(0.0124922 0.00122038 0.00858006)
(0.012995 0.00123542 0.00948218)
(0.0112219 -9.7248e-05 0.00749644)
(0.0124767 0.00055026 0.00847405)
(0.0121171 0.00053209 0.00788887)
(0.0121029 0.00104089 0.0080992)
(0.011945 7.44635e-06 0.00797294)
(0.0124243 0.000653972 0.0088052)
(0.0128519 0.00169228 0.00835332)
(0.0128604 0.00157887 0.00852689)
(0.013067 0.00215021 0.00813504)
(0.0126149 0.00190798 0.0083769)
(0.0123418 0.00118713 0.00839109)
(0.0130136 0.00192159 0.0086867)
(0.0119453 0.00103459 0.00818131)
(0.0123024 0.000821178 0.00809421)
(0.0125705 -0.000205567 0.00858033)
(0.0124433 -0.000330825 0.00823575)
(0.0123198 0.000836246 0.008155)
(0.0118253 0.000186652 0.00832014)
(0.0119506 -0.000962279 0.0070142)
(0.0117633 -0.000499121 0.00745158)
(0.0124002 -0.000686187 0.00726982)
(0.0118604 8.28849e-05 0.00755075)
(0.0125889 -0.000411447 0.00776136)
(0.0122238 -0.000194738 0.00746776)
(0.0126048 -0.000776225 0.00822833)
(0.0123501 0.000232817 0.00812865)
(0.0121806 0.000155846 0.0080156)
(0.0126238 -0.000338607 0.00827796)
(0.0094534 0.00132786 0.00428697)
(0.0095188 0.00149128 0.00390163)
(0.00935145 0.00156188 0.00422101)
(0.00936101 0.00128129 0.00418274)
(0.00966596 0.00164081 0.00424221)
(0.0095431 0.00131741 0.00409507)
(0.0122263 0.00326634 0.00521664)
(0.0117173 0.00316247 0.00496427)
(0.0123892 0.00358623 0.00524637)
(0.012161 0.00349425 0.00526092)
(0.0127012 0.0038565 0.00527991)
(0.0116731 0.00307221 0.00471314)
(0.0114618 0.000390828 0.00667197)
(0.0108888 -0.000394442 0.00608748)
(0.011529 -0.000212445 0.00701066)
(0.0112574 -0.00050011 0.00686656)
(0.0113311 0.000686434 0.00703648)
(0.0103361 0.000368513 0.00616269)
(0.00950915 0.000845312 0.00472935)
(0.0097378 0.000455035 0.00466342)
(0.0101238 0.000346964 0.00505079)
(0.00985478 0.000723691 0.00499789)
(0.00986152 0.000645037 0.00513262)
(0.010299 0.000461656 0.00504607)
(0.0105479 0.000822705 0.0058474)
(0.0100023 0.000831317 0.00535841)
(0.0103636 0.000391023 0.0057436)
(0.00995505 0.000898571 0.00546363)
(0.00977002 0.000713317 0.00528945)
(0.0101315 0.000826479 0.00580338)
(0.0116096 0.00144224 0.0041053)
(0.0108925 0.0011703 0.00386327)
(0.0112596 0.00172825 0.00419424)
(0.0110081 0.00132604 0.00385994)
(0.0116955 0.00175389 0.0038882)
(0.0119235 0.00194202 0.00410574)
(0.0115272 0.00235903 0.00454858)
(0.0119011 0.00238224 0.00459749)
(0.0117264 0.00272887 0.00445234)
(0.011728 0.00275651 0.00451061)
(0.0110992 0.00210544 0.00399596)
(0.0126318 0.00322278 0.00495881)
(0.0126266 0.00315731 0.00490756)
(0.0125013 0.00302197 0.00458909)
(0.0132791 0.00366652 0.00548142)
(0.0128939 0.00354671 0.00515113)
(0.0132827 0.00349788 0.00525584)
(0.0133282 0.00386038 0.00638107)
(0.0132572 0.00392553 0.00602691)
(0.0143368 0.00428053 0.00730299)
(0.0140583 0.00456446 0.0065604)
(0.0134056 0.00423646 0.00621504)
(0.014865 0.00399436 0.00554461)
(0.0146964 0.00384653 0.00611726)
(0.0148801 0.0039297 0.00535508)
(0.014768 0.00399389 0.0057913)
(0.0149789 0.00392709 0.00662754)
(0.0147656 0.0038423 0.00673583)
(0.0149593 0.00312377 0.00842685)
(0.0147873 0.00403261 0.00723949)
(0.0147315 0.0038814 0.00724112)
(0.0140655 0.0035241 0.00733808)
(0.0146586 0.00340147 0.00853281)
(0.0151303 0.00428832 0.00711434)
(0.0147322 0.00578263 0.00969887)
(0.0138425 0.0048985 0.00889083)
(0.013703 0.00483663 0.00858176)
(0.0126183 0.00446828 0.00607037)
(0.0131471 0.00462283 0.00680944)
(0.012594 0.00468092 0.00636265)
(0.012785 0.00443072 0.00618332)
(0.0132901 0.00489612 0.00738777)
(0.0133841 0.00501353 0.00743718)
(0.0156589 0.00131875 0.00973008)
(0.0153207 0.00212708 0.00960915)
(0.0152646 0.000627393 0.00884567)
(0.0156676 0.00183917 0.00953623)
(0.0157804 0.00142033 0.0100567)
(0.0167361 0.00140968 0.0100564)
(0.0167135 0.00293778 0.00817399)
(0.016216 0.00307065 0.00797102)
(0.0168636 0.00253714 0.00811518)
(0.01753 0.00299508 0.00868918)
(0.0172469 0.00330578 0.00862929)
(0.0169113 0.00287506 0.00819794)
(0.0154078 0.00172879 0.00927833)
(0.0162537 0.00192876 0.0097591)
(0.0160631 0.00124626 0.00972255)
(0.015765 0.000866555 0.00914563)
(0.0164668 0.00165223 0.0101604)
(0.0168798 0.00171418 0.00968687)
(0.0176366 0.00234377 0.0103728)
(0.0166391 0.00268716 0.00990618)
(0.0167166 0.00140659 0.00967437)
(0.0170411 0.0028959 0.0106101)
(0.0184819 0.00224258 0.0101832)
(0.0182956 0.00283863 0.00913489)
(0.0173393 0.00253572 0.00861777)
(0.0179143 0.00319721 0.00953812)
(0.0173713 0.00294464 0.00889853)
(0.0176955 0.00277287 0.00870821)
(0.0185785 0.00358079 0.00949259)
(0.0157414 0.00281184 0.00765226)
(0.0152553 0.00299126 0.00773013)
(0.0156813 0.00286208 0.0078513)
(0.0152547 0.00282474 0.00734586)
(0.0153975 0.00301862 0.00740763)
(0.015882 0.00378867 0.0100136)
(0.0156107 0.00373663 0.00982447)
(0.0148758 0.00370633 0.00974492)
(0.0145069 0.00317848 0.00977384)
(0.0162487 0.00409453 0.0103453)
(0.0155399 0.00349412 0.00900535)
(0.0145016 0.0031732 0.00867004)
(0.0146895 0.00312484 0.0084594)
(0.0152593 0.00343127 0.0089267)
(0.0147904 0.00324863 0.00891032)
(0.0150373 0.00334663 0.00918751)
(0.0169139 0.000999248 0.00649627)
(0.0157193 0.000899325 0.00524579)
(0.0156471 0.00017851 0.00520517)
(0.0159364 0.000472175 0.00592204)
(0.0166421 0.000933764 0.00594637)
(0.0140307 0.00278672 0.00777728)
(0.013431 0.00263946 0.00785553)
(0.0130266 0.0023014 0.0078183)
(0.0142415 0.00295367 0.00803208)
(0.013522 0.00237373 0.00823721)
(0.0141475 0.00271771 0.00799131)
(0.0129802 0.00193284 0.00771027)
(0.0120888 0.00168065 0.00729214)
(0.014417 0.000707271 0.00889899)
(0.0141976 0.0015314 0.00857764)
(0.0145416 0.00156217 0.00874215)
(0.0151301 0.0015959 0.00932671)
(0.0147637 0.00213433 0.00928953)
(0.0160217 -3.35592e-06 0.00594363)
(0.0160972 -0.000273102 0.00679741)
(0.0155014 -0.000345792 0.00619058)
(0.0156047 -1.19733e-05 0.00599642)
(0.0160845 -3.29646e-05 0.00645762)
(0.0157085 3.75976e-05 0.00676196)
(0.0143417 0.00276303 0.00847987)
(0.0140955 0.00262345 0.00836915)
(0.0142243 0.00289536 0.00785852)
(0.0162373 0.00344881 0.00877809)
(0.0141307 0.0027942 0.00783711)
(0.0134416 0.00211769 0.00987932)
(0.0135999 0.00308713 0.00938344)
(0.0138784 0.00315944 0.0102798)
(0.0124708 0.00289187 0.00911134)
(0.0133008 0.00216946 0.0101163)
(0.0139255 0.00372025 0.0097504)
(0.0138126 0.00240242 0.0103796)
(0.0126225 0.00170638 0.0093705)
(0.012822 0.00227208 0.00910044)
(0.012166 0.00191276 0.00894876)
(0.0137546 0.00237579 0.00988787)
(0.012662 0.00275297 0.00904102)
(0.0142102 0.00249416 0.0106393)
(0.0140396 0.00198241 0.0102828)
(0.0141928 0.00305124 0.0102733)
(0.0139504 0.00286099 0.00964532)
(0.0140625 0.00330832 0.0099328)
(0.0132145 0.00245981 0.00995952)
(0.0137272 0.00307417 0.00988504)
(0.0114636 0.00188135 0.0081405)
(0.0117326 0.00271126 0.0080152)
(0.0112782 0.00163513 0.00818782)
(0.011767 0.00267829 0.00824486)
(0.0130444 0.00235124 0.00912742)
(0.0116227 0.00154976 0.00803276)
(0.0112704 0.00163182 0.00764562)
(0.0124111 0.00266656 0.00848407)
(0.0128134 0.00254461 0.00927057)
(0.012162 0.00136236 0.00868248)
(0.0117256 0.00174179 0.00825788)
(0.0119018 0.00138451 0.00820349)
(0.0105719 0.0016543 0.00707966)
(0.0106586 0.0016428 0.00696665)
(0.0104231 0.00223962 0.00682517)
(0.0106116 0.00146688 0.00655781)
(0.00977469 0.00130055 0.00646116)
(0.0106396 0.00221799 0.00728526)
(0.0166954 0.00174467 0.0102575)
(0.0147699 0.00193552 0.00865812)
(0.0162023 0.000375238 0.00853213)
(0.0165236 -0.000263728 0.00883045)
(0.0158439 0.000887574 0.00907032)
(0.0166208 0.000217158 0.00916088)
(0.0154283 -0.000994607 0.00741589)
(0.0135206 0.00238739 0.00731136)
(0.0132233 0.00233034 0.00683547)
(0.0137192 0.00247531 0.00705222)
(0.0141009 0.0024637 0.00698986)
(0.014027 0.00247297 0.00671549)
(0.0142551 0.00256439 0.00707097)
(0.0163271 0.000960224 0.00717784)
(0.0166124 0.00177111 0.00741189)
(0.0168029 0.00137207 0.00735477)
(0.0166541 0.00133159 0.00765427)
(0.0158691 0.00155093 0.00701833)
(0.016339 0.00135617 0.00722685)
(0.0160045 6.01579e-05 0.00777777)
(0.015761 0.00118811 0.00820454)
(0.0170416 0.00100978 0.00807189)
(0.0159396 0.000449478 0.00770032)
(0.0161791 0.000991995 0.00854057)
(0.0162145 0.00110664 0.00831002)
(0.00855796 0.00120843 0.00467578)
(0.00863362 0.00131333 0.00430771)
(0.00870126 0.00137102 0.00467746)
(0.00853966 0.0014001 0.00479539)
(0.0123132 0.00118408 0.00397273)
(0.0116716 0.00101477 0.00397221)
(0.0111043 0.000489046 0.00349175)
(0.0119956 0.00111119 0.00373979)
(0.015949 0.000847269 0.00740068)
(0.0172835 0.00125815 0.00818447)
(0.0155947 0.000909366 0.00810612)
(0.0161455 0.00137165 0.00902514)
(0.0159535 0.000265621 0.00839206)
(0.016199 0.00129472 0.00964072)
(0.00838211 0.00150399 0.00491775)
(0.00916596 0.00125295 0.00544913)
(0.0101105 0.0016196 0.00662005)
(0.0110603 0.00202406 0.00722334)
(0.01085 0.00204853 0.00718635)
(0.0117955 0.00200074 0.00836264)
(0.0127799 0.00227789 0.00873274)
(0.0129912 0.00268914 0.00910846)
(0.0122536 0.000843115 0.00874596)
(0.012579 0.00152786 0.00906029)
(0.0138566 0.00350104 0.00991373)
(0.0141531 0.00334032 0.00976856)
(0.0138649 0.00322969 0.00998134)
(0.0127414 0.002452 0.0094998)
(0.012543 0.00190142 0.00929977)
(0.0124056 0.00304338 0.00872489)
(0.0143533 0.00140286 0.00847092)
(0.0144277 0.00166934 0.0091768)
(0.0146162 0.00227227 0.00901081)
(0.0142686 0.00156815 0.00865407)
(0.0145701 0.00101814 0.0089429)
(0.0153873 0.00189799 0.00925054)
(0.0142834 0.00233888 0.00856352)
(0.015244 0.00284519 0.00928707)
(0.0141856 0.00113737 0.00844889)
(0.016981 0.00187901 0.00948862)
(0.0144387 0.00234713 0.00894679)
(0.0155368 0.00135543 0.00971102)
(0.0160476 0.00155268 0.00954612)
(0.0152824 0.00170456 0.00912458)
(0.0147145 0.00129271 0.00906732)
(0.0150109 0.00384053 0.00854425)
(0.0143788 0.0038559 0.00755604)
(0.014912 0.0036459 0.00837423)
(0.0144139 0.00372198 0.00806604)
(0.0139663 0.00367513 0.00601686)
(0.0152429 0.00373643 0.00682442)
(0.0152052 0.00338056 0.00769754)
(0.015571 0.00295432 0.00845198)
(0.0143702 0.00377913 0.00720301)
(0.0142806 0.00387016 0.00688079)
(0.0149309 0.00441971 0.00692002)
(0.0153961 0.000407115 0.00745487)
(0.0148772 0.000650968 0.0087221)
(0.017208 0.00117736 0.00980914)
(0.0161021 0.00049602 0.00964128)
(0.0153904 7.5062e-05 0.00884994)
(0.014679 0.00119923 0.00847196)
(0.0145335 0.00293484 0.00881009)
(0.0152491 0.00211209 0.00944275)
(0.0173945 0.0021982 0.0103744)
(0.0168255 0.000939051 0.00957375)
(0.016353 0.00185044 0.00988388)
(0.0160211 0.00153139 0.0102452)
(0.0161645 -0.000109171 0.00791996)
(0.016033 -0.00020332 0.00701838)
(0.0158772 -0.000902987 0.00741894)
(0.014597 0.00245598 0.00608946)
(0.0148096 0.0025622 0.00665465)
(0.0143397 0.00256457 0.00701889)
(0.0134142 0.00238814 0.0075892)
(0.0129274 0.00213222 0.0072802)
(0.0156532 0.00301298 0.00727733)
(0.0144337 0.00258647 0.00704845)
(0.0150345 0.00254761 0.00719162)
(0.013652 0.00241855 0.00765383)
(0.0137021 0.00247584 0.00755889)
(0.0139346 0.00253326 0.00732985)
(0.0146815 0.00285004 0.00743594)
(0.0145559 0.00277124 0.00779179)
(0.0150551 0.00306525 0.00798478)
(0.0136257 0.00238373 0.00807538)
(0.013123 0.00227173 0.00789106)
(0.0136616 0.00243924 0.00783557)
(0.0132459 0.00227424 0.00824102)
(0.0153967 0.00132735 0.00570037)
(0.0159373 0.00176126 0.00619942)
(0.0160863 0.00179272 0.00610526)
(0.0164704 0.000363254 0.0060085)
(0.0161035 0.00038472 0.00713236)
(0.0154892 0.000314859 0.00726012)
(0.0169658 0.000466459 0.00769611)
(0.0157178 0.000640564 0.00753365)
(0.0154866 3.9404e-05 0.00739064)
(0.0145204 -0.00059608 0.00667561)
(0.0159403 -0.000484765 0.00786535)
(0.0155101 -0.000767225 0.00628437)
(0.0167182 -0.00054197 0.00730894)
(0.0170121 0.000644491 0.00713356)
(0.0160394 0.000620167 0.00625716)
(0.0160382 0.000394712 0.00681688)
(0.0164153 0.000343364 0.00682265)
(0.0157984 0.000232083 0.00597962)
(0.0166274 0.000692927 0.00669947)
(0.0163705 0.00168564 0.00648205)
(0.0164107 0.00133227 0.00643798)
(0.0161312 0.00145824 0.00619675)
(0.0164061 0.00100871 0.00660972)
(0.0157597 0.00128713 0.00635199)
(0.0161296 0.000833332 0.00628271)
(0.0155223 0.00342612 0.00896041)
(0.01461 0.00300307 0.0073446)
(0.015326 0.00293878 0.0073944)
(0.0147572 0.0027599 0.00727299)
(0.016017 0.0031828 0.00795796)
(0.0152363 0.00252045 0.00688853)
(0.0149933 0.00217797 0.00613355)
(0.0152394 0.00185756 0.00589891)
(0.0146039 0.00232399 0.00619726)
(0.0175571 0.00248064 0.00864494)
(0.0166906 0.0022113 0.00823336)
(0.0169303 0.00195254 0.00906494)
(0.0171656 0.00209094 0.00850543)
(0.0174726 0.00218267 0.00889655)
(0.0163165 0.00195486 0.0085372)
(0.017145 0.00219295 0.00918508)
(0.0169354 0.00184091 0.0090079)
(0.0165455 0.00156862 0.00915643)
(0.0175323 0.00196319 0.0095784)
(0.0158802 0.00159733 0.00911898)
(0.0166586 0.00178893 0.00954613)
(0.0162685 0.000584852 0.00871082)
(0.0165838 0.00158115 0.00906036)
(0.0161739 0.00182406 0.00902161)
(0.0151774 0.00243623 0.00669184)
(0.0160512 0.00216923 0.00726131)
(0.0162204 0.00199664 0.00761259)
(0.0168323 0.00228541 0.00783482)
(0.0164188 0.00248593 0.00766344)
(0.0160964 0.00281649 0.00772716)
(0.0165711 0.00258055 0.0078143)
(0.0160861 0.00236765 0.00708896)
(0.0162869 0.00263749 0.00738704)
(0.0168091 0.0022381 0.00758084)
(0.0159874 0.00200496 0.00698731)
(0.0176858 0.00348197 0.0089742)
(0.0169224 0.00253613 0.00838433)
(0.0177326 0.00332676 0.00921241)
(0.0160924 0.00342761 0.00892587)
(0.0165908 0.00322612 0.00790919)
(0.0156451 0.00326336 0.00831281)
(0.016773 0.00229408 0.0077603)
(0.0166774 0.00215264 0.00800941)
(0.0173056 0.00249425 0.00840629)
(0.0152704 0.00251146 0.00720669)
(0.0167642 0.00257352 0.00792213)
(0.0148108 0.00320177 0.00789416)
(0.0159282 0.0027231 0.00785866)
(0.0173433 0.000604179 0.008856)
(0.0157408 0.000188864 0.00846326)
(0.0155003 0.000649646 0.00875932)
(0.0156671 0.00130239 0.00995869)
(0.0155393 0.00227244 0.0097669)
(0.0161452 0.0020639 0.00968318)
(0.0164713 0.000610914 0.00767573)
(0.0166306 0.000181204 0.00734897)
(0.0163534 0.00070593 0.00799293)
(0.0163686 0.000512277 0.00708267)
(0.0163086 0.000947745 0.00675701)
(0.0160529 0.00102834 0.00688085)
(0.0162315 0.000921033 0.00718823)
(0.0158083 0.000543336 0.00677658)
(0.0163427 0.00083221 0.0087555)
(0.0148362 0.00140684 0.00860729)
(0.0162389 0.00120569 0.00910368)
(0.0161548 0.000918393 0.00908514)
(0.0149838 0.00180754 0.0091537)
(0.0151115 5.54905e-05 0.00856084)
(0.0149159 0.00296394 0.00913454)
(0.0141284 0.00354644 0.00838252)
(0.0144728 0.00359604 0.0085553)
(0.0113171 0.00330366 0.00495157)
(0.011893 0.00360318 0.00551974)
(0.0122193 0.00372778 0.00545414)
(0.0123861 0.00392574 0.00592879)
(0.0125159 0.00423322 0.00623693)
(0.0134838 0.00483865 0.00659059)
(0.0136188 0.00487294 0.00693755)
(0.0118623 0.00377177 0.0054027)
(0.0118991 0.00383507 0.00551243)
(0.0127557 0.00424234 0.00613587)
(0.0119995 0.00411884 0.00551267)
(0.0140533 0.00497003 0.00850498)
(0.0138026 0.0050628 0.00868194)
(0.0132878 0.00467648 0.0079141)
(0.0138986 0.00526949 0.00803571)
(0.0148781 0.00396569 0.00705227)
(0.0131454 0.00382153 0.0057217)
(0.0128681 0.00365473 0.0055861)
(0.0125647 0.00345327 0.0050984)
(0.0124462 0.00313625 0.00496188)
(0.0134362 0.00379942 0.00574171)
(0.0137041 0.00386439 0.00633944)
(0.0135152 0.00378472 0.00615136)
(0.0130099 0.00320964 0.00540728)
(0.0128887 0.00337443 0.00544236)
(0.01335 0.00303558 0.00503366)
(0.0104465 0.000553809 0.0054051)
(0.00996086 0.000666649 0.00506756)
(0.0112543 -0.000111814 0.00705414)
(0.0118237 0.000236219 0.0071831)
(0.0103496 0.000438725 0.0054332)
(0.0123569 0.00338213 0.00503302)
(0.01196 0.00314045 0.00455872)
(0.0122719 0.00308028 0.00489388)
(0.0113559 0.00246571 0.00451936)
(0.0109101 0.00216448 0.0041681)
(0.010831 0.00227324 0.00430794)
(0.0107985 0.00175599 0.00405985)
(0.0112098 0.00176898 0.00403669)
(0.0104594 0.00160914 0.00377113)
(0.0120813 0.00297695 0.00482964)
(0.0113165 0.00276221 0.00439817)
(0.0110947 0.00247458 0.00408731)
(0.0115018 0.00348069 0.00504382)
(0.011271 0.00335769 0.00483907)
(0.0100671 0.00170722 0.00409258)
(0.00993936 0.00132911 0.0040107)
(0.0102069 0.00168295 0.0040913)
(0.0101779 0.00200465 0.00413271)
(0.00947715 0.00115097 0.00396281)
(0.0101262 0.000578863 0.00479736)
(0.00982727 0.000432766 0.00446778)
(0.00995839 0.000421527 0.00434631)
(0.0101009 7.84866e-06 0.00473672)
(0.0104935 0.000168051 0.00524617)
(0.00997532 0.000300521 0.00485479)
(0.0119059 0.000980053 0.00776067)
(0.013057 0.00203085 0.00784459)
(0.0123955 0.00169489 0.00754828)
(0.0133188 0.00213786 0.00830517)
(0.0121443 0.00125142 0.00781109)
(0.0119989 0.000299381 0.00791195)
(0.0124253 0.000719338 0.00814272)
(0.0124909 -0.000434481 0.00848663)
(0.0122955 -0.000881563 0.00718056)
(0.0118457 -0.000709981 0.0075797)
(0.0118336 -0.000382119 0.0081556)
(0.0125131 0.000572871 0.00864635)
(0.0118974 0.000697299 0.0079071)
(0.0121203 0.000398006 0.00802238)
(0.0124527 -0.000306153 0.00781197)
(0.0115141 -0.000237735 0.00740499)
(0.012586 0.000499315 0.00822347)
(0.0126394 -0.000484577 0.00843507)
(0.012566 -0.000115775 0.00796181)
(0.0126216 0.00189149 0.00789716)
(0.0126903 0.00142626 0.00821736)
(0.0123368 0.000775204 0.0084249)
(0.012608 0.00101576 0.00821328)
(0.0128316 0.00112253 0.00873717)
(0.0137164 0.00260631 0.00841438)
(0.013515 0.00216171 0.00897312)
(0.0137354 0.00251495 0.00876844)
(0.013128 0.00192866 0.00851296)
(0.0129004 0.00204068 0.0085216)
(0.013474 0.00225303 0.00908007)
(0.013115 0.00194619 0.00891956)
(0.0133101 0.00208489 0.00897829)
(0.0130862 0.00165306 0.00952529)
(0.011903 -5.46381e-05 0.00740029)
(0.0119813 0.000288206 0.00763963)
(0.0120335 -0.000491752 0.00794047)
(0.0114212 -0.000245707 0.00720303)
(0.0110787 0.000377534 0.00719025)
(0.0127752 0.00178173 0.00893651)
(0.0132361 0.00174903 0.00904128)
(0.0127632 0.000921126 0.00877118)
(0.0128929 0.00164751 0.00892282)
(0.0117212 -0.000301464 0.00761119)
(0.0119306 -0.000319333 0.0073119)
(0.0122415 -0.0002207 0.00757977)
(0.0119931 -0.000673509 0.00726868)
(0.0120492 -0.00015576 0.00713397)
(0.0108646 8.71432e-05 0.00600835)
(0.0109519 0.000175702 0.00634612)
(0.0112776 -0.000466302 0.00576469)
(0.0104643 -0.000207518 0.0051872)
(0.0110085 0.000182479 0.00569952)
(0.0105041 0.000468651 0.00591172)
(0.0105397 2.60137e-07 0.00517863)
(0.0106026 -0.000120139 0.00510343)
(0.0107975 -0.000283574 0.00531122)
(0.00995908 0.000116159 0.00523118)
(0.0144697 0.00357482 0.0102454)
(0.0144649 0.00359383 0.0105106)
(0.0157181 0.00487954 0.0108472)
(0.00887769 0.00158377 0.00393864)
(0.00961659 0.0022441 0.00399632)
(0.00914017 0.00195923 0.00386054)
(0.00889936 0.00176592 0.00426368)
(0.00940722 0.00209349 0.00431752)
(0.00932991 0.00134197 0.00535599)
(0.00881327 0.0010741 0.00488945)
(0.00882181 0.00115444 0.00502512)
(0.00944051 0.00103575 0.00425496)
(0.00954057 0.000919486 0.00450602)
(0.00985576 0.000686788 0.00504787)
(0.00927747 0.0011913 0.00436043)
(0.00934762 0.00126646 0.00433198)
(0.00941195 0.00127514 0.00446153)
(0.00881758 0.0014831 0.00414224)
(0.00913858 0.00128381 0.00446761)
(0.00883655 0.00134823 0.00406167)
(0.00879716 0.00113179 0.00438955)
(0.00870197 0.00133405 0.00453179)
(0.00883352 0.00149074 0.00437686)
(0.00880993 0.0015114 0.00453531)
(0.00868362 0.00164681 0.00431545)
(0.00892354 0.0013748 0.00497893)
(0.00867342 0.00126354 0.00456638)
(0.00879944 0.00112149 0.00443444)
(0.00854241 0.00132015 0.00433349)
(0.00944519 0.00121929 0.00584939)
(0.00959907 0.00110368 0.00544905)
(0.00925225 0.00133407 0.00546937)
(0.00935134 0.000836421 0.00527285)
(0.00993649 0.000898504 0.00597634)
(0.00940709 0.00180075 0.00618426)
(0.0101475 0.000996255 0.00679487)
(0.0104058 0.000532829 0.00656384)
(0.0101288 0.000776883 0.00633114)
(0.0119838 0.00154186 0.00827326)
(0.0109872 0.0014941 0.00737512)
(0.0109302 0.00124755 0.00696026)
(0.0112986 0.00147855 0.00748821)
(0.0123176 0.00172538 0.00850215)
(0.0121664 0.000866633 0.00874057)
(0.0108682 0.000530774 0.00741458)
(0.0115649 0.00147359 0.00816109)
(0.0117889 0.00116633 0.00819642)
(0.0104552 0.000162623 0.00577461)
(0.0099642 0.000870982 0.00603722)
(0.0111286 0.000432814 0.00675936)
(0.0111646 0.000670282 0.00647834)
(0.0116336 0.00140175 0.00786606)
(0.0113995 0.00042614 0.00769524)
(0.0108446 0.000278948 0.00678663)
(0.0104547 0.000150686 0.00640425)
(0.0102109 0.00131438 0.00673106)
(0.0104885 0.00118449 0.00653616)
(0.0118097 0.000975825 0.00771695)
(0.0117051 0.000994989 0.00793733)
(0.0105786 0.000906301 0.00688177)
(0.011288 0.000446429 0.00709743)
(0.0117191 0.000747809 0.00767399)
(0.0116117 0.000597805 0.00778103)
(0.010882 0.000995255 0.00673225)
(0.0108859 -4.15816e-05 0.00648472)
(0.0157454 0.00249819 0.0100108)
(0.0142753 0.00392398 0.00880099)
(0.0144827 0.00261152 0.00907883)
(0.01499 0.00272462 0.00946682)
(0.0152966 0.00267737 0.00986542)
(0.0155789 0.0036821 0.00943458)
(0.0143247 0.00287609 0.00924389)
(0.0148945 0.00312712 0.00913398)
(0.0148618 0.00393268 0.00902029)
(0.0123598 0.00120399 0.0091439)
(0.0128427 0.00136608 0.00909064)
(0.0147038 0.00353781 0.00983896)
(0.0138944 0.00279216 0.00942579)
(0.0147292 0.0030065 0.0100802)
(0.0145586 0.00312834 0.00936418)
(0.0141967 0.00269615 0.00978117)
(0.0132774 0.0019392 0.009309)
(0.013827 0.00249475 0.00966312)
(0.0141167 0.0030846 0.00874227)
(0.0135396 0.00268257 0.00864142)
(0.0137512 0.00250614 0.00966781)
(0.0125055 0.0017516 0.00894055)
(0.0181464 0.00603646 0.0110008)
(0.0187903 0.00575836 0.0113671)
(0.0173652 0.00483517 0.0110396)
(0.0181055 0.00552305 0.0112127)
(0.0185946 0.00590313 0.0113934)
(0.0166475 0.00426798 0.0114745)
(0.0188216 0.00454845 0.0116568)
(0.0183354 0.00343433 0.0105084)
(0.0190409 0.00399564 0.0113614)
(0.0174446 0.00332789 0.0105243)
(0.0195497 0.00422457 0.0121984)
(0.0181467 0.00312859 0.0117449)
(0.0170611 0.00361154 0.0109706)
(0.0185749 0.00323976 0.0108494)
(0.0182678 0.0035419 0.0111499)
(0.0190803 0.00340998 0.0112248)
(0.0185818 0.0056695 0.0111945)
(0.0188026 0.00564729 0.0114105)
(0.0183692 0.00559416 0.0110379)
(0.0170189 0.00487209 0.0101516)
(0.0187238 0.00533156 0.0115056)
(0.0175752 0.00480069 0.0102212)
(0.0170059 0.00376587 0.00934028)
(0.0183298 0.00352439 0.00927835)
(0.0181005 0.0035985 0.00947718)
(0.0186681 0.00414825 0.0102717)
(0.0190369 0.00445801 0.010653)
(0.0183801 0.00385519 0.00984306)
(0.0162113 0.00352654 0.00927849)
(0.0170574 0.00420733 0.0100164)
(0.0176364 0.00390941 0.00939628)
(0.016756 0.00413349 0.00977822)
(0.0184145 0.00448916 0.00993957)
(0.0177032 0.00409959 0.00945992)
(0.017649 0.00442883 0.00984846)
(0.0178924 0.00463654 0.0101603)
(0.0180959 0.00498797 0.0108244)
(0.0189931 0.00435818 0.0105949)
(0.0189732 0.00470939 0.0106291)
(0.0183972 0.00452996 0.0105147)
(0.017869 0.00461469 0.0102231)
(0.0181698 0.00413701 0.00986909)
(0.0155279 0.00407787 0.00974343)
(0.0155107 0.00407696 0.0101608)
(0.0159473 0.00434717 0.0100748)
(0.0174655 0.00456046 0.0104251)
(0.016428 0.00457102 0.00975795)
(0.0168936 0.00451356 0.0102181)
(0.0163501 0.00420398 0.0102417)
(0.0189569 0.00387707 0.0109729)
(0.0190085 0.00370602 0.0110747)
(0.0180008 0.00368915 0.0104867)
(0.018725 0.00400085 0.0104613)
(0.0181581 0.00381833 0.0100622)
(0.0181156 0.00364036 0.0103847)
(0.0188615 0.00387369 0.0107138)
(0.0182638 0.00425615 0.0109715)
(0.0190395 0.0040983 0.0105133)
(0.0185072 0.00381876 0.0104296)
(0.0186015 0.00442507 0.0105127)
(0.0195351 0.00443504 0.0108044)
(0.018741 0.00431004 0.00999335)
(0.0183497 0.00404457 0.0100691)
(0.0189157 0.00469637 0.0109778)
(0.0110374 0.000515178 0.00386294)
(0.0110754 -4.06048e-05 0.00416196)
(0.0105709 0.000125961 0.00443274)
(0.0107791 0.000113175 0.0050999)
(0.0105277 1.8652e-05 0.00471262)
(0.0106968 0.000457384 0.00432855)
(0.0119403 0.000712983 0.00361864)
(0.011577 0.000745449 0.00362671)
(0.0115834 0.000559035 0.00411099)
(0.0112172 0.000638183 0.00382288)
(0.0111984 0.000239861 0.00389456)
(0.0111356 9.65509e-05 0.00406169)
(0.0124409 0.00228283 0.00393552)
(0.0125422 0.00165056 0.00409516)
(0.0122729 0.00196694 0.00373361)
(0.0124683 0.00197224 0.00400421)
(0.0121592 0.00185375 0.00381388)
(0.0114957 0.0013808 0.003776)
(0.0116817 0.000870328 0.00350151)
(0.0114936 0.00128154 0.00353481)
(0.0114305 0.00131605 0.00375358)
(0.0132366 0.00371214 0.00580324)
(0.0144221 0.00405247 0.00664384)
(0.0135392 0.00369485 0.00660202)
(0.0134931 0.00338597 0.00506864)
(0.0139668 0.00361322 0.00581632)
(0.013344 0.00192982 0.0044018)
(0.012644 0.00171347 0.00387731)
(0.0122994 0.0010994 0.0032986)
(0.0127375 0.000946293 0.00372041)
(0.0138821 0.00246974 0.00442465)
(0.0138284 0.00263841 0.00432857)
(0.0143014 0.00302358 0.00554452)
(0.0138022 0.00287057 0.00435771)
(0.0141109 0.00317817 0.00457443)
(0.0145711 0.00345481 0.00506704)
(0.0141552 0.00301715 0.00478309)
(0.0143837 0.00354996 0.00483591)
(0.0144581 0.00348407 0.00487129)
(0.00992765 0.000639366 0.00435199)
(0.0100128 0.000642545 0.00418553)
(0.0102852 0.000931816 0.00444626)
(0.00970621 0.000973096 0.00400661)
(0.00982167 0.00114207 0.0038611)
(0.0105967 0.00123719 0.00406554)
(0.00984079 0.000856357 0.00404396)
(0.0104634 0.00127363 0.00396319)
(0.010466 0.00081159 0.00370562)
(0.0106274 0.00101074 0.00418081)
(0.010399 0.00106175 0.00406762)
(0.0101616 0.000768875 0.00419299)
(0.00991149 0.000654323 0.00420368)
(0.0112596 0.000817733 0.00419154)
(0.0102834 0.000382729 0.00405333)
(0.0103571 0.000542937 0.00392858)
(0.0104521 0.000477175 0.00415368)
(0.0103791 0.000259549 0.00449359)
(0.0104961 0.000203332 0.00477403)
(0.0104052 0.000358495 0.00496727)
(0.0100627 0.000516566 0.00442099)
(0.00976336 0.000505221 0.00445854)
(0.0101155 0.000466739 0.00431596)
(0.0117241 -0.000882399 0.00665391)
(0.0109659 -0.00104068 0.00594324)
(0.0119081 -0.000698203 0.00713049)
(0.011876 -0.0002741 0.00693978)
(0.0115228 -0.000199762 0.0063534)
(0.0113165 -0.000435524 0.00655206)
(0.0107846 -0.000720446 0.00539039)
(0.011264 -0.000229582 0.00555874)
(0.0115827 -0.000871206 0.00529736)
(0.0114448 -0.000620773 0.0051364)
(0.0115959 -0.000724094 0.00557676)
(0.011608 -0.00111908 0.00547331)
(0.0119017 -0.00111992 0.00570642)
(0.0109472 -0.000108238 0.00504748)
(0.0117924 -0.000280193 0.0061487)
(0.0118466 -0.000434674 0.00648896)
(0.0108362 -0.000791184 0.00521347)
(0.0111397 -0.000624158 0.00519216)
(0.0100153 0.000679773 0.00448986)
(0.00998783 0.000844302 0.00493527)
(0.0102649 0.00059162 0.00466467)
(0.00971292 0.000793098 0.00425105)
(0.011856 0.000417529 0.00369953)
(0.0114006 0.000134012 0.00356764)
(0.013616 0.00231688 0.00389441)
(0.0150129 0.00384959 0.00508491)
(0.0149196 0.00395644 0.00621468)
(0.0152269 0.00393961 0.00591131)
(0.0147933 0.00382252 0.00547722)
(0.0139318 0.00378965 0.00651914)
(0.0144692 0.004099 0.00735495)
(0.0144268 0.00406445 0.00704659)
(0.0133286 0.00365612 0.0062651)
(0.0139926 0.00409906 0.00655074)
(0.0140766 0.00403341 0.00656357)
(0.0143775 0.00409843 0.00648962)
(0.0142443 0.00385552 0.00659368)
(0.0141172 0.00358803 0.00636225)
(0.0141652 0.00379023 0.00564262)
(0.0144175 0.00364039 0.00516688)
(0.0141945 0.00386496 0.00634918)
(0.0143226 0.00370958 0.00571779)
(0.0144884 0.00370646 0.00519952)
(0.0151864 0.00400458 0.010152)
(0.0165888 0.00319595 0.0107476)
(0.0179585 0.0035567 0.00986448)
(0.018802 0.00394778 0.010111)
(0.0179865 0.00361793 0.00985021)
(0.0186742 0.00356729 0.0103076)
(0.0191293 0.00396698 0.0104233)
(0.0170975 0.00213871 0.00991745)
(0.0182327 0.00300845 0.0106079)
(0.0183213 0.00345747 0.011053)
(0.0181801 0.00303262 0.0111992)
(0.0165313 0.00248374 0.00998889)
(0.0172782 0.0026099 0.0105437)
(0.0179891 0.00311097 0.0101181)
(0.0178116 0.00230779 0.00971413)
(0.0166522 0.00247181 0.00920108)
(0.0177027 0.00258225 0.00960006)
(0.0168615 0.00163451 0.00910406)
(0.0154968 0.00400713 0.0103902)
(0.0151038 0.0032257 0.0102435)
(0.0138542 0.00300216 0.00908233)
(0.0144023 0.00326313 0.00931098)
(0.0149057 0.00348846 0.0093901)
(0.0155696 0.00223353 0.0102501)
(0.0151332 0.0027827 0.00968384)
(0.0158356 0.00313111 0.0101685)
(0.0149054 0.00180411 0.0093742)
(0.0167286 0.00198046 0.01024)
(0.0159317 0.00209412 0.00996452)
(0.015293 0.00256152 0.00968769)
(0.0160976 0.00273628 0.0106641)
(0.0154654 0.00226549 0.00976036)
(0.0163945 0.0028875 0.0107292)
(0.0174593 0.00282629 0.0108558)
(0.0171915 0.00326419 0.0113106)
(0.0159453 0.00273381 0.0100628)
(0.016837 0.00211871 0.0102902)
(0.0164781 0.00201247 0.0103068)
(0.0161243 0.00259902 0.0101776)
(0.0154397 0.00171678 0.00956724)
(0.0175343 0.00207774 0.0104606)
(0.015539 0.00249792 0.00996451)
(0.0130546 0.00401652 0.00574994)
(0.0135676 0.00428836 0.00621585)
(0.0135083 0.00432745 0.00645721)
(0.013617 0.00413203 0.0072204)
(0.0139192 0.00416711 0.00732454)
(0.0152324 0.00428635 0.00866566)
(0.0147751 0.0043542 0.00895293)
(0.0153181 0.00491559 0.00947874)
(0.0158483 0.0037106 0.0103381)
(0.0153421 0.00370826 0.010506)
(0.0140151 0.00368259 0.0091236)
(0.0144069 0.00431597 0.00853624)
(0.0141694 0.00430977 0.00810985)
(0.0148598 0.00409595 0.00966609)
(0.0139286 0.00435955 0.00791651)
(0.0146978 0.00493374 0.00808337)
(0.0141683 0.00393043 0.00837135)
(0.0141191 0.00377392 0.00812951)
(0.0133418 0.00404949 0.00747996)
(0.0140306 0.00439998 0.00792672)
(0.0145237 0.00450045 0.00819935)
(0.0145428 0.00408636 0.00875975)
(0.0142901 0.00441695 0.00809372)
(0.0146639 0.00418203 0.00871503)
(0.0132062 0.00367033 0.00740375)
(0.0137796 0.00393542 0.00644418)
(0.0138691 0.00377678 0.00738915)
(0.0134503 0.00386554 0.00642957)
(0.0134712 0.00395835 0.00717585)
(0.0136366 0.00403557 0.00694366)
(0.0143144 0.00466753 0.00787605)
(0.0138384 0.00449801 0.00768036)
(0.0146625 0.00385518 0.00984376)
(0.0148492 0.00528541 0.00868302)
(0.0140366 0.00482465 0.00739214)
(0.013168 0.00447623 0.00675254)
(0.0104927 0.00301124 0.00425923)
(0.0111469 0.00339511 0.00488213)
(0.0145579 0.00364646 0.00996873)
(0.0142061 0.00334897 0.010261)
(0.0153491 0.00383965 0.0100564)
(0.0148381 0.00338535 0.010294)
(0.0150124 0.00359814 0.0105691)
(0.0145118 0.00365886 0.00987483)
(0.0140977 0.00273033 0.0101271)
(0.0135528 0.00308161 0.00962701)
(0.014032 0.00317706 0.009938)
(0.0128791 0.00219077 0.00953942)
(0.0094595 0.001557 0.00586694)
(0.00977733 0.00179329 0.00625161)
(0.00870278 0.00105791 0.0051673)
(0.0127225 0.00413901 0.00609236)
(0.0130813 0.0042848 0.00696567)
(0.0134198 0.00438124 0.00685652)
(0.0128502 0.00395658 0.0058708)
(0.0116363 0.00323108 0.00462087)
(0.0121368 0.00354594 0.00534947)
(0.0133149 0.00397069 0.00590278)
(0.0129718 0.00364367 0.00564802)
(0.0131607 0.00386237 0.00558181)
(0.0138479 0.00444005 0.00730464)
(0.0138071 0.00425936 0.00734501)
(0.0133907 0.00418545 0.00619293)
(0.0135337 0.00430014 0.00656983)
(0.0149904 0.00483461 0.00990674)
(0.0150674 0.00518059 0.00973034)
(0.0163948 0.00514774 0.0110593)
(0.0156195 0.0046697 0.0107561)
(0.0150397 0.00376274 0.0103973)
(0.0156948 0.00393965 0.0103568)
(0.0145079 0.00528233 0.00877838)
(0.0151608 0.00397504 0.00979563)
(0.0154591 0.00469614 0.0100709)
(0.0146626 0.0050803 0.00870039)
(0.0147499 0.00471802 0.00896084)
(0.0146231 0.00460126 0.00920679)
(0.0139213 0.0039798 0.00890291)
(0.014881 0.00525931 0.00904698)
(0.0164973 0.00317924 0.0107081)
(0.0157024 0.00210454 0.0102562)
(0.0154201 0.00388521 0.0102185)
(0.015342 0.00346098 0.00990973)
(0.0154648 0.00322391 0.0104637)
(0.0162132 0.00301926 0.0103745)
(0.0154113 0.00268841 0.0100714)
(0.0159397 0.00230059 0.0102481)
(0.0142663 0.00208149 0.00930805)
(0.0145277 0.00220758 0.00948775)
(0.0162073 0.00268788 0.0105228)
(0.0155746 0.00324318 0.010666)
(0.0148402 0.00312538 0.00958195)
(0.0144143 0.00236784 0.00971162)
(0.0149304 0.00285499 0.00996001)
(0.0148323 0.00357408 0.00980473)
(0.0174606 0.00323299 0.0108527)
(0.0156675 0.00168463 0.0095812)
(0.017051 0.0023855 0.0104791)
(0.0161082 0.00382603 0.0105339)
(0.0160663 0.00394184 0.0109327)
(0.0165596 0.00291393 0.0103577)
(0.0151782 0.00310258 0.00986789)
(0.015272 0.00368636 0.0100739)
(0.0171114 0.00338682 0.0111187)
(0.0158971 0.00361812 0.0107575)
(0.0154382 0.0029919 0.0103434)
(0.0118025 -0.000471441 0.00612241)
(0.0118231 -0.00106555 0.00609351)
(0.0115077 -0.00102138 0.00601291)
(0.011843 -0.000475523 0.00663485)
(0.0132023 0.00289966 0.00471357)
(0.013218 0.00261308 0.0046846)
(0.0140288 0.00323901 0.0052134)
(0.0143614 0.00332369 0.00524254)
(0.0134142 0.00261236 0.0041778)
(0.0130743 0.00249654 0.00424988)
(0.0131578 0.00289035 0.00421581)
(0.0195623 0.00484057 0.0113611)
(0.0198682 0.00533477 0.0115197)
(0.0206286 0.00547411 0.0120597)
(0.0195324 0.00518542 0.011176)
(0.019689 0.00511812 0.0113797)
(0.019453 0.00423005 0.0110184)
(0.0191085 0.00415736 0.0105944)
(0.0196804 0.0048141 0.0116449)
(0.0188287 0.00408583 0.010953)
(0.0196071 0.00434432 0.0112686)
(0.0189153 0.00420398 0.0108109)
(0.0161948 0.004465 0.00994472)
(0.0164622 0.00449645 0.00916207)
(0.0175234 0.00481144 0.00992548)
(0.018246 0.00476796 0.00993057)
(0.0173367 0.00471318 0.00992694)
(0.0172858 0.00465917 0.00985587)
(0.0169341 0.00466683 0.00973269)
(0.0173492 0.00448057 0.00927219)
(0.0173972 0.00480008 0.0103167)
(0.01856 0.0041412 0.00994156)
(0.0181819 0.00414455 0.00959126)
(0.0176626 0.00389714 0.0095166)
(0.0182693 0.00441015 0.0101221)
(0.0191386 0.00391639 0.0118083)
(0.0201421 0.00412609 0.0119376)
(0.0183644 0.00448676 0.0115023)
(0.0179638 0.00393289 0.0114966)
(0.0187483 0.00412157 0.0117054)
(0.0175894 0.00399737 0.0111681)
(0.0175051 0.00343264 0.0114235)
(0.0172286 0.0040553 0.0114115)
(0.0130883 0.000868716 0.00924207)
(0.0124387 0.000727896 0.00930053)
(0.0118163 9.45063e-05 0.00755954)
(0.0128176 0.000584346 0.00952839)
(0.0123828 0.000835548 0.00846647)
(0.0124841 0.00076519 0.00850262)
(0.0117403 0.000743892 0.00803835)
(0.0127687 0.00113785 0.00867956)
(0.0134271 0.00199034 0.00941455)
(0.0124252 0.00159657 0.00863126)
(0.0118044 0.000986322 0.00823686)
(0.0120734 0.0010388 0.00821296)
(0.0128817 0.000769274 0.0093373)
(0.0130347 0.00195384 0.00907836)
(0.0129854 0.00152854 0.00938154)
(0.0138643 0.00235273 0.00976273)
(0.0131575 0.00210359 0.00917747)
(0.0138256 0.0026858 0.00936378)
(0.0133711 0.00245149 0.00931991)
(0.0160595 0.00452628 0.0106684)
(0.0146561 0.00358268 0.0103455)
(0.014387 0.00353534 0.0103629)
(0.0159726 0.00465146 0.010441)
(0.0158945 0.00459163 0.0108764)
(0.0158222 0.00463377 0.010512)
(0.0162245 0.0050329 0.0104756)
(0.0154954 0.00449301 0.010516)
(0.0163452 0.00491797 0.0107758)
(0.016746 0.00510519 0.0108005)
(0.0154684 0.00433947 0.0104772)
(0.01553 0.00452731 0.010445)
(0.0151486 0.00395363 0.0106625)
(0.0145825 0.0041893 0.00994395)
(0.00935886 0.00108447 0.00456745)
(0.00921554 0.00100599 0.00463437)
(0.00904978 0.000938926 0.00468246)
(0.0091137 0.00105456 0.00478974)
(0.00918013 0.000882338 0.00508222)
(0.00923597 0.00117952 0.00513685)
(0.00947476 0.00102264 0.00516812)
(0.00916042 0.0010813 0.00474566)
(0.00938856 0.00103497 0.00474867)
(0.00939413 0.000844373 0.00480464)
(0.00942637 0.000899284 0.00489975)
(0.00958615 0.00106143 0.00534746)
(0.0146592 0.00436868 0.0105358)
(0.0158414 0.00461421 0.0114675)
(0.0142017 0.00438851 0.0100327)
(0.0137219 0.00417746 0.00919044)
(0.0150086 0.00389998 0.0106276)
(0.0113282 -0.000986907 0.00628884)
(0.0116074 0.000306904 0.00691045)
(0.011574 1.4747e-05 0.00730979)
(0.0123863 -1.83518e-05 0.00839352)
(0.011101 -0.000845837 0.00689212)
(0.0113562 -8.33082e-05 0.00718991)
(0.0121298 -4.20911e-05 0.00767757)
(0.0123579 0.000893078 0.00878094)
(0.0129212 0.00164058 0.00878938)
(0.0127094 0.00180848 0.00851933)
(0.0127566 0.00163482 0.00869591)
(0.0127664 0.00073294 0.00918407)
(0.012499 0.000151869 0.00855393)
(0.0119404 0.000563214 0.00816018)
(0.0129348 0.000852854 0.00887464)
(0.0124821 0.000472986 0.00864438)
(0.0122683 0.000728503 0.0081686)
(0.0117979 0.000227009 0.00824798)
(0.0106821 0.00237417 0.00419692)
(0.0104342 0.00200022 0.00421019)
(0.0101035 0.00193714 0.0042439)
(0.0100441 0.00261631 0.00448389)
(0.00981916 0.00234305 0.00410764)
(0.0110593 0.00292297 0.00472014)
(0.0115571 0.00293782 0.00502973)
(0.0106243 0.00261027 0.00425641)
(0.0108699 0.00253547 0.00436169)
(0.00946522 0.00156787 0.00430236)
(0.00929702 0.00148378 0.0042351)
(0.00915476 0.00145253 0.00427031)
(0.00923575 0.00190436 0.00412517)
(0.0091703 0.00163222 0.0039847)
(0.00920163 0.00155296 0.00404714)
(0.0104133 0.000331297 0.00561375)
(0.0108359 -0.000124721 0.00602922)
(0.0106384 0.000275139 0.00563824)
(0.0113177 0.000179382 0.00618597)
(0.010194 0.0009051 0.00576202)
(0.0112586 0.000582271 0.00671001)
(0.0112023 0.000356937 0.00676457)
(0.0100966 0.000844918 0.00597817)
(0.0101813 6.10242e-05 0.00545728)
(0.010766 0.000289998 0.00602734)
(0.0125112 0.00275844 0.00452469)
(0.012463 0.00271947 0.00469071)
(0.0126294 0.00254288 0.00436523)
(0.0119204 0.00237759 0.00428566)
(0.0155481 0.0017231 0.00909516)
(0.0166889 -0.000183547 0.00826693)
(0.0169021 -0.000111484 0.00811618)
(0.0157648 0.00216371 0.00684508)
(0.0159787 0.00265553 0.0071407)
(0.0156785 0.00198068 0.00614311)
(0.0150533 0.00155854 0.00580948)
(0.0162801 0.00217755 0.00704219)
(0.0175471 0.0024788 0.00949263)
(0.0178277 0.00272978 0.00916696)
(0.0177265 0.00249075 0.00900742)
(0.0184382 0.00273678 0.00961161)
(0.0146082 0.00299099 0.00760502)
(0.0147254 0.00312761 0.00796986)
(0.0142152 0.00298618 0.00789883)
(0.0147506 0.00304123 0.0075915)
(0.0146332 0.00311739 0.00791995)
(0.0138653 0.00273873 0.00883373)
(0.0141141 0.00300292 0.00798567)
(0.0141826 0.00294571 0.00813793)
(0.0140395 0.00280823 0.00827843)
(0.0143081 0.00286244 0.00891056)
(0.0146659 0.00311788 0.00903979)
(0.0151557 0.00295626 0.00860162)
(0.0141602 0.00285926 0.0084521)
(0.0158515 0.00372614 0.00887872)
(0.0162106 0.00371089 0.00943836)
(0.0158777 0.0035859 0.009663)
(0.015183 0.00347927 0.00962348)
(0.0149543 0.00333703 0.00988455)
(0.0140748 0.00319774 0.00932664)
(0.0152165 0.0034818 0.00925544)
(0.0153938 0.00349556 0.00937899)
(0.0151286 0.00337457 0.0093992)
(0.0138943 0.00305512 0.00813743)
(0.0141451 0.00343018 0.00810558)
(0.0147805 0.00367829 0.00796102)
(0.0150188 0.00408153 0.00827975)
(0.0145226 0.00281544 0.00872965)
(0.0149234 0.00328439 0.00895595)
(0.0152346 0.00246344 0.00937431)
(0.0143919 0.00303507 0.00903905)
(0.0146119 0.00214205 0.00890471)
(0.0153924 0.00339141 0.00936345)
(0.0161005 0.000551979 0.0092701)
(0.0146811 1.75725e-05 0.0087022)
(0.0158209 0.0021508 0.00945845)
(0.0149969 0.000469978 0.00860786)
(0.0160602 -0.000258634 0.00860736)
(0.0162272 -0.00107235 0.00752505)
(0.0161232 0.000176049 0.0081658)
(0.0167949 -0.000137558 0.00837757)
(0.0151008 0.00193685 0.00580662)
(0.0150344 0.00218505 0.0061826)
(0.0145675 0.00227938 0.00628447)
(0.0145681 0.00249476 0.00648548)
(0.0176747 0.00149569 0.00905291)
(0.0161462 0.00105992 0.00862988)
(0.016519 0.00119527 0.00823214)
(0.0160961 0.00199419 0.00764708)
(0.01658 0.00183903 0.00791901)
(0.016881 0.00202733 0.00780234)
(0.0169625 0.00157552 0.00846216)
(0.016892 0.00188443 0.0086331)
(0.0163717 0.0017465 0.00777122)
(0.0170605 0.00219552 0.00831307)
)
;
    }
    INLET
    {
        type            calculated;
        value           nonuniform 0();
    }
    OUTLET
    {
        type            calculated;
        value           nonuniform 0();
    }
    procBoundary32to28
    {
        type            processor;
        value           uniform (0 0 0);
    }
    procBoundary32to31
    {
        type            processor;
        value           uniform (0 0 0);
    }
}


// ************************************************************************* //
