line_seg,node,x,y,z,s,g_max_plus,g_max_minus,g_avr_plus,g_avr_minus,av_max_plus,av_max_minus,av_avr_plus,av_avr_minus,r_avr
0,0,71.643,92.235,164.04,0,0,0,0,0,0,0,0,0,0.667554
0,1,71.5823,92.4275,164.271,0.30676,5.78847,-0.394866,1.30974,-0.138109,1.3093,-7.24762,0.881978,-2.66682,1.46415
0,2,71.5226,92.6181,164.503,0.612902,17.6438,-0.0552931,0.895461,-0.0286085,1.3093,-8.80061,0.508754,-1.534,1.71059
0,3,71.465,92.8048,164.737,0.917743,1.85957,-0.052497,0.2667,-0.0124096,0.502577,-3.89593,0.133327,-1.14392,1.83052
0,4,71.4104,92.9855,164.975,1.22152,9.60857,-0.0240479,0.571567,-0.0100729,0,-6.22653,0,-1.36084,2.037
0,5,71.3598,93.1585,165.217,1.52326,1.9209,-0.563752,0.224487,-0.153002,0,-4.02462,0,-1.08217,2.11813
0,6,71.3143,93.3217,165.466,1.82444,0.806692,-0.563752,0.117977,-0.215114,7.1153,-4.02462,2.64192,-0.722868,2.1549
0,7,71.2749,93.4732,165.722,2.1245,72.5633,-0.46995,2.06282,-0.225622,22.316,-17.7183,7.35163,-1.48238,2.19321
0,8,71.2427,93.611,165.986,2.42403,17.4592,-0.355899,0.319511,-0.0415579,2.55627,-15.0925,1.05464,-0.976584,2.29167
0,9,71.2185,93.7331,166.259,2.72408,0.228106,-0.00906165,0.0671859,-0.00349575,0.302212,-1.85409,0.0998333,-0.636993,2.28377
0,10,71.2034,93.8377,166.543,3.02711,0.179548,-0.00906165,0.0539572,-0.00443019,0.302212,-1.85409,0.101522,-0.538397,2.26996
0,11,71.1979,93.9234,166.838,3.33435,0.258432,-0.00906165,0.0477663,-0.00532113,0.302212,-1.70644,0.101345,-0.493975,2.24369
0,12,71.2003,93.9921,167.144,3.64798,0.258432,-0.00848743,0.0396556,-0.00374957,0.0502971,-1.70644,0.030543,-0.461334,2.19821
0,13,71.2081,94.0461,167.458,3.96668,0.317279,-0.00848743,0.0529855,-0.00391263,0,-2.15978,0,-0.548338,2.16153
0,14,71.2191,94.088,167.778,4.2896,0.461955,-0.00660005,0.0550828,-0.00480661,0,-2.56446,0,-0.535816,2.1039
0,15,71.2309,94.1201,168.102,4.61541,0.461955,-0.00660005,0.0718971,-0.0051181,0,-2.56446,0,-0.558186,2.03591
0,16,71.2412,94.1451,168.429,4.94352,0.461955,-0.0137741,0.0730401,-0.0044398,0.281221,-2.56446,0.10217,-0.550084,1.94755
0,17,71.2477,94.1652,168.757,5.2722,0.341788,-0.0315419,0.0642524,-0.0143791,0.461329,-2.12831,0.188011,-0.510397,1.83632
0,18,71.248,94.1831,169.084,5.59969,0.197927,-0.0315419,0.0564105,-0.0140121,0.461329,-1.25709,0.175931,-0.458572,1.74062
0,19,71.2399,94.2011,169.408,5.92429,0.197927,-0.0125333,0.0741683,-0.00432534,0.0546098,-1.43336,0.0546098,-0.564153,1.64275
0,20,71.2209,94.2217,169.727,6.24452,0.18305,-0.0188862,0.0711215,-0.00848784,0.0546098,-1.43336,0.0546098,-0.628817,1.55075
0,21,71.1897,94.247,170.04,6.56008,0.149005,-0.0188862,0.0651238,-0.0180709,0,-1.43336,0,-0.630152,1.47139
0,22,71.1479,94.2777,170.347,6.87143,0.141467,-0.0172556,0.0651911,-0.0172556,0,-1.23472,0,-0.643693,1.41913
0,23,71.0982,94.314,170.65,7.18062,0.530847,-0.03445,0.0916097,-0.03445,0,-2.86762,0,-0.727543,1.38398
0,24,71.0432,94.3562,170.947,7.48561,0.613691,-0.03445,0.15144,-0.03445,0,-3.78679,0,-0.959907,1.35226
0,25,70.9855,94.4046,171.241,7.78909,0.794386,-0.03445,0.18433,-0.03445,0,-4.9282,0,-1.17826,1.34249
0,26,70.9278,94.4595,171.532,8.0908,0.794386,-0.0151088,0.17139,-0.0119502,0,-4.9282,0,-1.11336,1.35566
0,27,70.8727,94.5211,171.821,8.39138,0.556617,-0.0151088,0.107438,-0.0106441,0,-3.02692,0,-0.677303,1.39226
0,28,70.8227,94.5897,172.108,8.69068,0.341518,-0.0151088,0.0785546,-0.00879243,0,-1.22939,0,-0.609889,1.44478
0,29,70.7806,94.6656,172.395,8.99052,0.378865,-0.0203019,0.0640866,-0.0089489,0,-2.07308,0,-0.557382,1.48533
0,30,70.7488,94.749,172.681,9.29012,0.378865,-0.0221694,0.0621211,-0.00916083,0.0207706,-2.07308,0.0207706,-0.535989,1.53529
0,31,70.7295,94.84,172.967,9.59086,0.378865,-0.0221694,0.0677897,-0.0114494,0.0207706,-2.07308,0.0207706,-0.565119,1.57242
0,32,70.7225,94.9376,173.254,9.89408,0.348877,-0.0221694,0.0693414,-0.0148036,0.0207706,-1.9862,0.0207706,-0.600999,1.62648
0,33,70.7269,95.0405,173.541,10.199,0.18445,0,0.0546536,0,0,-1.31964,0,-0.553127,1.66344
0,34,70.742,95.1473,173.828,10.5056,0.144598,0,0.0511694,0,0,-1.33063,0,-0.547852,1.70142
0,35,70.7669,95.2568,174.113,10.8119,0.18021,-0.0118673,0.0505666,-0.00948293,0.128278,-1.33063,0.128278,-0.550631,1.72514
0,36,70.8009,95.3677,174.398,11.1196,0.289288,-0.0118673,0.0577973,-0.00799602,0.128278,-1.39554,0.128278,-0.542609,1.74683
0,37,70.8433,95.4787,174.681,11.4266,0.178647,-0.0118673,0.0559415,-0.00653829,0.128278,-1.43922,0.128278,-0.541266,1.76166
0,38,70.8931,95.5886,174.963,11.7333,0.31955,-0.00598826,0.0580635,-0.0038661,0,-2.08888,0,-0.56978,1.76942
0,39,70.9497,95.696,175.243,12.0385,0.31955,-0.00386611,0.0551097,-0.00386611,0,-2.08888,0,-0.570279,1.77914
0,40,71.0122,95.7997,175.52,12.3408,0.107313,-0.00386611,0.0462109,-0.00386611,0,-1.12481,0,-0.517059,1.78524
0,41,71.0797,95.8987,175.795,12.6408,0.113724,-0.00386611,0.0436956,-0.00386611,0,-0.930958,0,-0.485056,1.78303
0,42,71.1507,95.9928,176.067,12.9372,0.246265,-0.00230139,0.0610544,-0.00230139,0,-1.71147,0,-0.604802,1.78148
0,43,71.2234,96.0824,176.337,13.2308,0.246265,-0.0100979,0.0622384,-0.00528805,0,-1.71147,0,-0.58237,1.77976
0,44,71.2961,96.1675,176.606,13.5222,0.18052,-0.0100979,0.0506183,-0.00491448,0,-1.36845,0,-0.521226,1.77189
0,45,71.3672,96.2485,176.874,13.811,0.18052,-0.0183047,0.058345,-0.00804736,0,-1.36845,0,-0.576884,1.75646
0,46,71.435,96.3256,177.141,14.0971,0.227779,-0.0209646,0.0573773,-0.00942844,0,-1.65017,0,-0.57545,1.74468
0,47,71.4977,96.399,177.407,14.3801,0.227779,-0.0209646,0.0474399,-0.012098,0,-1.65017,0,-0.500916,1.72712
0,48,71.5536,96.4688,177.673,14.6607,0.0811732,-0.0209646,0.0365433,-0.0111932,0,-0.831389,0,-0.428927,1.72048
0,49,71.6011,96.5353,177.939,14.939,0.100103,-0.0196649,0.0452498,-0.00942072,0.0912359,-0.852973,0.0912359,-0.479479,1.7142
0,50,71.6384,96.5988,178.205,15.215,0.1489,-0.0196649,0.044539,-0.00744925,0.0912359,-1.03328,0.0912359,-0.485915,1.7036
0,51,71.6644,96.6594,178.473,15.491,0.150944,-0.0196649,0.0487481,-0.00539651,0.0912359,-1.3394,0.0912359,-0.47915,1.70553
0,52,71.6802,96.7176,178.742,15.7667,0.150944,-0.0110622,0.0538652,-0.00536078,0,-1.3394,0,-0.523578,1.70201
0,53,71.6874,96.7738,179.013,16.0435,0.149256,-0.0184351,0.0463558,-0.00788029,0,-1.06891,0,-0.459906,1.70243
0,54,71.6876,96.8285,179.287,16.3229,0.271161,-0.0184351,0.0542433,-0.00950352,0,-1.7482,0,-0.527005,1.70024
0,55,71.6824,96.882,179.564,16.6051,0.271161,-0.0184351,0.0440685,-0.00780906,0,-1.7482,0,-0.488312,1.69908
0,56,71.6735,96.935,179.845,16.8912,0.271161,-0.00840603,0.0483717,-0.00488535,0,-1.7482,0,-0.500223,1.7022
0,57,71.6625,96.9877,180.131,17.1822,0.166977,-0.00840603,0.0520302,-0.00425477,0.0622978,-1.47978,0.0622978,-0.533574,1.70591
0,58,71.651,97.0406,180.422,17.4782,0.177577,-0.0396492,0.0554166,-0.0167115,0.0622978,-1.70799,0.0622978,-0.541648,1.6916
0,59,71.6407,97.0942,180.719,17.7802,0.177577,-0.0407155,0.0542554,-0.0172507,0.0622978,-1.70799,0.0622978,-0.550136,1.71073
0,60,71.6331,97.1489,181.022,18.0882,0.394455,-0.0407155,0.0556876,-0.0217807,0.0939527,-3.70703,0.0939527,-0.563577,1.70176
0,61,71.6294,97.2051,181.332,18.4032,0.725663,-0.0407155,0.0998122,-0.0144945,0.0939527,-5.63377,0.0939527,-0.803884,1.70235
0,62,71.629,97.2625,181.647,18.7234,0.224488,-0.0378944,0.0397134,-0.00978875,0.0939527,-1.57005,0.0939527,-0.452122,1.73065
0,63,71.6308,97.3209,181.966,19.0477,0.3417,-0.0511042,0.0638281,-0.0175819,0,-2.04317,0,-0.591391,1.75423
0,64,71.6337,97.3799,182.287,19.3741,0.3417,-0.0511042,0.0539544,-0.0195339,0,-2.04317,0,-0.535962,1.76639
0,65,71.6365,97.4393,182.608,19.7006,0.0935819,-0.0511042,0.0382285,-0.0195339,0,-0.847119,0,-0.457945,1.78158
0,66,71.6381,97.4987,182.929,20.027,0.0935819,-0.00823281,0.0360676,-0.00657755,0,-0.847119,0,-0.458592,1.78634
0,67,71.6374,97.5578,183.246,20.3495,0.0761962,-0.00248068,0.0318897,-0.00248068,0,-0.729851,0,-0.440965,1.79241
0,68,71.6334,97.6164,183.559,20.668,0.309017,-0.00511687,0.0487597,-0.00335941,0,-1.98316,0,-0.529276,1.78879
0,69,71.6249,97.6742,183.866,20.9805,0.309017,-0.00511687,0.0486712,-0.0043886,0,-1.98316,0,-0.517654,1.79419
0,70,71.6107,97.7308,184.165,21.2851,0.165568,-0.00511687,0.0368889,-0.00294598,0,-1.71861,0,-0.464323,1.78444
0,71,71.5902,97.786,184.456,21.582,0.165568,-0.0125589,0.0367159,-0.00650497,0,-1.71861,0,-0.45183,1.80163
0,72,71.5636,97.8398,184.737,21.8693,0.190133,-0.0125589,0.0479982,-0.00658417,0,-1.71861,0,-0.535992,1.80162
0,73,71.5317,97.8925,185.012,22.1512,0.190133,-0.0548633,0.0480823,-0.0177806,0,-1.56095,0,-0.50304,1.8045
0,74,71.495,97.9442,185.279,22.4256,0.190133,-0.106402,0.0413235,-0.0307164,0,-1.56095,0,-0.455175,1.81953
0,75,71.4543,97.995,185.541,22.6955,0.39636,-0.106402,0.0784437,-0.0543525,0,-2.25548,0,-0.607025,1.81962
0,76,71.4103,98.0451,185.799,22.962,18.4674,-0.21035,0.665653,-0.132947,0,-12.3027,0,-1.48519,1.79451
0,77,71.3636,98.0946,186.052,23.224,18.4674,-0.21035,0.970502,-0.0804297,0,-12.3027,0,-1.97501,1.70228
0,78,71.3148,98.1436,186.303,23.4844,7.45126,-0.0588821,0.629618,-0.0151,0.326883,-7.18639,0.0981434,-1.56086,1.56136
0,79,71.2647,98.1924,186.552,23.743,13.8485,-0.161629,1.61453,-0.0654749,0.625747,-12.657,0.273845,-3.4359,1.59795
0,80,71.214,98.241,186.8,24.0008,0,0,0,0,0,0,0,0,0.546162
