/*--------------------------------*- C++ -*----------------------------------*\
| =========                 |                                                 |
| \\      /  F ield         | OpenFOAM: The Open Source CFD Toolbox           |
|  \\    /   O peration     | Version:  v1612+                                |
|   \\  /    A nd           | Web:      www.OpenFOAM.com                      |
|    \\/     M anipulation  |                                                 |
\*---------------------------------------------------------------------------*/
FoamFile
{
    version     2.0;
    format      ascii;
    class       volVectorField;
    location    "239";
    object      wallShearStress;
}
// * * * * * * * * * * * * * * * * * * * * * * * * * * * * * * * * * * * * * //

dimensions      [0 2 -2 0 0 0 0];

internalField   uniform (0 0 0);

boundaryField
{
    WALL
    {
        type            calculated;
        value           nonuniform List<vector> 
1483
(
(0.00622168 -3.85115e-05 0.0103473)
(0.00518793 -0.000271735 0.0101994)
(0.00374291 -0.0118161 0.00239155)
(0.0029394 -0.0132885 0.00331375)
(-0.00320784 -0.0157879 0.0101926)
(-0.00413139 -0.016369 0.00921534)
(0.00471956 -0.0143601 0.0168773)
(0.00503258 -0.0146845 0.0179999)
(0.0105148 -0.0240871 0.0229769)
(0.0091933 -0.0244638 0.022579)
(0.00748861 -0.00494085 0.0139378)
(0.00685773 -0.00604543 0.0146831)
(-0.00181299 -0.013105 0.0199148)
(-0.00276029 -0.0148146 0.0229674)
(-0.00696205 -0.0151936 0.00705929)
(-0.00631002 -0.015167 0.00936279)
(-0.00545731 -0.0141504 0.00516052)
(-0.00456722 -0.0129097 0.00427729)
(-0.00494201 -0.0157464 0.00992061)
(-0.00563466 -0.0159509 0.00853196)
(0.00658476 0.00103606 0.0109929)
(0.00483297 -0.000269619 0.010363)
(0.00358772 -0.00477035 0.0131502)
(0.00233176 -0.00737457 0.0151641)
(0.0106797 -0.0037581 0.00994355)
(0.0112032 -0.0031416 0.010315)
(0.00563013 -0.00444172 0.0140487)
(0.00506793 -0.00583991 0.0148632)
(0.003891 -0.00775579 0.00283523)
(0.00473076 -0.00801451 0.00334115)
(0.00453677 -0.00823555 0.00458437)
(0.00369881 -0.00867453 0.00209066)
(0.0039657 -0.00853171 0.00232925)
(0.00868023 -0.00802774 0.00308395)
(0.00644809 -0.00830192 0.00308392)
(0.00806068 -0.00807916 0.00266635)
(0.0100667 -0.00762567 0.0032198)
(0.00141111 -0.0227625 0.0203671)
(-0.000542435 -0.0189715 0.0197017)
(0.0025074 -0.0186331 0.0244624)
(0.0037042 -0.0183977 0.0235318)
(0.00108736 -0.0165628 0.0225345)
(0.000414747 -0.0177198 0.0245287)
(0.00353739 -0.0139853 0.00429034)
(0.00275539 -0.014175 0.00463821)
(0.0146172 0.000981781 0.00861744)
(0.012279 0.00152365 0.00898519)
(0.0107084 0.0010128 0.00988674)
(0.0114702 2.78546e-05 0.00937299)
(-0.00187945 -0.0158568 0.0143732)
(-0.00251071 -0.0154806 0.014925)
(-0.0004117 -0.0158533 0.0124247)
(-0.000886273 -0.0160337 0.0137929)
(0.0030883 -0.0151879 0.0157647)
(0.00272232 -0.0152183 0.0166614)
(0.0110454 -0.0233142 0.0235045)
(0.0119462 -0.0220332 0.0229345)
(0.00951262 -0.0132309 0.0185012)
(4.44834e-05 -0.00804199 0.00190836)
(0.000572676 -0.00813805 0.00191156)
(0.00561522 -0.00275643 0.0118211)
(0.00722131 -0.00153257 0.0108305)
(0.00623626 -0.000507689 0.0100743)
(0.00505863 -0.00194853 0.0114609)
(0.00452685 -0.0128741 0.010818)
(0.00380801 -0.0125546 0.0101951)
(0.00389302 -0.0143293 0.00865656)
(0.00457494 -0.0142521 0.0103588)
(0.00799687 0.000417652 0.00966788)
(0.00707522 0.00027405 0.010382)
(0.00792011 0.000438186 0.0109536)
(0.00809499 4.44638e-05 0.0104414)
(0.00540647 4.15586e-05 0.00983062)
(0.00560467 2.73342e-05 0.0101464)
(0.00677925 0.000568346 0.0103354)
(0.00656066 0.000165146 0.0105642)
(0.0121774 -0.00259189 0.0088291)
(0.0124682 -0.00300766 0.00805883)
(0.0128058 -0.00387771 0.00742926)
(0.013207 -0.00345605 0.00781069)
(0.0131256 -0.00431123 0.00743641)
(0.0123545 -0.00263569 0.00825645)
(0.0073642 -0.00859675 0.00633587)
(0.00687895 -0.00867706 0.00682556)
(0.0057867 -0.00858533 0.00485986)
(0.00702907 -0.00886546 0.00552567)
(0.00598018 -0.00895353 0.00502715)
(0.00621006 -0.00862678 0.0058354)
(0.010756 -0.00714216 0.00674265)
(0.0114292 -0.00752488 0.00696037)
(0.0105766 -0.00586692 0.00857853)
(0.0110807 -0.0056755 0.00804332)
(0.0115452 -0.00618844 0.00704464)
(0.0104797 -0.00667462 0.00800814)
(0.00345991 -0.0116977 0.0152532)
(0.00258348 -0.0142492 0.0160359)
(0.00221344 -0.0118386 0.0152294)
(0.00287504 -0.00847436 0.0128114)
(0.00318348 -0.013584 0.0149932)
(0.00212502 -0.0099111 0.0144849)
(0.0028371 -0.00780161 0.0140577)
(-0.000687209 -0.0258744 0.0242694)
(-0.00133517 -0.0261457 0.0248214)
(-0.00201719 -0.0253609 0.0255867)
(-0.00195476 -0.0250875 0.0257774)
(-0.000852088 -0.0254471 0.0245966)
(0.00262647 -0.0212584 0.0251169)
(0.000491675 -0.0192046 0.025756)
(0.000861947 -0.020077 0.0253262)
(0.0025041 -0.0216915 0.0243757)
(0.00198539 -0.0193238 0.0239271)
(0.00132782 -0.0215615 0.0262743)
(0.00334722 -0.0122219 0.00205143)
(0.00278104 -0.0129994 0.00250031)
(0.00132642 -0.0150703 0.00392694)
(0.00174973 -0.014202 0.00392909)
(0.00140264 -0.0136537 0.0030658)
(0.00250906 -0.0134112 0.00330152)
(0.00252811 -0.013886 0.00324578)
(0.00373109 -0.0133541 0.00298306)
(0.00465725 -0.00874827 0.00181262)
(0.00363965 -0.00928574 0.00165715)
(0.00426565 -0.00910346 0.00172403)
(0.00432256 -0.00835105 0.00192337)
(0.00377738 -0.00950754 0.00166767)
(0.00458668 -0.00791257 0.00189889)
(0.00549159 -0.0164701 0.0209008)
(0.00566668 -0.0158143 0.0202667)
(0.00331267 -0.0161298 0.0193198)
(0.00358616 -0.0153324 0.0186814)
(0.00417023 -0.0153291 0.0191529)
(0.00483358 -0.015756 0.0195762)
(0.00753361 -0.0154521 0.0160558)
(0.00974756 -0.0181438 0.0174485)
(0.0108504 -0.0215119 0.018758)
(0.00865205 -0.019519 0.0184664)
(0.00846133 -0.0165698 0.0171041)
(0.0079024 -0.0172882 0.017873)
(0.0133579 -0.0160361 0.0218433)
(0.0136071 -0.0158561 0.0208195)
(0.0149129 -0.0151334 0.0207358)
(0.0114208 -0.0147293 0.020271)
(0.0112483 -0.0141617 0.0195491)
(0.012306 -0.016646 0.0227975)
(-0.0106343 -0.0111196 0.00657944)
(-0.0110787 -0.0106931 0.00759456)
(-0.0108324 -0.0101783 0.00743224)
(-0.00944225 -0.0108593 0.00576446)
(-0.0094642 -0.0107823 0.00579034)
(-0.0101267 -0.00990588 0.00592613)
(-0.00306862 -0.0158369 0.00664666)
(-0.00268928 -0.0168402 0.00682234)
(-0.0020615 -0.0153176 0.0051385)
(-0.0022097 -0.015393 0.00547369)
(-0.00284458 -0.0171754 0.00985252)
(-0.00363664 -0.0159182 0.00729023)
(-0.00308587 -0.015782 0.00738108)
(-0.00397934 -0.016303 0.0102288)
(0.0114738 -0.00718655 0.00183648)
(0.0112637 -0.00698946 0.00188676)
(0.00987475 -0.00823318 0.00153052)
(0.0104186 -0.00753958 0.00183727)
(0.0102174 -0.00843307 0.00170877)
(0.010582 -0.00756151 0.00168047)
(0.00952261 -0.00786625 0.00202335)
(0.0087004 -0.00821374 0.00196868)
(0.00896098 -0.00805241 0.00112514)
(0.00817394 -0.00871736 0.00158302)
(0.00936884 -0.00771233 0.00175962)
(0.00785387 -0.00826049 0.00173482)
(0.0126478 -0.00685228 0.00135008)
(0.0117422 -0.00717702 0.0011878)
(0.0128387 -0.00552649 0.00193846)
(0.0130477 -0.0060012 0.00195063)
(0.0120175 -0.00640292 0.00160306)
(0.011373 -0.00681732 0.00107756)
(0.00548056 -0.000218791 0.0111383)
(0.00698554 0.00154308 0.0107854)
(0.0039822 -0.00142795 0.0110928)
(0.003889 -0.00245147 0.0119845)
(0.0040802 -0.00119069 0.011154)
(0.00340532 -0.00305056 0.0114433)
(0.00351843 -0.00208354 0.0107194)
(0.00330987 -0.00337385 0.0110615)
(0.0191286 -0.0177809 0.0215091)
(0.0162177 -0.0180561 0.0222119)
(0.0178514 -0.0174793 0.0203841)
(0.0184678 -0.0194816 0.0216606)
(0.0174702 -0.0170666 0.022279)
(0.0174502 -0.0178514 0.0204633)
(0.0134034 -0.0202524 0.019095)
(0.012546 -0.0194798 0.0199503)
(0.0130807 -0.0190592 0.0183764)
(0.0112709 -0.0178506 0.0165108)
(0.0102262 -0.0176727 0.017571)
(0.0101759 -0.0168071 0.0168931)
(-0.00833271 -0.013222 0.0192916)
(-0.00643221 -0.0130912 0.0187653)
(-0.00701028 -0.012695 0.0195238)
(-0.00565264 -0.0141712 0.0219495)
(-0.00419799 -0.0142581 0.0218682)
(-0.00558309 -0.0143618 0.0210302)
(-0.00757495 -0.0146834 0.0176582)
(-0.00673098 -0.0139057 0.0184156)
(-0.00546857 -0.014312 0.0181195)
(-0.00641673 -0.0140808 0.0172054)
(-0.00459453 -0.0149801 0.0207153)
(-0.00581304 -0.0147531 0.0203121)
(-0.00878928 -0.0114746 0.0173303)
(-0.0106287 -0.0104887 0.0154604)
(-0.0111462 -0.0110277 0.0142728)
(-0.0100156 -0.0111096 0.0172003)
(-0.00968005 -0.0124353 0.017109)
(-0.0104206 -0.0113145 0.0143659)
(-0.000970259 -0.0113753 0.00169659)
(-0.000332008 -0.0108584 0.00189175)
(-0.000249359 -0.010305 0.00179728)
(-0.00160121 -0.0117518 0.00249932)
(-0.00166525 -0.0115687 0.00236015)
(-0.00100437 -0.01064 0.00174211)
(-0.0103198 -0.0132406 0.0130064)
(-0.00932442 -0.0137308 0.01503)
(-0.00938477 -0.0129862 0.0160323)
(-0.00884667 -0.0130201 0.0160745)
(-0.00942465 -0.0130457 0.0129933)
(-0.0100884 -0.012506 0.0140832)
(-0.0076455 -0.0124206 0.00493517)
(-0.00830935 -0.0126649 0.00598005)
(-0.00920033 -0.0121286 0.00676864)
(-0.00843907 -0.0111065 0.00421936)
(-0.00791758 -0.0122215 0.00447262)
(-0.00906441 -0.0124388 0.00705545)
(0.000502633 -0.00716567 0.00220755)
(-0.000432966 -0.00903341 0.00221823)
(0.000104322 -0.0076643 0.00221242)
(0.000712046 -0.0073778 0.00214161)
(0.000422977 -0.00793046 0.00213077)
(0.00193459 -0.00684668 0.00345094)
(0.00241091 -0.0069983 0.00332788)
(0.00122769 -0.00646626 0.00303735)
(-0.00581847 -0.011413 0.00300514)
(-0.00469747 -0.0112092 0.00283948)
(-0.00464837 -0.0103167 0.0026062)
(-0.00350321 -0.0100762 0.00245286)
(-0.00382355 -0.0111027 0.00250734)
(-0.00546073 -0.0111378 0.00311423)
(0.00316516 -0.0145193 0.0060075)
(0.00239667 -0.0141282 0.00809246)
(0.00232398 -0.0141466 0.00700722)
(0.003122 -0.0137964 0.00694654)
(0.00291435 -0.014628 0.0064106)
(0.00232577 -0.0153141 0.00807192)
(0.00458916 -0.0130332 0.00490253)
(0.00469228 -0.0130455 0.00376086)
(0.00482169 -0.0118906 0.00387409)
(0.00410358 -0.0136369 0.00526082)
(0.00392257 -0.0136461 0.00451917)
(0.00496538 -0.0123532 0.00344627)
(0.0066932 -0.0142798 0.0183816)
(0.00862255 -0.014434 0.0193539)
(0.00829652 -0.0139425 0.0189169)
(0.00616334 -0.0144646 0.0178892)
(0.00624227 -0.0138208 0.017263)
(0.00755745 -0.0142317 0.0183723)
(0.0045107 -0.0147872 0.0172546)
(0.00639554 -0.0151696 0.0191056)
(0.0108362 -0.0143108 0.0203895)
(0.00766504 -0.0135313 0.0178254)
(0.00417623 -0.0128337 0.0150884)
(0.00420515 -0.0126555 0.0147283)
(0.00600392 -0.016847 0.015821)
(0.00517819 -0.0157392 0.0186583)
(0.0054542 -0.0164022 0.0162943)
(0.0159698 -0.0186084 0.0228614)
(0.0150707 -0.0198696 0.0229822)
(0.0138216 -0.0186472 0.0223731)
(0.0159199 -0.0186503 0.0223089)
(0.0135703 -0.0177341 0.0224522)
(0.0120812 -0.0177502 0.0221532)
(0.0128186 -0.0214921 0.0199889)
(0.014327 -0.0219672 0.0215732)
(0.0141164 -0.0237814 0.0228892)
(0.0127863 -0.023369 0.0210583)
(0.0138169 -0.0210381 0.0199531)
(0.0126131 -0.0219827 0.0196944)
(0.0130172 -0.0216775 0.0218404)
(0.0126938 -0.0229917 0.0213057)
(0.0120943 -0.0225136 0.0218136)
(0.0109076 -0.0206768 0.0231272)
(0.0134375 -0.0225634 0.0219872)
(0.0124666 -0.0214683 0.0202486)
(0.00184496 -0.0155126 0.0135496)
(0.00132999 -0.014433 0.011911)
(0.00111825 -0.0153745 0.0137902)
(0.00155761 -0.0149393 0.0143162)
(0.000844467 -0.0152919 0.0121782)
(0.00147743 -0.0156761 0.00880529)
(0.000521076 -0.0154491 0.00919279)
(0.000586351 -0.01474 0.00967665)
(0.00105075 -0.0152167 0.00803097)
(0.00125367 -0.0149381 0.00757529)
(0.00099854 -0.0147113 0.00967042)
(-0.00137471 -0.0158785 0.0151042)
(-0.00198502 -0.0163227 0.0130181)
(-0.000236161 -0.0152185 0.0151916)
(-0.00164571 -0.0159115 0.0125721)
(0.00806734 -0.0162961 0.0212687)
(0.00970985 -0.0155278 0.0204212)
(0.00715667 -0.0158515 0.0203529)
(0.00854268 -0.0162966 0.0210615)
(0.0095129 -0.0163414 0.0213314)
(0.00701889 -0.0150722 0.0196363)
(0.00797445 -0.0173796 0.0221072)
(0.00901128 -0.0174655 0.0219185)
(0.0104333 -0.0176944 0.0225472)
(0.00880497 -0.0170695 0.0218812)
(0.0110185 -0.0186307 0.0229437)
(0.0107942 -0.0175516 0.0221886)
(0.00583678 -0.0164821 0.0210897)
(0.00572548 -0.0171917 0.0222394)
(0.0045852 -0.0155797 0.0197772)
(0.00450027 -0.0170884 0.0218504)
(0.00738329 -0.0172788 0.0219349)
(0.0109899 0.000771284 0.00915273)
(0.0131442 -4.7779e-05 0.00833225)
(0.0129527 0.000719859 0.00841212)
(0.0135879 0.000120031 0.00794637)
(0.0122391 0.00082654 0.00973148)
(0.00796896 0.00176828 0.0106617)
(0.0103436 0.00179818 0.0107407)
(0.00881884 0.00135533 0.0105307)
(0.00510054 -0.0122219 0.00245462)
(0.00626295 -0.0112885 0.00214158)
(0.00579449 -0.0116236 0.00224349)
(0.00502811 -0.0118483 0.00251584)
(0.00602349 -0.0109014 0.00176339)
(0.00587932 -0.0120788 0.00203826)
(0.006082 -0.0106399 0.00164639)
(0.00668824 -0.0102303 0.00186657)
(0.00708982 -0.0095095 0.00130684)
(0.00546886 -0.00972711 0.00164553)
(0.00712633 -0.00954726 0.00121793)
(0.00685812 -0.0104211 0.00163628)
(0.014867 -0.00441075 0.00282269)
(0.0147885 -0.0032893 0.00319888)
(0.0157502 -0.00216066 0.00483505)
(0.0145017 -0.00417811 0.00309709)
(0.0149877 -0.00314368 0.00287807)
(0.0156372 -0.00297052 0.00456322)
(0.0160781 -0.00266847 0.00444425)
(0.0162323 -0.000824689 0.00651531)
(0.0155147 -0.000133282 0.00736893)
(0.00775594 -0.00916863 0.00125301)
(0.00868533 -0.00911543 0.00182976)
(0.00821652 -0.00976681 0.00130067)
(0.00875211 -0.00938417 0.0018747)
(0.00740022 -0.0100789 0.00175177)
(0.00758317 -0.0102531 0.0015487)
(-0.000959253 -0.0149193 0.00483272)
(-0.000228833 -0.0142159 0.004421)
(-0.00140986 -0.0151396 0.00544404)
(-0.000850528 -0.0152877 0.00546651)
(9.62732e-05 -0.0141654 0.0034842)
(-0.000139746 -0.0155426 0.00466464)
(0.00374384 -0.0116206 0.00221133)
(0.00419329 -0.0104958 0.0019036)
(0.00295101 -0.0109276 0.00173575)
(0.00415665 -0.0100521 0.00179055)
(0.00303695 -0.0114217 0.00171185)
(0.00339292 -0.0102428 0.0016828)
(-0.000959012 -0.0162584 0.0241386)
(-0.00286424 -0.0148521 0.0229414)
(-0.002203 -0.0150604 0.0227448)
(-0.00203513 -0.0150748 0.0232549)
(0.000300508 -0.0167965 0.0232831)
(-0.000656215 -0.0173499 0.024794)
(0.00240362 -0.0243921 0.0243863)
(0.000970315 -0.0239191 0.0271903)
(0.00151878 -0.0262779 0.0241338)
(4.52802e-05 -0.0265416 0.0275677)
(0.0025364 -0.0255701 0.0244484)
(0.000640993 -0.0237128 0.0252416)
(-0.00188567 -0.0161066 0.022836)
(0.00281991 -0.0187209 0.0242643)
(-0.000275616 -0.0167892 0.0236012)
(-0.00230975 -0.0157033 0.0225818)
(-1.87477e-06 -0.0174261 0.0240583)
(-0.00108233 -0.0154284 0.0225756)
(0.00616253 -0.0210175 0.0236986)
(0.00581397 -0.0200085 0.0235759)
(0.00155679 -0.0172726 0.0231796)
(0.00366397 -0.019017 0.0238429)
(0.00439083 -0.0184362 0.0231633)
(0.00437029 -0.021238 0.0254079)
(0.00803322 -0.0216803 0.0220054)
(0.00775961 -0.0222115 0.0240076)
(0.00968784 -0.0222805 0.0223185)
(0.00900999 -0.0229431 0.0218726)
(0.00857306 -0.0238387 0.0234693)
(0.00862041 -0.0218854 0.0231154)
(0.00995562 -0.0238718 0.021188)
(0.0094636 -0.0234043 0.023456)
(0.00208582 -0.0215299 0.0190217)
(0.00193523 -0.018201 0.0172893)
(0.00083324 -0.0173615 0.0187093)
(0.00125392 -0.0150712 0.0163901)
(0.00149601 -0.0153204 0.0153954)
(0.000935982 -0.0200663 0.0194223)
(0.00552671 -0.00835065 0.00229168)
(0.0068843 -0.00809942 0.00269474)
(0.00637953 -0.00811729 0.002053)
(0.0070105 -0.00821735 0.00281242)
(0.00592177 -0.00779353 0.00215622)
(0.00533134 -0.00799452 0.00226285)
(0.00927336 -0.00761857 0.00233059)
(0.00895418 -0.00753743 0.00245503)
(0.00816252 -0.00783036 0.00241552)
(0.00712038 -0.0079887 0.00227976)
(0.00727095 -0.00810299 0.00233214)
(0.00793096 -0.00790948 0.00269538)
(0.00861187 -0.00629303 0.0129914)
(0.008683 -0.00675257 0.0123133)
(0.0096939 -0.00657032 0.00940364)
(0.0102879 -0.00596314 0.0105276)
(0.00914376 -0.00560162 0.0112665)
(0.00921456 -0.0067403 0.0107506)
(0.0109809 -0.00809979 0.00452739)
(0.0117302 -0.00730699 0.00472601)
(0.00985393 -0.00816952 0.00438706)
(0.0119129 -0.00738657 0.00529239)
(0.010324 -0.00802361 0.00505796)
(0.0118476 -0.00717441 0.00645289)
(0.011661 -0.00680831 0.0056699)
(0.00267522 -0.00747242 0.00248779)
(0.00254573 -0.00740758 0.0025829)
(0.00338357 -0.00746563 0.00239598)
(0.00317778 -0.00758001 0.00284913)
(0.00442269 -0.00848888 0.00406214)
(0.00400719 -0.00764366 0.00277738)
(0.00947931 -0.00874653 0.00557802)
(0.00860132 -0.00833838 0.0038114)
(0.00861061 -0.00867991 0.00515537)
(0.0102916 -0.00795362 0.00454831)
(0.00835088 -0.00874741 0.00416028)
(0.0100589 -0.00779554 0.00621096)
(0.00865422 -0.00817822 0.00671335)
(0.00822767 -0.0084379 0.00603777)
(0.00960726 -0.00764757 0.00771504)
(0.00906554 -0.00845013 0.00572777)
(0.00931419 -0.00802975 0.00826182)
(0.00601396 -0.00827396 0.00344574)
(0.0044416 -0.00803971 0.00275647)
(0.00544399 -0.00811868 0.00286252)
(0.00642462 -0.00848704 0.00332709)
(0.00461311 -0.00821286 0.00265481)
(0.00501167 -0.00803284 0.0030415)
(0.00289979 -0.00810047 0.00206609)
(0.00312051 -0.00793657 0.00259872)
(0.00309943 -0.00785561 0.00267174)
(0.00241836 -0.00840335 0.00212255)
(0.00222312 -0.00797993 0.00233076)
(0.00249368 -0.0074518 0.00213928)
(0.0126249 -0.00604118 0.00467903)
(0.0120842 -0.00600948 0.00596122)
(0.0126298 -0.00485076 0.005766)
(0.0129223 -0.00569444 0.00607806)
(0.0127889 -0.00677681 0.00518764)
(0.0119916 -0.0043092 0.00844803)
(0.012482 -0.00461814 0.00726389)
(0.011414 -0.00462176 0.00780373)
(0.0119792 -0.00528318 0.00724509)
(0.0116243 -0.0040707 0.00876128)
(0.0120909 -0.00545435 0.00707155)
(0.000910541 -0.00890083 0.0172131)
(0.0014122 -0.00937401 0.0186573)
(0.000329485 -0.0104574 0.0196719)
(0.00321205 -0.00707165 0.0173599)
(0.00255862 -0.00808919 0.0181665)
(0.00568201 -0.00603119 0.0149192)
(0.00522318 -0.00720026 0.0174596)
(0.00318402 -0.00852748 0.0187425)
(0.00577647 -0.00592973 0.0153585)
(0.0077023 -0.00536059 0.013235)
(0.00470828 -0.00674788 0.0168814)
(0.00244668 -0.00842665 0.0187212)
(0.00367507 -0.00674762 0.016504)
(0.00948619 -0.00459589 0.0111801)
(0.010434 -0.00510333 0.0106326)
(0.0106235 -0.00474563 0.00969742)
(0.00933578 -0.00384706 0.0109293)
(0.00923044 -0.00438676 0.0120972)
(0.00144099 -0.0102993 0.0139641)
(0.00180367 -0.00867929 0.0141855)
(0.00199079 -0.00747456 0.0130097)
(0.00168499 -0.0103978 0.0147227)
(0.00181118 -0.0095081 0.0143436)
(-0.000249221 -0.0124462 0.0189906)
(-0.000738 -0.0143265 0.0193842)
(0.000141508 -0.0113391 0.018839)
(-0.000812233 -0.012937 0.0214842)
(-0.00183037 -0.0145979 0.0210348)
(-0.00240124 -0.0172626 0.0222415)
(0.00631249 -0.000155888 0.0102589)
(0.00700618 -0.000692787 0.0104772)
(0.00563186 -0.000518836 0.0107681)
(0.00537484 -0.00143648 0.010575)
(0.00698811 0.000122815 0.00996704)
(0.0047935 -0.00131309 0.0106489)
(0.00269908 -0.00605632 0.0133419)
(0.0022691 -0.00698846 0.0139705)
(0.00412554 -0.00373434 0.0122562)
(0.00409554 -0.00435593 0.013035)
(0.00359046 -0.00433843 0.0125891)
(0.00297666 -0.00567554 0.0133391)
(0.00705362 -0.00255029 0.0118102)
(0.00754269 -0.00197433 0.0110312)
(0.00575371 -0.00336579 0.0124296)
(0.00507321 -0.00353959 0.0126357)
(0.00687032 -0.00213027 0.011647)
(0.00509678 -0.0029807 0.0121083)
(0.0102819 -0.000262953 0.0102535)
(0.010584 -0.000375453 0.00968925)
(0.00927891 0.000645613 0.0099942)
(0.00840494 0.000302094 0.0100411)
(0.00933824 -0.00014736 0.0103681)
(0.0106346 -0.000452229 0.00941092)
(-0.000893163 -0.0122801 0.0209257)
(-0.00257612 -0.0138725 0.0200425)
(0.000968816 -0.00989854 0.0201001)
(0.000386883 -0.0099838 0.0192558)
(0.00777162 -0.0242643 0.0199691)
(0.00861031 -0.02494 0.0210402)
(0.00871142 -0.0246671 0.0213914)
(0.00809409 -0.0252215 0.0228161)
(0.00752298 -0.0259375 0.022078)
(0.00745103 -0.0241192 0.0203411)
(0.00327514 -0.00425244 0.0116753)
(0.00342857 -0.00274559 0.0106016)
(0.00353461 -0.00402615 0.012067)
(0.00388175 -0.00133612 0.0102732)
(0.00446283 -0.00193088 0.0106371)
(0.00395058 -0.00291102 0.0112344)
(0.00432457 -0.012837 0.013349)
(0.0040121 -0.0128948 0.0124509)
(0.00343079 -0.0138976 0.0116967)
(0.00397704 -0.0129362 0.0116752)
(0.00354796 -0.0135029 0.0115824)
(0.00357246 -0.013484 0.0126167)
(-0.00857567 -0.0117306 0.0202289)
(-0.00642345 -0.0131872 0.0222317)
(-0.00688633 -0.0120371 0.0199205)
(-0.0078736 -0.0112793 0.0200946)
(-0.00494031 -0.0132855 0.0224806)
(-0.00619609 -0.012341 0.0219587)
(0.000398575 -0.0107997 0.00174361)
(0.000249869 -0.0107711 0.00188002)
(0.00116016 -0.0100901 0.00152538)
(0.00150969 -0.00934069 0.00166258)
(0.00133233 -0.00886042 0.00183199)
(0.000809478 -0.00935422 0.00167903)
(-0.00538254 -0.0159177 0.0152678)
(-0.00476625 -0.0150938 0.0120751)
(-0.0044262 -0.0162937 0.0143862)
(-0.00562547 -0.0158622 0.0142011)
(-0.00421929 -0.0155732 0.0151299)
(-0.00559169 -0.0154765 0.0123678)
(-0.00406726 -0.0143103 0.00445149)
(-0.00490222 -0.0133706 0.00517964)
(-0.00380581 -0.0135777 0.00480754)
(-0.0048685 -0.0154695 0.00581944)
(-0.00698233 -0.0153721 0.00909208)
(-0.00621145 -0.0147243 0.0059303)
(-0.00592263 -0.0157322 0.00820672)
(-0.00552049 -0.0144265 0.0057471)
(-0.00759711 -0.014014 0.0139877)
(-0.00894897 -0.0143487 0.0139819)
(-0.00923846 -0.0141058 0.0122516)
(-0.0079081 -0.0150591 0.0132145)
(-0.00897836 -0.0140834 0.0103871)
(-0.008258 -0.0139884 0.0103981)
(-0.00764395 -0.0140576 0.00783454)
(-0.0069009 -0.0147153 0.00695978)
(-0.00830756 -0.0151546 0.00998315)
(-0.00612684 -0.0160079 0.0142131)
(-0.00729422 -0.0148404 0.0133061)
(-0.00558645 -0.0152705 0.0112035)
(-0.00469256 -0.0162958 0.0117563)
(-0.00444266 -0.0167402 0.00907702)
(-0.0041872 -0.0146872 0.00597182)
(-0.00517196 -0.0156226 0.00992158)
(-0.00507402 -0.0157536 0.00698514)
(0.00080349 -0.00915892 0.00203668)
(0.00107877 -0.00816613 0.00199254)
(-0.0103713 -0.0103752 0.0181904)
(-0.0101302 -0.0100907 0.0172253)
(-0.00939339 -0.0107656 0.0201857)
(-0.00912482 -0.0106674 0.0176517)
(-0.00198799 -0.0171734 0.0259589)
(-0.00224306 -0.0156388 0.0248202)
(-0.00347857 -0.0144912 0.0241886)
(-0.00492185 -0.0123161 0.0219136)
(-0.00385595 -0.0137637 0.0235364)
(0.00411402 -0.0143023 0.00808728)
(0.00385645 -0.0128731 0.00858396)
(0.00328819 -0.0134 0.0094657)
(0.0035511 -0.0132729 0.0102839)
(0.00472123 -0.0126451 0.0119183)
(0.00437953 -0.0142054 0.008142)
(0.0039116 -0.0120605 0.00810714)
(0.00428475 -0.00199818 0.0120853)
(0.0043113 -0.00191489 0.0124148)
(0.00432572 -0.000682949 0.0100878)
(0.0041562 -0.000405409 0.0104016)
(0.00327924 -0.00259376 0.01078)
(0.00777276 0.000918333 0.0104264)
(0.00707127 0.000629107 0.011007)
(0.00871581 0.000283804 0.00992149)
(0.00787115 -0.0239607 0.0225873)
(0.00791033 -0.0226186 0.0212841)
(0.0068977 -0.0238968 0.0204181)
(0.00385405 -0.0241949 0.0208741)
(0.00615479 -0.0236353 0.0196301)
(0.00462463 -0.0208112 0.0184766)
(0.00561741 -0.0225316 0.0189851)
(0.00515453 -0.0236253 0.0209245)
(0.00427551 -0.0220584 0.0193981)
(-0.00140884 -0.0179175 0.0265029)
(0.00375026 -0.00376657 0.0124224)
(0.0037146 -0.00328572 0.011682)
(0.00415514 -0.00291825 0.0115363)
(0.00415739 -0.00233324 0.01117)
(0.00844746 0.000101556 0.0104818)
(0.00299595 -0.00493075 0.012564)
(0.00317875 -0.00466258 0.0122555)
(-0.00310479 -0.0165726 0.0229427)
(0.00280831 -0.00602881 0.0128154)
(0.00299261 -0.00505893 0.0124312)
(0.00254349 -0.00657868 0.0134122)
(0.0023524 -0.00776302 0.0136377)
(0.00862928 -0.00197624 0.0107242)
(0.00412648 -0.00510357 0.0140246)
(0.00556634 -0.00408664 0.013781)
(0.00762715 -0.00319036 0.0118205)
(0.00801225 -0.00429917 0.0124918)
(0.00437123 -0.00521954 0.0145133)
(0.00247063 -0.00765461 0.0158281)
(0.00135362 -0.00953897 0.0184843)
(-0.000188538 -0.0104934 0.0191015)
(0.00420475 -0.00658104 0.0160068)
(0.0112329 -0.00360139 0.00958786)
(0.00965075 -0.00294477 0.0109071)
(0.00929465 -0.00184932 0.00996461)
(0.00890389 -0.00251435 0.0108214)
(0.00883331 -0.003537 0.011679)
(0.0130905 -0.00519142 0.00591829)
(0.0107977 -0.000920626 0.00915178)
(0.0135517 -0.00416563 0.00648205)
(0.0118093 -0.00136567 0.00884416)
(-0.00410288 -0.0183502 0.0248993)
(-0.00349828 -0.0165317 0.0208777)
(-0.00245629 -0.0183448 0.0218367)
(-0.00393267 -0.0191084 0.0225328)
(-0.00380536 -0.0219211 0.0240886)
(-0.00351595 -0.0243506 0.0262036)
(-0.00343028 -0.0216706 0.021655)
(0.0016031 -0.00796283 0.00211981)
(0.0016564 -0.00810467 0.00200398)
(0.00170706 -0.00733339 0.00240874)
(0.00182978 -0.00761738 0.00227422)
(0.00726236 -0.00847399 0.00785947)
(0.00652427 -0.00865561 0.00834447)
(0.00656596 -0.00836518 0.0094383)
(0.00825936 -0.00841691 0.00717316)
(0.00709129 -0.00844235 0.010593)
(0.00831977 -0.00798437 0.00797819)
(0.00794667 -0.00835416 0.00861914)
(0.00710959 -0.00797804 0.00993042)
(0.00761664 -0.00808505 0.0111428)
(0.00698844 -0.00871952 0.00522376)
(0.00668707 -0.00838763 0.00381762)
(0.00547375 -0.00851242 0.00398)
(0.0031897 -0.00780957 0.0036882)
(0.00589833 -0.00836524 0.00720134)
(0.00449711 -0.0081748 0.00471426)
(0.00491236 -0.00844608 0.00548913)
(0.00574463 -0.00847684 0.00608019)
(0.00354744 -0.00795189 0.00422106)
(0.00424909 -0.00801967 0.00402397)
(0.00524991 -0.00828156 0.00362814)
(0.00332143 -0.00776831 0.00386493)
(0.00290621 -0.00728994 0.00320388)
(0.00458432 -0.00818408 0.00200707)
(0.00500831 -0.00830371 0.00268606)
(0.00509278 -0.00835891 0.00275053)
(0.00383709 -0.00769735 0.00235784)
(0.00305121 -0.00800468 0.00188976)
(0.00370116 -0.00819923 0.00251133)
(0.00420524 -0.00795043 0.00221433)
(0.00552458 -0.00820628 0.00297154)
(0.00758977 -0.00869216 0.0042881)
(0.00667341 -0.00853537 0.00396643)
(0.00709073 -0.00867677 0.00389876)
(0.00864144 -0.00871877 0.0048346)
(0.0104956 -0.00777052 0.00589445)
(0.00752558 -0.00826995 0.00365841)
(0.00412319 -0.00811529 0.00417795)
(0.0032996 -0.00730882 0.00299322)
(0.00200181 -0.00708746 0.00232463)
(0.002738 -0.00724028 0.0030517)
(0.0055003 -0.00814731 0.00331104)
(0.0023119 -0.00746641 0.00220265)
(0.00362096 -0.00788056 0.0025773)
(0.0122236 -0.00622461 0.0064923)
(0.0118558 -0.00715851 0.00460379)
(0.0076556 -0.0083915 0.00345561)
(0.00778817 -0.00773967 0.0105258)
(0.0087596 -0.00795274 0.00906117)
(0.00952007 -0.00712578 0.00840826)
(0.00997555 -0.00722106 0.00892691)
(0.00877446 -0.00717941 0.0102673)
(0.00839211 -0.00698136 0.0104843)
(0.00901162 -0.00513271 0.0121701)
(0.0129183 -0.00588929 0.00496998)
(0.0121022 -0.00691108 0.00485917)
(0.0125414 -0.00680253 0.00453164)
(0.0103653 -0.00756354 0.00309896)
(0.0104446 -0.00774047 0.003504)
(0.0116763 -0.00717085 0.00350867)
(0.0115695 -0.00670242 0.00305751)
(0.00645694 -0.00817075 0.00212273)
(0.00688663 -0.00852449 0.00295641)
(0.00571743 -0.00786167 0.00225781)
(0.00683639 -0.00790625 0.0127155)
(-0.000238778 -0.0189583 0.0248284)
(0.00523264 -0.0194624 0.0175713)
(0.00383414 -0.0186293 0.0183156)
(0.00270473 -0.0212159 0.0205386)
(0.00719354 -0.0223424 0.0185705)
(0.00639695 -0.021175 0.0184001)
(0.00878162 -0.0233876 0.0197942)
(0.00842082 -0.0234763 0.0194781)
(0.00171659 -0.0148232 0.0170546)
(0.00113626 -0.0121465 0.0147909)
(0.000211588 -0.0161949 0.0182533)
(0.00972787 -0.0242901 0.0212012)
(0.0106807 -0.0230456 0.0218384)
(0.00391882 -0.024181 0.0207353)
(0.00504279 -0.024521 0.0240436)
(0.00382401 -0.0253255 0.0247481)
(0.00303539 -0.0253082 0.0219617)
(-0.000426862 -0.0195923 0.0188195)
(-0.00230936 -0.0213557 0.0223871)
(-0.00098509 -0.0180724 0.0205344)
(-0.000108827 -0.0235633 0.0231466)
(-0.00149546 -0.0251843 0.0242069)
(-0.00196657 -0.0222501 0.0229888)
(0.000872268 -0.0251089 0.0220227)
(0.00277508 -0.023191 0.0204196)
(0.00222379 -0.0256691 0.0231284)
(0.000425576 -0.0231165 0.021183)
(0.00698847 -0.0237926 0.0238975)
(0.00719174 -0.0222322 0.0234038)
(0.00668897 -0.0198112 0.0227026)
(0.00371371 -0.0254626 0.0271695)
(0.0052543 -0.0248169 0.0249277)
(-0.00211833 -0.0154455 0.02213)
(-0.000744583 -0.0155673 0.0208784)
(-0.00112023 -0.0154915 0.0211605)
(-1.70657e-05 -0.0155124 0.0214674)
(0.00228726 -0.0165879 0.0217525)
(0.000718827 -0.0165403 0.0227179)
(0.00093465 -0.0174424 0.0231834)
(0.00339463 -0.0215576 0.0238037)
(0.00282164 -0.02255 0.027029)
(0.00577388 -0.0240047 0.0256468)
(0.00582369 -0.0221619 0.0216457)
(0.00452474 -0.0219696 0.0243763)
(0.0052891 -0.0223886 0.0233661)
(0.00501764 -0.0203121 0.0228969)
(0.00487353 -0.020628 0.0234572)
(0.00220815 -0.0266287 0.0234631)
(0.000133989 -0.0254758 0.0264086)
(0.0013307 -0.0245295 0.0210861)
(0.00347215 -0.0242085 0.0238376)
(0.00293564 -0.0235962 0.0250237)
(0.00356534 -0.0264789 0.0252451)
(0.00289241 -0.0243633 0.0226282)
(-0.000331877 -0.0241226 0.0256363)
(-0.000465406 -0.0242773 0.0238553)
(-0.00063466 -0.0243679 0.0259437)
(0.00121655 -0.0224972 0.0257236)
(0.000178182 -0.0222273 0.0273088)
(0.000474987 -0.0237608 0.0259418)
(5.94715e-05 -0.0214999 0.0252771)
(-0.00372916 -0.0150605 0.0242619)
(-0.00280973 -0.0143367 0.0230263)
(0.00228624 -0.0193824 0.0243149)
(0.00161665 -0.0193437 0.0249713)
(0.00129061 -0.0192727 0.0255252)
(0.00321966 -0.019038 0.0236307)
(-0.00431099 -0.0135846 0.0216578)
(-0.00342794 -0.0154435 0.0235419)
(0.000520728 -0.0158691 0.00636036)
(0.000628938 -0.0155013 0.00602657)
(0.00192878 -0.0150047 0.00603014)
(0.0036162 -0.014326 0.00407402)
(0.00490378 -0.0116203 0.00153129)
(0.00479982 -0.01138 0.00161426)
(0.00479963 -0.0131643 0.0028668)
(0.00413295 -0.0134091 0.00231605)
(-3.44012e-05 -0.0137561 0.00361153)
(0.000755591 -0.014124 0.00343753)
(-0.0013594 -0.0155923 0.00500999)
(-0.000682439 -0.0148932 0.00410276)
(0.00496421 -0.0113823 0.00153512)
(0.005579 -0.0116312 0.0021276)
(0.00493177 -0.0105764 0.00213705)
(0.00537148 -0.00972561 0.00171721)
(0.00437442 -0.0105236 0.00151052)
(0.0021407 -0.00917258 0.00205171)
(0.001209 -0.0109642 0.00198964)
(0.00488134 -0.0103554 0.00165257)
(0.00551561 -0.00993463 0.00148042)
(0.00489469 -0.010483 0.00180161)
(0.00115165 -0.0133389 0.00258363)
(0.00091223 -0.013179 0.0025216)
(0.00171622 -0.0128054 0.00230825)
(0.00220994 -0.0114047 0.0021429)
(0.00219631 -0.0109218 0.00240015)
(0.00164046 -0.0119997 0.00201202)
(0.00165162 -0.0120093 0.00225839)
(0.001855 -0.0110542 0.00216014)
(0.00188561 -0.0103423 0.00194862)
(0.0021788 -0.00925852 0.001861)
(0.00283198 -0.00893904 0.00216787)
(0.00591021 -0.00836123 0.00193135)
(0.00520257 -0.00941992 0.00155363)
(0.0100068 -0.0076578 0.00311453)
(0.0133969 -0.00274109 0.00750571)
(0.013837 -0.00431202 0.00602439)
(0.0140423 -0.00347202 0.00674793)
(0.0141672 -0.00350795 0.00616432)
(0.0146859 -0.00403913 0.00434625)
(0.0148318 -0.00380068 0.00585601)
(0.0150396 -0.00381306 0.00454381)
(0.0144626 -0.00448669 0.00392591)
(0.0145626 -0.00432883 0.0042172)
(0.0146692 -0.00370034 0.00515393)
(0.0147914 -0.00275727 0.00563052)
(0.0148539 -0.00289521 0.00525797)
(0.0168252 -0.00119846 0.00591648)
(0.0148807 -0.00330639 0.00449474)
(0.0151034 -0.00317213 0.00488482)
(0.0154451 -0.00227276 0.00453472)
(0.0152102 -0.00208894 0.00581724)
(0.015116 -0.00240422 0.00569715)
(0.015659 -0.00142386 0.00610377)
(0.0159956 -0.00209412 0.00615782)
(0.0162436 -0.000978482 0.00626858)
(0.00638912 -0.00957077 0.00181947)
(0.00682683 -0.00881025 0.0011818)
(0.00628734 -0.00850094 0.00128093)
(0.00583653 -0.00929574 0.00177214)
(0.00577545 -0.00916191 0.00202608)
(0.00670717 -0.00836021 0.00185255)
(0.00617493 -0.00857436 0.00180237)
(0.00684651 -0.00845575 0.00196285)
(0.00739057 -0.00778872 0.00165972)
(0.00825498 -0.00798047 0.00239461)
(0.00918655 -0.00756513 0.00222594)
(0.00778285 -0.0103391 0.00137925)
(0.00728167 -0.0120114 0.0018074)
(0.00679863 -0.0103128 0.00148184)
(0.00721655 -0.010796 0.00148853)
(0.00657625 -0.010697 0.00147655)
(0.00561467 -0.0112322 0.0020181)
(0.00660384 -0.0103272 0.00185774)
(0.00440897 -0.0124916 0.00296081)
(0.0154013 -0.000239696 0.00677433)
(0.0148245 0.000304569 0.00730675)
(0.00571183 -3.96912e-05 0.0114836)
(0.00651187 0.00114728 0.0107418)
(0.00460844 -0.000564674 0.010646)
(0.0138633 0.0011814 0.00911812)
(0.0126525 0.00124649 0.00985429)
(0.0108997 0.00169143 0.0106019)
(0.00792461 0.00083146 0.0106451)
(0.00901139 0.00142442 0.0096417)
(0.00866991 0.00156964 0.0102525)
(0.0145005 -0.00292486 0.00655585)
(0.0141676 -0.00267941 0.00684391)
(0.0143587 -0.00204048 0.00714956)
(0.0145444 -0.00205158 0.00663411)
(0.0137017 -0.00133339 0.00782739)
(0.0130141 -0.00139196 0.00816025)
(0.0120206 -0.00136404 0.00843276)
(0.0134657 -0.00198018 0.00763153)
(0.0130086 -0.00203546 0.00807935)
(0.0121419 -0.00101065 0.00900708)
(0.0115059 -0.000859067 0.00907602)
(0.0113046 -0.000563837 0.00926632)
(0.0105642 -0.000403607 0.0100155)
(0.0102335 0.000462136 0.0100377)
(0.0157576 -0.000677853 0.00729831)
(0.0149987 -0.000460579 0.0076532)
(0.0114137 0.00126824 0.00956896)
(0.0135311 0.00107135 0.00885544)
(0.0139281 8.97053e-05 0.00873332)
(0.0150033 -0.00124482 0.00674841)
(0.0143644 -0.00114749 0.00709819)
(0.0149439 -0.000384876 0.00724532)
(0.0102693 0.000383047 0.00955469)
(0.00963699 0.000980211 0.00996513)
(0.011534 0.00122823 0.00950063)
(0.0101003 0.000909824 0.0100118)
(0.0132706 -0.000521777 0.00813295)
(0.0119588 -0.00032977 0.00892007)
(0.0118277 0.00070062 0.0084251)
(0.0136622 -0.00046988 0.00768144)
(0.00338848 -0.00438693 0.0130892)
(0.0123182 -0.0199812 0.022788)
(0.00645461 -0.0162202 0.0209175)
(0.00217645 -0.0161047 0.0199292)
(0.0040653 -0.0160158 0.020086)
(0.00735971 -0.0170911 0.0217226)
(0.00452968 -0.0152564 0.0183777)
(0.00526037 -0.0149907 0.0188857)
(0.00294099 -0.0156508 0.0179439)
(0.00299407 -0.0150163 0.0173965)
(0.00110248 -0.0151495 0.0163737)
(0.00140762 -0.0154593 0.0181922)
(0.00199771 -0.0153179 0.0180485)
(0.00121556 -0.0161725 0.0176192)
(-0.00198893 -0.0161417 0.00720649)
(-0.00201212 -0.0158166 0.00791165)
(-0.00257129 -0.016654 0.00966785)
(0.000318132 -0.0154406 0.0174718)
(0.000979721 -0.0148343 0.0157964)
(-0.000330754 -0.0160471 0.0072134)
(-0.000266049 -0.0155766 0.00831061)
(-0.000758635 -0.0164397 0.00730621)
(-0.00147576 -0.0153831 0.00759572)
(-0.00250537 -0.0162966 0.0116751)
(-0.00263255 -0.0165864 0.0102624)
(-0.000831535 -0.0157037 0.011354)
(-0.000420452 -0.0167023 0.0150515)
(-0.00142601 -0.0160901 0.0115412)
(-0.000824357 -0.0159379 0.0101853)
(-0.000828746 -0.0160446 0.00974998)
(-0.00116856 -0.0166607 0.00988344)
(-0.00146039 -0.015552 0.0105017)
(-0.000178933 -0.0150539 0.00986454)
(0.000330068 -0.0162982 0.00957031)
(-0.000190846 -0.0157088 0.0077442)
(0.000582799 -0.0159328 0.00678319)
(0.000821079 -0.0151597 0.00655374)
(-0.000138943 -0.0153958 0.0121118)
(2.61044e-05 -0.016003 0.0116903)
(0.000383369 -0.0152349 0.0113376)
(0.000567535 -0.0160213 0.0141341)
(0.000722903 -0.0148272 0.0140987)
(0.000886617 -0.0155676 0.0155306)
(0.00174978 -0.0150779 0.0156143)
(-0.00297842 -0.0152703 0.0196679)
(-0.00198874 -0.0162794 0.0212855)
(0.00585034 -0.0186297 0.023493)
(-0.00408359 -0.0161018 0.0118566)
(-0.00307324 -0.0165862 0.0118262)
(-0.00371913 -0.0158787 0.0127917)
(-0.00261965 -0.0163129 0.0143999)
(-0.00318492 -0.0158033 0.0127055)
(-0.00144726 -0.0160933 0.0167148)
(-0.0011827 -0.0157202 0.0163829)
(-0.000160086 -0.0161878 0.0177726)
(-0.00308459 -0.0157791 0.0152739)
(-0.00373189 -0.015918 0.0142041)
(0.013086 -0.0208013 0.0227587)
(0.0136481 -0.0224554 0.0237329)
(0.0134816 -0.0216417 0.0210983)
(0.0114134 -0.0191105 0.022993)
(0.0101468 -0.0199377 0.0239995)
(0.00564801 -0.0178591 0.0227949)
(0.00874686 -0.0184555 0.0230298)
(0.00859593 -0.0192493 0.0235801)
(0.00797294 -0.0179213 0.0227703)
(0.0126077 -0.0218008 0.0235814)
(0.0110553 -0.0190696 0.0218297)
(0.0102925 -0.0166024 0.0217739)
(0.0137523 -0.0192225 0.0217761)
(0.0126195 -0.0190122 0.0226946)
(0.011751 -0.0178416 0.023023)
(0.00943762 -0.0193119 0.0232146)
(0.0104855 -0.0199263 0.0229831)
(0.00562616 -0.0189128 0.0237878)
(0.00667971 -0.0177066 0.0224102)
(0.00834182 -0.0202329 0.0243886)
(0.00667408 -0.0188578 0.0230712)
(0.00785886 -0.0218134 0.0246695)
(0.00593664 -0.0196514 0.0241842)
(0.00659178 -0.0198274 0.0237522)
(0.0054283 -0.0203413 0.0246453)
(0.00420461 -0.0182433 0.0230577)
(0.00814341 -0.0206496 0.0241652)
(0.0090044 -0.0201943 0.023308)
(0.00905382 -0.0209984 0.0233034)
(0.00989528 -0.0226363 0.0240272)
(0.0108212 -0.0217468 0.0226267)
(0.010698 -0.022124 0.0242475)
(-0.000537318 -0.0160612 0.0208088)
(0.00386438 -0.0177368 0.0230765)
(0.00311076 -0.0180861 0.0233665)
(0.00117742 -0.0161239 0.0210334)
(0.000868096 -0.0166133 0.0216667)
(0.00441193 -0.0175674 0.0224007)
(0.00270768 -0.0181355 0.0236716)
(0.00162994 -0.0171462 0.0227947)
(7.06683e-05 -0.0165944 0.0212159)
(0.00292002 -0.0174313 0.0223599)
(0.00349141 -0.0165892 0.0214078)
(0.00134095 -0.0163304 0.0210434)
(9.46833e-05 -0.0166692 0.0205078)
(-0.00108594 -0.0155534 0.0175206)
(0.000616047 -0.0163115 0.0203598)
(-1.27389e-05 -0.0160735 0.0188267)
(0.00033084 -0.0155108 0.0182324)
(0.0020123 -0.0169292 0.0211341)
(0.00325476 -0.0166678 0.0213751)
(0.00204108 -0.0164407 0.019916)
(0.00850805 -0.0222568 0.0187285)
(0.00982068 -0.0230846 0.0198932)
(0.00969688 -0.024469 0.0217715)
(0.00949492 -0.0218641 0.0201255)
(0.010881 -0.0248224 0.0232599)
(0.0117303 -0.0233454 0.0212379)
(0.0110249 -0.0219749 0.0194839)
(0.0104754 -0.0223391 0.0200938)
(0.0121889 -0.0226298 0.020873)
(0.0112436 -0.0221572 0.0188131)
(0.0108515 -0.0206373 0.0180019)
(0.00926095 -0.0207598 0.0175499)
(0.00881564 -0.0210789 0.0192157)
(0.00360717 -0.00927382 0.013654)
(0.00451497 -0.0121696 0.0167422)
(0.00896304 -0.0220302 0.0200062)
(0.00401843 -0.0157242 0.0152763)
(0.00673496 -0.0184442 0.0172689)
(0.00739639 -0.0215318 0.0189514)
(0.00534328 -0.0187877 0.0174892)
(0.00790809 -0.0212783 0.0193288)
(0.00647013 -0.0193909 0.0167255)
(0.00944087 -0.0150956 0.0205096)
(0.00990697 -0.0149901 0.0199633)
(0.00363146 -0.0131625 0.00770604)
(0.00641383 -0.0119438 0.00217196)
(0.00553321 -0.0119013 0.00222176)
(0.00579944 -0.0113873 0.00207576)
(0.00393474 -0.0134364 0.00304384)
(0.00471893 -0.013065 0.00319029)
(0.00399902 -0.0134125 0.0068676)
(0.00782368 -0.0121398 0.00313568)
(0.00628425 -0.010768 0.00356113)
(0.00689221 -0.0106878 0.0025555)
(0.00537789 -0.0111804 0.00356355)
(0.00660481 -0.0135277 0.00388032)
(0.00714716 -0.0128198 0.0030774)
(0.00700034 -0.0130709 0.00288424)
(0.00605058 -0.0113059 0.00333034)
(0.00585595 -0.0121039 0.0036253)
(0.00659146 -0.0138808 0.00478585)
(0.00520504 -0.0120285 0.00428394)
(0.00559737 -0.0131796 0.00600117)
(0.00455667 -0.0133676 0.00782982)
(0.0045538 -0.0129296 0.00512797)
(0.00471538 -0.0142259 0.00723178)
(0.00523321 -0.0126585 0.00652403)
(0.00446454 -0.0126234 0.00600019)
(0.00519543 -0.0138331 0.0142803)
(0.00203426 -0.0145463 0.0139648)
(0.00325405 -0.0145988 0.0162245)
(0.00285252 -0.0146133 0.0150211)
(0.00387237 -0.0142807 0.0155514)
(0.00465093 -0.014019 0.0157192)
(0.00597041 -0.0140988 0.0167301)
(0.00390198 -0.0144847 0.0147558)
(0.00432888 -0.0136201 0.0146157)
(0.00279065 -0.0140958 0.0137221)
(0.00302488 -0.0133416 0.0130867)
(0.00572009 -0.0135245 0.016356)
(0.00590384 -0.0123899 0.0147245)
(0.00506737 -0.0128436 0.0146177)
(0.00704151 -0.0132653 0.0169197)
(0.00240024 -0.0144977 0.0134273)
(0.00233967 -0.0143343 0.0120308)
(0.00175293 -0.0154821 0.0116284)
(0.00185472 -0.0149486 0.0112399)
(0.00217932 -0.01504 0.0103443)
(0.00210241 -0.0147315 0.00988723)
(0.00290939 -0.0138613 0.00943689)
(0.00234955 -0.0144129 0.0104517)
(0.00271451 -0.0138629 0.0103725)
(0.00241798 -0.0141021 0.0117389)
(0.00312528 -0.01402 0.0126146)
(0.00339917 -0.0141957 0.00434482)
(0.00192802 -0.0147519 0.00570569)
(0.00176773 -0.0152304 0.0089556)
(0.00194133 -0.0154029 0.00681849)
(0.00292332 -0.0133435 0.00740286)
(0.00229744 -0.0140489 0.00842533)
(0.00256251 -0.0131606 0.00818059)
(0.00384334 -0.0132053 0.00357163)
(0.00308397 -0.0144855 0.00488465)
(0.00305998 -0.0137093 0.00680274)
(0.00360232 -0.0131118 0.00573522)
(0.00350549 -0.0136503 0.00538539)
(-0.00548711 -0.009754 0.00229182)
(-0.00740603 -0.0103222 0.00395548)
(-0.0062823 -0.0103931 0.00326757)
(-0.000281278 -0.00726244 0.00224476)
(0.00232046 -0.00722091 0.00320122)
(0.000675253 -0.00656681 0.00256986)
(0.00108303 -0.00648119 0.00268662)
(-0.0110066 -0.0104365 0.0154179)
(-0.0115049 -0.0102589 0.0143909)
(-0.0115543 -0.00999843 0.0101289)
(-0.0120535 -0.0108221 0.0126851)
(-0.0124094 -0.0100074 0.0102476)
(-0.000118897 -0.00713768 0.00266934)
(0.000493075 -0.00685515 0.00245548)
(0.000646826 -0.00691172 0.00249408)
(-0.000225976 -0.00777481 0.00185872)
(0.000996482 -0.00790712 0.00210019)
(0.00109554 -0.0072934 0.00229795)
(0.00119195 -0.00737045 0.0022941)
(0.000265338 -0.00864431 0.00184114)
(0.000279718 -0.00946871 0.00175008)
(0.00180964 -0.00702949 0.00229818)
(0.00135519 -0.00707862 0.00235819)
(0.00141392 -0.0066029 0.00254263)
(0.00116903 -0.00677969 0.00250738)
(0.00197244 -0.00699343 0.0028343)
(0.00205195 -0.007014 0.00272482)
(-0.00695533 -0.0149065 0.0143844)
(-0.00581629 -0.0144489 0.0140186)
(-0.00105178 -0.015856 0.0199167)
(-0.00157986 -0.0164079 0.0204903)
(-0.00296677 -0.0157724 0.0166693)
(-0.00210249 -0.0160941 0.017764)
(-0.00182757 -0.0163252 0.0193304)
(-0.00135447 -0.0157034 0.0185532)
(-0.0034052 -0.0164885 0.0172073)
(-0.00292635 -0.0157087 0.0178147)
(-0.00293488 -0.0151174 0.0183083)
(-0.00351661 -0.0153849 0.0186971)
(-0.00446943 -0.0149786 0.0176374)
(-0.0050729 -0.0154662 0.0165299)
(-0.00481343 -0.0155938 0.0166216)
(-0.00370228 -0.0161028 0.0179988)
(-0.0114719 -0.00979651 0.00872484)
(-9.35792e-05 -0.0133627 0.00315211)
(-0.000792921 -0.0141837 0.00361856)
(-0.00308689 -0.0147513 0.00515702)
(-0.00269159 -0.0137583 0.00326562)
(-0.00292904 -0.0138735 0.00374862)
(-0.00827009 -0.0104897 0.00428162)
(-0.0067237 -0.011282 0.00303468)
(-0.00382649 -0.0131229 0.0034021)
(-0.00348388 -0.0131635 0.003242)
(-0.00627415 -0.0134807 0.00483834)
(-0.00465599 -0.013342 0.00427602)
(-0.00856009 -0.0136777 0.00898203)
(-0.00789442 -0.0140505 0.00776211)
(-0.0094739 -0.0142362 0.00897777)
(-0.00592486 -0.015267 0.0175548)
(-0.0067055 -0.0143606 0.0155344)
(-0.00979017 -0.0136555 0.00993906)
(-0.00955364 -0.0140915 0.0121527)
(-0.00939438 -0.0124948 0.00747476)
(-0.0101514 -0.0132213 0.00962051)
(-0.00966778 -0.0124446 0.00795885)
(-0.0101884 -0.0124748 0.0107765)
(-0.00945248 -0.0108369 0.00669102)
(-0.0114589 -0.0111799 0.00975352)
(-0.00138721 -0.0141847 0.003741)
(-0.00125154 -0.0137582 0.00343981)
(0.000360838 -0.0127072 0.00237218)
(-7.13351e-05 -0.0132756 0.00325918)
(0.000619539 -0.011948 0.00198726)
(-0.00102392 -0.0131044 0.00277019)
(0.000308309 -0.0124958 0.00262727)
(-0.000100958 -0.0121754 0.00224077)
(-0.00335043 -0.0127058 0.00316335)
(-0.00303637 -0.0123687 0.00297409)
(-0.00235016 -0.0122753 0.00282341)
(-0.0114475 -0.0109017 0.0128803)
(-0.011042 -0.0123442 0.0137639)
(-0.0109723 -0.0115571 0.0113716)
(-0.0108613 -0.0111532 0.00972198)
(-0.0113694 -0.0113111 0.0112367)
(-0.0102031 -0.0117378 0.00880351)
(-0.0103106 -0.0119099 0.00854852)
(-0.0110895 -0.0123969 0.0104039)
(-0.00364471 -0.0153058 0.020977)
(-0.00316242 -0.0152012 0.0199434)
(-0.00465029 -0.0141155 0.0178786)
(-0.00230239 -0.0143144 0.019484)
(-0.00832344 -0.0135605 0.0151529)
(-0.00669398 -0.0143675 0.0158259)
(-0.00420361 -0.0140714 0.0204499)
(-0.00766741 -0.0140731 0.0186373)
(-0.00783853 -0.0123459 0.0194494)
(-0.00880841 -0.0124392 0.0173032)
(-0.00353382 -0.0117951 0.00281714)
(-0.00300301 -0.0104399 0.00217335)
(-0.00373154 -0.0119811 0.00295332)
(-0.00154162 -0.00908648 0.00205844)
(-0.000778264 -0.00840917 0.00196162)
(-0.00226688 -0.010322 0.00188027)
(-0.00258692 -0.0115477 0.00261769)
(-0.00253268 -0.011757 0.00256017)
(-0.000395884 -0.00919652 0.00175241)
(-0.00155501 -0.0104893 0.00234)
(-0.0017534 -0.0108125 0.00200622)
(-0.000880591 -0.00933445 0.00196411)
(-0.000972075 -0.0103282 0.0018969)
(0.011334 -0.0194104 0.0183083)
(0.0164821 -0.0189527 0.0213167)
(0.0146827 -0.0169491 0.0222637)
(0.016946 -0.0162834 0.0216724)
(0.0123235 -0.0171055 0.0183719)
(0.0104425 -0.0151589 0.0176943)
(0.0163677 -0.020081 0.0209825)
(0.0164617 -0.0196364 0.0214486)
(0.0160001 -0.0209996 0.0222537)
(0.0152211 -0.0212859 0.0220272)
(0.0153297 -0.021127 0.0208611)
(0.0153617 -0.0196959 0.019391)
(0.0154636 -0.0206752 0.0220312)
(0.0151545 -0.0193905 0.0213815)
(0.0138416 -0.0197714 0.0183132)
(0.0153542 -0.0211935 0.0207845)
(0.0154613 -0.0198284 0.0196215)
(0.0146102 -0.0201759 0.0204273)
(0.00459072 -0.00959999 0.0161131)
(0.00410251 -0.00696487 0.0130827)
(0.00598295 -0.000240478 0.0123153)
(0.00491237 -0.000580015 0.0107297)
(0.0061609 0.000520267 0.0104568)
(0.00664259 0.000336106 0.0103043)
(0.00427735 -0.000400763 0.0102459)
(0.00551272 0.000792627 0.00976779)
(0.00403399 -0.00677529 0.0119409)
(0.00386591 -0.00532458 0.0125886)
(0.00837151 -0.0153725 0.0158807)
(0.00875701 -0.0137454 0.0167835)
(0.00923258 -0.0156992 0.0174163)
(0.00508761 -0.00946271 0.0146792)
(0.00734653 -0.0129595 0.015543)
(0.00569906 -0.0110978 0.0139384)
(0.00727837 -0.0141941 0.0165546)
(0.00495758 -0.00840211 0.0138423)
(0.00638416 -0.0109932 0.015256)
(0.0147518 -0.00405082 0.00384249)
(0.0139466 -0.00492882 0.0021367)
(0.0121787 -0.00670073 0.00126061)
(0.0141477 -0.00496958 0.00146974)
(0.0118639 -0.00745112 0.00105546)
(0.0108927 -0.00775588 0.00119165)
(0.0110292 -0.00818656 0.00148185)
(0.0128051 -0.00594768 0.00298553)
(0.0138644 -0.00527295 0.00347575)
(0.0141459 -0.00451814 0.00329586)
(0.0140923 -0.00505906 0.00256837)
(0.0144639 -0.00481115 0.00384684)
(0.0137787 -0.00532545 0.00325705)
(0.00773561 -0.0092162 0.00122884)
(0.00721622 -0.00897991 0.00192325)
(0.00777825 -0.00827009 0.00182467)
(0.00737648 -0.00897858 0.00201612)
(0.0110087 -0.00678963 0.00253994)
(0.00874998 -0.00815251 0.00196388)
(0.0101634 -0.00735146 0.0023799)
(0.0092399 -0.00754698 0.00203562)
(0.0100007 -0.00735309 0.0023875)
(0.0105564 -0.00766185 0.00151449)
(0.009443 -0.00843449 0.00110084)
(0.0110691 -0.0069074 0.00241987)
(0.0101043 -0.00718998 0.0018409)
(0.0119081 -0.00633901 0.00260812)
(0.012268 -0.00654625 0.00210065)
(0.0128888 -0.00571295 0.0026412)
(0.0131813 -0.00609781 0.0027034)
(0.011928 -0.00645492 0.00239989)
(0.00941975 -0.00873207 0.0012392)
(0.00797979 -0.00975603 0.00149176)
(0.00973256 -0.00894724 0.00105392)
(0.0100138 -0.00809302 0.000870549)
(0.00900815 -0.00938085 0.000940824)
(0.0099518 -0.00813908 0.000936836)
(0.00876036 -0.0090221 0.000849587)
(0.0094079 -0.0087306 0.00117909)
(0.0092226 -0.00172371 0.0102206)
(0.0104607 -0.000833636 0.00960922)
(0.00423326 -0.00332501 0.0120539)
(0.00485634 -0.00257404 0.0114884)
(0.0054956 -0.00185208 0.0112721)
(0.00651439 -0.00135281 0.0111419)
(0.00814352 -0.000693334 0.0104355)
(0.00711377 -0.000826719 0.010436)
(0.00846851 -0.00116148 0.0103854)
(0.00911886 -0.000629409 0.00995607)
(0.00535924 -0.00218813 0.0110937)
(0.00644877 -0.00137981 0.01071)
(0.0172413 -0.0187518 0.0196643)
(0.0143879 -0.0179263 0.0180378)
(0.0171013 -0.0194351 0.0195754)
(0.015564 -0.0191082 0.0186549)
(-0.00253101 -0.0134665 0.00334844)
(-0.00224742 -0.0130045 0.00336889)
(-0.00115198 -0.0124112 0.00268167)
(-0.00126492 -0.0128194 0.00306558)
(-0.000758793 -0.0123011 0.00232037)
(-0.00192121 -0.0123748 0.00254835)
(-0.00762516 -0.0141413 0.00661571)
(-0.00433421 -0.012534 0.00329302)
(-0.00561736 -0.0128044 0.00496859)
(-0.0066124 -0.0135341 0.00531318)
(-0.004018 -0.0125669 0.00315727)
(-0.00824564 -0.0130241 0.00720289)
(-0.00744604 -0.0136758 0.00665186)
(-0.00873041 -0.0131859 0.00735597)
(-0.00819708 -0.0128165 0.00599598)
(-0.00639457 -0.0137592 0.00481112)
(-0.00528011 -0.0128381 0.00408787)
(-0.00708207 -0.0132489 0.00495011)
(-0.00726715 -0.0129902 0.00509789)
(-0.00466308 -0.012029 0.00293036)
(-0.00628458 -0.0120828 0.00412536)
(-0.00525899 -0.0125456 0.00413181)
(-0.00679549 -0.0123623 0.0041335)
(-0.00437765 -0.0156292 0.00696666)
(-0.00305372 -0.0152799 0.00516885)
(-0.00365233 -0.0167383 0.00664349)
(-0.00210684 -0.0152555 0.0042417)
(-0.00178416 -0.0148066 0.00435809)
(-0.00450619 -0.0098315 0.00274042)
(-0.00380061 -0.00935799 0.00245543)
(-0.00163825 -0.00884717 0.002214)
(-0.00290936 -0.00920204 0.0027656)
(-0.00271975 -0.00929307 0.00206942)
(-0.0011114 -0.00766219 0.00205485)
(0.00613936 -0.0132469 0.0144996)
(0.00564394 -0.0121646 0.0144153)
(0.0065859 -0.0161104 0.0180577)
(0.00375489 -0.0043447 0.012598)
(0.00383836 -0.00308533 0.0111957)
(0.00354741 -0.00512315 0.0123683)
(0.00400237 -0.00708624 0.0130602)
(0.00905927 -0.0114538 0.00231019)
(0.008182 -0.0112342 0.00213421)
(0.0104958 -0.00880266 0.00131531)
(0.0099682 -0.00923984 0.000894088)
(0.00957486 -0.00998169 0.00116688)
(0.0102527 -0.0089502 0.00127984)
(0.00977604 -0.0106006 0.0017452)
(0.0102687 -0.0101526 0.00133434)
(0.00815807 -0.00947191 0.00111581)
(0.00746443 -0.0102071 0.00147191)
(0.00867071 -0.01032 0.0013192)
(0.00766058 -0.0105903 0.00174308)
(0.006837 -0.010871 0.00229034)
(0.00760655 -0.0115551 0.00155576)
(0.0143496 -0.00425187 0.00528483)
(0.0144999 -0.00448735 0.00508779)
(0.0120396 -0.00644737 0.00296929)
(0.0131541 -0.00584132 0.00313789)
(0.0138103 -0.00530325 0.00404099)
(0.0138981 -0.00522193 0.00442476)
(0.0128501 -0.00675172 0.00380282)
(0.0130514 -0.00582824 0.00435001)
(0.0134887 -0.00501011 0.00510589)
(0.0137848 -0.00521124 0.00474929)
(0.0111252 -0.00707404 0.00291213)
(0.0111783 -0.00689598 0.00292846)
(0.0122592 -0.0063703 0.00304273)
(0.01299 -0.00608419 0.00389314)
(0.0121582 -0.00658514 0.0034888)
(0.0132119 -0.00601619 0.00398282)
(0.00299274 -0.0106006 0.00160308)
(0.00352706 -0.0105496 0.00184837)
(0.00508513 -0.00921027 0.00174643)
(0.0052255 -0.00851915 0.00189881)
(0.00516498 -0.00852138 0.00189862)
(0.00467146 -0.00962365 0.00163937)
(0.00365946 -0.00877352 0.00200453)
(0.00309362 -0.00908725 0.00178206)
(0.00281731 -0.0100463 0.00186465)
(0.00316891 -0.0100832 0.00202469)
(0.00140919 -0.0146994 0.00468783)
(0.00251214 -0.0133752 0.00343365)
(0.0017848 -0.0144739 0.00454222)
(0.00476894 -0.0129382 0.00292617)
(0.00457018 -0.0120845 0.00258268)
(0.0042138 -0.01316 0.00245702)
(0.00050756 -0.0155836 0.00494262)
(0.00163407 -0.0126075 0.00262271)
(0.000929969 -0.0141685 0.00311594)
(0.00115639 -0.0138895 0.00258605)
(0.00365994 -0.0113205 0.00202655)
(0.00232213 -0.0119412 0.0017893)
(-0.00195621 -0.0167663 0.0256388)
(-0.000299283 -0.0173592 0.0245105)
(-0.00064497 -0.0194771 0.0268193)
(-0.00115738 -0.016096 0.0239554)
(-0.00205675 -0.0226649 0.0224361)
(0.00302604 -0.00744282 0.0136487)
(0.00359842 -0.0100192 0.0134886)
(0.00275799 -0.00609607 0.0122091)
(0.00308842 -0.00604712 0.0121153)
(0.00709544 -0.00767575 0.0132601)
(0.00686425 -0.00693504 0.0145526)
(0.00800364 -0.00698257 0.0133788)
(0.00561205 -0.00780787 0.0162458)
(0.00585957 -0.00804104 0.0151247)
(0.0075279 -0.00723214 0.0120165)
(0.00533295 -0.00771442 0.0174951)
(0.0073313 -0.00635196 0.0139699)
(0.00691849 -0.0070509 0.0158087)
(0.0114081 -0.00745047 0.0039536)
(0.0112952 -0.00764535 0.00415512)
(0.00910146 -0.00803535 0.0030815)
(0.008663 -0.00842909 0.00394408)
(0.00762187 -0.0080148 0.00290441)
(0.00787471 -0.0081521 0.00289284)
(0.00927817 -0.00808411 0.00311167)
(0.00985345 -0.00793554 0.00353831)
(0.0101344 -0.00807274 0.00368631)
(0.0102023 -0.00566857 0.00957153)
(0.011271 -0.00485054 0.00844181)
(0.0117947 -0.00622044 0.00693267)
(0.0133383 -0.00341217 0.00720056)
(0.012322 -0.00189505 0.00849786)
(0.0132188 -0.00267504 0.00796414)
(0.0110149 -0.00134362 0.00913368)
(0.0106727 -0.0016082 0.00973645)
(0.0120131 -0.00192278 0.008852)
(0.0130533 -0.00506864 0.00660944)
(0.0123971 -0.0046617 0.00687824)
(0.0105511 -0.0022232 0.00978611)
(0.0112371 -0.00220023 0.00957171)
(0.0110312 -0.00286662 0.00938251)
(0.0119779 -0.00310231 0.00863087)
(0.00610601 -0.00385909 0.0135401)
(0.00734545 -0.00421843 0.0130842)
(0.00761435 -0.0035813 0.0121196)
(0.00735186 -0.00355116 0.0129427)
(0.00375069 -0.00615054 0.0154542)
(0.00655699 -0.00411787 0.0130189)
(0.00107261 -0.0121445 0.0162444)
(0.000196886 -0.0146024 0.0186098)
(0.00349441 -0.00548563 0.0141077)
(0.00167796 -0.00854504 0.0161798)
(0.00196048 -0.00752785 0.014295)
(0.00135738 -0.00945617 0.0150286)
(0.00264499 -0.00667955 0.0147578)
(0.00158742 -0.00982757 0.0162988)
(0.000688687 -0.0101573 0.0164593)
(0.000198846 -0.0123875 0.0176891)
(0.000124191 -0.0133871 0.018489)
(-0.000857431 -0.0161131 0.0191615)
(0.00611833 -0.0242503 0.0210931)
(0.00578688 -0.0263508 0.0256404)
(0.00492292 -0.0255121 0.0225569)
(0.00610101 -0.024383 0.0205592)
(0.00661122 -0.0247683 0.0241763)
(0.00648848 -0.0246454 0.022537)
(0.00543278 -0.0270562 0.0230929)
(0.00522928 -0.000553572 0.0105334)
(-0.00802857 -0.0108199 0.0209777)
(-0.00719656 -0.0116988 0.0225593)
(-0.00679069 -0.0149825 0.0114451)
(-0.00707533 -0.0144998 0.0100717)
(-0.00715702 -0.0147556 0.0114394)
(-0.0068671 -0.016231 0.0112137)
)
;
    }
    INLET
    {
        type            calculated;
        value           nonuniform 0();
    }
    OUTLET
    {
        type            calculated;
        value           nonuniform 0();
    }
    procBoundary19to18
    {
        type            processor;
        value           uniform (0 0 0);
    }
    procBoundary19to27
    {
        type            processor;
        value           uniform (0 0 0);
    }
}


// ************************************************************************* //
