/*--------------------------------*- C++ -*----------------------------------*\
| =========                 |                                                 |
| \\      /  F ield         | OpenFOAM: The Open Source CFD Toolbox           |
|  \\    /   O peration     | Version:  v1612+                                |
|   \\  /    A nd           | Web:      www.OpenFOAM.com                      |
|    \\/     M anipulation  |                                                 |
\*---------------------------------------------------------------------------*/
FoamFile
{
    version     2.0;
    format      ascii;
    class       volVectorField;
    location    "100";
    object      wallShearStress;
}
// * * * * * * * * * * * * * * * * * * * * * * * * * * * * * * * * * * * * * //

dimensions      [0 2 -2 0 0 0 0];

internalField   uniform (0 0 0);

boundaryField
{
    WALL
    {
        type            calculated;
        value           nonuniform List<vector> 
1686
(
(-0.0194364 0.0198537 0.00199226)
(-0.0203353 0.0175478 0.00151352)
(-0.0213443 0.0391674 0.0167401)
(-0.0249437 0.036189 0.012825)
(-0.0272331 0.0125945 0.00207593)
(-0.0273323 0.012657 0.00205978)
(-0.00860208 0.00714862 0.0079234)
(-0.00740187 0.00768611 0.0106466)
(-0.0132747 0.0173019 0.00775457)
(-0.0132728 0.0163954 0.00669331)
(-0.0163555 0.0154018 0.00359319)
(-0.0165313 0.0184155 0.00482096)
(-0.010279 0.0316158 0.0127642)
(-0.0115664 0.0355502 0.0125024)
(-0.027679 0.0327791 0.00913897)
(-0.0245455 0.0296655 0.00641636)
(-0.0228844 0.02732 0.0076387)
(-0.0252895 0.0299738 0.0101682)
(-0.0144988 0.0230807 0.00967282)
(-0.016078 0.0219463 0.0125587)
(-0.0199952 0.0227166 -0.000489901)
(-0.0205601 0.0199952 -0.000645163)
(-0.01878 0.0391364 -0.000276534)
(-0.0133173 0.034831 0.00161943)
(-0.0253189 0.0364675 -0.00618851)
(-0.0294052 0.0323468 -0.00693664)
(-0.0257078 0.0265981 -0.00540882)
(-0.0265664 0.0268921 -0.00508935)
(-0.0251149 0.0393443 -0.00389982)
(-0.0275163 0.0218363 -0.00421503)
(-0.0279631 0.0223965 -0.004866)
(-0.0315337 0.0191044 -0.00102422)
(-0.0336428 0.0230532 5.97614e-05)
(-0.0329683 0.0325012 -0.00528171)
(-0.0289298 0.0367018 -0.00695006)
(-0.0102941 0.0177303 0.00950639)
(-0.0288899 0.0372766 0.00509677)
(-0.0256399 0.035021 0.00117583)
(-0.0281315 0.0420358 0.00160665)
(-0.0291226 0.0427017 0.00798254)
(-0.00293767 0.0141519 0.00399544)
(-0.000897543 0.0120786 0.00350211)
(-0.0192032 0.0235478 0.00815027)
(-0.0143642 0.0191896 0.00729803)
(-0.00385097 0.00920719 0.00754416)
(-0.00656774 0.0130177 0.00805128)
(-0.00829725 0.0147071 0.00599854)
(-0.00770347 0.0135326 0.00628491)
(-0.00955925 0.0168934 0.00823484)
(-0.00867014 0.0148097 0.00618021)
(-0.00415422 0.00845278 0.00481725)
(-0.00489638 0.0100479 0.00431001)
(-0.0139678 0.0211098 0.00534989)
(-0.0145358 0.020512 0.0038572)
(-0.0217345 0.0199919 -0.000818572)
(-0.0215886 0.0173684 -0.000278541)
(-0.0142509 0.0221004 0.00373606)
(-0.0138698 0.0226522 0.00522543)
(-0.0152372 0.0149481 0.00495874)
(-0.0131051 0.0385419 -0.00330503)
(-0.000534032 5.68063e-05 0.000798613)
(-0.000391371 -0.000257596 0.000517984)
(-0.000805539 0.000453084 0.000934893)
(-0.000678172 0.00035716 0.000857624)
(-0.000831361 0.000299915 0.000933247)
(-0.000506579 7.91611e-05 0.000625348)
(-0.0191952 0.00416805 0.00419516)
(-0.016909 0.00158743 0.00590021)
(-0.0192322 0.00406368 0.00523409)
(-0.0177513 0.00151482 0.00558976)
(-0.0188083 0.00325346 0.00544989)
(-0.0199761 0.00386554 0.00454338)
(-0.013689 0.018581 0.0106303)
(-0.012523 0.016634 0.0109674)
(-0.0126685 0.0166765 0.0112646)
(-0.0120379 0.0164153 0.0104365)
(-0.0125748 0.0176627 0.00970929)
(-0.0127732 0.017986 0.00994668)
(-0.0129742 0.0170906 0.0112673)
(-0.0249413 0.0359495 -0.00703355)
(-0.0206864 0.037302 -0.00605652)
(-0.0250262 0.037454 -0.00692998)
(-0.0217588 0.0377293 -0.00661917)
(-0.0174969 0.0368677 -0.00616005)
(-0.0217658 0.0291206 -0.00288434)
(-0.024202 0.0263338 -0.00378684)
(-0.0253929 0.0255025 -0.00433921)
(-0.0228551 0.0285174 -0.00388576)
(-0.0225349 0.027956 -0.00343572)
(-0.0252951 0.0268429 -0.00522239)
(-0.0301006 0.0120957 -0.000251625)
(-0.0324377 0.0164576 -0.00257482)
(-0.0270697 0.0099378 0.00126352)
(-0.0303483 0.0148796 -0.00129053)
(-0.0295792 0.0128748 -0.00140201)
(-0.028088 0.0112755 0.000923934)
(-0.0281028 0.0363378 0.0052435)
(-0.028693 0.0362981 0.0067142)
(-0.0267219 0.0334509 0.00255848)
(-0.0289292 0.0374948 0.00736772)
(-0.0288597 0.0359752 0.00791223)
(-0.0267246 0.0360046 0.00387034)
(-0.0200696 0.0339276 0.0137202)
(-0.0175944 0.034113 0.0145114)
(-0.0201313 0.0375559 0.015524)
(-0.0181832 0.0362482 0.0152159)
(-0.0177762 0.035247 0.0149411)
(-0.00968381 0.00162937 0.00422084)
(-0.00391177 0.00117415 0.00264703)
(-0.00765165 0.00232653 0.0039023)
(-0.00576799 0.00119007 0.00356642)
(-0.00794109 0.00116804 0.00417924)
(-0.00531788 0.00213442 0.00314712)
(-0.00800464 0.000652581 0.0057872)
(-0.00883353 6.02917e-05 0.00542232)
(-0.00847158 0.000704785 0.00558003)
(-0.00470293 0.000423519 0.00411676)
(-0.00591367 -0.000100473 0.00509935)
(-0.00565098 0.000407588 0.00433069)
(-0.00336371 0.0067184 0.00472733)
(-0.00540326 0.0105393 0.00512922)
(-0.00344929 0.00707398 0.00530068)
(-0.00409136 0.00839505 0.0048044)
(-0.00549153 0.010336 0.00581914)
(-0.00125129 0.000612932 0.00253765)
(-0.00111999 0.000866223 0.002403)
(-0.00109431 0.000515026 0.00190329)
(-0.00107431 0.000911933 0.00184353)
(-0.00133899 0.000355308 0.00248041)
(-0.00106038 0.000925224 0.002107)
(-0.0130069 0.022767 0.00731136)
(-0.0135176 0.0218396 0.00792217)
(-0.0132245 0.022617 0.00710955)
(-0.0135436 0.0229959 0.00797935)
(-0.0136924 0.0220125 0.00868738)
(-0.0148486 0.0239045 0.00849619)
(-0.0164485 0.00923492 0.00374946)
(-0.017301 0.0107651 0.00493109)
(-0.0174474 0.00897994 0.00463791)
(-0.0173543 0.00899283 0.00300593)
(-0.0174116 0.00954272 0.00331547)
(-0.0154782 0.00767076 0.00393528)
(-0.0217649 0.0137953 0.000558201)
(-0.022143 0.0126175 0.00147953)
(-0.0212084 0.010865 0.00129905)
(-0.0210276 0.0148039 0.00158636)
(-0.0222022 0.0120019 0.00109269)
(-0.0212441 0.0147816 0.000891155)
(-0.0177714 0.0206069 0.00232462)
(-0.0174128 0.0234028 0.00257203)
(-0.0148536 0.0199692 0.00470025)
(-0.0185275 0.0245024 0.00443967)
(-0.0170997 0.019622 0.00154986)
(-0.018042 0.0169951 0.00245211)
(-0.0184622 0.0160903 0.00190348)
(-0.0180818 0.0189792 0.00219391)
(-0.0175377 0.0186303 0.00306033)
(-0.0186387 0.0189826 0.00134093)
(-0.0172852 0.0174495 0.00152798)
(-0.0189024 0.0176414 0.00217814)
(-0.0202665 0.0176852 0.001132)
(-0.0175493 0.0209161 0.0010923)
(-0.0172812 0.0236254 0.00195081)
(-0.0155154 0.022024 0.00237378)
(-0.0155095 0.021344 0.00321378)
(-0.0202474 0.0245726 0.00351656)
(-0.0187044 0.0206312 0.000520602)
(-0.0150651 0.0133953 0.00449231)
(-0.0167822 0.0142466 0.00439152)
(-0.0163799 0.0133474 0.00491951)
(-0.00165327 0.000437134 0.00234788)
(-0.00386776 -1.56651e-05 0.00440777)
(-0.00333456 8.57373e-05 0.00411585)
(-0.00191658 0.00015943 0.002551)
(-0.00261773 0.000228391 0.00319661)
(-0.00220807 0.000157461 0.00306969)
(-0.00222791 0.000314708 0.00397004)
(-0.00440277 9.73847e-06 0.00616253)
(-0.00282323 6.11721e-05 0.00501454)
(-0.00392863 -0.000113823 0.00617269)
(-0.00249451 2.93886e-05 0.00425064)
(-0.00310753 -0.00012793 0.00469302)
(-0.00208159 0.00367642 0.003896)
(-0.00129802 0.00180257 0.00294343)
(-0.00162442 0.00299226 0.00312022)
(-0.00142574 0.00215661 0.00319102)
(-0.00136405 0.00212752 0.00271709)
(-0.00219743 0.00440468 0.00332046)
(-0.0024546 0.00482415 0.00379623)
(-0.0139949 0.0281367 0.0104861)
(-0.0147554 0.0289502 0.0111819)
(-0.0137656 0.0294504 0.00977226)
(-0.0147414 0.0301509 0.0105886)
(-0.0139696 0.0280719 0.0101272)
(-0.0138004 0.0283428 0.0101993)
(-0.0236657 0.0273808 0.00930267)
(-0.0230992 0.026562 0.00958412)
(-0.0260008 0.0316584 0.0123146)
(-0.024869 0.0297094 0.0105675)
(-0.021691 0.0265476 0.0110097)
(-0.0223933 0.0289811 0.0125573)
(-0.0242901 0.0302455 0.0125856)
(-0.0224011 0.0328062 0.0146001)
(-0.0208984 0.0334769 0.0146525)
(-0.0220258 0.0286598 0.0133241)
(-0.0209988 0.0351067 0.0138472)
(-0.0255328 0.0351125 0.0141988)
(-0.0188443 0.0316545 0.013064)
(-0.0156722 0.0282555 0.0113734)
(-0.0189935 0.031293 0.0131813)
(-0.016932 0.0324285 0.0126569)
(-0.014974 0.0295235 0.0119335)
(-0.0148278 0.0300887 0.0115127)
(-0.0139886 0.0305095 0.0121943)
(-0.0129541 0.0310916 0.0120938)
(-0.0132677 0.0307547 0.0118262)
(-0.0151022 0.0291994 0.0118339)
(-0.0156174 0.0323044 0.01198)
(-0.0118962 0.028304 0.0102083)
(-0.0222066 0.0243564 0.0139683)
(-0.0227833 0.0273398 0.0150992)
(-0.0224609 0.0287055 0.0135035)
(-0.0219528 0.0256919 0.0116683)
(-0.0223783 0.0283652 0.013101)
(-0.0221536 0.0266861 0.0128253)
(-0.0198147 0.0262275 0.0124459)
(-0.0140328 0.0221243 0.0101736)
(-0.0158067 0.0232909 0.0118387)
(-0.0157706 0.0247064 0.0112449)
(-0.0156404 0.0248605 0.0111684)
(-0.0145184 0.0233455 0.0108486)
(-0.0142884 0.0223784 0.0107516)
(-0.0160065 0.0261772 0.0122448)
(-0.0153325 0.0238899 0.0115939)
(-0.0152508 0.0218099 0.0112062)
(-0.0164889 0.025927 0.0120771)
(-0.0180628 0.0241988 0.0128141)
(-0.017354 0.0247507 0.0125773)
(-0.0164791 0.0256073 0.0116672)
(-0.0171033 0.0285772 0.0119871)
(-0.0147237 0.0247824 0.010581)
(-0.0159454 0.027277 0.0117871)
(-0.0163662 0.0294188 0.0121445)
(-0.0156856 0.0260526 0.0114757)
(-0.0156056 0.0258265 0.0106787)
(-0.0130969 0.025766 0.00832214)
(-0.0131508 0.0247617 0.00917087)
(-0.0141777 0.0245475 0.00944189)
(-0.01486 0.0252736 0.0104071)
(-0.0150397 0.0264777 0.0105899)
(-0.0203601 0.0235489 0.00971327)
(-0.0230167 0.0265803 0.0109981)
(-0.0192799 0.023995 0.0100659)
(-0.0234609 0.0270141 0.0118416)
(-0.0219144 0.0264656 0.0117093)
(-0.022583 0.0274319 0.0106303)
(-0.00549246 0.00291706 0.00383761)
(-0.00336972 0.00162642 0.00292559)
(-0.00344481 0.00155195 0.00272278)
(-0.00555918 0.00302146 0.00426878)
(-0.00406647 0.00234663 0.00329974)
(-0.00444531 0.00253344 0.00346049)
(-0.000226096 0.000428008 0.00101774)
(-0.000437048 -0.00168269 0.000399086)
(-0.000196869 -0.000182105 0.000663412)
(-0.00024586 -0.00134865 0.000663571)
(-0.000168374 -0.00147314 3.26978e-05)
(-0.000298848 -0.000147805 0.000762858)
(-0.00979033 0.0358662 0.00139678)
(-0.00306591 0.026621 0.00280817)
(-0.00655042 0.032996 0.00254796)
(-0.00301338 0.00718177 0.00273505)
(-0.00394611 0.00911383 0.00297004)
(-0.00232607 0.00562397 0.00244586)
(-0.00330967 0.00772861 0.00266651)
(-0.00205583 0.00458981 0.00273508)
(-0.0136646 -0.000587411 0.00661177)
(-0.0166094 0.000992889 0.0071008)
(-0.0154278 3.07592e-05 0.00629014)
(-0.0116359 -3.78649e-05 0.00649915)
(-0.0139202 -0.000450316 0.00719725)
(-0.0170304 0.000543579 0.00642708)
(-0.00222579 0.00589724 0.00254832)
(-0.00245206 0.00787534 0.00257602)
(-0.00169728 0.00487534 0.0023389)
(-0.00185112 0.00619551 0.00190463)
(-0.0044744 0.012349 0.00237832)
(-0.00353669 0.00899739 0.00282096)
(-0.00354658 0.0113715 0.00275328)
(-0.00174664 0.000339881 0.00153747)
(-0.00250781 0.00130043 0.00205991)
(-0.00158772 0.000697467 0.0013394)
(-0.0033606 0.00173822 0.00248579)
(-0.00259919 0.00125213 0.00228324)
(-0.00324411 0.00171601 0.0026932)
(-0.00841426 0.000808184 0.00513857)
(-0.005442 0.000939503 0.00357325)
(-0.00789245 0.000865618 0.00447023)
(-0.00596213 0.000543653 0.00428195)
(-0.00395089 0.00103492 0.00316684)
(-0.00925903 0.00110582 0.00511858)
(-0.00632898 0.0354173 0.0147189)
(-0.00694703 0.0352532 0.0129729)
(-0.00542148 0.0341418 0.0134807)
(-0.00723471 0.0353483 0.0142596)
(-0.00557724 0.0363948 0.0130351)
(-0.00731029 0.036916 0.0136197)
(-0.006075 0.0374723 0.0118594)
(-0.00477852 0.0361306 0.0102375)
(-0.0063139 0.0338595 0.0106806)
(-0.00579045 0.0344044 0.00786591)
(-0.00720874 0.0368376 0.0101667)
(-0.00594419 0.0358186 0.0105539)
(-0.00562715 0.0352709 0.00543958)
(-0.00392896 0.0353716 0.00389746)
(-0.00444893 0.0365386 0.00423857)
(-0.00679431 0.0376468 0.002917)
(-0.00639852 0.0357314 0.00135861)
(-0.00581336 0.0347296 0.0177034)
(-0.0061484 0.0340308 0.0167734)
(-0.00505616 0.037332 0.0161904)
(-0.00578123 0.0355225 0.0161403)
(-0.00587128 0.0356313 0.0169441)
(-0.00443663 0.0306997 0.015544)
(0.00151123 0.0327601 0.00838455)
(-0.00133274 0.0356905 0.0076912)
(-0.00181309 0.0356991 0.00688462)
(0.00113862 0.0310786 0.00754654)
(-0.000108753 0.0314694 0.00559723)
(0.000912539 0.0324046 0.00899784)
(-0.0126974 0.0301378 0.0172974)
(-0.0144221 0.0315106 0.017837)
(-0.0101239 0.0296541 0.0184472)
(-0.0114218 0.0309517 0.0195107)
(-0.0149086 0.0322316 0.0177744)
(-0.0103363 0.0296608 0.0191663)
(-0.00840195 0.0353323 0.0151832)
(-0.0106739 0.0385332 0.0172951)
(-0.00964161 0.034595 0.017276)
(-0.00783822 0.0340203 0.0165523)
(-0.00731833 0.0350556 0.0158209)
(-0.00962541 0.0343976 0.0160601)
(-0.00416849 0.0252155 0.0174469)
(-0.00902197 0.0272919 0.0177658)
(-0.00598126 0.0286707 0.0199461)
(-0.0094573 0.0284854 0.0179571)
(-0.00702039 0.0249256 0.016307)
(-0.00735042 0.0275587 0.0188977)
(-0.0132361 0.0286919 0.00935266)
(-0.0140071 0.0299896 0.0103129)
(-0.0137278 0.0318414 0.0110541)
(-0.0135998 0.0290515 0.0111055)
(-0.0120244 0.0305072 0.00959434)
(-0.0118775 0.0304268 0.00841201)
(-0.00858424 0.0311821 0.0130564)
(-0.00897329 0.0334551 0.0147783)
(-0.00993409 0.0362156 0.0158434)
(-0.0101801 0.0346771 0.015093)
(-0.00819657 0.0320202 0.0125785)
(-0.00820583 0.0332023 0.0130384)
(-0.0092845 0.0353943 0.00691862)
(-0.00861761 0.0355517 0.00885317)
(-0.00776049 0.0345565 0.00731464)
(-0.00831125 0.0341315 0.00761976)
(-0.0106074 0.0377745 0.00820538)
(-0.00724607 0.031697 0.00409703)
(-0.00858331 0.0362114 0.0130799)
(-0.00914566 0.0328794 0.0134594)
(-0.00828573 0.0339066 0.00969956)
(-0.00781427 0.0350268 0.0121284)
(-0.0091161 0.0309448 0.0111323)
(-0.00798403 0.0354621 0.0106113)
(-0.0104616 0.0319361 0.00894071)
(-0.0099233 0.0328349 0.00938701)
(-0.0109534 0.0347213 0.00743987)
(-0.0102093 0.0328412 0.00677231)
(-0.0107399 0.0328781 0.0103242)
(-0.0122753 0.0366374 0.00937225)
(-0.00620672 0.0141127 0.00260487)
(-0.00770849 0.0177262 0.00201513)
(-0.0121583 0.0228753 0.00109389)
(-0.00986325 0.019352 0.00228838)
(-0.00673408 0.014602 0.00232482)
(-0.0108421 0.0217491 0.00140183)
(-0.01873 0.0402313 -7.59247e-05)
(-0.0154054 0.0397385 -0.00142071)
(-0.0192343 0.0439668 0.00082324)
(-0.0121215 0.031371 0.00104795)
(-0.0124906 0.0369524 0.00037277)
(-0.02154 0.0443226 -0.000714176)
(-0.0246233 0.039343 0.012578)
(-0.025283 0.0412273 0.0146068)
(-0.0274069 0.0418899 0.0113115)
(-0.0270561 0.0415313 0.0114651)
(-0.0280372 0.041659 0.00956914)
(-0.0268742 0.0441132 0.00555144)
(-0.0266647 0.0456741 0.008612)
(-0.0273162 0.0437254 0.00916991)
(-0.0264648 0.0476139 0.00728593)
(-0.0254016 0.0463538 0.00316877)
(-0.0259212 0.043494 0.00290496)
(-0.0263133 0.0361462 0.0017978)
(-0.0235051 0.0345414 0.00159044)
(-0.0252772 0.0370212 0.00128317)
(-0.0214318 0.033997 -2.70694e-05)
(-0.0198802 0.0306513 -0.000647829)
(-0.0178095 0.030151 0.000481803)
(-0.0171415 0.0397033 0.0176024)
(-0.0157046 0.0324365 0.0157784)
(-0.0164515 0.0376626 0.0173962)
(-0.0152324 0.0367871 0.0170498)
(-0.0143636 0.0354724 0.017016)
(-0.0142 0.0381602 0.0179291)
(-0.0216133 0.039407 0.0164951)
(-0.0240822 0.0391826 0.0150379)
(-0.0214059 0.0383752 0.0161361)
(-0.019396 0.0382059 0.0177966)
(-0.020387 0.0357407 0.0157112)
(-0.0242854 0.0394354 0.014472)
(-0.0265779 0.0391889 0.0134422)
(-0.0281355 0.0400444 0.0123216)
(-0.0284433 0.0398055 0.0110385)
(-0.0290496 0.0399233 0.00890742)
(-0.0277639 0.0387652 0.0112943)
(-0.0251151 0.0378037 0.0124652)
(-0.0235901 0.0414306 0.0163249)
(-0.0235052 0.0337975 0.0128557)
(-0.0332884 0.0261905 0.00202547)
(-0.0290767 0.0236801 0.0072472)
(-0.0301326 0.0232338 0.00558223)
(-0.0332576 0.0296929 0.000661682)
(-0.0113158 0.000407616 0.00587679)
(-0.0140751 0.000504867 0.00648275)
(-0.0163272 0.00116969 0.00608676)
(-0.0132556 0.000874208 0.00549358)
(-0.0153491 0.000831346 0.00504974)
(-0.0173327 0.00133641 0.00531609)
(-0.0243876 0.0178267 -0.00241028)
(-0.0249468 0.0207513 -0.00264635)
(-0.0272786 0.018935 -0.00294076)
(-0.0238861 0.0202032 -0.00262429)
(-0.0259468 0.0178304 -0.00211202)
(-0.0239208 0.0220751 -0.00207845)
(-0.0270805 0.0133609 -0.00139924)
(-0.0275953 0.0151711 -0.00167411)
(-0.0275502 0.0114433 0.000454232)
(-0.0267634 0.00972906 0.000503622)
(-0.0262458 0.0106851 -0.000180803)
(-0.025842 0.0129728 -0.00128024)
(-0.0232068 0.00595532 0.00225487)
(-0.0204758 0.00356881 0.00359532)
(-0.0232477 0.00582831 0.0018098)
(-0.0220588 0.00479326 0.00264867)
(-0.0220606 0.00507092 0.00362468)
(-0.0209635 0.00342319 0.00402402)
(-0.0160856 0.00668319 0.00519527)
(-0.0203627 0.00734387 0.00411882)
(-0.0226949 0.00843689 0.00339329)
(-0.0162201 0.00627537 0.00473401)
(-0.0189729 0.00793229 0.00456576)
(-0.032467 0.0179916 -0.00122416)
(-0.0310755 0.0160266 -0.00191257)
(-0.0318365 0.019164 -0.00422622)
(-0.0333143 0.0225881 -0.004452)
(-0.0333014 0.0210861 -0.00342319)
(-0.0300276 0.01476 -6.21962e-05)
(-0.0243447 0.0109226 0.00298219)
(-0.0301839 0.0159461 -1.17367e-06)
(-0.0176956 0.037876 -0.00274175)
(-0.0157099 0.0387376 -0.0014014)
(-0.0204203 0.0361763 -0.00370289)
(-0.0156518 0.0394323 -0.0011265)
(-0.0203458 0.037671 -0.00342618)
(-0.0165443 0.0399385 -0.0002546)
(-0.0145198 0.0421334 0.00248442)
(-0.011081 0.0351135 0.00438674)
(-0.0120712 0.0386526 0.00327549)
(-0.0120461 0.0393537 0.0051051)
(-0.0110479 0.0331491 0.00255762)
(-0.0146081 0.0408878 0.00130222)
(-0.0305592 0.0206307 -0.0044006)
(-0.0307264 0.0243286 -0.00549435)
(-0.0302251 0.0181046 -0.00399877)
(-0.0302567 0.0202872 -0.00429342)
(-0.017767 0.0299217 -0.000988023)
(-0.0170766 0.0336883 0.0010505)
(-0.0207846 0.0326244 -0.00236442)
(-0.0200676 0.0335838 -0.00207139)
(-0.0167824 0.0319924 -0.000149431)
(-0.017406 0.032077 -0.000584578)
(-0.034113 0.0289171 -0.0024952)
(-0.0315498 0.0338093 -0.00589803)
(-0.0315588 0.0323084 -0.00610664)
(-0.0314555 0.034777 -0.00677055)
(-0.0333903 0.0295419 -0.00333896)
(-0.0321273 0.0312316 -0.0036574)
(-0.0056318 0.0397075 0.000442059)
(-0.0102768 0.0375812 -0.00335539)
(-0.00527274 0.0360778 0.00022026)
(-0.00937576 0.0357932 -0.00146579)
(-0.00677458 0.0380844 -0.000553649)
(-0.00851403 0.0379174 -0.00088682)
(-0.0270211 0.0327769 -0.00574937)
(-0.0238891 0.0370591 -0.00607591)
(-0.0232463 0.0323553 -0.00436171)
(-0.0213095 0.0327907 -0.00480897)
(-0.0286054 0.0319486 -0.00673099)
(-0.0290532 0.0303532 -0.00719285)
(-0.0119671 0.0285946 0.00767433)
(-0.0131327 0.0305644 0.00915658)
(-0.0119983 0.0284086 0.00658244)
(-0.0141941 0.0321698 0.00818835)
(-0.0131692 0.0306977 0.00710904)
(-0.0130114 0.0303166 0.00818907)
(-0.0122494 0.0303625 0.00646954)
(-0.0105466 0.0296875 0.00592865)
(-0.0118227 0.0315464 0.00764135)
(-0.0120291 0.0301026 0.00562942)
(-0.0118301 0.0313855 0.00545959)
(-0.0116572 0.0304679 0.00687547)
(-0.0126116 0.0299873 0.00274709)
(-0.0129978 0.0304836 0.00406822)
(-0.0135836 0.0300151 0.00303323)
(-0.0132103 0.0321177 0.00422179)
(-0.0144013 0.0319182 0.0026207)
(-0.0138201 0.0290739 0.00184183)
(-0.015047 0.0314813 0.0015487)
(-0.0142384 0.0253425 0.00311244)
(-0.0138697 0.0271997 0.00393619)
(-0.0149744 0.0270265 0.00425593)
(-0.0142928 0.0271413 0.00380106)
(-0.0137211 0.0257337 0.0051509)
(-0.0221573 0.00910447 0.00206767)
(-0.0211426 0.0080364 0.00226205)
(-0.022188 0.00808252 0.00226285)
(-0.0219224 0.00560761 0.00339397)
(-0.0212765 0.00660823 0.00312792)
(-0.0212061 0.00583438 0.00368257)
(-0.0163126 0.0240768 0.00212421)
(-0.0147616 0.0248532 0.00367929)
(-0.0158287 0.0243527 0.00185387)
(-0.0169328 0.0256843 0.00350627)
(-0.0147212 0.0239934 0.0039912)
(-0.0153907 0.0253909 0.00285896)
(-0.0149231 0.0277731 0.0103822)
(-0.0139976 0.0273453 0.00859938)
(-0.013736 0.0279851 0.00995182)
(-0.0134476 0.0291136 0.00931922)
(-0.0134292 0.0261602 0.00993948)
(-0.0138833 0.0278902 0.00893863)
(-0.0140646 0.0257564 0.00689127)
(-0.0140892 0.0244966 0.00563885)
(-0.0134346 0.0243691 0.00697097)
(-0.0139236 0.0241754 0.00638348)
(-0.0142307 0.0253854 0.0051638)
(-0.0140565 0.0259048 0.0060021)
(-0.0176331 0.00645426 0.00515337)
(-0.0169783 0.00614736 0.00597326)
(-0.0176885 0.00294874 0.00595943)
(-0.0173435 0.00269022 0.00520629)
(-0.0173361 0.00206047 0.00698702)
(-0.0179943 0.00333625 0.00524229)
(-0.0157604 0.00127373 0.00678498)
(-0.0165855 0.0023141 0.00606114)
(-0.0149756 0.0231816 0.0109168)
(-0.0141601 0.0227805 0.00949569)
(-0.0144927 0.0239927 0.0101363)
(-0.0141824 0.0220313 0.0106337)
(-0.0141656 0.0234105 0.00953476)
(-0.0144973 0.0241621 0.0100267)
(-0.0171647 0.0225761 0.0128248)
(-0.0148476 0.0235352 0.0117494)
(-0.0164084 0.0246356 0.0119915)
(-0.018113 0.0241573 0.0135251)
(-0.0163802 0.0225332 0.0118047)
(-0.0166217 0.0226445 0.0125048)
(-0.00987488 0.0163165 0.00529658)
(-0.0156946 0.0221643 0.00482925)
(-0.00952893 0.0158486 0.00503848)
(-0.0133327 0.0198358 0.00562589)
(-0.0140322 0.0205261 0.00478208)
(-0.0113781 0.0181548 0.0045692)
(-0.0182847 0.0269627 0.00332123)
(-0.0147362 0.0230113 0.0021714)
(-0.0120061 0.0194691 0.00436096)
(-0.0197159 0.0276204 0.00364644)
(-0.0164925 0.0236995 0.0040843)
(-0.0121068 0.0201852 0.0041293)
(-0.0276211 0.0351677 0.00628616)
(-0.0243481 0.031537 0.00575512)
(-0.0298441 0.0376121 0.00822656)
(-0.0280673 0.0341803 0.00679418)
(-0.0278191 0.0333502 0.00307578)
(-0.0248014 0.0329228 0.00464918)
(-0.0207585 0.0269817 0.00841059)
(-0.0226793 0.0277773 0.00756862)
(-0.0169564 0.023162 0.006407)
(-0.0182997 0.0240274 0.00655422)
(-0.0196956 0.0251183 0.00616752)
(-0.0274124 0.0372312 0.0125848)
(-0.0282405 0.0365042 0.0114208)
(-0.0247028 0.0345018 0.0131056)
(-0.0251107 0.0336094 0.0118963)
(-0.028358 0.0323312 0.00953002)
(-0.0149888 0.0343804 0.014098)
(-0.0149439 0.0322169 0.0134937)
(-0.0142792 0.0327394 0.0134664)
(-0.0139933 0.0352431 0.0137878)
(-0.0162491 0.0371462 0.0150498)
(-0.0135885 0.0356178 0.0137905)
(-0.0105416 0.0331142 0.0132149)
(-0.0109203 0.0315329 0.0117883)
(-0.0134661 0.0361443 0.0136952)
(-0.00999156 0.0317499 0.0130356)
(-0.00999132 0.0304471 0.0124995)
(-0.0127487 0.0331975 0.0131036)
(-0.00605089 0.0364784 0.0153908)
(-0.0031307 0.0357461 0.0124423)
(-0.00371141 0.0370317 0.0112706)
(-0.00612661 0.0372029 0.0139349)
(-0.00471644 0.0358584 0.0111519)
(-0.00373596 0.0385399 0.0137917)
(-0.000432712 -0.00124405 0.000425385)
(-0.000319255 -0.00074896 0.000443915)
(-0.000387967 -0.000307146 0.000543899)
(-0.000243691 -0.0011609 0.00044052)
(-0.000424488 -0.000599383 0.000427767)
(-0.000678417 -0.000304822 0.000661555)
(-0.00267166 0.00082606 0.00206427)
(-0.00149452 0.000425231 0.00146694)
(-0.000795814 0.000363372 0.000870687)
(-0.00193582 0.000867507 0.0017067)
(-0.00216117 0.000987509 0.00201315)
(-0.00117505 0.000624888 0.00111915)
(-0.000348542 7.03186e-05 0.000852545)
(-0.000113759 -0.000468005 0.000547298)
(-0.000240309 5.4841e-05 0.000782259)
(-0.000561529 0.00106209 0.00109261)
(-0.000488757 0.00144389 0.00114569)
(-0.000197824 -0.000651173 0.000577451)
(-0.00223672 0.000399548 0.00231314)
(-0.00154918 0.000277603 0.00183555)
(-0.00228962 0.00070369 0.00219214)
(-0.00288001 0.000345428 0.00250328)
(-0.0010057 0.000505083 0.00122573)
(-0.00143161 0.000859421 0.00138812)
(-0.000767943 0.000454549 0.00106367)
(-0.000775412 0.000623402 0.0011366)
(-0.00094456 0.000568228 0.0014052)
(-0.000751876 0.000510349 0.00133049)
(-0.000938264 0.000403985 0.00125917)
(-0.000712737 0.000526419 0.00133626)
(-0.00658733 0.00597957 0.00698401)
(-0.00894865 0.00876399 0.0103059)
(-0.00668162 0.00562674 0.00837946)
(-0.00595516 0.0044819 0.00570594)
(-0.00453578 0.00383385 0.00702029)
(-0.00464501 0.00512713 0.00766122)
(-0.00371597 0.00344334 0.00487598)
(-0.00488275 0.00260997 0.00436922)
(-0.00155907 0.00307013 0.00430108)
(-0.00125117 0.00164587 0.00417432)
(-0.00206657 0.00415843 0.00472684)
(-0.00129053 0.00210446 0.00476014)
(-0.00174792 0.00335812 0.0049349)
(-0.00121141 0.00195741 0.0037797)
(-0.00452132 -0.000423859 0.00740789)
(-0.00227591 -7.46683e-06 0.0055503)
(-0.00303187 -0.000128564 0.00702191)
(-0.00393617 -0.000294742 0.00678605)
(-0.00292244 2.49316e-05 0.00581941)
(-0.00399611 -2.67245e-05 0.00765295)
(-0.00440959 -4.82587e-05 0.00907949)
(-0.0051576 -0.00046278 0.0101518)
(-0.00289147 0.000705757 0.00774906)
(-0.00377269 0.000852413 0.00904769)
(-0.00502741 0.000739145 0.00992673)
(-0.0035461 0.000662072 0.00799486)
(-0.0169946 0.0182888 0.00402151)
(-0.017368 0.0161888 0.00279127)
(-0.0167769 0.0157736 0.00353452)
(-0.0157509 0.0166232 0.00312405)
(-0.0163115 0.0166459 0.0044672)
(-0.014118 0.0168594 0.00537709)
(-0.013175 0.017333 0.00700936)
(-0.0152839 0.0188231 0.00782055)
(-0.0124071 0.0180051 0.00844872)
(-0.0130715 0.0178057 0.00873861)
(-0.0120231 0.0167943 0.00952877)
(-0.0121825 0.0168836 0.00794782)
(-0.0121063 0.0171294 0.00905462)
(-0.0124739 0.0178197 0.00819491)
(-0.00294447 0.000716631 0.00693898)
(-0.001477 0.000685177 0.00459199)
(-0.00201659 0.00075075 0.00600358)
(-0.00171099 0.000337537 0.00473289)
(-0.00148861 0.000473083 0.00397116)
(-0.00128173 0.000952717 0.00437085)
(-0.0010859 0.000742039 0.00341752)
(-0.00111538 0.000944792 0.00365154)
(-0.00119638 0.00137895 0.004768)
(-0.00108944 0.00167684 0.00480728)
(-0.00195066 0.00116167 0.00614765)
(-0.00150157 0.00154564 0.00567604)
(-0.00151811 0.00206219 0.00583837)
(-0.00179115 0.0020318 0.00699636)
(-0.00244698 0.00131708 0.00725438)
(-0.00205371 0.00148081 0.0072687)
(-0.00262065 0.00149162 0.00885483)
(-0.00327591 0.000997653 0.00926131)
(-0.0175562 0.0270558 0.0128406)
(-0.0202246 0.0299082 0.0135206)
(-0.0187092 0.0280946 0.0133301)
(-0.0182596 0.0270168 0.012915)
(-0.000862003 0.00110313 0.00160017)
(-0.00078967 0.000996358 0.00142391)
(0.000718855 0.0301974 0.00779241)
(0.000310024 0.0259912 0.0089039)
(-2.15285e-05 0.0312988 0.00695303)
(4.34361e-06 0.0313441 0.00752973)
(-0.00253843 0.0321479 0.012507)
(-0.00655128 0.0407782 0.0117194)
(-0.00116522 0.0297428 0.0071769)
(-0.00534858 0.0356899 0.0104006)
(-0.00432667 0.0352796 0.00692422)
(-0.00323119 0.0332952 0.00942283)
(-0.000942451 0.0344506 0.00749883)
(-0.00293182 0.0328185 0.00736423)
(-0.0138961 0.0348707 0.0134481)
(-0.0268919 0.0307191 0.00674221)
(-0.0287903 0.0364072 0.00986011)
(-0.0214998 0.0279249 0.0043481)
(-0.0169248 0.0231018 0.0039835)
(-0.0184902 0.0245637 0.00590363)
(-0.0141515 0.0181245 0.0118966)
(-0.0145763 0.0203528 0.0113221)
(-0.015016 0.0186703 0.0124157)
(-0.0181853 0.0252043 0.0145201)
(-0.0165941 0.0197204 0.013773)
(-0.0148125 0.0187476 0.0124408)
(-0.0139363 0.0166289 0.0119632)
(-0.0140986 0.0177218 0.0118492)
(-0.0139255 0.0174603 0.0122383)
(-0.013954 0.0176446 0.0122673)
(-0.0130851 0.0165501 0.0118727)
(-0.0133949 0.0178958 0.011434)
(-0.0138914 0.0175064 0.0122902)
(-0.0135309 0.0171863 0.0118755)
(-0.012543 0.0168404 0.0109184)
(-0.0148727 0.0192789 0.0118836)
(-0.014347 0.0213157 0.0111702)
(-0.0135802 0.0190373 0.0111337)
(-0.0168172 0.0222381 0.0129955)
(-0.0137226 0.0195108 0.0102469)
(-0.0115505 -0.000773324 0.00978743)
(-0.0121788 -0.000249732 0.00854525)
(-0.0125588 -0.000505725 0.00804237)
(-0.0127967 0.000102978 0.00953917)
(-0.012239 -0.00032217 0.00839689)
(-0.0113835 -0.000109979 0.00901615)
(-0.0140544 0.000833926 0.00772384)
(-0.0150213 0.000628166 0.00739996)
(-0.020275 0.0233117 -0.000840249)
(-0.0192457 0.00468609 0.00366666)
(-0.0187632 0.0050694 0.00481775)
(-0.0147318 0.0259442 0.00436266)
(-0.0112902 0.0302482 0.00457931)
(-0.011855 0.0253634 0.00612096)
(-0.0124113 0.0263659 0.00743258)
(-0.0134084 0.0278094 0.00727233)
(-0.0149882 0.0294103 0.00838415)
(-0.0137011 0.0267868 0.00768361)
(-0.0133447 0.0273857 0.00555158)
(-0.0136863 0.026665 0.00626024)
(-0.0140653 0.0261769 0.00779489)
(-0.0145782 0.0278532 0.00706784)
(-0.01442 0.0272802 0.00556809)
(-0.01463 0.0283757 0.0018705)
(-0.0151206 0.0291063 0.000391104)
(-0.0161082 0.0286758 0.00187609)
(-0.0163502 0.0279208 0.00170764)
(-0.0179563 0.0279082 0.00098969)
(-0.0176909 0.0239247 1.78349e-06)
(-0.0202123 0.0264846 -0.00107547)
(-0.0193433 0.024997 -0.000548509)
(-0.0181969 0.0265598 0.000351528)
(-0.0158441 0.0275502 0.00272731)
(-0.017401 0.0256788 0.000835261)
(-0.0176376 0.0268709 0.00114058)
(-0.0159135 0.026737 0.00231632)
(-0.0156455 0.0266368 0.00307225)
(-0.0161634 0.0286248 0.000377312)
(-0.0166885 0.0302238 0.00125656)
(-0.0172547 0.0294332 0.00054069)
(-0.0181268 0.0272277 9.84491e-05)
(-0.0179479 0.0282723 -1.62515e-06)
(-0.0198538 0.0345488 -0.00322247)
(-0.0244101 0.0311407 -0.00601183)
(-0.0226475 0.0343736 -0.0030947)
(-0.0330979 0.0205883 -0.00588339)
(-0.0315371 0.0243137 -0.00604496)
(-0.0256467 0.0287058 -0.00597837)
(-0.0300696 0.0261135 -0.00604827)
(-0.0304583 0.0263767 -0.00551197)
(-0.0293357 0.0316308 -0.00598326)
(-0.0247949 0.0393103 -0.00627312)
(-0.022709 0.0392553 -0.00443766)
(-0.0230343 0.0310291 -0.00540169)
(-0.0214798 0.0269253 -0.00171099)
(-0.02145 0.0284503 -0.000775182)
(-0.0114973 0.0321301 0.00468121)
(-0.0194984 0.0313121 -0.00264912)
(-0.017702 0.0324036 -0.00184773)
(-0.018602 0.0348707 -0.00354829)
(-0.0112298 0.0347262 -0.00211161)
(-0.0148047 0.0335196 -0.000298396)
(-0.0202371 0.0405608 -0.00413496)
(-0.0174061 0.0407275 -0.00188338)
(-0.0125805 0.0352845 0.00116866)
(-0.0120177 0.0380417 0.000244131)
(-0.0138879 0.0399769 0.00153069)
(-0.0145031 0.0386295 -0.000998352)
(-0.0297303 0.0182541 -0.0037816)
(-0.0291772 0.0153037 -0.00240838)
(-0.0142331 0.00301657 0.00430085)
(-0.018205 0.00537401 0.00416925)
(-0.0273978 0.0101711 0.000498781)
(-0.0180012 0.00444289 0.00428413)
(-0.0241535 0.0069401 0.00279077)
(-0.0249022 0.00801687 0.0021787)
(-0.0202174 0.00544764 0.00378018)
(-0.0129676 0.00338621 0.00483039)
(-0.0203282 0.00419051 0.00391675)
(-0.0231032 0.00503895 0.00286965)
(-0.0280194 0.0172713 -0.00316678)
(-0.0267947 0.00949159 -0.000752252)
(-0.0283952 0.0128187 -0.00223084)
(-0.028664 0.014475 -0.00245152)
(-0.0266055 0.0076187 0.00294482)
(-0.0229382 0.00677388 0.00302145)
(-0.0259212 0.00823652 0.000253568)
(-0.0248862 0.00650931 0.00134301)
(-0.024347 0.0100263 3.40637e-05)
(-0.0254917 0.011238 -0.00100823)
(-0.0216255 0.0229566 -0.00207052)
(-0.0220608 0.0245865 -0.00186745)
(-0.0239976 0.0248554 -0.00262512)
(-0.0251879 0.0218111 -0.00336707)
(-0.0268646 0.0166541 -0.00288882)
(-0.0259199 0.0205856 -0.00372604)
(-0.0272947 0.0191016 -0.00292568)
(-0.0249725 0.013213 -0.00125157)
(-0.0260152 0.0146882 -0.00187645)
(-0.0236359 0.0160535 -0.00192935)
(-0.0252501 0.0144545 -0.00162527)
(-0.0245594 0.0101751 9.29267e-05)
(-0.0241606 0.00715657 0.000596982)
(-0.0246645 0.0087654 0.000775142)
(-0.0212694 0.00448314 0.00394025)
(-0.0134151 0.0028682 0.00473762)
(-0.0151047 0.00289937 0.00511445)
(-0.0133589 0.00122513 0.00524169)
(-0.0174082 0.00347234 0.00487558)
(-0.0178983 0.00262478 0.00433201)
(-0.0233702 0.00914075 0.00156257)
(-0.0244049 0.00791421 0.00175805)
(-0.0217831 0.00577377 0.00299917)
(-0.0229345 0.00808828 0.00143534)
(-0.0228088 0.00680372 0.00158074)
(-0.020499 0.00370307 0.00348127)
(-0.0171614 0.00231015 0.00469075)
(-0.0117001 0.00158004 0.00554251)
(-0.0324865 0.0320911 -0.00215122)
(-0.0341014 0.0233731 -0.00527015)
(-0.0324077 0.025808 -0.00614002)
(-0.0327929 0.0265938 -0.00619364)
(-0.0320419 0.0283058 -0.00644092)
(-0.0315323 0.0292306 -0.00674629)
(-0.0304568 0.0358484 -0.00719538)
(-0.0325714 0.0289645 -0.0059249)
(-0.0248824 0.0365071 -0.00669711)
(-0.027505 0.0345455 -0.00673129)
(-0.034158 0.022783 -0.00339521)
(-0.0312669 0.0195452 0.000958306)
(-0.029991 0.0191449 0.00347816)
(-0.0282287 0.0196922 0.0056367)
(-0.0239849 0.0166659 0.00789092)
(-0.0337507 0.0252532 -0.000670749)
(-0.0330511 0.0235013 0.00213623)
(-0.0349203 0.0259994 -0.00273111)
(-0.0342599 0.0271107 -0.00369626)
(-0.0212138 0.0118082 0.00564388)
(-0.0273435 0.0174255 0.00564184)
(-0.0280292 0.0171821 0.00386725)
(-0.0255162 0.0132643 0.00386956)
(-0.0200571 0.0121024 0.00712804)
(-0.0231309 0.0134498 0.00624766)
(-0.020749 0.0137641 0.00780112)
(-0.0193254 0.036549 0.0162647)
(-0.0215047 0.0270445 0.00881916)
(-0.0200677 0.0316247 0.0141977)
(-0.0237473 0.0340167 0.0134561)
(-0.0286792 0.0365071 0.0108001)
(-0.0253327 0.0362211 0.0126783)
(-0.0206744 0.0287301 0.00278347)
(-0.0226729 0.0330351 0.00248878)
(-0.0189458 0.0275077 0.00250335)
(-0.0225271 0.0302686 0.00196708)
(-0.0276106 0.0397397 0.014119)
(-0.0264088 0.0341287 0.0110167)
(-0.0247386 0.0363382 0.0134472)
(-0.0178786 0.0385521 0.0184494)
(-0.016899 0.038976 0.0191326)
(-0.0249276 0.0435165 0.0123844)
(-0.0234008 0.0402457 0.0128105)
(-0.0288032 0.0404421 0.00983694)
(-0.0225772 0.0395993 0.0152234)
(-0.024594 0.0414999 0.0143266)
(-0.0270206 0.042022 0.00991294)
(-0.0200837 0.0370401 0.0165132)
(-0.0205604 0.0370696 0.0160073)
(-0.0217849 0.0387815 0.0159493)
(-0.0227773 0.0398834 0.0156516)
(-0.0273544 0.0423988 0.013705)
(-0.00955072 0.0177805 0.00320422)
(-0.0132937 0.0220043 0.00269031)
(-0.0160995 0.0255671 0.00187198)
(-0.0222985 0.0443734 0.00176127)
(-0.0289162 0.0405306 0.00527304)
(-0.028992 0.0436091 0.00963967)
(-0.0279704 0.0405143 0.00330842)
(-0.028225 0.0432459 0.00226164)
(-0.0287171 0.0440262 0.00765155)
(-0.0244506 0.0375415 -0.00172108)
(-0.0298172 0.0424384 0.00269181)
(-0.0290487 0.0443227 0.00628747)
(-0.0263397 0.044678 0.0024311)
(-0.0230324 0.0395756 -0.000808)
(-0.0244317 0.0452217 0.00196228)
(-0.0211326 0.0360034 0.000275888)
(-0.0160126 0.0312392 -0.000173478)
(-0.00457361 0.0146302 0.00281726)
(-0.00566256 0.0195742 -9.31203e-05)
(-0.00825382 0.0215081 0.00156945)
(-0.00508986 0.0148262 0.00241792)
(-0.0107152 0.0268537 4.12169e-05)
(-0.00907359 0.0263174 0.00165265)
(-0.0176987 0.0335055 -0.000948002)
(-0.0139323 0.0297504 0.000680494)
(-0.0129879 0.0265216 0.000609587)
(-0.00863489 0.0198145 0.000805111)
(-0.0137827 0.025514 -0.000437804)
(-0.00879815 0.0173604 0.0034261)
(-0.0062372 0.0135119 0.00345673)
(-0.00534548 0.0119401 0.00321545)
(-0.0144995 0.02452 0.00204268)
(-0.0110023 0.0202451 0.00168526)
(-0.0163794 0.0279006 0.00135682)
(-0.0174086 0.0277868 0.00130886)
(-0.00654456 0.0161896 0.00231811)
(-0.0124638 0.0317387 0.00751625)
(-0.0122679 0.0323465 0.0108717)
(-0.0118063 0.0338703 0.0108912)
(-0.0122701 0.0318292 0.0110544)
(-0.0126928 0.0311134 0.00936474)
(-0.0123293 0.0310853 0.0102971)
(-0.0124956 0.0360534 0.0063601)
(-0.00992375 0.0315163 0.00955567)
(-0.0113197 0.0316488 0.00928182)
(-0.0107564 0.0292 0.00802247)
(-0.0107309 0.0324135 0.00924272)
(-0.0106457 0.0319127 0.00614313)
(-0.0109063 0.030334 0.00852579)
(-0.0109622 0.0340439 0.0115354)
(-0.0106224 0.0338969 0.0110443)
(-0.00951685 0.0339853 0.00990617)
(-0.00852116 0.0290319 0.0104624)
(-0.0104983 0.0341115 0.0119447)
(-0.0093842 0.035214 0.0109027)
(-0.00825376 0.0345919 0.00798374)
(-0.00796482 0.0360933 0.0100084)
(-0.0125741 0.0371911 0.00581953)
(-0.00964791 0.0304117 0.00653346)
(-0.00843475 0.0300946 0.00369793)
(-0.00930424 0.029154 0.00282909)
(-0.0220186 0.0369537 0.0150576)
(-0.0212672 0.0328102 0.0143122)
(-0.0164986 0.0308755 0.0139946)
(-0.0133581 0.0296883 0.0133333)
(-0.0169667 0.0368212 0.0159138)
(-0.0132623 0.035816 0.0148935)
(-0.0146211 0.0353925 0.0144314)
(-0.0153823 0.0357639 0.0146722)
(-0.0167937 0.0367288 0.0182388)
(-0.0159166 0.0349889 0.0170357)
(-0.0123082 0.0354622 0.017451)
(-0.0144803 0.0375397 0.0180177)
(-0.0136278 0.035872 0.0185097)
(-0.0130124 0.0364661 0.0186802)
(-0.0113527 0.0343238 0.0169189)
(-0.0127509 0.0362142 0.0178161)
(-0.0128647 0.0302558 0.0148087)
(-0.0122693 0.0348866 0.0165365)
(-0.0119645 0.0370754 0.0171857)
(-0.0121134 0.0333272 0.0159628)
(-0.0108249 0.0362077 0.0164974)
(-0.0117835 0.0367121 0.0175509)
(-0.0105426 0.0300754 0.0129067)
(-0.0117883 0.029699 0.01447)
(-0.00749608 0.030728 0.0115201)
(-0.00846856 0.0353997 0.0133849)
(-0.0107596 0.0320784 0.0146883)
(-0.00924305 0.0357276 0.0155337)
(-0.00959651 0.0368455 0.0162435)
(-0.0105931 0.0319746 0.0142583)
(-0.0122245 0.0288759 0.00892414)
(-0.0131775 0.030778 0.00843637)
(-0.013031 0.0291716 0.00929042)
(-0.0158674 0.03401 0.0142109)
(-0.0170321 0.0359558 0.0150898)
(-0.0172931 0.0367182 0.0151537)
(-0.0041325 0.0236385 0.014708)
(-0.00762082 0.0303933 0.0185896)
(-0.00708048 0.0327349 0.0180383)
(-0.00870992 0.035406 0.0184206)
(-0.0112402 0.035352 0.0181185)
(-0.00948068 0.0337202 0.0172676)
(-0.0104596 0.0353888 0.017965)
(-0.0084672 0.0295737 0.0199548)
(-0.0195737 0.0367092 0.0163789)
(-0.017693 0.0357423 0.0174404)
(-0.0179815 0.0369885 0.0182406)
(-0.00191577 0.0234558 0.0153756)
(-0.000113545 0.0265088 0.0156561)
(-0.000585232 0.0247919 0.0106512)
(0.000452762 0.0262864 0.0134953)
(-0.00143697 0.0287838 0.0125605)
(-0.000659317 0.027526 0.0135454)
(-0.00293349 0.0312787 0.0124621)
(-0.00364319 0.0321375 0.0174228)
(-0.0014133 0.0308707 0.0150481)
(-0.0011401 0.0259898 0.0138007)
(-0.00768419 0.0338268 0.0178388)
(-0.00567632 0.033629 0.0179259)
(-0.0067033 0.0349755 0.018623)
(-0.00706021 0.0343108 0.017282)
(-0.0091595 0.0345793 0.0054796)
(-0.00789507 0.0354483 0.0056162)
(-0.00697515 0.0385145 0.00731735)
(-0.00597873 0.0399207 0.00605792)
(-0.00922263 0.0347058 0.00190831)
(-0.00819493 0.0356998 0.00101991)
(-0.00761744 0.0348022 8.48472e-05)
(-0.00224417 0.0314342 0.00422628)
(-0.000780103 0.0302544 0.00660229)
(-0.00708725 0.0371956 0.00860551)
(-0.00607536 0.038141 0.00862569)
(-0.00707655 0.0353502 0.00717687)
(-0.00704137 0.0364226 0.00725131)
(-0.0057938 0.0400102 0.012052)
(-0.00760207 0.0365166 0.0125801)
(-0.00562691 0.0371073 0.0127988)
(-0.00845819 0.0394222 0.0156722)
(-0.00480766 0.0357332 0.0145553)
(-0.00641532 0.0348649 0.0155252)
(-0.0102465 0.00189552 0.0047996)
(-0.0110064 0.00274869 0.00525254)
(-0.00489493 0.00162599 0.00339911)
(-0.00316029 0.000946898 0.00279491)
(-0.00974248 0.000716714 0.00577025)
(-0.00475249 0.000625126 0.0037321)
(-0.00278905 0.00121115 0.00214444)
(-0.00496364 0.00224662 0.00331024)
(-0.0153118 0.00490431 0.00475588)
(-0.0130566 0.00368032 0.00460611)
(-0.0099985 0.00354064 0.00448903)
(-0.0138998 0.00510063 0.00492403)
(-0.00114294 0.000488675 0.00120907)
(-0.00163095 6.37836e-05 0.00151117)
(-0.00842701 0.00356943 0.00437378)
(-0.00632677 0.00254983 0.00367175)
(-0.0106067 0.00363042 0.00443094)
(-0.00953908 0.0042228 0.00465196)
(-0.000961484 0.00164181 0.00161249)
(-0.000978937 0.00226305 0.00168132)
(-0.0189724 0.00235744 0.00482283)
(-0.0182324 0.00250804 0.00415739)
(-0.0166615 0.00174901 0.00575549)
(-0.0180931 0.0032171 0.00555885)
(-0.0123468 -0.000312571 0.00645682)
(-0.00117226 0.0035887 0.0020467)
(-0.000847749 0.00326656 0.00130308)
(-0.00176729 0.00626778 0.00211747)
(-0.0026071 0.00953843 0.0025162)
(-0.00123402 0.00239745 0.00197652)
(-0.00100023 0.00184024 0.00175574)
(-0.00146783 0.00303617 0.00210917)
(-0.00178351 0.0040665 0.00221648)
(-0.00402165 0.00975017 0.00285826)
(-0.00511795 0.0210381 0.00175459)
(-0.00208311 0.0204928 0.0040041)
(-0.0017249 0.00848449 0.00340382)
(-0.00760751 0.0302647 0.00218623)
(-0.000437897 0.00135631 0.000916745)
(-0.000188206 -0.000992273 0.000417836)
(-0.000566729 0.00136996 0.00162986)
(-0.00110553 0.0047008 0.00237893)
(-0.00073092 0.00750709 0.00329487)
(-0.000432129 0.00348179 0.00166762)
(0.000101157 0.00512107 0.0044631)
(-0.0140062 0.0414239 0.000573418)
(3.2355e-05 0.00273568 0.00207322)
(-0.000514501 0.000141012 0.000877598)
(0.000385789 0.00343535 0.00320052)
(-0.000260976 0.000708547 0.00221874)
(-0.000724776 -0.00078984 0.000666034)
(-0.0125414 0.00526807 0.00498365)
(-0.021387 0.00899034 0.00441611)
(-0.0176856 0.00802819 0.00507739)
(-0.0105624 0.00749439 0.007427)
(-0.0155109 0.00978698 0.00709532)
(-0.0133392 0.00739115 0.00543947)
(-0.0113359 0.00646715 0.00559631)
(-0.0099492 0.00694062 0.00634737)
(-0.0131885 0.00809305 0.00653357)
(-0.00721554 0.00391623 0.00419332)
(-0.00537777 0.00272518 0.00359657)
(-0.00431605 0.00239507 0.00317465)
(-0.00217909 0.00029731 0.00189965)
(-0.00288059 0.0013132 0.00250785)
(-0.00728508 0.00433652 0.00477371)
(-0.00821888 0.00552635 0.00575045)
(-0.00877335 0.00487067 0.0049463)
(-0.00689394 0.00372462 0.00490406)
(-0.0025546 0.00093842 0.00233804)
(-0.00196704 0.000315247 0.00203433)
(-0.00262877 0.00128593 0.00315743)
(-0.0173724 0.0116821 0.00800831)
(-0.0122776 0.00987495 0.0084185)
(-0.0150065 0.0105391 0.00819653)
(-0.0152053 0.0133267 0.0105546)
(-0.00968155 0.0106381 0.0110188)
(-0.0126409 0.0105517 0.00924717)
(-0.0180283 0.0155684 0.0121933)
(-0.0232058 0.0177528 0.0102616)
(-0.0255184 0.0193489 0.00933513)
(-0.0187488 0.0225215 0.00775775)
(-0.0171185 0.0236166 0.0100314)
(-0.0149503 0.0205994 0.00920875)
(-0.0209826 0.026571 0.00988127)
(-0.0137854 0.021101 0.0104569)
(-0.0161192 0.0208735 0.00906025)
(-0.013487 0.0265045 0.00973239)
(-0.0132094 0.0268937 0.00852545)
(-0.0142761 0.0259785 0.00870784)
(-0.0152039 0.0262571 0.0110001)
(-0.0179292 0.0253927 0.0126311)
(-0.0193448 0.0271594 0.0132481)
(-0.0187456 0.0274347 0.0132039)
(-0.0151684 0.0207663 0.0105298)
(-0.0128589 0.020463 0.00958906)
(-0.015753 0.0240173 0.0115063)
(-0.0142139 0.0218476 0.0109091)
(-0.0146865 0.0248524 0.010085)
(-0.0165859 0.0263158 0.0123864)
(-0.0156359 0.0270113 0.0107738)
(-0.0210583 0.0266938 0.0130588)
(-0.0196378 0.0273641 0.0129596)
(-0.0213754 0.0282697 0.0135312)
(-0.0204993 0.027009 0.0134898)
(-0.0235916 0.0276404 0.0119476)
(-0.0224556 0.0280883 0.0129494)
(-0.0227006 0.0270088 0.0132827)
(-0.0228701 0.0279993 0.0135393)
(-0.020249 0.0244354 0.0123637)
(-0.021123 0.0258361 0.0122968)
(-0.0224626 0.0259944 0.0120543)
(-0.0177771 0.0238413 0.0106498)
(-0.0189691 0.0240971 0.0110513)
(-0.0212827 0.0261585 0.0141872)
(-0.0223172 0.0260042 0.0138459)
(-0.0217563 0.0248765 0.0135481)
(-0.0211323 0.0241775 0.0126009)
(-0.0212281 0.0242344 0.015442)
(-0.0194645 0.0226207 0.0139408)
(-0.0185428 0.0251474 0.0137091)
(-0.0173723 0.0238593 0.0130105)
(-0.0176387 0.0232539 0.0127183)
(-0.0184515 0.0239225 0.0132359)
(-0.0194195 0.0257553 0.0136641)
(-0.0203542 0.0243229 0.0134203)
(-0.0195131 0.0245301 0.0134606)
(-0.0193531 0.0252367 0.0135216)
(-0.0208015 0.0239922 0.013853)
(-0.0214932 0.0248339 0.0153626)
(-0.0129481 0.0294167 0.0111913)
(-0.0129789 0.0306789 0.0102003)
(-0.0138315 0.0331512 0.0120166)
(-0.0140965 0.0298412 0.0123352)
(-0.0157245 0.0332774 0.0137849)
(-0.0150361 0.0307939 0.0118103)
(-0.0165116 0.0317703 0.0117937)
(-0.0183897 0.029124 0.012934)
(-0.0176131 0.02971 0.0128419)
(-0.0171017 0.0299741 0.0127536)
(-0.0177216 0.0299226 0.0131777)
(-0.0207267 0.0306859 0.0136741)
(-0.0218619 0.0271833 0.0123421)
(-0.0258105 0.0354257 0.0134702)
(-0.0266655 0.0342999 0.0124172)
(-0.0263574 0.0325375 0.0105946)
(-0.0250351 0.0293651 0.00744553)
(-0.0239065 0.0291578 0.00948441)
(-0.0253177 0.0309924 0.00988724)
(-0.0235555 0.0354892 0.0139787)
(-0.0216521 0.0333663 0.0145632)
(-0.0161675 0.0338249 0.0135391)
(-0.0166201 0.0311577 0.0134756)
(-0.0163976 0.0273842 0.0117518)
(-0.0204553 0.028848 0.0125781)
(-0.0179489 0.0331413 0.0143084)
(-0.0180536 0.0287341 0.0129809)
(-0.0196911 0.0274519 0.012659)
(-0.00165806 0.00232081 0.00740258)
(-0.00677149 -0.000835908 0.00909738)
(-0.00614758 -0.000176147 0.00909946)
(-0.0052015 0.000226096 0.00903217)
(-0.00658889 -0.000467594 0.00934437)
(-0.00724331 -0.000245168 0.0112708)
(-0.00689569 -8.68053e-05 0.0115688)
(-0.00529813 0.000247618 0.010395)
(-0.0059361 -0.000399655 0.0099306)
(-0.00160092 0.00296331 0.00730882)
(-0.00151185 0.00273649 0.0063983)
(-0.00195301 0.004873 0.00770669)
(-0.0014837 0.00334398 0.00725786)
(-0.0163121 0.0233578 0.00920033)
(-0.0111706 0.0185499 0.00974578)
(-0.0124298 0.0200961 0.00985018)
(-0.0134728 0.021362 0.00977176)
(-0.00874531 0.0163526 0.00922188)
(-0.00278879 0.00575054 0.00519749)
(-0.00208093 0.00567577 0.00759275)
(-0.00338592 0.00874021 0.00861182)
(-0.00318587 0.00802972 0.00817038)
(-0.00573467 -0.000608368 0.00801984)
(-0.00669485 -0.000767798 0.00812642)
(-0.0050225 0.0105601 0.00347446)
(-0.00316176 0.00691992 0.00334565)
(-0.00261619 0.0052642 0.00324811)
(-0.00308631 0.00666085 0.0059643)
(-0.00382947 0.00841501 0.00721788)
(-0.00136029 0.00277436 0.00537671)
(-0.00155314 0.0034819 0.00565907)
(-0.00264355 0.00550087 0.00590093)
(-0.00228602 0.00567501 0.00668814)
(-0.00198488 0.00483634 0.00684477)
(-0.0013338 0.00299415 0.00593258)
(-0.00646853 0.0122167 0.00557875)
(-0.00414097 0.0087116 0.00642622)
(-0.00465531 0.0100013 0.00717767)
(-0.0158227 0.0224929 0.00822751)
(-0.0187073 0.0236865 0.00825528)
(-0.00593348 0.0121308 0.00793945)
(-0.00526276 0.0116325 0.00915207)
(-0.00836628 0.0157855 0.00898536)
(-0.0111189 0.0175055 0.00756292)
(-0.0105473 0.0170441 0.00779569)
(-0.00699228 0.0137388 0.00790703)
(-0.00529406 0.0105125 0.00635657)
(-0.00930712 0.0161469 0.00641104)
(-0.0109738 0.0183544 0.00776886)
(-0.00663286 0.0130249 0.00748619)
(-0.0138228 0.0200591 0.00549298)
(-0.0117166 0.0185427 0.00658416)
(-0.0154657 0.0224408 0.00765455)
(-0.0111187 0.0182761 0.0069206)
(-0.00184982 0.00360324 0.00326805)
(-0.00110661 0.000989579 0.00313851)
(-0.00124574 0.000855254 0.00289639)
(-0.00118897 0.000964059 0.00278526)
(-0.00197001 0.00417571 0.00456797)
(-0.00107936 0.00146684 0.00315861)
(-0.00302705 0.00648869 0.00365679)
(-0.00251254 0.00508164 0.00347688)
(-0.00286193 0.00568698 0.00413493)
(-0.00748488 0.014621 0.00401918)
(-0.00421752 0.00897779 0.00400604)
(-0.00539468 0.0111981 0.00400258)
(-0.00331339 0.00694614 0.00456833)
(-0.00658433 0.0122034 0.00495728)
(-0.0077437 0.0143491 0.00445028)
(-0.00844218 0.0157686 0.00410499)
(-0.00985719 0.0165535 0.0045551)
(-0.00635624 0.0118405 0.0047897)
(-0.0068438 0.0131224 0.00440329)
(-0.00405886 0.00810237 0.00435026)
(-0.0063073 -0.0010395 0.00679631)
(-0.00682617 -0.000375299 0.00765295)
(-0.00591568 -0.000360063 0.00749321)
(-0.00561054 -0.000145437 0.00668096)
(-0.00465488 -0.000194323 0.00692017)
(-0.00135848 0.000516502 0.00315076)
(-0.00160209 0.00051528 0.00325811)
(-0.00170924 0.00040088 0.00396978)
(-0.00232542 0.000302173 0.00465206)
(-0.00174285 0.000205402 0.00293141)
(-0.001266 0.000349413 0.0016626)
(-0.00594742 -3.82388e-05 0.00563926)
(-0.00508767 -0.000459709 0.00554644)
(-0.00380459 -0.000102947 0.00470463)
(-0.00332428 0.000174871 0.00337306)
(-0.00507348 0.000158555 0.00493161)
(-0.000953638 0.00132423 0.00175585)
(-0.00133244 0.00250221 0.00205409)
(-0.00181018 0.00357463 0.00237858)
(-0.00155902 0.002712 0.00281279)
(-0.00806095 -0.000725483 0.00933631)
(-0.0106658 -0.000728126 0.0089328)
(-0.017018 0.00204114 0.00658613)
(-0.0158898 0.000879474 0.00720126)
(-0.0149633 0.000878215 0.0076308)
(-0.0142294 0.00118001 0.00869642)
(-0.013069 -0.000873749 0.00877757)
(-0.0108877 -0.000497012 0.00994155)
(-0.00827657 -0.000747715 0.0100747)
(-0.0090525 -0.000989481 0.00994316)
(-0.0100354 -0.00103392 0.00958509)
(-0.00291301 0.00184577 0.00477594)
(-0.000423687 -0.00097432 0.000563307)
(-0.00130311 -0.000896853 0.000949428)
(-0.00104235 -0.000652707 0.000911769)
(-0.0010261 0.000789316 0.00324648)
(-0.00109419 0.00126071 0.00285289)
(-0.00139299 -0.000509914 0.00159324)
(-0.0021309 0.000803895 0.0028377)
(-0.00238778 0.000842964 0.00403719)
(-0.00091077 0.00119423 0.00379562)
(-0.000417136 -0.00140025 0.000194411)
(-0.000771822 -0.000594399 0.000610116)
(-0.000888902 -0.00121708 0.000778151)
(-0.00738236 -0.00109486 0.00713797)
(-0.0105504 -0.000506089 0.0072159)
(-0.012054 0.000390136 0.0079712)
(-0.0146356 0.000495013 0.00698479)
(-0.0156383 0.00135133 0.00641498)
(-0.0125928 -0.000283416 0.00713813)
(-0.0126046 -0.000551879 0.00684895)
(-0.0108679 -0.000780798 0.00695696)
(-0.00820925 -0.000608339 0.00614674)
(-0.00666578 -0.000716789 0.00586996)
(-0.00988984 -0.000809406 0.00728542)
(-0.00792185 -0.000795946 0.00662127)
(-0.0157479 0.0177105 0.00626053)
(-0.0158569 0.0153458 0.00409072)
(-0.0155254 0.0152544 0.00488782)
(-0.0151709 0.0161136 0.0059236)
(-0.0170154 0.0151235 0.00494603)
(-0.01412 0.0195976 0.00538049)
(-0.020726 0.022061 -0.0013377)
(-0.0200074 0.0217431 -0.000560361)
(-0.0173099 0.0226868 0.000241348)
(-0.0184391 0.0246503 0.00107354)
(-0.0154574 0.0188478 0.00353791)
(-0.0161979 0.0181716 0.00363604)
(-0.0181653 0.0160533 0.00217182)
(-0.0160305 0.0205834 0.00500309)
(-0.0160015 0.0213606 0.0045805)
(-0.0182798 0.02164 0.00362086)
(-0.0238997 0.0183594 -0.00151274)
(-0.0226695 0.0205819 -0.00227254)
(-0.0219374 0.0196797 -0.00153551)
(-0.021215 0.0187183 -0.00126676)
(-0.0235828 0.0171631 -0.00160866)
(-0.0181801 0.00589159 0.00474856)
(-0.0160671 0.013422 0.00311465)
(-0.0162211 0.0131906 0.00369272)
(-0.0196523 0.00771216 0.0043139)
(-0.0202879 0.00703074 0.00388546)
(-0.0210164 0.00650647 0.00403896)
(-0.0182287 0.00486219 0.00488267)
(-0.0187312 0.00440432 0.00383827)
(-0.0198099 0.00688721 0.00266093)
(-0.0193027 0.00791346 0.00371229)
(-0.0193628 0.00674744 0.00349265)
(-0.0189217 0.00814856 0.00299211)
(-0.022688 0.0112122 0.00114136)
(-0.0202731 0.015742 0.00228677)
(-0.0209756 0.00948327 0.00233166)
(-0.0221224 0.0100477 0.00251089)
(-0.0165044 0.0225203 0.00546649)
(-0.0135267 0.0205361 0.00680562)
(-0.0155024 0.0223113 0.00627695)
(-0.0149069 0.0214684 0.00616826)
(-0.0139996 0.020411 0.00559606)
(-0.015872 0.0230606 0.00436465)
(-0.0148163 0.023943 0.00467696)
(-0.0151827 0.0247742 0.00504829)
(-0.0149635 0.0222127 0.00439752)
(-0.0164214 0.0245229 0.00308031)
(-0.0171195 0.0235941 0.00341545)
(-0.0233356 0.0212674 -7.66261e-05)
(-0.0227684 0.0170246 -0.00173491)
(-0.0217495 0.0172348 -0.000144349)
(-0.0208688 0.0157288 -0.000117914)
(-0.0218519 0.0151806 0.000604085)
(-0.0173835 0.0115624 0.00300106)
(-0.0169784 0.0112065 0.00289371)
(-0.0171985 0.0125535 0.0046393)
(-0.0192689 0.0110581 0.0042829)
(-0.0180107 0.011542 0.00395594)
(-0.0172347 0.00695643 0.00506215)
(-0.0168865 0.00752825 0.00404737)
(-0.0188597 0.00969969 0.00425674)
(-0.017567 0.00837133 0.0054447)
(-0.0128118 0.0175029 0.0106207)
(-0.0144953 0.0210088 0.0111606)
(-0.0150988 0.022349 0.00765893)
(-0.0144036 0.0218757 0.00784572)
(-0.0131069 0.0193852 0.0071376)
(-0.0123283 0.0185249 0.00864144)
(-0.0128104 0.0189151 0.00880693)
(-0.0132076 0.0193946 0.00865598)
(-0.0131456 0.0191445 0.00985192)
(-0.011543 0.0169932 0.00874983)
(-0.0126839 0.0183697 0.0092774)
(-0.0124894 0.0177132 0.00979629)
(-0.0136622 0.021216 0.00958025)
(-0.013861 0.0213156 0.00889228)
(-0.0127208 0.0189347 0.00952729)
(-0.0129919 0.0199197 0.00816191)
(-0.01481 0.0223178 0.00893662)
(-0.0125113 0.0186207 0.00918349)
(-0.015018 0.0225555 0.0102893)
(-0.0130231 0.0205321 0.00930868)
(-0.0146743 0.0217043 0.0104989)
(-0.0127527 0.0189025 0.00977146)
(-0.0137658 0.0222176 0.00994544)
(-0.0125902 0.0202377 0.00887546)
(-0.0124445 0.0197339 0.00917946)
(-0.0136321 0.022341 0.0094526)
(-0.0140154 0.0225322 0.0090656)
(-0.0129826 0.0205492 0.008489)
(-0.0151133 0.024252 0.00966459)
(-0.0137313 0.0243881 0.00748126)
(-0.01338 0.0228278 0.00839321)
(-0.0162979 0.0241746 0.00534548)
(-0.0141829 0.0222617 0.00577827)
(-0.0141865 0.0244012 0.0063783)
(-0.0143089 0.0229645 0.00743531)
(-0.0133232 0.0209411 0.00661489)
(-0.0144606 0.0223196 0.00575404)
(-0.0151438 0.0236363 0.0063182)
(-0.0146318 0.0233887 0.0073582)
(-0.0134744 0.0228109 0.00663015)
(-0.0133071 0.0213661 0.00654359)
(-0.0189781 0.0107853 0.00379363)
(-0.0176426 0.00847924 0.00269045)
(-0.0179629 0.0143743 0.00316547)
(-0.0186051 0.0153102 0.00342055)
(-0.0180358 0.0121774 0.00347334)
(-0.0176547 0.0133766 0.00389049)
(-0.0180158 0.0138181 0.00182649)
(-0.01803 0.0131562 0.0023082)
(-0.0191 0.0113586 0.00171259)
(-0.0193452 0.0144688 0.00191808)
(-0.0215415 0.0101846 0.00179676)
(-0.0182695 0.00986087 0.00231648)
(-0.0197994 0.0101014 0.00273182)
(-0.0194023 0.0112279 0.00161558)
(-0.0214643 0.0125481 0.00226158)
(-0.0199255 0.013282 0.00243833)
(-0.0105291 -0.000453274 0.0100336)
(-0.0105314 -0.000557905 0.0105183)
(-0.00793395 -0.000268657 0.0105165)
(-0.00859045 -0.000872862 0.0100643)
(-0.00970723 -0.00128716 0.00792525)
(-0.0126403 -0.000597045 0.00970365)
(-0.00918527 -0.00128544 0.00846605)
(-0.00852936 -0.000545676 0.00850328)
(-0.0106807 -0.000705324 0.00803802)
(-0.0121242 -0.000135464 0.00967334)
(-0.00791782 -0.00100753 0.00850023)
(-0.00913814 -0.000243757 0.00850992)
(-0.00868028 -0.000950374 0.00886331)
(-0.00927789 -0.000752473 0.00817108)
(-0.000940815 0.00112818 0.0018381)
(-0.00132399 0.00191097 0.00232906)
(-0.00126164 0.0016368 0.00236032)
(-0.00122872 0.000595082 0.00187777)
(-0.000985776 0.000878654 0.00165796)
(-0.0257 0.0306552 0.0121073)
(-0.0248805 0.0314815 0.0125638)
(-0.0244248 0.0294714 0.0110601)
(-0.0224915 0.0285782 0.0119013)
(-0.0187846 0.0357052 0.0162553)
(-0.0209125 0.0376872 0.0154209)
(-0.0160896 0.0337501 0.0179431)
(-0.00298712 0.0393224 0.00455821)
(-0.00400308 0.0339769 0.00302163)
(-0.0106647 0.0360341 0.00419317)
(-0.0118366 0.0400979 0.00272505)
(-0.00801335 0.037434 0.00449868)
(-0.00952065 0.0367135 0.00267146)
(-0.00847244 0.0385269 0.00707475)
(-0.00950749 0.0346833 0.00301428)
(-0.00889121 0.0369437 0.0063245)
(0.00211346 0.030726 0.011983)
(0.00135528 0.0303777 0.00834715)
(0.00238974 0.0302464 0.0119688)
(0.00185274 0.0265151 0.0105948)
(0.00104123 0.027184 0.0120984)
(0.00152312 0.0284603 0.0135397)
(0.00240273 0.0281628 0.0128333)
(0.00162747 0.0287387 0.0144977)
(-0.0110815 0.028498 0.0175886)
(-0.0144797 0.0356342 0.0183621)
(-0.0114359 0.0296806 0.0168234)
(-0.0144308 0.0336431 0.0182558)
(-0.0165826 0.0373876 0.0190726)
(-0.013804 0.0370866 0.0192535)
(-0.00839537 0.0352772 0.019151)
(-0.0120609 0.0363421 0.0192293)
(-0.0093075 0.0348114 0.0185086)
(-0.0107844 0.0361935 0.0190829)
(-0.0108421 0.0356234 0.0195654)
(-0.0085602 0.0305861 0.0174269)
(-0.0019504 0.0263557 0.0180953)
(-0.00248714 0.022507 0.0155873)
(-0.00361826 0.0279072 0.0195754)
(-0.0169341 0.0321831 0.0134808)
(-0.0158905 0.0343461 0.0142368)
(-0.0212134 0.0327418 0.0139307)
(-0.0213549 0.0345208 0.0138416)
(-0.019123 0.0363345 0.0145144)
(-0.0226267 0.0352103 0.013814)
(-0.0236904 0.0367658 0.0146914)
(-0.0197961 0.0350929 0.0151173)
(-0.0186493 0.0355836 0.0149713)
(-0.0297651 0.039229 0.0057087)
(-0.0286952 0.0391877 0.00478707)
(-0.0289011 0.0360266 0.00785839)
(-0.0286171 0.0353025 0.00886238)
(-0.0273204 0.0363666 0.0115371)
(-0.0256286 0.0347744 0.0102105)
(-0.0216849 0.00510715 0.00336439)
(-0.022922 0.00584355 0.00255999)
(-0.0204452 0.00381254 0.0045192)
(-0.0193127 0.00278047 0.00468628)
(-0.020999 0.00642503 0.00334787)
(-0.025169 0.00994349 0.00231209)
(-0.0259195 0.00848409 0.00206475)
(-0.0241911 0.00732399 0.00254858)
(-0.0309822 0.0194066 -0.00376103)
(-0.029288 0.0120422 -0.00012808)
(-0.0285916 0.0101768 0.000386024)
(-0.0311107 0.0155693 -0.00300483)
(-0.0292502 0.0141115 -0.00171591)
(-0.00937725 0.0310481 0.00333139)
(-0.0149828 0.0346056 0.000115435)
(-0.0166016 0.0343126 -0.000915949)
(-0.0121847 0.0319764 0.00163149)
(-0.0132254 0.0337887 0.00158281)
(-0.0126973 0.0344233 0.00391117)
(-0.0129804 0.0361763 0.00314189)
(-0.0105818 0.0295541 0.00234335)
(-0.0146761 0.0317337 0.000458857)
(-0.014915 0.0354222 0.00172714)
(-0.0128174 0.031256 0.0028818)
(-0.0123242 0.031727 0.00300354)
(-0.0137244 0.0297914 0.00192918)
(-0.0219412 0.026703 -0.00243477)
(-0.024326 0.0253939 -0.00387284)
(-0.0286642 0.0186726 -0.00421457)
(-0.026461 0.0229523 -0.00398655)
(-0.0243168 0.0241715 -0.00409729)
(-0.0271265 0.0233823 -0.00460863)
(-0.0262701 0.029096 -0.00482757)
(-0.0241784 0.031001 -0.00426646)
(-0.0281646 0.0241673 -0.00542566)
(-0.0187843 0.0297041 -0.00117609)
(-0.0205597 0.0273355 -0.00213413)
(-0.0194076 0.029125 -0.000944956)
(-0.018346 0.0286091 -0.00175239)
(-0.0215966 0.0300621 -0.00279422)
(-0.027716 0.037675 -0.00645238)
(-0.0287485 0.0367806 -0.00471373)
(-0.0304994 0.0349783 -0.00274788)
(-0.0223265 0.0401977 -0.00535894)
(-0.0284505 0.0359673 -0.0065013)
(-0.0176839 0.0369139 -0.00605301)
(-0.0179994 0.0386433 -0.00427683)
(-0.0215188 0.038878 -0.00559703)
(-0.0131352 0.0372466 -0.00176443)
(-0.0140279 0.0374337 -0.00390763)
(-0.012069 0.0276303 0.00596635)
(-0.0126002 0.0295273 0.00604276)
(-0.0154864 0.0295742 0.00286484)
(-0.0152848 0.0302329 0.00300935)
(-0.0126642 0.0304853 0.00434909)
(-0.0134485 0.0284674 0.00361912)
(-0.0127048 0.0262947 0.00469282)
(-0.0148477 0.0280139 0.00386535)
(-0.0143763 0.0280751 0.00399163)
(-0.0130389 0.0274443 0.00571412)
(-0.0143281 0.0323264 0.00598684)
(-0.0132842 0.0299164 0.00638827)
(-0.0129577 0.0295487 0.00476052)
(-0.0143378 0.0308287 0.00412421)
(-0.0139285 0.0290972 0.00461631)
(-0.0253141 0.0124454 0.000323148)
(-0.0243386 0.0110019 0.000402954)
(-0.0236168 0.0147359 -0.000716712)
(-0.0243425 0.0138325 -0.000508249)
(-0.0230757 0.0107849 -0.000157094)
(-0.0233475 0.0119512 0.00074095)
(-0.022101 0.00955687 0.000495238)
(-0.0225432 0.0137674 8.15263e-05)
(-0.0230695 0.0143579 -0.000433439)
(-0.0232775 0.012504 -0.000954283)
(-0.0128024 0.0235547 0.00773753)
(-0.0133678 0.0240009 0.00805768)
(-0.0121008 0.0224901 0.00791475)
(-0.012654 0.0250055 0.00807831)
(-0.0135857 0.0249132 0.00862751)
(-0.0139649 0.0268219 0.00904124)
(-0.0175002 0.00422572 0.00487101)
(-0.0181461 0.00473653 0.00518439)
(-0.0172924 0.00343437 0.00656556)
(-0.0171736 0.0036513 0.00723124)
(-0.018108 0.00569002 0.00651723)
(-0.0172071 0.0034349 0.00568734)
(-0.0167955 0.00232294 0.00626556)
(-0.0139175 0.00101105 0.00704825)
(-0.0160765 0.00109823 0.00701767)
(-0.0126733 -0.00042082 0.00765872)
(-0.015353 0.000769259 0.0064373)
(-0.0134418 0.000599252 0.00841189)
(-0.014083 0.00037569 0.00907407)
(-0.0142658 0.000215148 0.00827707)
(-0.0156423 0.00249295 0.00774721)
(-0.0153599 0.00137226 0.00821223)
(-0.014524 0.00146646 0.00740436)
(-0.0127643 0.0168429 0.0110824)
(-0.0135721 0.0179855 0.0113825)
(-0.0127046 0.0174972 0.0107831)
(-0.0130116 0.0184429 0.00988097)
(-0.0271541 0.0329771 0.00979488)
(-0.0243146 0.0294907 0.0043996)
(-0.0264716 0.0317903 0.00771815)
(-0.0217042 0.0263099 0.00483988)
(-0.0247093 0.0299147 0.00681441)
(-0.0213105 0.0270337 0.004894)
(-0.0107497 0.0331555 0.0116252)
(-0.0106328 0.0319153 0.0125404)
(-0.0116611 0.0325295 0.0109818)
(-0.00996424 0.0344221 0.0106695)
(-0.0139684 0.0316146 0.0123362)
(-0.0118177 0.0334235 0.0110055)
(-0.0126088 0.032949 0.0124262)
(-0.0126581 0.0338089 0.0126626)
(-0.0126808 0.0339292 0.0115637)
(-0.0131187 0.0324467 0.0125091)
(-0.000537161 -8.22702e-06 0.000605436)
(-0.000291095 -0.000623181 0.000543506)
(-0.00134322 0.000743057 0.00137556)
(-0.000848447 0.000551498 0.00105209)
(-0.000752114 0.00073958 0.00122985)
(-0.000432362 0.000115927 0.000861776)
(-0.000724184 0.000730364 0.0012294)
(-0.000737249 0.000545547 0.00108239)
(-0.0155725 0.0197984 0.00649325)
(-0.0139941 0.0188092 0.0056291)
(-0.0150267 0.018444 0.00432543)
(-0.0154434 0.0187295 0.00537965)
(-0.013875 0.0151597 0.00446431)
(-0.0149729 0.0184285 0.00503761)
(-0.0130885 0.0163521 0.00543545)
(-0.0130891 0.0173392 0.00646728)
(-0.0158084 0.0170963 0.00528166)
(-0.013198 0.0191224 0.00718022)
(-0.014013 0.0198096 0.00781892)
(-0.0143529 0.0191384 0.00646334)
(-0.0146878 0.0197283 0.00619228)
(-0.0133663 0.0190964 0.00755769)
(-0.0134821 0.0185102 0.00735999)
)
;
    }
    INLET
    {
        type            calculated;
        value           nonuniform 0();
    }
    OUTLET
    {
        type            calculated;
        value           nonuniform 0();
    }
    procBoundary0to1
    {
        type            processor;
        value           uniform (0 0 0);
    }
    procBoundary0to4
    {
        type            processor;
        value           uniform (0 0 0);
    }
}


// ************************************************************************* //
