/*--------------------------------*- C++ -*----------------------------------*\
| =========                 |                                                 |
| \\      /  F ield         | OpenFOAM: The Open Source CFD Toolbox           |
|  \\    /   O peration     | Version:  v1612+                                |
|   \\  /    A nd           | Web:      www.OpenFOAM.com                      |
|    \\/     M anipulation  |                                                 |
\*---------------------------------------------------------------------------*/
FoamFile
{
    version     2.0;
    format      ascii;
    class       volVectorField;
    location    "100";
    object      wallShearStress;
}
// * * * * * * * * * * * * * * * * * * * * * * * * * * * * * * * * * * * * * //

dimensions      [0 2 -2 0 0 0 0];

internalField   uniform (0 0 0);

boundaryField
{
    WALL
    {
        type            calculated;
        value           nonuniform List<vector> 
1500
(
(0.00475447 -0.0055597 0.0102704)
(0.00444338 -0.00555123 0.0100575)
(0.00420345 -0.0051319 0.0094891)
(0.00446089 -0.00492921 0.00944954)
(0.00458634 -0.00588674 0.0104386)
(0.00457437 -0.0059564 0.0104387)
(0.00455423 -0.00570318 0.0102591)
(0.00492325 -0.00592531 0.0105924)
(0.0042971 -0.0053678 0.00990869)
(0.00465706 -0.00499554 0.0095863)
(0.00493138 -0.00591695 0.0107649)
(0.0046805 -0.00589765 0.0103994)
(0.00421871 -0.0050693 0.00990167)
(0.00425582 -0.00517049 0.0098362)
(0.00477226 -0.0052934 0.00995682)
(0.00437277 -0.00541854 0.0099573)
(0.0046133 -0.00544742 0.0101384)
(0.00496621 -0.00527604 0.0101811)
(0.00435374 -0.00567996 0.00991059)
(0.0046189 -0.00538889 0.010218)
(0.00442695 -0.00541676 0.010058)
(0.00430695 -0.00534646 0.00980754)
(0.00437972 -0.00537084 0.00958303)
(0.00434608 -0.00577198 0.00999139)
(0.00435321 -0.00540614 0.00977451)
(0.00439349 -0.00581627 0.0100489)
(0.00443753 -0.00557007 0.0100695)
(0.00470639 -0.00519262 0.0102716)
(0.00463862 -0.00517369 0.00990123)
(0.00484941 -0.00543578 0.0104636)
(0.00472412 -0.00572546 0.0105554)
(0.00454056 -0.00537402 0.0100396)
(0.0047124 -0.00557301 0.0100433)
(0.0048479 -0.00594838 0.0109681)
(0.00493597 -0.00587918 0.0103888)
(0.00482141 -0.00532929 0.0107814)
(0.00468928 -0.00560463 0.0108396)
(0.00452346 -0.00552201 0.01047)
(0.00428668 -0.0053333 0.00970411)
(0.00410632 -0.00543215 0.00977108)
(0.00503198 -0.00606169 0.0104809)
(0.00439367 -0.0056301 0.0100771)
(0.00514734 -0.00602428 0.0108905)
(0.00440026 -0.00540091 0.0105179)
(0.00466428 -0.00610491 0.0107014)
(0.00493587 -0.00642406 0.010717)
(0.0044807 -0.0052752 0.00975122)
(0.00435615 -0.00532032 0.0100637)
(0.00444466 -0.00505614 0.00941792)
(0.0040992 -0.00532147 0.0098144)
(0.00456848 -0.00549376 0.0100624)
(0.00485834 -0.00550767 0.00996488)
(0.00441936 -0.00510829 0.00931502)
(0.00436199 -0.00510108 0.00934865)
(0.00426625 -0.00506576 0.00943571)
(0.00444655 -0.00514126 0.00919073)
(0.00418693 -0.0048373 0.00892293)
(0.00413925 -0.00525945 0.00946139)
(0.00455879 -0.00560458 0.0104056)
(0.0042935 -0.00540638 0.0100476)
(0.00436122 -0.00547425 0.0103471)
(0.00446121 -0.00509955 0.0102178)
(0.00456603 -0.00579098 0.0103489)
(0.00482255 -0.00591106 0.0107156)
(0.00431519 -0.00555958 0.0103649)
(0.00447808 -0.0055289 0.010297)
(0.00414731 -0.00523664 0.010146)
(0.00421823 -0.00521465 0.00955745)
(0.00433799 -0.00520995 0.0102489)
(0.00416622 -0.0050942 0.00975353)
(0.00474485 -0.00574535 0.0102665)
(0.00463376 -0.00554665 0.0105181)
(0.00472434 -0.00561028 0.0101758)
(0.00469201 -0.00546978 0.0100472)
(0.00479414 -0.00558914 0.0104752)
(0.00447199 -0.00609107 0.0101083)
(0.00478424 -0.00621327 0.0113481)
(0.00471801 -0.00534394 0.010184)
(0.00432038 -0.00519064 0.0098473)
(0.00440673 -0.00524051 0.0100836)
(0.00436284 -0.00545274 0.00974969)
(0.00428544 -0.00500041 0.00963928)
(0.00436238 -0.00522068 0.00973201)
(0.00441272 -0.00528651 0.00999171)
(0.00460495 -0.00527377 0.0101489)
(0.00433727 -0.00496159 0.00935637)
(0.00436753 -0.00560824 0.00997629)
(0.0048253 -0.00491454 0.00947058)
(0.00439296 -0.00515503 0.00965489)
(0.00458588 -0.00504286 0.00951834)
(0.0043563 -0.00527058 0.0095124)
(0.00425998 -0.00496196 0.00929813)
(0.0048758 -0.00500433 0.00966939)
(0.00453139 -0.00523164 0.00984062)
(0.00450313 -0.00535986 0.00997805)
(0.00451795 -0.0052065 0.00986046)
(0.00432057 -0.00541414 0.00993344)
(0.00420714 -0.00534964 0.00973382)
(0.00451404 -0.00538381 0.0100038)
(0.00467425 -0.00548514 0.010423)
(0.00429093 -0.00539771 0.0095887)
(0.00450343 -0.0054195 0.00999767)
(0.00453461 -0.00535222 0.0101499)
(0.00458983 -0.00579149 0.0103326)
(0.00399456 -0.00537101 0.00987127)
(0.00438916 -0.0052849 0.00963586)
(0.00459245 -0.00511347 0.00956702)
(0.00442879 -0.00514221 0.0095442)
(0.00454915 -0.0053262 0.00977312)
(0.00465123 -0.00518453 0.00963027)
(0.00436949 -0.00515638 0.00996833)
(0.00436454 -0.00506561 0.00969761)
(0.00433367 -0.00530665 0.00997036)
(0.00459941 -0.00551861 0.0105763)
(0.00435012 -0.00513782 0.0097289)
(0.00461315 -0.00568371 0.010808)
(0.00489868 -0.00612405 0.0109799)
(0.00451305 -0.00587589 0.0105073)
(0.00413903 -0.00525969 0.0100443)
(0.00483915 -0.00572498 0.0107536)
(0.00425482 -0.00551968 0.00985343)
(0.00477861 -0.00601671 0.010652)
(0.00469292 -0.00582601 0.0103615)
(0.00470891 -0.00598487 0.0104704)
(0.00436721 -0.00541691 0.0101481)
(0.00468849 -0.00586919 0.0102444)
(0.00478789 -0.00572926 0.0106183)
(0.004914 -0.00582041 0.0108643)
(0.00479837 -0.00601178 0.0110356)
(0.00481204 -0.00589389 0.0114748)
(0.00440281 -0.00538122 0.00973844)
(0.0047852 -0.00543371 0.00983684)
(0.00482011 -0.00566197 0.0107818)
(0.00452827 -0.00526417 0.0104661)
(0.00465057 -0.00592809 0.0104009)
(0.00450557 -0.00577713 0.010297)
(0.00485222 -0.00591992 0.0109966)
(0.00490034 -0.00570912 0.0109026)
(0.00451393 -0.00529589 0.0103309)
(0.00498398 -0.00578885 0.0103976)
(0.00450893 -0.00553727 0.0104485)
(0.00497633 -0.0058185 0.0104145)
(0.00490095 -0.00566285 0.0104881)
(0.00439071 -0.00516758 0.0096117)
(0.00443315 -0.00550068 0.0104937)
(0.00511708 -0.00606675 0.0112056)
(0.00465105 -0.00555377 0.0105002)
(0.0056791 -0.00625491 0.0104806)
(0.00447781 -0.00541626 0.00996424)
(0.0050912 -0.00604945 0.0104806)
(0.00482054 -0.00572581 0.0107888)
(0.0048956 -0.00576271 0.0105563)
(0.00419245 -0.00535977 0.00981628)
(0.00414864 -0.00505364 0.00923626)
(0.00417776 -0.00532295 0.00972193)
(0.00466206 -0.00582759 0.0111917)
(0.00443225 -0.00588776 0.0100172)
(0.00488123 -0.00593521 0.0105893)
(0.0047082 -0.00560585 0.0103398)
(0.00494664 -0.00605522 0.0104093)
(0.00470047 -0.00540727 0.0105014)
(0.00430414 -0.00539348 0.010356)
(0.00498372 -0.00629551 0.0106544)
(0.00406385 -0.00533615 0.0100808)
(0.00533781 -0.00646016 0.010449)
(0.0049654 -0.00643759 0.0100406)
(0.00501361 -0.00628449 0.0103211)
(0.00516482 -0.00600842 0.0105485)
(0.00442458 -0.00484273 0.0104642)
(0.0045582 -0.00550309 0.0101163)
(0.00405559 -0.00545689 0.0106184)
(0.00416244 -0.00538859 0.0108775)
(0.0044081 -0.00533773 0.0100891)
(0.00475463 -0.00596478 0.0107383)
(0.00504688 -0.00598507 0.0107795)
(0.00443418 -0.00546832 0.00994996)
(0.00453176 -0.00549099 0.0102944)
(0.00489436 -0.00564664 0.0107959)
(0.00447712 -0.00544088 0.0102123)
(0.0045303 -0.00539956 0.0103586)
(0.00465177 -0.00555102 0.0103758)
(0.00466385 -0.00550981 0.0100936)
(0.00467902 -0.00545349 0.0101135)
(0.00449628 -0.00550746 0.0102562)
(0.00457576 -0.00545582 0.0100153)
(0.00461579 -0.00542977 0.00988842)
(0.00461641 -0.00552964 0.0101757)
(0.00477333 -0.00539354 0.0101458)
(0.00451048 -0.00542701 0.00995233)
(0.00428772 -0.005248 0.00987734)
(0.00452583 -0.00518286 0.009625)
(0.00445574 -0.00543774 0.00998522)
(0.00450184 -0.00525513 0.00974336)
(0.00443559 -0.00528102 0.00972558)
(0.00458033 -0.00513954 0.00979948)
(0.00453719 -0.00527085 0.00979976)
(0.00451673 -0.00521294 0.00988952)
(0.00457043 -0.00526221 0.00985094)
(0.00438345 -0.00523393 0.00971926)
(0.00444245 -0.00548882 0.0103327)
(0.00465463 -0.00533989 0.0100555)
(0.00418824 -0.00522998 0.00985665)
(0.00460017 -0.00538514 0.00996705)
(0.00445468 -0.00532791 0.0101189)
(0.00443418 -0.00550289 0.0101483)
(0.00460714 -0.00561449 0.0103401)
(0.00430867 -0.00537795 0.0100259)
(0.0044501 -0.00543669 0.00996205)
(0.00473589 -0.00578446 0.0102683)
(0.00432998 -0.00518394 0.00998225)
(0.00500757 -0.00628285 0.0112407)
(0.00477377 -0.00591316 0.0100876)
(0.00460355 -0.00569684 0.0104626)
(0.00487532 -0.00627289 0.0110308)
(0.00455728 -0.00563068 0.010558)
(0.0048972 -0.00593246 0.0109261)
(0.00481896 -0.00607828 0.0105971)
(0.00472081 -0.00578548 0.0105552)
(0.00491317 -0.00625873 0.0105267)
(0.0047376 -0.00592625 0.0106909)
(0.00467036 -0.00564269 0.010241)
(0.00472305 -0.00571782 0.0106677)
(0.00485631 -0.00615044 0.0108029)
(0.00441924 -0.00591187 0.0100946)
(0.00470508 -0.00595775 0.0110161)
(0.00474905 -0.00553546 0.0106979)
(0.00428623 -0.00530497 0.00962528)
(0.00442978 -0.00557542 0.0100315)
(0.0043001 -0.00613265 0.0102083)
(0.00511196 -0.00609383 0.0113436)
(0.00485549 -0.00648849 0.0114773)
(0.0047607 -0.00632002 0.0108478)
(0.00489052 -0.0064476 0.011115)
(0.00478173 -0.00610735 0.0108246)
(0.00488101 -0.00616161 0.0107295)
(0.00423371 -0.00511454 0.0095599)
(0.00414737 -0.00523153 0.00951114)
(0.00419676 -0.00526677 0.00969325)
(0.00420953 -0.00518373 0.00950602)
(0.00441583 -0.00511912 0.00965383)
(0.0043062 -0.00513123 0.00965271)
(0.00454942 -0.00510396 0.0105005)
(0.00456364 -0.00541649 0.0102189)
(0.0045357 -0.00551118 0.0100544)
(0.00472244 -0.00515281 0.0111805)
(0.0045003 -0.00529702 0.010211)
(0.00433098 -0.00542633 0.0102498)
(0.00439781 -0.00548147 0.0100435)
(0.00445951 -0.0052086 0.00972534)
(0.00450362 -0.00509738 0.00969196)
(0.00442697 -0.00517375 0.00976561)
(0.00443707 -0.00527998 0.00989497)
(0.00435075 -0.00537692 0.00981955)
(0.00436189 -0.00537225 0.00989515)
(0.00480617 -0.00556936 0.0105659)
(0.00444062 -0.00550739 0.0101839)
(0.0047168 -0.00509702 0.00983796)
(0.00453865 -0.00536134 0.0100692)
(0.0044297 -0.00492817 0.0096171)
(0.00446894 -0.00538655 0.0103859)
(0.00418984 -0.00553013 0.00947477)
(0.00403273 -0.00555868 0.00965637)
(0.00458765 -0.00572204 0.0103813)
(0.00461195 -0.00513388 0.0099674)
(0.00415956 -0.00526478 0.00967154)
(0.00432036 -0.00546439 0.00995779)
(0.0043203 -0.00545577 0.0100669)
(0.00405978 -0.00512971 0.00954145)
(0.00421041 -0.00529367 0.00963894)
(0.00431633 -0.00535365 0.00988982)
(0.0044319 -0.00536811 0.00988096)
(0.00440869 -0.00555851 0.0101557)
(0.00437722 -0.00546515 0.0100791)
(0.00427678 -0.00560738 0.0100522)
(0.00465718 -0.00555837 0.010444)
(0.00433006 -0.00542436 0.00990128)
(0.00438572 -0.00536649 0.00980679)
(0.00450382 -0.00538968 0.00998868)
(0.00443368 -0.0053779 0.0100826)
(0.00432975 -0.00525595 0.00989287)
(0.00463502 -0.00541359 0.010466)
(0.00467453 -0.00569788 0.010772)
(0.00460647 -0.00576366 0.0102884)
(0.00446188 -0.00541268 0.0100957)
(0.00442601 -0.00537667 0.0100246)
(0.00459589 -0.00543948 0.0102465)
(0.00466868 -0.00572528 0.0105492)
(0.00491682 -0.00539597 0.0111001)
(0.0046907 -0.00553953 0.0106064)
(0.00468851 -0.0051787 0.0101401)
(0.00453324 -0.00503909 0.00968384)
(0.0045449 -0.00506613 0.00995432)
(0.00474416 -0.00532533 0.010382)
(0.00435953 -0.0051805 0.00970428)
(0.00449229 -0.00552029 0.0099475)
(0.00464741 -0.00481573 0.00942078)
(0.00440401 -0.00522255 0.00981777)
(0.00450027 -0.00521319 0.00983341)
(0.00489046 -0.00475855 0.00974466)
(0.00450832 -0.00523807 0.00967141)
(0.00477828 -0.00530034 0.0102366)
(0.00446965 -0.00509391 0.0100536)
(0.00427622 -0.00504697 0.00970783)
(0.00454512 -0.00510954 0.0100754)
(0.00427903 -0.00481354 0.00970511)
(0.00440827 -0.005689 0.0102916)
(0.00468257 -0.0053484 0.0104659)
(0.00446915 -0.00507312 0.009539)
(0.00429707 -0.00520059 0.00955039)
(0.00438652 -0.00528553 0.00986308)
(0.00435738 -0.00475178 0.00900609)
(0.00451259 -0.00519087 0.00976719)
(0.00444729 -0.00526398 0.00960002)
(0.00441561 -0.00506869 0.00949412)
(0.00432504 -0.00508659 0.00946557)
(0.00437324 -0.00497705 0.00944736)
(0.00430442 -0.00510217 0.00958331)
(0.00420656 -0.00516531 0.00948535)
(0.00434864 -0.00517028 0.00950175)
(0.00438701 -0.00547097 0.0100363)
(0.00462887 -0.00555338 0.010474)
(0.00467879 -0.00580369 0.0105517)
(0.00443002 -0.00562242 0.0100929)
(0.00457018 -0.00560308 0.0101676)
(0.00472234 -0.00586114 0.0102956)
(0.00451309 -0.00579075 0.00985587)
(0.00434208 -0.00568565 0.00994978)
(0.00489882 -0.00552446 0.0106449)
(0.00459532 -0.00556685 0.0106122)
(0.00475236 -0.00564511 0.0108462)
(0.00446573 -0.00502732 0.00997951)
(0.00447901 -0.0053047 0.0102025)
(0.00477331 -0.00579018 0.0103552)
(0.00484148 -0.00581516 0.0109941)
(0.00458686 -0.00565463 0.0105954)
(0.0046904 -0.00537085 0.0104553)
(0.00457136 -0.00542561 0.0100999)
(0.00462838 -0.00539168 0.0101549)
(0.00469656 -0.00495711 0.0101232)
(0.00462127 -0.00553219 0.00980339)
(0.00493812 -0.00575101 0.0108443)
(0.00485176 -0.00499238 0.0106101)
(0.00510096 -0.00616374 0.0100233)
(0.00443171 -0.00511085 0.00954303)
(0.00490948 -0.00601124 0.0106402)
(0.00471067 -0.00570256 0.0100697)
(0.0050896 -0.0062638 0.0109528)
(0.00455925 -0.00570383 0.0101219)
(0.00462032 -0.00556759 0.0107201)
(0.00465568 -0.00588966 0.0106809)
(0.00445297 -0.00541403 0.0105163)
(0.00497481 -0.00598862 0.0107402)
(0.00437896 -0.00550084 0.0101311)
(0.00460826 -0.00542374 0.0105373)
(0.00484403 -0.00601751 0.0107484)
(0.0049084 -0.00602841 0.0107797)
(0.00476343 -0.00578675 0.0104883)
(0.00466481 -0.00599168 0.0104946)
(0.00482918 -0.00581861 0.0105474)
(0.00471032 -0.00623657 0.0103476)
(0.0040762 -0.00497008 0.00924651)
(0.00439536 -0.00523333 0.00993117)
(0.00407155 -0.00507711 0.00958301)
(0.0040997 -0.00507453 0.00950198)
(0.00408225 -0.00528333 0.00975383)
(0.00447696 -0.00536859 0.0103936)
(0.00424231 -0.00481292 0.009986)
(0.00479549 -0.00608914 0.0113001)
(0.00408851 -0.00444875 0.00993057)
(0.00439885 -0.00524301 0.0105658)
(0.00424165 -0.00516559 0.0100918)
(0.00457769 -0.00531532 0.00975544)
(0.00468033 -0.00535182 0.00996432)
(0.00456102 -0.00532772 0.00978186)
(0.00422403 -0.00514069 0.00955126)
(0.00406535 -0.00527305 0.00987928)
(0.00455189 -0.00523964 0.0101083)
(0.00420786 -0.0050053 0.00926774)
(0.00431988 -0.00501455 0.00931742)
(0.00425137 -0.00515511 0.0094525)
(0.00440231 -0.00522393 0.00979668)
(0.00428313 -0.00512154 0.00952791)
(0.00456845 -0.0052242 0.0096304)
(0.00421473 -0.00490354 0.00911305)
(0.00446153 -0.00527778 0.00956886)
(0.00440449 -0.00516905 0.00957411)
(0.0044921 -0.00541737 0.0097952)
(0.00426813 -0.00522432 0.00960134)
(0.0042861 -0.0052378 0.00966151)
(0.0042518 -0.0047926 0.00897808)
(0.00457545 -0.00533319 0.00973082)
(0.0041632 -0.00503716 0.00953172)
(0.00434747 -0.00533697 0.00964629)
(0.00429189 -0.00512259 0.00955965)
(0.0043948 -0.00513361 0.00938655)
(0.0046093 -0.00551133 0.0100463)
(0.00472993 -0.00551195 0.010437)
(0.00451577 -0.00524604 0.0096256)
(0.00438943 -0.00556608 0.0101503)
(0.00451765 -0.00520212 0.00963115)
(0.0048247 -0.00545675 0.0101048)
(0.00472085 -0.00548412 0.00986861)
(0.00481202 -0.00558565 0.0102542)
(0.00465379 -0.00552441 0.00980962)
(0.00454607 -0.00548825 0.0101345)
(0.00515068 -0.0058609 0.0106434)
(0.00438847 -0.00532265 0.00986957)
(0.00448804 -0.00544 0.0103251)
(0.00445759 -0.00555521 0.010233)
(0.00477351 -0.00570452 0.0104116)
(0.0045948 -0.00557094 0.0100725)
(0.00450643 -0.00541129 0.0100834)
(0.00465733 -0.00551611 0.0106666)
(0.00479406 -0.0057761 0.0107782)
(0.00441132 -0.00549011 0.0106236)
(0.0046204 -0.00564161 0.0104151)
(0.00451389 -0.00549485 0.010418)
(0.00443776 -0.00540604 0.0102548)
(0.00516834 -0.00603753 0.0110006)
(0.0045814 -0.00566443 0.010261)
(0.00479359 -0.00577665 0.0107423)
(0.00452636 -0.00536643 0.0100579)
(0.00466483 -0.00587883 0.0109326)
(0.00467947 -0.00554079 0.0110878)
(0.00451125 -0.00534442 0.0102907)
(0.00437599 -0.00521336 0.0102991)
(0.00433887 -0.0053121 0.00989789)
(0.00454772 -0.00531785 0.010229)
(0.00462703 -0.00549477 0.0103991)
(0.00446426 -0.00524033 0.0100411)
(0.00454484 -0.00540703 0.0101023)
(0.00437757 -0.00535152 0.00992839)
(0.00436729 -0.00545054 0.0100844)
(0.00471456 -0.00536899 0.01002)
(0.00437855 -0.00549994 0.0100915)
(0.00437923 -0.00539487 0.0101837)
(0.0042394 -0.00585319 0.00996803)
(0.00442665 -0.00561838 0.0102081)
(0.00454742 -0.00521506 0.00979559)
(0.00464397 -0.00525515 0.0101705)
(0.00455907 -0.00531686 0.0100847)
(0.00442471 -0.00546006 0.0100215)
(0.00441137 -0.00512378 0.00968291)
(0.00447581 -0.00508736 0.00951755)
(0.00466831 -0.0052916 0.0100856)
(0.00433919 -0.00510124 0.0095054)
(0.00421779 -0.00519417 0.00948022)
(0.00445302 -0.00511617 0.0095852)
(0.00434965 -0.00532356 0.00972421)
(0.0043199 -0.00523082 0.00963137)
(0.0043131 -0.00504905 0.00936992)
(0.0045388 -0.00497256 0.00966857)
(0.00461249 -0.00512981 0.00993552)
(0.00432733 -0.00525228 0.00969133)
(0.00404687 -0.00505926 0.0093121)
(0.00427884 -0.00536976 0.00998015)
(0.00455021 -0.0052245 0.00987877)
(0.00421012 -0.00521095 0.00967085)
(0.00423739 -0.00550375 0.00995104)
(0.00460399 -0.00520061 0.00972393)
(0.00465274 -0.00534925 0.0100094)
(0.00422691 -0.00518988 0.00959405)
(0.00436928 -0.00525257 0.00994605)
(0.00447959 -0.00524427 0.00994727)
(0.00444116 -0.00534556 0.00987863)
(0.00418709 -0.00518322 0.00969165)
(0.00421933 -0.00563753 0.0100829)
(0.00432153 -0.00545237 0.00977577)
(0.00456847 -0.00541315 0.0103326)
(0.00431928 -0.00526375 0.00968924)
(0.00441321 -0.00530594 0.00992137)
(0.0043461 -0.00538931 0.00988389)
(0.00455038 -0.00560631 0.0103134)
(0.0043721 -0.00538151 0.00991224)
(0.00435965 -0.0053249 0.00994143)
(0.00437974 -0.00540294 0.0101233)
(0.00452417 -0.00532294 0.0100267)
(0.00452185 -0.00535876 0.009559)
(0.00469151 -0.00539105 0.00998395)
(0.00460618 -0.00535179 0.00983673)
(0.00435858 -0.00531473 0.0098991)
(0.00434868 -0.00528579 0.0098858)
(0.00459927 -0.00534519 0.00984178)
(0.00434073 -0.00515761 0.00961704)
(0.0043468 -0.0055881 0.010011)
(0.00454439 -0.00554313 0.0101371)
(0.00451434 -0.00537203 0.0100004)
(0.0043925 -0.00540864 0.00980595)
(0.00444663 -0.00539191 0.00977383)
(0.0043312 -0.00544699 0.00981581)
(0.00455499 -0.00542398 0.00997586)
(0.00447727 -0.00541414 0.0101303)
(0.00432959 -0.00542238 0.0099278)
(0.00459932 -0.00553271 0.0102423)
(0.00460309 -0.0051704 0.00999883)
(0.00473814 -0.00546462 0.0102537)
(0.00480336 -0.00540698 0.0103207)
(0.00462603 -0.0053697 0.0101004)
(0.00464726 -0.00515918 0.00995334)
(0.00472456 -0.00514565 0.0101291)
(0.00477645 -0.00544797 0.0101604)
(0.00471307 -0.00579849 0.0104614)
(0.00465145 -0.0057975 0.0104963)
(0.00494337 -0.00584931 0.010924)
(0.00469965 -0.00553509 0.0104503)
(0.00476407 -0.00544096 0.0105721)
(0.00473619 -0.00549769 0.0104571)
(0.00418603 -0.00518734 0.00998838)
(0.00460112 -0.00554093 0.0102504)
(0.00437282 -0.00517947 0.010167)
(0.00476737 -0.0060104 0.010341)
(0.00431104 -0.00537167 0.00962542)
(0.00448653 -0.00542539 0.0102814)
(0.00419262 -0.00518653 0.00974621)
(0.00458594 -0.00555139 0.0105806)
(0.0045344 -0.00547705 0.0102191)
(0.00467882 -0.00568675 0.0104357)
(0.00457582 -0.0054666 0.0101974)
(0.00470905 -0.00561116 0.0103525)
(0.00503354 -0.00613542 0.0105538)
(0.00517403 -0.00642712 0.0103059)
(0.00450291 -0.00592257 0.0103964)
(0.00450543 -0.00562184 0.0101738)
(0.00426697 -0.00535984 0.00982372)
(0.00476297 -0.0056734 0.0106041)
(0.00415404 -0.00499463 0.00915055)
(0.00449009 -0.0052321 0.00931685)
(0.00442349 -0.00503482 0.00910662)
(0.00372532 -0.00459632 0.0087179)
(0.00404382 -0.00488263 0.00886174)
(0.00440135 -0.00506143 0.00895528)
(0.00467567 -0.00509014 0.00949498)
(0.00413694 -0.00483333 0.00890555)
(0.00453763 -0.00546166 0.0106229)
(0.00452279 -0.00541597 0.00988921)
(0.00425064 -0.005007 0.00939553)
(0.00456158 -0.00509789 0.00925483)
(0.00446212 -0.00515961 0.00974559)
(0.00507689 -0.00615111 0.0112646)
(0.00444215 -0.00552475 0.0101104)
(0.0043007 -0.00522857 0.0106074)
(0.00537748 -0.00687758 0.0114206)
(0.00487537 -0.00622785 0.0114919)
(0.00480463 -0.00627029 0.0109856)
(0.00480028 -0.00583589 0.0108564)
(0.00448525 -0.00526625 0.0106206)
(0.00457717 -0.0056271 0.0105838)
(0.00467539 -0.0055796 0.0108534)
(0.00468458 -0.00548469 0.0104812)
(0.00443785 -0.00509984 0.010167)
(0.00426244 -0.00515727 0.00968627)
(0.0047117 -0.00494515 0.00981862)
(0.00452779 -0.00514328 0.00995784)
(0.00469667 -0.00536374 0.0101616)
(0.00447199 -0.00537141 0.00982768)
(0.0045936 -0.005125 0.00998951)
(0.00432037 -0.00513645 0.00972523)
(0.00449528 -0.00530535 0.0102339)
(0.00470452 -0.00565911 0.0104793)
(0.00424685 -0.00541808 0.00979492)
(0.0047432 -0.0055312 0.0105469)
(0.00454447 -0.00543877 0.0104221)
(0.00413832 -0.00537935 0.00966849)
(0.00431833 -0.00517037 0.00966281)
(0.00450738 -0.005433 0.0100484)
(0.00450638 -0.00543436 0.010085)
(0.00464223 -0.00539132 0.0100302)
(0.00446011 -0.00536262 0.00991094)
(0.00433406 -0.00538654 0.009757)
(0.00435754 -0.00502284 0.00970209)
(0.00448807 -0.00506572 0.00978885)
(0.0046227 -0.00519917 0.01007)
(0.00446529 -0.00535359 0.0100817)
(0.00442531 -0.00553186 0.0100096)
(0.00442893 -0.00563998 0.0102802)
(0.00434329 -0.00517039 0.00968539)
(0.00450503 -0.00543767 0.0100695)
(0.00472124 -0.00530684 0.00978278)
(0.00423737 -0.00557392 0.00983562)
(0.00407252 -0.00543336 0.00969087)
(0.00441088 -0.00552384 0.00993152)
(0.00461474 -0.00493132 0.00985716)
(0.0044766 -0.00502937 0.00957877)
(0.00472948 -0.00540969 0.0102481)
(0.00436767 -0.00539581 0.00972628)
(0.00443712 -0.00532713 0.00979411)
(0.00427592 -0.00518202 0.00979824)
(0.004713 -0.00533353 0.00974455)
(0.00416344 -0.00512924 0.00979833)
(0.00437727 -0.00548638 0.0102107)
(0.00461391 -0.00537521 0.00992915)
(0.00434787 -0.00551343 0.00999676)
(0.00440886 -0.00584365 0.0110063)
(0.00443952 -0.00559544 0.0107463)
(0.00499709 -0.00593628 0.0106854)
(0.0051125 -0.00603724 0.01073)
(0.00470516 -0.00552561 0.0101407)
(0.00435254 -0.00547396 0.0104777)
(0.00463315 -0.00558829 0.0104253)
(0.00466801 -0.00565199 0.0101055)
(0.00453056 -0.0055763 0.00994844)
(0.00452513 -0.00557505 0.0102575)
(0.00422376 -0.00513659 0.00951988)
(0.00437235 -0.00530504 0.0101585)
(0.00500024 -0.00589799 0.0110674)
(0.00466615 -0.00548041 0.0103253)
(0.00458233 -0.00532677 0.0103787)
(0.00512946 -0.00596044 0.0103212)
(0.0046927 -0.00595809 0.0105936)
(0.0052515 -0.00628561 0.0104543)
(0.00424763 -0.00538834 0.0100323)
(0.00451392 -0.00557823 0.0101723)
(0.00449477 -0.00522627 0.0098397)
(0.00478112 -0.00603395 0.0105395)
(0.00452972 -0.00576571 0.0100994)
(0.00468969 -0.00550344 0.0103869)
(0.00462773 -0.00536549 0.0100398)
(0.00437379 -0.00515277 0.00960899)
(0.00435165 -0.00547065 0.0104784)
(0.00461926 -0.00544998 0.00997313)
(0.00429224 -0.00522727 0.00978894)
(0.00430156 -0.00533843 0.00955034)
(0.00431077 -0.00512285 0.00942102)
(0.00367281 -0.00479315 0.00922776)
(0.00395182 -0.00484344 0.00919168)
(0.00400602 -0.00497755 0.00953001)
(0.0041096 -0.00511994 0.00962461)
(0.00441311 -0.00537938 0.00973841)
(0.00483986 -0.00575709 0.0105136)
(0.00461319 -0.00539198 0.0100047)
(0.00474416 -0.00526739 0.0100592)
(0.0043916 -0.00513354 0.00985478)
(0.0047202 -0.00494351 0.00964426)
(0.0043215 -0.00541224 0.00964423)
(0.00462245 -0.00505766 0.00949918)
(0.00460894 -0.00541666 0.0100982)
(0.0047353 -0.00527452 0.0101632)
(0.0046967 -0.00573484 0.0103856)
(0.00435197 -0.00552801 0.0100107)
(0.00446395 -0.00535279 0.00991432)
(0.00451175 -0.00505335 0.00967152)
(0.00418223 -0.00514252 0.0094252)
(0.00413887 -0.00544605 0.00971168)
(0.00454128 -0.00556083 0.0103034)
(0.00409207 -0.00525366 0.0100092)
(0.00432485 -0.00531227 0.00996855)
(0.00454676 -0.00530695 0.010165)
(0.00454638 -0.005457 0.0100776)
(0.00460757 -0.00547396 0.0100069)
(0.00453992 -0.00523404 0.00962318)
(0.00429404 -0.00526309 0.00970176)
(0.00447999 -0.00536027 0.00994043)
(0.00447217 -0.00511231 0.0100836)
(0.00420617 -0.00524516 0.00939767)
(0.00462049 -0.00531089 0.0099914)
(0.00435105 -0.00522088 0.00975328)
(0.00448359 -0.00526624 0.00954199)
(0.00442429 -0.00526754 0.00975168)
(0.00474042 -0.00554324 0.0103953)
(0.00448199 -0.00534827 0.00995559)
(0.00410699 -0.00505492 0.0093319)
(0.00406483 -0.00522773 0.00957244)
(0.00431837 -0.00533233 0.00973306)
(0.00429298 -0.00509686 0.00950902)
(0.00431316 -0.00516777 0.00970112)
(0.00422394 -0.00498792 0.00933259)
(0.0045282 -0.0051983 0.00968556)
(0.00425461 -0.005126 0.00943667)
(0.00426303 -0.00546282 0.00989042)
(0.00445135 -0.00508502 0.00991104)
(0.00422527 -0.00560318 0.0101397)
(0.0040431 -0.00537093 0.00981814)
(0.00424777 -0.00578651 0.0100028)
(0.00464284 -0.00531752 0.010153)
(0.00452657 -0.00553526 0.0101322)
(0.00428181 -0.00492634 0.00933406)
(0.00419744 -0.00515476 0.00966096)
(0.00451152 -0.00509588 0.00968755)
(0.00461078 -0.00524835 0.00990746)
(0.00465339 -0.00536343 0.0100216)
(0.00461867 -0.00517641 0.0096541)
(0.00438337 -0.00556491 0.00979784)
(0.0042037 -0.00519803 0.00966679)
(0.00438641 -0.00510421 0.00978366)
(0.0044891 -0.00535305 0.00993912)
(0.00441921 -0.00495403 0.010393)
(0.0045124 -0.00531484 0.010048)
(0.00469519 -0.00555801 0.0105236)
(0.00435334 -0.00532144 0.010404)
(0.00456669 -0.00531363 0.0103484)
(0.00443733 -0.0055006 0.0101154)
(0.00465793 -0.00559469 0.0104249)
(0.00411486 -0.00494868 0.00979669)
(0.00440781 -0.00539087 0.0100751)
(0.00417762 -0.00540691 0.0103079)
(0.00487111 -0.00576456 0.0104642)
(0.00447188 -0.0055769 0.0101404)
(0.00462475 -0.0055021 0.0101337)
(0.00462009 -0.00545773 0.0103459)
(0.00502858 -0.00585571 0.0112017)
(0.00439584 -0.00558443 0.0110906)
(0.00503563 -0.00594963 0.0106707)
(0.00508722 -0.00568198 0.0102178)
(0.00497635 -0.00611924 0.0107524)
(0.00526286 -0.00597909 0.0111238)
(0.00524079 -0.00583681 0.0106078)
(0.00460515 -0.00537435 0.00973749)
(0.00474136 -0.00549296 0.0100932)
(0.00457424 -0.00549045 0.0096507)
(0.00505098 -0.00594014 0.0102996)
(0.00515878 -0.0061225 0.0102617)
(0.00459532 -0.00537262 0.0103184)
(0.00426127 -0.00552896 0.0103287)
(0.00532674 -0.00621225 0.0111113)
(0.00499763 -0.00654433 0.0103761)
(0.00529168 -0.00649569 0.0107411)
(0.00407229 -0.00514018 0.010037)
(0.00495999 -0.00616222 0.010285)
(0.00490955 -0.00580945 0.0100808)
(0.0045327 -0.00520977 0.0104597)
(0.00441156 -0.00553755 0.0100739)
(0.00480137 -0.00570542 0.0107555)
(0.00497297 -0.00581833 0.0103194)
(0.00458501 -0.00566575 0.010441)
(0.00489627 -0.00580168 0.0105899)
(0.00415013 -0.00529615 0.0100435)
(0.00472832 -0.00559203 0.0102439)
(0.00437236 -0.00541578 0.0104259)
(0.00424916 -0.00528594 0.00989034)
(0.00454816 -0.00530633 0.0100723)
(0.00458429 -0.00555347 0.00994158)
(0.00486777 -0.00565803 0.00976332)
(0.00449905 -0.00551281 0.0105371)
(0.00453634 -0.00553916 0.010366)
(0.00472855 -0.00547159 0.0103915)
(0.00452246 -0.00553208 0.0106209)
(0.00415075 -0.00546493 0.0103023)
(0.00517848 -0.00595774 0.0100109)
(0.00463554 -0.00569212 0.00999355)
(0.00472827 -0.00549281 0.0104836)
(0.00465837 -0.00520143 0.0103732)
(0.00474636 -0.00560779 0.0104593)
(0.00456342 -0.00547526 0.00998986)
(0.00508144 -0.00646226 0.0108768)
(0.00448645 -0.00556402 0.0102947)
(0.00477175 -0.00597508 0.0108751)
(0.00529049 -0.00627047 0.0113327)
(0.00447831 -0.00539843 0.0101131)
(0.00476963 -0.00512448 0.0105493)
(0.0042479 -0.00522136 0.00968824)
(0.00468364 -0.00555382 0.0104421)
(0.00466913 -0.00555484 0.0107244)
(0.00488541 -0.00538615 0.0100072)
(0.00472702 -0.00542275 0.0101881)
(0.00442507 -0.00558892 0.0104485)
(0.00436833 -0.00531865 0.00982472)
(0.00448443 -0.00543136 0.0097823)
(0.00442248 -0.00541853 0.00996101)
(0.0045504 -0.00538067 0.00999977)
(0.00454519 -0.00548695 0.0101437)
(0.00453491 -0.00560317 0.0104145)
(0.00446209 -0.00528298 0.00986282)
(0.00465365 -0.0057245 0.0102691)
(0.00457328 -0.00533951 0.00966637)
(0.00447381 -0.00545116 0.009771)
(0.00479183 -0.00587573 0.0104475)
(0.00450649 -0.0057073 0.0104347)
(0.00448494 -0.00518014 0.00954693)
(0.00485548 -0.00563667 0.0105589)
(0.00495988 -0.00577134 0.0105136)
(0.00466372 -0.00557284 0.0101102)
(0.00431386 -0.00482837 0.00889032)
(0.00444525 -0.00475918 0.00888905)
(0.00413909 -0.00486413 0.00914338)
(0.00447085 -0.00530112 0.00950543)
(0.00437182 -0.00512083 0.009321)
(0.00403867 -0.00505879 0.00903475)
(0.00454296 -0.0055399 0.0099729)
(0.00385651 -0.00497703 0.00949914)
(0.004317 -0.00550512 0.00996199)
(0.00444143 -0.00536024 0.00955588)
(0.00425115 -0.00522359 0.00991053)
(0.00434596 -0.00503452 0.00923443)
(0.00412122 -0.00521367 0.00970608)
(0.00454108 -0.00485865 0.00904366)
(0.00420504 -0.00505948 0.00933177)
(0.00418091 -0.00497794 0.00931833)
(0.00405114 -0.00496488 0.00946445)
(0.0048235 -0.00537859 0.0100079)
(0.00458174 -0.00523452 0.00947285)
(0.00465006 -0.00498474 0.00936037)
(0.00455687 -0.00499006 0.00917902)
(0.00455503 -0.0051696 0.0098336)
(0.00446144 -0.00503401 0.00945287)
(0.00452495 -0.00520417 0.00958126)
(0.00448946 -0.00513922 0.00965417)
(0.00473728 -0.00580359 0.0103208)
(0.0046852 -0.00597328 0.0105512)
(0.00416182 -0.00499672 0.0108613)
(0.00422891 -0.00474552 0.010349)
(0.00470881 -0.00589453 0.0104263)
(0.00477671 -0.0055615 0.0107462)
(0.00510817 -0.0061822 0.0106652)
(0.00482915 -0.00624385 0.0108095)
(0.00416212 -0.00505106 0.0100172)
(0.00453815 -0.00543378 0.0100076)
(0.00462534 -0.00563894 0.010193)
(0.00419329 -0.00523492 0.00983007)
(0.0041935 -0.00507345 0.00985864)
(0.00433027 -0.0050272 0.00966949)
(0.00441742 -0.0053964 0.00994788)
(0.0040049 -0.00465328 0.00965458)
(0.00504906 -0.0064093 0.0108438)
(0.00477003 -0.00574716 0.0101912)
(0.00462083 -0.00597709 0.0109464)
(0.00448277 -0.00547463 0.0105132)
(0.00470192 -0.00592959 0.0102005)
(0.00479878 -0.00583469 0.0110624)
(0.0045586 -0.00568711 0.0105183)
(0.00498393 -0.00561651 0.0112086)
(0.00500647 -0.00617063 0.0110425)
(0.00455377 -0.00609309 0.0106503)
(0.00510848 -0.00570569 0.0109518)
(0.00461833 -0.00550566 0.0101189)
(0.00459472 -0.00568946 0.0102467)
(0.00456002 -0.00540136 0.0101722)
(0.00439208 -0.00522238 0.00981318)
(0.00459404 -0.00584328 0.0103508)
(0.00476676 -0.00598343 0.0108244)
(0.0048662 -0.00603252 0.0110944)
(0.00497484 -0.00584229 0.0108292)
(0.00436343 -0.00528816 0.00962536)
(0.00425034 -0.00520053 0.00989732)
(0.00422881 -0.00526219 0.00999475)
(0.00439003 -0.00526955 0.0101638)
(0.00439998 -0.00518362 0.0100617)
(0.00442512 -0.00518675 0.0102593)
(0.00440432 -0.00523995 0.00979272)
(0.00509042 -0.00594199 0.0103892)
(0.00435784 -0.00536152 0.0101376)
(0.00421076 -0.00501731 0.0100041)
(0.00429351 -0.00548277 0.0106258)
(0.0049897 -0.0061962 0.0106119)
(0.00405605 -0.00520926 0.00989311)
(0.00456989 -0.00577354 0.0108934)
(0.0041492 -0.00516285 0.0100095)
(0.00414528 -0.00528037 0.0102361)
(0.00448371 -0.00513882 0.00950993)
(0.00439901 -0.00532502 0.00988073)
(0.00457863 -0.00522045 0.00951383)
(0.00499591 -0.00550471 0.00993504)
(0.00437266 -0.00523083 0.0101197)
(0.00444236 -0.00568738 0.0111416)
(0.0046987 -0.00575016 0.0108836)
(0.00525854 -0.00607958 0.0107352)
(0.00420066 -0.00496115 0.00998593)
(0.00450563 -0.00512802 0.0101282)
(0.00445292 -0.00549136 0.0104992)
(0.0045332 -0.00533828 0.0100076)
(0.0049717 -0.00567418 0.010027)
(0.00472845 -0.00499655 0.0102333)
(0.00489549 -0.00585518 0.0107403)
(0.00458478 -0.00541543 0.00967384)
(0.0044068 -0.00545164 0.0105049)
(0.00439935 -0.00554257 0.00992236)
(0.00433961 -0.00494776 0.00994219)
(0.00426285 -0.00506696 0.00997949)
(0.0041226 -0.00526818 0.00975416)
(0.00450351 -0.00536151 0.0101093)
(0.00419557 -0.00506361 0.011039)
(0.00437966 -0.00506388 0.00989718)
(0.00423728 -0.00536506 0.0100997)
(0.00418843 -0.00504428 0.00964705)
(0.00412041 -0.00497691 0.00932207)
(0.00419156 -0.00509208 0.0095769)
(0.00428743 -0.00512339 0.00985515)
(0.00414369 -0.00513905 0.00986987)
(0.00427153 -0.00518306 0.00978318)
(0.00444227 -0.00530439 0.00990119)
(0.00432103 -0.00513781 0.00982476)
(0.00416356 -0.00492996 0.00971389)
(0.00443203 -0.00542933 0.0102822)
(0.00430439 -0.0053397 0.0103151)
(0.00442868 -0.00540124 0.0100929)
(0.00467176 -0.00570753 0.010338)
(0.00442693 -0.00531791 0.0101646)
(0.0044631 -0.0052037 0.00968661)
(0.00480249 -0.00563842 0.0101928)
(0.00488007 -0.00646377 0.010736)
(0.0046514 -0.00503389 0.0103402)
(0.00436513 -0.00483346 0.0104841)
(0.00423837 -0.00505824 0.00977289)
(0.00444433 -0.0055256 0.00997125)
(0.00451574 -0.00591479 0.0103395)
(0.00468997 -0.00564527 0.0105303)
(0.0045056 -0.00544674 0.0103007)
(0.00480762 -0.00569955 0.0107245)
(0.00489715 -0.00658383 0.0108836)
(0.00456537 -0.00613505 0.0100579)
(0.00434414 -0.00564735 0.0097094)
(0.0045179 -0.00568538 0.0100407)
(0.00452489 -0.00514175 0.0101383)
(0.00452159 -0.00582341 0.0101236)
(0.00444462 -0.00549147 0.00988204)
(0.00439209 -0.0055855 0.0100072)
(0.00494991 -0.00560061 0.0113442)
(0.0042807 -0.00515553 0.00966689)
(0.00447672 -0.0050887 0.0104814)
(0.00426396 -0.00507292 0.00940878)
(0.00412769 -0.0048972 0.00910977)
(0.00447005 -0.00526708 0.00950105)
(0.00444306 -0.00540426 0.00975304)
(0.00431938 -0.00517904 0.00945053)
(0.0043527 -0.00553687 0.00993258)
(0.00453879 -0.00471107 0.00907062)
(0.00441505 -0.00503156 0.00958275)
(0.0042967 -0.00523036 0.00956645)
(0.00439873 -0.00520109 0.00962423)
(0.00432534 -0.00527195 0.00976018)
(0.00434363 -0.00532916 0.00963238)
(0.00460213 -0.00518272 0.00996567)
(0.00423148 -0.00506782 0.00942943)
(0.00424212 -0.00516815 0.00960596)
(0.00423811 -0.00520999 0.00959197)
(0.00469407 -0.00491577 0.00971956)
(0.00422128 -0.00489382 0.00925371)
(0.00427156 -0.00529677 0.00955379)
(0.00429439 -0.00520818 0.00958415)
(0.00466622 -0.00575438 0.0104758)
(0.00459793 -0.00548319 0.0102082)
(0.00475657 -0.00559838 0.010463)
(0.00459059 -0.00505008 0.0102452)
(0.0046114 -0.0054925 0.0107321)
(0.00464836 -0.00559129 0.0101566)
(0.00450969 -0.00532496 0.0100586)
(0.00451414 -0.00560585 0.0100631)
(0.00430088 -0.00570127 0.0100905)
(0.00496527 -0.00520517 0.0105049)
(0.00494976 -0.00575527 0.0106523)
(0.00485489 -0.00541707 0.0105397)
(0.0051417 -0.00590823 0.0111169)
(0.00445134 -0.0053756 0.0100076)
(0.00444705 -0.00540565 0.0100687)
(0.00464622 -0.0051499 0.00981108)
(0.00435004 -0.00494733 0.00934929)
(0.00435856 -0.00491396 0.00938384)
(0.00461868 -0.00495901 0.00957668)
(0.00438568 -0.00534832 0.00980616)
(0.00433484 -0.00532358 0.00987624)
(0.00439999 -0.00541603 0.00997797)
(0.00473561 -0.00542341 0.0101218)
(0.00434252 -0.00501082 0.00948776)
(0.00463373 -0.00532318 0.0101938)
(0.00443924 -0.00540288 0.00973741)
(0.00441885 -0.00498171 0.00957301)
(0.00455745 -0.00499392 0.00990232)
(0.00438377 -0.00497464 0.00950264)
(0.00444066 -0.00502744 0.00973358)
(0.00462527 -0.0051601 0.0098435)
(0.0046533 -0.00567098 0.0104419)
(0.00493864 -0.00503256 0.0100959)
(0.00452256 -0.00529247 0.0100216)
(0.00445233 -0.005179 0.00981245)
(0.00429118 -0.00543652 0.00997039)
(0.00490998 -0.00577738 0.0105945)
(0.00468328 -0.0054264 0.010242)
(0.00513445 -0.00574256 0.0110818)
(0.00439927 -0.00525452 0.00974863)
(0.00459977 -0.00519964 0.010053)
(0.004746 -0.0056754 0.0104675)
(0.00453275 -0.00519064 0.0102596)
(0.00454865 -0.00522678 0.0101013)
(0.00466416 -0.00543187 0.0102051)
(0.00458338 -0.00556453 0.0101501)
(0.0044999 -0.00526044 0.0100313)
(0.00448069 -0.00516889 0.0102168)
(0.0045452 -0.00564043 0.0101183)
(0.00431885 -0.0050429 0.00999881)
(0.00478216 -0.00519845 0.0105134)
(0.00506988 -0.00554775 0.0109842)
(0.00447213 -0.00533603 0.00967948)
(0.00427544 -0.00531305 0.00972195)
(0.00428434 -0.00512384 0.0100215)
(0.00450876 -0.00549218 0.0102029)
(0.00477831 -0.00537529 0.0105125)
(0.00458204 -0.0055426 0.0101233)
(0.00461455 -0.00561397 0.0103339)
(0.00465331 -0.00579681 0.0101978)
(0.00456075 -0.00566185 0.0101533)
(0.00469537 -0.00545625 0.0103919)
(0.00466799 -0.00539519 0.0106269)
(0.00434734 -0.00529262 0.0100675)
(0.00444034 -0.00539822 0.00999659)
(0.00442389 -0.00530591 0.0101787)
(0.00427845 -0.00494834 0.00972272)
(0.00439198 -0.00518611 0.00987373)
(0.00449471 -0.00503878 0.0102598)
(0.00446566 -0.00549927 0.0103286)
(0.00493939 -0.00639988 0.0108976)
(0.00497993 -0.00586243 0.0109623)
(0.00508295 -0.00587352 0.0111031)
(0.00451109 -0.00566446 0.0102447)
(0.0051484 -0.006027 0.0117923)
(0.00435021 -0.00561013 0.0100135)
(0.00416732 -0.00579559 0.0097911)
(0.0045071 -0.00539266 0.0100771)
(0.00450407 -0.00538491 0.00996706)
(0.00480393 -0.00526444 0.0101497)
(0.00470725 -0.00556029 0.0103279)
(0.00452983 -0.00533369 0.0099262)
(0.00455448 -0.00546457 0.0101894)
(0.00446278 -0.00533459 0.00983156)
(0.00426588 -0.00567392 0.0101235)
(0.00437998 -0.00536486 0.00986744)
(0.00426637 -0.00528359 0.0098764)
(0.00435019 -0.00515324 0.0097395)
(0.00427619 -0.00538108 0.00995539)
(0.00437148 -0.00540929 0.00991071)
(0.00452893 -0.00528966 0.00986964)
(0.00434448 -0.00533166 0.0098856)
(0.00427281 -0.00553389 0.0101483)
(0.00432316 -0.00527682 0.00969408)
(0.00453545 -0.00536553 0.00980367)
(0.00428559 -0.0052566 0.00967909)
(0.00425204 -0.00541716 0.00975053)
(0.00429944 -0.00504598 0.00952176)
(0.00430344 -0.00543369 0.00986474)
(0.00446034 -0.00552756 0.0102739)
(0.004333 -0.00509565 0.00990417)
(0.00468832 -0.00534562 0.00984748)
(0.00462066 -0.00516734 0.009753)
(0.00454711 -0.00537742 0.00989298)
(0.00449517 -0.00540079 0.00997906)
(0.00466968 -0.00541653 0.0101099)
(0.00450156 -0.00548335 0.0100646)
(0.00450878 -0.00540261 0.0100282)
(0.00439489 -0.00517079 0.00954765)
(0.00453672 -0.00536305 0.00999223)
(0.00449822 -0.00529658 0.00968654)
(0.00454141 -0.00537766 0.00985083)
(0.00428051 -0.00591326 0.00985118)
(0.00422444 -0.00526396 0.00942501)
(0.00445302 -0.00582494 0.010195)
(0.00445606 -0.00595647 0.0100926)
(0.00437867 -0.00520686 0.00984624)
(0.00429385 -0.0057472 0.00946366)
(0.00440354 -0.00510805 0.0098543)
(0.00436025 -0.00567274 0.00997833)
(0.00437228 -0.00570719 0.010178)
(0.00438314 -0.00565457 0.0100318)
(0.00427259 -0.00557568 0.00987055)
(0.00430093 -0.00513814 0.00958725)
(0.00440861 -0.0052954 0.00981206)
(0.00427222 -0.00532788 0.00960948)
(0.00444635 -0.00539371 0.00981982)
(0.00424777 -0.00534412 0.00984609)
(0.0042537 -0.00530955 0.00966282)
(0.00456169 -0.00568244 0.0105648)
(0.0044547 -0.00519922 0.00981158)
(0.00433707 -0.00503636 0.00943366)
(0.00437958 -0.00524301 0.00976299)
(0.00427203 -0.0054557 0.010091)
(0.00428053 -0.0050547 0.00957999)
(0.00417968 -0.00557818 0.00999062)
(0.00409235 -0.0052033 0.00948565)
(0.00436319 -0.00534417 0.00983797)
(0.00416282 -0.0052394 0.00954423)
(0.00435994 -0.00519362 0.00968596)
(0.00442431 -0.00514377 0.00965234)
(0.00427894 -0.00527533 0.00964262)
(0.00430675 -0.00497059 0.00929869)
(0.00447722 -0.00504106 0.00953917)
(0.00454186 -0.00536463 0.0101159)
(0.00512571 -0.0052816 0.0108358)
(0.00425369 -0.00594662 0.00976339)
(0.0049334 -0.00586375 0.0109765)
(0.00432347 -0.00534495 0.00910858)
(0.00452722 -0.00545911 0.0101201)
(0.00448011 -0.00555228 0.010103)
(0.00429245 -0.00578279 0.00971124)
(0.00450069 -0.00540881 0.0100614)
(0.00460526 -0.00508374 0.00984766)
(0.00443422 -0.00493468 0.0095468)
(0.0047436 -0.00524769 0.0111705)
(0.00423573 -0.00559101 0.00994211)
(0.00448611 -0.00521418 0.00984365)
(0.0049074 -0.00553332 0.0106793)
(0.00477547 -0.00491262 0.0100104)
(0.00461671 -0.00566562 0.0102009)
(0.00434584 -0.00571473 0.00982864)
(0.0044543 -0.00572985 0.00986778)
(0.0044978 -0.00549083 0.0100404)
(0.00444174 -0.0054507 0.00999761)
(0.00448599 -0.00562218 0.0101443)
(0.00422651 -0.00486434 0.0096738)
(0.00413313 -0.0054817 0.00995934)
(0.00458943 -0.00530945 0.0104495)
(0.00437026 -0.00477385 0.00969282)
(0.00451166 -0.0053788 0.00986567)
(0.00469808 -0.00528594 0.0102237)
(0.00422574 -0.00563888 0.00985742)
(0.00428293 -0.00551544 0.00971588)
(0.0044628 -0.00517611 0.00975565)
(0.00419465 -0.00516781 0.00956046)
(0.00432942 -0.00503821 0.0095289)
(0.00452776 -0.00516926 0.00982306)
(0.0045692 -0.00511822 0.009619)
(0.00459487 -0.0051556 0.0098915)
(0.00452595 -0.00553923 0.00999018)
(0.00469546 -0.00591215 0.0101133)
(0.0045121 -0.00616611 0.0103075)
(0.00460242 -0.0051433 0.0099391)
(0.0046056 -0.0057996 0.0101991)
(0.00455998 -0.00525565 0.010127)
(0.0044532 -0.00516679 0.00972599)
(0.00446423 -0.00554531 0.0101477)
(0.00445316 -0.00603256 0.0100547)
(0.00462764 -0.0059993 0.0103222)
(0.00487851 -0.00640971 0.0110565)
(0.00457602 -0.00563873 0.0101583)
(0.004967 -0.00581602 0.0104622)
(0.00457463 -0.00560467 0.0100235)
(0.00417972 -0.00518084 0.00987659)
(0.00400548 -0.0051016 0.00964969)
(0.00485673 -0.00562242 0.0101518)
(0.00488346 -0.00555427 0.0100409)
(0.00473617 -0.00543596 0.0100063)
(0.0044329 -0.00545065 0.0101166)
(0.00458956 -0.00546316 0.010158)
(0.00473881 -0.00547484 0.0101852)
(0.00471635 -0.00573652 0.0110983)
(0.00455177 -0.00572795 0.0104726)
(0.00440099 -0.00521506 0.00977845)
(0.00453845 -0.00544509 0.0100491)
(0.00473417 -0.0055466 0.0101882)
(0.00495159 -0.00565924 0.0105249)
(0.0044155 -0.00538573 0.00991589)
(0.00467106 -0.00602682 0.0109121)
(0.00431089 -0.0053122 0.00979133)
(0.00490786 -0.0058686 0.0105897)
(0.00432428 -0.00557152 0.0103902)
(0.00454129 -0.00550562 0.0104641)
(0.00414518 -0.00558199 0.00988937)
(0.00446259 -0.00552185 0.01007)
(0.00441397 -0.00538588 0.0101831)
(0.00454677 -0.00552479 0.010281)
(0.00444414 -0.00549803 0.0100646)
(0.0044333 -0.00546746 0.0102165)
(0.00441767 -0.0053303 0.00997633)
(0.00449401 -0.00556 0.0104273)
(0.00463388 -0.00584445 0.0107311)
(0.00446803 -0.00548304 0.0101451)
(0.00456005 -0.00568119 0.0104509)
(0.00473519 -0.00560579 0.0104306)
(0.00458345 -0.00560664 0.0101574)
(0.00449202 -0.00562124 0.0101042)
(0.00429425 -0.00550596 0.0100356)
(0.0043178 -0.00539847 0.00994629)
(0.00433394 -0.00545933 0.00995439)
(0.00438761 -0.00541099 0.0099285)
(0.00442134 -0.00538481 0.00994251)
(0.00442142 -0.00498904 0.00945374)
(0.00446606 -0.00520809 0.00984486)
(0.00440844 -0.00524414 0.00976652)
(0.00439722 -0.00533712 0.00984167)
(0.0043703 -0.00537879 0.0099245)
(0.00432043 -0.00538045 0.00986409)
(0.00428186 -0.00534707 0.00980925)
(0.00433922 -0.00533188 0.00975019)
(0.00423786 -0.00534169 0.00971187)
(0.00454886 -0.00545894 0.0101813)
(0.00457318 -0.00533971 0.0102042)
(0.00430616 -0.00548545 0.00990392)
(0.00462869 -0.00559667 0.0102924)
(0.00444841 -0.00538103 0.00980858)
(0.00434008 -0.00542411 0.00993947)
(0.00424135 -0.00528443 0.00977483)
(0.00455586 -0.00532909 0.00983631)
(0.00470312 -0.00529395 0.00996442)
(0.00453238 -0.00510592 0.00976263)
(0.00435689 -0.00522054 0.0095683)
(0.00450898 -0.00535366 0.0101381)
(0.00444268 -0.00529748 0.00997266)
(0.00461477 -0.00544667 0.00974523)
(0.00443597 -0.00552077 0.0101675)
(0.00440956 -0.00527366 0.00981577)
(0.00498174 -0.0056393 0.0106391)
(0.00465722 -0.00555349 0.0101847)
(0.00479736 -0.00543214 0.0103846)
(0.00497755 -0.00561586 0.0107813)
(0.004468 -0.00531675 0.00969768)
(0.0046525 -0.00552787 0.0100219)
(0.00463317 -0.0054767 0.010053)
(0.00454039 -0.00583843 0.0106681)
(0.00429303 -0.0055568 0.010202)
(0.00452519 -0.00548294 0.0099904)
(0.00450567 -0.00581171 0.0105591)
(0.00447025 -0.0055392 0.0102936)
(0.00473132 -0.00576957 0.0109846)
(0.00448911 -0.0053131 0.00997985)
(0.00446498 -0.00534493 0.0101149)
(0.00455738 -0.00558068 0.0102561)
(0.00464748 -0.00539513 0.00997071)
(0.00474845 -0.00580679 0.0104862)
(0.00446895 -0.0056619 0.0109141)
(0.00422825 -0.00533331 0.0100152)
(0.0044461 -0.00536631 0.01039)
(0.00440831 -0.00541307 0.010288)
(0.00495666 -0.00591154 0.0106459)
(0.00426098 -0.00555582 0.0103523)
(0.00476672 -0.00599104 0.0110852)
(0.00461738 -0.00569573 0.0104245)
(0.00434908 -0.00539863 0.0103632)
(0.00449662 -0.0055227 0.0102848)
(0.00426509 -0.00559522 0.0106308)
(0.0045757 -0.00552905 0.0105065)
(0.00420096 -0.00551433 0.0104519)
(0.00431897 -0.00549921 0.0102034)
(0.0042914 -0.00544197 0.0101238)
(0.00490529 -0.00574395 0.0106661)
(0.00494693 -0.00569715 0.0104106)
(0.00470244 -0.00555939 0.010136)
(0.00481379 -0.00577249 0.0109129)
(0.00481797 -0.00600432 0.0108327)
(0.00494556 -0.00573728 0.0101627)
(0.00484054 -0.00583728 0.0104946)
(0.00470593 -0.00535175 0.0100372)
(0.00497631 -0.00580242 0.0111181)
(0.00430667 -0.00555847 0.0102737)
(0.00439072 -0.00536932 0.0101159)
(0.00426137 -0.00551525 0.0101652)
(0.00440173 -0.00508552 0.00994991)
(0.00447433 -0.00529381 0.0101642)
(0.00463263 -0.00545555 0.010009)
(0.00450293 -0.00549604 0.0102936)
(0.00468114 -0.00539261 0.0105064)
(0.00525199 -0.00615956 0.0113358)
(0.00412469 -0.00505247 0.010277)
(0.00462434 -0.00543915 0.00998931)
(0.00477948 -0.00552761 0.0103788)
(0.00458114 -0.00529422 0.00967214)
(0.00466031 -0.00539907 0.00990341)
(0.00466608 -0.00548801 0.00993979)
(0.00427974 -0.00526045 0.00947871)
(0.00449439 -0.00525834 0.00978714)
(0.00467757 -0.00541375 0.00981446)
(0.00506009 -0.00567258 0.0106688)
(0.00434674 -0.00545217 0.009879)
(0.00447669 -0.00542889 0.0100101)
(0.00460235 -0.00534834 0.00990852)
(0.00448996 -0.00537131 0.0100676)
(0.00420311 -0.00546107 0.0100175)
(0.00459249 -0.0053771 0.00960974)
(0.00454398 -0.00574143 0.0102429)
(0.00489328 -0.00558911 0.0101853)
(0.00458761 -0.00548048 0.0102402)
(0.00476707 -0.0055177 0.00992249)
(0.00446841 -0.00541392 0.010568)
(0.0049226 -0.00575744 0.0109)
(0.00480303 -0.00602781 0.0106087)
(0.00468622 -0.00573724 0.0105594)
(0.00474668 -0.00599843 0.0105799)
(0.004827 -0.00540906 0.0105302)
(0.00424631 -0.00576132 0.0100482)
(0.00466287 -0.00569649 0.0105486)
(0.00488335 -0.00609198 0.010749)
(0.00502259 -0.00608347 0.0106208)
(0.00474423 -0.0054581 0.0109851)
(0.00509777 -0.00618397 0.010309)
(0.00458341 -0.00616159 0.0111123)
(0.00461049 -0.00561779 0.0107131)
(0.00482666 -0.00596235 0.010593)
(0.0043208 -0.00556915 0.0101424)
(0.00426029 -0.00520423 0.00993853)
(0.00451678 -0.00562916 0.0102311)
(0.00480744 -0.0057875 0.0104531)
(0.00494255 -0.00598994 0.0107149)
(0.00432355 -0.00541535 0.0104623)
(0.00448638 -0.005526 0.0104738)
(0.00487973 -0.00574369 0.0106929)
(0.00488359 -0.00599062 0.0107246)
(0.00469539 -0.0055617 0.0103484)
(0.00444384 -0.00558857 0.0100439)
(0.00431835 -0.0053919 0.00972401)
(0.00514524 -0.00580707 0.0109965)
(0.00430184 -0.0050396 0.0103781)
(0.00414519 -0.0051858 0.0101618)
(0.00464111 -0.00626071 0.0100271)
(0.00478393 -0.00631538 0.0100072)
(0.00430549 -0.00515728 0.00951389)
(0.00429758 -0.00513816 0.00944535)
(0.00442753 -0.00527174 0.00986638)
(0.00421166 -0.00510399 0.00953143)
(0.00445621 -0.00505073 0.00946434)
(0.00427149 -0.00497607 0.00928649)
(0.00439085 -0.00551318 0.00995841)
(0.0044312 -0.00579334 0.0101281)
(0.00434421 -0.00545736 0.00971427)
(0.00463105 -0.00533365 0.0103129)
(0.00444456 -0.00583656 0.0104058)
(0.00449128 -0.00547284 0.0100135)
(0.00444491 -0.00535134 0.00986243)
(0.00450741 -0.0053901 0.0100129)
(0.00439673 -0.00554217 0.0103198)
(0.00469172 -0.00550613 0.010263)
(0.00451553 -0.00533031 0.0100057)
(0.00438944 -0.00549982 0.0101563)
(0.00467217 -0.00524342 0.0100686)
(0.004725 -0.00559633 0.0103935)
(0.00462887 -0.00535189 0.010062)
(0.0046654 -0.00568522 0.0106542)
(0.00481214 -0.00567982 0.010571)
(0.00426972 -0.00554435 0.00960717)
(0.00443486 -0.00522468 0.00975122)
(0.00445388 -0.0056532 0.0100146)
(0.00434455 -0.00559134 0.0102992)
(0.0044628 -0.00535976 0.00986215)
(0.00453987 -0.0055123 0.0100533)
(0.00432876 -0.0053321 0.00970703)
(0.0046148 -0.00513061 0.0103671)
(0.00419035 -0.0052292 0.00937593)
(0.00449389 -0.00516894 0.00992087)
(0.00436223 -0.00525688 0.00991638)
(0.00452219 -0.00533629 0.0101839)
(0.00460123 -0.00514414 0.0102887)
(0.00459936 -0.00509749 0.0100106)
(0.00451836 -0.00555796 0.0101315)
(0.0044302 -0.00547822 0.010303)
(0.00452322 -0.00532827 0.00994087)
(0.0045154 -0.0046976 0.00961738)
(0.00470934 -0.00542804 0.0102336)
(0.0049157 -0.00570555 0.0106325)
(0.0046042 -0.00526729 0.00978984)
(0.0045483 -0.00535626 0.00991601)
(0.00466753 -0.00527992 0.00989373)
(0.00450867 -0.00525203 0.00974955)
(0.00459815 -0.00539868 0.0099128)
(0.00458807 -0.00531599 0.00989758)
(0.0045553 -0.00539295 0.0100107)
(0.00459398 -0.00533974 0.00994896)
(0.00485323 -0.00600404 0.0107761)
(0.00424291 -0.00555629 0.00940057)
(0.00445134 -0.00603985 0.0102502)
(0.00461516 -0.00527611 0.0101103)
(0.00455151 -0.00538663 0.0102928)
(0.00440559 -0.00504495 0.00983776)
(0.00438746 -0.00500109 0.00974275)
(0.00443487 -0.00490393 0.00980948)
(0.00490187 -0.00522809 0.0106468)
(0.00490957 -0.0048298 0.0103646)
(0.00450091 -0.00512275 0.00951586)
(0.00471667 -0.00528927 0.00989741)
(0.00439981 -0.00509263 0.00909185)
(0.00484733 -0.0052654 0.00995442)
(0.00477983 -0.00517668 0.00975044)
(0.00459251 -0.00558364 0.0102523)
(0.00437941 -0.00536708 0.0100006)
(0.00451544 -0.00548283 0.0101987)
(0.00451093 -0.00502482 0.0104647)
(0.00440614 -0.00481161 0.00981303)
(0.0043894 -0.00502256 0.0100567)
(0.0048247 -0.00528815 0.0108036)
(0.00456342 -0.0049503 0.0103105)
(0.00478423 -0.00539746 0.0109318)
(0.00512184 -0.00608736 0.0113159)
(0.00441383 -0.00539968 0.0107314)
(0.00478388 -0.00589072 0.0106676)
(0.00502137 -0.00554042 0.0108892)
(0.00424301 -0.00522314 0.00969716)
(0.00420242 -0.00544557 0.00995358)
(0.00427757 -0.00520484 0.00992774)
(0.00419812 -0.00520987 0.00981613)
(0.00412314 -0.00495654 0.00972697)
(0.00426921 -0.00531393 0.00993245)
(0.00418348 -0.0050759 0.00977418)
(0.00430373 -0.00542233 0.0100093)
(0.00421979 -0.00539774 0.0101704)
(0.00435263 -0.00543739 0.00994503)
(0.00492255 -0.00606017 0.0107629)
(0.00442146 -0.00572419 0.0102353)
(0.00459022 -0.00550027 0.0101855)
(0.00433982 -0.00523996 0.00950238)
(0.00392948 -0.00490572 0.00939398)
(0.00437347 -0.00513119 0.00955997)
(0.00418181 -0.00549234 0.0102753)
(0.00485216 -0.00596661 0.0106133)
(0.00457137 -0.00592102 0.0104685)
(0.00440501 -0.00547206 0.00999241)
(0.00489865 -0.0059697 0.0110392)
(0.00445634 -0.00578091 0.0105893)
(0.00487443 -0.0060648 0.0110055)
(0.00463214 -0.00555154 0.0101759)
(0.00466511 -0.00550143 0.0102649)
(0.00461596 -0.0057169 0.0103281)
(0.00419852 -0.00593139 0.010301)
(0.00443747 -0.00513415 0.0098017)
(0.00452556 -0.00535552 0.0100506)
(0.00444286 -0.00552549 0.00990368)
(0.00412573 -0.00538824 0.00970254)
(0.0049637 -0.00543026 0.0106486)
(0.00450413 -0.00553213 0.0105144)
(0.00449098 -0.00559488 0.0100979)
(0.00471972 -0.00528209 0.0104024)
(0.00507854 -0.00638681 0.0108402)
(0.0047934 -0.00582543 0.0106176)
(0.00470321 -0.00569294 0.0104508)
(0.00508978 -0.00606558 0.0109976)
(0.00474653 -0.00573721 0.0103338)
(0.00491309 -0.00596528 0.0109826)
(0.00512302 -0.00656185 0.0112432)
(0.0050174 -0.0065294 0.0111986)
(0.00481632 -0.00553302 0.0109545)
(0.00449916 -0.00519769 0.0098864)
(0.00453924 -0.0048325 0.0103481)
(0.00447575 -0.00545285 0.00999713)
(0.0044001 -0.00525105 0.00965573)
(0.0043415 -0.00517119 0.00993121)
(0.00450099 -0.00547663 0.0104246)
(0.00463991 -0.00566903 0.0103492)
(0.00467048 -0.00591284 0.0111977)
(0.00430447 -0.00547163 0.0103197)
(0.00428066 -0.00525451 0.00986125)
(0.00430537 -0.00523168 0.00960805)
(0.00447429 -0.00549669 0.00982838)
(0.00450741 -0.00573845 0.0100464)
(0.00421376 -0.00530083 0.00984634)
(0.00428077 -0.00554805 0.0103755)
(0.00502303 -0.00565371 0.0097645)
(0.00472329 -0.0053455 0.00956157)
(0.00439631 -0.0053907 0.0106349)
(0.0045418 -0.00547874 0.0098257)
(0.00448294 -0.00527513 0.00968977)
(0.00442811 -0.00513134 0.00928963)
(0.004551 -0.00516208 0.00974747)
(0.00444304 -0.00503849 0.00890132)
(0.0043597 -0.00503416 0.0093574)
(0.00460267 -0.00536276 0.00958034)
(0.00420027 -0.00513029 0.00949509)
(0.00433358 -0.00508923 0.00911608)
(0.00439361 -0.00528549 0.00973262)
(0.00446164 -0.00513333 0.00938371)
(0.00447057 -0.00529859 0.00989893)
(0.00468101 -0.00512904 0.00954354)
(0.00440958 -0.0051213 0.00959503)
(0.00400079 -0.0048502 0.00898624)
(0.00387023 -0.00490416 0.00883603)
(0.00472097 -0.0053806 0.00985635)
(0.00433593 -0.00534435 0.00984017)
(0.00464966 -0.00554877 0.0104589)
(0.00490517 -0.00559985 0.0105307)
(0.00413498 -0.0051723 0.00965973)
(0.00428245 -0.00500909 0.00983673)
(0.00493003 -0.00624262 0.0110971)
(0.0044355 -0.00570879 0.0099965)
(0.00472092 -0.00546425 0.0103327)
(0.00473592 -0.00568788 0.0107016)
(0.00470024 -0.00587474 0.010509)
(0.00422284 -0.00522129 0.00966974)
(0.00454996 -0.00517428 0.00997814)
(0.00444584 -0.00528998 0.00969001)
(0.0043747 -0.00522048 0.00936228)
(0.00437605 -0.00561882 0.0104119)
(0.00435323 -0.00554463 0.00984432)
(0.00425776 -0.00524114 0.00971096)
(0.00399762 -0.0050272 0.00965038)
(0.00420124 -0.00506327 0.00975862)
(0.00440645 -0.00505514 0.00959265)
(0.00398103 -0.00473458 0.00915817)
(0.0044969 -0.00554857 0.0101327)
(0.00460191 -0.00557486 0.0100749)
(0.00484264 -0.00597422 0.0104609)
(0.00468089 -0.00601667 0.0109051)
(0.00428282 -0.00538305 0.0103025)
(0.00501382 -0.00584538 0.0103015)
(0.00431622 -0.00497993 0.0102069)
(0.00463294 -0.00527575 0.0106307)
(0.00511235 -0.00623655 0.0108809)
(0.00451217 -0.00567225 0.0102053)
(0.00452359 -0.00549388 0.0105311)
(0.00427356 -0.00529596 0.010141)
(0.00431394 -0.0049971 0.00980126)
(0.00471079 -0.00565629 0.010027)
(0.0044481 -0.00512684 0.00973054)
(0.00443683 -0.00519857 0.00996761)
(0.00494711 -0.00599641 0.0105741)
(0.00463947 -0.0057824 0.010462)
(0.00460087 -0.00553968 0.0103036)
(0.00417846 -0.00543106 0.0100876)
(0.00448672 -0.00505535 0.00979843)
(0.00453205 -0.00567303 0.0103372)
(0.00421718 -0.0054583 0.0100084)
(0.0044853 -0.00566306 0.0103199)
(0.00430525 -0.00536747 0.00961999)
(0.00466491 -0.00516607 0.00976077)
(0.00447448 -0.0053722 0.0100119)
(0.0044758 -0.00516742 0.00979614)
(0.00423426 -0.00545985 0.00974237)
(0.00420244 -0.00530144 0.00964252)
(0.00485523 -0.00575743 0.0104075)
(0.0048809 -0.00560926 0.010287)
)
;
    }
    INLET
    {
        type            calculated;
        value           nonuniform 0();
    }
    OUTLET
    {
        type            calculated;
        value           nonuniform 0();
    }
    procBoundary31to32
    {
        type            processor;
        value           uniform (0 0 0);
    }
    procBoundary31to34
    {
        type            processor;
        value           uniform (0 0 0);
    }
}


// ************************************************************************* //
