/*--------------------------------*- C++ -*----------------------------------*\
| =========                 |                                                 |
| \\      /  F ield         | OpenFOAM: The Open Source CFD Toolbox           |
|  \\    /   O peration     | Version:  v1612+                                |
|   \\  /    A nd           | Web:      www.OpenFOAM.com                      |
|    \\/     M anipulation  |                                                 |
\*---------------------------------------------------------------------------*/
FoamFile
{
    version     2.0;
    format      ascii;
    class       volVectorField;
    location    "200";
    object      wallShearStress;
}
// * * * * * * * * * * * * * * * * * * * * * * * * * * * * * * * * * * * * * //

dimensions      [0 2 -2 0 0 0 0];

internalField   uniform (0 0 0);

boundaryField
{
    WALL
    {
        type            calculated;
        value           nonuniform List<vector> 
1702
(
(0.0078386 -0.0105587 0.0100031)
(0.00782812 -0.0108494 0.00957884)
(0.00855425 -0.0180048 0.0152289)
(0.00833144 -0.0183503 0.0132658)
(0.00576542 -0.012427 0.00945865)
(0.00666624 -0.0137823 0.00919338)
(0.020567 -0.0133612 0.00599921)
(0.0191702 -0.0124809 0.00301191)
(0.00288574 -0.0149453 0.00791193)
(0.00169954 -0.0153252 0.00849467)
(0.00842206 -0.0158158 0.0147764)
(0.0071967 -0.0157325 0.0158556)
(0.00180357 -0.00791946 0.00695037)
(0.00312616 -0.00920948 0.00837608)
(0.00173696 -0.00792101 0.00702923)
(0.00406693 -0.00896053 0.00861856)
(0.00297834 -0.00796677 0.00758125)
(0.0129691 -0.0103815 0.0012731)
(0.020199 -0.00976329 0.00202805)
(0.017924 -0.0110981 0.0011518)
(0.000461594 -0.0127098 0.00790468)
(0.000374129 -0.014183 0.00870955)
(0.00421812 -0.0142601 0.00865509)
(0.00331572 -0.0135034 0.00802046)
(0.015776 -0.0143709 0.00227392)
(0.0128607 -0.0148586 0.00217051)
(0.0153286 -0.0134655 0.00135498)
(0.0166264 -0.0123548 0.00245164)
(0.00599525 -0.0182759 0.00451306)
(0.00591686 -0.0167484 0.0045405)
(0.00504367 -0.0139092 0.00844365)
(0.00462067 -0.0139641 0.00906571)
(0.00812097 -0.0136139 0.00826186)
(0.00640648 -0.0135052 0.00889144)
(0.0110877 -0.0143686 0.0081673)
(0.00937151 -0.0145762 0.00855231)
(0.00699721 -0.0119251 0.00917474)
(0.0065448 -0.0108341 0.00980883)
(0.00449703 -0.022589 0.00685057)
(0.00681818 -0.00852477 0.00923957)
(0.00738812 -0.00945651 0.00993513)
(0.0140325 -0.0172015 0.0045205)
(0.0155011 -0.0167052 0.00602687)
(0.00529026 -0.0222817 0.00771845)
(0.00621599 -0.0207866 0.00806716)
(0.00890106 -0.0124458 0.00799196)
(0.0112893 -0.0132967 0.00773038)
(0.0109945 -0.0128122 0.0081808)
(0.0101311 -0.0127714 0.00902507)
(-0.00110424 -0.0139209 0.00881709)
(-0.00134657 -0.0130648 0.00903626)
(-0.00217554 -0.0125176 0.00941431)
(-0.00143067 -0.0126276 0.00809931)
(-0.00166505 -0.0129018 0.00915863)
(-0.000676521 -0.01379 0.00863567)
(0.0139488 -0.0104945 0.0015774)
(0.0151661 -0.0104921 0.000759361)
(0.0151628 -0.0103767 0.00134597)
(0.0170164 -0.0104846 0.00129729)
(0.0180618 -0.0103755 0.00117669)
(0.0120658 -0.0141601 0.0085406)
(0.00983087 -0.0144244 0.00780752)
(0.0113575 -0.0144982 0.00809765)
(0.0120876 -0.0142176 0.00831779)
(0.00997197 -0.0141792 0.0076262)
(0.0107783 -0.0143281 0.00792593)
(0.00987652 -0.0127758 0.00845235)
(0.0100351 -0.0128108 0.00796215)
(0.0089709 -0.0123566 0.00879894)
(0.00885172 -0.0126335 0.00775864)
(0.00808964 -0.0123948 0.0089631)
(0.00834335 -0.0124994 0.00857709)
(0.0165218 -0.0094943 0.0136298)
(0.0173088 -0.0102007 0.0152601)
(0.0171012 -0.0104061 0.0144893)
(0.0180447 -0.0111776 0.013176)
(0.0168303 -0.0115453 0.0136169)
(0.0177984 -0.00917523 0.0133444)
(0.00844823 -0.00950201 0.0139384)
(0.0104633 -0.0071743 0.0144797)
(0.0115596 -0.00815122 0.0159987)
(0.00861892 -0.00864703 0.0124791)
(0.00948081 -0.00899681 0.014631)
(0.00831618 -0.00752216 0.0141126)
(0.00793596 -0.00622217 0.00966415)
(0.0090365 -0.00460125 0.0111266)
(0.00840553 -0.0056581 0.0106374)
(0.00621833 -0.00466064 0.00840631)
(0.00727979 -0.00433753 0.0103852)
(0.00871276 -0.00384152 0.0105457)
(0.0161245 -0.00512316 0.0138224)
(0.018113 -0.00793399 0.0148909)
(0.0190608 -0.00649861 0.0139243)
(0.0188977 -0.00575981 0.0128855)
(0.0185409 -0.00637172 0.0138042)
(0.0172486 -0.00428155 0.0136075)
(0.00927454 -0.0109052 0.0101271)
(0.0108336 -0.0131185 0.00990886)
(0.0115355 -0.012421 0.0100424)
(0.010667 -0.0112883 0.00991968)
(0.00742839 -0.0107413 0.00978974)
(0.00904221 -0.0113579 0.0101963)
(0.00933415 -0.0121774 0.0101312)
(0.00961779 -0.0120209 0.0100927)
(0.000809172 -0.0103665 0.00906105)
(0.000903386 -0.0110141 0.00886309)
(0.0015334 -0.011607 0.00931992)
(0.00172104 -0.0118714 0.00869869)
(0.00125867 -0.011828 0.00902266)
(0.00071012 -0.0118938 0.00935947)
(0.0016798 -0.00443309 0.00508364)
(0.00165773 -0.00418127 0.00594089)
(0.00144918 -0.00432182 0.00573302)
(0.00160691 -0.00449418 0.00511271)
(0.00184853 -0.00449597 0.00589807)
(0.00139782 -0.0042763 0.00499916)
(0.000774193 -0.00968491 0.00981147)
(0.000676469 -0.00838367 0.0096082)
(0.000938854 -0.00803523 0.00961717)
(0.000790768 -0.0100167 0.00968735)
(0.00109447 -0.0088177 0.00953272)
(0.000512854 -0.00892754 0.00966925)
(0.0161441 -0.01056 0.00856089)
(0.0173353 -0.0124237 0.00862196)
(0.0159966 -0.0101229 0.00995574)
(0.0171709 -0.00923714 0.00833722)
(0.0178201 -0.0117593 0.00894215)
(0.0149015 -0.0106814 0.00943595)
(0.0110192 -0.0193045 0.00507449)
(0.0107235 -0.0170549 0.00364873)
(0.0114019 -0.0179947 0.00490051)
(0.00898731 -0.0190738 0.00442916)
(0.00961447 -0.0179176 0.00404747)
(0.00962355 -0.0186494 0.0044322)
(0.0114364 -0.0176922 0.00701142)
(0.012177 -0.0163587 0.00708054)
(0.0108937 -0.0174805 0.00736649)
(0.0112608 -0.0188107 0.00703546)
(0.0110578 -0.0175902 0.0084587)
(0.011555 -0.0167988 0.00856877)
(0.00882644 -0.0188254 0.00694163)
(0.00852974 -0.0193502 0.00584665)
(0.00791946 -0.0201612 0.00631701)
(0.00956298 -0.0183676 0.00666763)
(0.0092212 -0.0201987 0.0070085)
(0.00783736 -0.019844 0.00711483)
(0.0110706 -0.0137153 0.00953744)
(0.0103682 -0.0154083 0.00930712)
(0.00979974 -0.0126925 0.0098737)
(0.00959764 -0.014646 0.00994628)
(0.0111912 -0.0148168 0.00936014)
(0.00885734 -0.0134459 0.00980141)
(0.00714629 -0.00999113 0.00982552)
(0.00488214 -0.00836415 0.00859816)
(0.00653872 -0.00825449 0.00926438)
(0.00519766 -0.00819702 0.0089682)
(0.00578837 -0.00910679 0.00926798)
(0.00853281 -0.00964949 0.00968885)
(0.0122004 -0.0144375 0.00815107)
(0.0127143 -0.0155613 0.0083291)
(0.0123467 -0.0146751 0.00922295)
(0.01274 -0.0138825 0.00897432)
(0.0135754 -0.0143883 0.00858635)
(0.012778 -0.0162914 0.00839067)
(0.00455782 -0.0108643 0.00823103)
(0.00485232 -0.0110036 0.00679282)
(0.00459465 -0.0100821 0.00788529)
(0.0047115 -0.0117609 0.0061313)
(0.0045085 -0.0113476 0.00671224)
(0.00486827 -0.0107721 0.00751459)
(0.00518014 -0.00977514 0.00666738)
(0.00566739 -0.0102641 0.00643836)
(0.00500171 -0.00875592 0.00640267)
(0.00523009 -0.00949199 0.00496057)
(0.00541561 -0.010321 0.00586694)
(0.00282518 -0.0132 0.00987706)
(0.00328373 -0.0136579 0.0114841)
(0.00211128 -0.0139163 0.0121064)
(0.00259389 -0.0162844 0.0100077)
(0.00187252 -0.0154933 0.0112813)
(0.00392564 -0.0141615 0.0138948)
(0.0028807 -0.0160061 0.014054)
(0.00331972 -0.0151472 0.00892449)
(0.00374661 -0.0159851 0.00660128)
(0.00413658 -0.0148116 0.00788736)
(0.00476514 -0.0153611 0.00585632)
(0.00333256 -0.0160666 0.00751435)
(0.0048288 -0.0169242 0.00596833)
(0.00482465 -0.0107185 0.0108201)
(0.00640591 -0.0111787 0.013378)
(0.00518603 -0.0102077 0.011687)
(0.00578085 -0.00978207 0.0114679)
(0.00505873 -0.00968602 0.0111345)
(0.006552 -0.00942038 0.0120483)
(0.00531359 -0.011515 0.0136004)
(0.00700958 -0.0112089 0.0152243)
(0.00480145 -0.0130698 0.0141149)
(0.00652529 -0.0122772 0.0153516)
(0.00605004 -0.0114336 0.0143029)
(0.00521551 -0.0118776 0.0140279)
(0.00880943 -0.0104328 0.0154919)
(0.0101718 -0.00941373 0.0154003)
(0.00908211 -0.00995472 0.0153351)
(0.0106886 -0.0105699 0.0168533)
(0.0111202 -0.00955554 0.0161324)
(0.00787765 -0.0108989 0.0150103)
(0.0134046 -0.0104012 0.0155609)
(0.0137963 -0.0100902 0.0167152)
(0.0125619 -0.0107972 0.0165402)
(0.0147852 -0.0112681 0.0164781)
(0.0149542 -0.0106643 0.014812)
(0.0145084 -0.0115479 0.0154762)
(-0.00135408 -0.0132132 0.00785836)
(-0.00104017 -0.015608 0.0089296)
(-0.000505664 -0.0139662 0.0077288)
(-0.000508644 -0.0156262 0.00836597)
(0.00243583 -0.0163254 0.0157236)
(0.00110724 -0.0163798 0.0139293)
(0.0017008 -0.0161712 0.0147351)
(0.00201706 -0.0170024 0.0163897)
(0.000532052 -0.0173846 0.0136581)
(0.00115751 -0.0172094 0.0153853)
(0.00619804 -0.0166006 0.0179273)
(0.00798327 -0.0160873 0.0173353)
(0.00813443 -0.014768 0.017553)
(0.00688863 -0.0145009 0.0167071)
(0.00664072 -0.0149075 0.0171472)
(0.00862252 -0.0140523 0.0169915)
(0.0104445 -0.0160063 0.0147515)
(0.00938861 -0.0170972 0.0148719)
(0.00807834 -0.0165743 0.0128236)
(0.00974547 -0.0174492 0.0142071)
(0.00906112 -0.0173977 0.0129348)
(0.00936401 -0.0170697 0.0159805)
(0.0100636 -0.0154166 0.0153606)
(0.00999351 -0.0165798 0.0136027)
(0.0123042 -0.00590072 0.0140359)
(0.0128697 -0.00575539 0.0135)
(0.0120244 -0.00529476 0.0122694)
(0.0127645 -0.00575095 0.0147424)
(0.0159039 -0.00533305 0.0153851)
(0.0144466 -0.00429574 0.0142724)
(0.00635839 -0.00952534 0.00422573)
(0.00763022 -0.00988472 0.00280529)
(0.00771074 -0.0114221 0.00339138)
(0.0083276 -0.0110266 0.00278829)
(0.00689538 -0.0111757 0.00428106)
(0.00687243 -0.00943387 0.00339774)
(0.00878546 -0.00771858 0.0126194)
(0.00831508 -0.00743391 0.0116031)
(0.00984339 -0.00699837 0.0134838)
(0.0108666 -0.00771247 0.0143813)
(0.00813994 -0.00639378 0.0130646)
(0.00838575 -0.00791657 0.0127743)
(0.0152455 -0.00684434 0.0154838)
(0.0126721 -0.00677805 0.0139349)
(0.0136854 -0.00792501 0.0157264)
(0.0147116 -0.00742631 0.0159194)
(0.0125056 -0.00766684 0.0150109)
(0.0160635 -0.00679831 0.016333)
(0.0175989 -0.00784662 0.0148201)
(0.0183645 -0.00860043 0.0146447)
(0.0173138 -0.0077686 0.0147367)
(0.0175275 -0.00811523 0.0157938)
(0.0179395 -0.00949796 0.014354)
(0.0188531 -0.00976085 0.0140176)
(0.0117298 -0.00799361 0.0146906)
(0.0148801 -0.00713922 0.0142247)
(0.0146297 -0.00811106 0.015073)
(0.0132978 -0.00726503 0.0157613)
(0.0142103 -0.0085161 0.0157726)
(0.0131846 -0.00919632 0.0151126)
(0.0177456 -0.0104416 0.00800367)
(0.0184989 -0.00927457 0.00983639)
(0.0204752 -0.0100991 0.0100971)
(0.0174097 -0.00999058 0.00778324)
(0.0172681 -0.0100158 0.0086283)
(0.0185996 -0.00918886 0.00814127)
(0.0207044 -0.00803298 0.00894316)
(0.0192945 -0.0108507 0.00882774)
(0.0205948 -0.0104934 0.00962798)
(0.021533 -0.00835791 0.0099764)
(0.0180097 -0.0046366 0.0134779)
(0.0178505 -0.00516458 0.0144659)
(0.0206292 -0.00494239 0.0141673)
(0.000597612 -0.0167032 0.0115837)
(0.00011654 -0.0192497 0.0105949)
(0.000748489 -0.0183039 0.0115614)
(0.00114688 -0.0182826 0.00938458)
(-0.000209104 -0.0172582 0.0100576)
(-0.000299395 -0.0183121 0.0120345)
(0.000583002 -0.020178 0.00790498)
(0.000258391 -0.0215198 0.00906118)
(0.00191212 -0.0203955 0.00704334)
(0.00344648 -0.0214867 0.00641011)
(0.00266775 -0.022527 0.00751529)
(0.0107432 -0.0156214 0.0124893)
(0.0105327 -0.0155974 0.0110807)
(0.0108453 -0.0164557 0.0123189)
(0.00942826 -0.0159157 0.0104749)
(0.00900587 -0.0172339 0.011942)
(0.0102171 -0.0165185 0.012923)
(0.00697156 -0.0179702 0.0112405)
(0.00805353 -0.0174626 0.0109998)
(0.00623081 -0.0172759 0.00971515)
(0.00666744 -0.0171656 0.010241)
(0.00736862 -0.0172351 0.0103282)
(0.00568835 -0.0171964 0.00981018)
(0.00294377 -0.016199 0.00830647)
(0.00209193 -0.0154353 0.00823807)
(0.00405388 -0.0168294 0.00904172)
(0.00272136 -0.0154937 0.0080606)
(0.00439422 -0.0165734 0.0087422)
(0.00375449 -0.0165196 0.00875782)
(0.0120345 -0.0159448 0.0131751)
(0.0134493 -0.0141883 0.013639)
(0.013313 -0.0144303 0.0148872)
(0.012649 -0.0156737 0.0156098)
(0.0120597 -0.0156688 0.0138677)
(0.0126595 -0.0149693 0.0125728)
(0.010771 -0.0145508 0.00846599)
(0.0112668 -0.0162928 0.0100617)
(0.0118067 -0.0156331 0.00966711)
(0.00974057 -0.0172318 0.0101247)
(0.00966739 -0.015803 0.00865911)
(0.0147735 -0.0130426 0.0147975)
(0.0140431 -0.0124221 0.0161599)
(0.0135859 -0.0128583 0.0167762)
(0.0151603 -0.0127517 0.0157666)
(0.0138179 -0.0139839 0.0149288)
(0.0134233 -0.0119404 0.0145769)
(0.0162651 -0.0110667 0.0133414)
(0.0160904 -0.012692 0.0129476)
(0.015272 -0.0139965 0.0133455)
(0.014837 -0.0118313 0.0135817)
(0.0154702 -0.0129193 0.0118434)
(0.015003 -0.0120804 0.0110684)
(0.0143822 -0.0117924 0.00724236)
(0.0129087 -0.0125489 0.00748756)
(0.0136239 -0.0123468 0.00731784)
(0.0123231 -0.0122968 0.00749668)
(0.0153625 -0.0136268 0.00895261)
(0.0173801 -0.0129149 0.00904221)
(0.0187292 -0.0125267 0.00951578)
(0.0162374 -0.0113806 0.00717815)
(0.0156631 -0.01304 0.0090322)
(0.0169796 -0.0109194 0.00759431)
(0.0134021 -0.0123417 0.00706085)
(0.0141301 -0.0109955 0.00658658)
(0.0159466 -0.010977 0.00698899)
(0.0164997 -0.01196 0.00828737)
(0.0145354 -0.0129145 0.00776573)
(0.0156727 -0.0123926 0.00822291)
(0.00454407 -0.0112711 0.0106945)
(0.00536319 -0.012909 0.0105546)
(0.00587132 -0.0128938 0.00921993)
(0.00596785 -0.0136705 0.00985006)
(0.0050148 -0.0119177 0.0103631)
(0.00411414 -0.0110482 0.0104297)
(0.00433252 -0.0114264 0.00939772)
(0.0052346 -0.0127055 0.0101716)
(0.00735091 -0.012282 0.00816224)
(0.00771793 -0.0134824 0.00861911)
(0.00797829 -0.0140198 0.00891318)
(0.00685667 -0.012512 0.00871252)
(0.00796944 -0.0122755 0.00747596)
(0.00848437 -0.012983 0.00754557)
(0.00602837 -0.0123035 0.00958892)
(0.00604196 -0.0123283 0.0109347)
(0.00603206 -0.0125396 0.0103159)
(0.00565182 -0.0120558 0.0110092)
(0.00679157 -0.0133729 0.0101037)
(0.00598525 -0.0120445 0.0101044)
(0.00867469 -0.0144849 0.00806202)
(0.00846069 -0.014789 0.00828757)
(0.00764031 -0.0145472 0.00882659)
(0.00951785 -0.0151014 0.00875898)
(0.0102189 -0.0138538 0.00723544)
(0.00924162 -0.0151392 0.00816413)
(0.00850439 -0.0147637 0.00790153)
(0.007707 -0.0151139 0.008234)
(0.00789241 -0.0151795 0.00821632)
(0.009886 -0.0155699 0.00867559)
(0.00958549 -0.0155279 0.00901402)
(0.0128261 -0.0140133 0.00936798)
(0.0127538 -0.0141559 0.00958689)
(0.0140587 -0.0142533 0.0105819)
(0.0117898 -0.0155066 0.00932346)
(0.0136384 -0.0141275 0.0100467)
(0.0122442 -0.0154454 0.00975579)
(0.00515555 -0.0138718 0.00832618)
(0.00593162 -0.01283 0.00738809)
(0.00640395 -0.015194 0.00870103)
(0.00746398 -0.0141157 0.00772461)
(0.00787605 -0.0144528 0.00771108)
(0.0067673 -0.0148418 0.0082836)
(0.0154098 -0.0116887 0.0102225)
(0.0144968 -0.0132006 0.00937542)
(0.0159216 -0.0114704 0.0093681)
(0.0162224 -0.0128407 0.0114744)
(0.0150759 -0.0134716 0.0103202)
(0.0147836 -0.0135039 0.00951537)
(0.0141402 -0.0136898 0.00914521)
(0.00568162 -0.0219599 0.00717335)
(0.00476215 -0.0210975 0.00649168)
(0.00727182 -0.0210387 0.00743156)
(0.00618602 -0.0212598 0.00716928)
(0.00486047 -0.0213918 0.00652082)
(0.00531158 -0.0197311 0.0050904)
(0.00624568 -0.0206565 0.00577795)
(0.00773647 -0.0202258 0.00498484)
(0.00504064 -0.021248 0.00632678)
(0.00726564 -0.0191987 0.00456456)
(0.00564896 -0.0195643 0.00621856)
(0.0063128 -0.0167507 0.00462367)
(0.00639544 -0.014418 0.00370071)
(0.00749713 -0.0168231 0.00391914)
(0.00761974 -0.01607 0.00390445)
(0.00601068 -0.0154806 0.00445863)
(0.00801604 -0.0161374 0.00355119)
(0.00703014 -0.0114478 0.00351861)
(0.00782371 -0.012263 0.00327829)
(0.00646317 -0.0112431 0.00377664)
(0.00581636 -0.0111916 0.00445764)
(0.00650299 -0.0125089 0.00428888)
(0.00749467 -0.0127065 0.0033794)
(0.0164317 -0.015595 0.0047155)
(0.014633 -0.0162384 0.00372915)
(0.01569 -0.0160631 0.0043419)
(0.01394 -0.0164683 0.00338463)
(0.0161441 -0.0152144 0.00354534)
(0.0155434 -0.0163094 0.003475)
(0.00832542 -0.00632476 0.00951716)
(0.00843771 -0.0064308 0.0094514)
(0.0102101 -0.0068048 0.0106135)
(0.0111137 -0.00713875 0.0101245)
(0.00946898 -0.00701956 0.0101113)
(0.0115026 -0.00703304 0.010877)
(0.0115152 -0.00643351 0.0106857)
(0.0145413 -0.00630272 0.0104431)
(0.0134827 -0.00604026 0.0108877)
(0.0110591 -0.00609552 0.0100402)
(0.0143286 -0.00618013 0.0106095)
(0.0131135 -0.00635526 0.0106145)
(0.0187303 -0.0124616 0.00582349)
(0.0184411 -0.0135029 0.00690433)
(0.0180128 -0.0143018 0.00569233)
(0.0173296 -0.0136735 0.00469907)
(0.0178729 -0.0115139 0.00643494)
(0.0182509 -0.0127062 0.00441807)
(0.018767 -0.010272 0.00849585)
(0.019029 -0.0115079 0.00666239)
(0.0198167 -0.0108836 0.00707397)
(0.0190952 -0.00944536 0.00760219)
(0.0178594 -0.00912507 0.00839404)
(0.0186409 -0.0101757 0.00715162)
(0.02018 -0.0102718 0.00623944)
(0.0209447 -0.00914623 0.00707571)
(0.0204165 -0.0091757 0.00460652)
(0.0199127 -0.00773909 0.00615781)
(0.0209906 -0.00950651 0.00590189)
(0.0164814 -0.00497301 0.0107048)
(0.0185059 -0.00512636 0.0105551)
(0.0171845 -0.00460181 0.0104493)
(0.0195261 -0.00431677 0.00957387)
(0.0189395 -0.00513664 0.0102412)
(0.0199508 -0.00456578 0.00940743)
(0.014484 -0.00683328 0.0110226)
(0.0175766 -0.0067389 0.0105177)
(0.0150601 -0.00466595 0.00998951)
(0.0156008 -0.00597563 0.0102115)
(0.0135342 -0.00656201 0.0111896)
(0.0170353 -0.00667389 0.0107768)
(0.0188364 -0.0128843 0.00503693)
(0.0174625 -0.0129666 0.00296528)
(0.0172097 -0.0136098 0.00313119)
(0.0187749 -0.011758 0.00416698)
(0.0181825 -0.0153038 0.00378276)
(0.0182833 -0.0121732 0.00359984)
(0.00940705 -0.0138883 0.00248501)
(0.0103221 -0.013751 0.00182568)
(0.0103019 -0.0149204 0.00274194)
(0.0113868 -0.0139672 0.00213835)
(0.0124658 -0.0139423 0.0020241)
(0.0119513 -0.0131684 0.00178564)
(0.00953662 -0.0120721 0.00273627)
(0.00856774 -0.0114825 0.00258884)
(0.0100493 -0.012099 0.00264396)
(0.0111902 -0.01162 0.0019871)
(0.0124491 -0.0121955 0.00121166)
(0.00545463 -0.00633953 0.00820039)
(0.00664619 -0.00611529 0.00865462)
(0.00537061 -0.00620749 0.00794316)
(0.00754816 -0.00683855 0.00927736)
(0.00779467 -0.00703435 0.00951711)
(0.00650161 -0.00684501 0.00888871)
(0.0128658 -0.00876571 0.0101279)
(0.012994 -0.00803756 0.010098)
(0.0105259 -0.00762137 0.0102684)
(0.0122737 -0.00779542 0.010378)
(0.0103599 -0.00795593 0.0101062)
(0.0118205 -0.00907887 0.0107238)
(0.00453696 -0.00549419 0.00701482)
(0.00558335 -0.00592021 0.00784549)
(0.00569691 -0.00607654 0.00799412)
(0.00407222 -0.00500098 0.00671861)
(0.00511539 -0.00551102 0.00737284)
(0.00447273 -0.00487608 0.00694251)
(0.00268522 -0.0138776 0.00890025)
(0.00223673 -0.0135697 0.00915216)
(0.0034984 -0.0149559 0.008881)
(0.00406944 -0.0154477 0.00900479)
(0.00316691 -0.0133696 0.00803901)
(-0.000682228 -0.00776955 0.00918037)
(-0.000788414 -0.00985102 0.00922111)
(-0.00116809 -0.00886561 0.00930846)
(-0.000680857 -0.00990737 0.00921604)
(-0.000380283 -0.00902345 0.00936962)
(-0.000541462 -0.00776609 0.00900681)
(0.00232622 -0.0145158 0.00823924)
(0.00286763 -0.0151988 0.00808123)
(0.00145891 -0.0135355 0.00783944)
(0.00163642 -0.0138449 0.00869835)
(0.0010515 -0.0133649 0.00833477)
(0.00234091 -0.0142306 0.00827767)
(0.00108454 -0.0128571 0.00836002)
(0.00126099 -0.0138996 0.00800365)
(-0.000186106 -0.0114769 0.00834137)
(0.000414605 -0.0124279 0.0087645)
(0.000557079 -0.0120965 0.00776692)
(-0.00010386 -0.012301 0.00808654)
(-0.000321269 -0.0113341 0.00884879)
(0.00295843 -0.0121106 0.00944556)
(0.00316167 -0.0127294 0.00951142)
(0.00336396 -0.012842 0.00874186)
(0.00375522 -0.0121024 0.00845201)
(0.00426257 -0.0136431 0.00936974)
(0.00224306 -0.00967131 0.0103746)
(0.00271958 -0.0111527 0.00973836)
(0.00265774 -0.0105518 0.010167)
(0.00261475 -0.011402 0.00976397)
(0.00207869 -0.00988135 0.0102116)
(0.00225019 -0.0110738 0.0103146)
(0.0054877 -0.00618266 0.00973288)
(0.00561746 -0.00463349 0.00870041)
(0.00469305 -0.00497048 0.00762763)
(0.00542643 -0.00571063 0.00895211)
(0.00515124 -0.00578105 0.00913115)
(0.00592857 -0.00604742 0.00850804)
(0.00594178 -0.00570076 0.00856613)
(0.00397096 -0.0052509 0.00929387)
(0.00359721 -0.0048687 0.00764589)
(0.00363015 -0.004772 0.00714206)
(0.00421332 -0.00514161 0.00872701)
(0.00396187 -0.00472163 0.0074431)
(0.00358012 -0.00507605 0.00850247)
(0.00389312 -0.00520266 0.00664459)
(0.00311217 -0.00463523 0.00652736)
(0.00307615 -0.00524959 0.00611514)
(0.0036215 -0.00503208 0.00653362)
(0.00325846 -0.00445124 0.00644431)
(0.00357532 -0.00531317 0.00644307)
(0.00180457 -0.00543659 0.00786241)
(0.00232833 -0.00596838 0.0090424)
(0.00234456 -0.005465 0.00814504)
(0.00211328 -0.00569219 0.00766493)
(0.00148781 -0.00643174 0.00925413)
(0.00182293 -0.00769438 0.00975925)
(0.00171564 -0.00756196 0.0096478)
(0.00258431 -0.00747641 0.00962901)
(0.00249705 -0.00787579 0.0100251)
(0.00212976 -0.00807626 0.0101278)
(0.00202687 -0.00874858 0.0103051)
(0.00199659 -0.0076793 0.00957739)
(0.00194922 -0.00916599 0.0102746)
(0.00538859 -0.0101778 0.0118946)
(0.00477304 -0.00947219 0.0116703)
(0.00493904 -0.0100149 0.0119023)
(0.00497315 -0.0103992 0.0113802)
(0.00537119 -0.00944077 0.0124501)
(0.00525434 -0.0113244 0.0116037)
(0.00556584 -0.00813539 0.0117885)
(0.00586413 -0.00716961 0.0115757)
(0.00573969 -0.00789344 0.0123955)
(0.00558521 -0.00663451 0.0115588)
(0.00571975 -0.0059287 0.0110893)
(0.00599327 -0.00606964 0.0112184)
(0.00668229 -0.00585115 0.0114723)
(0.00633641 -0.00483893 0.0114303)
(0.00610428 -0.00668381 0.0117483)
(0.00648049 -0.00466246 0.0111458)
(0.00622883 -0.00668029 0.0122984)
(0.00675165 -0.0066103 0.0118907)
(0.00936867 -0.0085758 0.0100959)
(0.00956919 -0.00842308 0.0100762)
(0.00858897 -0.00822759 0.00988016)
(0.00697813 -0.00710941 0.00900961)
(0.00781747 -0.00888208 0.0102249)
(0.00697756 -0.00739338 0.00921239)
(0.00322181 -0.00549778 0.00636629)
(0.00422901 -0.00572666 0.0072707)
(0.00392005 -0.00632298 0.00717447)
(0.00372473 -0.00557504 0.00677485)
(0.00486904 -0.00654641 0.0079969)
(0.00484062 -0.00651055 0.00793992)
(0.0199192 -0.0047626 0.0100756)
(0.0174188 -0.00309448 0.00972639)
(0.0184571 -0.00339909 0.00991486)
(0.0207272 -0.003294 0.00835997)
(0.0209033 -0.00296058 0.0090707)
(0.0189061 -0.0029982 0.00957535)
(0.0088871 -0.00712031 0.0135368)
(0.00937063 -0.00552918 0.0123797)
(0.00868453 -0.00629508 0.0125254)
(0.0101309 -0.00797998 0.0143585)
(0.0102541 -0.00632901 0.0139255)
(0.0082207 -0.00637706 0.0130752)
(0.00221009 -0.00593948 0.00615733)
(0.00387318 -0.00754966 0.00779853)
(0.00327486 -0.00725577 0.0071664)
(0.0023766 -0.00595491 0.00606936)
(0.00262524 -0.00756583 0.00735661)
(0.00388534 -0.0098164 0.00863851)
(0.00394088 -0.010977 0.00888255)
(0.00265157 -0.00929605 0.00802752)
(0.00445232 -0.0108496 0.00918196)
(0.00309608 -0.00946282 0.00814494)
(0.0025621 -0.00807728 0.00743657)
(0.00059037 -0.00673033 0.00565753)
(0.00259103 -0.00914004 0.00785069)
(0.00124283 -0.00757848 0.00638469)
(0.00147927 -0.0049425 0.00487701)
(0.00165112 -0.00508953 0.00505825)
(0.00102401 -0.00406477 0.0044598)
(0.00106395 -0.00443519 0.00444456)
(0.00126238 -0.00416065 0.0045346)
(0.00145293 -0.00468119 0.00488652)
(-0.00182947 -0.0107336 0.00854724)
(-0.00258317 -0.010321 0.00954886)
(-0.00162335 -0.00806495 0.00846968)
(-0.00199669 -0.00824631 0.00841687)
(-0.0014681 -0.0096916 0.00859329)
(-0.00243357 -0.00913341 0.00870406)
(0.000480555 -0.00471024 0.00434929)
(0.000324181 -0.00421456 0.00385018)
(0.000500102 -0.00521814 0.00479238)
(0.0084631 -0.0167028 0.0174752)
(0.00857067 -0.0161347 0.0161772)
(0.00683306 -0.0174604 0.0178837)
(0.00737474 -0.0160127 0.0175335)
(0.00824274 -0.0172978 0.0166554)
(0.00682321 -0.0168508 0.0160318)
(0.00528086 -0.0160063 0.016546)
(0.00389642 -0.0155459 0.0170351)
(0.00562223 -0.0165053 0.0178939)
(0.00485307 -0.0168211 0.0176986)
(0.00418744 -0.0167478 0.0170779)
(0.00350183 -0.0169881 0.0171084)
(0.00271515 -0.0174424 0.0173514)
(0.0130947 -0.0145821 0.00845661)
(0.00156605 -0.00668843 0.00619529)
(0.00107969 -0.00594361 0.0053599)
(0.000856228 -0.00599945 0.00515125)
(0.000684117 -0.00586158 0.00491589)
(0.000574382 -0.00572687 0.00503598)
(9.95205e-05 -0.00373767 0.00418908)
(0.000232458 -0.00379706 0.00410367)
(0.000830091 -0.0053064 0.00468564)
(0.000655283 -0.00442792 0.00436726)
(0.000528549 -0.0038785 0.0041638)
(0.000653212 -0.00480766 0.00437294)
(0.000466983 -0.00497537 0.00434683)
(0.000450207 -0.00456993 0.00428413)
(0.000421268 -0.00397829 0.00414067)
(0.000464098 -0.00476208 0.00431961)
(-0.000232928 -0.00446066 0.00528109)
(-0.000141872 -0.00382642 0.00454311)
(-0.000715339 -0.00464687 0.00590317)
(-0.001027 -0.00504096 0.00675361)
(-0.00259589 -0.00964027 0.00807611)
(-0.00183612 -0.00774236 0.00829945)
(-0.00247765 -0.00928181 0.0087272)
(0.000409981 -0.00420115 0.00448222)
(-0.000152701 -0.0039068 0.00565014)
(0.000276035 -0.00406371 0.00504979)
(0.000225006 -0.00435303 0.00504935)
(-0.000902996 -0.00534536 0.00664681)
(-0.00132176 -0.0062311 0.00764751)
(-0.000486724 -0.00568333 0.00726646)
(0.000240307 -0.00466123 0.00659658)
(0.000106883 -0.00477575 0.00602938)
(-0.000437122 -0.00553996 0.00704065)
(-0.00130751 -0.00780779 0.00855215)
(-0.00183381 -0.00933157 0.00922944)
(4.60761e-05 -0.00584607 0.00786064)
(-0.000346208 -0.00623043 0.00778364)
(-0.00120263 -0.00745939 0.00868018)
(-0.00130173 -0.00859809 0.00926446)
(-0.000653679 -0.00618787 0.00818965)
(-0.00116299 -0.00835552 0.00901914)
(-0.000531428 -0.00774276 0.00879115)
(0.00106014 -0.00543486 0.00502423)
(0.0010258 -0.00398762 0.0046848)
(0.00147505 -0.00765919 0.00652251)
(0.00609302 -0.0113202 0.00927554)
(0.00551308 -0.0128613 0.0096417)
(0.00531809 -0.0113683 0.00924432)
(0.00122626 -0.00612244 0.00520373)
(0.00181302 -0.00557568 0.0056486)
(0.00157665 -0.0065382 0.00587478)
(0.00168953 -0.006867 0.00638875)
(0.00145893 -0.00604249 0.00575483)
(0.00332128 -0.00752053 0.0075159)
(0.00645344 -0.0151071 0.0096819)
(0.00640232 -0.0157676 0.00932309)
(-0.00207914 -0.010746 0.00811013)
(-0.00223923 -0.0108153 0.00885544)
(0.0222148 -0.00401738 0.00657092)
(0.0140517 -0.00358764 0.0102086)
(0.0151588 -0.00312264 0.00963304)
(0.0216191 -0.00438296 0.00782353)
(0.0139563 -0.0102428 0.00170814)
(0.0116761 -0.0106584 0.00193607)
(0.0115051 -0.0116847 0.00230454)
(0.0102757 -0.0113495 0.00178984)
(0.0125433 -0.010887 0.00166025)
(0.0118198 -0.0102599 0.00112557)
(0.0100228 -0.00968608 0.00178606)
(0.01076 -0.0102919 0.00154249)
(0.0182995 -0.0100435 0.00189668)
(0.0192211 -0.0100153 0.00180987)
(0.0201821 -0.0093126 0.00195354)
(0.0211527 -0.00920167 0.00299848)
(0.0210589 -0.00849376 0.00241531)
(0.0216214 -0.00852719 0.00343999)
(0.0218048 -0.00738107 0.00391496)
(0.0233689 -0.00494845 0.00584512)
(0.0227953 -0.00567406 0.00520606)
(0.0226309 -0.00645979 0.00421684)
(0.00217725 -0.00512374 0.0054226)
(0.00338516 -0.00667148 0.00708828)
(0.00292332 -0.00615572 0.00658698)
(0.00743836 -0.00653024 0.012949)
(0.00708932 -0.0108533 0.010276)
(0.00821599 -0.0107033 0.0120736)
(0.00740791 -0.0102508 0.0107491)
(0.00813472 -0.0112078 0.0115434)
(0.00740167 -0.00770104 0.0128849)
(0.00748792 -0.00970656 0.0115941)
(0.00625042 -0.00749784 0.0121476)
(0.00669689 -0.00904196 0.0120341)
(0.00334209 -0.00544423 0.00646309)
(0.00293927 -0.00442631 0.00597466)
(0.00278285 -0.00526331 0.00599025)
(0.00292581 -0.00533218 0.00609689)
(0.00251791 -0.00447816 0.00567088)
(0.00261338 -0.00491435 0.00650811)
(0.00263349 -0.00675733 0.00962101)
(0.00365645 -0.00494889 0.00659682)
(0.00344951 -0.00502962 0.00745525)
(0.00332123 -0.00598184 0.00897234)
(0.00269066 -0.00668703 0.00957664)
(0.00308058 -0.00618793 0.0092207)
(0.00312031 -0.00737393 0.0106077)
(0.00331878 -0.00655484 0.00998499)
(0.00661628 -0.00602837 0.010844)
(0.00439634 -0.00504685 0.00735432)
(0.00587642 -0.00482817 0.00794357)
(0.00652921 -0.00528581 0.0081473)
(0.00545075 -0.00496376 0.00770623)
(0.00642979 -0.00477696 0.010039)
(0.0066896 -0.00566332 0.0101876)
(0.00701836 -0.00569699 0.00994673)
(0.00384718 -0.00580311 0.00961242)
(0.00459614 -0.00618876 0.0114264)
(0.00520885 -0.007207 0.0113999)
(0.00470825 -0.00571274 0.00958133)
(0.00489492 -0.00738944 0.010762)
(0.00453769 -0.00706849 0.0119042)
(0.00492743 -0.00737718 0.0123783)
(0.00498871 -0.00627367 0.0101562)
(0.00263638 -0.00914097 0.0106024)
(0.00402244 -0.0157214 0.00856886)
(0.0018113 -0.0155268 0.00865698)
(0.000479281 -0.0138572 0.00840318)
(0.000228945 -0.0107745 0.00846957)
(0.000195452 -0.00825761 0.00927215)
(-0.000125807 -0.0108343 0.00902622)
(-0.000181342 -0.00897386 0.00931701)
(1.49555e-05 -0.00982093 0.0090645)
(-0.00046936 -0.0108403 0.00946111)
(-0.000834263 -0.0101457 0.00836168)
(-0.000943962 -0.00943726 0.00884121)
(0.000776778 -0.00535757 0.00805655)
(0.000562699 -0.00630817 0.00873807)
(0.000121875 -0.00720694 0.00892933)
(-0.000654349 -0.00728004 0.00896637)
(-5.22456e-05 -0.00693016 0.0088794)
(8.33434e-05 -0.00611447 0.00781311)
(6.24447e-05 -0.00558695 0.00782899)
(0.000627246 -0.0051211 0.00713733)
(0.000822176 -0.00398289 0.00623488)
(0.000269138 -0.00561192 0.00757812)
(-0.00133839 -0.0123928 0.00930392)
(-0.00111913 -0.0106453 0.00865678)
(-0.00154019 -0.0107967 0.00967755)
(-0.00128511 -0.0109818 0.00922849)
(0.00120542 -0.0122289 0.00810425)
(0.000106722 -0.0121611 0.00888602)
(0.000798541 -0.0123875 0.00862083)
(0.00344785 -0.01525 0.00853898)
(0.00538618 -0.0159732 0.00853284)
(0.00423747 -0.0156974 0.00829583)
(0.00553054 -0.016419 0.00879068)
(-4.24365e-05 -0.0141917 0.00823854)
(0.000100146 -0.0134374 0.00793874)
(-0.000255487 -0.0127777 0.00821567)
(-0.000624632 -0.0124468 0.00893546)
(0.000876646 -0.0138237 0.00783009)
(0.00088823 -0.0143183 0.00786079)
(0.00196387 -0.0137097 0.00832312)
(0.00185744 -0.0127899 0.00800391)
(0.0045842 -0.0152982 0.00841182)
(0.00314193 -0.0151588 0.00856747)
(0.00270636 -0.0135794 0.00806056)
(0.00461871 -0.0146375 0.00832062)
(0.00473358 -0.0154057 0.00836032)
(0.00143322 -0.0120329 0.00838126)
(0.00658338 -0.0160601 0.00865879)
(0.00564179 -0.0157354 0.00856995)
(0.00610193 -0.0158936 0.00868872)
(0.00668711 -0.015786 0.00853118)
(0.00482501 -0.0145368 0.00819506)
(0.00272845 -0.0129282 0.00926991)
(0.00305524 -0.0136321 0.00930687)
(0.00226436 -0.0120959 0.00887057)
(0.002423 -0.0125059 0.00831254)
(0.00333696 -0.0131091 0.0079304)
(0.00263203 -0.0115431 0.00906171)
(0.00304653 -0.012364 0.0086045)
(0.00363198 -0.010801 0.0100081)
(0.0035861 -0.0115586 0.00997242)
(0.00329909 -0.0114083 0.00990416)
(0.0037711 -0.0119985 0.00893598)
(0.00274873 -0.0104889 0.00937435)
(0.00300424 -0.0115732 0.00915528)
(0.00717789 -0.00556056 0.0085351)
(0.00419043 -0.0087605 0.0115017)
(0.00497649 -0.00958212 0.0123496)
(0.00354109 -0.00795059 0.010139)
(0.00477 -0.00861345 0.0113758)
(0.00364083 -0.00905291 0.0104383)
(0.00423915 -0.00572918 0.00706609)
(0.00597603 -0.00683839 0.00843616)
(0.00874278 -0.00808533 0.0101981)
(0.00468289 -0.00561071 0.00738346)
(0.00257861 -0.00511132 0.00581651)
(0.00277676 -0.00536336 0.00592037)
(0.00382676 -0.0061423 0.00702427)
(0.00359302 -0.00696615 0.0071305)
(0.00291991 -0.00628428 0.00653699)
(0.00436415 -0.00662108 0.00746551)
(0.0058555 -0.00747657 0.00893472)
(0.00539585 -0.00773193 0.00851823)
(0.00821375 -0.00585921 0.00903452)
(0.00679498 -0.00393554 0.00924235)
(0.0106143 -0.00466633 0.0098285)
(0.00995606 -0.0051999 0.00982148)
(0.0124262 -0.00503229 0.0100985)
(0.0109729 -0.00469379 0.00973118)
(0.00963805 -0.0135179 0.00293111)
(0.0179689 -0.0119992 0.00239711)
(0.0167805 -0.0124958 0.00230263)
(0.0136065 -0.0134332 0.00183128)
(0.0129651 -0.014556 0.00221547)
(0.0165649 -0.0129034 0.00197801)
(0.0148687 -0.0136879 0.00220167)
(0.0149029 -0.0148523 0.0025955)
(0.0196916 -0.011954 0.00303906)
(0.0140281 -0.0108269 0.00107158)
(0.016895 -0.0110132 0.00115327)
(0.0182064 -0.0116358 0.00281409)
(0.0156165 -0.0120591 0.00146449)
(0.0142037 -0.0127976 0.000994979)
(0.016157 -0.0125909 0.00172336)
(0.0164089 -0.012391 0.0016939)
(0.0170338 -0.0116743 0.00110083)
(0.0177153 -0.0122984 0.00217385)
(0.0125608 -0.0117736 0.00140702)
(0.0154848 -0.0124434 0.000783508)
(0.0143661 -0.0124665 0.00159002)
(0.0207936 -0.00521411 0.00948069)
(0.0149766 -0.0050948 0.0108651)
(0.0159929 -0.00431393 0.0111692)
(0.0173776 -0.00537356 0.0111937)
(0.0206081 -0.00577519 0.00899864)
(0.0209148 -0.00640372 0.00845207)
(0.0197999 -0.00622259 0.0091418)
(0.0183533 -0.00545069 0.0094552)
(0.0199582 -0.0107785 0.00360473)
(0.0203402 -0.0104909 0.00413675)
(0.0211661 -0.00977 0.00561384)
(0.0214871 -0.0102822 0.00390334)
(0.0207605 -0.00762083 0.0067424)
(0.0215094 -0.00648615 0.00702754)
(0.0209283 -0.00876603 0.00612846)
(0.0207044 -0.00665439 0.00897145)
(0.021385 -0.00792917 0.00817859)
(0.0214412 -0.00715854 0.00623668)
(0.0220834 -0.00751521 0.00518192)
(0.0215335 -0.00502576 0.0073876)
(0.0221802 -0.0063383 0.00683775)
(0.021816 -0.00619599 0.00546952)
(0.0227777 -0.00544496 0.00612762)
(0.0222058 -0.00498968 0.00827699)
(0.0228336 -0.0053917 0.0076734)
(0.0199934 -0.0106304 0.00226285)
(0.0209238 -0.0107158 0.00372446)
(0.0186383 -0.0110111 0.0026213)
(0.0194989 -0.0099667 0.00236281)
(0.0217189 -0.0077229 0.00519615)
(0.0209625 -0.00951305 0.00302988)
(0.0219146 -0.00818246 0.00446054)
(0.0214984 -0.00852365 0.00313023)
(0.0216563 -0.0084464 0.00487322)
(0.0213759 -0.00962375 0.00395684)
(0.0207567 -0.0112826 0.00621608)
(0.0193237 -0.0111505 0.00545839)
(0.017863 -0.011072 0.00706755)
(0.0201862 -0.00806079 0.00738626)
(0.0195611 -0.0084014 0.00740365)
(0.0174634 -0.00736558 0.00905074)
(0.0190161 -0.00785013 0.008167)
(0.0192859 -0.0074017 0.00858797)
(0.0189496 -0.0063279 0.00943953)
(0.0178155 -0.00647763 0.00856708)
(0.00768521 -0.00587349 0.00880366)
(0.00668207 -0.00571841 0.00810849)
(0.00609743 -0.00623365 0.00819897)
(0.00662573 -0.00616097 0.00871219)
(0.00578616 -0.00524085 0.0076453)
(0.0125067 -0.0061976 0.0105347)
(0.00947 -0.00671492 0.00987926)
(0.00947214 -0.0064648 0.00969903)
(0.0111275 -0.00626407 0.0101863)
(0.0168841 -0.00651867 0.00982564)
(0.0163069 -0.00706844 0.00936464)
(0.0157776 -0.005929 0.010158)
(0.00895078 -0.00493378 0.00875405)
(0.00762434 -0.0044238 0.00890633)
(0.00727547 -0.0043245 0.00930067)
(0.00759349 -0.00374192 0.00835933)
(0.00836364 -0.00556041 0.00902799)
(0.00793929 -0.00403989 0.00905389)
(0.00620798 -0.00466296 0.00827867)
(0.00790703 -0.00520662 0.00947297)
(0.00752867 -0.00533451 0.0086675)
(0.00676515 -0.0051275 0.00835796)
(0.007068 -0.00489583 0.00945291)
(0.00740711 -0.00465165 0.00959951)
(0.0143683 -0.00480198 0.0101293)
(0.0151385 -0.00471704 0.0103388)
(0.0117899 -0.00470838 0.0102736)
(0.0106144 -0.00450625 0.0096623)
(0.0125886 -0.00553673 0.0103516)
(0.0130384 -0.00519077 0.0101363)
(0.00929891 -0.00582001 0.00978057)
(0.00805785 -0.00537342 0.00884469)
(0.00908033 -0.00432472 0.00853254)
(0.0108872 -0.00634617 0.0105159)
(0.0120615 -0.00468432 0.0103904)
(0.0109464 -0.0042923 0.00946701)
(0.0174636 -0.00786496 0.00873863)
(0.0163224 -0.00907936 0.0102018)
(0.0151761 -0.00667578 0.00995591)
(0.0153515 -0.00744633 0.0100255)
(0.0147991 -0.00815867 0.00972978)
(0.0166446 -0.00959606 0.00982862)
(0.0176068 -0.00906874 0.00861924)
(0.0137577 -0.00844781 0.0102987)
(0.0142288 -0.008048 0.0107747)
(0.0120831 -0.00754982 0.0101462)
(0.00913509 -0.00716579 0.00976537)
(0.0131814 -0.00651399 0.0104267)
(0.00747869 -0.00652184 0.00934437)
(0.00848211 -0.00583623 0.00970886)
(0.00924858 -0.00683635 0.0102111)
(0.00675472 -0.00617889 0.00881288)
(0.0072279 -0.00640802 0.00876107)
(0.0143805 -0.0146753 0.00275014)
(0.0120032 -0.0149556 0.00238261)
(0.0112547 -0.0148113 0.00257389)
(0.00991025 -0.0148554 0.00235292)
(0.00987679 -0.0156618 0.00322044)
(0.0091151 -0.0152056 0.00297058)
(0.0116633 -0.0158661 0.00290326)
(0.0121121 -0.0151328 0.00299863)
(0.0165066 -0.0140446 0.00328079)
(0.0144655 -0.0153585 0.00283597)
(0.0154556 -0.0141306 0.00239974)
(0.016357 -0.0145649 0.00435578)
(0.0126187 -0.0162381 0.00274958)
(0.0172628 -0.0149993 0.00531466)
(0.0118417 -0.0170305 0.00314326)
(0.00980039 -0.0165509 0.00350736)
(0.00875945 -0.0160101 0.00371893)
(0.00417199 -0.022645 0.00719484)
(0.00333858 -0.0130915 0.00865772)
(0.00399825 -0.0140603 0.00859794)
(0.00513745 -0.0127675 0.00733105)
(0.00488923 -0.0137981 0.0081783)
(0.0131696 -0.0141765 0.00907985)
(0.014755 -0.0134389 0.0109373)
(0.00690844 -0.0156059 0.00828636)
(0.0106755 -0.0145426 0.00835954)
(0.0110179 -0.0147891 0.00846868)
(0.00861814 -0.0148419 0.00783394)
(0.00557847 -0.0146222 0.00824687)
(0.00604354 -0.015056 0.00818282)
(0.00662808 -0.0151256 0.00795456)
(0.00683955 -0.0151228 0.00856094)
(0.012801 -0.0142485 0.00816745)
(0.012845 -0.0135972 0.00854328)
(0.0115664 -0.0136226 0.00767187)
(0.0122173 -0.0144268 0.00833218)
(0.0137782 -0.0133734 0.00827242)
(0.0130099 -0.0136087 0.00798857)
(0.0130796 -0.0140579 0.00895718)
(0.0141085 -0.012234 0.00783922)
(0.0144836 -0.0124622 0.00839316)
(0.0108254 -0.0141553 0.0076514)
(0.00858524 -0.0141513 0.00784942)
(0.00719185 -0.0135442 0.007696)
(0.00482568 -0.0112092 0.0108391)
(0.00417128 -0.011623 0.0093992)
(0.0043601 -0.0121974 0.00931751)
(0.00461103 -0.0117925 0.00730258)
(0.0046718 -0.0127108 0.00899921)
(0.00578834 -0.0130857 0.00859571)
(0.00991233 -0.0128779 0.010136)
(0.00571877 -0.0111977 0.00978975)
(0.0105014 -0.0140234 0.00776932)
(0.0117309 -0.0134705 0.00726592)
(0.0108935 -0.0155645 0.00863213)
(0.00792428 -0.0113393 0.0105497)
(0.00893512 -0.0121518 0.0107822)
(0.0091414 -0.0123083 0.0101263)
(0.0111852 -0.0133508 0.00759016)
(0.00632789 -0.0118626 0.00888575)
(0.00634375 -0.0115788 0.00908643)
(0.00595624 -0.010885 0.00945389)
(0.00706364 -0.0115297 0.00990238)
(0.00748701 -0.0110905 0.00991928)
(0.00687269 -0.0109748 0.0102022)
(0.0071321 -0.0117532 0.00943967)
(0.0125821 -0.0131351 0.00792727)
(0.0127475 -0.0137845 0.00805251)
(0.0135281 -0.0127207 0.00692244)
(0.0120329 -0.0117866 0.00663814)
(0.013085 -0.0125633 0.0080474)
(0.0143817 -0.0111 0.00676587)
(0.0138099 -0.0135386 0.00849561)
(0.0129809 -0.0132622 0.00811384)
(0.0122265 -0.0131214 0.00832154)
(0.014677 -0.0127398 0.00761492)
(0.0129535 -0.0127714 0.014828)
(0.00439948 -0.0176334 0.00980906)
(0.00495054 -0.0164763 0.00894119)
(0.0113918 -0.0157913 0.0121484)
(0.0116603 -0.0155535 0.0110035)
(0.0111374 -0.0162757 0.0115727)
(0.0113871 -0.0165735 0.0109952)
(0.00363596 -0.016167 0.00835668)
(0.00552349 -0.0171646 0.00937523)
(0.00621415 -0.016569 0.00894851)
(0.00893065 -0.0157312 0.00900095)
(0.00977185 -0.0160852 0.00958381)
(0.00737427 -0.0162238 0.00874765)
(0.0074984 -0.0164654 0.00912727)
(0.00557506 -0.0168859 0.00899344)
(0.00488165 -0.0160412 0.00843531)
(0.00580678 -0.0167407 0.00918987)
(0.00484192 -0.0156642 0.00826331)
(0.00281802 -0.0172947 0.00820925)
(0.00331379 -0.019182 0.00696606)
(0.00117859 -0.0221631 0.00871495)
(0.0033914 -0.0208604 0.00656797)
(0.00193443 -0.0209881 0.00770653)
(0.00301334 -0.020806 0.00684534)
(0.00256782 -0.020722 0.0076757)
(0.00384468 -0.0203999 0.00622207)
(0.00487765 -0.0209462 0.00584028)
(0.00361781 -0.0197033 0.00622671)
(0.00135248 -0.019772 0.00827047)
(0.00185264 -0.0189126 0.00716581)
(0.000533039 -0.0194172 0.00924678)
(0.000293177 -0.0169923 0.0124505)
(0.0019174 -0.0173243 0.0091119)
(0.00165527 -0.020103 0.00914983)
(0.00226024 -0.0182693 0.00862337)
(0.00175977 -0.0171574 0.00981735)
(0.0193908 -0.0101682 0.00878471)
(0.0165946 -0.00976939 0.00687148)
(0.0192614 -0.0102823 0.0106879)
(0.0185349 -0.00972026 0.0111134)
(0.0166471 -0.0106624 0.00854454)
(0.0182347 -0.0108699 0.00974046)
(0.0150401 -0.0119585 0.00888235)
(0.0170883 -0.0107864 0.0114193)
(0.0161584 -0.0121711 0.00984191)
(0.0173306 -0.0112056 0.0113783)
(0.0166808 -0.0117707 0.0107354)
(0.0171538 -0.010997 0.00911834)
(0.0174642 -0.0119479 0.010613)
(0.0177321 -0.0103703 0.00966225)
(0.0182581 -0.0103154 0.0105281)
(0.0202241 -0.00839195 0.0131636)
(0.0195029 -0.00904993 0.0122804)
(0.0185519 -0.0113588 0.0132249)
(0.0184583 -0.00925816 0.012422)
(0.0183321 -0.0110219 0.0120041)
(0.0199508 -0.00824207 0.0142708)
(0.0176588 -0.00850086 0.0125976)
(0.0155834 -0.00843998 0.0141335)
(0.00928414 -0.0151411 0.00315691)
(0.00851249 -0.0155969 0.00337278)
(0.00784137 -0.0143408 0.00345534)
(0.00817364 -0.0132213 0.00282029)
(0.00782616 -0.0149089 0.00345724)
(0.0071063 -0.0150369 0.00399677)
(0.0065566 -0.0133674 0.00446781)
(0.00648956 -0.0154298 0.00430424)
(0.00619728 -0.0146328 0.00525041)
(0.01308 -0.00802552 0.0163221)
(0.0171237 -0.00830111 0.0157757)
(0.015794 -0.00802921 0.0160055)
(0.00954734 -0.00618608 0.0125252)
(0.00589306 -0.00852914 0.00953898)
(0.00540384 -0.00776247 0.00599787)
(0.00559253 -0.00775373 0.00674285)
(0.00587302 -0.00846416 0.00815955)
(0.00645935 -0.0070786 0.00927175)
(0.00761887 -0.0074191 0.0103231)
(0.00667029 -0.00791656 0.0105401)
(0.0062485 -0.00791506 0.00925034)
(0.00576244 -0.0093027 0.00575443)
(0.00607997 -0.00916048 0.00478437)
(0.00814724 -0.0120773 0.00279444)
(0.00943465 -0.0113762 0.00197453)
(0.00643752 -0.00855413 0.00319287)
(0.00706511 -0.00839763 0.00314523)
(0.00590592 -0.00855855 0.0045292)
(0.00599878 -0.00829755 0.00383361)
(0.0056027 -0.00794898 0.00554462)
(0.00639633 -0.00805356 0.00328834)
(0.00577449 -0.00770219 0.00404014)
(0.00775059 -0.00913262 0.00273184)
(0.00943024 -0.0106435 0.0018948)
(0.00751427 -0.00936949 0.00261191)
(0.00937035 -0.0100706 0.00230018)
(0.0102008 -0.0106467 0.00139935)
(0.00816122 -0.00959006 0.00203541)
(0.0167297 -0.00501008 0.0143411)
(0.0103608 -0.00483234 0.0115302)
(0.0141394 -0.00579557 0.0131596)
(0.010395 -0.00583818 0.0129546)
(0.011438 -0.00664923 0.0136677)
(0.00604413 -0.00673351 0.007917)
(0.00543069 -0.0067008 0.00666068)
(0.0059365 -0.00570832 0.00774987)
(0.00539018 -0.00564134 0.0068508)
(0.00523247 -0.00636311 0.00613151)
(0.00540247 -0.00696234 0.00617293)
(0.00531445 -0.00715419 0.00475153)
(0.00528612 -0.0068335 0.0049693)
(0.0051482 -0.00650094 0.0054203)
(0.00527332 -0.00703607 0.00549906)
(0.0203319 -0.00648442 0.0126841)
(0.0191699 -0.00645631 0.0130092)
(0.0204757 -0.00580283 0.0123413)
(0.020187 -0.00522433 0.0113115)
(0.0201125 -0.00660198 0.0109889)
(0.0223919 -0.00762884 0.011289)
(0.0206545 -0.00752758 0.00945012)
(0.0201869 -0.00861079 0.0105929)
(0.0211595 -0.00738392 0.0125472)
(0.0215202 -0.00844765 0.0119422)
(0.0196844 -0.00725051 0.0127507)
(0.02 -0.00822813 0.0121193)
(0.0201975 -0.00819863 0.0105242)
(0.0197525 -0.00822839 0.0110915)
(0.0181836 -0.0104069 0.0076981)
(0.0155588 -0.0115067 0.00702285)
(0.00658331 -0.01775 0.0148298)
(0.00560122 -0.0174399 0.00991299)
(0.00517296 -0.0177578 0.0105491)
(0.00679246 -0.0189455 0.0146507)
(0.00875069 -0.0179122 0.0124224)
(0.00694847 -0.0178899 0.0116831)
(0.00726232 -0.0172916 0.012032)
(0.00743449 -0.0176017 0.0116104)
(0.00774189 -0.0174858 0.0139209)
(0.00788346 -0.0174373 0.0131746)
(0.00762129 -0.0169471 0.0145422)
(0.0108857 -0.0149656 0.0142622)
(0.0113735 -0.0162667 0.0143031)
(0.0110919 -0.0161748 0.0164908)
(0.012263 -0.0149868 0.0163882)
(0.00377803 -0.0152701 0.0165358)
(0.00366479 -0.0162743 0.0172122)
(0.00384116 -0.0152699 0.0162601)
(0.00964333 -0.0149283 0.0159041)
(0.0103679 -0.0139675 0.0159598)
(0.0105326 -0.0153798 0.0181294)
(0.00451974 -0.0145241 0.0162338)
(0.0046255 -0.0156217 0.0170966)
(0.00538664 -0.015326 0.016544)
(0.00863666 -0.0153371 0.0164596)
(0.00659391 -0.0163647 0.0172356)
(0.00521259 -0.0155594 0.0175381)
(0.00411012 -0.0187596 0.0117292)
(0.00611928 -0.0187111 0.0125599)
(0.00581754 -0.0188971 0.0133572)
(0.00625342 -0.0181644 0.012905)
(0.00520141 -0.0178568 0.0117208)
(0.00563528 -0.0192367 0.0151012)
(0.0056352 -0.0181913 0.0134401)
(0.00122902 -0.0154513 0.00818026)
(0.00127039 -0.0161715 0.00871781)
(0.00342513 -0.0178273 0.00936644)
(0.00196512 -0.0168466 0.00882621)
(0.0030683 -0.0165725 0.00874784)
(0.000270768 -0.0152973 0.00855442)
(-3.95154e-05 -0.0148094 0.00869784)
(0.00160464 -0.0167837 0.00905862)
(0.000252444 -0.0156325 0.00882326)
(0.000834013 -0.0147272 0.00776855)
(0.0024209 -0.0166762 0.0165518)
(0.00209168 -0.0182684 0.0171078)
(0.00816994 -0.00857151 0.0130218)
(0.00901347 -0.0110935 0.0127805)
(0.00836961 -0.0100066 0.0124203)
(0.00372274 -0.0177213 0.00969098)
(0.00243523 -0.0165654 0.00869331)
(0.00135671 -0.0167158 0.00886544)
(-0.000707888 -0.0138229 0.00798234)
(-0.00222635 -0.0111643 0.0077913)
(-0.00161791 -0.0125026 0.00810147)
(0.000681316 -0.0165068 0.00866127)
(0.000532803 -0.0153681 0.00805681)
(0.00369643 -0.0181936 0.0107006)
(0.00238104 -0.0177308 0.00941071)
(0.00183748 -0.0178571 0.00962174)
(0.00349187 -0.0182608 0.0103825)
(0.00284403 -0.0177772 0.0095888)
(0.00435213 -0.01792 0.00991451)
(0.00303967 -0.0183314 0.0103985)
(0.0056675 -0.0186116 0.011558)
(0.00481754 -0.0191628 0.0118988)
(0.00393563 -0.017928 0.0104274)
(0.00538238 -0.0183003 0.010982)
(0.0114715 -0.0112793 0.0160408)
(0.0160169 -0.0107029 0.0161774)
(0.0132098 -0.0113957 0.0163848)
(0.0145448 -0.0118977 0.0144677)
(0.0103673 -0.00814965 0.0144782)
(0.0135533 -0.0101925 0.0173566)
(0.0104337 -0.0112542 0.0162242)
(0.0115605 -0.0100986 0.0166866)
(0.00856963 -0.0114077 0.0163497)
(0.00921791 -0.0102463 0.0158195)
(0.00800393 -0.0133055 0.0160788)
(0.00596658 -0.0137088 0.0165981)
(0.00712279 -0.0151635 0.017339)
(0.00955713 -0.0139119 0.0167597)
(0.0104297 -0.0143373 0.0168284)
(0.011971 -0.0128854 0.0151849)
(0.0119659 -0.0143684 0.016747)
(0.00567852 -0.014644 0.00482168)
(0.0068741 -0.0107908 0.0145553)
(0.00462679 -0.0143706 0.00561794)
(0.00473555 -0.0132869 0.00474826)
(0.00496212 -0.0140451 0.0050195)
(0.00397026 -0.0140427 0.014775)
(0.0058551 -0.0134394 0.0148697)
(0.00553145 -0.0151018 0.017169)
(0.00468768 -0.0135371 0.0144795)
(0.00268115 -0.0162565 0.00841823)
(0.00600061 -0.0106039 0.00443309)
(0.00522675 -0.0086606 0.00763157)
(0.00523139 -0.00812454 0.00850178)
(0.00446324 -0.0109712 0.00963265)
(0.00504756 -0.00876513 0.00815147)
(0.0055051 -0.00901277 0.00927283)
(0.00524167 -0.0102951 0.00983069)
(0.00588596 -0.0129084 0.00498675)
(0.0051058 -0.0099743 0.00753352)
(0.0053921 -0.0111209 0.00543454)
(0.00463761 -0.0132212 0.00651018)
(0.00541599 -0.0136493 0.00551169)
(0.00499658 -0.0120372 0.00545107)
(0.00437482 -0.0123788 0.00715376)
(0.00717533 -0.0128404 0.00976618)
(0.00676573 -0.0148135 0.00966072)
(0.00648236 -0.0138491 0.00967702)
(0.00739615 -0.0133131 0.0095623)
(0.0102335 -0.0103482 0.0105491)
(0.00636698 -0.00846735 0.00942412)
(0.00801078 -0.00903599 0.0102196)
(0.00876888 -0.00979619 0.0103834)
(0.0111763 -0.0107925 0.0105096)
(0.00524322 -0.00904483 0.00891412)
(0.00436988 -0.0069957 0.00788474)
(0.00442569 -0.00736947 0.00806907)
(0.00844128 -0.00995814 0.0102336)
(0.00604397 -0.00829615 0.00888055)
(0.00602758 -0.00945697 0.00932826)
(0.00537044 -0.00936152 0.00897704)
(0.0061975 -0.0104972 0.00963656)
(0.0079145 -0.0129157 0.0097308)
(0.00710883 -0.0130869 0.0101754)
(0.00731994 -0.0109816 0.00970464)
(0.00778657 -0.0126392 0.0101941)
(0.00714347 -0.0168295 0.00922333)
(0.00662728 -0.0179923 0.00919316)
(0.00690309 -0.020925 0.00636652)
(0.0122352 -0.0152624 0.00862729)
(0.00696333 -0.0203694 0.0058679)
(0.0130786 -0.0179087 0.00478066)
(0.0133056 -0.0164929 0.0037573)
(0.0125097 -0.0179472 0.00409957)
(0.00898442 -0.0195626 0.00474964)
(0.0115374 -0.018543 0.0039133)
(0.0119756 -0.0170515 0.00363462)
(0.0102239 -0.0191574 0.00655657)
(0.00793562 -0.0213293 0.00642809)
(0.00941491 -0.019244 0.00492563)
(0.00850335 -0.0202357 0.00555519)
(0.0101382 -0.0196716 0.00613191)
(0.00902201 -0.0206352 0.00626429)
(0.0156216 -0.0166193 0.0048779)
(0.0160892 -0.0155646 0.00470044)
(0.0148277 -0.0171813 0.00562587)
(0.0147112 -0.00826921 0.00962063)
(0.0160721 -0.0159088 0.00658026)
(0.0164451 -0.0141121 0.0071567)
(0.0158968 -0.0145995 0.00652476)
(0.0165127 -0.0148837 0.00550055)
(0.0171719 -0.0144818 0.00608014)
(0.0166886 -0.0130983 0.00697481)
(0.017684 -0.0114969 0.00689833)
(0.0172303 -0.0123084 0.00762437)
(0.0186297 -0.0135823 0.00719503)
(0.0175201 -0.0125085 0.00542881)
(0.0162033 -0.0117062 0.00818671)
(0.0125592 -0.0111806 0.0103024)
(0.01391 -0.0111668 0.00942561)
(0.0123707 -0.0105096 0.0102211)
(0.0104835 -0.0097939 0.0105704)
(0.0115605 -0.00946545 0.00995865)
(0.0120629 -0.00906734 0.00995583)
(0.0112553 -0.0093731 0.0103963)
(0.0160676 -0.0112291 0.00891416)
(0.0132563 -0.0099465 0.0102442)
(0.0146858 -0.0108802 0.0097597)
(0.0140149 -0.0104663 0.0103805)
(0.0155292 -0.015548 0.0073841)
(0.0148501 -0.0164103 0.00721838)
(0.013938 -0.0132882 0.00749228)
(0.0144986 -0.0151556 0.00752503)
(0.0128901 -0.0121228 0.010039)
(0.0126619 -0.0126091 0.00992103)
(0.0137551 -0.0138446 0.00871868)
(0.0132614 -0.012209 0.00890037)
(0.0148603 -0.0120426 0.00905385)
(0.0142308 -0.0127219 0.00923778)
(0.0144515 -0.0136611 0.00870897)
(0.0159206 -0.0138057 0.00823105)
(0.0154684 -0.0145747 0.00807719)
(0.016002 -0.0127832 0.00859732)
(0.00877039 -0.019022 0.00791291)
(0.00802364 -0.0181801 0.00809447)
(0.00706925 -0.018982 0.00851559)
(0.00814707 -0.0203194 0.0083469)
(0.00645053 -0.0197337 0.00828978)
(0.00746825 -0.0199977 0.00745526)
(0.000491696 -0.0104555 0.00857529)
(0.00111367 -0.0122678 0.00889094)
(-0.00142384 -0.0103464 0.00838379)
(-0.000896595 -0.0127445 0.00895927)
(-0.000615228 -0.0131093 0.00834532)
(-0.00174551 -0.0107877 0.00838329)
(0.000292623 -0.0082021 0.00952986)
(0.000347751 -0.0104842 0.00966731)
(1.17455e-05 -0.00958435 0.00928234)
(0.000190523 -0.00898074 0.00960327)
(0.00103361 -0.00615992 0.00900958)
(0.000567568 -0.00752527 0.00913016)
(0.00073001 -0.00727485 0.00921869)
(0.000807531 -0.0108857 0.00935413)
(0.00117718 -0.00728906 0.00943878)
(0.00181829 -0.0114025 0.00931159)
(0.00136565 -0.0111921 0.00942783)
(0.00249574 -0.0121238 0.00923808)
(0.00210079 -0.0112068 0.0097634)
(0.00142447 -0.0103922 0.00931652)
(0.00166661 -0.0100244 0.00914669)
(0.00176417 -0.00965576 0.0108212)
(0.00184999 -0.0103111 0.0102558)
(0.00119159 -0.00981129 0.00947023)
(0.000954523 -0.0100456 0.00959286)
(0.00154017 -0.0091051 0.0094144)
(0.00120777 -0.00837993 0.00975113)
(0.00164948 -0.00909195 0.0104303)
(0.0026429 -0.0101148 0.010315)
(0.00308905 -0.00990338 0.00994655)
(0.00316699 -0.00934286 0.0102241)
(0.00281306 -0.0101775 0.00974766)
(0.00264331 -0.00736321 0.00983559)
(0.00288085 -0.00797315 0.0102777)
(0.00284734 -0.00881174 0.0103868)
(0.00259282 -0.00880982 0.0106531)
(0.0025447 -0.00909797 0.0104474)
(0.00119383 -0.00365698 0.0049071)
(0.00115354 -0.00433596 0.00572913)
(0.00130853 -0.0042907 0.00491975)
(0.00129408 -0.00541417 0.0080044)
(0.00120267 -0.00489481 0.00750847)
(0.0013477 -0.00429573 0.0063127)
(0.00204465 -0.00494358 0.00530306)
(0.00234479 -0.0049354 0.00553701)
(0.00224052 -0.00455673 0.00539828)
(0.0016789 -0.00462222 0.00722872)
(0.00201678 -0.00449695 0.00562183)
(0.00219283 -0.00402658 0.00662838)
(0.00977241 -0.00375899 0.0116199)
(0.0101248 -0.00568729 0.0138116)
(0.0102181 -0.00590812 0.0124711)
(0.0104599 -0.0048307 0.0109951)
(0.01064 -0.00472033 0.0102924)
(0.00978014 -0.00441268 0.0107127)
(0.0122221 -0.00501562 0.0105934)
(0.0130474 -0.00321441 0.0100341)
(0.0109924 -0.00386183 0.0101599)
(0.00944832 -0.0126027 0.0105542)
(0.00872371 -0.0111597 0.0113904)
(0.00947254 -0.0123985 0.0108381)
(0.00912121 -0.0120794 0.0111662)
(0.00882205 -0.0107052 0.0117726)
(0.00837047 -0.00956599 0.0132438)
(0.00849426 -0.0095013 0.0123592)
(0.00934374 -0.00909133 0.0138843)
(0.00945397 -0.010194 0.0136808)
(0.00851396 -0.00799831 0.0135919)
(0.00940356 -0.00852115 0.0131539)
(0.00945163 -0.01207 0.00974073)
(0.0105443 -0.0122759 0.0094238)
(0.00956551 -0.0119573 0.00909281)
(0.0115811 -0.0118517 0.00731455)
(0.0120177 -0.0122162 0.00791734)
(0.0140854 -0.014689 0.00661987)
(0.0133471 -0.0175751 0.00680026)
(0.0138297 -0.0171417 0.00709281)
(0.0126988 -0.0158565 0.00720321)
(0.0104777 -0.0191669 0.00538534)
(0.0107871 -0.0185933 0.0057917)
(0.0115024 -0.0177568 0.00602553)
(0.0127865 -0.0172872 0.00556624)
(0.0114584 -0.0183274 0.00484744)
(0.0126248 -0.0185664 0.00564361)
(0.0133247 -0.017838 0.00580442)
(0.0130077 -0.0169722 0.00439732)
(0.0138714 -0.0163241 0.00409426)
(0.0142053 -0.0164532 0.00564197)
(0.0149355 -0.0158771 0.00553434)
(0.00845733 -0.0145515 0.00950486)
(0.00943071 -0.0141848 0.00893633)
(0.00872022 -0.0146933 0.00983073)
(0.00956095 -0.0184759 0.00773706)
(0.0103867 -0.0151775 0.00834012)
(0.00964191 -0.0180817 0.0081362)
(0.0096495 -0.0172863 0.00805445)
(0.010154 -0.0171316 0.00887348)
(0.00960166 -0.0165672 0.00949068)
(0.00753249 -0.0160625 0.00961618)
(0.0078751 -0.0155613 0.00928626)
(0.00906565 -0.0155746 0.00858048)
(0.00799462 -0.0180551 0.00885486)
(0.00888946 -0.0174944 0.00890229)
(0.00743165 -0.0164503 0.00908739)
(0.0113589 -0.0131988 0.0092899)
(0.0126461 -0.0127494 0.00922613)
(0.0091901 -0.00956545 0.0100193)
(0.0106382 -0.0109338 0.0103048)
(0.0111987 -0.0111125 0.00995917)
(0.00381402 -0.0124142 0.0124459)
(0.00375977 -0.0125205 0.00608121)
(0.00307708 -0.0140155 0.00884747)
(0.00376376 -0.0129567 0.00900944)
(0.00351801 -0.0131427 0.00963136)
(0.0035785 -0.0107643 0.00789834)
(0.0041402 -0.0113691 0.00951829)
(0.00369503 -0.0121646 0.0106843)
(0.00450996 -0.0124807 0.0123259)
(0.00466575 -0.0120154 0.0107762)
(0.0099331 -0.0121433 0.0161217)
(0.0119433 -0.0112881 0.0161417)
(0.0116292 -0.0123598 0.0172101)
(0.0111256 -0.0128542 0.016195)
(0.0072407 -0.0122668 0.0158259)
(0.00940782 -0.0125898 0.0171399)
(0.00994874 -0.0115938 0.0165618)
(0.00720353 -0.0107489 0.0144567)
(0.00817125 -0.0130371 0.0173627)
(0.00873063 -0.0114052 0.0161194)
(0.000672803 -0.0173162 0.00916266)
(0.00131889 -0.0162423 0.00844314)
(-0.000136422 -0.0156893 0.008389)
(0.00087168 -0.0168937 0.0131992)
(0.00201865 -0.017775 0.0139135)
(0.00286519 -0.0143119 0.0149841)
(0.00287775 -0.0169625 0.0163997)
(0.00133011 -0.0183822 0.0170988)
(0.000289707 -0.0197305 0.016093)
(0.00785131 -0.00856132 0.0137666)
(0.00675248 -0.00695054 0.0111325)
(0.00613017 -0.00722128 0.0105901)
(0.00637491 -0.00831374 0.0114074)
(0.00698688 -0.0091446 0.0128558)
(0.0161314 -0.0109996 0.0147279)
(0.0161567 -0.012332 0.0121777)
(0.0160841 -0.0133783 0.00881546)
(0.0162642 -0.0123139 0.00904106)
(0.0164907 -0.012071 0.00954981)
(0.0145856 -0.0127417 0.00841558)
(0.0147152 -0.0132082 0.00835996)
(0.0155208 -0.0121935 0.00867557)
(0.0143323 -0.0130808 0.00793521)
(0.0140815 -0.0120117 0.00681808)
(0.0142181 -0.012183 0.00691157)
(0.0156769 -0.0108499 0.00758878)
(0.00692596 -0.0160835 0.00868743)
(0.00693455 -0.0162548 0.00892373)
(0.00748369 -0.0173541 0.00993827)
(0.00951098 -0.0163971 0.0100625)
(0.0103469 -0.0165118 0.0107647)
(0.00811975 -0.0170499 0.00997344)
(0.00823567 -0.0168257 0.00962058)
(0.00987488 -0.0167578 0.0110586)
(0.00902476 -0.0153644 0.00939603)
(0.00818754 -0.0165896 0.0102147)
(0.0125363 -0.0152203 0.0118242)
(0.0108225 -0.0157613 0.0103245)
(0.0118824 -0.014373 0.00959397)
(0.0135602 -0.0136411 0.0130871)
(0.0122518 -0.0159838 0.0115829)
(0.0123801 -0.0153915 0.0107777)
(0.0127159 -0.0146168 0.0115067)
(0.0137598 -0.014442 0.0128309)
(0.0131259 -0.014681 0.0116963)
(0.0137477 -0.0142491 0.0124123)
(0.0149336 -0.0146793 0.0144393)
(0.0145065 -0.0139112 0.0112839)
(0.0100434 -0.0131771 0.00770705)
(0.00883921 -0.0134274 0.00789806)
(0.0096964 -0.0129232 0.00759585)
(0.00730103 -0.0119862 0.00842977)
(0.0088334 -0.0122427 0.00969997)
(0.00782885 -0.0115215 0.00939452)
(0.0077199 -0.0119006 0.00897651)
(0.010751 -0.0135035 0.00897437)
(0.00964032 -0.0128898 0.00913668)
(0.0114497 -0.0128669 0.00828081)
(0.0107493 -0.0128467 0.0084481)
(0.010455 -0.0130584 0.00862718)
(0.0120197 -0.0125783 0.00746052)
(0.0121338 -0.0127804 0.0077044)
(0.0111364 -0.0133767 0.00894452)
(0.011235 -0.0130114 0.00757582)
(0.00522591 -0.012685 0.0096462)
(0.00667912 -0.014198 0.00957709)
(0.00746039 -0.0144899 0.00907308)
(0.0094708 -0.014952 0.00891354)
(0.0103845 -0.0146418 0.00811976)
(0.00822853 -0.0145601 0.00889377)
(0.00735475 -0.0136384 0.00869062)
(0.00835399 -0.0141361 0.00895467)
(0.00752983 -0.0134539 0.00878005)
(0.00709553 -0.0136337 0.00963863)
(0.00675521 -0.0132398 0.00934052)
(0.00556537 -0.0200625 0.00716205)
(0.00719062 -0.019755 0.00498395)
(0.00559838 -0.0204908 0.00517307)
(0.00456056 -0.0205674 0.00600627)
(0.00510989 -0.0212626 0.00653921)
(0.00646691 -0.0202617 0.00566787)
(0.00669272 -0.0218592 0.00599928)
(0.00757131 -0.0163931 0.00915783)
(0.00880204 -0.0168921 0.00941029)
(0.00768678 -0.0158539 0.00859205)
(0.00866669 -0.0153478 0.00819576)
(0.00583294 -0.0050732 0.00857147)
(0.00583849 -0.00475294 0.00949429)
(0.00566135 -0.00545059 0.0100912)
(0.00593303 -0.00541488 0.00845442)
(0.00268067 -0.00632809 0.00855541)
(0.00325935 -0.00497493 0.0077519)
(0.00305772 -0.00575142 0.00806591)
(0.00295168 -0.00485486 0.00737817)
(0.00306436 -0.00470219 0.00680163)
(0.00274373 -0.00489133 0.00601064)
(0.00251682 -0.0050492 0.00635698)
(0.00265204 -0.00527012 0.00787578)
(0.00250248 -0.00493364 0.007218)
(0.00269379 -0.00646797 0.0096873)
(0.00269323 -0.00621574 0.00917502)
(0.00548029 -0.0105184 0.0109121)
(0.0065552 -0.0121882 0.0114879)
(0.00598888 -0.0107776 0.0117159)
(0.00661749 -0.010415 0.0109241)
(0.00558767 -0.00838172 0.0111349)
(0.00490876 -0.00973758 0.0120421)
(0.00511818 -0.00912995 0.0106769)
(0.00638995 -0.0108527 0.0131145)
(0.00478679 -0.00800484 0.0104721)
(0.00582354 -0.0106981 0.011485)
(0.0054404 -0.00906433 0.0124418)
(0.00555576 -0.00896124 0.0123018)
(0.00554759 -0.0068493 0.0112477)
(0.00573207 -0.00876765 0.0112407)
(0.0060583 -0.00863588 0.0124365)
(0.00614561 -0.00776494 0.0123416)
(0.0101068 -0.0053923 0.0116322)
(0.00917468 -0.00454499 0.00978198)
(0.00852336 -0.00433436 0.0100943)
(0.0102244 -0.00468094 0.011012)
(0.0083009 -0.00402073 0.0112946)
(0.00795905 -0.00556181 0.0113672)
(0.00936292 -0.0047586 0.0116992)
(0.00894195 -0.00447575 0.011241)
(0.00247305 -0.00778528 0.00713657)
(0.00400668 -0.00901155 0.00862027)
(0.00224846 -0.0080019 0.00707698)
(0.00276264 -0.00847728 0.00769863)
(0.00191326 -0.00769502 0.00688685)
(0.0055541 -0.0113292 0.00950613)
(0.00458943 -0.00977586 0.00872933)
(0.00616137 -0.0115103 0.00963665)
(0.00449678 -0.00986803 0.00915526)
(0.00552609 -0.0109377 0.0094826)
(0.00402481 -0.00990201 0.00875222)
(0.0029151 -0.00978323 0.00817307)
(0.0040923 -0.0112286 0.00878466)
(0.00361166 -0.0109682 0.00868158)
(0.00388366 -0.0118134 0.00893251)
(0.00438502 -0.0135401 0.00943469)
(0.00531074 -0.0131525 0.00928084)
(0.00511993 -0.0130846 0.00969787)
(0.000933729 -0.00390718 0.00492708)
(0.000588508 -0.0049675 0.00619811)
(0.000732394 -0.00443368 0.00562225)
(0.000594749 -0.00409351 0.00553647)
(0.00058405 -0.00404097 0.0046326)
(0.00105912 -0.00522509 0.00478555)
(0.000995344 -0.00436373 0.00448916)
(0.000740487 -0.00444114 0.00419731)
(0.000994947 -0.00535733 0.00480634)
(0.000836998 -0.0043107 0.00439916)
(0.000799301 -0.00433577 0.00456004)
(0.00173753 -0.00487225 0.00520386)
(0.00192751 -0.00507975 0.0054201)
(0.00367355 -0.00745207 0.0075653)
(0.00293333 -0.00674497 0.00669421)
(0.00220569 -0.00605366 0.00601447)
(0.00221816 -0.00587978 0.00599325)
(0.00408875 -0.0095788 0.0112301)
(0.00432472 -0.0101261 0.010831)
(0.00403382 -0.0100579 0.0106412)
(0.0034988 -0.0101358 0.0103537)
(0.00383095 -0.0174227 0.00585904)
(0.00336457 -0.0170226 0.00713872)
(0.00426526 -0.0168171 0.00632579)
(0.00539543 -0.0177986 0.00542258)
(0.00760426 -0.0176858 0.00378002)
(0.00692359 -0.018515 0.00464017)
(0.00483758 -0.018041 0.0054031)
(0.00525918 -0.0164469 0.00536511)
(0.00720788 -0.017578 0.00426938)
(0.0102285 -0.0178152 0.00315605)
(0.00962347 -0.0181657 0.00394031)
(0.00799785 -0.0170566 0.00394272)
(0.00777635 -0.0180817 0.00431346)
(0.00882729 -0.017686 0.00388367)
(0.00697756 -0.0171527 0.0152934)
(0.00684141 -0.0182357 0.0160251)
(0.00598205 -0.0177448 0.0162809)
(0.0057666 -0.0179099 0.0168456)
(0.00587291 -0.016323 0.0159717)
(0.00578859 -0.0156969 0.0171163)
(0.00504493 -0.016974 0.0166829)
(0.00414916 -0.0164586 0.0162937)
(0.00389219 -0.017983 0.0181035)
)
;
    }
    INLET
    {
        type            calculated;
        value           nonuniform 0();
    }
    OUTLET
    {
        type            calculated;
        value           nonuniform 0();
    }
    procBoundary21to20
    {
        type            processor;
        value           uniform (0 0 0);
    }
    procBoundary21to32
    {
        type            processor;
        value           uniform (0 0 0);
    }
}


// ************************************************************************* //
