/*--------------------------------*- C++ -*----------------------------------*\
| =========                 |                                                 |
| \\      /  F ield         | OpenFOAM: The Open Source CFD Toolbox           |
|  \\    /   O peration     | Version:  v1612+                                |
|   \\  /    A nd           | Web:      www.OpenFOAM.com                      |
|    \\/     M anipulation  |                                                 |
\*---------------------------------------------------------------------------*/
FoamFile
{
    version     2.0;
    format      ascii;
    class       volVectorField;
    location    "100";
    object      wallShearStress;
}
// * * * * * * * * * * * * * * * * * * * * * * * * * * * * * * * * * * * * * //

dimensions      [0 2 -2 0 0 0 0];

internalField   uniform (0 0 0);

boundaryField
{
    WALL
    {
        type            calculated;
        value           nonuniform List<vector> 
1683
(
(0.00476989 -0.00953812 0.00394801)
(0.00539293 -0.0103425 0.00408737)
(0.00607433 -0.0120444 0.00497813)
(0.00555364 -0.0113628 0.00521314)
(0.00572924 -0.0114671 0.00463608)
(0.00511878 -0.0105251 0.00428765)
(0.00522227 -0.0104411 0.00415131)
(0.00616338 -0.0118125 0.00508194)
(0.00534595 -0.0108006 0.00452567)
(0.00544959 -0.0104119 0.00431246)
(0.00582951 -0.0108794 0.00437884)
(0.00486834 -0.00951491 0.00396493)
(0.00502748 -0.00985897 0.00398717)
(0.0054458 -0.0109923 0.00469012)
(0.00556358 -0.011011 0.00448598)
(0.00505351 -0.009782 0.00397314)
(0.00504825 -0.0101805 0.00425075)
(0.00470519 -0.0093803 0.00392881)
(0.00497074 -0.0101116 0.00415554)
(0.005449 -0.0112645 0.00466395)
(0.00555131 -0.0111094 0.00448685)
(0.00637752 -0.0118496 0.00574602)
(0.00676593 -0.0123779 0.00568438)
(0.00485594 -0.00986616 0.00413712)
(0.0050592 -0.0096628 0.00411426)
(0.00542955 -0.0106145 0.00408271)
(0.00523424 -0.0101882 0.0044639)
(0.0049684 -0.00974247 0.00396731)
(0.00493845 -0.00995988 0.00417078)
(0.00513055 -0.0100909 0.0040004)
(0.00500319 -0.0102577 0.00388035)
(0.0054714 -0.0109504 0.00456669)
(0.0058192 -0.0115934 0.00473634)
(0.00510201 -0.00978113 0.00409342)
(0.00516034 -0.0101033 0.00422135)
(0.00576703 -0.0111809 0.00464169)
(0.00548171 -0.011023 0.00441219)
(0.00528941 -0.0111354 0.00490249)
(0.00531754 -0.010878 0.00454603)
(0.00604468 -0.0118685 0.00479928)
(0.00590981 -0.0120072 0.00508347)
(0.00469882 -0.0101672 0.00438211)
(0.00531071 -0.0108616 0.0044801)
(0.00465001 -0.0100119 0.00414344)
(0.00468542 -0.0100602 0.00419452)
(0.00488506 -0.0101883 0.00426539)
(0.00514658 -0.01037 0.00423876)
(0.00576954 -0.0116874 0.00471424)
(0.00532999 -0.0107714 0.004563)
(0.0053669 -0.0109192 0.00470629)
(0.00555723 -0.011372 0.00487159)
(0.00538836 -0.0109502 0.00481797)
(0.00546257 -0.0111119 0.00487345)
(0.00525392 -0.0103355 0.00435745)
(0.00533476 -0.0101997 0.00416079)
(0.00535427 -0.010238 0.0043234)
(0.00559494 -0.010669 0.00440409)
(0.00492735 -0.0101926 0.0043469)
(0.00520335 -0.0103959 0.00418525)
(0.00709546 -0.0138503 0.00569199)
(0.0069327 -0.0128926 0.005522)
(0.00634571 -0.0134243 0.00576683)
(0.00577799 -0.0122391 0.00508452)
(0.00593164 -0.012608 0.00520228)
(0.00666421 -0.0122881 0.00530369)
(0.00599355 -0.0121335 0.00504301)
(0.00572909 -0.0116777 0.00513104)
(0.00602138 -0.0118686 0.00497745)
(0.00652642 -0.0125139 0.00505973)
(0.00583589 -0.0116548 0.00515848)
(0.00589335 -0.0118656 0.00506809)
(0.00538954 -0.01061 0.00443047)
(0.00509649 -0.0103865 0.00428952)
(0.00499575 -0.010114 0.00417873)
(0.00506273 -0.0100222 0.0044005)
(0.00450809 -0.00935635 0.00426626)
(0.00512364 -0.0101446 0.00449491)
(0.00537643 -0.010555 0.00442856)
(0.00495586 -0.0103851 0.0045673)
(0.00501999 -0.00970456 0.0041174)
(0.0048009 -0.00987399 0.00441734)
(0.00494421 -0.00980731 0.00411773)
(0.00643332 -0.0126075 0.00565147)
(0.00602398 -0.0125727 0.0050571)
(0.00635351 -0.012548 0.0054834)
(0.00590889 -0.0121248 0.00509205)
(0.00658219 -0.0132401 0.00555506)
(0.00621948 -0.0121714 0.00551622)
(0.00567576 -0.0110416 0.00482215)
(0.00526813 -0.0103027 0.00451584)
(0.00527146 -0.0104032 0.00441694)
(0.00586394 -0.0107284 0.0048572)
(0.00553353 -0.0103862 0.00449075)
(0.00513345 -0.00984619 0.00433417)
(0.00563341 -0.01121 0.00459429)
(0.00573197 -0.011068 0.00467065)
(0.00571927 -0.0113129 0.00469963)
(0.00604722 -0.0118071 0.00477197)
(0.00529023 -0.0103999 0.00451305)
(0.00602572 -0.0112431 0.00480422)
(0.00540834 -0.011146 0.00427419)
(0.00528262 -0.0108952 0.00439297)
(0.0058932 -0.0108918 0.00493207)
(0.00514222 -0.0104318 0.00446132)
(0.0055422 -0.0109672 0.00446555)
(0.00551189 -0.0111313 0.00458168)
(0.00584826 -0.0119025 0.00466443)
(0.00608464 -0.0123313 0.00496655)
(0.00596559 -0.0121521 0.00491988)
(0.00540126 -0.01091 0.00484952)
(0.0055047 -0.0113526 0.00482595)
(0.00554622 -0.0112252 0.00483106)
(0.0060856 -0.012233 0.00521028)
(0.00597091 -0.0124866 0.00519574)
(0.00617039 -0.0120188 0.00476103)
(0.00578066 -0.0119369 0.0051039)
(0.00619218 -0.0125492 0.00539952)
(0.00612509 -0.0123034 0.00512386)
(0.00585174 -0.0121855 0.00487086)
(0.00610274 -0.0126221 0.0053853)
(0.00584579 -0.0115671 0.0047892)
(0.00595763 -0.0119362 0.0050433)
(0.00584442 -0.0121168 0.00499507)
(0.00518934 -0.010356 0.00441487)
(0.00510536 -0.0103862 0.00422625)
(0.00531555 -0.0108846 0.00456196)
(0.00526981 -0.0104284 0.00400452)
(0.00487849 -0.00981462 0.00395727)
(0.00490975 -0.00992963 0.00414412)
(0.00484331 -0.00992915 0.00415996)
(0.0049891 -0.0102524 0.0041724)
(0.0051256 -0.0104615 0.00417981)
(0.00485047 -0.00975644 0.00406308)
(0.00499531 -0.0101655 0.00394951)
(0.00511315 -0.0102038 0.0040635)
(0.00524792 -0.0109137 0.00482506)
(0.00501712 -0.0103513 0.00402254)
(0.00529999 -0.0107128 0.00418121)
(0.0049418 -0.0101618 0.00435759)
(0.00504505 -0.0102091 0.00434681)
(0.00517344 -0.010549 0.00418391)
(0.0051381 -0.010145 0.00374693)
(0.00482622 -0.00997192 0.00403994)
(0.00505242 -0.00991399 0.00399832)
(0.00568301 -0.0108645 0.00428746)
(0.00520248 -0.00995717 0.00393446)
(0.0049809 -0.0100456 0.00424265)
(0.00544679 -0.0102025 0.00407586)
(0.00502085 -0.0102476 0.00426107)
(0.00543956 -0.010555 0.00422214)
(0.00509006 -0.0102573 0.00425506)
(0.00519234 -0.0101491 0.00400144)
(0.00533515 -0.0105421 0.00435791)
(0.00483347 -0.00995209 0.00395342)
(0.00530758 -0.0107118 0.00395353)
(0.00490647 -0.00980859 0.00428534)
(0.00545009 -0.0105117 0.00409276)
(0.0051829 -0.0103675 0.00419867)
(0.00503276 -0.0103301 0.00396081)
(0.0050709 -0.0100041 0.00395109)
(0.00507772 -0.0101452 0.00411967)
(0.0050532 -0.00996838 0.0038495)
(0.00498504 -0.00995309 0.0039983)
(0.00507877 -0.0100361 0.00406383)
(0.00497035 -0.0101113 0.00406453)
(0.00567495 -0.0115288 0.00470018)
(0.00561032 -0.011126 0.00485633)
(0.00561072 -0.0114469 0.00445545)
(0.00551044 -0.011213 0.00486937)
(0.0054676 -0.0109361 0.00475474)
(0.00570233 -0.0115521 0.00468717)
(0.00553572 -0.0113771 0.00471694)
(0.00540045 -0.011092 0.00467021)
(0.00542961 -0.0111595 0.00471531)
(0.00551299 -0.0111477 0.00455133)
(0.0054063 -0.0110766 0.00461361)
(0.00562731 -0.0114452 0.00472915)
(0.00540029 -0.0113634 0.00511119)
(0.00576482 -0.0114262 0.00450162)
(0.00585972 -0.0120356 0.00507563)
(0.00600759 -0.0126042 0.00515738)
(0.00616307 -0.0122488 0.00470588)
(0.00552777 -0.0110022 0.00464946)
(0.00603704 -0.0120726 0.00511813)
(0.00562149 -0.0120511 0.00531853)
(0.00561008 -0.0120556 0.00526563)
(0.00649335 -0.0125355 0.00529973)
(0.0063705 -0.012309 0.00510027)
(0.00627797 -0.0124406 0.00526193)
(0.00615908 -0.0123985 0.00518755)
(0.00614169 -0.011974 0.00498579)
(0.00594855 -0.0120681 0.00513529)
(0.00615278 -0.012191 0.00505088)
(0.00578353 -0.0120421 0.00510738)
(0.00585908 -0.0120422 0.00508498)
(0.00594801 -0.0118035 0.00493475)
(0.0060841 -0.012014 0.00508915)
(0.0057698 -0.0118108 0.0050654)
(0.0060661 -0.0122599 0.00524457)
(0.00608039 -0.0119332 0.00491641)
(0.00604175 -0.0120138 0.00507112)
(0.00601137 -0.0120818 0.00499396)
(0.00615836 -0.0122704 0.00515981)
(0.00599209 -0.0120995 0.00494887)
(0.00605903 -0.0122118 0.00494395)
(0.00599719 -0.0119722 0.0049641)
(0.00605598 -0.0121411 0.00501182)
(0.00593242 -0.0120203 0.00515082)
(0.00593186 -0.0124503 0.00505959)
(0.00602096 -0.0124217 0.00500294)
(0.00568555 -0.0116528 0.00497459)
(0.00608011 -0.0122073 0.0050551)
(0.00495104 -0.0100338 0.00420715)
(0.00476116 -0.00991811 0.00414827)
(0.00506941 -0.0101856 0.00422631)
(0.00489033 -0.0101228 0.00421941)
(0.00488731 -0.0100145 0.00417936)
(0.00485503 -0.00985393 0.00412256)
(0.00536372 -0.0101698 0.00434552)
(0.00512749 -0.0103005 0.00440884)
(0.00513259 -0.0103267 0.0043653)
(0.00503085 -0.0102444 0.00443185)
(0.00516938 -0.0100738 0.0042274)
(0.00525812 -0.00978016 0.00400989)
(0.00530886 -0.00987077 0.00402347)
(0.00545222 -0.0102636 0.00416247)
(0.00543693 -0.0104207 0.00426293)
(0.00512571 -0.00968144 0.00397081)
(0.00510423 -0.010404 0.00425965)
(0.00475873 -0.0105053 0.00448165)
(0.00497709 -0.0101043 0.00428289)
(0.00556401 -0.0106715 0.00441477)
(0.0052853 -0.0107423 0.00440157)
(0.00573744 -0.0105624 0.00455784)
(0.00531919 -0.0107784 0.00471662)
(0.00517206 -0.0101645 0.00431047)
(0.00515037 -0.00979525 0.00407016)
(0.00498013 -0.00989664 0.00411009)
(0.00528894 -0.0106165 0.00455063)
(0.00587496 -0.0108134 0.0046675)
(0.00563581 -0.0102485 0.00451919)
(0.00613362 -0.0106779 0.00467941)
(0.00555263 -0.0114702 0.00487127)
(0.00566934 -0.0109207 0.00459179)
(0.00569931 -0.0108199 0.00470327)
(0.00499916 -0.0106995 0.00452004)
(0.00524213 -0.010935 0.00453419)
(0.00523218 -0.0105586 0.00453297)
(0.00523823 -0.0105704 0.00438422)
(0.00555222 -0.010462 0.00459375)
(0.00484741 -0.0097961 0.00415716)
(0.00484545 -0.0104003 0.00441929)
(0.00543567 -0.0103672 0.00446716)
(0.00525666 -0.00989757 0.00406621)
(0.00515512 -0.0109325 0.00469276)
(0.00537128 -0.0108089 0.00455613)
(0.00491325 -0.0111794 0.00462882)
(0.00509365 -0.010727 0.0042756)
(0.00542655 -0.0104109 0.00415809)
(0.00591767 -0.0120137 0.00483192)
(0.00605164 -0.0122535 0.00520759)
(0.0061546 -0.0121652 0.00524255)
(0.00626875 -0.012364 0.0054767)
(0.00602159 -0.0121901 0.00491215)
(0.00639701 -0.0127575 0.00531054)
(0.00622575 -0.0123949 0.00495041)
(0.00581834 -0.0115297 0.00475394)
(0.00615386 -0.0119969 0.00481182)
(0.0057371 -0.0115299 0.00487225)
(0.00567035 -0.0119001 0.00517562)
(0.00613005 -0.0121363 0.00519823)
(0.00555963 -0.0116625 0.00520257)
(0.0062824 -0.0116456 0.00461718)
(0.00540375 -0.0115293 0.00509054)
(0.00588303 -0.012214 0.00528674)
(0.00636907 -0.012633 0.00533095)
(0.00599225 -0.012116 0.0047081)
(0.0059503 -0.011949 0.00536895)
(0.00641295 -0.0122795 0.00494381)
(0.00627388 -0.0125858 0.00500623)
(0.00598681 -0.0123524 0.00512713)
(0.00592745 -0.0118131 0.00492162)
(0.00591579 -0.011765 0.00479067)
(0.00633876 -0.011877 0.0048782)
(0.00617652 -0.0118784 0.00484967)
(0.00610816 -0.0120236 0.00496019)
(0.00589363 -0.0113168 0.00474381)
(0.00638112 -0.0121797 0.00509307)
(0.00608213 -0.0118337 0.00484705)
(0.00610641 -0.0120881 0.00513854)
(0.00608983 -0.0116332 0.00519817)
(0.00648514 -0.0132783 0.00509538)
(0.006228 -0.0121653 0.00516779)
(0.00601876 -0.0120043 0.00536132)
(0.00647334 -0.0127118 0.00544765)
(0.0062917 -0.012612 0.00519567)
(0.00617655 -0.0120338 0.00543628)
(0.00562374 -0.0111644 0.00473248)
(0.00568066 -0.0111056 0.00463928)
(0.0055952 -0.010966 0.0045491)
(0.00551889 -0.0109198 0.00456952)
(0.00559006 -0.0109418 0.00444986)
(0.00536655 -0.0109666 0.0047294)
(0.00552885 -0.0103465 0.00419996)
(0.00531438 -0.0098436 0.00408028)
(0.00525339 -0.0101396 0.00424565)
(0.00525186 -0.0103034 0.00432984)
(0.00550238 -0.0104943 0.0042612)
(0.00550503 -0.0111651 0.00471548)
(0.00592422 -0.0117206 0.00483296)
(0.00553801 -0.0110316 0.0046592)
(0.00569066 -0.0115681 0.00477678)
(0.00569512 -0.0112257 0.00490017)
(0.00538215 -0.0110486 0.00452246)
(0.00537617 -0.0108697 0.00465386)
(0.00602126 -0.0121258 0.00476451)
(0.00638116 -0.0126832 0.00509101)
(0.00628378 -0.0118958 0.00526444)
(0.00639888 -0.0120262 0.00550904)
(0.00555468 -0.0111891 0.00462078)
(0.00627215 -0.01226 0.00548121)
(0.00563767 -0.0117719 0.00459735)
(0.00484717 -0.00994937 0.00402518)
(0.00483001 -0.00976462 0.00408596)
(0.00494675 -0.0102487 0.00437047)
(0.00534619 -0.010501 0.00408234)
(0.00490436 -0.00981217 0.00388974)
(0.00474492 -0.00964043 0.00383804)
(0.00500373 -0.00993631 0.00390713)
(0.00509171 -0.0101348 0.00395942)
(0.00493644 -0.00985095 0.00414477)
(0.00498362 -0.00983544 0.00383416)
(0.00494869 -0.0098595 0.00399267)
(0.00508244 -0.010126 0.00415881)
(0.00580966 -0.0114981 0.00431813)
(0.00504136 -0.00984653 0.00401628)
(0.00536624 -0.0104108 0.00441101)
(0.0054788 -0.0106678 0.00436613)
(0.00548668 -0.0104716 0.004197)
(0.00493664 -0.00996063 0.00421938)
(0.00539214 -0.0105354 0.00408752)
(0.00588906 -0.0116605 0.00437386)
(0.0058085 -0.0110392 0.00511831)
(0.00593415 -0.0119484 0.00511004)
(0.00546367 -0.0107758 0.00435849)
(0.0063465 -0.0123064 0.00498987)
(0.00597477 -0.0114611 0.00509225)
(0.00502477 -0.0105854 0.00440798)
(0.00534958 -0.010232 0.00426569)
(0.00489557 -0.0102625 0.00420427)
(0.00515827 -0.010288 0.0042515)
(0.00531921 -0.0106677 0.00435826)
(0.00520636 -0.010473 0.00424805)
(0.00555986 -0.010713 0.00484493)
(0.00589942 -0.0111601 0.00486797)
(0.0057132 -0.0113328 0.00493514)
(0.00619174 -0.0116131 0.00496526)
(0.00542263 -0.0103935 0.00465589)
(0.005804 -0.010596 0.00475442)
(0.00574511 -0.0116428 0.00500084)
(0.00562867 -0.0116732 0.00464122)
(0.00535318 -0.0111447 0.00442404)
(0.00573708 -0.0107711 0.00470385)
(0.00588681 -0.0110953 0.00479143)
(0.00582758 -0.0120389 0.00470408)
(0.00645803 -0.0122233 0.00530624)
(0.00615443 -0.0117489 0.0050565)
(0.00571186 -0.0112568 0.00495421)
(0.00583487 -0.0122016 0.00482142)
(0.00656682 -0.0120266 0.00560216)
(0.00623343 -0.012579 0.00509334)
(0.00580741 -0.0116808 0.00484029)
(0.0055477 -0.0117133 0.00462889)
(0.00568525 -0.011379 0.00476578)
(0.00546905 -0.011154 0.00448069)
(0.00566315 -0.0110711 0.00492522)
(0.0056018 -0.0113221 0.00446688)
(0.00534864 -0.0107365 0.00446443)
(0.00582452 -0.0113767 0.00497393)
(0.00544736 -0.0108939 0.004688)
(0.00635164 -0.0116526 0.00534378)
(0.00571605 -0.0114296 0.00473041)
(0.00551556 -0.0116399 0.00470921)
(0.00503593 -0.0100327 0.00423856)
(0.00485971 -0.0104079 0.00444323)
(0.00492394 -0.0100474 0.00430164)
(0.0052885 -0.0101993 0.00423185)
(0.00478577 -0.00990534 0.00415291)
(0.0055021 -0.0105622 0.00440586)
(0.00554897 -0.010365 0.00452743)
(0.00527459 -0.00994993 0.00424088)
(0.00511775 -0.0103162 0.00405197)
(0.00494474 -0.00993095 0.00411274)
(0.00506208 -0.0099669 0.00414135)
(0.00478362 -0.00965605 0.00408051)
(0.00534449 -0.00999068 0.00396346)
(0.00483762 -0.00998931 0.00410189)
(0.00475564 -0.00972627 0.00396403)
(0.00497718 -0.00999833 0.00413869)
(0.00524616 -0.0103387 0.00430863)
(0.00502828 -0.0106809 0.00435041)
(0.00554014 -0.010771 0.00408971)
(0.00593103 -0.0114423 0.00438143)
(0.00510547 -0.0100808 0.00406037)
(0.00483689 -0.0100181 0.00422087)
(0.00504583 -0.00987368 0.00397067)
(0.00492052 -0.00964547 0.00393925)
(0.00512043 -0.0100204 0.00422481)
(0.00485588 -0.00975778 0.00403456)
(0.00506684 -0.00976718 0.00394578)
(0.0046092 -0.00972453 0.00390833)
(0.00575929 -0.010696 0.00485049)
(0.00525138 -0.0101828 0.0045245)
(0.0056556 -0.0106933 0.00484337)
(0.00460155 -0.00972667 0.00382886)
(0.0049045 -0.010519 0.00414248)
(0.00532486 -0.0105985 0.0044792)
(0.00520366 -0.0103359 0.00426718)
(0.00499717 -0.0106179 0.00426456)
(0.00494388 -0.00995309 0.00407737)
(0.00515357 -0.0100264 0.00437005)
(0.00497409 -0.0101758 0.00409322)
(0.00517099 -0.0102213 0.00439865)
(0.00510022 -0.0101065 0.00434006)
(0.00500676 -0.00981422 0.00440763)
(0.00501025 -0.0102353 0.00413786)
(0.00522806 -0.0102644 0.00422885)
(0.00506906 -0.0106578 0.0042134)
(0.00531764 -0.0106048 0.0045922)
(0.00512117 -0.0108989 0.00421522)
(0.00543626 -0.0106517 0.00451038)
(0.00603056 -0.011173 0.00510521)
(0.00517499 -0.010934 0.00434998)
(0.00577197 -0.0105588 0.00457861)
(0.0053796 -0.010414 0.00451951)
(0.0057403 -0.0104134 0.00455089)
(0.00517199 -0.00973525 0.0042866)
(0.00594688 -0.0105983 0.00478418)
(0.00524348 -0.010453 0.00433279)
(0.00576638 -0.0123251 0.00497959)
(0.00693692 -0.0126848 0.00583801)
(0.00640649 -0.0132121 0.00529348)
(0.00653915 -0.012335 0.0055843)
(0.00644328 -0.0127275 0.0054292)
(0.00688906 -0.0137123 0.00609328)
(0.00623344 -0.0116486 0.00544188)
(0.00548827 -0.0111714 0.0044447)
(0.00646659 -0.0124088 0.00590853)
(0.00574176 -0.0117817 0.00466084)
(0.00620354 -0.0121228 0.00503901)
(0.00619524 -0.0114273 0.00533748)
(0.0058988 -0.0120044 0.00476555)
(0.00661088 -0.0123354 0.00534346)
(0.00570331 -0.0121113 0.00493623)
(0.0058186 -0.0121381 0.00502773)
(0.00590519 -0.012339 0.00511873)
(0.00582287 -0.0119131 0.00470587)
(0.00576924 -0.011653 0.00478843)
(0.00588543 -0.0127014 0.00515043)
(0.0059112 -0.0121494 0.00514711)
(0.00584674 -0.012071 0.00503869)
(0.00606877 -0.0122052 0.00541511)
(0.00635885 -0.0121942 0.00550836)
(0.00612233 -0.0118154 0.00522686)
(0.00627401 -0.012446 0.0057475)
(0.00594925 -0.0119059 0.00546716)
(0.00590714 -0.0121847 0.00502807)
(0.0062464 -0.0131963 0.00555446)
(0.00590343 -0.012616 0.00497884)
(0.00657323 -0.0125846 0.00567775)
(0.00640542 -0.0121043 0.00534564)
(0.00640425 -0.0125635 0.00557627)
(0.00582738 -0.0114506 0.00461298)
(0.00628574 -0.0123647 0.00511212)
(0.00588 -0.01156 0.00493762)
(0.00588421 -0.0118579 0.00486947)
(0.00662321 -0.0122846 0.00531761)
(0.00602241 -0.0127641 0.00498773)
(0.00591701 -0.0116874 0.00475983)
(0.00607249 -0.0125561 0.00482433)
(0.0061897 -0.0121948 0.00499471)
(0.00586215 -0.0120778 0.00475823)
(0.00582254 -0.012457 0.00503417)
(0.00608078 -0.0117388 0.00500728)
(0.00546649 -0.0116395 0.00466727)
(0.0065566 -0.0128449 0.00597091)
(0.0063867 -0.0117861 0.00549073)
(0.00570075 -0.0119797 0.00492549)
(0.00597841 -0.0116582 0.00519555)
(0.00572411 -0.0112718 0.00477005)
(0.00598626 -0.0124805 0.00538277)
(0.00593941 -0.0117397 0.00499878)
(0.00606012 -0.0121977 0.00542879)
(0.00597478 -0.0116611 0.00506209)
(0.00589893 -0.0120123 0.0051569)
(0.00582995 -0.0112055 0.00471381)
(0.00602132 -0.0119134 0.00512378)
(0.00611733 -0.011696 0.00519179)
(0.006075 -0.0118317 0.0050117)
(0.00561643 -0.0118157 0.00496087)
(0.00601624 -0.0123553 0.00513752)
(0.0062446 -0.0121754 0.00519425)
(0.0057437 -0.0117432 0.00492688)
(0.00608839 -0.012075 0.00508541)
(0.00569961 -0.0118435 0.00497447)
(0.00600204 -0.0117682 0.00477333)
(0.00552139 -0.011686 0.00512247)
(0.00546427 -0.0107672 0.00442653)
(0.00610478 -0.0115282 0.00473878)
(0.00530948 -0.0106945 0.00443543)
(0.00570053 -0.0107443 0.0043825)
(0.00549333 -0.0108755 0.00447738)
(0.00536164 -0.0114877 0.00487306)
(0.00575891 -0.0109596 0.00434568)
(0.00576986 -0.0115057 0.0049447)
(0.00566661 -0.0103659 0.00462477)
(0.00571937 -0.0108178 0.0044712)
(0.00587329 -0.0116121 0.00481181)
(0.00554115 -0.0107831 0.0045031)
(0.00559739 -0.0107481 0.00460392)
(0.0059622 -0.0125499 0.00516811)
(0.00615365 -0.0126795 0.00504718)
(0.00592644 -0.0118156 0.00494489)
(0.00637355 -0.0131158 0.00566573)
(0.00652946 -0.0123336 0.00570033)
(0.00624659 -0.0121155 0.00503682)
(0.00608457 -0.0122324 0.00507539)
(0.00649861 -0.0126289 0.00549277)
(0.00618638 -0.012403 0.00498668)
(0.00613877 -0.0124976 0.00509669)
(0.00611945 -0.0117916 0.00488056)
(0.00617693 -0.0126833 0.00519197)
(0.00667012 -0.01311 0.00539042)
(0.00608458 -0.0122366 0.00531973)
(0.00591099 -0.0118394 0.00491819)
(0.00595303 -0.0122954 0.00516783)
(0.00613734 -0.0118834 0.00515256)
(0.00609243 -0.0126159 0.00537737)
(0.00514596 -0.0101317 0.00420239)
(0.00513956 -0.00993296 0.00409224)
(0.00531634 -0.0100256 0.00397589)
(0.00477945 -0.0100163 0.00433462)
(0.00510223 -0.00997049 0.00406044)
(0.00507737 -0.0101546 0.00432872)
(0.00515167 -0.0100767 0.00416141)
(0.0049693 -0.00998526 0.00403703)
(0.00498596 -0.0103545 0.00426336)
(0.00506036 -0.0100694 0.00421276)
(0.00512081 -0.0106143 0.00456783)
(0.00499618 -0.0104128 0.00426881)
(0.00514856 -0.0101765 0.00421726)
(0.00488637 -0.00981245 0.00419977)
(0.00464392 -0.00949422 0.00413846)
(0.00518785 -0.0104221 0.0045587)
(0.00504834 -0.00986056 0.00412161)
(0.00493426 -0.0100858 0.00454889)
(0.00525416 -0.0103948 0.00416137)
(0.00508089 -0.0101011 0.00405625)
(0.00476919 -0.0100109 0.00446612)
(0.00538335 -0.0105241 0.00445312)
(0.00517558 -0.0105966 0.0045155)
(0.00489365 -0.0101548 0.00441)
(0.00508058 -0.0102597 0.00466851)
(0.00465651 -0.00954656 0.0045601)
(0.00498545 -0.0102076 0.00457394)
(0.00486903 -0.0101129 0.00448258)
(0.00557425 -0.0111983 0.00433514)
(0.00499442 -0.0101713 0.00451477)
(0.00474371 -0.00965267 0.00391706)
(0.00469863 -0.00956691 0.00400944)
(0.00482411 -0.0097125 0.00392491)
(0.00483805 -0.00968031 0.00389661)
(0.00489695 -0.00984618 0.00384506)
(0.0050233 -0.00986288 0.00435446)
(0.00522818 -0.0104604 0.00409807)
(0.00490388 -0.00981825 0.00436608)
(0.00467281 -0.00953576 0.00427575)
(0.00483561 -0.00992085 0.00422299)
(0.00546687 -0.0111308 0.00450427)
(0.0049232 -0.00983907 0.00446763)
(0.00537069 -0.0108258 0.0042791)
(0.00529393 -0.010542 0.00437733)
(0.00539401 -0.0107133 0.00443498)
(0.00540518 -0.0108676 0.0041747)
(0.00553824 -0.0109376 0.00432452)
(0.00509853 -0.0103814 0.00412862)
(0.00562407 -0.0109724 0.00452621)
(0.00543708 -0.0110625 0.00457686)
(0.00571966 -0.0112104 0.00461101)
(0.00561028 -0.0114274 0.00478759)
(0.00571834 -0.0112331 0.00452597)
(0.0057645 -0.0109151 0.00451512)
(0.00537925 -0.0107206 0.00446223)
(0.0057101 -0.0112933 0.00475335)
(0.00575507 -0.0112706 0.00474998)
(0.00532248 -0.011281 0.00474009)
(0.00498626 -0.0100667 0.0043915)
(0.00536173 -0.010419 0.00427053)
(0.00538638 -0.0105717 0.00425558)
(0.00582159 -0.0105244 0.00428264)
(0.00561953 -0.0104894 0.00402346)
(0.0053673 -0.0104513 0.00442259)
(0.00564501 -0.0111761 0.00462128)
(0.00556073 -0.0107237 0.00440191)
(0.00609058 -0.0120814 0.00480802)
(0.00609144 -0.0120794 0.00510462)
(0.00571576 -0.011412 0.00477406)
(0.00583644 -0.0114976 0.00484239)
(0.00558021 -0.0113154 0.00489261)
(0.00597899 -0.0119253 0.00491957)
(0.00569568 -0.011463 0.00480192)
(0.0058665 -0.0118005 0.00490986)
(0.00606808 -0.0117685 0.00493102)
(0.00584323 -0.0118251 0.00498507)
(0.00603883 -0.0119361 0.00487617)
(0.00598504 -0.0123218 0.00521816)
(0.00628622 -0.0117297 0.00487105)
(0.00607903 -0.0119537 0.00497333)
(0.00596678 -0.0120056 0.00496848)
(0.00603945 -0.0120709 0.00496792)
(0.00610463 -0.0120718 0.00490437)
(0.00618521 -0.0122182 0.00508996)
(0.00597476 -0.011825 0.00482877)
(0.00588716 -0.0118401 0.00496326)
(0.00589427 -0.0119376 0.00491927)
(0.00599238 -0.0121359 0.00489545)
(0.00586952 -0.0118876 0.00491831)
(0.00594566 -0.0119244 0.00489565)
(0.00596541 -0.0122818 0.00517164)
(0.00584647 -0.0119657 0.00505874)
(0.00598328 -0.0119776 0.00502239)
(0.00611522 -0.0120829 0.00500601)
(0.0060563 -0.0119714 0.00483137)
(0.00596254 -0.0121557 0.0050695)
(0.00593283 -0.0101798 0.00417179)
(0.00546914 -0.0102754 0.00465381)
(0.00515012 -0.00984023 0.00411288)
(0.00530016 -0.0113305 0.00500091)
(0.00514106 -0.00952609 0.00417528)
(0.00590251 -0.0124318 0.00501527)
(0.00547945 -0.0111308 0.00457069)
(0.00597727 -0.0114165 0.00459625)
(0.00585629 -0.011818 0.00490976)
(0.00579295 -0.0109408 0.00451015)
(0.0055202 -0.0115888 0.00481736)
(0.00581615 -0.0118631 0.00486904)
(0.00571232 -0.0123817 0.00519722)
(0.00680952 -0.0127142 0.00534141)
(0.0064095 -0.0119268 0.00500906)
(0.00529347 -0.0116034 0.00463109)
(0.00590555 -0.0112324 0.00476147)
(0.0064358 -0.0129879 0.00526636)
(0.0057795 -0.012188 0.00505739)
(0.00611549 -0.013006 0.00495121)
(0.00569098 -0.0124335 0.00495988)
(0.00629421 -0.0125961 0.00543629)
(0.00587719 -0.0119007 0.00490075)
(0.00563522 -0.0121806 0.00515491)
(0.0060909 -0.0120367 0.00513397)
(0.00564553 -0.0124528 0.00532608)
(0.00617079 -0.0115748 0.00501471)
(0.00589217 -0.0120673 0.00516428)
(0.00631963 -0.0130325 0.00556252)
(0.00597779 -0.0119482 0.0051207)
(0.00660113 -0.0120687 0.00538123)
(0.00603252 -0.0114354 0.00494134)
(0.00635983 -0.0124722 0.00549622)
(0.00599297 -0.0118484 0.00509276)
(0.00609328 -0.0119128 0.00494007)
(0.00630712 -0.0117405 0.00518907)
(0.00577494 -0.0121055 0.00505134)
(0.00548094 -0.0110133 0.0048258)
(0.00551846 -0.0111143 0.00453625)
(0.00589666 -0.011808 0.00462513)
(0.00539376 -0.0109051 0.00465434)
(0.00562041 -0.0111724 0.0046115)
(0.00489745 -0.00979861 0.00415038)
(0.00501204 -0.00984846 0.00404065)
(0.00486595 -0.00999505 0.00431482)
(0.00483844 -0.00972542 0.00409789)
(0.00472887 -0.00955394 0.00399577)
(0.00482852 -0.00966193 0.00413015)
(0.00494435 -0.0095819 0.00388177)
(0.00517024 -0.00986782 0.00394087)
(0.00473463 -0.00979999 0.00413255)
(0.0046232 -0.00936141 0.00380917)
(0.00483106 -0.00952974 0.00393776)
(0.00468906 -0.00962295 0.00416639)
(0.00469753 -0.0095121 0.00404939)
(0.00480194 -0.00987999 0.00419154)
(0.00478609 -0.00971521 0.00460685)
(0.00512542 -0.010518 0.00467684)
(0.00604032 -0.0120605 0.00554555)
(0.00578368 -0.0115961 0.00491925)
(0.00538941 -0.0112085 0.00497423)
(0.00571111 -0.0111193 0.00500261)
(0.00564871 -0.01166 0.00473738)
(0.00546742 -0.0111077 0.00467598)
(0.00478959 -0.00978877 0.00397)
(0.00496427 -0.0104523 0.00412475)
(0.00485945 -0.00984795 0.00452439)
(0.00475974 -0.00963931 0.00377266)
(0.00521524 -0.0102382 0.00459649)
(0.00555849 -0.0108415 0.00513613)
(0.00517018 -0.0102539 0.00380639)
(0.00501419 -0.0102058 0.00446452)
(0.0052467 -0.0103862 0.00474379)
(0.00550604 -0.010517 0.00452322)
(0.00483717 -0.00969311 0.00399876)
(0.00520212 -0.0111016 0.00442711)
(0.00620649 -0.012536 0.00535308)
(0.00615267 -0.0122012 0.00545877)
(0.00607939 -0.012075 0.00528106)
(0.00628458 -0.0126131 0.00544237)
(0.00622709 -0.0123433 0.00541103)
(0.00611471 -0.0124368 0.00547677)
(0.00604559 -0.0121292 0.0051712)
(0.00600104 -0.0121287 0.00508305)
(0.00595269 -0.0120738 0.00508277)
(0.00644215 -0.0123039 0.00490456)
(0.00621228 -0.0126533 0.00528553)
(0.00610622 -0.0118889 0.0049935)
(0.00558532 -0.0108947 0.00447634)
(0.00499096 -0.0107534 0.0044505)
(0.00532782 -0.0114475 0.00479893)
(0.00580647 -0.0110172 0.0046472)
(0.00496406 -0.010658 0.00438898)
(0.00482341 -0.0105338 0.00432226)
(0.00470299 -0.0099444 0.00424097)
(0.00482938 -0.00973748 0.00402532)
(0.00484845 -0.0100564 0.00424439)
(0.0045169 -0.0102079 0.00443535)
(0.00475596 -0.0104467 0.00449388)
(0.00512367 -0.0102645 0.00431055)
(0.00512876 -0.0105381 0.00435588)
(0.00509005 -0.0103185 0.00414419)
(0.00484031 -0.00980569 0.00424451)
(0.00509588 -0.0103167 0.00461307)
(0.00513585 -0.010499 0.00425569)
(0.00518339 -0.0102934 0.00441214)
(0.00504519 -0.01008 0.00414343)
(0.00516563 -0.0101947 0.00412633)
(0.00523773 -0.00960935 0.00382525)
(0.00505272 -0.00998131 0.00416465)
(0.00507217 -0.00998448 0.00422864)
(0.00487699 -0.0103656 0.00437615)
(0.00460433 -0.0103192 0.00444503)
(0.00456833 -0.00978254 0.00403857)
(0.0052829 -0.00989577 0.00391403)
(0.00490532 -0.0105132 0.00458437)
(0.00513525 -0.010858 0.00458729)
(0.00524189 -0.0111473 0.00458911)
(0.00587867 -0.0107994 0.00444805)
(0.00497395 -0.00990384 0.00404906)
(0.00509044 -0.011029 0.00469211)
(0.00500209 -0.0103316 0.00436122)
(0.00475088 -0.0111198 0.00462359)
(0.00488777 -0.0111289 0.00446844)
(0.00519634 -0.0108429 0.004611)
(0.0048972 -0.00997293 0.00401733)
(0.00533224 -0.0115903 0.00511659)
(0.00551131 -0.0112827 0.00462416)
(0.00529867 -0.0111577 0.00507208)
(0.00573528 -0.0114238 0.0045452)
(0.0061035 -0.0120604 0.00492298)
(0.00644933 -0.0125143 0.00505143)
(0.00612706 -0.0120212 0.00450485)
(0.0061894 -0.0121826 0.00512532)
(0.00601461 -0.0117834 0.00502237)
(0.00575631 -0.0115013 0.00490841)
(0.00557429 -0.0112782 0.00465798)
(0.00637804 -0.0129373 0.0053312)
(0.0060847 -0.0124119 0.00520261)
(0.00611759 -0.0125072 0.00526183)
(0.0061151 -0.012604 0.00519159)
(0.00516684 -0.0106265 0.00441488)
(0.00510695 -0.0098003 0.00393007)
(0.00538698 -0.0100208 0.0038551)
(0.0052547 -0.0110792 0.00424256)
(0.00504803 -0.0103187 0.00439936)
(0.00504427 -0.00969379 0.00399568)
(0.00578489 -0.0106778 0.00478481)
(0.00575504 -0.0116968 0.0044631)
(0.00501632 -0.0101557 0.00398761)
(0.00545763 -0.0108228 0.00454503)
(0.00472099 -0.00937392 0.00410975)
(0.00481158 -0.0100451 0.00373192)
(0.00532802 -0.0104348 0.00432191)
(0.005153 -0.00981666 0.00441913)
(0.00525399 -0.0106555 0.00428833)
(0.00535788 -0.0101892 0.00470141)
(0.00518715 -0.0105716 0.00441439)
(0.00544625 -0.010689 0.00470978)
(0.00526661 -0.0106175 0.00456039)
(0.00524804 -0.0107399 0.00440104)
(0.0053231 -0.0107209 0.00453777)
(0.00509135 -0.0111609 0.00423197)
(0.00503939 -0.0102539 0.00435217)
(0.0055662 -0.0120032 0.00466084)
(0.0059209 -0.0118665 0.00516626)
(0.0056252 -0.011262 0.00473284)
(0.00628185 -0.0124356 0.00493429)
(0.00635212 -0.0122353 0.00536138)
(0.0062681 -0.0127831 0.00525011)
(0.00668865 -0.0129954 0.00538158)
(0.00689923 -0.0132688 0.00565474)
(0.00625007 -0.0119217 0.00496022)
(0.00592661 -0.0122317 0.00496577)
(0.00606254 -0.0120233 0.00490452)
(0.00606836 -0.0117151 0.00489405)
(0.00584988 -0.0124243 0.00510775)
(0.00579725 -0.012113 0.00494747)
(0.00648741 -0.0129257 0.00519391)
(0.00653137 -0.0127398 0.00525103)
(0.00647756 -0.0128089 0.00528375)
(0.00679392 -0.0128006 0.00565938)
(0.00635643 -0.0126697 0.00523148)
(0.00598051 -0.0117866 0.00493163)
(0.00642199 -0.0126508 0.00517944)
(0.00590647 -0.0117312 0.00489103)
(0.00644665 -0.0121102 0.00545968)
(0.00644584 -0.0122977 0.00518344)
(0.00618992 -0.0126448 0.00491493)
(0.00645953 -0.0129658 0.00521036)
(0.00671104 -0.0124855 0.0054427)
(0.00697415 -0.0136097 0.0054376)
(0.00628579 -0.0129692 0.00564293)
(0.00622671 -0.0125292 0.00518927)
(0.00625798 -0.0125197 0.00502533)
(0.00640203 -0.0137023 0.00550833)
(0.00633224 -0.0124766 0.00523973)
(0.00543073 -0.0106053 0.00432327)
(0.00563738 -0.0122062 0.00489866)
(0.00573777 -0.0117856 0.00516457)
(0.00611939 -0.012874 0.00524826)
(0.00612447 -0.0124833 0.00508745)
(0.00635001 -0.0132749 0.00535464)
(0.0066402 -0.0128733 0.00547824)
(0.00602894 -0.0122966 0.00505142)
(0.0060048 -0.0123671 0.00520022)
(0.00585838 -0.0120018 0.0052941)
(0.00599477 -0.0124835 0.00523043)
(0.00571622 -0.0117627 0.00491364)
(0.00555017 -0.0113252 0.00483241)
(0.00577528 -0.012055 0.00505666)
(0.0057204 -0.011826 0.00483429)
(0.00607944 -0.0124865 0.00513969)
(0.00583187 -0.0123314 0.00542727)
(0.0060384 -0.0125255 0.00547172)
(0.00604328 -0.0121184 0.00494592)
(0.00598451 -0.0117229 0.00495563)
(0.00549879 -0.0109997 0.00480442)
(0.00551685 -0.0111598 0.00538082)
(0.00504989 -0.011061 0.00472088)
(0.00525496 -0.0108318 0.00476339)
(0.00524019 -0.0100479 0.00401514)
(0.00563226 -0.0108186 0.00441473)
(0.00568 -0.0108752 0.00448586)
(0.00543989 -0.0101757 0.00395141)
(0.00529225 -0.0104239 0.00435021)
(0.00553747 -0.0108406 0.00443693)
(0.00537295 -0.0104362 0.00431386)
(0.00579874 -0.0106238 0.00432745)
(0.00552206 -0.0103895 0.00425297)
(0.00531746 -0.0105363 0.00447958)
(0.0055544 -0.0119665 0.00516016)
(0.00594301 -0.0121914 0.00516587)
(0.00602345 -0.0118675 0.00491131)
(0.00601348 -0.0118348 0.0049633)
(0.00524153 -0.0112134 0.00513205)
(0.00578147 -0.011209 0.00465098)
(0.00525504 -0.0111247 0.00503333)
(0.00541567 -0.0106098 0.00411999)
(0.00535772 -0.0107256 0.00425495)
(0.00581004 -0.0117255 0.00516305)
(0.00560171 -0.0109764 0.0045394)
(0.00619115 -0.0118849 0.00499866)
(0.00605594 -0.0122027 0.00514614)
(0.00606085 -0.0123396 0.00505365)
(0.00610055 -0.0117606 0.00475616)
(0.00530623 -0.0105619 0.00457739)
(0.00591976 -0.011139 0.00466945)
(0.00575627 -0.0109465 0.00453926)
(0.0060709 -0.0121508 0.00498872)
(0.00528829 -0.010799 0.00440386)
(0.00557555 -0.0114616 0.00479226)
(0.0050324 -0.00987798 0.00403767)
(0.00486815 -0.00996677 0.00417146)
(0.0051581 -0.0106998 0.00443777)
(0.00523971 -0.0106513 0.00420697)
(0.00593861 -0.0113512 0.00489773)
(0.00487934 -0.00974677 0.00426144)
(0.00487864 -0.00981445 0.00454614)
(0.00548539 -0.0106127 0.00396568)
(0.00497154 -0.0103693 0.00464109)
(0.00497252 -0.0100314 0.00426515)
(0.00519972 -0.0100407 0.00427906)
(0.00500052 -0.0100074 0.00426901)
(0.00478285 -0.0100172 0.00438039)
(0.0051829 -0.0101956 0.00464732)
(0.00519585 -0.0102151 0.00408041)
(0.00524841 -0.010429 0.00428451)
(0.00521486 -0.0102351 0.00411602)
(0.00509615 -0.0100793 0.00399673)
(0.00481772 -0.00994468 0.00452386)
(0.00534021 -0.0104977 0.00445584)
(0.00474593 -0.0100657 0.00461109)
(0.00456897 -0.0093578 0.00452537)
(0.00523628 -0.0102067 0.0041994)
(0.00458684 -0.00934363 0.00392857)
(0.00471639 -0.00944601 0.00434905)
(0.00527298 -0.010421 0.00434637)
(0.00474684 -0.00950023 0.00395105)
(0.00511224 -0.0103465 0.00415074)
(0.00525122 -0.0103776 0.00439354)
(0.00481051 -0.0095616 0.00402715)
(0.00552466 -0.0106559 0.0043601)
(0.00504356 -0.00990939 0.00417492)
(0.00531384 -0.010441 0.0042055)
(0.00516364 -0.0103022 0.00420421)
(0.0048248 -0.0100806 0.00467089)
(0.00473704 -0.00965065 0.00424453)
(0.00501447 -0.00995645 0.00434843)
(0.00472506 -0.00966761 0.00434477)
(0.00502091 -0.00999594 0.00397166)
(0.00490882 -0.0101351 0.0043457)
(0.00513049 -0.0101505 0.00415946)
(0.00496013 -0.00989526 0.00406791)
(0.00524531 -0.0100768 0.00403703)
(0.00577028 -0.0120722 0.00489785)
(0.00669573 -0.0121947 0.00610155)
(0.00694534 -0.0128203 0.00588444)
(0.00615963 -0.0125622 0.00539575)
(0.00648235 -0.0130098 0.0053538)
(0.0063465 -0.012479 0.00546903)
(0.00545567 -0.0104602 0.00421017)
(0.0055259 -0.011566 0.00478673)
(0.0050878 -0.0108669 0.00476157)
(0.00572897 -0.0114082 0.0046512)
(0.00577802 -0.0117767 0.0048665)
(0.00564895 -0.0115434 0.0047586)
(0.00587617 -0.0111079 0.00462573)
(0.00596406 -0.0118871 0.0051281)
(0.00593411 -0.0119855 0.0051878)
(0.00573228 -0.0118224 0.00502957)
(0.00574859 -0.0121774 0.00521385)
(0.00562773 -0.0118052 0.00480834)
(0.00548766 -0.0121665 0.00472147)
(0.00610068 -0.0117575 0.00525854)
(0.00594846 -0.0117879 0.00503892)
(0.00691438 -0.0128552 0.0058774)
(0.00618628 -0.0124894 0.00518767)
(0.00605028 -0.0122173 0.00509956)
(0.00616178 -0.0121965 0.00556018)
(0.00572687 -0.0116711 0.00510464)
(0.00601468 -0.0120607 0.00501849)
(0.0059047 -0.0126777 0.00481365)
(0.00598951 -0.0125475 0.00525011)
(0.0061956 -0.011611 0.0051146)
(0.00574045 -0.0117057 0.00484945)
(0.00531533 -0.0113669 0.00438609)
(0.00563773 -0.0115397 0.00462183)
(0.00587289 -0.0114215 0.00480607)
(0.00563165 -0.0113264 0.00466267)
(0.00555142 -0.0115406 0.0046319)
(0.00641375 -0.0125702 0.00514319)
(0.00616393 -0.012455 0.00524511)
(0.00595237 -0.0122224 0.00531348)
(0.00624265 -0.0124912 0.00531399)
(0.0069829 -0.0128163 0.00576294)
(0.00633266 -0.0122406 0.00527337)
(0.00602617 -0.012118 0.00497649)
(0.00606754 -0.012422 0.00526565)
(0.00602391 -0.0119285 0.00507677)
(0.00601568 -0.0126169 0.00522697)
(0.00619971 -0.0132355 0.0052423)
(0.00616364 -0.012487 0.00539349)
(0.00587665 -0.0117022 0.00508672)
(0.00566244 -0.0115521 0.004666)
(0.00603311 -0.011875 0.00489912)
(0.00589378 -0.0115279 0.00521078)
(0.00595674 -0.0117151 0.00511563)
(0.00586194 -0.0121073 0.00489982)
(0.00598854 -0.012342 0.00503532)
(0.00590197 -0.0123385 0.00458984)
(0.00604702 -0.0122559 0.00501521)
(0.00618194 -0.0123274 0.00544587)
(0.00626007 -0.0124187 0.00567521)
(0.00651205 -0.0129504 0.00502459)
(0.0065724 -0.0134622 0.00593972)
(0.00507507 -0.00997935 0.00412489)
(0.00516562 -0.0101741 0.00424124)
(0.00524525 -0.00997485 0.00411493)
(0.00531241 -0.0101098 0.00419775)
(0.0052678 -0.0101823 0.00419319)
(0.00511718 -0.010104 0.00410973)
(0.00492598 -0.0100316 0.00410147)
(0.00507455 -0.0100883 0.00439222)
(0.00519306 -0.0104545 0.00438316)
(0.0050154 -0.00962576 0.00377757)
(0.0050181 -0.010055 0.00427333)
(0.00537187 -0.0099945 0.0040069)
(0.00481075 -0.00946073 0.00382413)
(0.00518722 -0.0100358 0.0040292)
(0.0049797 -0.00985041 0.00404922)
(0.00495303 -0.00975806 0.00439447)
(0.00504038 -0.0103354 0.00415255)
(0.00549523 -0.0110065 0.00433216)
(0.0053503 -0.0108347 0.00401386)
(0.00546867 -0.0110214 0.00413764)
(0.00546647 -0.0104091 0.00453153)
(0.00516113 -0.0103969 0.00392788)
(0.00533184 -0.0102302 0.00437325)
(0.00516722 -0.010638 0.00436969)
(0.00478356 -0.00974522 0.00410391)
(0.00538703 -0.00986847 0.00453949)
(0.00461558 -0.00957391 0.00392547)
(0.00495319 -0.01043 0.00403076)
(0.00482738 -0.00993092 0.00403845)
(0.00494518 -0.0104211 0.00386885)
(0.00515399 -0.0104076 0.00428259)
(0.00474395 -0.0094282 0.00395385)
(0.00552933 -0.0101706 0.00425659)
(0.00576088 -0.0111143 0.00449802)
(0.00514471 -0.0108458 0.00466159)
(0.00477724 -0.00978509 0.00417481)
(0.00513365 -0.00976601 0.00403242)
(0.00489288 -0.00967769 0.00404792)
(0.00472902 -0.0100366 0.00413821)
(0.00488483 -0.00927922 0.00395911)
(0.00511931 -0.009788 0.00399834)
(0.00494652 -0.00994934 0.00412414)
(0.00536611 -0.0101608 0.00428268)
(0.00490676 -0.00977458 0.00412402)
(0.00479134 -0.0100144 0.00414725)
(0.00505794 -0.00965447 0.00400863)
(0.00518696 -0.00990809 0.00418594)
(0.00575854 -0.0118547 0.0046375)
(0.0059595 -0.0116601 0.00473517)
(0.00589009 -0.0109594 0.0050577)
(0.00569158 -0.0117146 0.00488752)
(0.00626049 -0.0125895 0.00553289)
(0.00564673 -0.0116064 0.00483146)
(0.00592691 -0.0115079 0.00510959)
(0.00563561 -0.0101743 0.00456023)
(0.00503876 -0.00975958 0.00419272)
(0.00533247 -0.0106087 0.00438049)
(0.00571363 -0.0116344 0.00478918)
(0.00559002 -0.0109308 0.00462712)
(0.00541097 -0.0108533 0.0044321)
(0.00543034 -0.0105057 0.00453482)
(0.00504913 -0.0100722 0.00434465)
(0.0050531 -0.00906172 0.00379197)
(0.00517792 -0.0100369 0.004118)
(0.00487384 -0.00971838 0.00413266)
(0.00564081 -0.00950637 0.00434457)
(0.00522366 -0.0103478 0.00429212)
(0.00531076 -0.0105917 0.0044124)
(0.00523642 -0.0102306 0.00415217)
(0.0051416 -0.0104014 0.00442271)
(0.00546239 -0.0109371 0.00454428)
(0.0048023 -0.0095903 0.0040025)
(0.00518407 -0.0102656 0.00419842)
(0.00485675 -0.00997193 0.00431135)
(0.00491648 -0.00920708 0.00404322)
(0.00519806 -0.00957535 0.00435459)
(0.00576204 -0.0111488 0.00459637)
(0.00544555 -0.0110424 0.00452549)
(0.00588158 -0.0109786 0.00456138)
(0.00549256 -0.0109821 0.00456601)
(0.00582339 -0.0111333 0.00458423)
(0.00523496 -0.0106808 0.00447291)
(0.00523306 -0.0111922 0.00464929)
(0.00574321 -0.0108412 0.00445356)
(0.00616611 -0.0114079 0.00468007)
(0.00510178 -0.0107533 0.00434896)
(0.00516146 -0.0105316 0.00431603)
(0.00535369 -0.0103779 0.00438679)
(0.00533231 -0.010965 0.00443687)
(0.00562769 -0.0110792 0.00463762)
(0.00536047 -0.0111008 0.00468171)
(0.00532177 -0.0110543 0.00426104)
(0.00598404 -0.0111656 0.00486442)
(0.00508136 -0.0105602 0.00433414)
(0.00489816 -0.010262 0.00408155)
(0.00605958 -0.0119402 0.00471508)
(0.00561591 -0.0115072 0.00484512)
(0.00548256 -0.0107029 0.00491203)
(0.00561033 -0.0110649 0.00467799)
(0.00551688 -0.0109936 0.00478726)
(0.00532176 -0.0108347 0.00448787)
(0.00533527 -0.0111788 0.00421652)
(0.00534535 -0.0108428 0.00461899)
(0.00555519 -0.0110172 0.0046991)
(0.0054936 -0.0108355 0.00469125)
(0.00532356 -0.0106672 0.00420436)
(0.00560826 -0.0112724 0.00428792)
(0.00533469 -0.0109238 0.00433183)
(0.00512123 -0.00990494 0.00401164)
(0.0048802 -0.00964865 0.0039244)
(0.00496013 -0.0102295 0.00420174)
(0.00580797 -0.0109882 0.00426624)
(0.00529646 -0.0106696 0.00426436)
(0.00555669 -0.0110077 0.00436402)
(0.00574741 -0.0112296 0.00419775)
(0.0051179 -0.00988081 0.00379358)
(0.00566868 -0.0107898 0.00399846)
(0.00579223 -0.0112216 0.00464974)
(0.00556561 -0.0106646 0.00406188)
(0.00561116 -0.0108898 0.00442419)
(0.00569633 -0.0108995 0.00410609)
(0.00571816 -0.0110568 0.0041962)
(0.00521679 -0.0104369 0.0040415)
(0.00550829 -0.010758 0.00422074)
(0.00554229 -0.0110631 0.00467363)
(0.00528966 -0.0102826 0.00371921)
(0.00522152 -0.0105848 0.00393728)
(0.00622804 -0.0121234 0.00437287)
(0.00554783 -0.0109519 0.00455508)
(0.00501038 -0.0101021 0.00437076)
(0.00574664 -0.0118119 0.00473128)
(0.00576474 -0.0116803 0.00491621)
(0.00543685 -0.0113504 0.00486365)
(0.00576746 -0.0109406 0.00472854)
(0.00580911 -0.0116501 0.00495452)
(0.00616395 -0.0120495 0.00516685)
(0.00641667 -0.0124195 0.0051165)
(0.00601912 -0.0119006 0.0047908)
(0.00561345 -0.0109826 0.00472093)
(0.0054315 -0.0107034 0.00472544)
(0.00535124 -0.0107597 0.00443435)
(0.0059243 -0.0120576 0.00489916)
(0.00611317 -0.0119084 0.00494669)
(0.00640375 -0.0123259 0.00522744)
(0.00637069 -0.0124124 0.00499002)
(0.00554558 -0.0111182 0.0046796)
(0.0053987 -0.0108545 0.00434348)
(0.0053622 -0.0109553 0.00462792)
(0.00556921 -0.0110459 0.00430392)
(0.00555409 -0.0109872 0.00446609)
(0.00568242 -0.0110553 0.00442852)
(0.0050159 -0.0106545 0.00392633)
(0.00552398 -0.0116266 0.00433968)
(0.00567157 -0.011897 0.00439577)
(0.00617178 -0.0117105 0.0052334)
(0.00573821 -0.0108815 0.00461179)
(0.00646822 -0.012332 0.00494651)
(0.00578307 -0.0114941 0.00479475)
(0.00566519 -0.0113959 0.00472709)
(0.00554526 -0.0111827 0.00478891)
(0.00583454 -0.0117704 0.00506757)
(0.00543415 -0.0114667 0.00493509)
(0.00566098 -0.0118258 0.00503524)
(0.00535414 -0.0110491 0.00479593)
(0.00560086 -0.0114378 0.00486255)
(0.00579765 -0.0113373 0.00464955)
(0.00539864 -0.0110398 0.00461944)
(0.00539363 -0.0107678 0.00456329)
(0.00602913 -0.0111451 0.00446814)
(0.00539239 -0.0107384 0.00457896)
(0.00568548 -0.0110715 0.00490188)
(0.00630587 -0.0123221 0.00505549)
(0.00572242 -0.0115306 0.0046987)
(0.00603861 -0.0123199 0.00520465)
(0.00588485 -0.0117954 0.00481295)
(0.00607299 -0.0120854 0.00499439)
(0.00587639 -0.0115693 0.00475222)
(0.0059213 -0.0117466 0.00472657)
(0.00614308 -0.0121349 0.00528228)
(0.00587924 -0.0117592 0.00531814)
(0.00580248 -0.0116671 0.0051119)
(0.00595502 -0.0119056 0.00512689)
(0.00603197 -0.0121589 0.00527729)
(0.00591283 -0.0117651 0.00508327)
(0.0050979 -0.0105683 0.00436309)
(0.00492444 -0.00982471 0.00398959)
(0.00529041 -0.00979747 0.00459787)
(0.00528543 -0.0107499 0.00439696)
(0.00534666 -0.00991523 0.00458659)
(0.00577509 -0.0109825 0.00486987)
(0.00530334 -0.0106717 0.00427344)
(0.00550537 -0.0108816 0.00470232)
(0.0051144 -0.0106939 0.004389)
(0.00491805 -0.0105339 0.00439677)
(0.00534768 -0.0113182 0.00483324)
(0.00551795 -0.0109729 0.00464921)
(0.00565191 -0.0111974 0.00481367)
(0.00509588 -0.010202 0.00443322)
(0.00514677 -0.0113866 0.00453182)
(0.00537464 -0.0105272 0.00456202)
(0.00537426 -0.0107704 0.00476559)
(0.00530757 -0.0105868 0.00443369)
(0.00553748 -0.0109422 0.00486525)
(0.00544869 -0.0103367 0.00474299)
(0.00482138 -0.0103199 0.00400876)
(0.00507171 -0.0106383 0.0042871)
(0.00513402 -0.0107216 0.00418648)
(0.00536433 -0.0105277 0.00460484)
(0.00564136 -0.0109354 0.00479626)
(0.0051696 -0.00986024 0.00427431)
(0.00526296 -0.0117168 0.00482096)
(0.00484679 -0.0105927 0.00426228)
(0.00572237 -0.0114679 0.00498977)
(0.00595528 -0.0112456 0.00484397)
(0.00540079 -0.0107269 0.00468962)
(0.00523038 -0.0110613 0.00457447)
(0.0050028 -0.0104749 0.00432068)
(0.00498711 -0.0105868 0.00435535)
(0.00568263 -0.0110476 0.0047492)
(0.00565288 -0.0107977 0.00466992)
(0.00517858 -0.0108175 0.00427085)
(0.00509632 -0.010226 0.00426176)
(0.0054776 -0.010743 0.00449673)
(0.005568 -0.0109242 0.00465182)
(0.00567596 -0.0110769 0.00496639)
(0.00546685 -0.0110764 0.00466855)
(0.0055091 -0.0111994 0.00462973)
(0.00530613 -0.011111 0.00460735)
(0.00575985 -0.010972 0.0046271)
(0.00557892 -0.0109888 0.0048049)
(0.00559491 -0.0115893 0.00478969)
(0.00546806 -0.0113787 0.00449075)
(0.00560084 -0.0113257 0.00468836)
(0.00551958 -0.0117489 0.00471855)
(0.00633199 -0.0112843 0.00534607)
(0.00661767 -0.0120648 0.00557298)
(0.00642486 -0.0119848 0.00508619)
(0.00599755 -0.0116906 0.00486746)
(0.00663382 -0.0125851 0.00523837)
(0.00642246 -0.0127753 0.00562173)
(0.00652065 -0.0116997 0.00526534)
(0.00606858 -0.0116529 0.00482801)
(0.00525287 -0.0098168 0.00421739)
(0.00521169 -0.0111007 0.00439709)
(0.00495802 -0.010781 0.00426143)
(0.00545279 -0.0101281 0.00432365)
(0.00493791 -0.00993215 0.00403735)
(0.00510775 -0.00974482 0.00403359)
(0.00555186 -0.0105108 0.00471952)
(0.00521749 -0.0106735 0.00453005)
(0.00503662 -0.010166 0.00433507)
(0.00504477 -0.00941898 0.00396341)
(0.00528639 -0.0101913 0.00453026)
(0.00500946 -0.0105258 0.00425079)
(0.00504683 -0.00994364 0.00428546)
(0.00544481 -0.0108973 0.00458619)
(0.00494384 -0.0107758 0.00425185)
(0.005049 -0.0101524 0.00431908)
(0.00557272 -0.0108827 0.00433958)
(0.00521272 -0.0105685 0.00465899)
(0.00543931 -0.0113714 0.00464335)
(0.00518827 -0.0105968 0.00444444)
(0.00497779 -0.0108611 0.00439699)
(0.00492949 -0.0100134 0.00428289)
(0.0048699 -0.00995123 0.00416682)
(0.00513043 -0.0103203 0.00431914)
(0.00528992 -0.0102533 0.00414812)
(0.00506038 -0.00981393 0.00407732)
(0.00547401 -0.00983797 0.00402647)
(0.00636739 -0.0129236 0.00528844)
(0.00624002 -0.0126251 0.00511726)
(0.00598906 -0.0122317 0.00509578)
(0.00621578 -0.0124724 0.00523708)
(0.00633448 -0.0129308 0.00523202)
(0.00607742 -0.0122603 0.00512938)
(0.0060937 -0.01229 0.00502042)
(0.00613114 -0.0123977 0.00499354)
(0.00615538 -0.0123199 0.00486648)
(0.00590973 -0.0119751 0.00477559)
(0.00579447 -0.0120489 0.00538284)
(0.00576676 -0.0116366 0.00479743)
(0.00599828 -0.0122633 0.00526015)
(0.00579475 -0.0118474 0.00513821)
(0.0057304 -0.0115776 0.0049796)
(0.00596758 -0.0121636 0.00506886)
(0.00617919 -0.0124547 0.00513409)
(0.00616953 -0.0124332 0.0052337)
(0.00619311 -0.0126336 0.00534048)
(0.00578584 -0.0121867 0.00519627)
(0.00628751 -0.0121298 0.00517611)
(0.00584493 -0.0120958 0.00517091)
(0.00594596 -0.0121632 0.00540121)
(0.00559345 -0.0116863 0.00497408)
(0.00611777 -0.0120524 0.00506986)
(0.00600794 -0.0121875 0.0050874)
(0.00595545 -0.012021 0.00488625)
(0.00607099 -0.0119974 0.00480236)
(0.00607762 -0.0119628 0.00484932)
(0.00615063 -0.0118146 0.0047604)
(0.00600602 -0.0120202 0.00494814)
(0.00610479 -0.0123825 0.00518177)
(0.00579262 -0.0118819 0.00498518)
(0.00593746 -0.0117555 0.00495916)
(0.00635399 -0.0122344 0.00515342)
(0.00643655 -0.0122091 0.00506588)
(0.00629364 -0.0123913 0.00517608)
(0.00621261 -0.0121994 0.00513407)
(0.00627269 -0.0126013 0.00536844)
(0.00630939 -0.0124694 0.00522578)
(0.00624175 -0.0124154 0.00519405)
(0.00613681 -0.0125076 0.00539148)
(0.00639387 -0.0122044 0.00515257)
(0.0061996 -0.0120329 0.0050303)
(0.00640001 -0.012404 0.00538018)
(0.00623584 -0.0121817 0.00512532)
(0.00611103 -0.0120873 0.00491098)
(0.00604606 -0.0123296 0.00524743)
(0.00612475 -0.0121668 0.00495557)
(0.00624284 -0.01227 0.005081)
(0.0061264 -0.0118897 0.00480586)
(0.00656189 -0.01288 0.00542815)
(0.00632902 -0.0131986 0.00575529)
(0.00580012 -0.0115953 0.00480499)
(0.00673534 -0.0124171 0.00521415)
(0.00660846 -0.0120273 0.00503488)
(0.00654629 -0.0130121 0.00539693)
(0.00574151 -0.011509 0.00481663)
(0.0053704 -0.0109481 0.00467583)
(0.0054766 -0.0110775 0.00477512)
(0.00532189 -0.0113607 0.00531772)
(0.00624346 -0.0128239 0.00466731)
(0.00584075 -0.0117778 0.00499453)
(0.00592006 -0.0127255 0.00519019)
(0.00521702 -0.010538 0.00424876)
(0.00519146 -0.0103346 0.00407225)
(0.0050703 -0.0106043 0.00446175)
(0.00524232 -0.0104157 0.00436347)
(0.00534307 -0.0105133 0.00432905)
(0.00512134 -0.0101316 0.0041964)
(0.00530051 -0.0107173 0.00448497)
(0.00558481 -0.0112555 0.00470118)
(0.00550086 -0.0110695 0.00474621)
(0.0053984 -0.0110098 0.00464128)
(0.00548274 -0.0113702 0.00485854)
(0.0057188 -0.0117172 0.00486377)
(0.00501527 -0.0100889 0.00397465)
(0.00520303 -0.0108791 0.00442617)
(0.00505146 -0.00971726 0.00368655)
(0.00520226 -0.00998536 0.00376809)
(0.00497776 -0.0100749 0.00411589)
(0.00483784 -0.00965196 0.00419256)
(0.00460182 -0.0093875 0.00407025)
(0.0047904 -0.00975273 0.00394045)
(0.00481557 -0.00989046 0.00415366)
(0.00491267 -0.0098303 0.00394127)
(0.00496324 -0.0102906 0.00430399)
(0.00507829 -0.0104682 0.00416332)
(0.00467138 -0.00962938 0.00427717)
(0.0047222 -0.00936833 0.00414521)
(0.00518727 -0.010264 0.00446771)
(0.00462549 -0.00952953 0.00407215)
(0.00457805 -0.00940863 0.0038233)
(0.00495293 -0.00969931 0.00436511)
(0.00479575 -0.00966123 0.00422396)
(0.00493992 -0.00982906 0.00409498)
(0.00476217 -0.00956564 0.00395479)
(0.00495107 -0.0100872 0.00438497)
(0.00501345 -0.0101048 0.00409406)
(0.00514723 -0.0106944 0.00421637)
(0.00581815 -0.0116542 0.00473442)
(0.00526035 -0.0108886 0.00453979)
(0.00566806 -0.0119914 0.00481588)
(0.00566162 -0.0113511 0.00522395)
(0.00542677 -0.0113917 0.00453467)
(0.00574033 -0.0120327 0.0046307)
(0.00575035 -0.0119449 0.0046762)
(0.00571843 -0.011368 0.00466612)
(0.00567058 -0.011135 0.00501689)
(0.00548639 -0.0108795 0.00456183)
(0.00524194 -0.0103809 0.00443171)
(0.00494078 -0.0100901 0.00415491)
(0.00472763 -0.00930536 0.00414285)
(0.00515082 -0.0101965 0.00401484)
(0.00532662 -0.0104922 0.0041942)
(0.00514205 -0.010401 0.00442808)
(0.0048136 -0.00990679 0.00437201)
(0.00525741 -0.0108497 0.00416118)
(0.00497631 -0.0099971 0.00406524)
(0.00502795 -0.0101626 0.00415435)
(0.00471201 -0.00979389 0.00421118)
(0.00475852 -0.00974783 0.00415258)
(0.0047818 -0.0096935 0.00421904)
(0.00490645 -0.00984606 0.00409102)
(0.00512964 -0.0104963 0.0042862)
(0.00495174 -0.0101126 0.00422038)
(0.00519571 -0.0106494 0.00447135)
(0.00525173 -0.0102984 0.004227)
(0.00497355 -0.00998029 0.00403051)
(0.00528491 -0.0106289 0.00463706)
(0.00498011 -0.00990864 0.00426206)
(0.00514749 -0.0103768 0.00440051)
(0.00497055 -0.0100959 0.00425546)
(0.00511262 -0.0106371 0.00447231)
(0.00527862 -0.010675 0.00439401)
(0.00516849 -0.0105308 0.00443745)
(0.00500151 -0.0101567 0.00419874)
(0.00546062 -0.0109127 0.0042907)
(0.00530111 -0.0105614 0.00429124)
(0.00548836 -0.0110353 0.0044268)
(0.00592313 -0.0116938 0.00467298)
(0.00557682 -0.0109722 0.00425602)
(0.00528812 -0.010246 0.0040349)
(0.00543883 -0.0102652 0.00405002)
(0.0056178 -0.0111223 0.00453616)
(0.00543525 -0.0111336 0.00475908)
(0.00549668 -0.0112378 0.00455915)
(0.00549779 -0.0110794 0.00428303)
(0.00539046 -0.0105376 0.00420107)
(0.00537368 -0.0104991 0.00424715)
(0.00535983 -0.0103557 0.00416132)
(0.00528573 -0.0104311 0.00405583)
(0.00524058 -0.0102687 0.00392004)
(0.00539574 -0.0103157 0.00403386)
(0.00505805 -0.0101351 0.00417179)
(0.0050143 -0.0100327 0.0040999)
(0.00486245 -0.00993795 0.00407355)
(0.00485414 -0.00994381 0.00412846)
(0.00498809 -0.00995918 0.00401073)
(0.00512543 -0.0100273 0.00414622)
(0.00534696 -0.0108282 0.00434329)
(0.00479455 -0.0101674 0.00430291)
(0.00521489 -0.0101917 0.00413444)
(0.00482103 -0.00978906 0.00419045)
(0.00628027 -0.0118825 0.00511125)
(0.00612465 -0.0120909 0.00501983)
(0.00624505 -0.0125324 0.00540232)
(0.00608689 -0.0128497 0.00556737)
(0.00619075 -0.0124475 0.0053894)
(0.00637511 -0.0126258 0.00515749)
(0.00596748 -0.012493 0.00527382)
(0.00594024 -0.0124579 0.00520837)
(0.00624531 -0.0121929 0.00512788)
(0.00578788 -0.0121183 0.00499455)
(0.00555889 -0.0121277 0.00521279)
(0.00556742 -0.011725 0.00497999)
(0.00557831 -0.0115809 0.00498967)
(0.00606717 -0.012188 0.00507973)
(0.00585513 -0.0120895 0.0051488)
(0.00575866 -0.0118114 0.00506853)
(0.00611974 -0.0123395 0.00501808)
(0.00513637 -0.00981252 0.00394503)
(0.00508333 -0.0102253 0.00425585)
(0.00507455 -0.0100328 0.00430203)
(0.00491181 -0.00990737 0.00413293)
(0.00584576 -0.0104679 0.00479138)
(0.00576489 -0.0113822 0.00497572)
(0.00493468 -0.0103494 0.00421531)
(0.00510125 -0.0112748 0.00470417)
(0.00542255 -0.0105966 0.00463282)
(0.00548645 -0.0108309 0.00468531)
(0.00527012 -0.0102298 0.00450787)
(0.00502571 -0.010253 0.00429632)
(0.00549114 -0.0107128 0.00459217)
(0.00497686 -0.0100891 0.00409733)
(0.00531688 -0.0105285 0.00445756)
(0.0052289 -0.010229 0.00443485)
(0.00524848 -0.00993761 0.00440288)
(0.00537555 -0.0102643 0.00453423)
(0.00515285 -0.0102398 0.00443016)
(0.00503295 -0.010323 0.0044136)
(0.00502811 -0.0102335 0.00454197)
(0.00576686 -0.0109361 0.0051648)
(0.00498249 -0.0107787 0.00410782)
(0.00508853 -0.0101198 0.00433181)
(0.00484817 -0.0102704 0.00376872)
(0.00527794 -0.0107206 0.00400828)
(0.0058062 -0.0107637 0.00475303)
(0.00540388 -0.0102821 0.00443579)
(0.00580135 -0.0101858 0.00481162)
(0.00477747 -0.00997588 0.0036589)
(0.00582805 -0.0105262 0.00501158)
(0.00482646 -0.0107539 0.00416742)
(0.00482531 -0.0102261 0.00386735)
(0.00488114 -0.0100311 0.0040209)
(0.00540164 -0.0107282 0.00474194)
(0.00487881 -0.00967964 0.00406886)
(0.00615981 -0.0127261 0.00536386)
(0.0062031 -0.0119505 0.00490866)
(0.00563642 -0.0111434 0.00468696)
(0.00590893 -0.0116985 0.00505193)
(0.00590491 -0.0118527 0.00485789)
(0.00624078 -0.0121954 0.00491373)
(0.00622134 -0.0121888 0.00528232)
(0.00586494 -0.0116435 0.00543655)
(0.0059796 -0.0119719 0.00529689)
(0.00576242 -0.0119729 0.00483537)
(0.0063831 -0.0123664 0.00556696)
(0.00526277 -0.010298 0.00423378)
(0.00565467 -0.011054 0.00463001)
(0.0056695 -0.0108328 0.0043081)
(0.00569985 -0.0109358 0.00454323)
(0.00572591 -0.0110397 0.00446778)
(0.00544844 -0.0105343 0.0043455)
(0.00502335 -0.0102975 0.00441061)
(0.00516884 -0.0104804 0.00446908)
(0.00584752 -0.0107033 0.00507821)
(0.0059673 -0.0109719 0.00498127)
(0.00571349 -0.0110108 0.00463262)
(0.00526498 -0.0101487 0.00438223)
(0.00531379 -0.0103409 0.00444584)
(0.005492 -0.0106077 0.00447475)
(0.00554115 -0.00979878 0.00439301)
(0.00509978 -0.010219 0.00429294)
(0.00519427 -0.00994597 0.00446082)
(0.00524951 -0.0106942 0.00468356)
(0.00611695 -0.0106009 0.00483633)
(0.00600348 -0.0108641 0.00491467)
(0.00537777 -0.0105142 0.00455717)
(0.00598802 -0.0111796 0.00476163)
(0.00495287 -0.00923661 0.0041066)
(0.00495732 -0.0100905 0.00436452)
(0.00490107 -0.00954028 0.00404082)
(0.00538759 -0.0106097 0.00432901)
(0.00533249 -0.0103766 0.00427163)
(0.00517333 -0.00995052 0.0037084)
(0.00520174 -0.0100048 0.0041459)
(0.0051935 -0.0100303 0.00417383)
(0.00543853 -0.0102502 0.00419074)
(0.00515408 -0.0099576 0.0041937)
(0.00549927 -0.0102002 0.00426958)
(0.00532778 -0.0100023 0.00409139)
(0.00518493 -0.00996007 0.00418363)
(0.00522281 -0.00985886 0.0040603)
(0.00520038 -0.0100632 0.00407401)
(0.00501902 -0.00958943 0.00391683)
(0.00512632 -0.0100549 0.00411227)
(0.00507049 -0.00997583 0.00405667)
(0.00504231 -0.00982706 0.00407828)
(0.00501928 -0.0107655 0.00427966)
(0.00550339 -0.0111575 0.00431827)
(0.00484046 -0.011037 0.00399769)
(0.00574763 -0.0106891 0.00468205)
(0.00543473 -0.0102923 0.00442448)
(0.00514415 -0.0106172 0.00445088)
(0.00550861 -0.0111871 0.00441186)
(0.00474757 -0.0104297 0.00415783)
(0.00553792 -0.0111022 0.00464269)
(0.00563873 -0.0113996 0.00475085)
(0.00609658 -0.0118249 0.00502962)
(0.00610116 -0.0120265 0.00518391)
(0.00586925 -0.0113392 0.00489201)
(0.00568356 -0.0115671 0.0047858)
(0.00611632 -0.0116335 0.0049544)
(0.00622283 -0.0117713 0.00504441)
(0.00631045 -0.0117679 0.00506625)
(0.0059945 -0.0116955 0.00503149)
(0.00558212 -0.0110304 0.00460663)
(0.00624973 -0.0124188 0.00537161)
(0.00638392 -0.0126371 0.0055066)
(0.00657391 -0.0128616 0.00562507)
(0.00660073 -0.0132043 0.00526013)
(0.00651228 -0.012248 0.0051555)
(0.00594494 -0.0125255 0.00492371)
(0.0067211 -0.0132113 0.00560991)
(0.00609708 -0.0127739 0.00510013)
(0.00608085 -0.0124424 0.00495968)
(0.00607916 -0.0122052 0.00483603)
(0.00613371 -0.0121892 0.00495391)
(0.00530958 -0.0106193 0.00432938)
(0.00464105 -0.00967274 0.00428827)
(0.00524955 -0.0101852 0.00399362)
(0.00518557 -0.0103628 0.00420069)
(0.00512022 -0.0100531 0.00389807)
(0.0045269 -0.00951025 0.00385225)
(0.00471214 -0.00943242 0.00411767)
(0.00461763 -0.00954736 0.00397736)
(0.00467883 -0.00950956 0.00390344)
(0.00546186 -0.0106585 0.00457114)
(0.00514118 -0.00999794 0.00409815)
(0.00457226 -0.00947401 0.00392034)
(0.00483322 -0.00983604 0.0038092)
(0.00508928 -0.00989013 0.00415726)
(0.00495721 -0.00960877 0.00421775)
(0.00488116 -0.00978647 0.00428188)
(0.00526384 -0.0101895 0.00458341)
(0.00516226 -0.0100236 0.00431219)
(0.0055595 -0.0110731 0.00451721)
(0.00512746 -0.0101472 0.0041869)
(0.00505568 -0.0103208 0.00379524)
(0.00473474 -0.00947795 0.00388134)
(0.00447801 -0.009245 0.00367623)
(0.00464767 -0.00963029 0.00409493)
(0.00491107 -0.0100197 0.00407714)
(0.00514702 -0.0107572 0.0042924)
(0.004849 -0.00982621 0.00417263)
(0.0049911 -0.00963706 0.00437782)
(0.00577202 -0.011013 0.00480509)
(0.00494883 -0.00969133 0.00418179)
(0.00609216 -0.011944 0.00506421)
(0.00523769 -0.011118 0.00471565)
(0.00579847 -0.0112062 0.00460976)
(0.00571039 -0.0112763 0.00477475)
(0.00566564 -0.011204 0.00464438)
(0.00556708 -0.011215 0.00474663)
(0.00599176 -0.011184 0.00462152)
(0.00619828 -0.0114932 0.00457696)
(0.00578342 -0.0115317 0.00492082)
(0.00611314 -0.0120523 0.00492583)
(0.00685634 -0.0122883 0.00493774)
(0.00601044 -0.0122031 0.00521822)
(0.00641739 -0.0119623 0.00501793)
(0.00595367 -0.0121909 0.00504124)
(0.00624021 -0.012498 0.0052643)
(0.00582096 -0.0118988 0.0048906)
(0.00588579 -0.0121917 0.00513031)
(0.00596639 -0.0117505 0.00480746)
(0.00599445 -0.0122763 0.00505986)
(0.00605214 -0.0123778 0.00521126)
(0.00581397 -0.0118596 0.00500966)
(0.00590566 -0.012023 0.00510051)
(0.00588535 -0.0119019 0.00487188)
(0.0059444 -0.0119308 0.00486631)
(0.0060998 -0.0124262 0.00503456)
(0.0057172 -0.0118864 0.00520715)
(0.00639339 -0.0124322 0.00510218)
(0.00587794 -0.0121376 0.00508808)
(0.00646742 -0.0124663 0.00522604)
(0.00629165 -0.0124072 0.0052881)
(0.00600925 -0.012398 0.00507177)
(0.00591042 -0.0130917 0.00518713)
(0.00597533 -0.0120994 0.00499198)
(0.00629595 -0.0116993 0.00516959)
(0.0056747 -0.0119513 0.00504767)
(0.0059266 -0.0132319 0.00481721)
(0.00627166 -0.0123721 0.00497614)
(0.00699119 -0.012455 0.00592424)
(0.00716047 -0.0129241 0.00576763)
(0.00600721 -0.0114503 0.00495335)
(0.00581544 -0.0118515 0.00500039)
(0.00595873 -0.0122433 0.00495948)
(0.00609698 -0.0123431 0.00502225)
(0.00569748 -0.0124152 0.00513277)
(0.00568426 -0.0115558 0.00488407)
(0.00627381 -0.0120028 0.00491916)
(0.00619226 -0.0118351 0.00495035)
(0.00646982 -0.0128123 0.0052002)
(0.00617555 -0.011961 0.00484223)
(0.00620575 -0.0119307 0.00503931)
(0.00640835 -0.0122915 0.00576769)
(0.00607422 -0.0115559 0.00546684)
(0.00694628 -0.0132325 0.00570857)
(0.0052189 -0.00953043 0.00427157)
(0.00535881 -0.0102443 0.00398163)
(0.00474551 -0.00979977 0.0040244)
(0.0055816 -0.0110705 0.00463605)
(0.00498757 -0.0100975 0.00436761)
(0.0050092 -0.00945161 0.00408672)
(0.00537529 -0.0112681 0.00468094)
(0.00560584 -0.0112781 0.00498413)
(0.00529151 -0.010138 0.00415159)
(0.00500598 -0.010028 0.00413775)
(0.00499712 -0.0100737 0.00429772)
(0.00501128 -0.0100708 0.00429688)
(0.00542516 -0.0100814 0.00402131)
(0.00529695 -0.0105319 0.00438105)
(0.00508708 -0.00992083 0.00402378)
(0.00482752 -0.0100243 0.00421419)
(0.00587075 -0.0116498 0.00497324)
(0.0056616 -0.0114901 0.00493401)
(0.00574271 -0.011322 0.00487566)
(0.00608455 -0.0123784 0.005397)
(0.00600288 -0.0122974 0.00503394)
(0.00599685 -0.0125334 0.00500447)
(0.00573787 -0.0117624 0.00490922)
(0.00608316 -0.0131877 0.00534323)
(0.00542389 -0.0114844 0.00465187)
(0.00567887 -0.0114947 0.00473742)
(0.00551873 -0.0112264 0.00512052)
(0.0055912 -0.0119473 0.00538514)
(0.00586851 -0.0117676 0.00486555)
(0.00620297 -0.0125285 0.00513359)
(0.00619336 -0.0120161 0.00504812)
(0.00660111 -0.0125916 0.00526713)
(0.00606392 -0.0121096 0.00493959)
(0.00631975 -0.0126296 0.00532223)
(0.00609358 -0.0122508 0.00512021)
(0.00635339 -0.0121962 0.00506019)
(0.00563394 -0.0109335 0.00453671)
(0.00537989 -0.0108566 0.0046198)
(0.00529898 -0.0103251 0.00445939)
(0.00545445 -0.0108019 0.00459711)
(0.0062583 -0.0120851 0.0049186)
(0.00599848 -0.0119261 0.00473049)
)
;
    }
    INLET
    {
        type            calculated;
        value           nonuniform 0();
    }
    OUTLET
    {
        type            calculated;
        value           nonuniform 0();
    }
    procBoundary30to27
    {
        type            processor;
        value           uniform (0 0 0);
    }
    procBoundary30to29
    {
        type            processor;
        value           uniform (0 0 0);
    }
}


// ************************************************************************* //
