/*--------------------------------*- C++ -*----------------------------------*\
| =========                 |                                                 |
| \\      /  F ield         | OpenFOAM: The Open Source CFD Toolbox           |
|  \\    /   O peration     | Version:  v1612+                                |
|   \\  /    A nd           | Web:      www.OpenFOAM.com                      |
|    \\/     M anipulation  |                                                 |
\*---------------------------------------------------------------------------*/
FoamFile
{
    version     2.0;
    format      ascii;
    class       volVectorField;
    location    "100";
    object      wallShearStress;
}
// * * * * * * * * * * * * * * * * * * * * * * * * * * * * * * * * * * * * * //

dimensions      [0 2 -2 0 0 0 0];

internalField   uniform (0 0 0);

boundaryField
{
    WALL
    {
        type            calculated;
        value           nonuniform List<vector> 
1529
(
(0.00787162 0.00497523 0.00834159)
(0.00685759 0.00368004 0.00753533)
(0.0152884 0.00749155 0.00513005)
(0.0159731 0.00824809 0.00548043)
(0.00654643 0.00197146 0.00668932)
(0.00693633 0.00258441 0.00705586)
(0.0176912 0.0053255 0.0218735)
(0.0182383 0.0117496 0.0178298)
(0.01832 0.0116847 0.0176701)
(0.0252308 0.0101585 0.00609012)
(0.0244231 0.0110967 0.00610734)
(0.0192898 0.0135131 0.00639745)
(0.0167906 0.0128454 0.00703094)
(0.0196764 0.0120905 0.0192003)
(0.0172597 0.0129106 0.0179406)
(0.0133114 0.00704593 0.00465755)
(0.0124289 0.00631326 0.00441046)
(0.016366 0.0133817 0.00715818)
(0.0149839 0.0117713 0.00521092)
(0.0247122 0.00894936 0.0178439)
(0.0201049 0.0135399 0.00692565)
(0.0169276 0.013289 0.00683224)
(0.0183435 0.0128202 0.00692969)
(0.020354 0.0135776 0.00684748)
(0.00623606 0.00271969 0.00543207)
(0.00647714 0.00400458 0.00605866)
(0.00682069 0.00408252 0.00605445)
(0.00691782 0.00459691 0.00618844)
(0.0125032 0.0109874 0.00680014)
(0.0123198 0.0107503 0.00684766)
(0.00750619 0.00076407 0.00669624)
(0.00711877 0.00102846 0.00643365)
(0.006514 0.00235614 0.00653976)
(0.00691339 0.0028593 0.0071161)
(0.0171427 0.0075148 0.0197772)
(0.0166593 0.00830007 0.019294)
(0.0154628 0.0114462 0.0201018)
(0.0151325 0.0141564 0.0205703)
(0.0159928 0.00663901 0.0205612)
(0.0152361 0.00739166 0.0206581)
(0.0151285 0.0112844 0.0174719)
(0.0168412 0.0116239 0.0191995)
(0.015854 0.0105257 0.00555423)
(0.0170271 0.0130585 0.00714995)
(0.00704077 0.00205422 0.00815792)
(0.0221232 0.012127 0.00575996)
(0.0211825 0.0126881 0.00708299)
(0.0215182 0.0115753 0.00666622)
(0.0198636 0.011889 0.00652815)
(0.0102455 0.00883145 0.00821285)
(0.0138766 0.0120384 0.00814462)
(0.0228652 0.00901549 0.00664834)
(0.0244654 0.00861878 0.00638264)
(0.0103545 0.00489512 0.00429934)
(0.011235 0.00534267 0.00414247)
(0.0180361 0.0119534 0.0079471)
(0.0180133 0.0130367 0.00847914)
(0.0153672 0.00887657 0.00527452)
(0.0162709 0.00995583 0.00581636)
(0.0188161 0.00687378 0.0210726)
(0.01797 0.00805747 0.0209185)
(0.0158458 0.0133932 0.0069323)
(0.0192122 0.0140169 0.00665158)
(0.0143212 0.00950251 0.00507186)
(0.0136505 0.00942822 0.00475773)
(0.0156629 0.01212 0.0065663)
(0.0160329 0.0123468 0.00615245)
(0.0147398 0.0105651 0.0049652)
(0.0144701 0.0110358 0.00516242)
(0.0229408 0.00310762 0.0161832)
(0.0248135 0.00338396 0.0131874)
(0.0254861 0.00349875 0.0146499)
(0.0241947 0.00338291 0.0165084)
(0.0248639 0.00296536 0.0144396)
(0.0237926 0.00264227 0.0150117)
(0.0226657 0.0117939 0.00808404)
(0.0224819 0.012578 0.00760213)
(0.00685195 0.00366759 0.00668928)
(0.00692762 0.00390341 0.00716607)
(0.0066221 0.00268539 0.00661129)
(0.00666796 0.00328019 0.00669697)
(0.0064097 0.00301601 0.00656495)
(0.00624504 0.00245925 0.00547746)
(0.00633991 0.00257614 0.00556263)
(0.00650876 0.00278931 0.00576237)
(0.00632989 0.00241205 0.00561159)
(0.00624972 0.00250595 0.0056877)
(0.00652219 0.00275211 0.00595609)
(0.0181949 0.00692575 0.0199918)
(0.0166733 0.00979542 0.0201454)
(0.017162 0.00893312 0.0204357)
(0.0173707 0.00992794 0.0212241)
(0.0103306 0.00186701 0.00566664)
(0.0114085 0.00226538 0.00557107)
(0.0102628 0.00212339 0.00547978)
(0.0110965 0.00259888 0.00525615)
(0.0122412 0.00304643 0.00519954)
(0.0120881 0.00273036 0.0053189)
(0.0181598 0.0127627 0.00790145)
(0.0162275 0.0123814 0.00817999)
(0.0166579 0.0131516 0.0079468)
(0.018717 0.012183 0.00706654)
(0.016688 0.0117918 0.00711063)
(0.0184517 0.0119675 0.0067514)
(0.0269883 0.0067895 0.00757982)
(0.0266075 0.00817037 0.00741844)
(0.0257343 0.00774705 0.00658512)
(0.0280705 0.00688028 0.00823913)
(0.0278818 0.00568508 0.00920661)
(0.0266952 0.00507371 0.00881919)
(0.0089261 5.80197e-07 0.006761)
(0.00781517 0.000163036 0.00651523)
(0.0088115 0.003191 0.00428605)
(0.00846337 0.00293072 0.00450334)
(0.00962401 0.00399063 0.00440084)
(0.00966196 0.00388744 0.00448918)
(0.00870245 0.00325671 0.00429711)
(0.00908035 0.00352794 0.00429992)
(0.0124664 0.00675715 0.00451306)
(0.0121508 0.00634592 0.00434)
(0.0111221 0.00510426 0.00442357)
(0.0116797 0.00571341 0.00432569)
(0.0124458 0.00712437 0.00441368)
(0.00817356 0.00272604 0.00459923)
(0.00705003 0.00228382 0.00438456)
(0.00767853 0.00262823 0.00421637)
(0.00745067 0.00243031 0.00440846)
(0.00839059 0.00290719 0.00472712)
(0.00772605 0.00246158 0.00437892)
(0.00616509 0.00240241 0.00459491)
(0.00622629 0.00228047 0.00454688)
(0.00620242 0.00236742 0.00469731)
(0.00621484 0.00227102 0.00448281)
(0.00622798 0.00241471 0.00476296)
(0.00624392 0.0023962 0.00476446)
(0.026988 0.00861061 0.00978604)
(0.0259621 0.00921191 0.00856679)
(0.0262859 0.00955711 0.00802323)
(0.0266324 0.00852269 0.0100349)
(0.0263371 0.00798067 0.00950797)
(0.0255231 0.00707397 0.0102553)
(0.0267888 0.00743178 0.0118801)
(0.0257019 0.0065495 0.012917)
(0.0257094 0.00616637 0.0134889)
(0.0261946 0.00668733 0.0116561)
(0.026409 0.00603306 0.0128602)
(0.00654318 0.00391587 0.00737988)
(0.00764705 0.00488512 0.00787757)
(0.00726892 0.00418274 0.00783814)
(0.00691624 0.00429144 0.00739327)
(0.0072715 0.0049413 0.00787341)
(0.00668133 0.00316162 0.0068657)
(0.00678633 0.00358335 0.00735213)
(0.0073776 0.00427889 0.00811168)
(0.00695678 0.000246781 0.00671344)
(0.00730078 0.000243189 0.00683922)
(0.00756434 0.000192256 0.00715049)
(0.00764956 -8.24913e-05 0.00679321)
(0.00777532 3.16705e-05 0.00740561)
(0.0067068 0.00301831 0.00804928)
(0.0073139 0.00318023 0.00850041)
(0.00699495 0.00301729 0.00796701)
(0.00733634 0.00347787 0.00833223)
(0.00702405 0.00271556 0.008097)
(0.00652197 0.00221937 0.00729935)
(0.0225856 0.0102441 0.00720255)
(0.0200441 0.0105114 0.00671932)
(0.0239678 0.0100223 0.0063637)
(0.0236831 0.00997328 0.00600782)
(0.0224564 0.0105659 0.00638159)
(0.0239649 0.0113929 0.00696138)
(0.0143646 0.0119716 0.00702768)
(0.016079 0.0124839 0.00714021)
(0.0150756 0.0127117 0.00706754)
(0.0130756 0.0111511 0.00720704)
(0.0137431 0.0114829 0.00777173)
(0.0162672 0.0129706 0.00659245)
(0.0124341 0.00989753 0.00828334)
(0.0133508 0.0105621 0.00776445)
(0.0140161 0.0112749 0.00822877)
(0.0120944 0.0104147 0.00796193)
(0.0147004 0.011454 0.00716698)
(0.0152858 0.0114195 0.00790368)
(0.0175196 0.0117196 0.00886088)
(0.0173602 0.0110834 0.00710137)
(0.0158199 0.0117676 0.00877884)
(0.00951858 0.000593665 0.00621861)
(0.00871739 0.000951934 0.00563795)
(0.009287 0.00115251 0.0056426)
(0.0104616 0.0012603 0.00560344)
(0.00966633 0.000825745 0.00597884)
(0.00837651 0.000868421 0.00638779)
(0.00889562 0.000464598 0.00641693)
(0.0170586 0.015431 0.0140538)
(0.0172081 0.0172935 0.0143327)
(0.0165325 0.0144453 0.0113785)
(0.0170005 0.0160962 0.0120876)
(0.0176199 0.0170472 0.0129307)
(0.0179868 0.0154282 0.012257)
(0.0177069 0.0148502 0.00835337)
(0.0187379 0.0151169 0.00922258)
(0.0180275 0.0148692 0.0103009)
(0.0176169 0.0149834 0.0122811)
(0.0186421 0.0157886 0.0123894)
(0.0190728 0.0156661 0.0108152)
(0.0173306 0.0102229 0.00614253)
(0.0175472 0.012639 0.00748798)
(0.0175184 0.0112045 0.00641971)
(0.0164639 0.0101135 0.0057547)
(0.01614 0.00898042 0.00553596)
(0.0180201 0.0122736 0.00763476)
(0.0171697 0.011533 0.00651044)
(0.0155764 0.00723644 0.00528522)
(0.0130884 0.00556705 0.0046867)
(0.014004 0.00698932 0.0044258)
(0.0142711 0.00704029 0.0047597)
(0.0120102 0.00494773 0.00446105)
(0.0121974 0.00482579 0.00459912)
(0.0129695 0.00584085 0.00455019)
(0.0139912 0.00519532 0.00496379)
(0.011826 0.00368126 0.00464007)
(0.0135005 0.00529032 0.00465439)
(0.012149 0.00368398 0.00494014)
(0.0130846 0.00413677 0.00505588)
(0.0129378 0.00452127 0.00497653)
(0.0153576 0.0121158 0.00595493)
(0.017819 0.0152898 0.00741182)
(0.0149716 0.0120684 0.00621568)
(0.0158024 0.013448 0.00712389)
(0.0152991 0.0106966 0.00574036)
(0.0149391 0.0110698 0.00546235)
(0.0163097 0.0116966 0.00582832)
(0.0161743 0.0119113 0.00596827)
(0.014696 0.00767738 0.00476961)
(0.015431 0.00979509 0.0053329)
(0.0147338 0.00870783 0.0049849)
(0.0172224 0.0112487 0.020058)
(0.0193628 0.00959573 0.0199956)
(0.0186619 0.00763312 0.018915)
(0.0176886 0.00903324 0.0198648)
(0.0172081 0.0106936 0.019514)
(0.0188982 0.00828342 0.0198372)
(0.0174148 0.0122859 0.019925)
(0.0170153 0.0128583 0.0193349)
(0.0165039 0.0116263 0.018397)
(0.017948 0.0111523 0.0198409)
(0.0179761 0.0109963 0.0197354)
(0.01771 0.0150667 0.0207465)
(0.0159134 0.0106033 0.0216096)
(0.0173674 0.0137946 0.0209192)
(0.0144409 0.0122964 0.0188681)
(0.0156173 0.0148552 0.0208837)
(0.0153302 0.0134689 0.0205262)
(0.0164712 0.0149051 0.0177256)
(0.0152171 0.0159178 0.0158809)
(0.0167034 0.0182495 0.0175741)
(0.0160969 0.0173672 0.0180638)
(0.018032 0.0141817 0.0201946)
(0.017603 0.0143087 0.0206782)
(0.015097 0.0158776 0.0155885)
(0.0172567 0.0180493 0.0138367)
(0.0167919 0.015754 0.0136675)
(0.0182651 0.016855 0.0165927)
(0.0162781 0.0180304 0.0173794)
(0.0171705 0.0156222 0.0164922)
(0.0162895 0.0155742 0.0192359)
(0.0165822 0.0141246 0.0199222)
(0.0164408 0.0136254 0.0212112)
(0.0161485 0.0152111 0.0180697)
(0.0149345 0.0153094 0.0156501)
(0.016206 0.0167813 0.0176486)
(0.0201278 0.00472524 0.0203248)
(0.0176304 0.00582223 0.0203364)
(0.0172535 0.00814207 0.0211958)
(0.0186802 0.00520538 0.0203144)
(0.0177759 0.00770106 0.0214693)
(0.020124 0.00591556 0.0204661)
(0.0209619 0.00401375 0.0182957)
(0.0195482 0.00558313 0.0202511)
(0.0213553 0.00391674 0.0181161)
(0.0207664 0.00487102 0.0191976)
(0.0207812 0.003936 0.0191433)
(0.00706701 0.00244118 0.0074671)
(0.00669615 0.00236495 0.00720628)
(0.00654644 0.00191551 0.00695236)
(0.00710128 0.00325517 0.00799533)
(0.00684832 0.00272765 0.00733007)
(0.00641409 0.002146 0.00693914)
(0.00669327 0.00176434 0.00674615)
(0.00657666 0.00220366 0.00669322)
(0.00707925 0.00107437 0.00656272)
(0.00697609 0.00142413 0.00662784)
(0.00659581 0.00145359 0.00643497)
(0.00688247 0.0011782 0.00620776)
(0.00671975 0.0013184 0.00659797)
(0.00736956 0.00114785 0.00593069)
(0.00761033 0.000856717 0.00616092)
(0.00783566 0.00101232 0.00600994)
(0.00762763 0.00104383 0.00569347)
(0.00713426 0.00112407 0.00609927)
(0.00741137 0.000938508 0.00622192)
(0.00676487 0.00201238 0.00528634)
(0.00650951 0.00214063 0.00538074)
(0.00658815 0.00202852 0.0053006)
(0.0063992 0.00224165 0.0052911)
(0.0065442 0.00220279 0.00523529)
(0.00641357 0.00222225 0.00522736)
(0.00626291 0.00260257 0.00599083)
(0.00655489 0.00256361 0.0059021)
(0.00637748 0.0030527 0.00614046)
(0.00655842 0.00251362 0.00618743)
(0.00641951 0.00309389 0.00637978)
(0.00622426 0.00329548 0.00627478)
(0.0105196 0.00312004 0.00495911)
(0.0107334 0.00365398 0.00451848)
(0.0104403 0.0029534 0.00496666)
(0.00917615 0.00261809 0.00456801)
(0.0106492 0.00352976 0.0046225)
(0.00955767 0.00730357 0.00700263)
(0.00923318 0.00737126 0.00700183)
(0.0108158 0.00887752 0.00742747)
(0.0100711 0.00860682 0.0070166)
(0.0111616 0.00929603 0.00749141)
(0.0096655 0.00837552 0.00715321)
(0.00792061 0.00473921 0.00653757)
(0.00773497 0.00441684 0.00650556)
(0.00881901 0.00594576 0.00726979)
(0.00752966 0.00476183 0.00616733)
(0.00801141 0.00578012 0.00656937)
(0.00801712 0.00572134 0.0065385)
(0.00644881 0.00293082 0.0052306)
(0.00617207 0.00260805 0.0049921)
(0.00622223 0.00270064 0.00501623)
(0.00609082 0.00257655 0.00484551)
(0.00635456 0.0029372 0.00535016)
(0.00609659 0.0026932 0.00507087)
(0.0100015 0.00927993 0.00724456)
(0.0110474 0.00915054 0.00726301)
(0.012414 0.00980798 0.00816165)
(0.0112185 0.0116138 0.00612097)
(0.00867076 0.00782222 0.00658786)
(0.00762117 0.00636041 0.006288)
(0.00800572 0.00745772 0.00676504)
(0.00978827 0.00869834 0.00788215)
(0.0084452 0.00856756 0.00743334)
(0.0100991 0.00898003 0.00786314)
(0.00881774 0.00773357 0.00703577)
(0.00751834 0.00601087 0.00657341)
(0.00745761 0.00513138 0.00644426)
(0.00850649 0.00627453 0.00706068)
(0.00871443 0.00590895 0.00721918)
(0.00838568 0.00697263 0.00668938)
(0.00833531 0.00677633 0.00644186)
(0.00623603 0.00278631 0.00530749)
(0.00626083 0.00300935 0.00540148)
(0.00621245 0.0033066 0.00550198)
(0.00612273 0.00284553 0.0052767)
(0.00621557 0.00272333 0.00510892)
(0.00621112 0.00314529 0.00540523)
(0.00869222 0.00831605 0.00646769)
(0.00992711 0.00964115 0.00715477)
(0.0102141 0.0107957 0.00692323)
(0.00905577 0.00760055 0.00748998)
(0.00914866 0.0078101 0.00737969)
(0.0103846 0.010618 0.00716417)
(0.0161496 0.0137567 0.00719403)
(0.0161583 0.0141206 0.00608965)
(0.0190079 0.0151244 0.00597488)
(0.0175097 0.0143811 0.00599973)
(0.017693 0.0135722 0.00670752)
(0.014928 0.0121204 0.00654548)
(0.0259014 0.0128562 0.00689185)
(0.0258863 0.011855 0.00701389)
(0.0262551 0.0116609 0.00723988)
(0.024467 0.0128957 0.005772)
(0.0240964 0.0135135 0.00593957)
(0.0234849 0.0129796 0.00599503)
(0.012018 0.0115963 0.00774009)
(0.0144285 0.0121666 0.00824455)
(0.0114327 0.0106081 0.00739744)
(0.0147457 0.0118451 0.00799407)
(0.0121822 0.0121795 0.00733591)
(0.0128188 0.0116084 0.00746928)
(0.0202451 0.0139534 0.00553799)
(0.0187388 0.013684 0.00616248)
(0.0171193 0.0135704 0.00565953)
(0.0197422 0.014144 0.00636853)
(0.0203339 0.0138343 0.00537422)
(0.0173079 0.0136236 0.00594801)
(0.0213574 0.0128627 0.00740954)
(0.0187323 0.0134999 0.00695535)
(0.021661 0.0133604 0.00740661)
(0.0202659 0.0129848 0.00699773)
(0.0199896 0.0136686 0.00691406)
(0.0206086 0.0132894 0.00595142)
(0.0231503 0.0129799 0.00689711)
(0.0234329 0.0136794 0.00680155)
(0.022192 0.0133017 0.00675887)
(0.0193619 0.0136097 0.0069981)
(0.0204285 0.013204 0.00697257)
(0.0258566 0.0103855 0.00845623)
(0.0248708 0.0120601 0.00706203)
(0.0241173 0.0117284 0.00746393)
(0.024813 0.00973843 0.00849194)
(0.0252534 0.0108999 0.00845459)
(0.0243531 0.010706 0.0072161)
(0.0249628 0.00894479 0.0179151)
(0.0256215 0.00786131 0.0162183)
(0.0240908 0.00822415 0.0172564)
(0.025017 0.00828158 0.0166576)
(0.0237873 0.00904174 0.0183328)
(0.024489 0.00903571 0.0182796)
(0.0239316 0.0119126 0.00756118)
(0.023201 0.0118018 0.00775467)
(0.0232207 0.0123641 0.00752314)
(0.0247696 0.0110029 0.00792132)
(0.0264333 0.0120772 0.00835817)
(0.0230511 0.0112604 0.00682637)
(0.0275235 0.0102592 0.010097)
(0.0263487 0.00837162 0.00958045)
(0.0240577 0.00939236 0.00787492)
(0.0255481 0.00869406 0.0099831)
(0.0257499 0.00876859 0.00982419)
(0.0207247 0.00147162 0.0186169)
(0.0212046 0.000779189 0.0174549)
(0.0191685 0.00170475 0.0191158)
(0.0158199 0.00654819 0.0217261)
(0.0160643 0.00772389 0.0219127)
(0.0155264 0.00836253 0.021558)
(0.017151 0.00364279 0.020207)
(0.0271105 0.0043478 0.0118409)
(0.0258002 0.00439669 0.0088781)
(0.0268317 0.00343177 0.0119249)
(0.027251 0.00303327 0.0129385)
(0.0254368 0.00290734 0.013256)
(0.0221734 0.00496421 0.0168232)
(0.0218454 0.0052368 0.016994)
(0.0208935 0.00529272 0.0178152)
(0.0215295 0.00609598 0.0178408)
(0.0202342 0.00628411 0.0181322)
(0.0203728 0.00641619 0.0188027)
(0.0239793 0.00558488 0.0164509)
(0.0241214 0.00621808 0.016288)
(0.023091 0.00590082 0.0169866)
(0.0228209 0.00620902 0.0171158)
(0.0236283 0.00548141 0.0145058)
(0.0223489 0.00150077 0.0175545)
(0.0247861 0.00226236 0.0163535)
(0.0226843 0.000928899 0.0157623)
(0.0221384 0.00158978 0.0163707)
(0.0242042 0.00125399 0.0148529)
(0.0258186 0.0015409 0.013059)
(0.0178295 0.0161705 0.0163091)
(0.0175821 0.0161276 0.0175539)
(0.0163622 0.0133481 0.0148773)
(0.0159928 0.0157933 0.0159)
(0.0172983 0.0145974 0.0164384)
(0.0164221 0.0153588 0.0153567)
(0.0198213 0.0125843 0.0173862)
(0.0180762 0.0148433 0.0169202)
(0.0191815 0.0126077 0.0185473)
(0.0190301 0.0112669 0.0175758)
(0.0189119 0.0130907 0.0192897)
(0.0191216 0.013462 0.0180628)
(0.0183775 0.0144939 0.0170341)
(0.0191561 0.0133697 0.018114)
(0.0228772 0.00844601 0.0179002)
(0.022728 0.00883694 0.0183851)
(0.0207419 0.0101188 0.019189)
(0.0204664 0.00914965 0.0178585)
(0.0228184 0.00955449 0.0188912)
(0.0213773 0.00913613 0.0187479)
(0.0209405 0.0115968 0.0191206)
(0.0220549 0.0101495 0.0184531)
(0.0231304 0.0106909 0.0199578)
(0.0203105 0.0114046 0.0188011)
(0.0221319 0.0107688 0.0196485)
(0.0227496 0.00903492 0.0183535)
(0.017076 0.0124689 0.0173465)
(0.0175157 0.0148914 0.0162604)
(0.0175104 0.0149627 0.018813)
(0.0171236 0.0138655 0.0173446)
(0.0192453 0.014482 0.0183535)
(0.0178869 0.0167446 0.017234)
(0.00700481 0.00237251 0.00468021)
(0.00671669 0.00219632 0.00468135)
(0.00685242 0.00232331 0.00442468)
(0.0066571 0.00217997 0.00467774)
(0.00669764 0.0023682 0.00476381)
(0.00661222 0.00237133 0.00469063)
(0.0155219 0.0154928 0.00755463)
(0.0149603 0.0129353 0.00723502)
(0.0168959 0.0145111 0.00857296)
(0.0153684 0.0119238 0.00665542)
(0.0162103 0.0158678 0.00792562)
(0.0154303 0.0125314 0.00608291)
(0.0150436 0.0127287 0.00730076)
(0.0147828 0.0121817 0.00631072)
(0.0108797 0.00413362 0.00467438)
(0.011316 0.00415124 0.00458095)
(0.0116137 0.00485965 0.00453078)
(0.0124843 0.00562668 0.00480211)
(0.011616 0.00451135 0.00443374)
(0.0125049 0.00535291 0.00494256)
(0.0154968 0.0158009 0.0122691)
(0.0165335 0.0152448 0.0135059)
(0.0207232 0.00712769 0.0186832)
(0.0209103 0.00683597 0.0178524)
(0.0199491 0.00711431 0.0185343)
(0.0201654 0.00857197 0.0196913)
(0.0208234 0.0078679 0.019013)
(0.0197694 0.00803678 0.0189205)
(0.0164332 0.0137855 0.0174642)
(0.0185093 0.0121615 0.019403)
(0.0167665 0.0151014 0.0181463)
(0.0187262 0.0125433 0.0194552)
(0.016972 0.01398 0.0185781)
(0.0244585 0.011033 0.00673869)
(0.025672 0.0104384 0.00645976)
(0.0223774 0.0121487 0.00572434)
(0.0231058 0.012432 0.00563045)
(0.0244175 0.00974498 0.00625959)
(0.0235365 0.0111785 0.00600548)
(0.0271765 0.00901197 0.0123568)
(0.0260025 0.00929875 0.0109185)
(0.0258856 0.0105112 0.00943195)
(0.0245934 0.0109652 0.00877337)
(0.0236577 0.0109877 0.00823798)
(0.0253548 0.0106062 0.00946218)
(0.0253464 0.0107937 0.00948262)
(0.0265651 0.00833235 0.0136931)
(0.0262159 0.00833925 0.0157545)
(0.0262402 0.00886336 0.0167159)
(0.0270001 0.00874081 0.014859)
(0.0266356 0.00826557 0.0151978)
(0.0270662 0.0082763 0.0135436)
(0.0128139 0.00964367 0.00761885)
(0.0155987 0.0120422 0.00780201)
(0.0134587 0.0118226 0.0068583)
(0.0122768 0.00949278 0.00807003)
(0.0151819 0.0122119 0.00779514)
(0.00652226 0.00209867 0.00551119)
(0.0063904 0.00220832 0.00562785)
(0.00646946 0.00213047 0.0057901)
(0.00645417 0.00197471 0.00533409)
(0.00643202 0.00204279 0.00558164)
(0.00648755 0.00202573 0.00572009)
(0.00681408 0.00184487 0.00536093)
(0.00718859 0.00190378 0.00551643)
(0.00701857 0.00191833 0.00541876)
(0.00663389 0.00183584 0.0052179)
(0.00668246 0.00179383 0.00514134)
(0.0077256 0.00180372 0.00542618)
(0.00800817 0.0015957 0.00516675)
(0.00783411 0.00174772 0.00501177)
(0.00870465 0.00196224 0.00500467)
(0.00780692 0.00184751 0.0051146)
(0.00832349 0.00207742 0.00497814)
(0.0163638 0.0183472 0.0128163)
(0.0160816 0.0169366 0.0122437)
(0.0182637 0.0174767 0.013047)
(0.0168786 0.0166099 0.0138437)
(0.0176493 0.0164862 0.0133668)
(0.0173028 0.0185392 0.0143889)
(0.0151787 0.0150206 0.0156116)
(0.0168852 0.0184653 0.0138743)
(0.0162725 0.0180509 0.0173721)
(0.017875 0.0164881 0.0171322)
(0.0166735 0.0168159 0.0137253)
(0.017742 0.0163859 0.0162173)
(0.0171755 0.0162618 0.00983974)
(0.0179734 0.0165527 0.0127737)
(0.0175933 0.0160225 0.00911986)
(0.0184079 0.016325 0.00937049)
(0.018243 0.0163431 0.0124487)
(0.0177213 0.0169809 0.00976427)
(0.0171252 0.0163905 0.0137646)
(0.0173742 0.0186947 0.0140727)
(0.017289 0.0185862 0.0129241)
(0.0188461 0.0162561 0.0125248)
(0.0161308 0.0163646 0.0115039)
(0.0177294 0.0156265 0.0124762)
(0.017017 0.00769059 0.00586569)
(0.016857 0.00879707 0.00612993)
(0.0149367 0.00325759 0.00611948)
(0.0132408 0.00282763 0.00604048)
(0.0137156 0.00363101 0.00526274)
(0.0157995 0.00568721 0.00579757)
(0.0164 0.00546429 0.00613836)
(0.0147294 0.00425638 0.00522578)
(0.0142875 0.00476247 0.00529416)
(0.0270944 0.00638237 0.00808157)
(0.0256418 0.00750264 0.00678822)
(0.00764596 0.00260671 0.00435228)
(0.00594189 0.00223691 0.00432135)
(0.00644278 0.0022588 0.00420145)
(0.00672013 0.00230121 0.00431206)
(0.00699162 0.00237585 0.00403919)
(0.0261789 0.00557975 0.00805406)
(0.0267535 0.00656629 0.00798541)
(0.0265407 0.0037725 0.00988868)
(0.0183604 0.0162389 0.0102442)
(0.0184638 0.0157139 0.00915915)
(0.0170014 0.0150227 0.00963022)
(0.0174813 0.0150906 0.00867128)
(0.0172171 0.0132394 0.00795181)
(0.0168012 0.0120794 0.00666565)
(0.0165322 0.0109122 0.00593935)
(0.0178469 0.0132198 0.00784809)
(0.0173354 0.0141764 0.00827071)
(0.0178011 0.0142141 0.00835865)
(0.0169881 0.0108264 0.00614246)
(0.0157613 0.00911533 0.00529151)
(0.0170088 0.0118226 0.00644076)
(0.0163555 0.0142923 0.00841319)
(0.0177059 0.0149884 0.00893691)
(0.0183507 0.0172056 0.0168084)
(0.0155425 0.016226 0.0116638)
(0.0173727 0.0162198 0.0164036)
(0.0181999 0.0172886 0.00992598)
(0.0172855 0.0171174 0.0112821)
(0.0172077 0.0169821 0.00952952)
(0.0169562 0.0186924 0.0129332)
(0.0182421 0.0181802 0.0107322)
(0.0260867 0.00779724 0.0121393)
(0.0261223 0.0091013 0.00680751)
(0.0240258 0.0125532 0.00511349)
(0.0247965 0.0113182 0.00583776)
(0.0215838 0.0117959 0.00547549)
(0.0216167 0.0130159 0.00653874)
(0.0250242 0.0103538 0.00575689)
(0.0220124 0.012678 0.00538275)
(0.023099 0.0121784 0.00537426)
(0.0220813 0.0132727 0.0062378)
(0.0227415 0.0133568 0.00582454)
(0.0263871 0.00843123 0.00680524)
(0.0265555 0.00694741 0.00872648)
(0.02602 0.00871885 0.00715576)
(0.0274496 0.00947764 0.0068973)
(0.0273527 0.0081133 0.00739025)
(0.0265866 0.00588844 0.00863427)
(0.0285319 0.00720433 0.00899467)
(0.0273263 0.00628902 0.0102499)
(0.0278633 0.00586646 0.00990966)
(0.027462 0.00681306 0.00858468)
(0.0275692 0.00854434 0.00747014)
(0.0277915 0.007271 0.00835527)
(0.0269034 0.00856047 0.00667597)
(0.0237335 0.0112804 0.0065827)
(0.0240233 0.0101564 0.00581625)
(0.0255859 0.0092151 0.00648197)
(0.0266624 0.0098099 0.00664308)
(0.0216726 0.00845486 0.0184429)
(0.0185199 0.0101813 0.0184995)
(0.0171126 0.0139884 0.0184169)
(0.0202235 0.0103453 0.0195603)
(0.0185344 0.0119293 0.019843)
(0.0215544 0.00819062 0.0180157)
(0.0221313 0.00708606 0.0175248)
(0.0203606 0.00963598 0.0191854)
(0.0216584 0.00727868 0.0177199)
(0.0221877 0.0083793 0.0193273)
(0.0215052 0.00674974 0.0172502)
(0.0144621 0.00865183 0.00509758)
(0.0126387 0.00609292 0.00467838)
(0.00942678 0.00314139 0.00467702)
(0.0113417 0.0057416 0.00423777)
(0.0112261 0.00582018 0.00422938)
(0.0128729 0.00748723 0.00464001)
(0.0133947 0.0083364 0.0046656)
(0.016298 0.0166312 0.0132186)
(0.0166515 0.0142259 0.0140017)
(0.0165694 0.0162685 0.0132702)
(0.0141012 0.0102164 0.00563118)
(0.0138457 0.00903724 0.00563128)
(0.0150367 0.010831 0.0056457)
(0.0157361 0.0158926 0.0123395)
(0.0166855 0.0144916 0.0123637)
(0.0170758 0.0180532 0.0128045)
(0.0174557 0.0152568 0.0177499)
(0.0167201 0.0172314 0.0125513)
(0.0163021 0.0137768 0.0073799)
(0.0156998 0.0161948 0.00991737)
(0.0170379 0.0153617 0.0100151)
(0.016459 0.014716 0.00770158)
(0.0157913 0.0148372 0.00822408)
(0.0174505 0.0164039 0.0109626)
(0.0169428 0.0168927 0.00877056)
(0.0163425 0.015661 0.0101785)
(0.0155745 0.0165229 0.0106516)
(0.0166044 0.0179638 0.0112875)
(0.0195847 0.00956879 0.0184484)
(0.0214477 0.00978993 0.0193705)
(0.0164638 0.015602 0.0159715)
(0.0165537 0.0146011 0.0148792)
(0.0184953 0.0164111 0.0157827)
(0.018429 0.0158316 0.01503)
(0.017587 0.0166848 0.0165883)
(0.0243196 0.00508483 0.0132778)
(0.0227254 0.00695313 0.0181607)
(0.0229625 0.00660348 0.0177275)
(0.025119 0.00614438 0.0155354)
(0.0263176 0.00615305 0.0149865)
(0.0260871 0.00600687 0.0133584)
(0.0275748 0.00695775 0.0115235)
(0.0213675 0.00613939 0.0178011)
(0.0258319 0.0114722 0.00611658)
(0.0250674 0.0126077 0.00555826)
(0.0242562 0.00425569 0.0133312)
(0.0242795 0.00462302 0.0112815)
(0.0277739 0.00533874 0.0123148)
(0.0256361 0.00448045 0.0118429)
(0.0245382 0.00435066 0.0132386)
(0.0239682 0.00369177 0.0154526)
(0.022644 0.00396513 0.0155934)
(0.0214494 0.00246724 0.0176618)
(0.0260302 0.00257353 0.0116487)
(0.0229864 0.00261684 0.0167079)
(0.025685 0.0018419 0.0155481)
(0.0227235 0.000560765 0.0159448)
(0.0186621 0.00291762 0.0200885)
(0.0222533 0.00234685 0.0183307)
(0.0202605 0.00151324 0.017632)
(0.0278989 0.00933091 0.0120762)
(0.0269994 0.00833831 0.0134562)
(0.0272023 0.008226 0.0139134)
(0.0265921 0.0102195 0.00908453)
(0.0252837 0.010669 0.00784252)
(0.0251019 0.010896 0.00858688)
(0.0246754 0.0119908 0.0081433)
(0.0238917 0.0119724 0.00797019)
(0.0237271 0.011248 0.00755652)
(0.0250166 0.0104741 0.00859099)
(0.0264186 0.0114553 0.00930859)
(0.0199138 0.0117818 0.0186905)
(0.0229238 0.00930715 0.0185033)
(0.0259149 0.00821581 0.0164328)
(0.0253492 0.00743957 0.0138474)
(0.0261693 0.00773049 0.0159263)
(0.0264247 0.00846901 0.0161379)
(0.0228061 0.00635159 0.0161456)
(0.024407 0.00649904 0.016104)
(0.0240666 0.00713132 0.0177215)
(0.0226382 0.00730944 0.0176435)
(0.0243499 0.00699454 0.0172678)
(0.0247882 0.00700308 0.0138481)
(0.0267588 0.00793881 0.0125634)
(0.0243636 0.00654457 0.0160015)
(0.0241374 0.00607718 0.014556)
(0.0253185 0.00671605 0.0144513)
(0.0253246 0.00653381 0.0124416)
(0.025711 0.00739775 0.0116011)
(0.0253179 0.0071093 0.0141552)
(0.0253886 0.00677519 0.013183)
(0.02582 0.00698471 0.0141643)
(0.0243642 0.00640295 0.0149232)
(0.0252827 0.0074098 0.010284)
(0.0259629 0.00750138 0.0110076)
(0.0266592 0.00780876 0.0126724)
(0.0255717 0.00847194 0.0100124)
(0.0272942 0.0096639 0.0103832)
(0.0256033 0.0107438 0.00852427)
(0.0250327 0.0129066 0.00764448)
(0.0240792 0.012925 0.00709828)
(0.0225701 0.0126052 0.00666567)
(0.0218407 0.0123157 0.00669373)
(0.0218366 0.0128184 0.00688423)
(0.0230281 0.0126569 0.00689153)
(0.0231859 0.0132413 0.00665904)
(0.0228818 0.0136336 0.00652015)
(0.0249426 0.0120266 0.00570447)
(0.0214282 0.013464 0.0056601)
(0.0142901 0.0131949 0.00676479)
(0.0158729 0.0137149 0.00708884)
(0.0157847 0.0131259 0.00666087)
(0.019998 0.0132708 0.00529864)
(0.0188633 0.0132041 0.00580571)
(0.0174344 0.0133785 0.00667129)
(0.0125529 0.0129721 0.00620556)
(0.0142064 0.0137732 0.0068904)
(0.01173 0.010247 0.00769275)
(0.0130281 0.013038 0.0065228)
(0.00721278 0.0060494 0.00673682)
(0.00989382 0.00935947 0.00820491)
(0.00778452 0.00616875 0.00683844)
(0.00918799 0.00740767 0.00735168)
(0.0129293 0.0116803 0.00768664)
(0.0128236 0.0112565 0.00705494)
(0.0112214 0.0108283 0.00703261)
(0.0101136 0.0102034 0.00698048)
(0.00899138 0.00916423 0.00667803)
(0.0110561 0.0113534 0.00716579)
(0.011398 0.0100328 0.0083689)
(0.00935425 0.00938031 0.00736423)
(0.0090328 0.00848698 0.00735997)
(0.00805943 0.0070901 0.0070704)
(0.00750477 0.00591618 0.00703213)
(0.00867834 0.0065697 0.00821484)
(0.00885977 0.00708724 0.00789142)
(0.0146078 0.0130076 0.00694653)
(0.0112831 0.0112017 0.00685414)
(0.013015 0.0127505 0.00696789)
(0.0137976 0.0121168 0.00715578)
(0.0109309 0.00944831 0.0078978)
(0.0107901 0.00932052 0.00848323)
(0.0118361 0.0115399 0.00724211)
(0.0124774 0.0126465 0.0069699)
(0.0118166 0.0122096 0.00738824)
(0.0104423 0.0100465 0.00699614)
(0.0115852 0.0112568 0.00773911)
(0.0121388 0.0116186 0.00730903)
(0.00871858 0.00834167 0.00758736)
(0.00890054 0.00924039 0.00757526)
(0.00805664 0.00605891 0.00737097)
(0.0107152 0.00874166 0.00829089)
(0.00859006 0.00799716 0.0074491)
(0.00757884 0.00667759 0.00710515)
(0.00714738 0.00549749 0.00744124)
(0.00803171 0.00578378 0.00784379)
(0.00842579 0.00761533 0.00781834)
(0.00800983 0.00734299 0.00710934)
(0.00761573 0.00671309 0.00702365)
(0.00714618 0.00521209 0.00655138)
(0.00722238 0.00535348 0.00672426)
(0.00672793 0.00469093 0.00630824)
(0.0065353 0.00320118 0.00578625)
(0.00716316 0.00521157 0.00678555)
(0.00689513 0.00462477 0.0065689)
(0.00659493 0.0033798 0.00566858)
(0.00662241 0.00446034 0.00617624)
(0.00685447 0.00387144 0.0057703)
(0.00653414 0.00341388 0.00568169)
(0.00669767 0.00382744 0.00593583)
(0.0074179 0.00417083 0.00640458)
(0.00708378 0.00454722 0.00618836)
(0.00716136 0.00536828 0.00643485)
(0.00713216 0.00586642 0.00668777)
(0.00837019 0.00586133 0.00732946)
(0.00980314 0.00918077 0.00702725)
(0.00745357 0.00639076 0.00685977)
(0.00807098 0.0058496 0.00745442)
(0.00811652 0.0053512 0.00677095)
(0.00814251 0.00689803 0.00714002)
(0.00879817 0.00785501 0.00698578)
(0.0117343 0.0100367 0.00821235)
(0.00619557 0.00250237 0.00500779)
(0.00655874 0.00350607 0.00577747)
(0.00623577 0.0030372 0.00531901)
(0.00622467 0.00252824 0.00481311)
(0.00638641 0.00269255 0.00501556)
(0.0062699 0.00270112 0.00495609)
(0.00759172 0.00423909 0.00619865)
(0.00765675 0.00551797 0.00652778)
(0.00683448 0.0034383 0.00553998)
(0.00756107 0.00415466 0.00625369)
(0.0066217 0.0021931 0.00479651)
(0.00635046 0.00232807 0.00495001)
(0.00652921 0.00244918 0.00508352)
(0.00659089 0.00221606 0.00481156)
(0.00654948 0.00230229 0.00490379)
(0.00633292 0.00245266 0.00511501)
(0.00622771 0.00245718 0.00519008)
(0.00619618 0.00260207 0.0051493)
(0.00633429 0.00247747 0.00522302)
(0.00627807 0.00270685 0.00551648)
(0.00631988 0.0026531 0.00543159)
(0.00613746 0.00305774 0.00556041)
(0.00621503 0.00291077 0.00546568)
(0.00621294 0.00258279 0.00522249)
(0.00678674 0.00462007 0.00644702)
(0.00701573 0.00507174 0.00697337)
(0.00707917 0.00641735 0.0073715)
(0.00712901 0.00570988 0.00700242)
(0.00640525 0.00342526 0.00621755)
(0.00710959 0.00397796 0.00653029)
(0.0068656 0.00488487 0.00706884)
(0.00661069 0.00455721 0.00675921)
(0.00713999 0.00423755 0.00708651)
(0.00659883 0.00373868 0.0064459)
(0.0064414 0.00401984 0.00658511)
(0.00714156 0.0040602 0.0068802)
(0.00716806 0.00447064 0.00672237)
(0.00644472 0.00345546 0.00607775)
(0.00659339 0.00316776 0.00600258)
(0.00645288 0.00311833 0.00561398)
(0.00635797 0.00352513 0.00570594)
(0.00648617 0.00389329 0.00617243)
(0.00636021 0.00433741 0.0062996)
(0.013741 0.0116027 0.00760128)
(0.0126446 0.0118847 0.00711848)
(0.0169885 0.0126502 0.00696682)
(0.0166278 0.0127023 0.00694724)
(0.0156304 0.0124981 0.00820238)
(0.0145761 0.0118566 0.00718607)
(0.0155871 0.0117713 0.00717676)
(0.0222998 0.0127761 0.00712349)
(0.0208781 0.013558 0.00679769)
(0.0211254 0.0130232 0.00709644)
(0.0181006 0.0128362 0.00742056)
(0.0159704 0.0115076 0.00713521)
(0.0165974 0.0120874 0.00737801)
(0.0193006 0.0136699 0.00712646)
(0.0189306 0.0133539 0.00654685)
(0.0207896 0.0133715 0.00715713)
(0.0188409 0.0127586 0.00788338)
(0.00986785 0.00878795 0.00728841)
(0.0137223 0.0115846 0.0070195)
(0.0121117 0.00942863 0.00764972)
(0.0118784 0.00940867 0.00723363)
(0.00884028 0.00642376 0.00710191)
(0.00936574 0.0065333 0.0073847)
(0.0111812 0.00893934 0.00757091)
(0.0104759 0.00815835 0.00700319)
(0.00985567 0.00658839 0.00738041)
(0.00685428 0.00213981 0.00495026)
(0.00691309 0.00204074 0.00506163)
(0.010392 0.00339569 0.00466179)
(0.00947544 0.00302025 0.00487077)
(0.0064818 0.00191811 0.00580273)
(0.00654163 0.00180057 0.00591989)
(0.00660815 0.00357865 0.00662931)
(0.00635959 0.00295381 0.00586531)
(0.00642265 0.00231087 0.00568533)
(0.0065403 0.00199564 0.00587529)
(0.00634377 0.00223324 0.00585608)
(0.00636047 0.00230645 0.00514655)
(0.00637592 0.00241371 0.00525457)
(0.0065194 0.00213221 0.0050271)
(0.00645089 0.00218485 0.00494768)
(0.00636144 0.00232388 0.00522074)
(0.00643126 0.00227603 0.00512382)
(0.00642525 0.00241306 0.00547302)
(0.00633249 0.00221289 0.00540836)
(0.00662199 0.00204589 0.00525674)
(0.00665435 0.00196899 0.00546422)
(0.00705501 0.00211105 0.00471707)
(0.00896789 0.0026078 0.00461764)
(0.00830952 0.00229708 0.00499349)
(0.00886155 0.00222951 0.00488719)
(0.00752642 0.00184258 0.00507925)
(0.00785183 0.0020384 0.00524817)
(0.0084548 0.00113259 0.00579347)
(0.00712184 0.00118359 0.00578455)
(0.00693661 0.00132158 0.00594659)
(0.00817595 0.00140111 0.00616852)
(0.00740566 0.00134187 0.00538978)
(0.00744076 0.00125439 0.00581438)
(0.00703631 0.00134091 0.0061148)
(0.00714331 0.00120717 0.00626572)
(0.0063826 0.00272776 0.00623179)
(0.0065452 0.00218357 0.00594901)
(0.00664659 0.00223454 0.00631877)
(0.00657138 0.00189268 0.00599427)
(0.0216412 0.00380769 0.0166578)
(0.0215221 0.00502071 0.0176271)
(0.0197092 0.00610037 0.0188806)
(0.020887 0.00363767 0.0157749)
(0.0222538 0.00476488 0.0184125)
(0.018233 0.00650828 0.0194882)
(0.0196596 0.00585932 0.0191735)
(0.0201905 0.00502846 0.0188183)
(0.0206638 0.00294798 0.0175348)
(0.0211283 0.00313776 0.0185849)
(0.0196345 0.00317151 0.0189799)
(0.0206549 0.00457589 0.0201227)
(0.0178462 0.0160475 0.0167096)
(0.0176796 0.0178433 0.0128275)
(0.0149868 0.0128524 0.0198705)
(0.0178983 0.0147237 0.0195484)
(0.0154252 0.0168887 0.0172018)
(0.0152564 0.0118275 0.0185736)
(0.0156703 0.0143191 0.0204009)
(0.0176271 0.0162207 0.016779)
(0.0157733 0.012128 0.0201706)
(0.014322 0.0114177 0.0179824)
(0.0161934 0.0148937 0.0174985)
(0.0159403 0.0171285 0.0185638)
(0.0146793 0.0127037 0.0203918)
(0.0177516 0.00558437 0.0205746)
(0.0170709 0.00498301 0.0210832)
(0.0162282 0.0101013 0.0214879)
(0.0163279 0.00810993 0.0210578)
(0.0161905 0.00636861 0.0206899)
(0.0163574 0.00851411 0.0209811)
(0.0174051 0.0109809 0.0223289)
(0.0165965 0.0107925 0.0209041)
(0.015629 0.0092114 0.0212217)
(0.0165992 0.010578 0.0219507)
(0.0153514 0.00853688 0.0203128)
(0.0157426 0.0141413 0.0162888)
(0.0162948 0.0161609 0.0173941)
(0.0168038 0.0161644 0.0155628)
(0.016157 0.0186338 0.0135589)
(0.0163513 0.0182065 0.0148208)
(0.0173048 0.0107918 0.0185707)
(0.0157808 0.0148295 0.0173136)
(0.0168632 0.0132206 0.0179753)
(0.0161418 0.0133499 0.0201061)
(0.0164866 0.0176546 0.0172352)
(0.0153306 0.0146926 0.0156264)
(0.0175804 0.0149691 0.0201985)
(0.0157272 0.0154241 0.0168947)
(0.0167558 0.0144128 0.0181011)
(0.0160837 0.0124999 0.0190077)
(0.016642 0.0146513 0.0202824)
(0.0148117 0.0164677 0.0163889)
(0.017557 0.0107986 0.0206811)
(0.0179374 0.00936296 0.0200563)
(0.0177531 0.007525 0.0195024)
(0.019223 0.00730034 0.0198329)
(0.0191243 0.00677265 0.0190542)
(0.0202755 0.00763758 0.0194523)
(0.0192277 0.00973237 0.0203937)
(0.0155406 0.0116482 0.0183622)
(0.0164354 0.0117082 0.0194587)
(0.0169525 0.0175818 0.013532)
(0.0168665 0.0170576 0.0118264)
(0.0171365 0.0171277 0.0102062)
(0.0176854 0.0184702 0.0105922)
(0.0154422 0.0163302 0.0126327)
(0.0178944 0.0167637 0.0126405)
(0.0157477 0.0165572 0.0139577)
(0.0157485 0.0165374 0.0145512)
(0.0177856 0.0161185 0.0174031)
(0.0182311 0.0161161 0.0169547)
(0.0159605 0.0184651 0.0144657)
(0.0174506 0.0195172 0.0147091)
(0.0161183 0.0163372 0.0139489)
(0.0175493 0.0171506 0.0132054)
(0.017721 0.01764 0.0134794)
(0.013377 0.00673821 0.00489214)
(0.0136929 0.00794799 0.00450307)
(0.0170139 0.0134292 0.00802975)
(0.016627 0.0127359 0.00644047)
(0.0144612 0.00886925 0.00546001)
(0.0146957 0.00949652 0.00519041)
(0.018349 0.0161072 0.0109215)
(0.0172803 0.0179857 0.0108046)
(0.0165602 0.0185606 0.0106313)
(0.0166563 0.0172231 0.0107634)
(0.0121536 0.00418236 0.00461721)
(0.0146276 0.00755537 0.00547307)
(0.0153737 0.00854181 0.00486714)
(0.0112962 0.00417667 0.0045767)
(0.0128068 0.00587311 0.00487697)
(0.0120093 0.00436936 0.00447872)
(0.0113397 0.00389167 0.00463275)
(0.0115702 0.00384239 0.0047826)
(0.0161677 0.0159545 0.0115754)
(0.0182879 0.0139875 0.0106439)
(0.0186253 0.0150906 0.0087126)
(0.0145782 0.00595689 0.00470869)
(0.0144083 0.00523057 0.004671)
(0.0149889 0.00575253 0.00514377)
(0.0131735 0.0035545 0.00488186)
(0.0145458 0.00458036 0.0052975)
(0.0139507 0.00459245 0.00516317)
(0.00813067 0.00111039 0.00553758)
(0.00851445 0.00116016 0.00607786)
(0.0113899 0.00188012 0.00505585)
(0.011742 0.00322713 0.00524322)
(0.0115383 0.00341126 0.00487282)
(0.00841531 0.00157734 0.00544103)
(0.00885388 0.00189011 0.00564418)
(0.0101016 0.00238951 0.00548979)
(0.0180518 0.013586 0.00953104)
(0.0195551 0.0126497 0.00903628)
(0.0172588 0.0138298 0.0100841)
(0.0171438 0.0146707 0.0169929)
(0.0114562 0.0015995 0.00587678)
(0.00814752 0.00556604 0.00939157)
(0.0126192 0.0101509 0.00971664)
(0.0104035 0.00962396 0.00874941)
(0.020548 0.0135762 0.00605462)
(0.0182205 0.0126455 0.00666196)
(0.0152501 0.01317 0.00673973)
(0.0144921 0.0127302 0.00714222)
(0.0249133 0.0105322 0.00634163)
(0.0236463 0.0111064 0.00662631)
(0.0188128 0.0134784 0.00701174)
(0.018829 0.013143 0.00544097)
(0.0228188 0.0107119 0.00661271)
(0.0172736 0.0113305 0.00835527)
(0.0188446 0.0119787 0.00746033)
(0.00785037 0.00467513 0.00912793)
(0.00762923 0.00320684 0.00883554)
(0.00756029 0.00448309 0.00875984)
(0.00817641 0.00498447 0.00894527)
(0.00956707 0.00635266 0.00975421)
(0.00810281 0.00613105 0.0090568)
(0.01014 0.00866449 0.00887758)
(0.00965943 0.00643508 0.00926888)
(0.0091943 0.00780762 0.00812333)
(0.0111327 0.0106039 0.00740166)
(0.0130994 0.0110577 0.00880251)
(0.013482 0.011446 0.00837532)
(0.0107793 0.0107329 0.00823394)
(0.0128851 0.010882 0.00862958)
(0.0124579 0.00971551 0.00903586)
(0.0240349 0.00100501 0.0122997)
(0.0240174 0.00039814 0.0152898)
(0.0249838 0.00872613 0.00696272)
(0.0212775 0.011136 0.00728182)
(0.0194787 0.0110298 0.00774426)
(0.0197366 0.0117854 0.00712153)
(0.0238407 0.00970613 0.00662908)
(0.0229261 0.00948692 0.00606509)
(0.0262966 0.00796138 0.00712954)
(0.0219582 0.00993245 0.00674194)
(0.025938 0.0033656 0.00957226)
(0.0257853 0.00206336 0.0113567)
(0.0248599 0.00156611 0.0113564)
(0.0256978 0.00291685 0.0100865)
(0.00674655 0.00150308 0.00691819)
(0.00704075 0.00124856 0.00744129)
(0.00699623 0.000937381 0.00700207)
(0.00693751 0.003538 0.00814907)
(0.00714456 0.00102996 0.00765193)
(0.00703511 0.00108051 0.00812877)
(0.00679735 0.00129754 0.00687202)
(0.0075936 0.00395084 0.00872513)
(0.0079567 0.00531445 0.0088724)
(0.00746449 0.00375441 0.00831274)
(0.00716565 0.000786092 0.00791606)
(0.00719235 0.000779037 0.00734547)
(0.00710455 0.000476549 0.00723531)
(0.00664986 0.000827677 0.00700845)
(0.00724901 0.000877707 0.00696236)
(0.00730493 0.000485422 0.00691006)
(0.0075052 0.000490068 0.0070399)
(0.00765884 0.000238851 0.006875)
(0.0075396 0.000372913 0.00662664)
(0.00727522 0.000732567 0.00667917)
(0.00735609 0.000934576 0.00631772)
(0.00796491 0.000418267 0.00682795)
(0.00779526 0.000796477 0.00636113)
(0.00781591 0.000714399 0.00659774)
(0.00640595 0.00237143 0.00636898)
(0.00684909 0.0015308 0.00626948)
(0.00687942 0.00140493 0.00611097)
(0.00665782 0.00175415 0.00620089)
(0.00646378 0.00184404 0.00611439)
(0.00658255 0.00186378 0.00642674)
(0.00657527 0.00157414 0.00595678)
(0.00713848 0.00461169 0.00729421)
(0.00663168 0.00429282 0.00714112)
(0.0081682 0.00572645 0.00835557)
(0.00810426 0.00535591 0.00764495)
(0.0064261 0.00262356 0.00674342)
(0.00683598 0.00308591 0.00688729)
(0.00762687 0.00631635 0.00773355)
(0.010275 0.00855029 0.00866433)
(0.0100735 0.00907835 0.0074482)
(0.008404 0.0071532 0.00799073)
(0.00869935 0.00863948 0.008161)
(0.0108193 0.0102015 0.00789857)
(0.011062 0.0105829 0.00815063)
(0.00996132 0.00809929 0.00846356)
(0.0112033 0.0113512 0.00786125)
(0.0097706 0.00784772 0.0089367)
(0.00937254 0.00861394 0.00754914)
(0.0103392 0.00978112 0.0083051)
(0.024955 0.0129206 0.00696935)
(0.0249522 0.0114084 0.00733467)
(0.0234994 0.0116574 0.00710041)
(0.025241 0.0121058 0.00691098)
(0.0268128 0.00723687 0.0114213)
(0.0272011 0.011464 0.00702128)
(0.0260584 0.0104655 0.00759692)
(0.0169112 0.014877 0.00782484)
(0.0157977 0.0154726 0.00758389)
(0.0160553 0.0155008 0.00759752)
(0.00795294 0.00285041 0.00434191)
(0.00621994 0.00244969 0.0048391)
(0.00621703 0.00235917 0.00480907)
(0.00634326 0.00239434 0.00465332)
(0.00654228 0.0024315 0.0049867)
(0.00654615 0.00226236 0.00463926)
(0.00768195 0.00267189 0.00419837)
(0.00791431 0.00292696 0.00413329)
(0.0085522 0.00315675 0.00452894)
(0.00872171 0.00326382 0.00443873)
(0.0101994 0.00443327 0.00451057)
(0.00964656 0.00384922 0.00427183)
(0.00939721 0.00402311 0.00392936)
(0.0103117 0.00475444 0.0040463)
(0.00922255 0.00374394 0.00433078)
(0.00890127 0.00363286 0.00421325)
(0.00809454 0.0024448 0.00462104)
(0.00785674 0.00220647 0.004861)
(0.00892068 0.00279993 0.00475443)
(0.00679249 0.002222 0.0046999)
(0.00684895 0.00213137 0.00482345)
(0.00756225 0.00241761 0.00490012)
(0.00686706 0.00216834 0.004534)
(0.00727337 0.00245773 0.00458668)
(0.00898933 0.00296642 0.00452306)
(0.00879154 0.00321123 0.00442522)
(0.00951301 0.00356153 0.0044765)
(0.00953574 0.00343164 0.00464387)
(0.0101147 0.00365724 0.00464288)
(0.0115546 0.00508085 0.00429689)
(0.0108974 0.00445529 0.00454733)
(0.0100201 0.00379929 0.00461564)
(0.013213 0.0078005 0.0048406)
(0.0140246 0.00858936 0.00491588)
(0.0135544 0.00766253 0.00483431)
(0.0101379 0.00413392 0.00438528)
(0.0108092 0.00464463 0.00432112)
(0.0101489 0.00427892 0.00428495)
(0.0117116 0.00551774 0.00447206)
(0.0116072 0.0060749 0.00429558)
(0.0106408 0.00485305 0.0043034)
(0.0134448 0.00872017 0.00494986)
(0.0126493 0.00767253 0.00429242)
(0.0132419 0.00819748 0.00492881)
(0.0122827 0.00679016 0.00419795)
(0.0259079 0.00744959 0.0110406)
(0.026845 0.0105388 0.00857087)
(0.0255632 0.00783821 0.0098794)
(0.0257596 0.00949902 0.00871823)
(0.0266132 0.00900512 0.00983113)
(0.0264781 0.00846694 0.00966576)
(0.0262963 0.0113246 0.007906)
(0.0262988 0.0101242 0.00862298)
(0.0251905 0.00966955 0.00837963)
(0.0273245 0.00950231 0.0100868)
(0.0261941 0.00886807 0.00997541)
(0.0260384 0.0107364 0.00842556)
(0.0254488 0.00540783 0.011272)
(0.0252819 0.0064852 0.00990211)
(0.026251 0.00660764 0.00914595)
(0.0254532 0.00569551 0.0108317)
(0.0267649 0.010289 0.00730262)
(0.0263358 0.00877299 0.00741751)
(0.028314 0.00923042 0.0093543)
(0.0267178 0.0100321 0.00738946)
(0.0271542 0.00790915 0.00891146)
(0.0256339 0.00716638 0.00892992)
(0.0080674 0.0068183 0.00816252)
(0.00822102 0.00755464 0.00824082)
(0.00739314 0.00351365 0.00811772)
(0.00831832 0.0057573 0.00878078)
(0.00785201 0.00449044 0.00869569)
(0.00766536 0.0041835 0.0081064)
(0.00758556 0.00513729 0.00854725)
(0.00969258 0.00709154 0.00936387)
(0.00810347 0.00631108 0.00808646)
(0.00834479 0.00681598 0.00879248)
(0.00797785 0.00596632 0.00842394)
(0.00966749 0.00716004 0.00875825)
(0.0075062 0.00556353 0.00793196)
(0.00818089 0.000509535 0.00664474)
(0.00747613 0.00230719 0.00847343)
(0.00737511 0.00321822 0.00852903)
(0.00746113 0.00247633 0.00904849)
(0.00763447 0.00295426 0.00900998)
(0.00707286 0.00116065 0.00766533)
(0.0267039 0.005935 0.00754964)
(0.0285131 0.00413606 0.0114385)
(0.0264004 0.00430469 0.00936438)
(0.0271155 0.0057362 0.00807265)
(0.0265578 0.00376994 0.0097982)
(0.0253563 0.00913846 0.00650578)
(0.0261799 0.00841833 0.00672601)
(0.0269738 0.00651999 0.00838092)
(0.025497 0.00922388 0.00714112)
(0.0260047 0.00778366 0.00688667)
(0.0272818 0.0069112 0.00789174)
(0.0256786 0.00916847 0.00695791)
(0.0248531 0.00887362 0.00651308)
(0.0187492 0.012502 0.00615659)
(0.0205714 0.0123555 0.00627746)
(0.0218619 0.012148 0.00611269)
(0.0176436 0.0109956 0.00675597)
(0.0191097 0.0118312 0.00577077)
(0.0215546 0.0116473 0.00668863)
(0.0166367 0.0114666 0.00743087)
(0.0179551 0.0124765 0.00738157)
(0.012527 0.0103663 0.00891338)
(0.0148569 0.0126373 0.00811594)
(0.0128032 0.010545 0.00743398)
(0.0153878 0.0126446 0.00789443)
(0.0126355 0.00824111 0.0103436)
(0.0123779 0.00864866 0.00870668)
(0.0136984 0.0100413 0.00960641)
(0.0144379 0.0110688 0.0087523)
(0.0105571 0.00743222 0.00961219)
(0.00938868 0.0064297 0.00923591)
(0.00965501 0.00574298 0.00965194)
(0.00971255 0.00575974 0.0103396)
(0.0119977 0.00855801 0.00993118)
(0.0120925 0.00928343 0.00944061)
(0.0102777 0.0082579 0.00896783)
(0.010545 0.00889257 0.0094283)
(0.00922453 0.00686588 0.00862208)
(0.0100782 0.00796145 0.00931859)
(0.0130244 0.00379658 0.00523942)
(0.0114109 0.00295964 0.00528466)
(0.0104199 0.00259616 0.00486715)
(0.0105676 0.00227965 0.00563613)
(0.0087332 0.00131331 0.00529921)
(0.0092804 0.00153648 0.00536058)
(0.00943776 0.00175766 0.00517094)
(0.00936986 0.00144506 0.00545206)
(0.0118434 0.00194735 0.00596545)
(0.0156729 0.00625417 0.0056478)
(0.0157977 0.00751066 0.00539859)
(0.0156819 0.00676776 0.00544693)
(0.0166469 0.00821811 0.00576919)
(0.017648 0.0133793 0.00832175)
(0.0188659 0.0139709 0.0086924)
(0.0178369 0.0109051 0.00653674)
(0.0169336 0.00943755 0.00573609)
(0.0175143 0.00959605 0.00601249)
(0.018401 0.0121869 0.00769199)
(0.0172407 0.00980492 0.00694881)
(0.0175213 0.0107503 0.00626501)
(0.018451 0.011774 0.00807811)
(0.0197908 0.0150818 0.00862069)
(0.0155906 0.00806624 0.00538813)
(0.0153146 0.00827451 0.00524527)
(0.0147671 0.00729646 0.00502464)
(0.0133422 0.00536586 0.00492581)
(0.0137005 0.00606947 0.00452675)
(0.014147 0.00612868 0.00468742)
(0.0145175 0.00652505 0.00479848)
(0.0145321 0.00685794 0.00460414)
(0.0128965 0.00486132 0.00465198)
(0.0172134 0.0160661 0.00694379)
(0.0179903 0.0151661 0.00990695)
(0.0174072 0.0178884 0.0100944)
(0.0150945 0.0153426 0.00902456)
(0.0162268 0.0125968 0.00608219)
(0.017486 0.0118568 0.00672534)
(0.015403 0.0107357 0.00596859)
(0.0157114 0.0136685 0.00695195)
(0.0160478 0.0146268 0.0088155)
(0.0166014 0.0138127 0.00650284)
(0.0165549 0.0130038 0.00746062)
(0.0169504 0.0155028 0.00911662)
(0.0164687 0.0163282 0.00838409)
(0.0167478 0.0135732 0.00828325)
(0.0168717 0.0144894 0.00898646)
(0.0165084 0.0127589 0.00683169)
(0.0175344 0.013783 0.0188803)
(0.0170087 0.0121914 0.019748)
(0.0156405 0.0130528 0.0191906)
(0.0159913 0.0120667 0.0193155)
(0.0169336 0.0157513 0.0190551)
(0.015726 0.0166008 0.0171471)
(0.0174892 0.0136986 0.0194887)
(0.0168117 0.0128813 0.0191238)
(0.0180037 0.0171735 0.0171806)
(0.0174254 0.0167559 0.017518)
(0.0147486 0.0147086 0.0158538)
(0.0160852 0.0135827 0.0169647)
(0.0173446 0.0132847 0.0189413)
(0.0165146 0.0142192 0.0173373)
(0.0148215 0.0143999 0.01559)
(0.0155384 0.0171746 0.0170901)
(0.0156236 0.0157202 0.0174812)
(0.0165154 0.0123249 0.020139)
(0.0179264 0.0101732 0.0202726)
(0.0182166 0.00809514 0.020323)
(0.0168908 0.0106702 0.0198721)
(0.0164775 0.0116697 0.019703)
(0.0160839 0.0122685 0.0197583)
(0.0182669 0.0107254 0.0217595)
(0.0167825 0.00801542 0.0200699)
(0.0180857 0.0102628 0.0215564)
(0.0179999 0.00746266 0.021193)
(0.00917777 0.00225107 0.00488295)
(0.00995315 0.00257265 0.00501932)
(0.0100188 0.00253238 0.00488406)
(0.0103841 0.00293039 0.00481776)
(0.0104183 0.00313314 0.00454192)
(0.0216654 0.0117206 0.00737098)
(0.0228799 0.0112728 0.00757236)
(0.0235904 0.011966 0.00754908)
(0.0211733 0.0120567 0.00738245)
(0.00622337 0.00234897 0.00488783)
(0.00610549 0.00227101 0.00474356)
(0.00623619 0.00241189 0.00495574)
(0.00610581 0.00247047 0.00500081)
(0.00622782 0.002362 0.00489917)
(0.00601366 0.00236348 0.00482655)
(0.00670772 0.00312427 0.00521476)
(0.00675058 0.00333053 0.00563316)
(0.00708825 0.00434811 0.00618006)
(0.00675498 0.00399079 0.00568519)
(0.00656839 0.00348137 0.00571776)
(0.00697277 0.00373983 0.00595516)
(0.0158245 0.0133314 0.00659097)
(0.0136641 0.0118151 0.00823388)
(0.0142055 0.0121473 0.00786975)
(0.0137513 0.0120746 0.00659693)
(0.0155684 0.0130122 0.00617389)
(0.0164013 0.013565 0.00503366)
(0.016215 0.0136599 0.00599123)
(0.0193587 0.014591 0.00545378)
(0.0190378 0.0145066 0.00642686)
(0.0191472 0.0142033 0.00514486)
(0.0204818 0.0123496 0.00539707)
(0.0230803 0.013118 0.00547645)
(0.0222819 0.0125233 0.00484075)
(0.0216758 0.0131251 0.00553691)
(0.0201861 0.0138314 0.00594604)
(0.021054 0.0140285 0.00613903)
(0.0220391 0.0130941 0.00539627)
(0.0245256 0.012947 0.00605664)
(0.0215478 0.0139136 0.00623126)
(0.0219667 0.0137528 0.0058283)
(0.0173766 0.0134782 0.00674459)
(0.0182048 0.0137572 0.0063679)
(0.0154767 0.0132742 0.00664082)
(0.0147348 0.0123744 0.00626473)
(0.0159194 0.0146818 0.00685606)
(0.0166017 0.0137471 0.00657273)
(0.0137815 0.0123535 0.00642107)
(0.0151024 0.013894 0.0067997)
(0.0179746 0.0135275 0.00753999)
(0.017695 0.0141311 0.00743486)
(0.0188198 0.0132865 0.00625868)
(0.0202693 0.0144002 0.00620818)
(0.0216849 0.0139424 0.00635709)
(0.0175766 0.0132666 0.00673288)
(0.0212669 0.014195 0.0062049)
(0.0225275 0.0142762 0.00619619)
(0.024291 0.00738473 0.0163426)
(0.0247658 0.0082879 0.0174808)
(0.0221933 0.00652968 0.0159188)
(0.0247739 0.00773062 0.0169449)
(0.0241761 0.00696657 0.0160783)
(0.0240601 0.00650883 0.0149573)
(0.0232781 0.00788405 0.0174926)
(0.0234051 0.00786648 0.0175282)
(0.0218599 0.0104534 0.018607)
(0.023735 0.00955272 0.0181512)
(0.022971 0.00917681 0.0184784)
(0.0258816 0.00939333 0.0175492)
(0.0238641 0.00832456 0.0167009)
(0.0245789 0.0085005 0.0170808)
(0.0223975 0.0082875 0.0169808)
(0.018483 0.00304342 0.0197799)
(0.01986 0.00238651 0.0185142)
(0.0176421 0.00437728 0.0206161)
(0.0197291 0.00344027 0.0196984)
(0.017609 0.00394369 0.0194908)
(0.020201 0.00247027 0.0190957)
(0.027572 0.00441825 0.0112648)
(0.0215782 0.00333048 0.0175188)
(0.024045 0.0026063 0.0172749)
(0.0217646 0.0032234 0.0174925)
(0.0249666 0.0044232 0.0161188)
(0.0220321 0.0036361 0.0160891)
(0.0256045 0.00399217 0.0113204)
(0.0261984 0.00464739 0.0109874)
(0.0251173 0.00372961 0.0135754)
(0.0264197 0.00476362 0.0134766)
(0.0235522 0.00443024 0.0144689)
(0.0219135 0.00387675 0.0150945)
(0.023606 0.00558983 0.016651)
(0.0229619 0.00456788 0.0142149)
(0.0207888 0.0113923 0.019982)
(0.0182078 0.0131335 0.0186708)
(0.0198771 0.0128094 0.0201216)
(0.0180394 0.0135615 0.0186105)
(0.0190424 0.0140241 0.0187754)
(0.0187572 0.014771 0.0197822)
(0.0202258 0.0101309 0.0188871)
(0.0206424 0.0114964 0.0189614)
(0.0202319 0.0130182 0.0201247)
(0.0222254 0.0115275 0.0199646)
(0.0168025 0.01798 0.0117192)
(0.0166669 0.0183543 0.0118882)
(0.0176844 0.0178586 0.0142285)
(0.0176261 0.0163688 0.0171174)
(0.0154319 0.0171595 0.0144558)
(0.0175504 0.0153586 0.0164398)
(0.0174482 0.0182639 0.0153962)
(0.0171636 0.0166691 0.0143933)
(0.0171866 0.0166855 0.013779)
(0.0164212 0.0156412 0.01459)
(0.0155848 0.016476 0.0147094)
(0.015919 0.0165501 0.0150578)
(0.0171319 0.0172038 0.0155511)
(0.0165706 0.0168953 0.00923209)
(0.0161302 0.0142405 0.00871348)
(0.0173064 0.0158991 0.011693)
(0.0166761 0.0157769 0.00949338)
(0.0177451 0.017168 0.0106446)
(0.017659 0.0181293 0.0130743)
(0.016178 0.0152063 0.0122264)
(0.0171003 0.0155185 0.0121307)
(0.0155214 0.0132041 0.00627278)
(0.0147232 0.00986532 0.00533927)
(0.0198943 0.00957831 0.0195699)
(0.020823 0.00728809 0.0178869)
(0.0211866 0.00841433 0.01904)
(0.0213561 0.00872517 0.0192506)
(0.0206741 0.00957438 0.0193151)
(0.0190037 0.0108619 0.0197946)
(0.0189528 0.0105632 0.0194579)
(0.0197687 0.00995274 0.0199423)
(0.026698 0.00976832 0.00998735)
(0.0275105 0.00914941 0.0114506)
(0.0268661 0.00862056 0.0122502)
(0.0263465 0.00984261 0.00944382)
(0.0258507 0.00951872 0.0100765)
(0.0276836 0.00913959 0.0126611)
(0.0259703 0.00870047 0.0109157)
(0.0273426 0.00997816 0.0108659)
(0.00656868 0.00189647 0.00580553)
(0.00666423 0.00185423 0.0053768)
(0.00728005 0.00169862 0.00520775)
(0.00680868 0.00180868 0.00566288)
(0.00657713 0.00178096 0.00568019)
(0.00695582 0.00175275 0.00540492)
(0.00685984 0.00140019 0.00577965)
(0.0068858 0.00149134 0.00590795)
(0.00659443 0.00170866 0.0058694)
(0.00666421 0.00168498 0.00578681)
(0.00732639 0.0012158 0.00553595)
(0.00735394 0.00161836 0.00552701)
(0.00808532 0.00143055 0.00601688)
(0.00776711 0.00168159 0.00562705)
(0.00752647 0.00136783 0.00584274)
(0.00708806 0.00161995 0.00577058)
)
;
    }
    INLET
    {
        type            calculated;
        value           nonuniform 0();
    }
    OUTLET
    {
        type            calculated;
        value           nonuniform 0();
    }
    procBoundary35to31
    {
        type            processor;
        value           uniform (0 0 0);
    }
    procBoundary35to34
    {
        type            processor;
        value           uniform (0 0 0);
    }
}


// ************************************************************************* //
