/*--------------------------------*- C++ -*----------------------------------*\
| =========                 |                                                 |
| \\      /  F ield         | OpenFOAM: The Open Source CFD Toolbox           |
|  \\    /   O peration     | Version:  v1612+                                |
|   \\  /    A nd           | Web:      www.OpenFOAM.com                      |
|    \\/     M anipulation  |                                                 |
\*---------------------------------------------------------------------------*/
FoamFile
{
    version     2.0;
    format      ascii;
    class       volVectorField;
    location    "118";
    object      wallShearStress;
}
// * * * * * * * * * * * * * * * * * * * * * * * * * * * * * * * * * * * * * //

dimensions      [0 2 -2 0 0 0 0];

internalField   uniform (0 0 0);

boundaryField
{
    WALL
    {
        type            calculated;
        value           nonuniform List<vector> 
1573
(
(-0.00298095 -0.0113759 0.00963451)
(-0.00225229 -0.0101947 0.00954328)
(-0.00270781 -0.0105571 0.00938543)
(-0.00255625 -0.0103652 0.00936097)
(-0.00270457 -0.0105727 0.00923356)
(-0.00286206 -0.0105533 0.00930701)
(-0.00305434 -0.0106085 0.00914504)
(-0.00263879 -0.010267 0.0090781)
(-0.00252148 -0.0100107 0.008705)
(-0.00264461 -0.00972341 0.00836112)
(-0.00268612 -0.0105991 0.0092625)
(-0.00280258 -0.0106848 0.00937675)
(-0.00281345 -0.0104585 0.00914452)
(-0.00294134 -0.0104987 0.00917195)
(-0.00279266 -0.0106384 0.00933283)
(-0.00264905 -0.0104712 0.00911232)
(-0.00263977 -0.0105775 0.00906528)
(-0.0027034 -0.0105779 0.00918655)
(-0.002856 -0.0105274 0.00920479)
(-0.00279312 -0.0103577 0.00909369)
(-0.00266898 -0.0105171 0.00905776)
(-0.00260992 -0.0104671 0.00898182)
(-0.00215916 -0.00865392 0.00713101)
(-0.00179734 -0.00983242 0.00801931)
(-0.00240103 -0.00993417 0.00900548)
(-0.00285929 -0.0107645 0.00944235)
(-0.0027173 -0.0109413 0.00990802)
(-0.00288869 -0.0108752 0.00957891)
(-0.00259739 -0.00971383 0.0083962)
(-0.00223715 -0.00990855 0.00851546)
(-0.00256322 -0.0107159 0.00918022)
(-0.00293656 -0.0104826 0.00932336)
(-0.00278224 -0.0106365 0.00932474)
(-0.00287462 -0.0105667 0.00910742)
(-0.0027039 -0.0109857 0.00956966)
(-0.00302063 -0.0105303 0.00945939)
(-0.00254789 -0.0112396 0.00879199)
(-0.00275013 -0.0116083 0.0099422)
(-0.00308729 -0.0113227 0.0100222)
(-0.00254817 -0.00989274 0.00928819)
(-0.00264056 -0.0103841 0.00911332)
(-0.00270353 -0.0104414 0.00911575)
(-0.00284057 -0.0104606 0.009152)
(-0.00266095 -0.0102929 0.00893142)
(-0.00251705 -0.00975523 0.00848311)
(-0.00276699 -0.010189 0.00855342)
(-0.00267647 -0.0105772 0.00941367)
(-0.00261836 -0.0102609 0.00891371)
(-0.00277931 -0.0106227 0.00928135)
(-0.00250919 -0.010367 0.00921086)
(-0.00277099 -0.0104707 0.00905542)
(-0.00259126 -0.0101913 0.00900699)
(-0.00253316 -0.0105616 0.00956544)
(-0.0022976 -0.010553 0.00966138)
(-0.00258351 -0.0106409 0.00953279)
(-0.00285072 -0.0104493 0.00928311)
(-0.00243754 -0.00945474 0.0086862)
(-0.00260165 -0.00941649 0.00846221)
(-0.00254012 -0.0095873 0.00859037)
(-0.00270687 -0.0101749 0.00800278)
(-0.00249577 -0.00991936 0.00860421)
(-0.00267995 -0.0099673 0.00874006)
(-0.00239787 -0.0100065 0.00857061)
(-0.00255846 -0.0100884 0.00876408)
(-0.00274406 -0.0101288 0.00880246)
(-0.00279178 -0.0104183 0.00896314)
(-0.00283041 -0.0105862 0.0092276)
(-0.00243282 -0.0101973 0.00911768)
(-0.0027686 -0.0102751 0.00889337)
(-0.00272744 -0.0107216 0.00940386)
(-0.00271686 -0.0107123 0.00935307)
(-0.00286076 -0.0107334 0.00952291)
(-0.0027781 -0.0103374 0.00922506)
(-0.00262589 -0.0101172 0.00883535)
(-0.00267054 -0.0103081 0.00910684)
(-0.00249162 -0.0106492 0.00953067)
(-0.00322103 -0.0112138 0.00978587)
(-0.002726 -0.0106914 0.0093251)
(-0.00272437 -0.0103728 0.00912722)
(-0.00280278 -0.0107868 0.00934559)
(-0.00276542 -0.0105749 0.00937279)
(-0.00288198 -0.010563 0.00930309)
(-0.00291671 -0.0108289 0.00939094)
(-0.00228064 -0.0107296 0.00979956)
(-0.00267474 -0.0106662 0.00945556)
(-0.00258197 -0.0107141 0.00965713)
(-0.00228553 -0.0101888 0.00938486)
(-0.00251193 -0.0102899 0.00925028)
(-0.00264014 -0.0108993 0.00976846)
(-0.00255007 -0.0106689 0.00979597)
(-0.00257653 -0.0105738 0.00970917)
(-0.0025949 -0.0106867 0.00878061)
(-0.00277273 -0.0110981 0.00921361)
(-0.00230735 -0.00972734 0.00941127)
(-0.00292829 -0.010282 0.00892629)
(-0.00219456 -0.00926883 0.00822417)
(-0.00222956 -0.0104162 0.00819783)
(-0.00296999 -0.0105382 0.0087329)
(-0.00260174 -0.00989619 0.00870702)
(-0.00280848 -0.0100704 0.00913183)
(-0.00266446 -0.0100173 0.00854399)
(-0.00277547 -0.00988793 0.00886601)
(-0.00281778 -0.0101978 0.0087818)
(-0.00299466 -0.0103078 0.00914226)
(-0.00290713 -0.0105157 0.00919634)
(-0.00250764 -0.00998421 0.00873996)
(-0.00256552 -0.0102914 0.00858821)
(-0.00258307 -0.010153 0.00847195)
(-0.00271205 -0.0113203 0.00996225)
(-0.00256979 -0.0109379 0.00897591)
(-0.00259991 -0.0103634 0.00926233)
(-0.00262635 -0.0099708 0.00868863)
(-0.00263189 -0.0103329 0.00896835)
(-0.0026643 -0.0102541 0.00891871)
(-0.00269624 -0.0103473 0.00905746)
(-0.0028367 -0.0103413 0.00900004)
(-0.00284659 -0.0103666 0.00925701)
(-0.00273066 -0.0106435 0.00912237)
(-0.00274172 -0.00997634 0.00872786)
(-0.00270833 -0.0102118 0.00870635)
(-0.00266516 -0.0103947 0.00943111)
(-0.00234321 -0.00994977 0.00915304)
(-0.00275731 -0.0104284 0.00910428)
(-0.0028195 -0.0106422 0.00923752)
(-0.0026994 -0.0108303 0.00943311)
(-0.00281661 -0.0106213 0.00928006)
(-0.0024857 -0.0101499 0.00912797)
(-0.00274795 -0.0109086 0.00964727)
(-0.00265811 -0.00996305 0.00964266)
(-0.00254303 -0.0108744 0.0105576)
(-0.00276641 -0.0104345 0.00897817)
(-0.00275069 -0.0102133 0.00895186)
(-0.00284709 -0.0105913 0.00918982)
(-0.00272275 -0.010424 0.00905348)
(-0.00282573 -0.0106958 0.00927266)
(-0.00274409 -0.0103576 0.00905884)
(-0.0027535 -0.0103901 0.00893352)
(-0.00269376 -0.0102328 0.00879143)
(-0.00254446 -0.0103482 0.00893841)
(-0.0027439 -0.0102398 0.00919988)
(-0.00289915 -0.0104454 0.00931801)
(-0.00288454 -0.0104223 0.00942566)
(-0.00248194 -0.0103496 0.00855582)
(-0.00305129 -0.0103119 0.00947727)
(-0.0026593 -0.00977065 0.00885)
(-0.00275875 -0.00964566 0.00885076)
(-0.00273046 -0.00931488 0.00863981)
(-0.002807 -0.00988466 0.00887378)
(-0.00224681 -0.00926027 0.00801664)
(-0.00225955 -0.00949351 0.00821686)
(-0.00221685 -0.00952063 0.00821347)
(-0.00214602 -0.00966529 0.00827413)
(-0.00234829 -0.00941079 0.00820351)
(-0.00227753 -0.00981223 0.00832232)
(-0.00298583 -0.0104931 0.00923432)
(-0.00297607 -0.0107235 0.00943771)
(-0.00326942 -0.0108711 0.00964922)
(-0.00310318 -0.0102975 0.00912823)
(-0.00282383 -0.0105359 0.00916436)
(-0.00285567 -0.0103535 0.00906856)
(-0.00283548 -0.0104534 0.00915266)
(-0.00290232 -0.0109093 0.00961051)
(-0.00277049 -0.0105491 0.00923123)
(-0.002712 -0.0104724 0.00919697)
(-0.00268427 -0.010223 0.00879596)
(-0.00290933 -0.010429 0.00931039)
(-0.00288357 -0.0103893 0.0091433)
(-0.0027495 -0.0101432 0.00885194)
(-0.00276864 -0.0103008 0.0089256)
(-0.00291508 -0.0106154 0.0093737)
(-0.00259649 -0.0103752 0.00913601)
(-0.00259004 -0.0100318 0.00887784)
(-0.00280797 -0.0105798 0.00953584)
(-0.00288924 -0.0107157 0.00914386)
(-0.00270118 -0.0104315 0.00938941)
(-0.00287722 -0.0105036 0.00910613)
(-0.0028759 -0.0108301 0.00948258)
(-0.0025727 -0.0103429 0.00912836)
(-0.00287366 -0.0106677 0.00936837)
(-0.0028168 -0.0106846 0.00924948)
(-0.00288346 -0.0105429 0.0091159)
(-0.00281841 -0.0108075 0.00944666)
(-0.00276565 -0.010287 0.0089016)
(-0.00293222 -0.0104128 0.00899397)
(-0.00298049 -0.0106466 0.00908205)
(-0.00280814 -0.0109123 0.00962604)
(-0.00297897 -0.010907 0.00945028)
(-0.00252637 -0.0103308 0.00931772)
(-0.00270359 -0.0103225 0.00936872)
(-0.00299315 -0.0110074 0.00942259)
(-0.00289868 -0.0105206 0.00903765)
(-0.00297099 -0.0104989 0.00908126)
(-0.00277757 -0.0106958 0.00916413)
(-0.00273749 -0.0107639 0.00937247)
(-0.00275163 -0.0106527 0.00936659)
(-0.00279744 -0.0105489 0.0091632)
(-0.00274738 -0.0103924 0.00896259)
(-0.00256486 -0.0100549 0.0091877)
(-0.00257281 -0.0105123 0.00932529)
(-0.00281874 -0.0105879 0.0090879)
(-0.00264227 -0.01002 0.00862221)
(-0.00261252 -0.0100224 0.00894197)
(-0.00278775 -0.0103156 0.00908596)
(-0.00266622 -0.0102111 0.00897849)
(-0.00268009 -0.0100788 0.00890532)
(-0.00254221 -0.0100232 0.00907114)
(-0.00259514 -0.0105566 0.00934585)
(-0.00272325 -0.0104944 0.00912672)
(-0.0026368 -0.0102708 0.00913294)
(-0.00249656 -0.00991453 0.00880641)
(-0.0025914 -0.00991583 0.00855396)
(-0.0027305 -0.0100763 0.00879962)
(-0.00269548 -0.0102121 0.00891898)
(-0.00256391 -0.00965063 0.00845504)
(-0.0025233 -0.0101591 0.00888997)
(-0.00250103 -0.0103253 0.00875434)
(-0.00237286 -0.01008 0.00864869)
(-0.00250529 -0.00947463 0.00821396)
(-0.00234828 -0.00976391 0.00839262)
(-0.00271456 -0.0100749 0.00870746)
(-0.00249323 -0.0102365 0.00884312)
(-0.00255917 -0.00946245 0.0090996)
(-0.00287527 -0.00998584 0.00913968)
(-0.00268566 -0.00987302 0.00894293)
(-0.00276391 -0.0104624 0.00940093)
(-0.00255595 -0.00989272 0.00880666)
(-0.00245991 -0.00954921 0.00869139)
(-0.0027152 -0.00943342 0.00853704)
(-0.00284929 -0.00990507 0.00890296)
(-0.00238692 -0.00955158 0.00825779)
(-0.00249369 -0.00963341 0.00858183)
(-0.00260976 -0.00940156 0.00838033)
(-0.00231643 -0.009258 0.00792663)
(-0.00176869 -0.0109181 0.00958378)
(-0.00194714 -0.01115 0.00957774)
(-0.00180274 -0.0106107 0.00917085)
(-0.00213526 -0.0108061 0.00913993)
(-0.00177824 -0.0113276 0.00993136)
(-0.00186316 -0.0108931 0.00946685)
(-0.00246613 -0.00954126 0.00876006)
(-0.0027868 -0.010087 0.00908409)
(-0.0027333 -0.0102996 0.00886606)
(-0.00264969 -0.0100512 0.00867084)
(-0.00267575 -0.0102977 0.00874672)
(-0.00236615 -0.00964501 0.00817727)
(-0.00246291 -0.00922168 0.00826653)
(-0.00287712 -0.0105719 0.00913638)
(-0.00270743 -0.0102609 0.00890434)
(-0.0028507 -0.0105109 0.0092474)
(-0.00265877 -0.0105083 0.00918593)
(-0.00287257 -0.0107675 0.00926816)
(-0.00279254 -0.0108337 0.00932998)
(-0.00263633 -0.0103249 0.00893562)
(-0.00290889 -0.0103336 0.00909358)
(-0.00263198 -0.0105123 0.0088554)
(-0.00281996 -0.0105197 0.00909226)
(-0.00272872 -0.0101963 0.00907172)
(-0.00264604 -0.0102066 0.00873675)
(-0.00284763 -0.0102489 0.00916884)
(-0.00262064 -0.00984526 0.00867286)
(-0.00286652 -0.0104723 0.00905281)
(-0.00303961 -0.0110788 0.00965194)
(-0.00284725 -0.0105193 0.00878982)
(-0.00284621 -0.0102753 0.00900905)
(-0.00254841 -0.00956267 0.00860366)
(-0.00269751 -0.0100669 0.00890652)
(-0.00283037 -0.00999311 0.00900345)
(-0.00258867 -0.00915927 0.00845454)
(-0.00270469 -0.010112 0.00858903)
(-0.00283335 -0.00980342 0.00867176)
(-0.0024034 -0.0107899 0.00973928)
(-0.00232771 -0.010541 0.00985538)
(-0.0024164 -0.0106971 0.00976701)
(-0.0025797 -0.0104779 0.00953036)
(-0.00235878 -0.0106986 0.00977266)
(-0.00242195 -0.0110578 0.0100079)
(-0.00243149 -0.0105711 0.00933433)
(-0.00288998 -0.0104749 0.00908883)
(-0.00262009 -0.0107804 0.00962117)
(-0.00231256 -0.01054 0.00976679)
(-0.00246132 -0.0102035 0.00930335)
(-0.00280234 -0.0105263 0.00920209)
(-0.00261525 -0.0107512 0.00977515)
(-0.00252482 -0.0101367 0.00923806)
(-0.00261228 -0.0102385 0.00924164)
(-0.00263931 -0.0103108 0.00939282)
(-0.002717 -0.0107357 0.0093229)
(-0.00241785 -0.00964573 0.00846116)
(-0.00241622 -0.0103107 0.00944702)
(-0.00256837 -0.0105543 0.00947977)
(-0.00260325 -0.0102069 0.00917863)
(-0.00262208 -0.0103235 0.00924622)
(-0.00271239 -0.0108483 0.00979782)
(-0.00286453 -0.0108147 0.00948082)
(-0.00234138 -0.0102228 0.00982194)
(-0.00259774 -0.0103064 0.00954328)
(-0.00238697 -0.00988879 0.00922775)
(-0.00269213 -0.0107618 0.00940419)
(-0.00244357 -0.0102692 0.00993722)
(-0.00248212 -0.0108677 0.0100195)
(-0.00296402 -0.0103058 0.0088937)
(-0.00259459 -0.00976926 0.00897871)
(-0.00288128 -0.0103259 0.00970342)
(-0.0025979 -0.00937087 0.00816478)
(-0.00284639 -0.0104289 0.00891447)
(-0.00281858 -0.0100919 0.0089022)
(-0.00278613 -0.0110243 0.0101928)
(-0.00281412 -0.010968 0.0102876)
(-0.00295853 -0.0117045 0.0103753)
(-0.00273534 -0.0113512 0.0107174)
(-0.00300361 -0.0111671 0.0099819)
(-0.00261916 -0.0109292 0.0103133)
(-0.00262845 -0.010946 0.010278)
(-0.002741 -0.0103874 0.00966306)
(-0.00266469 -0.0107597 0.00999012)
(-0.00261729 -0.0105016 0.00997663)
(-0.00279916 -0.0107188 0.00967642)
(-0.00263676 -0.0106893 0.00977131)
(-0.00275732 -0.0108862 0.0098276)
(-0.00311303 -0.0104262 0.00960349)
(-0.00291979 -0.0100841 0.0092185)
(-0.00281104 -0.00982549 0.00908136)
(-0.00301235 -0.0103737 0.00960542)
(-0.00267653 -0.0102435 0.0089236)
(-0.00269613 -0.00974511 0.0086847)
(-0.00239056 -0.010233 0.00870986)
(-0.00253167 -0.0103318 0.00873333)
(-0.00252955 -0.0100403 0.00858722)
(-0.00271609 -0.0105474 0.00879013)
(-0.00262525 -0.0102196 0.00870764)
(-0.00288885 -0.0105907 0.00925288)
(-0.00300293 -0.0106613 0.00929651)
(-0.00293754 -0.0102433 0.00907457)
(-0.00283823 -0.0104444 0.00923304)
(-0.00280279 -0.010203 0.00901195)
(-0.00312235 -0.0105347 0.00928549)
(-0.00271688 -0.0107119 0.00919043)
(-0.00290281 -0.0107553 0.00925621)
(-0.0027004 -0.0102661 0.00909312)
(-0.00265838 -0.0103743 0.00906124)
(-0.00271235 -0.0104209 0.00908738)
(-0.00279223 -0.0104003 0.0092111)
(-0.00271126 -0.0104266 0.00917483)
(-0.002787 -0.0106585 0.00923707)
(-0.00266315 -0.0107947 0.0095045)
(-0.00277557 -0.0106396 0.00926827)
(-0.00267774 -0.0108242 0.00940768)
(-0.00271077 -0.0101776 0.00900922)
(-0.00317491 -0.0111001 0.00953758)
(-0.00288308 -0.0108051 0.00933655)
(-0.00294441 -0.010707 0.00924972)
(-0.00269844 -0.0106011 0.00936198)
(-0.00278126 -0.0108609 0.00954012)
(-0.00280701 -0.0105837 0.00936977)
(-0.0025083 -0.0102305 0.00849484)
(-0.00270128 -0.00969408 0.00879055)
(-0.0028204 -0.0104188 0.00898404)
(-0.00246908 -0.00996216 0.00848568)
(-0.00259205 -0.0103514 0.00898655)
(-0.00292693 -0.0104285 0.00918466)
(-0.00299658 -0.0106989 0.00919863)
(-0.00283221 -0.00996767 0.00882032)
(-0.00269668 -0.0107674 0.00950759)
(-0.00275041 -0.0106667 0.0093466)
(-0.00303656 -0.010705 0.00936349)
(-0.00277231 -0.0106702 0.009396)
(-0.00282572 -0.0105167 0.00911038)
(-0.00281219 -0.0107877 0.00942602)
(-0.00289261 -0.0106209 0.00938476)
(-0.00276174 -0.0104306 0.00901351)
(-0.00288136 -0.0113939 0.0101574)
(-0.00271382 -0.0102973 0.00896955)
(-0.00268699 -0.0106047 0.00950848)
(-0.00278544 -0.0113285 0.0101067)
(-0.00283287 -0.0104907 0.00901605)
(-0.00288187 -0.0113297 0.00994658)
(-0.0027833 -0.0107596 0.00934779)
(-0.0028144 -0.0109226 0.0096365)
(-0.00287283 -0.0109796 0.00971115)
(-0.00302223 -0.0108035 0.00960864)
(-0.00276315 -0.0109904 0.00965761)
(-0.00270812 -0.0103548 0.00923952)
(-0.00298418 -0.0110998 0.00980647)
(-0.00259289 -0.0108224 0.0096131)
(-0.00269924 -0.0107148 0.00930601)
(-0.00261725 -0.0107111 0.00928491)
(-0.00288009 -0.0109269 0.00946469)
(-0.00293119 -0.0109958 0.0096323)
(-0.0026536 -0.0105532 0.00917615)
(-0.0026156 -0.00987737 0.0089339)
(-0.00253264 -0.00977727 0.00936071)
(-0.00220718 -0.00936301 0.00889779)
(-0.00273699 -0.0104378 0.00947155)
(-0.00276117 -0.01035 0.0093719)
(-0.00261492 -0.0103595 0.00896081)
(-0.00288168 -0.0104832 0.00902239)
(-0.00273312 -0.0101389 0.00861248)
(-0.00279711 -0.0105326 0.00953669)
(-0.00267966 -0.0101851 0.00824686)
(-0.00279248 -0.0107739 0.00925955)
(-0.00282554 -0.0101093 0.00877621)
(-0.002929 -0.0109724 0.00962409)
(-0.00302209 -0.0106333 0.00911336)
(-0.00297853 -0.010403 0.00908075)
(-0.00301261 -0.0109179 0.00962278)
(-0.00284262 -0.0111955 0.00963928)
(-0.0029131 -0.0106053 0.00939072)
(-0.00296284 -0.010975 0.00957615)
(-0.002973 -0.0101668 0.00902282)
(-0.00290314 -0.0105102 0.0091159)
(-0.00282631 -0.0103915 0.00907651)
(-0.00282925 -0.0107452 0.00934162)
(-0.00274654 -0.0109658 0.00954238)
(-0.00301369 -0.0110166 0.00954607)
(-0.00277803 -0.0104881 0.00908736)
(-0.00311095 -0.010559 0.00925775)
(-0.00277847 -0.011018 0.00964137)
(-0.00296049 -0.0110407 0.00956125)
(-0.00317901 -0.0111291 0.00986384)
(-0.00284143 -0.0108447 0.0094167)
(-0.00292815 -0.0106074 0.00939039)
(-0.00295248 -0.0108596 0.00966513)
(-0.0029168 -0.0105246 0.00923204)
(-0.00278677 -0.0103775 0.00908737)
(-0.0027439 -0.0104712 0.0090626)
(-0.00277256 -0.0107643 0.00920499)
(-0.0027376 -0.0104815 0.00916629)
(-0.00274859 -0.0101013 0.00900087)
(-0.00261867 -0.0100796 0.00860605)
(-0.00242548 -0.0097931 0.00912772)
(-0.00276732 -0.0101829 0.00886401)
(-0.0024472 -0.00976171 0.00919199)
(-0.0023784 -0.00942213 0.00830946)
(-0.00270856 -0.0106955 0.00924814)
(-0.00278146 -0.0105314 0.00906693)
(-0.00291804 -0.0109063 0.0096449)
(-0.00272641 -0.010899 0.00945808)
(-0.00284898 -0.0108312 0.00936652)
(-0.0026945 -0.011053 0.0096571)
(-0.0029076 -0.0109679 0.00958295)
(-0.00298225 -0.0106816 0.00927131)
(-0.00289613 -0.010923 0.00955382)
(-0.00296704 -0.0110106 0.00951709)
(-0.00286477 -0.0109157 0.00963672)
(-0.0027688 -0.0108381 0.00935477)
(-0.00270244 -0.0100831 0.00875796)
(-0.00261591 -0.0104449 0.00900021)
(-0.00281866 -0.0100617 0.00887906)
(-0.00259822 -0.0104785 0.0089507)
(-0.00253525 -0.0105258 0.0089982)
(-0.00254528 -0.0104701 0.00883288)
(-0.00300016 -0.00999652 0.00891479)
(-0.00308069 -0.0108522 0.00962915)
(-0.0030277 -0.0104902 0.00922225)
(-0.00291579 -0.0106543 0.00947289)
(-0.00297943 -0.0109328 0.00949431)
(-0.00268038 -0.0102266 0.00892521)
(-0.00298039 -0.0103621 0.0092704)
(-0.00276713 -0.010329 0.00896516)
(-0.00286572 -0.0108181 0.00949459)
(-0.00277102 -0.0102807 0.0089998)
(-0.00264876 -0.0104815 0.00918933)
(-0.00275532 -0.0107338 0.00918946)
(-0.00297226 -0.0108082 0.00949682)
(-0.00273703 -0.0104894 0.00900097)
(-0.00296054 -0.0101638 0.00884636)
(-0.00279241 -0.0103199 0.00904395)
(-0.00282921 -0.0105701 0.00934604)
(-0.00287723 -0.0105014 0.00925145)
(-0.00283289 -0.0104962 0.0092158)
(-0.00272997 -0.0105023 0.00900597)
(-0.00281048 -0.0107304 0.00918151)
(-0.00279245 -0.0101927 0.00885937)
(-0.00305023 -0.0103599 0.00903474)
(-0.00300816 -0.0108753 0.00947786)
(-0.00281061 -0.0105093 0.00927218)
(-0.00296791 -0.0104563 0.00902051)
(-0.0026837 -0.0103314 0.00902429)
(-0.00261106 -0.0105599 0.00943285)
(-0.00262902 -0.0103076 0.00911079)
(-0.00294521 -0.0108711 0.00939465)
(-0.00291933 -0.0104066 0.00911446)
(-0.0027835 -0.0109652 0.00942691)
(-0.00290696 -0.0107467 0.00922558)
(-0.00267223 -0.0104461 0.00910601)
(-0.00290884 -0.0107378 0.009425)
(-0.00262563 -0.0105439 0.00942342)
(-0.0029515 -0.0109716 0.00964966)
(-0.00271742 -0.0107362 0.00952757)
(-0.00272297 -0.0107893 0.00932492)
(-0.00308789 -0.0108463 0.00939591)
(-0.00296252 -0.0106672 0.009178)
(-0.00286278 -0.0106256 0.0092669)
(-0.00292261 -0.0107426 0.00935751)
(-0.00290196 -0.0106468 0.00923677)
(-0.00320202 -0.0109013 0.00947273)
(-0.00264212 -0.0105587 0.00931143)
(-0.00291893 -0.0106167 0.00921953)
(-0.00295237 -0.0105069 0.00907573)
(-0.0029085 -0.0105574 0.00913151)
(-0.00280457 -0.0107226 0.00938141)
(-0.00289543 -0.0103753 0.00911585)
(-0.00286716 -0.0108549 0.0093487)
(-0.00297214 -0.010645 0.0092358)
(-0.00316478 -0.0109621 0.00973001)
(-0.00299359 -0.0106927 0.00942308)
(-0.00273597 -0.0100346 0.00878862)
(-0.0027342 -0.0105303 0.00903796)
(-0.00280088 -0.0100974 0.00881333)
(-0.00284895 -0.0103209 0.00916808)
(-0.0030242 -0.0102003 0.00907028)
(-0.00306036 -0.010554 0.00940687)
(-0.00268247 -0.00975869 0.0085832)
(-0.00271218 -0.010518 0.00901224)
(-0.00273947 -0.0103925 0.00891492)
(-0.00293439 -0.0104619 0.00925816)
(-0.00268638 -0.0101676 0.00884525)
(-0.00298089 -0.010151 0.00903924)
(-0.0031011 -0.0107002 0.00946971)
(-0.00294531 -0.0102246 0.00909645)
(-0.00275809 -0.0096319 0.0084725)
(-0.00247147 -0.00949588 0.00832808)
(-0.00245758 -0.0099667 0.00816951)
(-0.00271198 -0.0102136 0.00913476)
(-0.00260287 -0.0101131 0.00894785)
(-0.00306143 -0.0112358 0.00945008)
(-0.00306369 -0.0103796 0.00975352)
(-0.00275811 -0.0100833 0.00911866)
(-0.00253397 -0.00963118 0.00843769)
(-0.00294285 -0.0101694 0.0089624)
(-0.00266485 -0.00990321 0.00864287)
(-0.00267553 -0.0110314 0.00955219)
(-0.00259009 -0.0102338 0.00898915)
(-0.00312697 -0.0113533 0.00970222)
(-0.00298061 -0.00966832 0.00868652)
(-0.0024817 -0.00976842 0.00998417)
(-0.00284794 -0.0104871 0.00814685)
(-0.00229585 -0.0121416 0.00920841)
(-0.0032768 -0.0110493 0.0104386)
(-0.00276003 -0.0100891 0.00897285)
(-0.00260548 -0.00975122 0.00826202)
(-0.00246374 -0.00975935 0.00881748)
(-0.00279848 -0.0102025 0.00882887)
(-0.00260221 -0.0106348 0.00955315)
(-0.00277118 -0.0105786 0.00910801)
(-0.00273999 -0.0102264 0.0091065)
(-0.0029682 -0.0105481 0.0089196)
(-0.00275926 -0.0100656 0.00846997)
(-0.00255379 -0.0104043 0.00918235)
(-0.00275938 -0.0103171 0.00902424)
(-0.00304817 -0.0110081 0.0095753)
(-0.00289195 -0.010853 0.00928286)
(-0.00307001 -0.0106957 0.0092617)
(-0.00287737 -0.0106117 0.00939064)
(-0.00281446 -0.010568 0.00919013)
(-0.0028103 -0.0104805 0.00904549)
(-0.00267384 -0.0105487 0.00924555)
(-0.00268513 -0.0102403 0.00906333)
(-0.00280224 -0.0105591 0.00965544)
(-0.00267421 -0.0104942 0.00927983)
(-0.00292865 -0.0108134 0.00961166)
(-0.00266582 -0.0105349 0.00933366)
(-0.0029631 -0.0107597 0.00939001)
(-0.00255195 -0.0105612 0.00936799)
(-0.00284212 -0.0105259 0.00910225)
(-0.00316838 -0.0106565 0.00940379)
(-0.00272583 -0.0107743 0.00949466)
(-0.00294192 -0.0105902 0.00926311)
(-0.00287208 -0.0104857 0.00917007)
(-0.00300502 -0.010828 0.00961713)
(-0.0028448 -0.0107805 0.0093082)
(-0.00290619 -0.0106381 0.00923515)
(-0.0028773 -0.0106149 0.00924245)
(-0.00286564 -0.0110185 0.0097352)
(-0.00302052 -0.0109627 0.00964433)
(-0.00306845 -0.0108808 0.00943475)
(-0.00312163 -0.0108003 0.00938194)
(-0.00294165 -0.010446 0.00912933)
(-0.00311712 -0.0105373 0.00922729)
(-0.00289262 -0.0102439 0.0089366)
(-0.00313201 -0.0106944 0.00920428)
(-0.00295068 -0.0106757 0.00940623)
(-0.00241786 -0.010261 0.00886717)
(-0.00249679 -0.00913599 0.00869976)
(-0.00282249 -0.0107842 0.0092339)
(-0.00235807 -0.00978801 0.00796271)
(-0.00231386 -0.00926827 0.00817653)
(-0.00250159 -0.00962784 0.00858224)
(-0.00265301 -0.0100299 0.00903167)
(-0.00260899 -0.0097801 0.00862919)
(-0.00235061 -0.00910543 0.00818786)
(-0.00263093 -0.00968053 0.0086007)
(-0.0027314 -0.00968524 0.00887496)
(-0.00301502 -0.0114491 0.00957347)
(-0.00248691 -0.00991347 0.00885681)
(-0.00271225 -0.010916 0.00944892)
(-0.00284344 -0.0107709 0.00904072)
(-0.0026108 -0.00973346 0.00890102)
(-0.00269876 -0.0102854 0.00887293)
(-0.00270223 -0.00982849 0.00873701)
(-0.00280742 -0.0101211 0.0088924)
(-0.00277837 -0.00981304 0.0086228)
(-0.00285374 -0.0102315 0.00911558)
(-0.00275871 -0.0107763 0.00933217)
(-0.0028282 -0.0100905 0.00914961)
(-0.00285655 -0.0101618 0.00883598)
(-0.00307913 -0.0106019 0.00929611)
(-0.0026123 -0.010665 0.00898367)
(-0.00270909 -0.00958266 0.00857091)
(-0.00286465 -0.0103046 0.0089392)
(-0.00276976 -0.0106403 0.00903849)
(-0.00265352 -0.0102875 0.00913402)
(-0.00250505 -0.0103242 0.00905786)
(-0.00282307 -0.0106966 0.00928481)
(-0.00275814 -0.0109984 0.00946456)
(-0.00276681 -0.0103164 0.00888761)
(-0.00276948 -0.0106289 0.00928368)
(-0.00286045 -0.0105867 0.00920681)
(-0.00264879 -0.0106014 0.00934281)
(-0.00289191 -0.0109559 0.00944048)
(-0.00279498 -0.0106841 0.00934602)
(-0.0026565 -0.0104476 0.00917333)
(-0.00283742 -0.0107846 0.0093789)
(-0.00279523 -0.0109153 0.0094696)
(-0.00277095 -0.0106618 0.00921494)
(-0.00263869 -0.0104712 0.00914034)
(-0.0028439 -0.0104607 0.00894956)
(-0.00258971 -0.00995114 0.00879006)
(-0.00272339 -0.0100599 0.00867549)
(-0.00289825 -0.0104182 0.00862657)
(-0.00283521 -0.0101347 0.00865591)
(-0.00263441 -0.00982652 0.00875474)
(-0.00278343 -0.0103655 0.00864634)
(-0.00246391 -0.00971953 0.00852254)
(-0.0026121 -0.0100051 0.00883329)
(-0.00269153 -0.0104445 0.00890932)
(-0.00289215 -0.010573 0.00896425)
(-0.00255612 -0.00980851 0.00824412)
(-0.00309119 -0.0110229 0.0095155)
(-0.00288658 -0.0105935 0.00956806)
(-0.00277908 -0.0107553 0.0094199)
(-0.00262155 -0.0104082 0.00931996)
(-0.00285635 -0.0103365 0.00901909)
(-0.00277045 -0.0102545 0.008733)
(-0.00275346 -0.0105358 0.00903928)
(-0.00264899 -0.0100273 0.00867749)
(-0.00270285 -0.0105565 0.00897716)
(-0.00265942 -0.0103604 0.00893373)
(-0.00244287 -0.0103336 0.00886692)
(-0.00248075 -0.0101779 0.00873139)
(-0.00266897 -0.0104051 0.00896725)
(-0.00265607 -0.0101772 0.00889065)
(-0.00183718 -0.0084668 0.00711923)
(-0.00167684 -0.00965085 0.00784752)
(-0.00173769 -0.00874298 0.00727006)
(-0.00201747 -0.00885363 0.00752159)
(-0.0017572 -0.00890924 0.0074301)
(-0.00208837 -0.00871793 0.00730782)
(-0.00224702 -0.00854976 0.00743337)
(-0.00249811 -0.00857113 0.00778459)
(-0.0025789 -0.00868113 0.00839642)
(-0.00260307 -0.00933937 0.00820672)
(-0.0024667 -0.00897552 0.00805806)
(-0.00227929 -0.00887909 0.00749285)
(-0.00237171 -0.00906691 0.0078864)
(-0.00224156 -0.00918606 0.00752884)
(-0.00241436 -0.00912066 0.00772238)
(-0.00235313 -0.00969018 0.008228)
(-0.00213779 -0.00942637 0.00779601)
(-0.00244387 -0.00904937 0.00800335)
(-0.00193049 -0.00874896 0.00741357)
(-0.00217095 -0.00870904 0.00737445)
(-0.00316873 -0.0109497 0.00959404)
(-0.00307719 -0.0112957 0.0095523)
(-0.00244239 -0.0101477 0.00938368)
(-0.00256488 -0.00992935 0.0093679)
(-0.00248522 -0.00917089 0.00861508)
(-0.00305692 -0.010509 0.00916908)
(-0.00266935 -0.00970526 0.00943921)
(-0.00299401 -0.0108471 0.00875825)
(-0.00266757 -0.0103286 0.00956752)
(-0.00259465 -0.00986646 0.00931743)
(-0.00265064 -0.00997523 0.00875584)
(-0.00258806 -0.00971576 0.00871608)
(-0.00245751 -0.00952422 0.00853268)
(-0.00263256 -0.0102753 0.00895353)
(-0.00266549 -0.0101469 0.00887156)
(-0.00277387 -0.010744 0.00972112)
(-0.00247992 -0.00978698 0.00845747)
(-0.00262391 -0.00979566 0.00859831)
(-0.00265128 -0.0103695 0.00908362)
(-0.00272741 -0.0101555 0.00883703)
(-0.00284353 -0.00999238 0.00891764)
(-0.00297455 -0.0106716 0.00933427)
(-0.00280589 -0.0103183 0.00904652)
(-0.00243058 -0.0101607 0.00888886)
(-0.00273253 -0.0106688 0.0092809)
(-0.00271945 -0.0101998 0.00888521)
(-0.00266683 -0.010476 0.00894282)
(-0.00297979 -0.0103552 0.00920102)
(-0.00263943 -0.0100831 0.0088139)
(-0.00277365 -0.0100782 0.00897663)
(-0.00275311 -0.0103587 0.00909811)
(-0.00273669 -0.0098846 0.00887979)
(-0.00261276 -0.0104721 0.00918947)
(-0.00248799 -0.0101449 0.0087351)
(-0.00260473 -0.0101409 0.00875623)
(-0.00250749 -0.0100058 0.00860063)
(-0.00298033 -0.0101199 0.00906829)
(-0.00270433 -0.0100096 0.00876115)
(-0.00287537 -0.0101942 0.00925855)
(-0.00270955 -0.00970158 0.00836865)
(-0.00264207 -0.00972529 0.00872911)
(-0.00282457 -0.0103292 0.00931674)
(-0.0028658 -0.0102019 0.00918727)
(-0.00237399 -0.0101769 0.00854687)
(-0.0026695 -0.0106199 0.00866243)
(-0.00305128 -0.0100008 0.00938535)
(-0.00308921 -0.0099686 0.00909643)
(-0.00267706 -0.00947715 0.00834204)
(-0.00234464 -0.00963315 0.00819439)
(-0.00282631 -0.0105857 0.00902129)
(-0.0027196 -0.010588 0.00910968)
(-0.00252422 -0.0101296 0.00870067)
(-0.00284714 -0.0111633 0.00989079)
(-0.00283413 -0.00976374 0.00921502)
(-0.0025931 -0.0112104 0.00958804)
(-0.00261383 -0.0104568 0.00886144)
(-0.0024724 -0.010064 0.00869677)
(-0.00262048 -0.0108122 0.00932676)
(-0.00260356 -0.0106041 0.00925026)
(-0.00296466 -0.0113061 0.00977776)
(-0.00289063 -0.0107134 0.00943548)
(-0.00289503 -0.0108802 0.00966148)
(-0.00287608 -0.010849 0.00943578)
(-0.00287564 -0.0108962 0.00951185)
(-0.00280001 -0.0104454 0.00904386)
(-0.00261361 -0.0110434 0.00952534)
(-0.00297407 -0.0104517 0.00921008)
(-0.00269834 -0.0110282 0.00964299)
(-0.00252375 -0.0101311 0.00870261)
(-0.0027551 -0.0101703 0.00873033)
(-0.00277903 -0.0100634 0.00884585)
(-0.00307705 -0.0107342 0.00983073)
(-0.00263405 -0.0100253 0.00880435)
(-0.00279537 -0.0105577 0.00917853)
(-0.00304844 -0.0104809 0.00993326)
(-0.0026449 -0.00956475 0.00850624)
(-0.00269118 -0.0101323 0.00876755)
(-0.0028047 -0.00970716 0.00879088)
(-0.00269032 -0.00945636 0.00855641)
(-0.00256859 -0.0101179 0.00895087)
(-0.00240104 -0.00982728 0.00813776)
(-0.0024617 -0.0101603 0.00908862)
(-0.00268259 -0.0116292 0.00984845)
(-0.00313625 -0.0107684 0.00953974)
(-0.00242479 -0.0101828 0.00959128)
(-0.0025486 -0.0100296 0.00934382)
(-0.00270624 -0.0104226 0.00912777)
(-0.00266181 -0.00999779 0.00869528)
(-0.00235126 -0.0103158 0.00972488)
(-0.00267814 -0.00957032 0.00863916)
(-0.00271779 -0.0101754 0.00872001)
(-0.0026461 -0.0103142 0.00945421)
(-0.00287028 -0.0108577 0.00934324)
(-0.00301292 -0.0108448 0.00901996)
(-0.0026088 -0.00972595 0.00896849)
(-0.00293793 -0.010965 0.0102154)
(-0.00276202 -0.0104332 0.00919184)
(-0.00236128 -0.00956462 0.00857868)
(-0.00259777 -0.0094709 0.00851881)
(-0.00283719 -0.00995872 0.00841013)
(-0.00276527 -0.00940528 0.00827682)
(-0.00249868 -0.00908909 0.00806622)
(-0.00289157 -0.00996399 0.00856696)
(-0.00258648 -0.0091004 0.00795543)
(-0.00239829 -0.00954611 0.00807439)
(-0.00264369 -0.0098024 0.00884848)
(-0.00250963 -0.0102826 0.0092065)
(-0.00313051 -0.0109949 0.00971454)
(-0.00276451 -0.0105169 0.00910213)
(-0.00249824 -0.0107457 0.00942993)
(-0.00260378 -0.0106583 0.00944879)
(-0.00298313 -0.0104279 0.00908827)
(-0.00299214 -0.010911 0.00966985)
(-0.00269198 -0.0102908 0.00882031)
(-0.00287694 -0.0106847 0.00932501)
(-0.00284045 -0.0106977 0.00941933)
(-0.0029725 -0.0108953 0.00961742)
(-0.00273485 -0.0104315 0.00913223)
(-0.00303676 -0.0109583 0.00956299)
(-0.00286029 -0.0106667 0.00932823)
(-0.00279871 -0.0106625 0.00940182)
(-0.00284246 -0.0108512 0.00939687)
(-0.00294617 -0.0108948 0.00961044)
(-0.0028971 -0.0109748 0.00967756)
(-0.00269795 -0.0105667 0.00928231)
(-0.0026996 -0.0106062 0.00931182)
(-0.00276863 -0.0108222 0.00938569)
(-0.00272326 -0.0104551 0.00902848)
(-0.00274213 -0.0104897 0.00917922)
(-0.00281074 -0.0105191 0.00918857)
(-0.00290098 -0.0107155 0.00943365)
(-0.00288639 -0.0105433 0.00907241)
(-0.00294005 -0.0100013 0.00887394)
(-0.00259974 -0.00979616 0.00836416)
(-0.0027677 -0.00986221 0.00887266)
(-0.00234279 -0.0094441 0.00775332)
(-0.00259069 -0.0102694 0.00874089)
(-0.00277417 -0.0111667 0.00949737)
(-0.00284832 -0.0107144 0.00896808)
(-0.00289421 -0.0105209 0.00903205)
(-0.00276938 -0.00981482 0.00889909)
(-0.00264601 -0.0102713 0.00878176)
(-0.00253057 -0.0090389 0.00769195)
(-0.00272903 -0.0107134 0.00927649)
(-0.00275367 -0.0100542 0.00859469)
(-0.00266519 -0.0106523 0.00917749)
(-0.00266724 -0.0100905 0.00885236)
(-0.00282368 -0.0101384 0.00905116)
(-0.00234626 -0.0100345 0.0080197)
(-0.0025513 -0.00998463 0.00839438)
(-0.00280291 -0.0101236 0.0090735)
(-0.00251853 -0.00906124 0.00763653)
(-0.00273305 -0.00999337 0.00935347)
(-0.00282333 -0.0102982 0.00946936)
(-0.00272852 -0.0100089 0.00843684)
(-0.00273521 -0.0108494 0.00960961)
(-0.00306612 -0.010656 0.00963644)
(-0.00272487 -0.00951856 0.00855484)
(-0.0028379 -0.0102083 0.00880058)
(-0.00278519 -0.0105717 0.00889142)
(-0.00290492 -0.0108982 0.00912969)
(-0.00304149 -0.0111886 0.00992177)
(-0.00287273 -0.0112593 0.00976406)
(-0.00264537 -0.011471 0.00981316)
(-0.00263034 -0.0109642 0.00917406)
(-0.00252828 -0.0103226 0.00884773)
(-0.00290256 -0.0104828 0.00909403)
(-0.00277503 -0.0104005 0.00888261)
(-0.00292273 -0.0105094 0.00916329)
(-0.00292567 -0.0111681 0.00934284)
(-0.00278867 -0.00959112 0.0084667)
(-0.00291053 -0.0105639 0.00920979)
(-0.00251727 -0.010094 0.00879836)
(-0.00294286 -0.0101076 0.00896697)
(-0.00268369 -0.00984668 0.00936285)
(-0.0024623 -0.0103125 0.00869425)
(-0.00264859 -0.00941284 0.00868585)
(-0.00271149 -0.0106443 0.00879338)
(-0.00293977 -0.010041 0.00929138)
(-0.00305102 -0.0106137 0.00991049)
(-0.00290653 -0.010694 0.00933261)
(-0.00300006 -0.0108868 0.00942954)
(-0.00284226 -0.0106559 0.00921253)
(-0.00283956 -0.0103257 0.00892429)
(-0.00298954 -0.0107532 0.00932815)
(-0.00299235 -0.0107535 0.00931547)
(-0.00267858 -0.0107908 0.00955674)
(-0.00268524 -0.0105456 0.00913911)
(-0.00274453 -0.0103225 0.00899986)
(-0.00276886 -0.0104423 0.00907945)
(-0.00283653 -0.0104014 0.00904499)
(-0.00277377 -0.0104461 0.00903321)
(-0.00289364 -0.0107604 0.00934186)
(-0.0027316 -0.0106164 0.0092308)
(-0.00282171 -0.0104447 0.0090623)
(-0.00252652 -0.0104307 0.00917151)
(-0.00272222 -0.0105513 0.00920246)
(-0.00270132 -0.0104401 0.00916779)
(-0.00289692 -0.0107746 0.00951019)
(-0.00275197 -0.0107227 0.00929909)
(-0.00295641 -0.0109105 0.00946085)
(-0.00281358 -0.0106527 0.00923397)
(-0.00282078 -0.0102441 0.00885395)
(-0.00286434 -0.01077 0.00939984)
(-0.0030354 -0.0106216 0.00912092)
(-0.00298724 -0.010921 0.0094864)
(-0.00293095 -0.0107457 0.009322)
(-0.00286421 -0.0107137 0.00944492)
(-0.00286271 -0.0104714 0.0090395)
(-0.00302823 -0.0105483 0.00919164)
(-0.00273561 -0.0100633 0.00875083)
(-0.00284946 -0.0107546 0.00950623)
(-0.00274099 -0.0107913 0.00939496)
(-0.00263113 -0.0101913 0.00887011)
(-0.00244764 -0.0110244 0.00911407)
(-0.00277503 -0.0112238 0.00981356)
(-0.00282062 -0.0111082 0.00969822)
(-0.00274328 -0.0106842 0.00928874)
(-0.00230242 -0.0104343 0.00904286)
(-0.00282107 -0.0108582 0.00934417)
(-0.00254253 -0.0106497 0.00917171)
(-0.00301444 -0.0108557 0.00955268)
(-0.00288936 -0.010218 0.00907816)
(-0.00311071 -0.0107388 0.00949272)
(-0.00261034 -0.0103142 0.00883241)
(-0.00268172 -0.0103738 0.00898183)
(-0.0026667 -0.0105666 0.00911925)
(-0.00274256 -0.0102579 0.00885318)
(-0.00292907 -0.0103773 0.00910241)
(-0.00269665 -0.0104144 0.00901602)
(-0.00254644 -0.0106973 0.00926487)
(-0.00264281 -0.0101235 0.00883088)
(-0.00291054 -0.0105866 0.0092848)
(-0.00289173 -0.0106166 0.00927427)
(-0.00271418 -0.0105315 0.00921861)
(-0.00287559 -0.010634 0.00915818)
(-0.00285799 -0.0101376 0.00901472)
(-0.00284679 -0.0108371 0.00950298)
(-0.00262452 -0.0102367 0.0089901)
(-0.00283573 -0.0104732 0.00923356)
(-0.00297182 -0.0109363 0.00936501)
(-0.00262003 -0.00999295 0.00898627)
(-0.00266476 -0.0104908 0.00952926)
(-0.00272308 -0.0104279 0.00913394)
(-0.00265988 -0.0101567 0.00902034)
(-0.00279371 -0.0105763 0.00963921)
(-0.00270167 -0.0105419 0.00943934)
(-0.0028852 -0.0109532 0.00938326)
(-0.00270032 -0.0101688 0.00892402)
(-0.00283682 -0.0106922 0.00935331)
(-0.00268285 -0.0106421 0.00940993)
(-0.00270127 -0.0107689 0.00938128)
(-0.00290811 -0.0104835 0.00919557)
(-0.00281354 -0.0109062 0.00958668)
(-0.00263758 -0.0108197 0.00923303)
(-0.00295964 -0.0111783 0.00962128)
(-0.0030156 -0.0109576 0.00960378)
(-0.00280169 -0.0105666 0.00930624)
(-0.00314015 -0.0113653 0.00993552)
(-0.0029356 -0.0109528 0.0094444)
(-0.00285416 -0.011353 0.00987649)
(-0.00298477 -0.0112625 0.00973491)
(-0.00291658 -0.0103499 0.00911305)
(-0.00255557 -0.0102352 0.00874757)
(-0.00251133 -0.0113842 0.0093921)
(-0.00260518 -0.0105868 0.00888757)
(-0.00268411 -0.01064 0.00917826)
(-0.0029636 -0.0109371 0.00962454)
(-0.00306016 -0.0104077 0.00962979)
(-0.00279042 -0.00977023 0.009069)
(-0.00265852 -0.0102386 0.00869477)
(-0.0029069 -0.0108453 0.00939712)
(-0.00324204 -0.0110869 0.0100374)
(-0.0028653 -0.0115293 0.010215)
(-0.00282519 -0.0114173 0.00994545)
(-0.00256268 -0.0102754 0.00889727)
(-0.00271111 -0.0102967 0.00911955)
(-0.00246591 -0.010187 0.00868813)
(-0.00294379 -0.0107571 0.00947941)
(-0.0026683 -0.0103136 0.00911935)
(-0.0027859 -0.0105236 0.00935058)
(-0.00266755 -0.0108688 0.00985805)
(-0.00272666 -0.0105081 0.00909189)
(-0.00264146 -0.0103065 0.00905456)
(-0.00296732 -0.010735 0.00941135)
(-0.00227071 -0.0105013 0.00945013)
(-0.00282347 -0.0105803 0.00921641)
(-0.00279089 -0.0104432 0.0091187)
(-0.00268882 -0.0104691 0.00910957)
(-0.0027237 -0.0104938 0.00909455)
(-0.00253521 -0.0102533 0.00900922)
(-0.00252668 -0.0105931 0.00939718)
(-0.00278 -0.0103935 0.00901099)
(-0.00266767 -0.0104698 0.00932361)
(-0.00288086 -0.0105083 0.00912936)
(-0.00261245 -0.0106384 0.009462)
(-0.00305933 -0.0111658 0.00978149)
(-0.00268705 -0.0107355 0.00954124)
(-0.00264288 -0.0107458 0.00961125)
(-0.00280826 -0.010706 0.00931658)
(-0.00284375 -0.0108229 0.00957122)
(-0.00261422 -0.0104022 0.00924323)
(-0.00264499 -0.0108384 0.00955827)
(-0.00291947 -0.0109858 0.00958114)
(-0.00269273 -0.0108523 0.00981919)
(-0.00274687 -0.0103064 0.00903787)
(-0.00277382 -0.0105848 0.0093454)
(-0.00224591 -0.00952655 0.00921798)
(-0.00251464 -0.00995101 0.00886745)
(-0.00271184 -0.010221 0.009896)
(-0.00289407 -0.0101457 0.00901679)
(-0.002759 -0.0101503 0.00975551)
(-0.00272294 -0.0106248 0.00946372)
(-0.00239401 -0.0102143 0.00973649)
(-0.00252082 -0.0104495 0.00906763)
(-0.00282156 -0.0107655 0.00942205)
(-0.00269057 -0.0105005 0.00930425)
(-0.00271366 -0.010311 0.00901583)
(-0.00289574 -0.0106332 0.00914294)
(-0.002626 -0.010699 0.00919453)
(-0.00279174 -0.0105649 0.00917107)
(-0.0028597 -0.0106364 0.00915245)
(-0.00272995 -0.0100991 0.00857614)
(-0.00310924 -0.0108769 0.00946569)
(-0.00296218 -0.0106888 0.00976374)
(-0.0027236 -0.00966063 0.00880794)
(-0.00290353 -0.0101363 0.00936471)
(-0.0028896 -0.0105842 0.00919761)
(-0.00274817 -0.00993452 0.00862343)
(-0.00266925 -0.0101103 0.00858513)
(-0.00274032 -0.0104301 0.00902324)
(-0.00269019 -0.0105707 0.00926123)
(-0.00272689 -0.00995277 0.00888677)
(-0.00267429 -0.010426 0.00870417)
(-0.00276109 -0.0106358 0.00918741)
(-0.00268576 -0.0102791 0.00893539)
(-0.00257954 -0.010354 0.00893964)
(-0.00286088 -0.0102988 0.00910258)
(-0.00244877 -0.0101224 0.00854458)
(-0.00283742 -0.0105837 0.00917612)
(-0.00258777 -0.0102212 0.0087186)
(-0.00261904 -0.0100162 0.00878521)
(-0.00261508 -0.0103894 0.00885286)
(-0.00257519 -0.0102882 0.0088065)
(-0.00272947 -0.00997019 0.00877697)
(-0.00316142 -0.0108659 0.00952106)
(-0.00292271 -0.0102621 0.00899997)
(-0.00278865 -0.0109332 0.00934715)
(-0.0028746 -0.010429 0.0094093)
(-0.00263916 -0.0109997 0.00880541)
(-0.00256825 -0.0096996 0.0089085)
(-0.00236763 -0.0100711 0.00844929)
(-0.00253344 -0.0108114 0.00904999)
(-0.0025951 -0.0106201 0.00926565)
(-0.00250675 -0.0104268 0.00923848)
(-0.0027481 -0.0108833 0.00946998)
(-0.00291369 -0.0108236 0.00932074)
(-0.00297651 -0.0109002 0.00942372)
(-0.0026309 -0.0102391 0.0090164)
(-0.00262813 -0.010597 0.0092028)
(-0.0027321 -0.0108306 0.00940998)
(-0.00254384 -0.0109036 0.00950452)
(-0.00272967 -0.0105402 0.009198)
(-0.00266246 -0.0109047 0.00944533)
(-0.00267781 -0.0107029 0.00936209)
(-0.00261226 -0.0109711 0.00955992)
(-0.00272521 -0.0105507 0.00921552)
(-0.00261954 -0.0104805 0.00903453)
(-0.00256734 -0.0107561 0.00939195)
(-0.00256745 -0.0104261 0.00904993)
(-0.00272486 -0.0103539 0.00902948)
(-0.00280971 -0.0106885 0.00932323)
(-0.00256194 -0.010419 0.0091971)
(-0.00272322 -0.0107842 0.0095952)
(-0.00268672 -0.0107071 0.00947901)
(-0.00271052 -0.0107261 0.009316)
(-0.00288647 -0.0108879 0.00948791)
(-0.00260927 -0.0107376 0.00946717)
(-0.00279879 -0.0104499 0.00923308)
(-0.00271957 -0.0101769 0.00899295)
(-0.00252296 -0.00984601 0.00874631)
(-0.00259523 -0.0105552 0.00936168)
(-0.00260525 -0.0103512 0.00911982)
(-0.00261651 -0.0105858 0.00921091)
(-0.00280021 -0.0109787 0.00929761)
(-0.00273589 -0.0103199 0.00912561)
(-0.00245036 -0.0103326 0.00918552)
(-0.00255699 -0.0100713 0.00892962)
(-0.00265994 -0.0102488 0.00902298)
(-0.00239959 -0.0104358 0.00937726)
(-0.00271081 -0.0103216 0.00909496)
(-0.00260883 -0.0103657 0.00908709)
(-0.00263723 -0.01052 0.00932247)
(-0.00252496 -0.0100217 0.00898445)
(-0.00251574 -0.010477 0.00930802)
(-0.0025856 -0.00997911 0.00874859)
(-0.00258938 -0.0102998 0.00904093)
(-0.00240231 -0.00987167 0.00884637)
(-0.0026481 -0.0103248 0.00896628)
(-0.00263101 -0.0108805 0.0103841)
(-0.00253865 -0.0105746 0.0100053)
(-0.00249691 -0.011063 0.0101862)
(-0.00242741 -0.0105122 0.00977111)
(-0.00254716 -0.0106027 0.00990759)
(-0.00240227 -0.0102926 0.0095759)
(-0.00278598 -0.0103934 0.00936929)
(-0.00295052 -0.010694 0.00963572)
(-0.00277466 -0.0111379 0.0103015)
(-0.00275959 -0.0101721 0.00956058)
(-0.00267639 -0.0106039 0.00958467)
(-0.00252391 -0.0106283 0.00961584)
(-0.00249544 -0.0103377 0.00975503)
(-0.0027541 -0.0110633 0.0100109)
(-0.00273569 -0.0105421 0.00998358)
(-0.00289888 -0.0113885 0.00995373)
(-0.00289296 -0.0104692 0.00933953)
(-0.00260518 -0.0102911 0.00929506)
(-0.00271997 -0.0104775 0.00961976)
(-0.0028576 -0.0112079 0.0098755)
(-0.00291113 -0.0102716 0.00935073)
(-0.00260907 -0.00975945 0.00906385)
(-0.00252061 -0.0100765 0.00938813)
(-0.00282127 -0.0105054 0.00913141)
(-0.00261018 -0.0101613 0.00940683)
(-0.00282215 -0.0106392 0.00968524)
(-0.00274285 -0.0110174 0.00994819)
(-0.0025171 -0.0105179 0.00950548)
(-0.0028392 -0.0114219 0.0101435)
(-0.00291131 -0.0111606 0.00994731)
(-0.00263166 -0.010929 0.00940517)
(-0.00247336 -0.0100716 0.00934225)
(-0.00247024 -0.0105264 0.00952545)
(-0.00288767 -0.0104429 0.00879666)
(-0.00244603 -0.00977877 0.00880294)
(-0.00259805 -0.0109481 0.00962747)
(-0.00240947 -0.0104462 0.00938192)
(-0.00232646 -0.0111807 0.00997839)
(-0.00260461 -0.0104638 0.00921333)
(-0.00212079 -0.010292 0.00939597)
(-0.00225188 -0.0107858 0.00972904)
(-0.00232803 -0.0105839 0.00949976)
(-0.00227928 -0.0108381 0.00965257)
(-0.00262074 -0.0105718 0.0091717)
(-0.00251218 -0.0102634 0.00903355)
(-0.00274704 -0.0113437 0.0104814)
(-0.00249903 -0.0107608 0.00985461)
(-0.00230468 -0.0110756 0.0104103)
(-0.0025153 -0.0106636 0.00982584)
(-0.002721 -0.0102886 0.00938345)
(-0.0025738 -0.00995591 0.00893536)
(-0.00262192 -0.0101511 0.00867812)
(-0.00297518 -0.0104374 0.00911226)
(-0.00274948 -0.0101556 0.00922535)
(-0.00258464 -0.0101431 0.00864829)
(-0.00282964 -0.0106054 0.00914039)
(-0.00277692 -0.0104277 0.0090095)
(-0.00299079 -0.0103933 0.00922984)
(-0.00273753 -0.0103411 0.00899911)
(-0.00252573 -0.010919 0.00920909)
(-0.0027974 -0.0104951 0.00916136)
(-0.00277667 -0.0100701 0.00885068)
(-0.00275259 -0.0105544 0.00920377)
(-0.00287073 -0.0104527 0.00912912)
(-0.0028335 -0.010658 0.00920858)
(-0.00276411 -0.0104925 0.00923717)
(-0.00307737 -0.0108186 0.00956093)
(-0.00281972 -0.0100313 0.00896779)
(-0.002786 -0.010262 0.00885387)
(-0.00276809 -0.0109833 0.00892106)
(-0.00257002 -0.00949281 0.00848852)
(-0.00261346 -0.00979459 0.00851505)
(-0.00282962 -0.00988991 0.00915477)
(-0.0028837 -0.0106979 0.00915304)
(-0.00257059 -0.0106522 0.0088309)
(-0.00272423 -0.01022 0.00866648)
(-0.00253408 -0.0103893 0.00825414)
(-0.00261746 -0.00944921 0.00834168)
(-0.00277926 -0.00998946 0.00903381)
(-0.00262346 -0.0102808 0.00857729)
(-0.00279804 -0.0100844 0.00903352)
(-0.00286467 -0.0103526 0.00913306)
(-0.00171143 -0.00898797 0.0074889)
(-0.00153473 -0.00941277 0.00756388)
(-0.00153042 -0.0096372 0.00794774)
(-0.00257677 -0.010606 0.00938729)
(-0.00245895 -0.0111077 0.00993076)
(-0.00223868 -0.0106931 0.00973757)
(-0.00243345 -0.0111735 0.00993667)
(-0.00213167 -0.0108054 0.00984025)
(-0.00241881 -0.0108896 0.00962686)
(-0.00225014 -0.0104401 0.00948373)
(-0.00234898 -0.0108329 0.00956902)
(-0.00221814 -0.0107538 0.00948273)
(-0.00178941 -0.0110347 0.00905974)
(-0.0019675 -0.0102531 0.00855614)
(-0.00209197 -0.00944908 0.00789922)
(-0.00198487 -0.0105971 0.00904573)
(-0.00195321 -0.0106738 0.00883998)
(-0.0023499 -0.010574 0.00929453)
(-0.0024195 -0.0111645 0.00967342)
(-0.00232841 -0.0107019 0.00960043)
(-0.00209668 -0.0108268 0.00955993)
(-0.00207406 -0.0109797 0.00977549)
(-0.00217731 -0.0103796 0.00925056)
(-0.00230338 -0.01158 0.0101968)
(-0.00202069 -0.0107512 0.00966681)
(-0.00194424 -0.010995 0.0096501)
(-0.0018293 -0.0097915 0.00796658)
(-0.00168104 -0.00962055 0.00804653)
(-0.00222182 -0.0105341 0.0088373)
(-0.00311007 -0.0100703 0.0101626)
(-0.00278913 -0.0109952 0.00928761)
(-0.00302791 -0.0107122 0.00911722)
(-0.00257524 -0.00874543 0.00794898)
(-0.00256531 -0.00920061 0.00846988)
(-0.00255058 -0.00914127 0.00888933)
(-0.00275517 -0.00967384 0.00899196)
(-0.00270961 -0.00937403 0.00856217)
(-0.00261107 -0.00860453 0.00781699)
(-0.00266368 -0.00912827 0.00816469)
(-0.00267313 -0.00905172 0.00883095)
(-0.00291396 -0.00946432 0.0093401)
(-0.00316091 -0.0101846 0.00960046)
(-0.00282088 -0.00990454 0.00902851)
(-0.0027823 -0.0102417 0.00901684)
(-0.00274308 -0.00980303 0.00877168)
(-0.00261611 -0.00923454 0.00827255)
(-0.00244702 -0.00967787 0.00956413)
(-0.00280509 -0.0106812 0.00944935)
(-0.00227503 -0.00907121 0.00855876)
(-0.00258005 -0.00931498 0.00881365)
(-0.00271336 -0.0102238 0.0090115)
(-0.00254896 -0.00953858 0.00872196)
(-0.00255856 -0.00936131 0.0090531)
(-0.00287284 -0.00947789 0.00883075)
(-0.00300738 -0.0102198 0.00946619)
(-0.00261281 -0.009512 0.00884039)
(-0.00261706 -0.0101137 0.00878984)
(-0.00198337 -0.0101815 0.00873983)
(-0.00230277 -0.0104818 0.00917972)
(-0.00236343 -0.0107368 0.00924519)
(-0.00229064 -0.0104568 0.0089714)
(-0.00201404 -0.0104161 0.00862235)
(-0.00219064 -0.0104772 0.00890142)
(-0.00258458 -0.0107857 0.00918509)
(-0.00230833 -0.0102584 0.00889107)
(-0.00218353 -0.0104353 0.00899277)
(-0.00245099 -0.0104673 0.00902487)
(-0.00243371 -0.0102393 0.00906194)
(-0.00250628 -0.0102956 0.00894411)
(-0.00234295 -0.00988578 0.00847058)
(-0.00233301 -0.00994151 0.00861631)
(-0.0024006 -0.009835 0.00863553)
(-0.00235392 -0.0101579 0.00874019)
(-0.00246593 -0.00947741 0.00816923)
(-0.0027396 -0.0102395 0.00869766)
(-0.00293839 -0.0102659 0.0091296)
(-0.00259459 -0.00916281 0.00827099)
(-0.00248932 -0.00948239 0.008289)
(-0.00285951 -0.0101566 0.00900915)
(-0.00267553 -0.0101919 0.0088842)
(-0.00290692 -0.0102662 0.00923399)
(-0.00273053 -0.0101982 0.00881693)
(-0.00249438 -0.0100096 0.00861716)
(-0.00270116 -0.00990455 0.0086968)
(-0.00265606 -0.00973759 0.00839445)
(-0.00251961 -0.0100326 0.00878502)
(-0.00264486 -0.0100206 0.00910356)
(-0.00243913 -0.00966986 0.00842865)
(-0.00261922 -0.0105483 0.00907182)
(-0.00246009 -0.0101273 0.00881573)
(-0.00245364 -0.0100086 0.00906554)
(-0.00270802 -0.0100947 0.0086978)
(-0.00267599 -0.0100307 0.00874724)
(-0.0026596 -0.0101429 0.00896611)
(-0.00260593 -0.0104708 0.0092128)
(-0.00273796 -0.0106493 0.00939672)
(-0.00255325 -0.0103298 0.00918348)
(-0.00257087 -0.0107006 0.00947823)
(-0.00252437 -0.00983027 0.00880375)
(-0.0025255 -0.010537 0.0093518)
(-0.00275774 -0.0103851 0.00902254)
(-0.00272344 -0.0102229 0.00898796)
(-0.00250007 -0.0101625 0.00921314)
(-0.00249208 -0.0104984 0.00923255)
(-0.00273097 -0.0102006 0.00894074)
(-0.00259993 -0.0101334 0.00894152)
(-0.00243176 -0.0100395 0.00877474)
(-0.00264147 -0.0101424 0.00901567)
(-0.00275983 -0.0105203 0.00901582)
(-0.00277413 -0.010158 0.00893534)
(-0.00280616 -0.0101682 0.00877899)
(-0.00285658 -0.0106774 0.0093873)
(-0.00241751 -0.00980644 0.00894056)
(-0.00243129 -0.00942772 0.00860536)
(-0.0029245 -0.0107537 0.00926133)
(-0.00286428 -0.0102927 0.00887718)
(-0.00263147 -0.0102391 0.00916039)
(-0.00296575 -0.010692 0.00904661)
(-0.00261888 -0.0102192 0.00919521)
(-0.00255558 -0.00993623 0.0089498)
(-0.00300075 -0.0107554 0.00926357)
(-0.00260491 -0.00979826 0.00860306)
(-0.00257223 -0.00986527 0.00827483)
(-0.00245836 -0.00948661 0.00849397)
(-0.00242359 -0.00995273 0.00849974)
(-0.00236639 -0.00923764 0.00817266)
(-0.00235343 -0.00960776 0.00852302)
(-0.0025134 -0.00998294 0.00919631)
(-0.00267344 -0.0105776 0.00903874)
(-0.00265966 -0.0106875 0.0089893)
(-0.00268489 -0.0103579 0.00895124)
(-0.00289819 -0.0103944 0.0091086)
(-0.00250263 -0.0108395 0.00926446)
(-0.00271157 -0.0105932 0.00918026)
(-0.00267684 -0.0104055 0.00913215)
(-0.00272569 -0.0108544 0.00961231)
(-0.00279993 -0.0107559 0.00941136)
(-0.0026545 -0.0105907 0.00912262)
(-0.0027967 -0.0102355 0.00898721)
(-0.00271744 -0.0105174 0.00918454)
(-0.00266304 -0.00996417 0.00871232)
(-0.0026975 -0.0107693 0.00936054)
(-0.00303215 -0.0109227 0.009599)
(-0.00301979 -0.0102578 0.00897706)
(-0.00288937 -0.0105653 0.00922622)
(-0.0027816 -0.0102641 0.00892212)
(-0.00283064 -0.0105007 0.00917285)
(-0.00276104 -0.0106523 0.00928067)
(-0.00295065 -0.0103325 0.00907023)
(-0.00288772 -0.0106655 0.00940885)
(-0.00273416 -0.0103955 0.00906162)
(-0.002861 -0.0102835 0.00903171)
(-0.00271043 -0.0102394 0.00896019)
(-0.00280521 -0.0105294 0.00917601)
(-0.00291408 -0.0103826 0.00919794)
(-0.00295848 -0.0104499 0.00930805)
(-0.00282671 -0.0105905 0.009375)
(-0.00259838 -0.0101395 0.00899377)
(-0.00268136 -0.0103787 0.00903181)
(-0.00267043 -0.010453 0.00922211)
(-0.00279163 -0.0104795 0.0093568)
(-0.00283045 -0.0106192 0.00926643)
(-0.00266271 -0.00990827 0.00877828)
(-0.00261268 -0.010236 0.00910458)
(-0.00266626 -0.0100315 0.00871656)
(-0.00268012 -0.0101195 0.0087825)
(-0.0027786 -0.0106076 0.00947888)
(-0.00246411 -0.0100607 0.0090429)
(-0.00236444 -0.00992173 0.00911076)
(-0.00252933 -0.009953 0.00926202)
(-0.00267528 -0.0103787 0.00948962)
(-0.00282208 -0.0102501 0.00893075)
(-0.00279099 -0.0107607 0.00923523)
(-0.00288668 -0.0105999 0.00914297)
(-0.00273957 -0.0104574 0.00905782)
(-0.00257411 -0.0101096 0.00911621)
(-0.00277187 -0.0106863 0.00918795)
(-0.00263889 -0.0105849 0.0093824)
(-0.00243099 -0.0098905 0.00874664)
(-0.00249715 -0.0103378 0.00907982)
(-0.00244216 -0.00927538 0.00823892)
(-0.00213466 -0.00933118 0.00790047)
(-0.00216495 -0.0101445 0.00852202)
(-0.00239907 -0.00968311 0.00821214)
(-0.00205763 -0.00967444 0.00820109)
(-0.00271988 -0.00953865 0.00905959)
(-0.00289598 -0.00895879 0.0087491)
(-0.00250132 -0.00938033 0.00825604)
(-0.00271458 -0.0094562 0.00848105)
(-0.00256197 -0.00990578 0.00871199)
(-0.00250332 -0.00911299 0.0083759)
(-0.00243332 -0.00918546 0.00798199)
(-0.00261074 -0.010004 0.00851166)
(-0.00219618 -0.0104228 0.00923185)
(-0.00224225 -0.0108625 0.00954177)
(-0.00242884 -0.0105985 0.00942973)
(-0.00178054 -0.0103796 0.00875578)
(-0.00167441 -0.010323 0.00892469)
(-0.00206934 -0.0110808 0.00955211)
(-0.00168537 -0.0102921 0.00879054)
(-0.00207821 -0.0104528 0.00905295)
(-0.00226892 -0.0111179 0.00949421)
(-0.00212207 -0.0110139 0.00937262)
(-0.0022049 -0.0106419 0.00925205)
(-0.00240418 -0.0109392 0.00942203)
(-0.00212097 -0.0109371 0.0095574)
(-0.00186594 -0.010062 0.00830716)
(-0.00177333 -0.0100736 0.00846612)
(-0.00277093 -0.0103208 0.00871034)
(-0.00267961 -0.0098223 0.00881507)
(-0.00268552 -0.00983136 0.00851285)
(-0.0029853 -0.0109141 0.00929257)
(-0.0026709 -0.0099412 0.00890299)
(-0.0022913 -0.0110731 0.00995423)
(-0.0022437 -0.0109188 0.00998526)
(-0.00237817 -0.0112587 0.00994178)
(-0.00239091 -0.0114796 0.0103196)
(-0.00254453 -0.0114059 0.0101736)
(-0.00243756 -0.0109486 0.0104307)
(-0.00247909 -0.01105 0.00997007)
(-0.00257771 -0.0106637 0.00932237)
(-0.00238648 -0.0102721 0.00914151)
(-0.00241407 -0.0102637 0.00895094)
(-0.00232663 -0.0107147 0.00917373)
(-0.00255963 -0.0104537 0.00919935)
(-0.00259592 -0.0104535 0.00931463)
(-0.00247149 -0.0108262 0.00952539)
(-0.00236419 -0.0105932 0.00928129)
(-0.00238039 -0.0102576 0.00900714)
(-0.00231462 -0.0104789 0.00932478)
(-0.00227813 -0.0104718 0.00939897)
(-0.00223785 -0.0103621 0.00901716)
(-0.00224676 -0.0107409 0.00939124)
(-0.00246438 -0.0105921 0.00931597)
(-0.00235146 -0.0109027 0.00958129)
(-0.00250981 -0.0108177 0.00943803)
(-0.00260949 -0.0100438 0.00904741)
(-0.00263127 -0.010274 0.00939177)
(-0.00257653 -0.0107132 0.0100036)
(-0.00290291 -0.0104344 0.00919574)
(-0.00280461 -0.0111624 0.0103678)
(-0.00253531 -0.0105906 0.0096097)
(-0.00280025 -0.0111395 0.00992919)
(-0.00258579 -0.01029 0.00954631)
(-0.00261209 -0.0108565 0.00958491)
(-0.0024238 -0.00995821 0.00893132)
(-0.0031649 -0.0108653 0.00976667)
(-0.00305254 -0.0113828 0.00959784)
(-0.00252958 -0.0101315 0.00961327)
(-0.00285962 -0.0107732 0.00985525)
(-0.00261874 -0.0102689 0.00970423)
(-0.00263157 -0.0102355 0.00970987)
(-0.0026445 -0.0108673 0.00965175)
(-0.00286966 -0.0106129 0.00924403)
(-0.00283882 -0.0110141 0.00961647)
(-0.00259709 -0.0108007 0.00943807)
(-0.00251265 -0.0102267 0.00899976)
(-0.00282718 -0.0109539 0.00954784)
(-0.00266837 -0.0106351 0.00941889)
(-0.00275866 -0.0102937 0.00889629)
(-0.00262951 -0.0106445 0.00920106)
(-0.00241571 -0.0104034 0.00888084)
(-0.00268204 -0.0107568 0.00924081)
(-0.00275648 -0.0107387 0.00948996)
(-0.00245318 -0.0113289 0.00959605)
(-0.0030361 -0.0115988 0.00997)
(-0.00272887 -0.0106402 0.0091174)
(-0.00273247 -0.0102591 0.00893398)
(-0.00266394 -0.0104505 0.00899834)
(-0.00276995 -0.0106848 0.00923594)
(-0.0025947 -0.0105387 0.00921532)
(-0.00280544 -0.0103213 0.00894617)
(-0.00274911 -0.0104625 0.00917768)
(-0.00264971 -0.0106128 0.00925532)
(-0.00279942 -0.0104118 0.00907232)
(-0.00282291 -0.0109395 0.00954167)
(-0.00287868 -0.0108452 0.00931612)
(-0.00274365 -0.0106933 0.009292)
(-0.0029123 -0.0106045 0.00920553)
(-0.00266843 -0.0107499 0.00927748)
(-0.00293916 -0.0108846 0.00959679)
(-0.00275177 -0.0108247 0.00953566)
(-0.00264768 -0.0106658 0.00940614)
(-0.00272531 -0.0106318 0.00923998)
(-0.00301342 -0.0112386 0.00948853)
(-0.00284831 -0.0113504 0.0100013)
(-0.00322275 -0.0109282 0.00982324)
(-0.00278198 -0.0108333 0.00937239)
(-0.00281213 -0.0107455 0.0094461)
(-0.00273843 -0.0106934 0.00936039)
(-0.00285613 -0.010862 0.00946043)
(-0.00284761 -0.0105199 0.00910293)
(-0.00270203 -0.0109892 0.00947576)
(-0.00298801 -0.0106641 0.00920781)
(-0.00282595 -0.0103422 0.00909471)
(-0.00283827 -0.0102533 0.00895992)
(-0.00274196 -0.010922 0.00949518)
(-0.00327457 -0.0106571 0.009752)
(-0.00244303 -0.0102366 0.00862885)
(-0.0024805 -0.0110927 0.00940123)
(-0.00270595 -0.0104127 0.00903827)
(-0.00275559 -0.0101001 0.00910353)
(-0.00305815 -0.0105676 0.00967209)
(-0.0026957 -0.0106876 0.00918253)
(-0.00260151 -0.0101734 0.00892463)
(-0.00276034 -0.0106587 0.00938618)
(-0.00259388 -0.0106868 0.00908615)
(-0.00268984 -0.0105488 0.00926888)
(-0.00289481 -0.0108915 0.00931514)
(-0.00284566 -0.0113891 0.00993917)
(-0.00267125 -0.00987318 0.00903765)
(-0.00278958 -0.0103459 0.00966787)
(-0.00297528 -0.0109782 0.00928665)
(-0.00269441 -0.0103998 0.0092449)
(-0.00289435 -0.0116023 0.0103083)
(-0.00283619 -0.0112779 0.00923758)
(-0.00321723 -0.0112826 0.0101569)
(-0.00276587 -0.0111899 0.00953798)
(-0.00294838 -0.0111019 0.00920881)
(-0.00271753 -0.0111278 0.00942635)
(-0.00299527 -0.0113016 0.00980831)
(-0.00281041 -0.0107622 0.00950556)
(-0.00303844 -0.0109552 0.00934531)
(-0.00316697 -0.011295 0.00996924)
(-0.00260549 -0.0115303 0.0097129)
(-0.00297269 -0.0106409 0.00938964)
(-0.00286794 -0.0109035 0.00957577)
(-0.0030859 -0.0105387 0.00929167)
(-0.00294965 -0.0110459 0.00963912)
(-0.00290349 -0.0104717 0.00924603)
(-0.00301139 -0.0109969 0.00983462)
(-0.00283287 -0.0108014 0.00950751)
(-0.00273908 -0.0103677 0.0092288)
(-0.00280497 -0.0107962 0.00950087)
(-0.00259561 -0.0105051 0.00911357)
(-0.00268941 -0.0101909 0.00892225)
(-0.00266856 -0.0102757 0.00908549)
(-0.00259351 -0.0102051 0.00865687)
(-0.00275084 -0.0103613 0.00883524)
(-0.00239082 -0.0100085 0.00816299)
(-0.0025771 -0.00998327 0.00848636)
(-0.00280893 -0.00994811 0.009097)
(-0.00269755 -0.00991487 0.00892525)
(-0.00267881 -0.0102842 0.00876763)
(-0.00293397 -0.0104649 0.0088667)
(-0.00247023 -0.00977908 0.0090434)
(-0.00238973 -0.0102364 0.00941773)
(-0.00280054 -0.0106312 0.00933057)
(-0.00296417 -0.0111161 0.0096344)
(-0.00280891 -0.0107539 0.00910243)
(-0.00267931 -0.0103411 0.00937438)
(-0.00271443 -0.0108688 0.0096053)
(-0.00284322 -0.0103333 0.00903792)
(-0.00270229 -0.0106195 0.0095651)
(-0.00263883 -0.0101418 0.00910299)
(-0.0025761 -0.00989285 0.00860191)
(-0.002682 -0.0101144 0.00922475)
(-0.00257027 -0.0101487 0.0091486)
(-0.00254997 -0.0100285 0.00872996)
(-0.00271847 -0.0104018 0.00910702)
(-0.00275058 -0.0107388 0.00963272)
(-0.00239136 -0.0101565 0.00964411)
(-0.0028608 -0.0104074 0.00889133)
(-0.00265349 -0.00994451 0.00855457)
(-0.00287158 -0.0101455 0.00849314)
(-0.00248937 -0.00980935 0.00879432)
(-0.00259084 -0.00909645 0.00828235)
(-0.00258676 -0.00955951 0.00863281)
(-0.00263455 -0.00965395 0.00841154)
(-0.00275229 -0.00963568 0.00880973)
(-0.00287639 -0.0100837 0.00870137)
(-0.00222334 -0.0105762 0.00812392)
(-0.00243991 -0.00918863 0.00781578)
(-0.00259784 -0.00936809 0.00829535)
(-0.00227185 -0.00938112 0.00803719)
(-0.00290116 -0.0103295 0.00919089)
(-0.00283416 -0.0107789 0.0088704)
(-0.00257557 -0.00974868 0.00854493)
(-0.00263986 -0.0102479 0.00927258)
(-0.00286628 -0.0105667 0.00954219)
(-0.00300422 -0.0111157 0.00967954)
(-0.0026651 -0.0107443 0.00930977)
(-0.00273189 -0.0105136 0.00920811)
(-0.00262804 -0.0106629 0.0092833)
(-0.00301522 -0.0107521 0.0093321)
(-0.00264361 -0.0103429 0.00901223)
(-0.00250287 -0.0108857 0.00927526)
(-0.002463 -0.0100647 0.00872068)
(-0.00261746 -0.0103998 0.00899632)
(-0.00268082 -0.0101884 0.00878824)
(-0.00246279 -0.0101824 0.00891378)
(-0.00250401 -0.0102458 0.00891044)
(-0.00240364 -0.0105128 0.00897219)
(-0.00243134 -0.010192 0.00881437)
(-0.00246361 -0.0104128 0.00918061)
(-0.00260475 -0.0105931 0.00916003)
(-0.00250725 -0.0103906 0.00904239)
(-0.00236264 -0.0103403 0.00949149)
(-0.00240092 -0.0110952 0.0102567)
(-0.00263089 -0.0108206 0.00996573)
(-0.0021619 -0.0105619 0.00968398)
(-0.00242425 -0.0107514 0.00962139)
(-0.00227026 -0.0103589 0.00926231)
(-0.00200288 -0.00932956 0.00762726)
(-0.0020089 -0.00873352 0.00734217)
(-0.0022038 -0.00894825 0.00746414)
(-0.00196508 -0.00866594 0.00720036)
(-0.00219795 -0.00823023 0.00730945)
(-0.00250214 -0.00854649 0.00777319)
(-0.00196439 -0.00866614 0.00713119)
(-0.00238615 -0.00906137 0.00790841)
(-0.00246841 -0.00854477 0.00764843)
(-0.00224962 -0.00941048 0.00779895)
(-0.00216159 -0.00872137 0.00732941)
(-0.00278535 -0.0105739 0.00930663)
(-0.00289565 -0.0107757 0.00928659)
(-0.00282966 -0.0105946 0.00916128)
(-0.002764 -0.0103558 0.00893638)
(-0.00285552 -0.0109758 0.00953625)
(-0.00290335 -0.010552 0.00912195)
)
;
    }
    INLET
    {
        type            calculated;
        value           nonuniform 0();
    }
    OUTLET
    {
        type            calculated;
        value           nonuniform 0();
    }
    procBoundary18to19
    {
        type            processor;
        value           uniform (0 0 0);
    }
    procBoundary18to20
    {
        type            processor;
        value           uniform (0 0 0);
    }
    procBoundary18to23
    {
        type            processor;
        value           uniform (0 0 0);
    }
}


// ************************************************************************* //
