/*--------------------------------*- C++ -*----------------------------------*\
| =========                 |                                                 |
| \\      /  F ield         | OpenFOAM: The Open Source CFD Toolbox           |
|  \\    /   O peration     | Version:  v1612+                                |
|   \\  /    A nd           | Web:      www.OpenFOAM.com                      |
|    \\/     M anipulation  |                                                 |
\*---------------------------------------------------------------------------*/
FoamFile
{
    version     2.0;
    format      ascii;
    class       volVectorField;
    location    "100";
    object      wallShearStress;
}
// * * * * * * * * * * * * * * * * * * * * * * * * * * * * * * * * * * * * * //

dimensions      [0 2 -2 0 0 0 0];

internalField   uniform (0 0 0);

boundaryField
{
    WALL
    {
        type            calculated;
        value           nonuniform List<vector> 
1555
(
(-0.0136904 -0.0156344 -0.000755568)
(-0.01764 -0.0149709 -0.00302306)
(-0.0156531 -0.015362 -0.00214032)
(-0.0152334 -0.0150265 -0.00730738)
(-0.0147696 -0.0140855 -0.00801087)
(-0.0121202 -0.0183933 -0.00285888)
(-0.0135684 -0.0171976 -0.00330448)
(-0.00812252 -0.0149791 -0.00226432)
(-0.00775063 -0.0152496 -0.00187914)
(-0.0125819 -0.00993729 -0.01315)
(-0.012161 -0.010502 -0.0141195)
(-0.00932906 -0.012009 -0.014442)
(-0.00889835 -0.0103181 -0.014236)
(-0.0097021 -0.00968689 -0.0140235)
(-0.0141059 -0.0187859 -0.00233069)
(-0.012412 -0.0191481 -0.00228059)
(-0.0111139 -0.0180601 -0.00285352)
(-0.0138175 -0.0170702 -0.00340046)
(-0.016273 -0.0167799 -0.00383632)
(-0.0178339 -0.0155903 -0.0041216)
(-0.0186662 -0.0137411 -0.00567426)
(-0.00579042 -0.0065084 -0.00854683)
(-0.00734095 -0.00682847 -0.00938457)
(-0.0120176 -0.0135638 -0.00863718)
(-0.0128653 -0.012752 -0.00901909)
(-0.016848 -0.0158605 -0.0042981)
(-0.0179981 -0.0144549 -0.00519012)
(-0.0163724 -0.0136774 -0.00765873)
(-0.0156085 -0.0144861 -0.00665692)
(-0.0145931 -0.0100202 -0.0121801)
(-0.0135426 -0.00979385 -0.0128828)
(-0.0025245 -0.0158373 -0.0095949)
(-0.00283268 -0.0152278 -0.00809319)
(-0.00955463 -0.0169978 -0.00741082)
(-0.00935636 -0.01593 -0.00811629)
(-0.00756518 -0.0164409 -0.00571925)
(-0.00697822 -0.0172835 -0.00587274)
(-0.0131335 -0.015866 -0.00275088)
(-0.0111458 -0.0163349 -0.0034302)
(-0.0152366 -0.0179343 -0.00433898)
(-0.00159875 -0.0109849 -0.0119204)
(-0.000864701 -0.0110511 -0.0111166)
(-0.00814662 -0.00821036 -0.0131635)
(-0.00742595 -0.00875609 -0.0143119)
(-0.00205293 -0.00795987 -0.0125662)
(-0.00353845 -0.00717086 -0.0124616)
(-0.006085 -0.0069343 -0.0127357)
(-0.00799117 -0.00775728 -0.0130428)
(-0.00658255 -0.00609926 -0.0113583)
(-0.00713696 -0.0076772 -0.0110637)
(-0.00244306 -0.00732281 -0.0128244)
(-0.00270748 -0.00732927 -0.0129278)
(-0.000233215 -0.00763814 -0.0128496)
(-0.000687669 -0.00791208 -0.0141687)
(-0.0013051 -0.00795197 -0.010811)
(-0.000403847 -0.0082394 -0.0104732)
(-0.00282201 -0.0136681 -0.00550427)
(-0.00248272 -0.0148794 -0.00636027)
(-0.00708394 -0.0130403 -0.00999404)
(-0.00632223 -0.0138523 -0.00867354)
(-0.0135216 -0.0144597 -0.00550318)
(-0.0130178 -0.0162687 -0.00439765)
(-0.0124531 -0.0119974 -0.00956326)
(-0.0122268 -0.0136011 -0.00796181)
(-0.00817384 -0.0158052 -0.0060249)
(-0.00819411 -0.0159723 -0.0063145)
(-0.000798753 -0.00498355 -0.0106663)
(-0.00249412 -0.00430498 -0.0106753)
(-0.00677932 -0.00674522 -0.0111447)
(-0.00492681 -0.00650858 -0.0105882)
(-0.00293877 -0.00736706 -0.0113716)
(-0.00385428 -0.00665789 -0.0108801)
(-0.00718611 -0.0146095 -0.00835986)
(-0.00606842 -0.0167125 -0.00840259)
(-0.000312547 -0.01464 -0.00818361)
(0.000251895 -0.013151 -0.00731755)
(-0.00489553 -0.0129795 -0.0103358)
(-0.00371853 -0.0146119 -0.010451)
(-0.00778137 -0.0128491 -0.0100537)
(-0.00792823 -0.0125502 -0.0100751)
(-0.00897433 -0.0135842 -0.00892783)
(-0.00996645 -0.0134779 -0.00961059)
(-0.000567547 -0.00959975 -0.00746651)
(-0.000857634 -0.0101971 -0.00727644)
(-0.00567127 -0.00591869 -0.0102097)
(-0.00586821 -0.00691778 -0.00980328)
(0.00183092 -0.00999483 -0.00881345)
(0.00143906 -0.0100551 -0.0074433)
(-0.0152985 -0.015614 -0.00509004)
(-0.0125585 -0.0168385 -0.00487854)
(-0.0168197 -0.0124067 -0.00780877)
(-0.0170193 -0.0146968 -0.00624252)
(-0.00559702 -0.0125241 -0.0130315)
(-0.00449802 -0.0125136 -0.0126794)
(-0.000319276 -0.00917258 -0.010997)
(0.000253661 -0.00886202 -0.010307)
(-0.006684 -0.0114439 -0.0140593)
(-0.00583052 -0.0116456 -0.013318)
(-0.00739713 -0.0108664 -0.0146992)
(-0.00603945 -0.010748 -0.0137237)
(-0.0051315 -0.0130178 -0.0136734)
(-0.0177922 -0.0155424 -0.00482981)
(-0.017762 -0.0150867 -0.00499087)
(-0.0179085 -0.0130817 -0.00661567)
(-0.0179077 -0.0138549 -0.00577739)
(-0.0185066 -0.0143836 -0.00520801)
(-0.0179062 -0.0129538 -0.00586408)
(-0.0121296 -0.00763442 -0.00967033)
(-0.0102591 -0.00703254 -0.0094923)
(-0.00987475 -0.00713918 -0.00983903)
(-0.0132402 -0.00770606 -0.0093669)
(-0.0109783 -0.00717289 -0.00979817)
(-0.0125939 -0.00779142 -0.00971202)
(-0.0124205 -0.0164765 -0.00166694)
(-0.0101976 -0.0154844 -0.00112102)
(-0.0101953 -0.0160614 -0.0010835)
(-0.0118136 -0.0161326 -0.000880576)
(-0.0117975 -0.0159228 -0.000856145)
(0.00142726 -0.00884702 -0.00728422)
(0.00158546 -0.0101168 -0.00683348)
(0.00166148 -0.00829756 -0.00829198)
(0.00201787 -0.00941232 -0.00892707)
(0.0017266 -0.00800534 -0.0080635)
(-0.00106261 -0.0149873 -0.00673962)
(-0.00145227 -0.0152529 -0.00631383)
(-0.000388791 -0.0133586 -0.00810396)
(-0.00028784 -0.0126959 -0.00798841)
(-0.000106826 -0.0131484 -0.00702994)
(-0.000851629 -0.0151388 -0.00751062)
(0.00235861 -0.00965842 -0.0118864)
(0.00270565 -0.00992827 -0.0136891)
(0.00328398 -0.0103048 -0.0132408)
(0.00194477 -0.00909404 -0.0126432)
(0.0034864 -0.0110996 -0.0131442)
(0.00275603 -0.0105755 -0.0118826)
(-0.013442 -0.0120212 -0.00927418)
(-0.0129158 -0.0127141 -0.00837602)
(-0.0124163 -0.011163 -0.010323)
(-0.0128662 -0.0108552 -0.0096689)
(-0.0121194 -0.0122939 -0.0103901)
(-0.0129206 -0.0128339 -0.00877853)
(-0.00711244 -0.0122574 -0.0101745)
(-0.00627661 -0.0122432 -0.0114527)
(-0.00661333 -0.0115998 -0.0120448)
(-0.00651559 -0.0125021 -0.010578)
(-0.00745544 -0.012146 -0.0114591)
(-0.00701798 -0.0111525 -0.0115802)
(-0.00218371 -0.0078226 -0.0144888)
(-0.00331658 -0.00829914 -0.0150347)
(-0.00392331 -0.00821743 -0.0141598)
(-0.00173476 -0.0082998 -0.0149469)
(-0.00245944 -0.00807438 -0.0142581)
(-0.00350354 -0.00856607 -0.0146351)
(-0.0084738 -0.00903265 -0.0123449)
(-0.00878223 -0.00944577 -0.0116972)
(-0.00845158 -0.00978005 -0.0123951)
(-0.00765679 -0.00845133 -0.0127608)
(-0.0070581 -0.00901127 -0.0134127)
(-0.0075876 -0.00920503 -0.0128427)
(-0.0123588 -0.00843097 -0.0108128)
(-0.013611 -0.0098593 -0.00982955)
(-0.0140584 -0.00992869 -0.00936915)
(-0.0128095 -0.00870028 -0.0100074)
(-0.0138301 -0.00905943 -0.00973728)
(-0.0126906 -0.00820983 -0.0101871)
(-0.00150207 -0.00743031 -0.00919575)
(-0.00109356 -0.00819439 -0.00900349)
(-0.0014211 -0.00770837 -0.00986138)
(-0.000715096 -0.00802501 -0.00837428)
(-0.000663657 -0.00832354 -0.00892785)
(-0.000732102 -0.0082881 -0.00944525)
(-0.00806516 -0.00858533 -0.0142218)
(-0.00946164 -0.0086786 -0.0138323)
(-0.00975259 -0.00939246 -0.01397)
(-0.00974397 -0.0092668 -0.0138281)
(-0.00451631 -0.0153313 -0.00442898)
(-0.00350462 -0.0144362 -0.00531687)
(-0.00467753 -0.015639 -0.005005)
(-0.00526957 -0.0155108 -0.00393127)
(-0.00328684 -0.0150284 -0.00582621)
(-0.00211737 -0.0148059 -0.00708371)
(-0.00278455 -0.0105419 -0.00414906)
(-0.00359103 -0.0117946 -0.00411949)
(-0.0025145 -0.010652 -0.00494215)
(-0.00297795 -0.0113408 -0.00394894)
(-0.00360065 -0.0125698 -0.00359894)
(-0.00233953 -0.00966139 -0.00448529)
(0.00056916 -0.0101927 -0.00838967)
(0.000711602 -0.00996311 -0.00890949)
(0.000698317 -0.0105291 -0.00859968)
(0.000261462 -0.0102843 -0.00910545)
(0.000487346 -0.00975393 -0.00935726)
(9.89608e-05 -0.00891985 -0.00904501)
(-0.0166431 -0.0115646 -0.00800893)
(-0.0149792 -0.0102607 -0.00912935)
(-0.0156001 -0.0108116 -0.00810343)
(-0.0169345 -0.0122204 -0.00704514)
(-0.0156698 -0.0101799 -0.00860069)
(-0.0157575 -0.0112725 -0.00772808)
(-0.0158604 -0.0134953 -0.00703746)
(-0.0164289 -0.0139832 -0.00673544)
(-0.0151227 -0.0115238 -0.00861443)
(-0.016628 -0.0132217 -0.00770299)
(-0.0154911 -0.0120881 -0.00776361)
(-0.0103924 -0.00766246 -0.0110891)
(-0.0111464 -0.00814118 -0.0109676)
(-0.009485 -0.00763783 -0.0114593)
(-0.00878995 -0.00738594 -0.0112657)
(-0.00892644 -0.00766393 -0.0120665)
(-0.0105176 -0.00838208 -0.0114239)
(-0.00438951 -0.00616009 -0.00955895)
(-0.00540748 -0.00707136 -0.0105227)
(-0.00502326 -0.00669897 -0.00952074)
(-0.00381208 -0.00699099 -0.0096279)
(-0.00410087 -0.00684887 -0.00924799)
(-0.00575633 -0.00692326 -0.0101431)
(-0.00547922 -0.0162639 -0.00960033)
(-0.0074416 -0.0146129 -0.0101199)
(-0.00808203 -0.0141178 -0.00883706)
(-0.00689164 -0.014535 -0.00730153)
(-0.00835299 -0.015117 -0.00776062)
(-0.00709362 -0.013572 -0.00865566)
(-0.00592492 -0.0143826 -0.00927142)
(-0.00552361 -0.0162176 -0.00955988)
(-0.00608218 -0.0126636 -0.00979861)
(-0.007097 -0.0134887 -0.00995666)
(-0.00629073 -0.0115378 -0.00989881)
(-0.00706639 -0.0111184 -0.00945918)
(-0.00666763 -0.010752 -0.00972133)
(-0.00509366 -0.0121252 -0.0102069)
(-0.00541555 -0.0132814 -0.00987474)
(-0.004513 -0.0137815 -0.0102715)
(-0.00143933 -0.0131667 -0.0064514)
(-0.00186498 -0.015943 -0.00662429)
(-0.00280067 -0.0158832 -0.00655934)
(-0.00318407 -0.0158587 -0.00583864)
(-0.00131595 -0.0149076 -0.00702494)
(-0.00242311 -0.0152403 -0.00632641)
(-0.00118811 -0.0165886 -0.00926279)
(-0.00160782 -0.0161316 -0.00830776)
(0.00022936 -0.0161569 -0.00915602)
(-0.000936476 -0.0159125 -0.00848206)
(-0.000767396 -0.0154568 -0.00795648)
(-4.94953e-05 -0.0161253 -0.00880352)
(-0.00551474 -0.0162113 -0.00734383)
(-0.00386341 -0.0167299 -0.00899884)
(-0.00306913 -0.0162083 -0.00866331)
(-0.00476765 -0.0169369 -0.00785744)
(-0.0052667 -0.015853 -0.00786427)
(-0.0037279 -0.0161675 -0.00728384)
(-0.00970631 -0.0150613 -0.0084715)
(-0.0104998 -0.013446 -0.00917518)
(-0.00938335 -0.0134217 -0.00853164)
(-0.00971891 -0.0120623 -0.00970034)
(-0.00922533 -0.0150348 -0.00857506)
(-0.0105595 -0.0145535 -0.00898994)
(-0.00696816 -0.00747697 -0.0125572)
(-0.00844717 -0.00822102 -0.0128841)
(-0.00865842 -0.00864131 -0.012813)
(-0.00748977 -0.00768041 -0.0125669)
(-0.00898376 -0.00840897 -0.0124536)
(-0.0067283 -0.00783585 -0.0132214)
(-0.00538154 -0.00846012 -0.0137894)
(-0.0061965 -0.00863629 -0.0139327)
(-0.00649433 -0.00889088 -0.0133318)
(-0.00497144 -0.00835372 -0.0143699)
(-0.00505554 -0.00786524 -0.013533)
(-0.00619629 -0.00904003 -0.013678)
(-0.00621733 -0.00969111 -0.0136868)
(-0.00540241 -0.00956264 -0.0132693)
(-0.00545589 -0.00881089 -0.0134835)
(-0.00596717 -0.0102842 -0.0131184)
(-0.00649551 -0.00992884 -0.0126042)
(-0.0049896 -0.00917492 -0.0139829)
(-0.00826426 -0.0105653 -0.0121141)
(-0.00733564 -0.0107045 -0.0123346)
(-0.00819976 -0.0115965 -0.0121009)
(-0.00862708 -0.0110161 -0.0113151)
(-0.00731706 -0.0099197 -0.012492)
(-0.00721692 -0.0103888 -0.0132101)
(-0.00527012 -0.0131872 -0.0106931)
(-0.00559703 -0.012569 -0.0107414)
(-0.00483914 -0.0128874 -0.00941852)
(-0.00433693 -0.00498587 -0.0110054)
(-0.00428004 -0.00503094 -0.0110426)
(-0.00545926 -0.00551449 -0.0104702)
(-0.00488265 -0.00502718 -0.0105942)
(-0.00583367 -0.00554061 -0.0106441)
(-0.00512349 -0.00550867 -0.0109984)
(-3.1729e-05 -0.00668344 -0.0103394)
(-0.000286115 -0.00664707 -0.0111875)
(-0.000671329 -0.00689903 -0.0111547)
(-0.00132743 -0.00596216 -0.011348)
(-0.00132939 -0.006227 -0.0115577)
(0.000119557 -0.00669408 -0.0103253)
(-2.42797e-05 -0.00520554 -0.00992494)
(-0.000139337 -0.00454593 -0.0100343)
(-0.00103694 -0.00469323 -0.0108041)
(-0.00165302 -0.00395917 -0.0103664)
(0.000461716 -0.00581444 -0.0104939)
(0.000629299 -0.0058038 -0.0100492)
(0.00128085 -0.00498753 -0.0097635)
(0.000547448 -0.00457392 -0.00990864)
(0.000698748 -0.00469398 -0.00988259)
(0.00144639 -0.00534692 -0.00942948)
(0.00073583 -0.00505339 -0.0101806)
(0.00153569 -0.00599738 -0.00987087)
(-0.00455993 -0.0081638 -0.00927104)
(-0.00503441 -0.00793804 -0.00974582)
(-0.00522072 -0.00828027 -0.00957137)
(-0.00454561 -0.00985057 -0.0102291)
(-0.00536331 -0.00997455 -0.0100384)
(-0.00567037 -0.00920463 -0.00980565)
(-0.0111266 -0.017777 -0.00480903)
(-0.0103942 -0.0169112 -0.00429375)
(-0.0115998 -0.0165544 -0.00438679)
(-0.0118258 -0.0168018 -0.00579173)
(-0.00606755 -0.0172364 -0.00488716)
(-0.00756007 -0.0171075 -0.00365459)
(-0.00855247 -0.0176112 -0.00458354)
(-0.00685903 -0.0163954 -0.0036078)
(-0.0060418 -0.0171328 -0.00470225)
(-0.00865472 -0.017854 -0.00461272)
(-0.0110161 -0.0105114 -0.0112929)
(-0.00972908 -0.00987481 -0.0120118)
(-0.00989221 -0.0100376 -0.0111036)
(-0.0116115 -0.0108469 -0.0104841)
(-0.00982357 -0.00971627 -0.0115748)
(-0.0109248 -0.011258 -0.0109802)
(-0.0107704 -0.00898301 -0.0113928)
(-0.0106719 -0.00955214 -0.0111547)
(-0.00995681 -0.00814546 -0.0115983)
(-0.0096912 -0.00847348 -0.0120434)
(-0.0110597 -0.00924336 -0.01065)
(-0.0100053 -0.00900401 -0.0116691)
(-0.0140523 -0.0104319 -0.00950515)
(-0.0140443 -0.0113691 -0.00959318)
(-0.012547 -0.00933887 -0.00992617)
(-0.0127838 -0.00998838 -0.00990044)
(-0.0142037 -0.0110504 -0.00886306)
(-0.0121498 -0.00964298 -0.0106116)
(-0.010461 -0.012418 -0.00962522)
(-0.0106406 -0.011937 -0.0105454)
(-0.00970007 -0.0117328 -0.0104568)
(-0.0098217 -0.0126175 -0.0101233)
(-0.0100209 -0.0109926 -0.0110038)
(-0.00982042 -0.0113592 -0.0114194)
(-0.00829856 -0.0150046 -0.00645689)
(-0.00967925 -0.0154292 -0.00536301)
(-0.0070609 -0.0156492 -0.00566189)
(-0.00987269 -0.0148109 -0.00657102)
(-0.0102166 -0.0159047 -0.0071481)
(-0.00545653 -0.0154575 -0.00564063)
(-0.00476474 -0.0153412 -0.00602774)
(-0.00729959 -0.0156337 -0.006356)
(-0.00677587 -0.015634 -0.00688982)
(-0.00554298 -0.0153121 -0.00619462)
(-0.00673878 -0.0162995 -0.00620813)
(0.000295974 -0.012342 -0.00752039)
(-0.00153625 -0.014107 -0.00771097)
(6.52612e-05 -0.0119179 -0.00724793)
(-0.00103328 -0.0131129 -0.00713733)
(-6.73848e-06 -0.0124802 -0.00756807)
(-0.000771605 -0.0133423 -0.00825649)
(-0.00281336 -0.0145541 -0.00827562)
(-0.00249638 -0.0145091 -0.00875117)
(-0.00390666 -0.0138895 -0.00870121)
(-0.0029812 -0.0137722 -0.00838026)
(-0.00386288 -0.0143495 -0.0091285)
(-0.00364293 -0.0139105 -0.00789962)
(-0.00285255 -0.0140596 -0.00704788)
(-0.00230538 -0.0144988 -0.00738421)
(-0.0035459 -0.0146221 -0.00726368)
(-0.0023659 -0.0143611 -0.00725929)
(-0.00436819 -0.0148048 -0.00745951)
(-0.00377609 -0.0146812 -0.00784416)
(-0.00574625 -0.0146112 -0.00732366)
(-0.00678461 -0.014797 -0.00829608)
(-0.00709929 -0.0154257 -0.00737557)
(-0.00531924 -0.0151848 -0.0072339)
(-0.00583714 -0.0153335 -0.00691554)
(-0.00750186 -0.0148486 -0.0078148)
(0.000498546 -0.00864337 -0.0106223)
(0.000492589 -0.00848749 -0.0112488)
(0.000821331 -0.00960224 -0.0107458)
(0.000980094 -0.0091569 -0.00948605)
(0.000705424 -0.00844402 -0.0103641)
(0.00140731 -0.0100545 -0.010495)
(-0.0017946 -0.00756529 -0.0124123)
(-0.00112401 -0.00723753 -0.0123218)
(-0.00077268 -0.00787053 -0.0117944)
(-0.00343667 -0.00743404 -0.0131498)
(-0.000410085 -0.0082196 -0.0125135)
(-0.00190256 -0.0077184 -0.0132314)
(-0.00485162 -0.00748398 -0.0130951)
(-0.00499589 -0.00699396 -0.0124892)
(-0.00426424 -0.00754344 -0.0128013)
(-0.00341586 -0.00688417 -0.0119897)
(-0.003082 -0.00705819 -0.0122384)
(-0.00380654 -0.00726013 -0.0126468)
(0.00241274 -0.0105097 -0.0113834)
(0.00174761 -0.0111599 -0.00950867)
(0.00158946 -0.0100507 -0.00911513)
(0.00202098 -0.011799 -0.00995314)
(0.00179515 -0.0103026 -0.0108996)
(0.00206715 -0.010534 -0.0104775)
(0.00113539 -0.00861621 -0.0144056)
(0.000957238 -0.00842425 -0.0134973)
(-4.89816e-05 -0.00844261 -0.0148575)
(0.000707912 -0.00816867 -0.0141625)
(7.74862e-05 -0.00805601 -0.013721)
(-0.00159835 -0.00796583 -0.0145447)
(6.44654e-05 -0.0110665 -0.00902028)
(0.000452374 -0.00944251 -0.00920476)
(0.000553347 -0.0124658 -0.00768152)
(0.000735232 -0.0102989 -0.00930207)
(0.000385899 -0.0111593 -0.00804094)
(0.00103085 -0.010761 -0.0092593)
(-0.003772 -0.0165594 -0.00439468)
(-0.00450083 -0.0182844 -0.00531705)
(-0.00289141 -0.0176861 -0.00578335)
(-0.00252543 -0.0150014 -0.00567906)
(-0.0038517 -0.0171078 -0.00540034)
(-0.00325692 -0.0179374 -0.00539617)
(-0.00335109 -0.0159758 -0.00438306)
(-0.00105323 -0.0137281 -0.0102287)
(-0.00115595 -0.0118918 -0.010645)
(-0.000547497 -0.0127355 -0.0101093)
(-0.000564769 -0.0122549 -0.0103023)
(-0.000501098 -0.0135342 -0.00816936)
(-0.00157396 -0.0147548 -0.0057012)
(-0.000576202 -0.0138855 -0.00581181)
(-0.00210924 -0.0148123 -0.00579178)
(-0.00225238 -0.0149095 -0.00490305)
(-0.000112764 -0.0136298 -0.00635759)
(-0.000224744 -0.0136317 -0.00625881)
(0.000984632 -0.0104241 -0.00728416)
(0.000893933 -0.010692 -0.00982866)
(0.00147491 -0.0119213 -0.00796258)
(0.00036471 -0.0137043 -0.00691761)
(0.000607726 -0.0118776 -0.00678819)
(0.000664417 -0.0114239 -0.00635963)
(0.00125426 -0.0113565 -0.00698836)
(0.0011357 -0.0108864 -0.00673444)
(0.0011815 -0.0128724 -0.00753215)
(0.00159099 -0.0108629 -0.00836962)
(0.00159427 -0.0102738 -0.00796318)
(0.00112436 -0.0125315 -0.00764097)
(0.00108775 -0.0077999 -0.00895181)
(0.00137505 -0.00897484 -0.00880411)
(0.00124487 -0.00878031 -0.00935193)
(0.000760114 -0.00776376 -0.0104708)
(0.00143336 -0.00952942 -0.00865697)
(-0.000228445 -0.0133412 -0.0064691)
(-0.000602481 -0.0139929 -0.00679484)
(0.00060899 -0.0109946 -0.00721475)
(-0.000388809 -0.012896 -0.00652364)
(0.000588849 -0.0121349 -0.00684577)
(-0.000143694 -0.0133037 -0.00664909)
(-0.00313106 -0.00529205 -0.0114131)
(-0.0042384 -0.0060955 -0.0121876)
(-0.00310303 -0.00552849 -0.011531)
(-0.00466616 -0.00553221 -0.0114051)
(-0.00368531 -0.00511728 -0.011239)
(-0.00515096 -0.00565436 -0.0118564)
(-0.00876001 -0.00838216 -0.0132474)
(-0.00717481 -0.00739821 -0.0129698)
(-0.0089064 -0.00856061 -0.0134096)
(-0.00824939 -0.00805135 -0.0132521)
(-0.00669187 -0.00753227 -0.0130547)
(-0.00731573 -0.00742355 -0.0126632)
(-0.00397625 -0.00693971 -0.0125393)
(-0.00413906 -0.00693281 -0.012795)
(-0.00662794 -0.00699348 -0.0126027)
(-0.00580173 -0.0069011 -0.0125648)
(-0.00504068 -0.0072982 -0.0126895)
(-0.00472358 -0.00673761 -0.0125925)
(-0.000891271 -0.00777166 -0.0113952)
(-0.00209418 -0.00776426 -0.0123278)
(-0.00138867 -0.00841457 -0.0114712)
(-0.00019625 -0.00925907 -0.0112502)
(-0.00677505 -0.00804802 -0.0135876)
(-0.00839736 -0.00827825 -0.0139247)
(-0.00603505 -0.0090714 -0.0143555)
(-0.00586855 -0.00872022 -0.0137396)
(-0.00884465 -0.00872201 -0.0138381)
(-0.00279767 -0.0109915 -0.0131626)
(-0.00184431 -0.0110827 -0.0121575)
(-0.00343243 -0.0102272 -0.0134152)
(-0.00353941 -0.00970152 -0.0134473)
(-0.00192448 -0.00957427 -0.0117586)
(-0.00549986 -0.00630074 -0.0122993)
(-0.00534931 -0.00627239 -0.0121593)
(-0.00724832 -0.00679289 -0.0122031)
(-0.00617683 -0.0061548 -0.0118848)
(-0.00665307 -0.00690914 -0.0126888)
(-0.00743956 -0.00702309 -0.0124867)
(-0.00994686 -0.0156142 -0.000571831)
(-0.0118754 -0.0162098 -0.000421129)
(-0.012671 -0.0160329 -0.000592666)
(-0.00519396 -0.0132689 -0.00304666)
(-0.00549656 -0.0127523 -0.00226408)
(-0.00712696 -0.0151634 -0.00210766)
(-0.00772849 -0.0149817 -0.00154802)
(-0.00568828 -0.0146173 -0.00289674)
(-0.00674625 -0.0140256 -0.0019085)
(-0.00608251 -0.0168942 -0.00635099)
(-0.00676512 -0.0179171 -0.00645253)
(-0.00542961 -0.0161738 -0.00503743)
(-0.00870672 -0.0173986 -0.00687311)
(-0.00769932 -0.0169891 -0.00599392)
(-0.00504827 -0.016131 -0.00579673)
(-0.0149639 -0.0165616 -0.00161874)
(-0.0135894 -0.0160169 -0.00163573)
(-0.015004 -0.0156237 -0.000998664)
(-0.016216 -0.0153332 -0.00188297)
(-0.0178023 -0.0161243 -0.00264765)
(-0.0165686 -0.0156788 -0.00238945)
(-0.0164971 -0.0150144 -0.00335598)
(-0.0152984 -0.0154299 -0.00148056)
(-0.0182995 -0.0141881 -0.00464488)
(-0.0193799 -0.0135587 -0.00581835)
(-0.0183802 -0.0144024 -0.00335459)
(-0.0157661 -0.0156289 -0.00560535)
(-0.0156837 -0.0154548 -0.00357437)
(-0.0172038 -0.0155558 -0.00510871)
(-0.014996 -0.0165059 -0.00361417)
(-0.0144614 -0.0173863 -0.0033427)
(-0.0111076 -0.0154614 -0.00803619)
(-0.00957139 -0.0167306 -0.0069215)
(-0.0107072 -0.0164438 -0.00724606)
(-0.00984992 -0.0157086 -0.00740779)
(-0.00845143 -0.0168091 -0.00652014)
(-0.0106079 -0.0155164 -0.00833484)
(-0.012785 -0.0157777 -0.00559151)
(-0.0137153 -0.0164464 -0.00575645)
(-0.0150764 -0.0137053 -0.00780685)
(-0.0121941 -0.0169316 -0.00547432)
(-0.0124483 -0.0164616 -0.00483072)
(-0.0142201 -0.0154998 -0.00633823)
(-0.0136734 -0.0157971 -0.00667507)
(-0.0140218 -0.0143332 -0.00705899)
(-0.0117159 -0.00726111 -0.0100162)
(-0.0134898 -0.00848813 -0.0103009)
(-0.0124342 -0.00755414 -0.0101467)
(-0.0138243 -0.00863259 -0.010066)
(-0.0140332 -0.00884895 -0.00967242)
(-0.0113288 -0.00754101 -0.0104317)
(-0.0156638 -0.00954357 -0.00863175)
(-0.0167565 -0.0102916 -0.00829401)
(-0.0166831 -0.0106145 -0.00783142)
(-0.0153001 -0.00891146 -0.0085655)
(-0.0149282 -0.00898358 -0.00911764)
(-0.0172321 -0.0108446 -0.0074056)
(-0.0152157 -0.00880541 -0.00899769)
(-0.0173794 -0.00987809 -0.0080209)
(-0.0143273 -0.00883233 -0.00951992)
(-0.01615 -0.00901992 -0.00821661)
(-0.0143675 -0.008519 -0.00877031)
(-0.0163255 -0.00981338 -0.00871802)
(-0.00940945 -0.00695284 -0.00906108)
(-0.0111773 -0.0075512 -0.00939784)
(-0.00849993 -0.00706803 -0.00918542)
(-0.0113854 -0.00742249 -0.00888413)
(-0.0186892 -0.012431 -0.00613462)
(-0.0191824 -0.0130069 -0.00541323)
(-0.0185369 -0.0119421 -0.00635697)
(-0.0186794 -0.0118257 -0.00712605)
(-0.0190301 -0.0143052 -0.00519301)
(-0.0117018 -0.0205474 -0.00258062)
(-0.00921188 -0.0197519 -0.00277445)
(-0.00782754 -0.0175923 -0.00349442)
(-0.010083 -0.0197058 -0.00290245)
(-0.0118284 -0.0202038 -0.00241163)
(-0.0113002 -0.0219885 -0.003089)
(-0.013447 -0.0188091 -0.00397741)
(-0.0129438 -0.0181884 -0.00383921)
(-0.0139889 -0.0169375 -0.00467339)
(-0.0116603 -0.019156 -0.00445935)
(-0.0135666 -0.0185991 -0.00460011)
(-0.0152509 -0.0160015 -0.00399981)
(-0.0156582 -0.0170442 -0.00513975)
(-0.0149 -0.01703 -0.00373054)
(-0.0092551 -0.0187985 -0.00347439)
(-0.00693738 -0.0182842 -0.00435418)
(-0.00813969 -0.0186727 -0.00361196)
(-0.00693141 -0.0181055 -0.00308041)
(-0.00923756 -0.0181301 -0.00368138)
(-0.0129816 -0.0191163 -0.0024265)
(-0.014704 -0.0181214 -0.00129082)
(-0.0151073 -0.0183793 -0.00190299)
(-0.0162666 -0.0176765 -0.00194752)
(-0.0163988 -0.0180939 -0.00150537)
(-0.00459024 -0.0189301 -0.00822699)
(-0.00402285 -0.017427 -0.00825502)
(-0.00404484 -0.0166452 -0.00679254)
(-0.00384457 -0.0167364 -0.00898625)
(-0.0041388 -0.0169657 -0.010521)
(-0.00452694 -0.0188342 -0.00723298)
(-0.00702237 -0.0194237 -0.00421872)
(-0.004744 -0.0176447 -0.00549991)
(-0.0060686 -0.0176685 -0.00416001)
(-0.00494832 -0.0185721 -0.00579524)
(-0.00596207 -0.0188674 -0.00457936)
(-0.00609673 -0.0197698 -0.00504939)
(-0.0110627 -0.00969272 -0.0136854)
(-0.00892108 -0.010275 -0.0141407)
(-0.011452 -0.0096422 -0.0139653)
(-0.00755937 -0.00994765 -0.0139171)
(-0.0100421 -0.00985687 -0.0143532)
(-0.0101897 -0.0102413 -0.0139799)
(-0.00388677 -0.0134049 -0.0122513)
(-0.00301413 -0.0147713 -0.0100791)
(-0.00279576 -0.0145642 -0.010229)
(-0.00382278 -0.0146697 -0.0115853)
(-0.00341889 -0.0136394 -0.0118937)
(-0.0026758 -0.0141734 -0.0113288)
(-0.00441742 -0.0106585 -0.0131372)
(-0.00417152 -0.0114199 -0.0129408)
(-0.00301407 -0.0119291 -0.012389)
(-0.00445326 -0.0108636 -0.0133717)
(-0.00346944 -0.0122939 -0.0136803)
(-0.00329917 -0.0120339 -0.0121762)
(-0.00694946 -0.0122996 -0.013157)
(-0.00536374 -0.0138089 -0.0115219)
(-0.00645267 -0.0140615 -0.0139737)
(-0.00664185 -0.0135735 -0.0127969)
(-0.00725003 -0.0118248 -0.0131126)
(-0.00609027 -0.0134076 -0.0130055)
(-0.0122048 -0.00976633 -0.0131105)
(-0.0113934 -0.0101041 -0.0137735)
(-0.0133325 -0.0102161 -0.0129289)
(-0.013849 -0.0103533 -0.013193)
(-0.0111359 -0.0102701 -0.0135026)
(-0.0019249 -0.0156715 -0.00658988)
(-0.00161976 -0.0141864 -0.00827152)
(-0.00193265 -0.0163735 -0.00775685)
(-0.00260411 -0.0187972 -0.00667194)
(-0.00177934 -0.0157109 -0.00935507)
(-0.00247037 -0.0179956 -0.00784815)
(-0.00727853 -0.0163146 -0.00370003)
(-0.00694804 -0.0159678 -0.00252024)
(-0.00860889 -0.0173659 -0.00370177)
(-0.00939587 -0.016427 -0.00307883)
(-0.00920449 -0.0169835 -0.0031107)
(-0.00615078 -0.0154232 -0.00343925)
(-0.00469823 -0.00517434 -0.00923707)
(-0.00560593 -0.00644563 -0.00973431)
(-0.00500081 -0.00626131 -0.00956451)
(-0.0057212 -0.00595454 -0.010295)
(-0.00439837 -0.0049342 -0.00955989)
(-0.00481165 -0.00508714 -0.009891)
(-0.00428087 -0.00537307 -0.00867722)
(-0.00419597 -0.00622969 -0.00888913)
(-0.000576296 -0.00400377 -0.010144)
(-0.00115404 -0.00384878 -0.0101812)
(-0.000604006 -0.00403844 -0.0102798)
(-0.00133513 -0.00386177 -0.00999605)
(-0.00189439 -0.00373897 -0.00996847)
(-0.0018975 -0.00370053 -0.0099582)
(-0.00259412 -0.00748691 -0.00877727)
(-0.00249974 -0.00708227 -0.00742072)
(-0.00210094 -0.00775889 -0.007128)
(-0.00182384 -0.00817043 -0.00777853)
(-0.00204291 -0.00729362 -0.00804932)
(-0.00292687 -0.00727607 -0.00837691)
(-0.00234799 -0.00357445 -0.00952509)
(-0.00410851 -0.00506269 -0.00910677)
(-0.00968699 -0.0156913 -0.00175712)
(-0.00824897 -0.01628 -0.00280372)
(-0.00926596 -0.0170783 -0.00291464)
(-0.00673178 -0.0169701 -0.00432679)
(-0.0127598 -0.00979815 -0.0132769)
(-0.00686809 -0.0139658 -0.0140858)
(-0.00551689 -0.0133944 -0.012676)
(-0.00751409 -0.0115335 -0.0137257)
(-0.00888831 -0.011801 -0.014858)
(-0.00923364 -0.0105975 -0.0141802)
(-0.00919125 -0.0105554 -0.0140695)
(-0.00997955 -0.0100972 -0.013801)
(-0.00296785 -0.0135186 -0.0119732)
(-0.00374538 -0.014943 -0.0113249)
(-0.00408408 -0.0141181 -0.0115579)
(-0.0119242 -0.0184019 -0.0023866)
(-0.0167704 -0.0165097 -0.00322066)
(-0.0158803 -0.0172072 -0.00265594)
(-0.0175987 -0.0157288 -0.00261726)
(-0.0169125 -0.0168779 -0.00253441)
(-0.017235 -0.017326 -0.00201358)
(-0.0175721 -0.0161714 -0.0023411)
(-0.00919833 -0.0181601 -0.00266196)
(-0.00763994 -0.0185226 -0.00409805)
(-0.00579058 -0.0179677 -0.00462154)
(-0.00960901 -0.0190198 -0.00263868)
(-0.0114063 -0.0203434 -0.00361705)
(-0.00912467 -0.0205648 -0.00391632)
(-0.00799789 -0.0181643 -0.0038337)
(-0.00522944 -0.0174868 -0.00577541)
(-0.00711025 -0.0181415 -0.0047886)
(-0.015353 -0.0181742 -0.00240112)
(-0.011456 -0.0186586 -0.00218883)
(-0.0105201 -0.0201592 -0.0038863)
(-0.0101615 -0.0214639 -0.00333981)
(-0.012114 -0.0184147 -0.00310983)
(-0.010948 -0.0190225 -0.00327871)
(-0.0108221 -0.0184398 -0.0034624)
(-0.0138597 -0.0180044 -0.00269996)
(-0.0126949 -0.0189272 -0.00319149)
(-0.0133347 -0.019075 -0.00327194)
(-0.0165734 -0.0163102 -0.00383414)
(-0.015815 -0.0168874 -0.0032419)
(-0.0150897 -0.0176978 -0.00303263)
(-0.0152612 -0.0176134 -0.00360693)
(-0.0171128 -0.016314 -0.00403551)
(-0.0132421 -0.0177705 -0.00271198)
(-0.0141787 -0.018029 -0.00311129)
(-0.00891284 -0.0222546 -0.0047449)
(-0.00467157 -0.0164509 -0.00530097)
(-0.00625078 -0.0178088 -0.00528606)
(-0.00718687 -0.0212767 -0.00689674)
(-0.0051986 -0.0176115 -0.00702063)
(-0.0129273 -0.0196581 -0.00269315)
(-0.0115868 -0.0191474 -0.00196477)
(-0.0138126 -0.019228 -0.00221331)
(-0.00806343 -0.0188021 -0.00414943)
(-0.00895647 -0.0221235 -0.00386138)
(-0.0095341 -0.0184689 -0.00311253)
(-0.00724511 -0.0211278 -0.00465356)
(-0.0066855 -0.0181732 -0.00397515)
(-0.0126219 -0.019795 -0.00181535)
(-0.00569257 -0.0172681 -0.00471249)
(-0.00755896 -0.0179182 -0.00387056)
(-0.00575652 -0.0189795 -0.00943137)
(-0.00527578 -0.0186335 -0.00690822)
(-0.00550628 -0.0170742 -0.00513539)
(-0.0053854 -0.0155566 -0.0110949)
(-0.0049063 -0.0145747 -0.0119735)
(-0.0042271 -0.0143774 -0.0113383)
(-0.00553018 -0.014397 -0.0125977)
(-0.00482061 -0.0165279 -0.00980483)
(-0.00476115 -0.0169157 -0.0108035)
(-0.00474412 -0.0179102 -0.00906706)
(-0.00544765 -0.0160875 -0.0121497)
(-0.00429316 -0.0159385 -0.00990549)
(-0.00427499 -0.0174267 -0.00893188)
(-0.00428583 -0.0152246 -0.0112365)
(-0.00387444 -0.0152789 -0.0103292)
(-0.0161017 -0.0170107 -0.0038752)
(-0.0153304 -0.0175989 -0.0039466)
(-0.017835 -0.0150131 -0.0035947)
(-0.018968 -0.0139507 -0.00382487)
(-0.0175766 -0.0158427 -0.0036673)
(-0.0186521 -0.0152405 -0.00414999)
(-0.0194746 -0.0128403 -0.00450941)
(-0.0183641 -0.0142758 -0.00465031)
(-0.00837652 -0.0179502 -0.0036273)
(-0.0123904 -0.0167524 -0.00359415)
(-0.011564 -0.0186551 -0.00475188)
(-0.0116182 -0.0187681 -0.00480631)
(-0.0100161 -0.0172411 -0.00355525)
(-0.00726912 -0.00668756 -0.00884287)
(-0.0183341 -0.0107988 -0.00678446)
(-0.0131284 -0.00832196 -0.00902251)
(-0.0172823 -0.0102914 -0.00768023)
(-0.01765 -0.0118763 -0.00668404)
(-0.00968856 -0.00723691 -0.0105049)
(-0.0149284 -0.00969566 -0.00933066)
(-0.0086819 -0.00677227 -0.0101267)
(-0.00700946 -0.00645182 -0.00966383)
(-0.0138206 -0.0147896 -0.00747697)
(-0.012271 -0.0143144 -0.00767832)
(-0.0107757 -0.0141591 -0.00849166)
(-0.0137237 -0.0137076 -0.00805345)
(-0.0126957 -0.0155859 -0.0070683)
(-0.0120811 -0.015948 -0.00612513)
(-0.0120064 -0.0159947 -0.00764944)
(-0.0163648 -0.0118671 -0.00951344)
(-0.0174019 -0.0131233 -0.00729618)
(-0.0161375 -0.0139028 -0.00770204)
(-0.0153475 -0.0158188 -0.00631219)
(-0.0156621 -0.015266 -0.00552796)
(-0.0166825 -0.0148942 -0.00658247)
(-0.0167075 -0.0142827 -0.00640419)
(-0.0162077 -0.0128865 -0.0085188)
(-0.0166873 -0.012709 -0.00860099)
(-0.0171854 -0.0134131 -0.00715184)
(-0.0155365 -0.0117367 -0.00949234)
(-0.0154323 -0.0110159 -0.0104547)
(-0.0156577 -0.0116269 -0.0107741)
(-0.0146836 -0.0105237 -0.0114035)
(-0.014084 -0.0129784 -0.00886891)
(-0.0143622 -0.0128952 -0.00877234)
(-0.0152066 -0.0121458 -0.00963894)
(-0.0155155 -0.0127532 -0.00874421)
(-0.0151902 -0.0129687 -0.00868726)
(-0.0142598 -0.0122046 -0.00952901)
(-0.0144577 -0.0119217 -0.00960024)
(-0.014726 -0.0109591 -0.0116767)
(-0.0145414 -0.0115794 -0.0106153)
(-0.0147142 -0.0110415 -0.010366)
(-0.0108591 -0.0162521 -0.00580934)
(-0.0131481 -0.0139967 -0.00849339)
(-0.0114842 -0.0137922 -0.00913823)
(-0.0118352 -0.0148382 -0.00833022)
(-0.0121436 -0.0128369 -0.00925107)
(-0.0112749 -0.0126136 -0.00959879)
(-0.0133607 -0.0118256 -0.00966991)
(-0.0128809 -0.011925 -0.00960943)
(-0.0133409 -0.0113739 -0.0104953)
(-0.0136818 -0.0111016 -0.0102118)
(-0.0128506 -0.010282 -0.0109576)
(-0.0140335 -0.0106978 -0.0112976)
(-0.0139917 -0.0110034 -0.0114271)
(-0.0131718 -0.00991735 -0.0120163)
(-0.0128916 -0.00990881 -0.0119706)
(-0.0125527 -0.009868 -0.0131423)
(-0.0134937 -0.0101406 -0.0125816)
(-0.0137701 -0.010444 -0.0124013)
(-0.0122792 -0.00969751 -0.0127369)
(-0.0104375 -0.00901049 -0.0132596)
(-0.0122887 -0.00994872 -0.0133161)
(-0.00966331 -0.00852136 -0.013104)
(-0.0112396 -0.011684 -0.00998373)
(-0.0118014 -0.0115868 -0.00977168)
(-0.0126147 -0.0106351 -0.0113801)
(-0.0124211 -0.0106881 -0.0101116)
(-0.0118642 -0.0108723 -0.0102936)
(-0.0115133 -0.00971114 -0.0105495)
(-0.0107669 -0.010326 -0.0101897)
(-0.0109814 -0.0100966 -0.0111262)
(-0.0153256 -0.010573 -0.0114004)
(-0.0127402 -0.00943313 -0.012516)
(-0.0121263 -0.00966368 -0.0130506)
(-0.0138967 -0.0102185 -0.0125376)
(-0.0139604 -0.0103137 -0.0123512)
(-0.0113765 -0.00912429 -0.0131803)
(-0.0114056 -0.00949237 -0.0133881)
(-0.0107773 -0.0088643 -0.0136166)
(-0.0107063 -0.00901648 -0.0134544)
(-0.00821081 -0.0096323 -0.0141842)
(-0.0158118 -0.0104021 -0.0118999)
(-0.0147272 -0.0104421 -0.0125154)
(-0.0130718 -0.00931592 -0.0126106)
(-0.015272 -0.010249 -0.0113676)
(-0.0143998 -0.0100066 -0.0124253)
(-0.0162894 -0.0102885 -0.0116526)
(-0.0161649 -0.0114842 -0.00950714)
(-0.0172292 -0.0123797 -0.00844785)
(-0.0163521 -0.0112796 -0.0106894)
(-0.0171484 -0.0121266 -0.00870009)
(-0.0166681 -0.0115504 -0.0096525)
(-0.0156487 -0.0100057 -0.0115004)
(-0.0158056 -0.0103785 -0.0114322)
(-0.0160346 -0.0106671 -0.010383)
(-0.0166661 -0.0109939 -0.00954728)
(-0.0165688 -0.0103793 -0.0103746)
(-0.0166442 -0.00999986 -0.0102839)
(-0.00442681 -0.0172939 -0.00515002)
(-0.00371426 -0.0173073 -0.00568715)
(-0.00242221 -0.0160068 -0.00804952)
(-0.00227128 -0.0153115 -0.00733052)
(-0.00293864 -0.0166209 -0.00657473)
(-0.0029393 -0.0161003 -0.00618847)
(-0.00154513 -0.0147718 -0.00768235)
(-0.00154559 -0.0134021 -0.0114112)
(-0.00162659 -0.013715 -0.0111651)
(-0.00223369 -0.0130663 -0.0105358)
(-0.00185367 -0.0142554 -0.00941118)
(-0.0019432 -0.0148541 -0.0112382)
(-0.00157586 -0.0154406 -0.00918125)
(-0.00216162 -0.0133967 -0.0119602)
(-0.00253662 -0.0130162 -0.0123169)
(-0.00373291 -0.0170503 -0.0053981)
(-0.00487318 -0.0178626 -0.00492945)
(-0.00460878 -0.0165279 -0.00439122)
(-0.00336764 -0.0155808 -0.00491369)
(-0.00603746 -0.0182598 -0.0050582)
(-0.00609337 -0.0173531 -0.00438543)
(-0.00242957 -0.0120153 -0.011981)
(-0.00376627 -0.0101216 -0.0131399)
(-0.00570971 -0.00973948 -0.0141636)
(-0.0046422 -0.010326 -0.0142617)
(-0.00416783 -0.0100245 -0.0130168)
(-0.00352695 -0.0120907 -0.0132705)
(-0.00533033 -0.0107097 -0.0143296)
(-0.00600798 -0.0102593 -0.013717)
(-0.00581654 -0.00942192 -0.013781)
(-0.00503104 -0.0109759 -0.0138016)
(-0.0170936 -0.0114128 -0.00832987)
(-0.0167024 -0.0141052 -0.00370864)
(-0.0174356 -0.0110578 -0.00980692)
(-0.0182538 -0.0119091 -0.0081717)
(-0.0179099 -0.0119475 -0.00762226)
(-0.0174849 -0.0111499 -0.00846923)
(-0.00853881 -0.0171269 -0.00543868)
(-0.00935458 -0.0171289 -0.00626406)
(-0.0114397 -0.0164763 -0.00687983)
(-0.0109212 -0.0172245 -0.0064467)
(-0.00239275 -0.0140897 -0.00580736)
(-0.00873609 -0.0167134 -0.00478428)
(-0.0100904 -0.0169695 -0.00541882)
(-0.00762782 -0.017254 -0.0053741)
(-0.0107564 -0.0167609 -0.00500761)
(-0.00714681 -0.0166562 -0.00424668)
(-0.00777044 -0.0167688 -0.00356126)
(-0.00831065 -0.0169767 -0.00433652)
(-0.0100081 -0.0172399 -0.00432325)
(-0.0144643 -0.0163521 -0.00549771)
(-0.0118885 -0.016717 -0.00466724)
(-0.0100941 -0.0173893 -0.00379796)
(-0.00947855 -0.017614 -0.00405659)
(-0.0102097 -0.0168651 -0.00420938)
(-0.0116314 -0.0174197 -0.00504518)
(-0.0155646 -0.0161947 -0.00493349)
(-0.0138057 -0.0166815 -0.00450986)
(-0.0111896 -0.0165201 -0.00225698)
(-0.0119947 -0.0164189 -0.00280271)
(-0.0130107 -0.0163867 -0.00174127)
(-0.0131431 -0.0164417 -0.00172064)
(-0.0140619 -0.01587 -0.00288333)
(-0.0138668 -0.0159936 -0.0040743)
(-0.0121528 -0.0170049 -0.00349031)
(-0.0116069 -0.0177233 -0.00375176)
(-0.0110102 -0.0172233 -0.00309929)
(-0.00696947 -0.0145651 -0.00232454)
(-0.0091511 -0.0156195 -0.00161174)
(-0.0059145 -0.0137691 -0.00226205)
(-0.00514844 -0.0140167 -0.00342593)
(-0.00914021 -0.0155071 -0.00120077)
(-0.0101333 -0.0105225 -0.0104195)
(-0.0119011 -0.00945778 -0.0117577)
(-0.0116785 -0.00948974 -0.0117434)
(-0.00184409 -0.0124398 -0.011783)
(-0.0016744 -0.0118628 -0.0117379)
(-0.00294142 -0.0108459 -0.0131759)
(-0.00263141 -0.011397 -0.0123995)
(-0.000816143 -0.0118068 -0.0113509)
(-0.00102172 -0.0098774 -0.0115564)
(-7.52863e-06 -0.0110619 -0.00940808)
(-0.000150033 -0.0119419 -0.00990776)
(-0.00498868 -0.00998626 -0.0143806)
(-0.0112726 -0.00915104 -0.0133247)
(-0.00951076 -0.00901346 -0.0135565)
(-0.0107834 -0.00945065 -0.0132373)
(-0.00670547 -0.00924704 -0.0140449)
(-2.21282e-05 -0.00948555 -0.0097051)
(4.79377e-05 -0.00943277 -0.00999695)
(-0.0115788 -0.00926885 -0.0127368)
(-0.0105091 -0.00881741 -0.0129696)
(-0.0116447 -0.00928203 -0.0128209)
(-0.00841308 -0.00813909 -0.013097)
(-0.00571332 -0.00550236 -0.0113104)
(-0.00676253 -0.00610277 -0.0114675)
(-0.00625938 -0.00610127 -0.0119806)
(-0.00346683 -0.00630167 -0.012002)
(-0.00451219 -0.00680547 -0.0126141)
(-0.00415592 -0.00610187 -0.0122189)
(-0.00354982 -0.0063132 -0.0123408)
(-0.0024842 -0.00635642 -0.012188)
(-0.00240413 -0.00631915 -0.0119297)
(-0.0105045 -0.00901717 -0.0114869)
(-0.00870744 -0.0078691 -0.0124047)
(-0.00918012 -0.00960054 -0.0109347)
(-0.00986409 -0.00923564 -0.0103698)
(-0.00949434 -0.00803425 -0.0117438)
(-0.0102169 -0.00908603 -0.0115591)
(-0.00908086 -0.00796257 -0.0115524)
(-0.00780184 -0.00692371 -0.0114245)
(-0.00816801 -0.00697424 -0.0117902)
(-0.00832206 -0.00844411 -0.0109273)
(-0.00911311 -0.00834695 -0.0107635)
(-0.00914206 -0.00795835 -0.0127789)
(-0.0106192 -0.00850332 -0.0121749)
(-0.0103414 -0.00864576 -0.0121687)
(-0.00997054 -0.00849636 -0.0130983)
(-0.00961248 -0.00833714 -0.0127381)
(-0.00800601 -0.00763313 -0.0128682)
(-0.00728655 -0.00762556 -0.0131076)
(0.000579495 -0.00689705 -0.0102175)
(0.000759982 -0.00703856 -0.0100133)
(0.00088029 -0.00552275 -0.00901492)
(0.000661995 -0.00556178 -0.00901875)
(0.00108606 -0.00695538 -0.009258)
(0.00100339 -0.00640156 -0.00915935)
(0.000603057 -0.0121025 -0.00692641)
(0.00163457 -0.00659394 -0.00980496)
(0.00137858 -0.00664268 -0.0103562)
(0.00199646 -0.00818867 -0.00806879)
(0.00210474 -0.00842272 -0.00902296)
(0.000228744 -0.0119832 -0.00714497)
(-0.000254982 -0.0131371 -0.00674479)
(-0.00152225 -0.0142479 -0.00954156)
(-0.0012669 -0.0137108 -0.0107113)
(-0.00454593 -0.016354 -0.00443888)
(-0.00252493 -0.0156796 -0.0051152)
(0.000576438 -0.0114899 -0.00597681)
(-0.00358193 -0.01614 -0.00494105)
(-0.00305539 -0.015298 -0.00449292)
(0.000814321 -0.0161146 -0.0100826)
(-0.000189142 -0.0154542 -0.0088361)
(0.00100888 -0.0145019 -0.008827)
(0.00194834 -0.0139026 -0.0100764)
(0.00285873 -0.0153089 -0.0121687)
(0.00168931 -0.0117587 -0.00917034)
(0.00204134 -0.0126959 -0.0095406)
(-0.00557191 -0.00751265 -0.0130866)
(-0.00522356 -0.00777892 -0.013526)
(0.000585155 -0.00866912 -0.0133756)
(-0.000130623 -0.00810111 -0.0129376)
(-0.00104844 -0.00751637 -0.0128916)
(-0.00153922 -0.00749338 -0.0131444)
(-0.000911281 -0.00798697 -0.0137464)
(-0.00282866 -0.0078575 -0.0141438)
(-0.00377982 -0.00761829 -0.0135441)
(-0.00406136 -0.00724621 -0.0129623)
(-0.00333074 -0.00737687 -0.013581)
(-0.00268516 -0.00754274 -0.0136558)
(-0.00429662 -0.00788873 -0.014014)
(-0.00466103 -0.00756356 -0.0135534)
(-0.00177612 -0.00736151 -0.0110788)
(-0.00270233 -0.0076067 -0.0120968)
(-0.000608125 -0.00804115 -0.00987426)
(-0.00187258 -0.00711199 -0.0115152)
(0.00105193 -0.00925276 -0.0121621)
(8.48139e-05 -0.00782704 -0.0118632)
(0.00111655 -0.00921027 -0.0106626)
(-0.00066366 -0.00764311 -0.0108458)
(-0.0012825 -0.00755721 -0.0112584)
(0.00026792 -0.00917913 -0.0102105)
(-4.10912e-05 -0.00837782 -0.0111178)
(2.89284e-05 -0.00756307 -0.0110656)
(-0.000952305 -0.0130188 -0.00611045)
(-0.00107114 -0.013616 -0.0056144)
(-0.00182171 -0.0135555 -0.0064483)
(-0.00104236 -0.0137379 -0.0067993)
(-0.00409641 -0.014921 -0.00685437)
(-0.00191877 -0.0131084 -0.00621079)
(-0.00365662 -0.0152354 -0.00672739)
(-0.00243468 -0.0140968 -0.00730239)
(-0.000511276 -0.0125133 -0.00634911)
(0.000379589 -0.0118296 -0.00673146)
(-0.000707785 -0.0137829 -0.00754526)
(-0.0013288 -0.0134732 -0.00706172)
(-0.00464887 -0.00702085 -0.0121403)
(-0.00585289 -0.00717262 -0.0124505)
(-0.00614448 -0.00752287 -0.0128632)
(-0.0065698 -0.0071628 -0.0123638)
(3.05052e-05 -0.0123799 -0.0058437)
(0.000873202 -0.00902756 -0.00935807)
(0.00126444 -0.00892499 -0.00845769)
(-0.00484856 -0.0152049 -0.00697986)
(-0.0103639 -0.0147924 -0.00751087)
(-0.00951186 -0.0142877 -0.00777375)
(-0.00834404 -0.0154158 -0.00689258)
(-0.00860315 -0.0149943 -0.0074902)
(-0.00999055 -0.0136481 -0.00800377)
(-0.0107896 -0.013499 -0.00911058)
(-0.00945716 -0.012035 -0.0108378)
(-0.00928898 -0.0130452 -0.00916249)
(-0.00951806 -0.0135316 -0.00833844)
(-0.00898323 -0.0126362 -0.0100694)
(-0.00874674 -0.0132328 -0.00961256)
(-0.0080454 -0.0134443 -0.00877417)
(-0.00839336 -0.0126035 -0.0104896)
(-0.0111995 -0.0160757 -0.00775125)
(-0.013764 -0.0135792 -0.00745371)
(-0.0138145 -0.0137766 -0.00746367)
(-0.0133832 -0.0146159 -0.00684979)
(-0.014635 -0.0136932 -0.00643815)
(-0.012471 -0.0145523 -0.00734238)
(-0.0128607 -0.0144548 -0.00707106)
(-0.0109787 -0.015253 -0.00706413)
(-0.0134269 -0.0153932 -0.00658044)
(-0.0117261 -0.0149416 -0.00522768)
(-0.0113343 -0.0151701 -0.00553307)
(-0.0140128 -0.0130485 -0.00821033)
(-0.0138957 -0.0121537 -0.00884563)
(-0.014418 -0.012791 -0.00740772)
(-0.014677 -0.0118922 -0.00816847)
(-0.0110812 -0.0088212 -0.0109758)
(-0.00937665 -0.00784413 -0.0119754)
(-0.00811598 -0.00734673 -0.0120281)
(-0.00775965 -0.0076925 -0.0125443)
(-0.0085238 -0.00779124 -0.0120911)
(-0.0123343 -0.0104311 -0.0106314)
(-0.0117748 -0.0138194 -0.00868725)
(-0.0111142 -0.0144018 -0.00836812)
(-0.0112651 -0.0141298 -0.00757691)
(-0.01088 -0.0135589 -0.00886067)
(-0.0114392 -0.0127041 -0.00965772)
(-0.0110415 -0.011602 -0.00995787)
(-0.00986203 -0.0105317 -0.0116538)
(-0.0118285 -0.0127699 -0.00922957)
(-0.0112685 -0.00993019 -0.0105834)
(-0.0097394 -0.009205 -0.0121604)
(-0.00523947 -0.0161155 -0.00363522)
(-0.00579297 -0.017016 -0.0038939)
(-0.00493928 -0.0169895 -0.00385163)
(-0.00485873 -0.0167145 -0.00452562)
(-0.00344241 -0.0151251 -0.00456768)
(-0.00348439 -0.015691 -0.00445158)
(-0.00978825 -0.0170717 -0.00368693)
(-0.011317 -0.0152166 -0.00490552)
(-0.00960194 -0.0168958 -0.00409869)
(-0.00414043 -0.0159796 -0.00496374)
(-0.00579926 -0.0160203 -0.00471713)
(-0.00679646 -0.0160553 -0.0046987)
(-0.00652171 -0.0162915 -0.0056161)
(-0.00497663 -0.00643091 -0.00893429)
(0.00210029 -0.00739186 -0.00922957)
(0.00207323 -0.00750384 -0.00975489)
(0.00175045 -0.00665287 -0.00953873)
(0.00217581 -0.00632371 -0.00903729)
(0.000243122 -0.00434005 -0.0102059)
(0.00242999 -0.00892019 -0.00943304)
(0.0024168 -0.00950457 -0.00828951)
(0.00204901 -0.0089912 -0.00732897)
(-0.00272499 -0.00386147 -0.00992895)
(-0.00292087 -0.00402562 -0.0102934)
(-0.00397387 -0.00415113 -0.00952981)
(-0.00373653 -0.00422272 -0.0101954)
(-0.000169226 -0.00410351 -0.00977963)
(0.000884623 -0.00571579 -0.00983484)
(-0.00373631 -0.00433114 -0.0101421)
(-0.00443832 -0.00503294 -0.0104037)
(-0.00828509 -0.00910987 -0.0106896)
(-0.00793273 -0.0091044 -0.0109298)
(-0.00160911 -0.0127721 -0.00717872)
(-0.00647073 -0.00943202 -0.013095)
(-0.00368568 -0.00796187 -0.0142419)
(-0.009004 -0.00882838 -0.012079)
(-0.00620097 -0.00841216 -0.0133404)
(-0.00587848 -0.00800972 -0.0133553)
(-0.00692246 -0.00824912 -0.0132107)
(-0.00579244 -0.00822602 -0.0139922)
(-0.00707631 -0.00727838 -0.0121397)
(-0.0058473 -0.00687613 -0.0116295)
(-0.00745957 -0.00699103 -0.0117089)
(-0.00657949 -0.00691562 -0.0115465)
(-0.00622463 -0.00690292 -0.0110685)
(-0.00412845 -0.00689234 -0.0116126)
(-0.00165706 -0.00744247 -0.0101033)
(-0.00249021 -0.00676044 -0.0101122)
(-0.00471246 -0.00714497 -0.0116197)
(-0.00315644 -0.00705976 -0.0109444)
(-0.0028827 -0.00723486 -0.010518)
(-0.0101431 -0.0113376 -0.0101387)
(-0.0108523 -0.0126746 -0.00981866)
(-0.00761406 -0.0167587 -0.00717297)
(-0.00847204 -0.0159261 -0.00722105)
(-0.0081617 -0.0162132 -0.00766717)
(0.00106545 -0.0147425 -0.00810821)
(0.000344943 -0.0146936 -0.00798396)
(0.000355178 -0.0158753 -0.00988208)
(-0.00108544 -0.016257 -0.00808279)
(-0.00188864 -0.0163835 -0.00900191)
(-0.00459681 -0.0171075 -0.00582075)
(-0.00272027 -0.0147785 -0.00542697)
(-0.00202588 -0.0143374 -0.00602881)
(0.000338791 -0.0128815 -0.00839663)
(-0.00133069 -0.0144649 -0.00687614)
(0.000241657 -0.0134574 -0.00710288)
(-0.00051571 -0.0141295 -0.00799075)
(0.000388944 -0.0137591 -0.00810019)
(0.000114038 -0.0159128 -0.00841766)
(-0.00100842 -0.0150706 -0.00696295)
(-0.000689057 -0.0142429 -0.00688286)
(0.0014748 -0.0114279 -0.00909573)
(0.000665905 -0.0112063 -0.00816054)
(0.00104034 -0.0117699 -0.00840264)
(0.0011743 -0.0106045 -0.0086836)
(0.00108585 -0.0101458 -0.0092918)
(-0.00133193 -0.0158789 -0.00734559)
(-0.00289079 -0.0164144 -0.00752229)
(-0.00228628 -0.0162571 -0.00744857)
(-0.00287927 -0.0156231 -0.00696714)
(-0.00625636 -0.0163135 -0.00690434)
(-0.00478707 -0.0162538 -0.0072873)
(-0.00566975 -0.0173754 -0.00685949)
(-0.00658051 -0.0160185 -0.00624412)
(-0.00439218 -0.0163215 -0.0060946)
(-0.0038982 -0.0162046 -0.00727263)
(-0.00129949 -0.0157771 -0.0079345)
(-0.00250335 -0.0156791 -0.00715736)
(-0.00362429 -0.0155786 -0.00627888)
(-0.00355805 -0.0166419 -0.00700559)
(-0.00535211 -0.0112609 -0.0101509)
(-0.00442931 -0.0145486 -0.00938837)
(-0.00519362 -0.0143529 -0.00962849)
(-0.00784512 -0.00935383 -0.0101723)
(-0.00729269 -0.00915487 -0.0102489)
(-0.00725596 -0.00928737 -0.0096005)
(-0.00613284 -0.00740467 -0.00934226)
(-0.00678653 -0.00792268 -0.00938611)
(-0.00635194 -0.00953008 -0.00947191)
(-0.00651459 -0.00880306 -0.00952295)
(-0.00852297 -0.0130921 -0.00953761)
(-0.00688353 -0.0164791 -0.00759023)
(-0.00905286 -0.0126292 -0.00949736)
(-0.00742223 -0.0107491 -0.00992677)
(-0.00822519 -0.0111145 -0.00967069)
(-0.00821114 -0.0105896 -0.0103008)
(-0.004496 -0.0132613 -0.0091057)
(-0.00419642 -0.0137424 -0.00743698)
(-0.00518155 -0.0144428 -0.008706)
(-0.00562582 -0.0134575 -0.00843164)
(-0.00782673 -0.0130231 -0.00955696)
(-0.00643427 -0.0132412 -0.00891879)
(-0.00600069 -0.013037 -0.0100602)
(-0.00628991 -0.0134738 -0.00918634)
(-0.0057692 -0.0144902 -0.00832747)
(-0.00707043 -0.0136361 -0.00810617)
(-0.00780363 -0.013866 -0.00924107)
(-0.00538392 -0.0147736 -0.00775615)
(-0.00274373 -0.00694225 -0.00883018)
(-0.0029461 -0.00660662 -0.00863168)
(-0.00328035 -0.00701137 -0.00959947)
(-0.00413486 -0.00684611 -0.0105918)
(-0.00507619 -0.0067754 -0.0109584)
(-0.00436942 -0.00648781 -0.00996045)
(-0.00333385 -0.00654769 -0.0100444)
(-0.0031091 -0.00726852 -0.0102958)
(-0.00366773 -0.00694092 -0.00870987)
(-0.0036566 -0.00671108 -0.0081105)
(-0.00449877 -0.00695201 -0.00855816)
(-0.00642557 -0.00664742 -0.0092052)
(-0.00489035 -0.00643937 -0.00870203)
(-0.00618425 -0.0067759 -0.0096473)
(-0.00469099 -0.0066197 -0.00887086)
(-0.00534741 -0.00647621 -0.00935011)
(-0.00652495 -0.00671256 -0.00934106)
(-0.0057782 -0.00676216 -0.00917239)
(-0.00605218 -0.00665371 -0.0103043)
(-0.00729012 -0.00682833 -0.0105306)
(-0.00743258 -0.00689627 -0.0107919)
(-0.0080574 -0.00644922 -0.0105415)
(-0.00925375 -0.00725276 -0.0108694)
(-0.00844193 -0.00704256 -0.011069)
(-0.00795763 -0.00726757 -0.01142)
(-0.0073959 -0.0176357 -0.0030438)
(-0.0068342 -0.0175244 -0.00400196)
(-0.007592 -0.0172779 -0.00365606)
(-0.0090623 -0.017437 -0.00297608)
(-0.00860596 -0.0185067 -0.00422142)
(-0.0149789 -0.0141665 -0.00605073)
(-0.0163704 -0.0153565 -0.00594947)
(-0.0161934 -0.0155201 -0.00558995)
(-0.00166886 -0.00762618 -0.00796538)
(-0.00212661 -0.00713137 -0.00836625)
(-0.00131036 -0.00726294 -0.00723566)
(-0.000935381 -0.0119594 -0.0059739)
(-0.000437464 -0.0116999 -0.00797716)
(-5.21863e-05 -0.0111201 -0.00889926)
(-0.000282997 -0.0111785 -0.00696414)
(-0.000652855 -0.00870066 -0.00684413)
(-0.0042105 -0.0121282 -0.0035393)
(-0.00125871 -0.00845507 -0.00766067)
(-0.00107695 -0.0080223 -0.00654164)
(-0.0013186 -0.0080837 -0.00690563)
(-0.00186771 -0.00826759 -0.00653365)
(-0.00228405 -0.00912144 -0.00576942)
(-0.00640034 -0.0150633 -0.00321127)
(-0.00564212 -0.0139554 -0.00314294)
(-0.00601147 -0.0158442 -0.00389944)
(-0.00438275 -0.0130349 -0.00322883)
(-0.00461558 -0.0136407 -0.00378234)
(-0.00578888 -0.0167082 -0.00506766)
(-0.00377874 -0.0159327 -0.00501662)
(-0.00481101 -0.0148794 -0.00407884)
(-0.000660275 -0.0115114 -0.00621301)
(-0.000970181 -0.0096439 -0.0067199)
(-0.000412703 -0.0124042 -0.00636901)
(-0.00096116 -0.0110475 -0.00724808)
(-0.00125679 -0.0135655 -0.00663732)
(-0.00107331 -0.0134221 -0.00556057)
(-0.00158 -0.0129121 -0.00504082)
(-0.00574801 -0.00621231 -0.00823868)
(-0.00452776 -0.00683978 -0.00792698)
(-0.00518213 -0.00676066 -0.00802846)
(-0.00213351 -0.00770943 -0.00668044)
(-0.00224337 -0.00832581 -0.00614742)
(-0.00358053 -0.00696428 -0.00789535)
(-0.00263197 -0.00680484 -0.00727952)
(-0.00315022 -0.00717623 -0.00787309)
(-0.0024507 -0.00745387 -0.0071935)
(-0.0022671 -0.00885565 -0.00514524)
(-0.00278239 -0.00994492 -0.00413433)
(-0.00265567 -0.0099443 -0.00515367)
(-0.00221545 -0.00857119 -0.00524746)
(-0.00220923 -0.00893684 -0.00532501)
(-0.00221759 -0.00802035 -0.0055519)
(-0.00275413 -0.00850524 -0.00583321)
(-0.00714527 -0.0100959 -0.0145567)
(-0.00952953 -0.00911982 -0.0141877)
(-0.00856485 -0.00959746 -0.0144305)
(-0.00704737 -0.00969115 -0.0144781)
(-0.00272804 -0.00737882 -0.00690906)
(-0.00258406 -0.00768222 -0.00628838)
(-0.00315839 -0.00712629 -0.00726513)
(-0.0028654 -0.0076472 -0.00628751)
(-0.00296437 -0.0078324 -0.00625068)
(-0.00258465 -0.00723566 -0.00559169)
(-0.00282172 -0.0074682 -0.00612031)
(-0.00396647 -0.006764 -0.00693483)
(-0.0043281 -0.00660028 -0.0074353)
(-0.00398035 -0.00673584 -0.00742186)
(-0.00311784 -0.00685604 -0.00608408)
(-0.00350525 -0.00685668 -0.0072012)
(-0.00330831 -0.00712018 -0.00667484)
(-0.00120641 -0.0107044 -0.00642852)
(-0.00225545 -0.0123127 -0.00532653)
(-0.00170051 -0.010718 -0.00579954)
(-0.00422523 -0.0138603 -0.00408901)
(-0.00465374 -0.014525 -0.00382623)
(-0.00390112 -0.0136012 -0.00398589)
(-0.00288863 -0.012814 -0.00477794)
(-0.00144907 -0.00910886 -0.00679959)
(-0.00172944 -0.00902504 -0.00633766)
(-0.00190636 -0.00959001 -0.00585628)
(-0.00176902 -0.0093714 -0.00629486)
(-0.00256216 -0.0112743 -0.00504762)
(-0.00327608 -0.0126109 -0.00449675)
(-0.00211871 -0.00975361 -0.00557135)
(-0.00199985 -0.0106436 -0.00524352)
(-0.000464036 -0.00938922 -0.00894427)
(-0.000292163 -0.00871946 -0.00984835)
(-0.00229133 -0.00711201 -0.00920666)
(-0.0022066 -0.00722553 -0.0097302)
(-0.00244808 -0.00702015 -0.00970556)
(-0.00148999 -0.0073809 -0.00761789)
(-0.00163915 -0.00756238 -0.00873566)
(-0.00114963 -0.00862394 -0.00768204)
(-0.00082239 -0.00888145 -0.0081522)
(-0.0101101 -0.00705294 -0.0103394)
(-0.0100159 -0.00740285 -0.0110249)
(-0.0117065 -0.00781412 -0.010458)
(-0.0141714 -0.00913226 -0.00933144)
(-0.01402 -0.0101932 -0.00889535)
(-0.015122 -0.0109093 -0.00878237)
(-0.0108931 -0.00732556 -0.010664)
(-0.0119722 -0.00858586 -0.0102658)
(0.00118624 -0.0120365 -0.00846326)
(0.000819957 -0.0120094 -0.0076946)
(0.000838499 -0.0126663 -0.0074616)
(-0.000147191 -0.0144827 -0.0083556)
(0.000428522 -0.0154035 -0.00869868)
(0.00088279 -0.0135735 -0.00805776)
(0.00137927 -0.0125931 -0.00889269)
(-0.00255231 -0.0177615 -0.00890783)
(-0.00127104 -0.0162437 -0.0087476)
(-0.00054445 -0.0160739 -0.00970894)
(-0.00171274 -0.0150386 -0.0086945)
(-0.00281636 -0.0159028 -0.00833597)
(-0.00417281 -0.0152978 -0.00871667)
(-0.00332414 -0.0169684 -0.00967926)
(-0.00302688 -0.0159645 -0.0097134)
(-0.00415204 -0.015517 -0.00926425)
(-0.00218485 -0.015564 -0.00914543)
(-0.00921657 -0.0118293 -0.00995589)
(-0.00869582 -0.0107004 -0.0102479)
(-0.00963088 -0.0113144 -0.0101642)
(-0.00870095 -0.0100934 -0.0105787)
(-0.00906153 -0.00992282 -0.010302)
(-0.00882373 -0.0100221 -0.0114163)
(-0.00702689 -0.00971706 -0.0134003)
(-0.00488205 -0.00876862 -0.0143281)
(-0.00405938 -0.00854031 -0.0139628)
(-0.00174113 -0.00755333 -0.0136793)
(-0.000960913 -0.00775766 -0.0143576)
(-0.00814378 -0.0119073 -0.0110913)
(-0.00712066 -0.0111042 -0.0128671)
(-0.00604958 -0.0126257 -0.0119516)
(-0.00618094 -0.0107977 -0.0123238)
(-0.00742073 -0.00800708 -0.0107339)
(-0.00679139 -0.00648799 -0.0109084)
(-0.00812761 -0.00753297 -0.0109814)
(-0.00624889 -0.0066212 -0.0110398)
(-0.00639588 -0.00684502 -0.0097223)
(-0.00658692 -0.0077156 -0.00992356)
(-0.0070998 -0.00793143 -0.00987503)
(-0.00689913 -0.00771199 -0.0104897)
(-0.00602648 -0.00669334 -0.0103244)
(-0.00651738 -0.00666992 -0.0103433)
(-0.0028876 -0.00501326 -0.0114792)
(-0.00391988 -0.00513557 -0.0115802)
(-0.00214883 -0.0055613 -0.0116359)
(-0.0021869 -0.00549123 -0.0116193)
(-0.00322973 -0.00444428 -0.0105122)
(-0.00345513 -0.00450074 -0.0107607)
(-0.00265783 -0.00488025 -0.0110611)
(-0.00244771 -0.00431495 -0.0106297)
(-0.00172893 -0.00465693 -0.0107769)
(-0.00164779 -0.00482168 -0.0108408)
(-0.00133568 -0.00511741 -0.0108548)
(0.000248793 -0.00613763 -0.00979581)
(-0.000423131 -0.00628348 -0.0109972)
(-0.000263897 -0.00511252 -0.0101803)
(8.00654e-05 -0.00554733 -0.00990567)
(-0.00107468 -0.00497622 -0.0104301)
(-0.00403378 -0.0159621 -0.00544595)
(-0.00500613 -0.0161163 -0.00517498)
(-0.00431074 -0.0154022 -0.00603305)
(-0.000648117 -0.0133588 -0.00610399)
(-0.0026534 -0.0141846 -0.0045066)
(-0.00107811 -0.0137818 -0.00691748)
(-0.00141165 -0.0144164 -0.00575987)
(-0.00224713 -0.0142958 -0.00523957)
(-0.00270426 -0.0148243 -0.00581958)
(-0.00299664 -0.0154451 -0.0059679)
(-0.00357398 -0.0148193 -0.00543679)
(-0.00197238 -0.0143074 -0.00597767)
(-0.00151158 -0.0136535 -0.00644872)
(-0.00336588 -0.0152892 -0.00613721)
(-0.00378084 -0.0149624 -0.00652792)
(-0.0104781 -0.0157132 -0.00383292)
(-0.00913823 -0.0159222 -0.00408803)
(-0.00871907 -0.0166523 -0.00544589)
(-0.00994551 -0.0162973 -0.00574148)
(-0.00520925 -0.0173141 -0.00526652)
(-0.00783142 -0.0169871 -0.00459072)
(-0.00692315 -0.016734 -0.00368686)
(-0.0053252 -0.0168893 -0.00524204)
(-0.00648747 -0.016301 -0.00411081)
(-0.00833672 -0.0177808 -0.00468339)
(-0.00838538 -0.0152264 -0.00780017)
(-0.00723776 -0.0150375 -0.00703158)
(-0.0080972 -0.0140166 -0.0081555)
(-0.00879296 -0.014047 -0.00754456)
(0.00247324 -0.0118502 -0.0110124)
(0.00408158 -0.0143564 -0.0122003)
(0.00265322 -0.011103 -0.0113056)
(0.00339109 -0.0113521 -0.0124427)
(0.00181349 -0.00979714 -0.0132109)
(0.00196164 -0.0090378 -0.011477)
(0.00112419 -0.00832947 -0.0122689)
(0.00143471 -0.00858958 -0.0129499)
(0.00200327 -0.00893112 -0.0137741)
(0.000340727 -0.0119982 -0.00877038)
(-0.00182357 -0.0140883 -0.00592584)
(-0.000444731 -0.0130531 -0.00903432)
(-0.000730521 -0.0135057 -0.00749764)
(-0.000691754 -0.0127816 -0.00638028)
(-0.00176021 -0.0152251 -0.00502953)
(-5.55254e-05 -0.0131113 -0.00648893)
(0.00179582 -0.00927789 -0.00809551)
(0.00146696 -0.00643779 -0.00864227)
(0.00202228 -0.00758915 -0.00883797)
(0.0014904 -0.00681672 -0.00831764)
(0.00133868 -0.00899186 -0.00728306)
(0.00111802 -0.00720845 -0.00875631)
(0.0015172 -0.00751183 -0.00825627)
(0.00156402 -0.00996575 -0.0075992)
(0.00128998 -0.0100254 -0.00667372)
(0.000741673 -0.0102714 -0.00654394)
(-0.00333247 -0.00720354 -0.0123409)
(-0.00560964 -0.00693302 -0.0127516)
(-0.00265463 -0.00887991 -0.0129052)
(-0.00493988 -0.00741699 -0.0130718)
(-0.00433866 -0.00847141 -0.0134678)
(-0.0037489 -0.00877043 -0.0130526)
(-0.00647355 -0.00802162 -0.0136808)
(-0.00494967 -0.0077483 -0.0132415)
(-0.000843367 -0.00983284 -0.0110434)
(-0.00142182 -0.00847837 -0.0114011)
(-0.00247243 -0.00896108 -0.0127568)
(-0.00207953 -0.00917589 -0.0119605)
(-0.00399403 -0.0113204 -0.00306344)
(-0.00343121 -0.0109866 -0.00386592)
(-0.00471557 -0.0123223 -0.00297982)
(-0.00608216 -0.0163535 -0.00506909)
(-0.00526695 -0.0170144 -0.00547951)
(-0.00621777 -0.0159493 -0.00468686)
(-0.00465986 -0.0160986 -0.00561759)
(-0.00404033 -0.0157115 -0.00444152)
(-0.00377387 -0.015429 -0.00535201)
(-0.0180704 -0.0108669 -0.00868072)
(-0.0173459 -0.0104686 -0.0110101)
(-0.0175642 -0.0106196 -0.00972684)
(-0.0181966 -0.0126378 -0.00744882)
(-0.017913 -0.0140992 -0.00593562)
(-0.0181688 -0.0142338 -0.00682765)
(-0.0173604 -0.0122518 -0.00767749)
(-0.0184182 -0.013055 -0.00439347)
(-0.0181314 -0.0147996 -0.00456916)
(-0.0184301 -0.0130332 -0.00700993)
(-0.0185249 -0.0130461 -0.00642128)
(-0.0149645 -0.00965478 -0.0121259)
(-0.0147883 -0.00975242 -0.012242)
(-0.0122361 -0.0097067 -0.0136109)
(-0.0134708 -0.00961776 -0.0129763)
(-0.0125094 -0.00962215 -0.0133995)
(-0.012071 -0.00979854 -0.0136942)
(-0.00810489 -0.00685202 -0.00985539)
(-0.0105808 -0.0073308 -0.0103242)
(-0.00910531 -0.00665208 -0.00996974)
(-0.0135787 -0.00826721 -0.0096518)
(-0.0144941 -0.00855295 -0.00915001)
(-0.0124594 -0.00764666 -0.00928406)
(-0.007533 -0.00671195 -0.00891518)
(-0.00918621 -0.00703614 -0.00934564)
(-0.00820988 -0.00654137 -0.00937102)
(-0.00678253 -0.00680575 -0.00883933)
(-0.0120956 -0.0171528 -0.00466789)
(-0.015189 -0.0153575 -0.00529325)
(-0.0145484 -0.01619 -0.00500431)
(-0.013284 -0.0149985 -0.00500014)
(-0.0136335 -0.0173098 -0.00490297)
(-0.0141598 -0.0161224 -0.00457055)
(-0.0168325 -0.01168 -0.00731818)
(-0.0170185 -0.0130294 -0.00679113)
(-0.0170134 -0.0148688 -0.00579484)
(-0.0167573 -0.0155904 -0.00459803)
(-0.0165343 -0.0159584 -0.00451015)
(-0.0177115 -0.013832 -0.00660737)
(-0.00268511 -0.0151197 -0.00986433)
(-0.0034328 -0.0165102 -0.00593628)
(-0.00307904 -0.0162286 -0.0077304)
(-0.00322209 -0.0153726 -0.00930271)
(-0.00307587 -0.0165535 -0.00668012)
(-0.00404151 -0.0172262 -0.00654319)
(-0.00621177 -0.0100841 -0.0138075)
(-0.00740817 -0.00996132 -0.0140617)
(-0.00434313 -0.0129965 -0.0120016)
(-0.00718815 -0.0109872 -0.0136564)
(-0.00783553 -0.0110624 -0.0142418)
(-0.00619778 -0.0113546 -0.0134804)
(-0.00799174 -0.0108495 -0.0141733)
(-0.00502736 -0.0130577 -0.0138865)
(-0.00532065 -0.0101003 -0.0130798)
(-0.00379214 -0.0120922 -0.0121023)
(-0.00760912 -0.0123854 -0.0138184)
(-0.0106455 -0.0104921 -0.013824)
(-0.0083799 -0.0113215 -0.0134575)
(-0.0105594 -0.0101222 -0.0137593)
(-0.00916273 -0.0120959 -0.0140344)
(-0.00266109 -0.00691304 -0.0121461)
(-0.00300889 -0.00675579 -0.0123493)
(-0.00166174 -0.00709806 -0.0120533)
(-0.000804066 -0.00777951 -0.0114141)
(-0.00151798 -0.00717905 -0.0120289)
(-0.000778902 -0.00711578 -0.0112989)
(-2.21888e-05 -0.00835752 -0.0111149)
(0.00059819 -0.00814835 -0.0101038)
(0.000739197 -0.00862096 -0.0101083)
(0.000481327 -0.00933362 -0.00967268)
(0.00013844 -0.00839811 -0.0110714)
(0.000873833 -0.0111592 -0.00903542)
(0.000571087 -0.00894938 -0.0091911)
(-0.00371487 -0.00446123 -0.00903329)
(-0.00324991 -0.00380368 -0.0094776)
(-0.00271194 -0.00400311 -0.00937246)
(-0.00364076 -0.00424789 -0.00948095)
(0.00235375 -0.0101184 -0.0083515)
(0.000682557 -0.0114924 -0.00696243)
(0.00108337 -0.0104532 -0.00693596)
)
;
    }
    INLET
    {
        type            calculated;
        value           nonuniform 0();
    }
    OUTLET
    {
        type            calculated;
        value           nonuniform 0();
    }
    procBoundary24to26
    {
        type            processor;
        value           uniform (0 0 0);
    }
    procBoundary24to31
    {
        type            processor;
        value           uniform (0 0 0);
    }
}


// ************************************************************************* //
