/*--------------------------------*- C++ -*----------------------------------*\
| =========                 |                                                 |
| \\      /  F ield         | OpenFOAM: The Open Source CFD Toolbox           |
|  \\    /   O peration     | Version:  v1612+                                |
|   \\  /    A nd           | Web:      www.OpenFOAM.com                      |
|    \\/     M anipulation  |                                                 |
\*---------------------------------------------------------------------------*/
FoamFile
{
    version     2.0;
    format      ascii;
    class       volVectorField;
    location    "150";
    object      wallShearStress;
}
// * * * * * * * * * * * * * * * * * * * * * * * * * * * * * * * * * * * * * //

dimensions      [0 2 -2 0 0 0 0];

internalField   uniform (0 0 0);

boundaryField
{
    WALL
    {
        type            calculated;
        value           nonuniform List<vector> 
1513
(
(-0.00141009 -0.0147395 0.00897914)
(-0.00116104 -0.0152922 0.00940799)
(0.000485106 -0.0120186 0.00731474)
(0.000886691 -0.0108771 0.00630502)
(-0.000672566 -0.0128084 0.00771088)
(-0.000687716 -0.0126385 0.00822702)
(0.00313745 -0.0239847 0.0140242)
(-0.00398563 -0.0240986 0.00474321)
(-0.00513844 -0.0235503 0.00527)
(-0.00161381 -0.0231578 0.0128217)
(7.61846e-05 -0.0231755 0.0134589)
(0.00269914 -0.0227193 0.0123567)
(0.00282926 -0.0230323 0.0129386)
(-0.00148856 -0.0226142 0.0128171)
(-0.000187619 -0.022471 0.0129643)
(-0.000553595 -0.024692 0.00319127)
(0.000251621 -0.0255666 0.00322372)
(0.000817867 -0.0244025 0.0104095)
(0.000804367 -0.0240631 0.0105893)
(0.000621069 -0.00922976 0.00375001)
(0.000631741 -0.00887243 0.00376607)
(0.000305718 -0.0102774 0.00569498)
(0.000591701 -0.00987577 0.00518583)
(-0.000747857 -0.0108039 0.00236304)
(-0.000824994 -0.0114192 0.00253916)
(0.00156306 -0.0104416 0.00669128)
(0.00181532 -0.00926492 0.00543832)
(0.000528626 -0.0232451 0.0110043)
(-0.000424099 -0.0237825 0.0122114)
(0.000112041 -0.0230829 0.011188)
(-0.000465964 -0.0248512 0.0125751)
(0.00084444 -0.0253636 0.0116661)
(0.000493357 -0.0241879 0.0115664)
(-0.00143088 -0.0123594 0.00697065)
(-0.00180067 -0.0130063 0.00741913)
(-0.000553456 -0.0110253 0.0063845)
(-0.0013691 -0.0123503 0.00714486)
(-0.0007359 -0.0115961 0.00671739)
(-0.000847776 -0.0120071 0.00694018)
(-0.0011854 -0.0261203 0.00380854)
(-0.000557256 -0.0249646 0.00386858)
(-9.55358e-05 -0.0246436 0.00327289)
(-0.00197608 -0.0242295 0.00342466)
(-0.00161019 -0.024523 0.00381897)
(-0.000926767 -0.0246117 0.0032817)
(0.00151552 -0.00962436 0.00433012)
(0.0014389 -0.0091599 0.00426735)
(0.00121877 -0.00988975 0.00486601)
(0.00115395 -0.00987435 0.00488738)
(0.00134631 -0.00941104 0.00461272)
(0.00154273 -0.0101795 0.00439038)
(-0.00132644 -0.0134575 0.00267625)
(2.97238e-05 -0.0119256 0.00260137)
(-0.000670297 -0.0132188 0.00279319)
(-0.000498461 -0.0123273 0.00261916)
(-0.000275114 -0.0121248 0.00251891)
(-0.000809469 -0.0132741 0.00293433)
(-0.00472935 -0.0229497 0.00483382)
(-0.00430544 -0.0223571 0.00459957)
(-0.00498691 -0.0208036 0.00514373)
(-0.00483208 -0.0216138 0.0048895)
(-0.00465476 -0.020118 0.00485037)
(-0.00457237 -0.021934 0.00493354)
(-0.00254932 -0.0137014 0.0066458)
(-0.00285035 -0.0136199 0.0064053)
(-0.0031222 -0.014233 0.00664636)
(-0.00251761 -0.0129278 0.00630674)
(-0.00351537 -0.0150219 0.00670782)
(-0.00326566 -0.0142172 0.00637361)
(-0.00437391 -0.0212286 0.00817219)
(-0.00475712 -0.0200724 0.00664632)
(-0.00407372 -0.0186194 0.00768218)
(0.00160631 -0.0109744 0.00765097)
(0.00130693 -0.0111461 0.0076059)
(0.000648479 -0.0122835 0.00855475)
(-0.00156762 -0.0155267 0.00916217)
(9.49129e-05 -0.012392 0.00846751)
(0.00013354 -0.0126791 0.00845138)
(0.000492648 -0.0118223 0.00805888)
(-0.00106881 -0.0138635 0.00917106)
(-0.000441423 -0.0136622 0.00870015)
(-0.000443514 -0.0144077 0.00938254)
(-0.000518532 -0.0135204 0.00907053)
(-0.00460712 -0.0181592 0.00828714)
(-0.00366903 -0.0167985 0.00863131)
(-0.00427069 -0.0192386 0.00812768)
(-0.00503151 -0.0199053 0.00846249)
(-0.0040979 -0.0175259 0.00850121)
(-0.0041613 -0.0175227 0.00885372)
(-0.00438536 -0.0194916 0.00760975)
(-0.00477621 -0.0207892 0.00635651)
(-0.00501894 -0.0186144 0.0075247)
(-0.00440268 -0.0200798 0.00714564)
(-0.00544195 -0.0221385 0.00680286)
(-0.00472849 -0.0209188 0.00760754)
(-0.0045603 -0.0168734 0.00807513)
(-0.00328004 -0.0184923 0.00865557)
(-0.00318695 -0.0172195 0.00906203)
(-0.0037196 -0.0169138 0.00866928)
(-0.00300513 -0.0162977 0.00871799)
(-0.00449708 -0.018135 0.00818454)
(0.0017809 -0.00966702 0.00527897)
(0.00162467 -0.00983322 0.00559565)
(0.000681193 -0.0109026 0.0067855)
(0.0012169 -0.010715 0.0062496)
(0.000274406 -0.0114774 0.00704359)
(0.000867743 -0.0106483 0.0068016)
(0.00158219 -0.0104687 0.00588149)
(0.00115475 -0.0101293 0.00632451)
(0.000234463 -0.0124078 0.00813724)
(-0.000201407 -0.0119613 0.00772408)
(-8.01215e-05 -0.0129183 0.00816419)
(0.00048082 -0.011373 0.00711924)
(0.00081928 -0.0112351 0.00704119)
(0.00061865 -0.0116699 0.00779946)
(-0.00279748 -0.0154541 0.00885553)
(-0.0014833 -0.0135898 0.00833248)
(-0.00232543 -0.0145379 0.0086582)
(-0.0014511 -0.0135462 0.00815697)
(-0.00110467 -0.0128975 0.00805086)
(-0.00224379 -0.0147886 0.00848198)
(-0.000141956 -0.0123625 0.00755616)
(-0.00162962 -0.0142808 0.00852627)
(0.00177662 -0.00972314 0.00445935)
(0.00182055 -0.00941093 0.00425939)
(0.00190269 -0.00985638 0.00492587)
(0.00170012 -0.0100536 0.00497172)
(0.00200554 -0.0096342 0.00459706)
(0.00155059 -0.00958119 0.00472373)
(0.00250041 -0.00840028 0.00393088)
(0.00258816 -0.00840362 0.00390606)
(0.00231809 -0.00877522 0.00395343)
(0.00232829 -0.00883755 0.00351476)
(0.00269332 -0.0089407 0.00400487)
(0.00223457 -0.00854845 0.00321249)
(0.00234124 -0.00849794 0.00453008)
(0.00237403 -0.00892292 0.00515237)
(0.00242021 -0.00889912 0.0043551)
(0.00249837 -0.00866371 0.00435627)
(0.00234877 -0.00913201 0.00531756)
(0.00246793 -0.00922955 0.00462158)
(0.000574819 -0.0259258 0.00471077)
(-0.000393363 -0.0254593 0.00408765)
(0.000517808 -0.0262354 0.00513522)
(-0.00134078 -0.0262439 0.00398559)
(-0.000778216 -0.025235 0.00424555)
(5.86084e-05 -0.0257917 0.0048435)
(0.0013858 -0.025463 0.00914035)
(0.00188908 -0.0263873 0.00803523)
(0.00154714 -0.025326 0.0094745)
(0.00153279 -0.0266955 0.00935778)
(0.0014669 -0.025428 0.00728724)
(0.00152304 -0.0244492 0.00754312)
(0.00179323 -0.0257736 0.00713404)
(0.00227067 -0.0249021 0.00720031)
(0.0024877 -0.024955 0.00689267)
(0.00183784 -0.0257695 0.00682696)
(0.00230413 -0.0255816 0.00837208)
(0.00179593 -0.0245782 0.00636678)
(-0.00208805 -0.0123669 0.0060276)
(-0.00169327 -0.0116416 0.00561116)
(-0.00126824 -0.0108525 0.0053027)
(0.00105462 -0.00908201 0.00385872)
(0.00100072 -0.00869471 0.00339306)
(0.00105842 -0.00886785 0.00338399)
(0.00103644 -0.00885492 0.00382574)
(0.00109767 -0.00928565 0.00384681)
(0.000596062 -0.00943848 0.00471391)
(0.000387386 -0.00994265 0.00519848)
(0.000433664 -0.00987375 0.00474009)
(0.000893579 -0.0095702 0.00439914)
(0.000828321 -0.00923619 0.00412545)
(0.000836034 -0.00996101 0.00425676)
(0.000298825 -0.00888217 0.00352237)
(0.000336904 -0.00891064 0.0034372)
(0.000257897 -0.00939734 0.00398351)
(0.000212656 -0.00905245 0.00361195)
(0.0001507 -0.00923221 0.00392636)
(0.00046565 -0.00907306 0.00337812)
(0.000144656 -0.00956975 0.00461889)
(0.00035821 -0.00919119 0.0044789)
(0.000346522 -0.00967517 0.00442625)
(0.000159879 -0.00992959 0.00472057)
(0.00053916 -0.00951218 0.0043368)
(0.00035281 -0.00949419 0.00448347)
(-0.00101976 -0.0110083 0.00571086)
(-0.000370506 -0.0104632 0.00519679)
(-0.000882426 -0.0111279 0.00584063)
(-0.000250478 -0.0101012 0.00497488)
(-0.00128965 -0.0114866 0.00597513)
(-0.000552453 -0.0107262 0.00548418)
(0.000542155 -0.00926427 0.00290991)
(0.000406865 -0.0094311 0.00260284)
(0.00031849 -0.00942087 0.00256416)
(0.000456098 -0.00943924 0.00280136)
(0.000503229 -0.00930671 0.00276027)
(0.000356511 -0.00970704 0.00265459)
(0.000655901 -0.00978894 0.00286172)
(0.000330637 -0.00956666 0.00234093)
(0.000603007 -0.00901784 0.00273639)
(0.000630759 -0.00968565 0.00299883)
(0.000557598 -0.00975199 0.00283312)
(0.000390537 -0.00947369 0.00245073)
(-0.0024018 -0.0135721 0.00684019)
(-0.00184822 -0.012887 0.00669486)
(-0.00239135 -0.01357 0.00707957)
(-0.00283177 -0.0142894 0.00742258)
(-0.00182797 -0.0125996 0.0069453)
(-0.00142142 -0.0119683 0.00648425)
(-0.00395579 -0.0175961 0.00791007)
(-0.00310587 -0.0151317 0.00739834)
(-0.00342835 -0.0153007 0.00731813)
(-0.00406063 -0.0164523 0.00732166)
(-0.00387964 -0.0153473 0.00769138)
(-0.00514862 -0.0171621 0.00746279)
(-0.00510521 -0.0189768 0.00713117)
(-0.00538727 -0.0197056 0.00669711)
(-0.00604584 -0.0210641 0.00642691)
(-0.00533006 -0.0200161 0.00682545)
(-0.0051603 -0.0197443 0.00577373)
(-0.00561984 -0.0183026 0.00679581)
(-0.00297332 -0.0247128 0.00415903)
(-0.00230602 -0.0249337 0.00416619)
(-0.00339849 -0.0240093 0.00430963)
(-0.00302798 -0.0231243 0.00338481)
(-0.00354406 -0.0242967 0.00434135)
(-0.00232158 -0.024593 0.00394924)
(-0.0044504 -0.0171718 0.0068901)
(-0.00402921 -0.0164871 0.00687545)
(-0.00483945 -0.0179193 0.00677492)
(-0.00376151 -0.0157795 0.00688135)
(-0.00438263 -0.0162039 0.00715921)
(-0.00447741 -0.0173435 0.00668841)
(-0.00244256 -0.0243862 0.00413809)
(-0.0013734 -0.0260624 0.00474581)
(-0.00184673 -0.0240546 0.00383602)
(0.000420781 -0.024296 0.00563806)
(-0.000268452 -0.0248239 0.00535001)
(0.000288121 -0.0242782 0.00571745)
(0.00091222 -0.0244652 0.00574161)
(0.000841704 -0.0250996 0.00637871)
(-2.02279e-05 -0.0252207 0.00558752)
(0.00101876 -0.0259895 0.00646609)
(0.00113722 -0.0257914 0.00635631)
(-0.00536841 -0.0198775 0.00641044)
(-0.00546883 -0.0203194 0.00566222)
(-0.0055694 -0.0195514 0.00569531)
(-0.00489911 -0.0190455 0.0059551)
(-0.00515409 -0.0208505 0.00542527)
(-0.00528549 -0.0211383 0.00577528)
(-0.00530282 -0.0188981 0.0061524)
(-0.00449303 -0.0167082 0.0044766)
(-0.00434474 -0.0171351 0.00494228)
(-0.00517132 -0.017992 0.00556897)
(-0.00494425 -0.0174471 0.00517948)
(-0.00510338 -0.0211713 0.00955452)
(-0.00129359 -0.0248394 0.0122626)
(-0.00159614 -0.0223067 0.0113953)
(-0.00298932 -0.0234793 0.0121073)
(-0.0028838 -0.0235572 0.0122155)
(-0.0022019 -0.0239735 0.011977)
(-0.00182006 -0.0238936 0.0122698)
(-0.00514119 -0.0204948 0.00881953)
(-0.00529216 -0.0204155 0.00814845)
(-0.0052512 -0.019099 0.00734872)
(-0.00535859 -0.0196079 0.00759022)
(-0.00549078 -0.0213599 0.00939321)
(-0.00557838 -0.0200582 0.00859387)
(-0.00243171 -0.013995 0.00317484)
(-0.00125786 -0.0123986 0.00262132)
(-0.00229114 -0.0143443 0.00320407)
(-0.00181016 -0.013621 0.0029987)
(-0.00141395 -0.0122824 0.00254014)
(-0.00157416 -0.0133273 0.00295735)
(-0.00312228 -0.014907 0.00327822)
(-0.00286166 -0.0149667 0.00340539)
(-0.00343807 -0.0153047 0.00382834)
(-0.00395483 -0.0165213 0.00461212)
(-0.00360835 -0.0162914 0.00409701)
(-0.00424008 -0.0169849 0.00464821)
(0.000803554 -0.00947129 0.00280208)
(0.000709044 -0.00953954 0.00266926)
(0.000449824 -0.0100364 0.00265283)
(0.000683311 -0.00946492 0.00270687)
(0.000614402 -0.0101232 0.00264857)
(0.00061693 -0.00985418 0.00272816)
(0.00143438 -0.00915671 0.00327948)
(0.00144533 -0.00940603 0.00371772)
(0.00150243 -0.00909018 0.00363215)
(0.00140977 -0.00860046 0.00335284)
(0.00126954 -0.00893634 0.00301251)
(0.00133516 -0.00896847 0.0033917)
(0.000685905 -0.010724 0.00257713)
(0.000890971 -0.010093 0.002763)
(0.00110244 -0.0100724 0.00280673)
(0.000449118 -0.0107277 0.00255505)
(0.000661475 -0.01061 0.00271542)
(0.000836484 -0.00984303 0.0025682)
(0.000658383 -0.0108142 0.00265828)
(0.000355366 -0.011419 0.00273966)
(0.000635261 -0.0121538 0.00273305)
(-0.00230756 -0.0149508 0.00323471)
(-0.00257214 -0.0153674 0.00352756)
(-0.00327962 -0.0159354 0.00377708)
(-0.0017972 -0.0142433 0.00301821)
(-0.001917 -0.0137982 0.00297069)
(-0.00289415 -0.0160725 0.00387242)
(-0.000485306 -0.012202 0.00267772)
(-0.000885127 -0.0122548 0.00250958)
(-0.000134608 -0.0113333 0.00251597)
(0.000198903 -0.0109949 0.00258129)
(-0.000486496 -0.0119322 0.00264175)
(-4.94033e-05 -0.0109179 0.00254385)
(-0.00182885 -0.022992 0.0123627)
(-0.00158463 -0.0242828 0.0128081)
(-0.00308669 -0.0226701 0.0120139)
(-0.00236635 -0.0225369 0.0117625)
(-0.00292172 -0.02365 0.012403)
(-0.00213734 -0.0237446 0.0127331)
(-0.0044054 -0.0216221 0.0111116)
(-0.00436788 -0.0223622 0.0116341)
(-0.00513006 -0.0206528 0.00978383)
(-0.00415434 -0.021891 0.010999)
(-0.00502007 -0.0218548 0.0105704)
(-0.00494421 -0.02174 0.0105402)
(-0.00437414 -0.0176816 0.00548815)
(-0.00498968 -0.0212683 0.0080947)
(-0.00540935 -0.0194519 0.00689321)
(-0.00524932 -0.0186338 0.00628433)
(-0.00530507 -0.0203646 0.00779375)
(-0.00500842 -0.0184677 0.00585725)
(-0.00469997 -0.0189633 0.0056004)
(-0.00425451 -0.0221396 0.010359)
(-0.00441791 -0.0219072 0.0109503)
(-0.00570809 -0.0215347 0.009614)
(-0.00450823 -0.0221317 0.00930213)
(-0.00460761 -0.021019 0.010235)
(-0.00510771 -0.0210216 0.00876132)
(-0.00365104 -0.0213321 0.0115763)
(-0.00342661 -0.0223658 0.0124394)
(-0.00247971 -0.0233198 0.0132589)
(-0.00277364 -0.0236354 0.013033)
(-0.00262102 -0.0224267 0.0125479)
(-0.00477944 -0.0212879 0.0107953)
(-0.00508232 -0.0213588 0.00977198)
(-0.00453322 -0.0208369 0.0104041)
(-0.00517502 -0.021134 0.00989719)
(-0.00491199 -0.0204516 0.00906899)
(-0.00412147 -0.0221088 0.0112864)
(-0.00407485 -0.018868 0.00662153)
(-0.00343951 -0.0176344 0.00481565)
(-0.0029091 -0.017666 0.00480131)
(-0.00384559 -0.0184629 0.00559843)
(-0.00369282 -0.0176759 0.00532567)
(-0.00452017 -0.0199577 0.00671178)
(0.00468542 -0.0248575 0.00859716)
(0.00464922 -0.0238717 0.00963671)
(0.00502466 -0.0246245 0.00793045)
(0.00459673 -0.0252373 0.0097805)
(0.004385 -0.0243749 0.00988479)
(0.00530082 -0.0251592 0.00836635)
(0.00237172 -0.0251486 0.00438984)
(0.00305761 -0.0267804 0.00655301)
(0.00369582 -0.0266764 0.00584385)
(0.00370981 -0.0253094 0.0064977)
(0.00269113 -0.0252938 0.00438962)
(0.00360906 -0.0246847 0.00473103)
(0.00209318 -0.0243058 0.0118691)
(0.00311168 -0.0240433 0.0109767)
(0.00327308 -0.0247315 0.0104537)
(0.00184459 -0.0237995 0.0122117)
(0.00246671 -0.0251042 0.0121284)
(0.00279612 -0.0240147 0.0107323)
(0.00509993 -0.0251762 0.00578701)
(0.00476175 -0.0239097 0.00640196)
(0.00485258 -0.0245531 0.00646386)
(0.00186214 -0.0263533 0.00502345)
(0.00137251 -0.0259024 0.00443777)
(0.00239272 -0.0260504 0.0054877)
(0.000929988 -0.0245799 0.00360396)
(0.00209583 -0.0252436 0.00474415)
(0.00286888 -0.0258296 0.00894815)
(0.00271372 -0.0250438 0.00847019)
(0.00299028 -0.0254297 0.00845159)
(0.00206534 -0.0252845 0.0110913)
(0.00278229 -0.0251273 0.0108817)
(0.00268661 -0.0250834 0.00994337)
(0.00174233 -0.0240233 0.0112061)
(0.00227264 -0.0247773 0.0112063)
(0.00286117 -0.0250213 0.00995884)
(-0.00527579 -0.0184013 0.0081734)
(-0.00563807 -0.0183429 0.00747741)
(-0.00514667 -0.0202531 0.00760718)
(-0.00465588 -0.0176946 0.00797403)
(-0.00503817 -0.018834 0.00791814)
(-0.00516453 -0.020588 0.0077439)
(-0.00367329 -0.024987 0.00455229)
(-0.00304264 -0.0238092 0.00428195)
(-0.00413947 -0.0219688 0.00457944)
(-0.00477487 -0.0232699 0.0048731)
(-0.00422222 -0.0234483 0.00440789)
(-0.0037616 -0.0226953 0.00437318)
(0.00200495 -0.0260975 0.00313962)
(0.00220934 -0.0253302 0.00336597)
(0.000735613 -0.0257572 0.00309955)
(0.000164997 -0.0243125 0.00295081)
(0.00100414 -0.0250681 0.00276421)
(0.000110809 -0.0253772 0.00298834)
(0.00116937 -0.0241973 0.00290358)
(0.0011575 -0.0242243 0.00286371)
(0.00209409 -0.024394 0.00238269)
(0.00225079 -0.0247023 0.00296433)
(0.00224222 -0.0261671 0.00359244)
(-0.00231469 -0.0241302 0.00469714)
(-0.00189535 -0.0239443 0.00310135)
(-0.0016994 -0.0235534 0.00387093)
(-0.00246151 -0.0236206 0.00438268)
(-0.00143269 -0.0242747 0.00347753)
(-0.00264317 -0.0242948 0.00372226)
(-0.000175302 -0.0247444 0.0131199)
(0.000613792 -0.0237102 0.0129224)
(-0.000330186 -0.022368 0.0128922)
(0.000526872 -0.0235525 0.0131698)
(0.00105679 -0.0241961 0.012845)
(-0.00126326 -0.0226826 0.0127554)
(0.00427813 -0.0235178 0.010892)
(0.0039813 -0.0229408 0.0112695)
(0.00236793 -0.0230517 0.0126263)
(0.0028282 -0.0233834 0.0122921)
(0.00330988 -0.0236775 0.0122649)
(0.00360955 -0.0231045 0.0113359)
(0.00114266 -0.0228405 0.0129526)
(0.00124404 -0.0220105 0.0126607)
(-0.000610104 -0.022692 0.0130327)
(0.000129335 -0.0234659 0.0133253)
(0.000507919 -0.0231752 0.0131375)
(-0.00390341 -0.0222851 0.0120217)
(-0.00280012 -0.0236468 0.0124829)
(-0.00226906 -0.0218811 0.0122781)
(-0.00191653 -0.0227821 0.0127566)
(-0.00356191 -0.0222478 0.0122352)
(0.00563342 -0.023188 0.00987659)
(0.00617817 -0.0243954 0.0106079)
(0.00641649 -0.0241581 0.00936778)
(0.00586215 -0.0234592 0.0092549)
(0.00639588 -0.0244235 0.00858308)
(0.0055917 -0.0237079 0.011133)
(0.00482365 -0.0233568 0.0125849)
(0.0045249 -0.0236592 0.012795)
(0.0049917 -0.0235207 0.012181)
(0.00351943 -0.0226127 0.0126968)
(0.00396029 -0.0227303 0.0124812)
(0.00483129 -0.0234308 0.0124175)
(0.00679293 -0.0249179 0.00744362)
(0.00619878 -0.0239776 0.00629267)
(0.00619171 -0.0240588 0.00537193)
(0.00661774 -0.0240582 0.00667004)
(0.00667927 -0.0246189 0.00739311)
(0.00679063 -0.0259006 0.00669332)
(-0.00420048 -0.0218798 0.00891887)
(-0.0038191 -0.0217736 0.0101023)
(-0.00467662 -0.0214876 0.00933727)
(-0.00400899 -0.0219018 0.0104221)
(-0.00425241 -0.020828 0.00854118)
(-0.00324935 -0.0223171 0.0108965)
(0.000246376 -0.0229585 0.0133408)
(-0.00152335 -0.0225667 0.0126366)
(-0.00244972 -0.0235803 0.0125729)
(-0.00224917 -0.0232286 0.0122025)
(-0.00118076 -0.0236771 0.0134263)
(-0.0031386 -0.0227045 0.0117188)
(-0.00249144 -0.019237 0.00586993)
(-0.00306098 -0.0186686 0.00551707)
(-0.00321095 -0.0203474 0.00683531)
(-0.0018672 -0.0187019 0.00490684)
(-0.0024393 -0.0178149 0.00479612)
(-0.00348287 -0.0192205 0.00638591)
(-0.00228506 -0.0185623 0.00478329)
(-0.000471763 -0.0162651 0.00372969)
(-0.000882994 -0.0172594 0.0039549)
(-0.00126636 -0.01879 0.00495489)
(-0.00172666 -0.0176714 0.00410751)
(-5.99827e-05 -0.0171195 0.00381618)
(-0.0053177 -0.0240734 0.00534004)
(-0.00521797 -0.022792 0.00571555)
(-0.00547591 -0.0216275 0.0059545)
(-0.00472034 -0.0231961 0.00504991)
(-0.00543598 -0.0218517 0.00645407)
(-0.00524007 -0.0230685 0.00562539)
(-0.00203365 -0.0249771 0.00428257)
(-0.00121138 -0.0249202 0.00365519)
(-0.000977619 -0.0248978 0.00381316)
(-0.00150879 -0.0251068 0.00398399)
(-0.00123017 -0.0252006 0.00426698)
(-0.00205189 -0.025111 0.00402723)
(0.00303932 -0.00901058 0.00347095)
(0.00264052 -0.00939258 0.00329106)
(0.00257909 -0.00895406 0.00300362)
(0.00296791 -0.00889215 0.00342079)
(0.00268661 -0.00891023 0.00346879)
(0.00277915 -0.0090926 0.00323356)
(-0.00415792 -0.0220368 0.00513107)
(-0.00490236 -0.021391 0.00707632)
(-0.00560448 -0.0212929 0.0068185)
(-0.00470094 -0.0223836 0.00647364)
(-0.00450818 -0.0217805 0.00580023)
(-0.00502488 -0.0237641 0.00556663)
(0.000986619 -0.0227799 0.0133677)
(0.00210968 -0.02313 0.0134256)
(0.00156351 -0.0234547 0.0136507)
(0.00271902 -0.0233543 0.0136197)
(0.000436952 -0.0226513 0.0134215)
(0.000776982 -0.00968826 0.00517353)
(1.43875e-05 -0.0109395 0.00618826)
(0.000718115 -0.0100439 0.00546626)
(0.000214819 -0.0105965 0.00601061)
(0.00054877 -0.0101117 0.00560407)
(0.000426292 -0.0104467 0.00587466)
(-0.00393156 -0.0164618 0.0083305)
(-0.00274708 -0.0147286 0.00801764)
(-0.00327548 -0.0149156 0.00798536)
(-0.00222046 -0.0137271 0.00778806)
(-0.00372945 -0.0153379 0.00798334)
(-0.00264401 -0.0144114 0.00818494)
(0.0019144 -0.00939482 0.00342525)
(0.00158497 -0.00886731 0.0036479)
(0.00180731 -0.00962719 0.00355493)
(-0.00111058 -0.0123126 0.00260637)
(-0.00165604 -0.0133244 0.00280822)
(-0.000862464 -0.0121564 0.00258415)
(-0.000639911 -0.0110093 0.00225032)
(-0.000446691 -0.0107914 0.00240006)
(5.64798e-05 -0.0103578 0.00256197)
(-0.00134873 -0.0246464 0.00392919)
(-0.000928374 -0.0243317 0.00375956)
(-0.00213356 -0.0250479 0.00431916)
(0.00237739 -0.0100229 0.0026427)
(0.00225544 -0.0114296 0.0027358)
(0.00271066 -0.00942717 0.00300628)
(0.00256658 -0.00982632 0.00284547)
(0.00306735 -0.0089004 0.00359468)
(-0.00421401 -0.0233746 0.00481746)
(-0.00556378 -0.0225325 0.00612989)
(-0.00578461 -0.0234855 0.00623851)
(-0.00556179 -0.0201535 0.00591768)
(-0.000576178 -0.0232132 0.0131765)
(-0.00197382 -0.0232106 0.0121525)
(-0.0024637 -0.0225916 0.0115545)
(-0.00121555 -0.02339 0.0130592)
(0.00623763 -0.0231695 0.0114682)
(0.0069447 -0.0231993 0.00987197)
(0.00707129 -0.0237465 0.0107824)
(0.00521824 -0.0244816 0.00568555)
(0.00578622 -0.0230465 0.0062381)
(0.00537746 -0.0270997 0.00519232)
(0.00558077 -0.0239914 0.00431938)
(0.0062192 -0.0245992 0.00542778)
(0.00655158 -0.0234335 0.00571195)
(0.00176451 -0.0224341 0.0128219)
(0.00274647 -0.0229238 0.0129401)
(0.00644555 -0.0232476 0.0104172)
(0.00601722 -0.0246324 0.012177)
(0.00538607 -0.0231295 0.0117259)
(0.00387747 -0.0238386 0.0133834)
(0.00435537 -0.0238574 0.0132216)
(0.00593289 -0.0238491 0.00727982)
(0.00611822 -0.0230859 0.00739931)
(0.006526 -0.0237707 0.0101188)
(0.00582251 -0.0234653 0.0107016)
(0.000106656 -0.0152419 0.00301948)
(0.000519646 -0.0155825 0.00315267)
(0.0011563 -0.0136887 0.00270982)
(0.00203776 -0.0131061 0.0030152)
(0.00204948 -0.0116114 0.00269008)
(-0.000174505 -0.0163624 0.00355577)
(-0.000523871 -0.0179088 0.0043066)
(-0.00190881 -0.0192007 0.00590528)
(-0.00346789 -0.0180157 0.00524571)
(-0.00405602 -0.0201338 0.00723745)
(-0.00341742 -0.0185047 0.00555056)
(0.000795659 -0.023396 0.0134134)
(-0.00111519 -0.0232758 0.0131475)
(-0.00188687 -0.0225421 0.0127402)
(-0.00274108 -0.0228551 0.0120402)
(-0.00306363 -0.0217121 0.0112671)
(-0.0044363 -0.0222468 0.0112324)
(-0.00287993 -0.021782 0.0120006)
(-0.00456932 -0.0208319 0.00906494)
(-0.00485094 -0.0222026 0.0105006)
(-0.00457742 -0.0197197 0.00699622)
(-0.00405828 -0.0198291 0.00636668)
(-0.00372847 -0.019431 0.00643374)
(-0.00429681 -0.0222006 0.00868403)
(-0.00260169 -0.0231504 0.0122007)
(-0.00354686 -0.0230766 0.0118405)
(-0.00423579 -0.0234976 0.01122)
(0.0029785 -0.0221708 0.012576)
(0.00226482 -0.0235294 0.0134077)
(0.0033547 -0.0233954 0.0128334)
(0.00479812 -0.0242072 0.0117609)
(0.00535468 -0.0235091 0.0102283)
(0.00509203 -0.022931 0.0111499)
(0.00444677 -0.0226508 0.0113948)
(-0.00133165 -0.02333 0.0130351)
(-0.00180898 -0.0225467 0.0125356)
(-0.00167908 -0.0224946 0.0129588)
(0.000905675 -0.0226152 0.0129068)
(0.00129099 -0.0224579 0.0131477)
(0.00178991 -0.0226224 0.0130341)
(-0.00038376 -0.0221315 0.0128343)
(0.00444794 -0.0233398 0.0111966)
(0.00413536 -0.0235514 0.0120795)
(0.00150416 -0.0228846 0.0130527)
(0.00340131 -0.0229057 0.0121831)
(0.0025851 -0.0236918 0.0121382)
(0.00159697 -0.02303 0.0128413)
(0.00226815 -0.0230382 0.0125023)
(0.00233471 -0.0241037 0.0123501)
(0.00122334 -0.0238865 0.013029)
(-0.000763238 -0.0226683 0.01324)
(-0.00334244 -0.0224601 0.011893)
(-0.00317538 -0.0222372 0.0120578)
(-0.00267371 -0.0225478 0.0128118)
(-0.000599667 -0.0231529 0.013195)
(-0.00161482 -0.0223994 0.0124124)
(-0.00229588 -0.0224044 0.0129023)
(-0.000615809 -0.022972 0.0119617)
(0.000948258 -0.0241226 0.0114364)
(0.000152123 -0.0249212 0.0122347)
(0.000768665 -0.0241745 0.0119699)
(-0.000832876 -0.0237764 0.0130272)
(-0.000919887 -0.0235795 0.0131956)
(-0.00123135 -0.0228889 0.0130136)
(4.14744e-05 -0.0233089 0.0121062)
(0.000560709 -0.0238938 0.0122529)
(-0.000239916 -0.0242061 0.0128346)
(-0.000648724 -0.023221 0.012592)
(0.000760589 -0.0232467 0.0120587)
(0.00132305 -0.0236557 0.0121432)
(0.000290825 -0.0237434 0.0126347)
(0.0012531 -0.0248487 0.0123338)
(0.000861651 -0.0248461 0.0125593)
(0.00575949 -0.0239191 0.00777431)
(0.00594368 -0.0238775 0.00881389)
(-0.00336512 -0.0234279 0.00530392)
(-0.00410755 -0.0233565 0.00584462)
(-0.00263403 -0.0235215 0.00384985)
(-0.0023257 -0.0235392 0.00324977)
(-0.00217727 -0.024209 0.00357034)
(0.00281663 -0.0255049 0.00483259)
(0.00381139 -0.0249311 0.00450982)
(0.00140405 -0.0253133 0.00410502)
(1.26449e-06 -0.0253884 0.00364152)
(-0.000697084 -0.0240126 0.0030957)
(-0.00161052 -0.0244783 0.00353641)
(-0.00247713 -0.0253858 0.00429474)
(-0.00167949 -0.0243063 0.00346621)
(-0.00237829 -0.0251727 0.00401969)
(-0.00177982 -0.0257121 0.00389445)
(0.000277841 -0.0250787 0.00401819)
(0.00077113 -0.0245386 0.00401645)
(-0.000773488 -0.0253964 0.00381246)
(-0.00066769 -0.0262476 0.00424095)
(-0.000265672 -0.0268429 0.00378186)
(0.000704882 -0.0255746 0.00398924)
(0.000320484 -0.0253218 0.00411106)
(-0.00131439 -0.0259161 0.00382602)
(-0.000934915 -0.025088 0.00372994)
(-0.000769523 -0.0249274 0.00311525)
(0.000857873 -0.0265591 0.00358033)
(0.000232671 -0.0255869 0.00329215)
(0.00216201 -0.0252489 0.00417591)
(0.00378073 -0.0250451 0.00378873)
(0.000644245 -0.0255964 0.0037846)
(-0.000455737 -0.0252029 0.00322821)
(-0.000826034 -0.0250522 0.00346695)
(0.00393378 -0.0246753 0.00339413)
(0.00322932 -0.0248708 0.00321232)
(0.00399551 -0.0267001 0.00336767)
(0.0037773 -0.0249523 0.00343923)
(0.000954754 -0.0246959 0.00340548)
(0.00309877 -0.0249882 0.00411091)
(-0.000782373 -0.0241355 0.00295172)
(-0.00055562 -0.024899 0.00313867)
(0.0001969 -0.0262997 0.00374775)
(0.00252615 -0.0244567 0.00334941)
(0.00107101 -0.0251111 0.00323906)
(0.00244621 -0.024293 0.00372508)
(0.00125245 -0.0248607 0.00321488)
(0.00192366 -0.0263778 0.00369809)
(0.00239882 -0.0233323 0.00298489)
(-0.00325757 -0.0253641 0.00399397)
(-0.00323831 -0.0245038 0.00450033)
(-0.00221589 -0.0249202 0.0036393)
(-0.00168912 -0.0248113 0.00420611)
(-0.00273554 -0.0241998 0.00405564)
(-0.00345786 -0.0251501 0.00496229)
(-0.00441166 -0.0238508 0.00486798)
(-0.00428184 -0.0235663 0.00497605)
(-0.00417197 -0.0241866 0.00522641)
(-0.00474865 -0.0230469 0.00652479)
(-0.00458351 -0.0232155 0.0056012)
(-0.00478109 -0.0240738 0.00591927)
(-0.00486456 -0.0219368 0.00606251)
(-0.00456125 -0.0219373 0.00524523)
(-0.00343056 -0.0245349 0.00464861)
(-0.00415811 -0.0238473 0.00487705)
(-0.00317499 -0.0239785 0.00389139)
(-0.00324992 -0.0247737 0.00404835)
(-0.0058339 -0.0209326 0.00708381)
(-0.00535992 -0.0208519 0.0062372)
(-0.00508193 -0.0197803 0.00642397)
(-0.00549791 -0.0199289 0.0068532)
(-0.00611175 -0.0189135 0.00690913)
(-0.00559153 -0.0191618 0.00757284)
(-0.00463089 -0.0165327 0.0076833)
(-0.00440242 -0.0172724 0.00800352)
(-0.00395232 -0.0157068 0.00784292)
(-0.00432935 -0.016374 0.00807415)
(-0.00495001 -0.01765 0.00737484)
(-0.00552608 -0.0212793 0.00699511)
(-0.00573352 -0.0211238 0.00636161)
(-0.00578304 -0.0219101 0.00677697)
(-0.00562573 -0.0193029 0.00730483)
(-0.00478781 -0.0174733 0.00786768)
(-0.00494928 -0.0192182 0.00765294)
(-0.00518516 -0.0196064 0.00770221)
(-0.00568703 -0.0217421 0.00773611)
(-0.00533844 -0.0202087 0.00684433)
(-0.00060081 -0.0142106 0.00279409)
(0.000983848 -0.010567 0.00268186)
(0.00142964 -0.0101576 0.00278069)
(0.00136541 -0.00934851 0.00276031)
(0.00131377 -0.0243089 0.0109525)
(0.00161764 -0.0248715 0.0112903)
(0.00513274 -0.0235978 0.00703183)
(0.00500507 -0.0248793 0.00535237)
(0.00435041 -0.0259603 0.00664139)
(0.00353569 -0.0253923 0.0045443)
(0.00390426 -0.0252055 0.00386799)
(0.00521366 -0.0267509 0.00610665)
(0.00566401 -0.0265702 0.00877963)
(0.00196334 -0.0242083 0.0117615)
(0.00303189 -0.0255741 0.0105778)
(0.00296937 -0.024416 0.00670905)
(0.00314012 -0.0248324 0.00878632)
(0.00353583 -0.0260472 0.00936857)
(0.00337764 -0.0257805 0.00815973)
(0.00246918 -0.0246353 0.00640163)
(0.00327211 -0.0260568 0.00712521)
(0.00334423 -0.0270091 0.00831192)
(0.00237757 -0.0256104 0.00593556)
(0.00325001 -0.0250302 0.00692273)
(0.00232313 -0.0268111 0.00536208)
(0.00307584 -0.0243305 0.00584646)
(0.00320066 -0.0254468 0.00592286)
(0.00147208 -0.0247288 0.00350549)
(0.0023206 -0.0248205 0.00355273)
(0.00168805 -0.0257389 0.00389074)
(0.00381613 -0.0254202 0.00518981)
(0.00132969 -0.025185 0.0032025)
(0.00160905 -0.0264206 0.00482024)
(0.00308747 -0.0257614 0.00572292)
(0.00191146 -0.0240264 0.0121539)
(0.00336081 -0.0245476 0.0114177)
(0.00288373 -0.0248685 0.0119164)
(0.00389645 -0.0250832 0.0110766)
(0.0037142 -0.0238921 0.0111828)
(0.00349114 -0.0244139 0.011487)
(0.00471839 -0.0237139 0.0104674)
(0.00561835 -0.0256733 0.00740494)
(0.00460242 -0.024304 0.00701142)
(0.00540684 -0.0248178 0.00761927)
(-0.00206445 -0.0235836 0.0118474)
(-0.00122673 -0.0236355 0.011733)
(-0.00136807 -0.0242185 0.0121136)
(0.00100416 -0.0255216 0.00986318)
(-0.000388258 -0.0239526 0.0113177)
(0.000803836 -0.0242755 0.00979428)
(-2.1099e-05 -0.0252112 0.0112987)
(-0.000433155 -0.0237179 0.0114384)
(-0.000996165 -0.0235262 0.0114293)
(-0.00437093 -0.0212957 0.00836876)
(-0.00441788 -0.0194312 0.0068324)
(-0.0031018 -0.0236102 0.0127434)
(-0.00378347 -0.0218351 0.0110387)
(-0.00378798 -0.021768 0.0117214)
(-0.00332695 -0.0236227 0.0122671)
(-0.00438672 -0.0229563 0.0112767)
(-0.00469001 -0.0196291 0.00712946)
(-0.00504455 -0.0196721 0.0073588)
(-0.00419384 -0.0180352 0.00555004)
(-0.00469285 -0.0178124 0.00544223)
(-0.00397807 -0.0177816 0.0050531)
(-0.00377326 -0.018378 0.00513265)
(-0.00553244 -0.0200812 0.00830305)
(-0.000818488 -0.0239793 0.0125773)
(-0.00383043 -0.0228064 0.0115891)
(-0.00168333 -0.0243233 0.0127367)
(-0.00207265 -0.0225916 0.0121439)
(-0.00167563 -0.0228111 0.0125194)
(-0.00199888 -0.0240441 0.0132533)
(-0.0024879 -0.0229033 0.0128863)
(-0.00352433 -0.0220007 0.0119114)
(-0.00285717 -0.0222373 0.0119487)
(-0.00318224 -0.016779 0.00444801)
(-0.00371173 -0.0161902 0.0042778)
(-0.00104317 -0.0151276 0.00328396)
(-0.00248393 -0.0159609 0.00381638)
(-0.00183393 -0.0162903 0.00361298)
(-0.00128568 -0.0147874 0.00303702)
(-0.00209752 -0.0155925 0.00361956)
(-0.003089 -0.016736 0.00411378)
(-0.00334467 -0.0161046 0.0039472)
(-0.000446948 -0.014829 0.00314729)
(-0.000277571 -0.0131952 0.00264441)
(0.000259289 -0.0120718 0.00240716)
(0.000914274 -0.0103358 0.00261849)
(0.00153992 -0.00930362 0.00389752)
(0.00183268 -0.00935523 0.00366821)
(0.000265004 -0.0106983 0.00264954)
(0.000453621 -0.0103425 0.00254507)
(0.00115232 -0.00968062 0.00282748)
(0.00179571 -0.00968477 0.00309085)
(0.00178118 -0.00979004 0.00319568)
(0.00110314 -0.00930877 0.00245282)
(0.00151061 -0.00965239 0.00307865)
(0.0014588 -0.00932344 0.00339521)
(0.00148758 -0.00900867 0.00306547)
(-0.00503449 -0.0211212 0.00846791)
(-0.00544597 -0.0198186 0.00760164)
(-0.00459066 -0.018586 0.00619889)
(-0.00468537 -0.0173872 0.00515808)
(-0.00434664 -0.0177546 0.00523329)
(-0.000636763 -0.0116649 0.00267814)
(-0.00127537 -0.0134596 0.00291597)
(-0.00397694 -0.016354 0.00422763)
(-0.00322712 -0.0155976 0.0038156)
(-0.00225312 -0.0137273 0.00291761)
(0.000404919 -0.0100049 0.00265384)
(0.000287119 -0.00998399 0.00258002)
(-0.00499279 -0.0211497 0.00980977)
(-0.00539942 -0.0204772 0.00910606)
(-0.00495087 -0.0187756 0.00617387)
(-0.00543726 -0.0193688 0.00735605)
(-0.00557734 -0.0197931 0.00805532)
(-0.00550278 -0.0189598 0.00677049)
(-0.00522703 -0.0184162 0.00658603)
(-0.00542018 -0.0202851 0.00850675)
(-0.00595934 -0.0206879 0.00878072)
(0.00122797 -0.00924137 0.00420748)
(0.00107656 -0.00949727 0.00451655)
(0.00109582 -0.00980084 0.00454441)
(-0.00373807 -0.0217969 0.0110956)
(-0.00100484 -0.0227872 0.0110332)
(-0.00274202 -0.0223726 0.0116486)
(-0.0033829 -0.0220304 0.0112385)
(-0.00213719 -0.0230552 0.0115636)
(-0.00565826 -0.020158 0.0084574)
(-0.00561997 -0.0197258 0.00765575)
(-0.00507096 -0.0215391 0.00927866)
(-0.00276044 -0.0227562 0.0118096)
(-0.00354203 -0.0229821 0.0116669)
(-0.000960473 -0.0228647 0.0116845)
(-0.00317938 -0.0217622 0.0116221)
(-0.00419725 -0.0216154 0.0105706)
(-0.00466369 -0.0213236 0.0102464)
(-0.00385316 -0.0165638 0.00424794)
(-0.00588399 -0.0197949 0.00707473)
(-0.00511513 -0.0181995 0.00608703)
(-0.00442211 -0.0175822 0.00526709)
(-0.00478628 -0.0183899 0.00673191)
(-0.0034153 -0.015773 0.00374046)
(-0.00362974 -0.0152913 0.0037014)
(-0.000751405 -0.0118832 0.00257755)
(-0.00101024 -0.0117828 0.00253414)
(-0.00264166 -0.0146495 0.00340312)
(-0.00259856 -0.014693 0.00326625)
(-0.00194557 -0.0133433 0.00276985)
(-0.00150699 -0.0130593 0.00283962)
(-0.00365969 -0.0161184 0.00422808)
(-0.00421197 -0.0164858 0.00466597)
(-0.00435886 -0.0170545 0.00461741)
(-0.00445228 -0.0178385 0.00558996)
(-0.0052807 -0.0194157 0.00650189)
(-0.00496968 -0.018271 0.00625819)
(-0.00427497 -0.0233515 0.00422386)
(-0.00442576 -0.0219608 0.00427799)
(-0.00473147 -0.02181 0.00498793)
(-0.0051119 -0.0191499 0.00562496)
(-0.00492959 -0.0189634 0.00612843)
(-0.00465678 -0.0187737 0.00576885)
(-0.00477955 -0.0192424 0.00516257)
(-0.00481993 -0.0175498 0.00575081)
(-0.00384476 -0.0245386 0.00475869)
(-0.00326196 -0.0241813 0.00441671)
(-0.00351068 -0.02458 0.00450796)
(-0.00386678 -0.0229405 0.0042797)
(-0.00385292 -0.0235412 0.00469595)
(-0.00347375 -0.0238878 0.00450724)
(-0.000327976 -0.0267146 0.00441299)
(6.3359e-06 -0.0247285 0.00467566)
(0.000342594 -0.0251702 0.00482544)
(-0.00287994 -0.0247165 0.00422992)
(-0.00317115 -0.0251148 0.0043384)
(-0.00395137 -0.0239087 0.00406541)
(-0.00262569 -0.0243023 0.0037891)
(-0.00286024 -0.0249506 0.00383429)
(-0.00378669 -0.0233986 0.00380037)
(-0.00318541 -0.0246242 0.00414836)
(-0.00124468 -0.0247587 0.00412624)
(-0.000499287 -0.0262313 0.00493443)
(-0.00202517 -0.024761 0.00409327)
(0.000617666 -0.0253705 0.00550139)
(0.00098383 -0.0250065 0.00534454)
(0.000437772 -0.0249558 0.00527218)
(0.000329587 -0.0257281 0.00569142)
(0.00113507 -0.0244616 0.00594929)
(-0.00238491 -0.0251127 0.00481924)
(-0.000120941 -0.0260408 0.0056275)
(-0.00138845 -0.0248268 0.00407664)
(-0.000729403 -0.0247528 0.00444288)
(-0.000884473 -0.0256077 0.00452356)
(-0.00285494 -0.0238541 0.00394209)
(-0.00201579 -0.0246324 0.00454208)
(-0.00179857 -0.0245601 0.00423132)
(-0.00294235 -0.0244598 0.0043886)
(-0.00233519 -0.0131446 0.00666346)
(-0.00192673 -0.0121821 0.00627018)
(-0.00469463 -0.0181398 0.00594874)
(-0.00284417 -0.0135494 0.00661605)
(-0.00334976 -0.0149223 0.00695527)
(-0.00534083 -0.0179835 0.00612915)
(-0.0048138 -0.0180712 0.00654451)
(-0.00402883 -0.0155737 0.00640584)
(-0.00444532 -0.0175628 0.00609911)
(-0.00444047 -0.0173541 0.00669519)
(-0.00438571 -0.016335 0.00659939)
(-0.00396095 -0.0154382 0.00648866)
(-0.00485345 -0.0171608 0.00633798)
(-0.00476893 -0.0162794 0.00623908)
(0.00177731 -0.0246612 0.00653927)
(-0.00547287 -0.0218784 0.00579278)
(-0.00466544 -0.0223996 0.00545221)
(-0.005127 -0.0228092 0.00524844)
(-0.00459107 -0.0235718 0.00481536)
(-0.00478548 -0.0235208 0.00493602)
(-0.0041282 -0.0226977 0.00408354)
(-0.00224367 -0.0249021 0.003761)
(-0.003188 -0.0238031 0.00333622)
(-0.0033971 -0.0250965 0.00457393)
(-0.00431542 -0.024123 0.00444903)
(-0.00256663 -0.0243458 0.00414143)
(-0.00406422 -0.0230327 0.00439437)
(-0.00439413 -0.0223085 0.00474845)
(-0.00474483 -0.0213843 0.00484113)
(-0.00505203 -0.0213262 0.00546232)
(-0.00502414 -0.0212229 0.00523253)
(-0.00475137 -0.0230992 0.00493851)
(-0.00459292 -0.0241379 0.00474737)
(-0.00508898 -0.0221821 0.00516686)
(-0.00491676 -0.0207361 0.0053741)
(-0.00549902 -0.021183 0.00607566)
(-0.00507468 -0.0203934 0.00623778)
(-0.00545499 -0.0192421 0.00647259)
(-0.00533587 -0.0204332 0.00617154)
(-0.00384851 -0.0148752 0.00689669)
(-0.00324229 -0.0141475 0.0068919)
(-0.00461314 -0.0186763 0.00674884)
(-0.00475091 -0.0176752 0.0071725)
(-0.00475812 -0.0162494 0.00700378)
(-0.00414771 -0.0156062 0.00715995)
(-0.00480805 -0.0170666 0.00720822)
(-0.00549569 -0.0209746 0.0069131)
(-0.00552877 -0.0220666 0.00654704)
(-0.00568662 -0.0208267 0.00771336)
(-0.00560828 -0.0194481 0.00642983)
(-0.00573679 -0.0195311 0.00716554)
(-0.00513383 -0.0175081 0.00679232)
(-0.00537882 -0.0223146 0.0054153)
(-0.00553871 -0.0215897 0.00577468)
(-0.00565852 -0.0227771 0.00572152)
(-0.00570804 -0.0217529 0.00608602)
(-0.00558179 -0.0183949 0.00721488)
(-0.00530964 -0.0178698 0.0072999)
(-0.00425827 -0.0154415 0.00694333)
(-0.00490882 -0.0165475 0.00720127)
(-0.00457638 -0.0161162 0.00764086)
(-0.0048507 -0.0175621 0.00795065)
(-0.00103873 -0.0120787 0.00662269)
(-0.00187479 -0.0128779 0.00706285)
(-0.00380565 -0.0153892 0.00793933)
(-0.00335386 -0.0146094 0.00744079)
(-0.00260286 -0.0135233 0.00732973)
(-0.00276283 -0.013237 0.00662173)
(-0.0017695 -0.0123403 0.00637893)
(-0.00208455 -0.0127073 0.00653576)
(-0.00224664 -0.0125904 0.00686972)
(-0.00282011 -0.0138315 0.00729299)
(-0.00292503 -0.0140765 0.00692131)
(-0.00364123 -0.0146956 0.0070643)
(-0.00336478 -0.014437 0.00713949)
(-0.00364451 -0.0156434 0.00731623)
(-5.50313e-06 -0.0230165 0.0107755)
(-0.00366175 -0.0152311 0.00668817)
(0.00084815 -0.00974416 0.00301911)
(0.000815177 -0.00956184 0.0030634)
(0.00108379 -0.00924378 0.0031655)
(0.000606099 -0.00922316 0.00412388)
(-0.0014052 -0.0119843 0.00620962)
(-0.000509956 -0.0104114 0.00521907)
(-4.23909e-05 -0.0100468 0.00495863)
(0.0006523 -0.00907267 0.00341741)
(0.000645348 -0.00903382 0.00353897)
(0.000658108 -0.00965507 0.00367261)
(0.000442173 -0.00888298 0.00325282)
(-8.69413e-06 -0.00946349 0.00426836)
(-0.000367812 -0.0101808 0.00477579)
(-0.000821429 -0.0109516 0.00553118)
(-0.00131238 -0.0114327 0.00588307)
(-0.000712877 -0.0103785 0.00515412)
(-0.00213721 -0.0127253 0.00639405)
(-0.00168812 -0.0122525 0.00626784)
(-5.10158e-05 -0.00962384 0.00430907)
(-0.000270696 -0.00991026 0.00445255)
(-0.000647116 -0.0115496 0.00642371)
(-0.000196332 -0.0111815 0.00620724)
(8.55734e-05 -0.0105056 0.0059332)
(0.00103571 -0.00951815 0.00459641)
(0.000961692 -0.00963545 0.00494237)
(0.00082344 -0.00977197 0.0048632)
(0.00038421 -0.0102273 0.00556659)
(-0.000161322 -0.0102773 0.00509828)
(-0.000902469 -0.0116952 0.0062673)
(-0.000606951 -0.0108968 0.00586728)
(-0.000362453 -0.0105325 0.00561426)
(-0.000607178 -0.0113429 0.00609243)
(-0.00151679 -0.0121522 0.00668118)
(-0.00109506 -0.0114358 0.00629188)
(-0.00119506 -0.0117607 0.00635663)
(-0.000251004 -0.0105036 0.00551063)
(-0.000323723 -0.0106725 0.00587556)
(-0.000616746 -0.0107093 0.00591382)
(0.000811897 -0.00963837 0.00378631)
(0.000655858 -0.00897588 0.00337624)
(0.000485641 -0.00934894 0.00443509)
(0.00082824 -0.00948109 0.00462763)
(0.000955584 -0.00929166 0.00423268)
(0.000234659 -0.0100609 0.00508908)
(0.000653861 -0.0097811 0.00487271)
(0.000469087 -0.0100798 0.00514125)
(0.001379 -0.00941138 0.00364948)
(0.0013624 -0.0100156 0.0041164)
(0.00104705 -0.00923765 0.00392069)
(0.00113997 -0.00928996 0.00366491)
(0.00105429 -0.00913648 0.00354699)
(0.00111589 -0.0096964 0.00362062)
(0.00118538 -0.00918243 0.0031996)
(0.00100057 -0.00900632 0.00309604)
(0.00107416 -0.008934 0.00321629)
(0.00121431 -0.00929944 0.00288703)
(-0.00254169 -0.0131183 0.00616795)
(-0.00182826 -0.0122378 0.0060117)
(-0.00142299 -0.0117811 0.00577191)
(-0.00103647 -0.011119 0.00546887)
(-0.00102092 -0.010516 0.00511651)
(-0.00046525 -0.00993174 0.00452347)
(-0.000589721 -0.0113494 0.00261667)
(-0.00020008 -0.0105086 0.00253751)
(0.000398735 -0.0095431 0.00279338)
(4.19968e-05 -0.00954658 0.00234363)
(-1.02613e-05 -0.0096492 0.00223419)
(-9.92971e-05 -0.00997308 0.00257695)
(1.03446e-05 -0.0103247 0.00256893)
(-0.000207399 -0.0102978 0.00259579)
(0.000270706 -0.00956593 0.00259973)
(0.000343414 -0.00936424 0.00254022)
(0.000163884 -0.00954208 0.00263671)
(0.000194504 -0.0098598 0.00258004)
(0.000168753 -0.00958151 0.0025389)
(1.24505e-05 -0.00993985 0.00252903)
(-0.000223872 -0.0099717 0.00247744)
(-0.000472808 -0.0105441 0.00239477)
(0.000554502 -0.00890124 0.00307244)
(0.000494482 -0.00901287 0.00285924)
(0.000385298 -0.00886177 0.00298655)
(0.000379448 -0.00942047 0.00264038)
(0.000355202 -0.00896833 0.0024908)
(0.000456611 -0.00911775 0.00281527)
(0.000268523 -0.00966845 0.00270089)
(0.000289125 -0.00934497 0.00260597)
(0.000368882 -0.00909337 0.00267845)
(0.000441879 -0.00893156 0.00289597)
(0.000334703 -0.00925116 0.00274608)
(-0.000551969 -0.0107591 0.00248046)
(-0.00111856 -0.0117614 0.00248868)
(-0.00121632 -0.0120552 0.00266522)
(0.00111504 -0.025449 0.00558046)
(0.000979087 -0.0258715 0.00519949)
(0.000227574 -0.0245919 0.0110427)
(0.00133755 -0.0249827 0.0105217)
(0.00086497 -0.0244084 0.0109417)
(0.00193814 -0.0263495 0.00883018)
(0.00134857 -0.0245705 0.00899771)
(0.0011652 -0.0258941 0.00702308)
(0.000304149 -0.0250852 0.0109876)
(0.000967125 -0.025336 0.0106519)
(0.00104244 -0.0251377 0.00990811)
(0.00156993 -0.0263013 0.00828737)
(0.0020526 -0.0256618 0.00878694)
(0.00154283 -0.0258385 0.00979609)
(0.00144611 -0.0251473 0.00995159)
(-0.00170766 -0.0258784 0.00420971)
(-0.000219581 -0.0257552 0.00402951)
(-0.000589266 -0.0254813 0.00392961)
(-0.00152382 -0.0248747 0.00315093)
(-0.00208215 -0.0252699 0.00324542)
(-0.00156844 -0.0245259 0.00371622)
(0.00185117 -0.0255479 0.00591237)
(0.000289096 -0.0240769 0.00364285)
(0.00140146 -0.0243472 0.00449553)
(-0.000289369 -0.0254846 0.00405793)
(0.00165481 -0.0260082 0.0103628)
(0.00139045 -0.0237518 0.0101905)
(0.00200048 -0.024668 0.00924831)
(0.00223687 -0.0251916 0.00948989)
(0.00242718 -0.0243535 0.00825292)
(0.00166243 -0.0244189 0.0110277)
(0.00202183 -0.0255621 0.0109459)
(0.00179112 -0.0242197 0.0103243)
(0.00196949 -0.0239912 0.0098657)
(0.00252176 -0.0254204 0.00967814)
(0.00237977 -0.0253943 0.0100813)
(0.00256674 -0.025525 0.00980606)
(0.00264577 -0.0254627 0.00923286)
(0.00132398 -0.0103281 0.00676843)
(0.00215161 -0.0102412 0.00566134)
(0.00241307 -0.0100116 0.00580495)
(0.00183382 -0.00979953 0.00588015)
(0.00243156 -0.00979955 0.00469978)
(0.00215438 -0.00915288 0.00480151)
(0.00257867 -0.00869295 0.00352499)
(0.00243797 -0.00828575 0.004044)
(0.00165114 -0.00931796 0.00397176)
(0.00230043 -0.00919357 0.00415855)
(0.00208418 -0.00939407 0.00456629)
(0.00195403 -0.00944628 0.0038428)
(0.00190111 -0.00893006 0.00418614)
(0.0024828 -0.00895911 0.00451994)
(0.00231566 -0.00910437 0.00413468)
(0.0016762 -0.00970242 0.00298573)
(0.00188236 -0.0095342 0.00316072)
(0.0018084 -0.00946922 0.00300588)
(0.00230888 -0.00909359 0.00365321)
(0.00213637 -0.00953664 0.00390142)
(0.00188617 -0.00889779 0.00338199)
(0.00193632 -0.00860103 0.00345947)
(0.00201823 -0.00919516 0.00346222)
(0.00231145 -0.0091355 0.0037004)
(0.00208484 -0.00856301 0.0035964)
(0.00210086 -0.00960656 0.00307032)
(0.00193376 -0.00877949 0.00297225)
(0.00221356 -0.0109141 0.00304209)
(0.00143514 -0.0112597 0.00254563)
(0.00130289 -0.0128855 0.0027974)
(0.000659116 -0.014435 0.00292499)
(0.00168005 -0.0115114 0.0027851)
(0.000167266 -0.0147849 0.00328802)
(0.00079025 -0.0134737 0.00301063)
(0.00153134 -0.0128568 0.00313387)
(0.00171452 -0.011185 0.00276241)
(0.00247823 -0.00955928 0.00303224)
(0.00244203 -0.010163 0.0031108)
(0.00193031 -0.0100296 0.00274072)
(0.0022039 -0.00916907 0.00333505)
(0.00234978 -0.00871551 0.00327032)
(0.00217562 -0.00959525 0.00290493)
(0.00243808 -0.0090648 0.00361007)
(0.00205531 -0.00853628 0.00291585)
(0.00263355 -0.0095137 0.00320644)
(0.00214057 -0.00928371 0.00292219)
(-0.000258781 -0.0135271 0.00289881)
(-0.000975899 -0.0143473 0.00306093)
(0.000805575 -0.0126041 0.00278482)
(0.000176488 -0.0129929 0.00293228)
(-0.000392471 -0.0144078 0.00296829)
(-0.000434719 -0.0144013 0.0032442)
(0.00011678 -0.013566 0.00276179)
(-0.00176864 -0.0169305 0.00421792)
(-0.00100239 -0.0158335 0.0037307)
(-0.00159363 -0.0167191 0.00390613)
(-0.000770577 -0.0163832 0.00364916)
(0.00155408 -0.00996627 0.00276854)
(0.0012841 -0.0106474 0.00266947)
(0.000984978 -0.0118151 0.00289725)
(0.000575481 -0.0114008 0.00239541)
(0.00115667 -0.0110265 0.00270073)
(0.000307887 -0.0124271 0.00261529)
(0.00111846 -0.0110535 0.00268186)
(0.00137719 -0.0107984 0.00264959)
(0.000874312 -0.0107383 0.00246199)
(0.00173347 -0.0106443 0.00308477)
(0.00153748 -0.00973106 0.00259744)
(0.00189738 -0.00910157 0.00279512)
(0.00180539 -0.0100922 0.00277052)
(0.00199452 -0.00895394 0.00295248)
(0.00179488 -0.00968991 0.00282005)
(0.00187158 -0.00927794 0.00277731)
(0.000942522 -0.0111857 0.00759386)
(-0.000873857 -0.01347 0.00841828)
(0.00156895 -0.0100472 0.00611298)
(0.00192078 -0.00951038 0.00525812)
(0.00195472 -0.00955243 0.00520012)
(0.00193952 -0.00999794 0.00537493)
(0.00129167 -0.0107292 0.0065659)
(0.000857886 -0.0101826 0.00599533)
(0.00112576 -0.00994216 0.00578186)
(0.00185331 -0.00965515 0.00535686)
(0.00134677 -0.01003 0.00563823)
(-0.00397598 -0.0169941 0.00817251)
(-0.00328444 -0.0158167 0.0081054)
(-0.00288924 -0.0149273 0.00799343)
(-0.00286652 -0.0159001 0.00869991)
(-0.00348875 -0.0155301 0.00832811)
(-0.00278086 -0.0149212 0.0082763)
(-0.00195254 -0.0139271 0.00814036)
(-0.0003392 -0.0113098 0.00662344)
(0.00057643 -0.0103914 0.00606809)
(0.000293949 -0.0106665 0.00636305)
(0.000607052 -0.0107156 0.0064341)
(-0.000115183 -0.011188 0.0067083)
(-0.000465565 -0.0117414 0.00700636)
(-0.00105275 -0.0122022 0.00723033)
(-0.000188249 -0.0115961 0.00699073)
(-0.000610556 -0.0119206 0.00731722)
(7.59895e-07 -0.0114485 0.00698007)
(0.000140324 -0.0109724 0.00663284)
(-0.00138713 -0.0127701 0.00765312)
(-0.00208665 -0.013612 0.00790615)
(-0.00180259 -0.0130188 0.00774053)
(-0.00118304 -0.0125318 0.00763311)
(-0.00237392 -0.0141594 0.00814625)
(-0.000783329 -0.012095 0.00719438)
(-0.00222014 -0.0155928 0.00891925)
(-0.00494822 -0.0208362 0.00674195)
(-0.00489509 -0.0228083 0.00620217)
(-0.00460651 -0.0230601 0.0066726)
(-0.00531885 -0.0201995 0.00748861)
(-0.00487752 -0.018769 0.00832071)
(-0.00335481 -0.0159466 0.00855862)
(-0.00176319 -0.0144512 0.00877291)
(-0.00102255 -0.0142267 0.00895504)
(0.00171481 -0.0110049 0.00733738)
(0.00260873 -0.00852053 0.00384324)
(0.00268478 -0.00855672 0.00393765)
(0.00290738 -0.00884393 0.00397446)
(0.00203513 -0.0103322 0.0068839)
(0.00199242 -0.00955756 0.00633661)
(0.0018449 -0.0104676 0.00714604)
(0.00206236 -0.00986129 0.00662596)
(0.00190726 -0.00997597 0.00685607)
(-0.00517166 -0.021886 0.00721442)
(-0.00380545 -0.0192166 0.00783754)
(-0.00450041 -0.0205855 0.00775038)
(-0.00169565 -0.0148289 0.00896647)
(-0.00213271 -0.0151538 0.00892619)
(-0.00198728 -0.015589 0.00926642)
(-0.00289342 -0.0158006 0.00891429)
(-0.00388819 -0.0177505 0.00800169)
(-0.00371878 -0.0165976 0.00819343)
(-0.00246635 -0.0158352 0.00863334)
(-0.00312868 -0.0167941 0.00887939)
(-0.00309988 -0.0186884 0.00884955)
(-0.00261969 -0.0167711 0.00872086)
(-0.00240509 -0.0172331 0.00956653)
(-0.00333883 -0.0196578 0.00908751)
(0.00204848 -0.00852709 0.00535006)
(0.00208038 -0.00930864 0.00609734)
(0.00219878 -0.0096095 0.00645976)
(0.0023911 -0.00911271 0.00580564)
(0.00235756 -0.00822844 0.00390699)
(0.00220921 -0.00824638 0.0043757)
(0.00235277 -0.0089715 0.00517229)
(0.00296448 -0.00940308 0.00444503)
(0.00285508 -0.00965919 0.00535008)
(0.0014411 -0.0107776 0.0073172)
(0.000828873 -0.0117161 0.00804308)
(0.00116609 -0.0114857 0.00786828)
(0.00131811 -0.0112045 0.00761693)
(0.000329422 -0.0122817 0.00828835)
(-6.10833e-05 -0.0128772 0.00857548)
(-0.000637415 -0.013315 0.00850938)
(-0.000913995 -0.0139168 0.0087352)
(-0.00453723 -0.0212889 0.0078146)
(-0.00443031 -0.0185291 0.00753454)
(-0.00390286 -0.0187132 0.00867424)
(0.00105994 -0.0263101 0.00578783)
(0.000934418 -0.025529 0.00455004)
(0.00159178 -0.0250396 0.00480509)
(0.000698784 -0.024304 0.00448422)
(0.00246796 -0.0254044 0.00658123)
(0.00232149 -0.0245153 0.00547856)
(0.00249395 -0.0261598 0.00824284)
(0.00184595 -0.0245959 0.00587411)
(0.00181051 -0.0260347 0.00531153)
(0.000461297 -0.00886444 0.00294318)
(0.000253575 -0.00968387 0.00497804)
(6.86362e-05 -0.0106537 0.00558316)
(-8.22851e-05 -0.0102712 0.00538029)
(0.000265141 -0.0098037 0.0047304)
(0.000320531 -0.00947087 0.00416564)
(0.000439638 -0.00959736 0.00422205)
(0.000535483 -0.00950544 0.00382402)
(0.000421942 -0.00890059 0.00377073)
(-0.000167761 -0.00989216 0.0045318)
(-0.000212093 -0.0101053 0.00496396)
(-6.87555e-05 -0.00980547 0.00470123)
(0.000235989 -0.0093612 0.00419563)
(0.00020329 -0.00992182 0.00425103)
(0.000437353 -0.00925106 0.00389791)
(0.000600854 -0.00883629 0.00313764)
(0.000692145 -0.0092949 0.00343338)
(0.000708298 -0.00929336 0.00287939)
(0.000900915 -0.00911534 0.00316479)
(0.00098512 -0.00954266 0.00320422)
(0.000606103 -0.00891775 0.00299703)
(0.000759828 -0.00941407 0.00307405)
(0.000693809 -0.00936473 0.00292741)
(0.000563688 -0.00884237 0.00264973)
(-0.0015586 -0.0257252 0.00445593)
(-0.00167567 -0.0249438 0.00476821)
(-0.00201626 -0.0251617 0.0041378)
(-0.00248085 -0.0262236 0.00455229)
(-0.000396483 -0.0250959 0.00481285)
(-0.000178552 -0.0271019 0.00509889)
(0.00049905 -0.0253655 0.00560576)
(-0.0008443 -0.0259617 0.00501275)
(-0.000245687 -0.0249612 0.00522317)
(-0.000907786 -0.0253355 0.00514146)
(-0.0046964 -0.0201063 0.00553622)
(-0.00436031 -0.0234765 0.00485919)
(-0.00524291 -0.0220086 0.0052471)
(-0.00499785 -0.0219788 0.00466771)
(-0.00429192 -0.023442 0.00476341)
(-0.00312442 -0.0144325 0.00345313)
(-0.00306475 -0.0145496 0.00342363)
(-0.00216809 -0.0137702 0.0030741)
(-0.00150071 -0.0128333 0.00293234)
(-0.00230387 -0.013363 0.00304854)
(-0.00173621 -0.0128418 0.00287526)
(-0.00142942 -0.0121342 0.00264435)
(-0.0038587 -0.0232706 0.0116747)
(-0.00476742 -0.0213965 0.0100134)
(-0.00396667 -0.0224264 0.0112754)
(-0.00451013 -0.0224094 0.0107203)
(-0.00300236 -0.015131 0.00349358)
(-0.00391016 -0.0169314 0.00427086)
(-0.00462737 -0.0172908 0.00477145)
(-0.00516327 -0.0186386 0.00643672)
(-0.00510197 -0.0198412 0.0062895)
(-0.00373927 -0.0173656 0.00474097)
(0.0014229 -0.00930888 0.00310799)
(0.00126084 -0.00975623 0.00276178)
(0.00111187 -0.00954288 0.00270567)
(0.000900753 -0.00943178 0.00297721)
(0.000945406 -0.00972462 0.00285143)
(0.00137183 -0.00916164 0.00316038)
(0.00113322 -0.00923196 0.00297503)
(0.00118829 -0.00964049 0.00293615)
(0.00117622 -0.00959247 0.00307102)
(0.0011016 -0.00927827 0.00298161)
(0.00134815 -0.00946419 0.00318904)
(0.00122115 -0.00910359 0.00294617)
(-0.000780249 -0.0138737 0.00303221)
(-0.000140765 -0.0124179 0.00278527)
(-0.00132676 -0.0145511 0.0033006)
(-0.000943533 -0.0129942 0.00281096)
(0.000361566 -0.0110004 0.00247316)
(5.70817e-06 -0.0115321 0.00248397)
(-0.00158644 -0.0147368 0.00337273)
(-0.00171408 -0.0138859 0.00304936)
(-0.00248384 -0.0159322 0.00365764)
(-0.00226005 -0.0151611 0.00381473)
(-0.00546096 -0.0202284 0.00933161)
(-0.00345699 -0.0232497 0.0125757)
(-0.00348302 -0.0231186 0.0121668)
(-0.00461582 -0.022055 0.0113857)
(-0.00371094 -0.0212741 0.0115937)
(-0.00435222 -0.0221324 0.0110359)
(-0.00504643 -0.0220921 0.010438)
(-0.00534985 -0.0208575 0.00953418)
(-0.00436061 -0.0229082 0.0116379)
(-0.00527249 -0.0212778 0.0100712)
(-0.00469124 -0.0215354 0.0107779)
(-0.00495979 -0.0209173 0.0091632)
(-0.00476153 -0.0203985 0.00713987)
(-0.00475751 -0.0195857 0.00747529)
(-0.0054043 -0.020857 0.00879174)
(-0.00477969 -0.0195161 0.00688241)
(-0.00551804 -0.0200023 0.00771815)
(-0.00405199 -0.0219164 0.010884)
(-0.0052875 -0.0213079 0.0106018)
(-0.00474283 -0.0220453 0.0112012)
(-0.00451407 -0.0215599 0.00947922)
(-0.00523426 -0.0213467 0.00957862)
(-0.00497264 -0.0200655 0.00856777)
(0.00411965 -0.0247336 0.0102816)
(0.00437807 -0.0254734 0.00991096)
(0.00457404 -0.0253629 0.00897987)
(0.00414583 -0.0245761 0.00922113)
(0.00377248 -0.0248852 0.00636736)
(0.0042423 -0.0260387 0.00848311)
(0.0040327 -0.0245492 0.00677302)
(0.00441481 -0.0262074 0.00842199)
(0.00421544 -0.0259532 0.00705523)
(0.00394928 -0.0258711 0.00704161)
(0.00343607 -0.0251307 0.00932609)
(0.004205 -0.0252917 0.00854873)
(0.00367095 -0.0252619 0.00763574)
(0.00384339 -0.0250522 0.00717151)
(0.00376737 -0.0241356 0.0101262)
(0.00365444 -0.0247281 0.0105785)
(0.00400076 -0.0250955 0.00923503)
(0.00368129 -0.0243476 0.00957258)
(0.00122878 -0.00978971 0.00524669)
(0.000937926 -0.00975348 0.0053044)
(0.000931556 -0.0100706 0.00562784)
(0.00143795 -0.00970055 0.00490781)
(-0.00579959 -0.0193349 0.00779011)
(-0.00525015 -0.0180296 0.00780999)
(-0.00407155 -0.0165803 0.0080635)
(-0.0045818 -0.0179943 0.00826679)
(-0.00289234 -0.0249108 0.00410381)
(-0.00318388 -0.024587 0.00461253)
(-0.00299772 -0.0245896 0.00498148)
(-0.0021819 -0.0231378 0.00374506)
(-0.00406009 -0.0233151 0.00598493)
(-0.00470002 -0.0224993 0.00655219)
(-0.00328278 -0.0219959 0.00674136)
(-0.00316362 -0.0219981 0.00528237)
(-0.00233354 -0.025339 0.00378669)
(-0.00223689 -0.0246573 0.00444057)
(-0.00302387 -0.0234179 0.00502296)
(-0.00319604 -0.0221513 0.00458083)
(0.00501966 -0.0238114 0.0100006)
(0.0054771 -0.0243799 0.0095977)
(0.00518218 -0.024168 0.00934588)
(0.00552922 -0.0233586 0.00914577)
(0.00555441 -0.0244131 0.0100489)
(0.00478533 -0.0231246 0.0105664)
(-0.000735364 -0.0225654 0.0129617)
(0.00088066 -0.0224581 0.0127494)
(0.00137343 -0.0230522 0.0128924)
(0.000700257 -0.0226247 0.0126402)
(-0.000181389 -0.0237371 0.0132511)
(-0.00201617 -0.0232202 0.0132167)
(-0.00467043 -0.0205547 0.00817524)
(-0.00494525 -0.0211382 0.00919114)
(-0.00405306 -0.0221958 0.0104575)
(-0.00408045 -0.0218588 0.0108965)
(0.00672391 -0.0240844 0.00866265)
(0.00683979 -0.0238691 0.00917288)
(0.00707068 -0.0231399 0.0072696)
(0.00704309 -0.0240405 0.00758673)
(0.00713676 -0.0234939 0.00843775)
(0.00724197 -0.0231014 0.00886677)
(-0.00365191 -0.0227589 0.0107043)
(-0.00311222 -0.023218 0.0107909)
(-0.0037664 -0.0224487 0.0102133)
(-0.00276572 -0.0207952 0.00597396)
(-0.00295128 -0.0229711 0.0089175)
(-0.00369191 -0.0205607 0.0078285)
(-0.00291456 -0.0194778 0.00625325)
(-0.00306006 -0.0197291 0.00638584)
(-0.00324001 -0.0214652 0.00763628)
(-0.00291064 -0.021142 0.00771301)
(-0.00286588 -0.0221571 0.00966798)
(-0.00384371 -0.021801 0.00872695)
(-0.00502168 -0.0231782 0.00555491)
(-0.00401962 -0.0225539 0.0044128)
(-0.00323317 -0.0235943 0.00451016)
(-0.00504713 -0.0233905 0.00542664)
(-0.00382494 -0.0251173 0.00486799)
(-0.00322726 -0.023533 0.00387173)
(-0.00336366 -0.02315 0.00413471)
(-0.00308922 -0.0240371 0.00396182)
(-0.00457921 -0.0240799 0.00483136)
(-0.00422703 -0.0237253 0.00515327)
(0.00198289 -0.0232603 0.0140076)
(0.00401703 -0.0227975 0.0130727)
(0.00329686 -0.0228879 0.00312825)
(0.00406581 -0.0233456 0.00369941)
(0.00408919 -0.0252347 0.00478274)
(0.00505055 -0.025235 0.0042371)
(0.0051743 -0.0243693 0.00440485)
(0.0045925 -0.0232899 0.00391708)
(-0.00304688 -0.0144015 0.00772898)
(-0.00215475 -0.0136125 0.00766058)
(-0.0035136 -0.014949 0.008172)
(-0.00265459 -0.0134932 0.00760919)
(-0.00148516 -0.0130697 0.00760266)
(-0.00199789 -0.0160552 0.0040014)
(-0.00281507 -0.0176444 0.00466918)
(-0.00146056 -0.0150188 0.00341667)
(-0.00273961 -0.0166575 0.00448788)
(-0.00195597 -0.0159333 0.00396042)
(-0.00130751 -0.015455 0.00362387)
(-0.000143851 -0.0105613 0.00250826)
(-3.06251e-05 -0.0101879 0.00244215)
(0.000330125 -0.010024 0.00265292)
(3.61432e-05 -0.00997712 0.00243175)
(-0.000294794 -0.0109142 0.00243893)
(-0.00030347 -0.0108425 0.00247158)
)
;
    }
    INLET
    {
        type            calculated;
        value           nonuniform 0();
    }
    OUTLET
    {
        type            calculated;
        value           nonuniform 0();
    }
    procBoundary9to10
    {
        type            processor;
        value           uniform (0 0 0);
    }
    procBoundary9to29
    {
        type            processor;
        value           uniform (0 0 0);
    }
}


// ************************************************************************* //
