/*--------------------------------*- C++ -*----------------------------------*\
| =========                 |                                                 |
| \\      /  F ield         | OpenFOAM: The Open Source CFD Toolbox           |
|  \\    /   O peration     | Version:  v1612+                                |
|   \\  /    A nd           | Web:      www.OpenFOAM.com                      |
|    \\/     M anipulation  |                                                 |
\*---------------------------------------------------------------------------*/
FoamFile
{
    version     2.0;
    format      ascii;
    class       volVectorField;
    location    "200";
    object      wallShearStress;
}
// * * * * * * * * * * * * * * * * * * * * * * * * * * * * * * * * * * * * * //

dimensions      [0 2 -2 0 0 0 0];

internalField   uniform (0 0 0);

boundaryField
{
    WALL
    {
        type            calculated;
        value           nonuniform List<vector> 
1500
(
(0.0054044 -0.00653915 0.0120568)
(0.00503265 -0.00645319 0.0116283)
(0.00476075 -0.00610628 0.0110488)
(0.00504529 -0.00579892 0.0109957)
(0.00522719 -0.0063694 0.0116529)
(0.00512656 -0.00633722 0.0115689)
(0.00494455 -0.00620272 0.0113763)
(0.00536526 -0.00647791 0.0116811)
(0.0047399 -0.00610393 0.0112094)
(0.00515912 -0.00564751 0.0108274)
(0.00519898 -0.00626862 0.0114794)
(0.00495414 -0.006256 0.0111499)
(0.00510933 -0.00608134 0.0114398)
(0.00505296 -0.0061209 0.0111768)
(0.00550959 -0.00606786 0.011452)
(0.00510706 -0.0062465 0.011534)
(0.00513736 -0.00641075 0.0116085)
(0.00552863 -0.0062453 0.0117011)
(0.00489654 -0.00634012 0.0111236)
(0.00518155 -0.00602829 0.0114593)
(0.00505525 -0.00610357 0.0113611)
(0.00490729 -0.00603094 0.0110928)
(0.00493556 -0.00589132 0.0107278)
(0.00487721 -0.00628628 0.0111315)
(0.004751 -0.00586853 0.010603)
(0.00473282 -0.00621869 0.0107667)
(0.0048696 -0.0061602 0.0110779)
(0.00515538 -0.00572042 0.0112532)
(0.00518302 -0.00612771 0.0112734)
(0.00545386 -0.0064345 0.0119249)
(0.00524899 -0.00644512 0.0118177)
(0.00502424 -0.00609863 0.0111979)
(0.0051123 -0.00610047 0.0108207)
(0.0052799 -0.00658473 0.0118269)
(0.00537053 -0.00648072 0.0112454)
(0.00519743 -0.00584151 0.011599)
(0.00518468 -0.00630657 0.0117519)
(0.00496929 -0.00619125 0.0113613)
(0.0050528 -0.00614605 0.0112174)
(0.00488543 -0.00626677 0.0113136)
(0.00554653 -0.00666243 0.0116148)
(0.00486031 -0.00622251 0.0111601)
(0.00570355 -0.00664387 0.0121136)
(0.00485438 -0.00597066 0.0116065)
(0.00516841 -0.00673014 0.0118504)
(0.00545394 -0.00706698 0.011844)
(0.00507603 -0.00603971 0.011142)
(0.0048344 -0.00603596 0.0114498)
(0.00495013 -0.00577204 0.010754)
(0.00455302 -0.00598893 0.0110773)
(0.00510683 -0.00626115 0.0114492)
(0.00539832 -0.00623511 0.011316)
(0.00529511 -0.00621721 0.0114182)
(0.00509766 -0.00621039 0.0114883)
(0.00502206 -0.00612383 0.0114935)
(0.00527565 -0.00622964 0.0112487)
(0.00492668 -0.00588785 0.0110413)
(0.00495793 -0.00641852 0.0117365)
(0.00513103 -0.00638662 0.0116032)
(0.00480769 -0.00608498 0.0110863)
(0.00489851 -0.00613345 0.0114926)
(0.0050385 -0.00586173 0.0113728)
(0.0051566 -0.00659902 0.0114968)
(0.00545173 -0.00678334 0.0119213)
(0.00507865 -0.00643405 0.0118373)
(0.00520954 -0.00635055 0.0115708)
(0.00477634 -0.00596665 0.0113088)
(0.00496185 -0.00605876 0.0109216)
(0.00505395 -0.00599643 0.0115776)
(0.0047993 -0.00579331 0.0109)
(0.00501478 -0.00610443 0.0110111)
(0.00490432 -0.00588772 0.0112171)
(0.00504432 -0.00601386 0.0109037)
(0.00496507 -0.00583966 0.0107492)
(0.00509008 -0.00597673 0.0111858)
(0.00483759 -0.00650034 0.0109965)
(0.00514155 -0.00661078 0.0122861)
(0.00506161 -0.00568785 0.0110122)
(0.00462324 -0.00548524 0.0106242)
(0.00477584 -0.00558348 0.0109836)
(0.00465116 -0.00577376 0.0105144)
(0.00483038 -0.00577756 0.0109578)
(0.00494751 -0.00607838 0.0111921)
(0.00492924 -0.00600593 0.0112181)
(0.00513503 -0.00601837 0.0114228)
(0.0049166 -0.00573365 0.0107082)
(0.00489649 -0.0064146 0.0112907)
(0.00536805 -0.00589141 0.0111111)
(0.00484681 -0.00619142 0.0114078)
(0.0051631 -0.0061331 0.0114477)
(0.00483317 -0.00637285 0.0114003)
(0.00468438 -0.00594476 0.0108958)
(0.00545221 -0.00608165 0.0114939)
(0.00514224 -0.00586919 0.011094)
(0.00512536 -0.00603574 0.0112709)
(0.00512463 -0.0058436 0.0111128)
(0.00493046 -0.00608172 0.0112168)
(0.00479988 -0.00601963 0.0110006)
(0.00511809 -0.00603573 0.011262)
(0.00515795 -0.00603216 0.0114883)
(0.00477909 -0.00592636 0.0106542)
(0.00494946 -0.00593698 0.0110091)
(0.00501403 -0.00589 0.0112232)
(0.00508239 -0.00633262 0.011428)
(0.00446255 -0.00599036 0.0110131)
(0.00488159 -0.00593876 0.0108474)
(0.00504004 -0.00572526 0.0107258)
(0.00489412 -0.00582794 0.0107962)
(0.00499597 -0.00594662 0.0109105)
(0.00512907 -0.00583108 0.0108392)
(0.00495836 -0.00613598 0.011506)
(0.00495182 -0.00601409 0.0111236)
(0.00494227 -0.00631801 0.0114285)
(0.00517789 -0.00656115 0.0121576)
(0.00493604 -0.0061082 0.0112082)
(0.00493376 -0.00605206 0.0116548)
(0.00527481 -0.00653787 0.0118665)
(0.00484788 -0.00623824 0.0112875)
(0.00442685 -0.00556922 0.0108014)
(0.0052046 -0.00611194 0.0116014)
(0.00454639 -0.00583679 0.0105522)
(0.00505225 -0.00631409 0.0112845)
(0.00495699 -0.00613386 0.0109829)
(0.00497648 -0.00629283 0.0111557)
(0.00462436 -0.00571001 0.0107686)
(0.00497508 -0.00617153 0.010929)
(0.00507172 -0.00603481 0.011285)
(0.00523764 -0.00616368 0.0117189)
(0.0051054 -0.00635981 0.0118242)
(0.00507315 -0.0062226 0.0123843)
(0.00468864 -0.00573735 0.0105921)
(0.00510917 -0.00583059 0.0106588)
(0.00512706 -0.00604145 0.0116725)
(0.00480422 -0.00557476 0.0113467)
(0.00494163 -0.00626443 0.0110252)
(0.00480065 -0.00611618 0.0109389)
(0.00515359 -0.00624046 0.0116297)
(0.00520857 -0.0059991 0.0115615)
(0.00482763 -0.00562281 0.0109901)
(0.00525851 -0.00614838 0.0111797)
(0.00475205 -0.00593668 0.0113208)
(0.00522513 -0.00618831 0.011222)
(0.00519735 -0.0060991 0.011398)
(0.00464629 -0.00555286 0.0104793)
(0.00463931 -0.00586143 0.0113613)
(0.00546595 -0.00656419 0.0122399)
(0.00492521 -0.0059613 0.0114544)
(0.00601789 -0.00668548 0.0113669)
(0.00479941 -0.00586274 0.0109065)
(0.00540859 -0.00651848 0.0114408)
(0.00510152 -0.00610923 0.0116724)
(0.00528892 -0.00619097 0.0114813)
(0.00456057 -0.00580857 0.0107387)
(0.00450714 -0.00546685 0.0100842)
(0.00454589 -0.00573093 0.0105662)
(0.00509149 -0.00634194 0.0122028)
(0.00484948 -0.00641743 0.0109706)
(0.0053708 -0.00654282 0.0116114)
(0.00520829 -0.00620926 0.0113273)
(0.00542351 -0.00663278 0.0114125)
(0.00519699 -0.00602386 0.0115186)
(0.00472454 -0.00592217 0.0113333)
(0.00544614 -0.00688711 0.0116618)
(0.00438378 -0.00575533 0.0110092)
(0.00576996 -0.00694096 0.011378)
(0.00533524 -0.00688693 0.010928)
(0.00542651 -0.00681079 0.0112855)
(0.0056177 -0.00653382 0.0115175)
(0.00481402 -0.00528536 0.0114597)
(0.00501302 -0.00602815 0.0110011)
(0.00446527 -0.0059714 0.0115356)
(0.00457052 -0.00590791 0.0118679)
(0.00482437 -0.00582744 0.010991)
(0.00521519 -0.00648595 0.011621)
(0.00555274 -0.00655298 0.0116946)
(0.0048954 -0.00594872 0.0107012)
(0.00500332 -0.0060085 0.0111078)
(0.00538742 -0.00619084 0.0116886)
(0.00496673 -0.00597874 0.0110169)
(0.00500735 -0.00590487 0.0111723)
(0.00511488 -0.00604586 0.011177)
(0.00513311 -0.00607178 0.011156)
(0.0051824 -0.00599006 0.0110976)
(0.00492131 -0.00600561 0.0111854)
(0.00502537 -0.00593788 0.0109064)
(0.00507695 -0.00595717 0.0108815)
(0.00505397 -0.00604385 0.0111617)
(0.00530814 -0.00604732 0.01138)
(0.00499009 -0.00603355 0.0110697)
(0.00476884 -0.00591045 0.0111067)
(0.00504067 -0.0057816 0.0107466)
(0.00491773 -0.00604678 0.0111386)
(0.00496019 -0.00591025 0.0109352)
(0.00488585 -0.00603914 0.0110342)
(0.00507737 -0.00586535 0.0110903)
(0.00501019 -0.00607305 0.0111562)
(0.00500235 -0.0059196 0.0111734)
(0.00503182 -0.00601356 0.0112002)
(0.00486621 -0.00600625 0.0110375)
(0.00503346 -0.00611264 0.0114122)
(0.00519667 -0.00590113 0.0110192)
(0.00462729 -0.00573142 0.0107343)
(0.0052471 -0.00600875 0.0110664)
(0.00502504 -0.00590867 0.0111433)
(0.0049212 -0.0060463 0.0111055)
(0.00497662 -0.00607465 0.0111352)
(0.00474274 -0.00589566 0.0109049)
(0.0048359 -0.00591483 0.0107479)
(0.00506468 -0.00622905 0.0110597)
(0.00472912 -0.00567359 0.0108091)
(0.00537205 -0.00679309 0.0121473)
(0.0050562 -0.00627889 0.0108325)
(0.00493205 -0.00609199 0.0112869)
(0.00519621 -0.00671346 0.0119095)
(0.00487754 -0.00602926 0.0114421)
(0.00521386 -0.00633953 0.0118046)
(0.00513632 -0.00646914 0.0114096)
(0.00508189 -0.00621481 0.0113622)
(0.00527354 -0.00667618 0.0113322)
(0.00505323 -0.00630421 0.0114829)
(0.00502574 -0.00606677 0.0110207)
(0.00506228 -0.0061211 0.01146)
(0.00516236 -0.00651794 0.0115898)
(0.0050495 -0.00648169 0.0114056)
(0.00525861 -0.00633269 0.0122414)
(0.005307 -0.00596223 0.0118934)
(0.00483207 -0.00579107 0.0107991)
(0.00503671 -0.0061343 0.0113263)
(0.00488071 -0.00664136 0.011408)
(0.00546697 -0.00640447 0.0122249)
(0.0051948 -0.00678358 0.0123695)
(0.00509053 -0.00660286 0.0116734)
(0.00529469 -0.00676395 0.0120948)
(0.00519268 -0.00644383 0.0117675)
(0.00527157 -0.0065018 0.011659)
(0.00479575 -0.00606955 0.011085)
(0.00475216 -0.00620542 0.0110939)
(0.00474305 -0.00625608 0.0112754)
(0.00482494 -0.00613013 0.0110917)
(0.00504781 -0.00607032 0.0112284)
(0.00496059 -0.00608392 0.0112713)
(0.00512423 -0.006097 0.0117928)
(0.00518256 -0.00636497 0.0116283)
(0.00509902 -0.00651811 0.0114007)
(0.00529397 -0.00606108 0.0125494)
(0.0050695 -0.00623668 0.0115333)
(0.00489662 -0.00641474 0.0115876)
(0.00490761 -0.00620951 0.0113146)
(0.00493515 -0.00597806 0.0110158)
(0.00499607 -0.00591927 0.0110091)
(0.00492696 -0.00594739 0.0110516)
(0.00493256 -0.0060034 0.0111594)
(0.00483548 -0.0061114 0.0110773)
(0.00489938 -0.00602062 0.011121)
(0.00535964 -0.00627243 0.0118695)
(0.00498921 -0.0061739 0.0114358)
(0.00526264 -0.00571824 0.0110163)
(0.00509061 -0.00603247 0.0113235)
(0.00497818 -0.00552069 0.0107891)
(0.00497079 -0.00598213 0.0115598)
(0.00467869 -0.00610977 0.0105634)
(0.00450406 -0.00621315 0.0107883)
(0.00510275 -0.00633571 0.0115497)
(0.0051801 -0.00569767 0.0111692)
(0.00486823 -0.00597397 0.011013)
(0.004988 -0.00614248 0.0111956)
(0.00493113 -0.006112 0.0112538)
(0.00472725 -0.00582111 0.0108193)
(0.00487397 -0.00597386 0.0108974)
(0.00494089 -0.00599469 0.0110692)
(0.00501575 -0.00600937 0.0110756)
(0.00497908 -0.00616933 0.0112959)
(0.00485435 -0.00603495 0.0110905)
(0.00475982 -0.00616835 0.0110787)
(0.0051614 -0.00607711 0.0114279)
(0.00486137 -0.00604253 0.0110269)
(0.00483686 -0.0059308 0.010859)
(0.00495814 -0.00595632 0.0110498)
(0.00488114 -0.00605409 0.011125)
(0.00479865 -0.0059575 0.0109701)
(0.0051177 -0.00607087 0.0115607)
(0.00514724 -0.00638126 0.0118847)
(0.00510873 -0.00649694 0.0114385)
(0.00492928 -0.00617286 0.0112241)
(0.00489349 -0.00614512 0.0111727)
(0.00506476 -0.00619851 0.0113818)
(0.00514715 -0.00648818 0.0116791)
(0.00544333 -0.00610583 0.012308)
(0.00516808 -0.00625944 0.0117072)
(0.00518135 -0.00597485 0.0113587)
(0.00507371 -0.0059831 0.0111408)
(0.00501737 -0.00590292 0.0111853)
(0.00524921 -0.00623261 0.0117413)
(0.00479948 -0.00607327 0.0109945)
(0.00498279 -0.00649099 0.0113711)
(0.00512886 -0.00573689 0.010866)
(0.00488053 -0.00614801 0.0112174)
(0.00501226 -0.00613081 0.0112831)
(0.00539321 -0.00567026 0.0112655)
(0.00497818 -0.00620354 0.0111135)
(0.00529479 -0.00625602 0.0117722)
(0.00496749 -0.00579976 0.0112328)
(0.00477457 -0.00580125 0.0109404)
(0.00504959 -0.005751 0.0112084)
(0.00475009 -0.00549488 0.010836)
(0.00492381 -0.00651651 0.0115682)
(0.00518582 -0.00601064 0.0116032)
(0.00512768 -0.00609397 0.0113468)
(0.00487192 -0.00628312 0.0113611)
(0.00503787 -0.00635964 0.0117715)
(0.00495583 -0.00578535 0.0107972)
(0.00514778 -0.00623181 0.0115712)
(0.00507729 -0.00637698 0.0115392)
(0.0050656 -0.00600882 0.0111204)
(0.00495286 -0.0060962 0.0111786)
(0.0049823 -0.00594345 0.011072)
(0.00497414 -0.00607635 0.0113036)
(0.00488355 -0.00611493 0.0111848)
(0.00502748 -0.00615811 0.0112099)
(0.00486316 -0.00597951 0.0111174)
(0.00512867 -0.00606988 0.0115873)
(0.00514517 -0.00634919 0.0116105)
(0.00489616 -0.00616451 0.0111608)
(0.00502394 -0.00608031 0.0111947)
(0.00516985 -0.00633213 0.0112935)
(0.00495721 -0.00631019 0.0108216)
(0.00479497 -0.00616785 0.0109874)
(0.00538825 -0.00601689 0.0117127)
(0.00504987 -0.00602709 0.0116681)
(0.00523756 -0.00614371 0.0119594)
(0.00503073 -0.00588452 0.0110112)
(0.00508971 -0.00619063 0.0112546)
(0.0054075 -0.00676191 0.0115151)
(0.00551051 -0.00686062 0.0122568)
(0.00534222 -0.00676537 0.0118507)
(0.00536509 -0.00633402 0.0116281)
(0.0050208 -0.00601718 0.0111078)
(0.00506699 -0.00596647 0.0111594)
(0.00515345 -0.00554952 0.0111914)
(0.00505221 -0.00613705 0.010746)
(0.00541147 -0.00651113 0.0119528)
(0.00532756 -0.00565669 0.0117291)
(0.00539505 -0.00649281 0.0107411)
(0.00468377 -0.00540016 0.0102141)
(0.00518705 -0.00638534 0.0113638)
(0.00495554 -0.00600901 0.0107336)
(0.00535883 -0.00661167 0.0117052)
(0.00482274 -0.00601862 0.0108494)
(0.00499868 -0.0060537 0.0115256)
(0.0052383 -0.00655816 0.011707)
(0.00484154 -0.00589541 0.0113343)
(0.00546548 -0.00657655 0.0115901)
(0.0048952 -0.00612921 0.0110609)
(0.00507742 -0.00599253 0.0114621)
(0.00531165 -0.00657576 0.011748)
(0.00541128 -0.00665001 0.0118586)
(0.00525643 -0.0064202 0.0115511)
(0.00511473 -0.00653021 0.0114724)
(0.00531856 -0.00644033 0.0115984)
(0.00517449 -0.00684637 0.0113649)
(0.00477411 -0.00565881 0.0105489)
(0.00517298 -0.00599994 0.0113714)
(0.00475491 -0.00579573 0.0108841)
(0.00478298 -0.00574327 0.0106776)
(0.00476819 -0.00597761 0.011009)
(0.00505588 -0.00630247 0.0116396)
(0.0047877 -0.00564827 0.0111174)
(0.00540639 -0.00711328 0.0125754)
(0.00466628 -0.00526369 0.0110921)
(0.0049736 -0.00617072 0.0118593)
(0.00479906 -0.0061274 0.0111778)
(0.00534562 -0.00630002 0.0116411)
(0.00548916 -0.00629729 0.011801)
(0.00531008 -0.00625171 0.0114952)
(0.0048661 -0.00603199 0.0112775)
(0.00470845 -0.00617307 0.0116243)
(0.00528456 -0.00607871 0.0117788)
(0.00498077 -0.00600861 0.0111423)
(0.00506968 -0.00605842 0.0113135)
(0.00505009 -0.00619342 0.0114073)
(0.00521785 -0.00625415 0.0117451)
(0.00499662 -0.0061693 0.0114924)
(0.00531011 -0.00630604 0.0116351)
(0.00504775 -0.00588275 0.0109088)
(0.00533017 -0.00629891 0.0114264)
(0.00522054 -0.00608987 0.0111623)
(0.00534512 -0.00636257 0.0114567)
(0.00508593 -0.00619476 0.0113632)
(0.00512454 -0.00622269 0.0114229)
(0.00490047 -0.00584529 0.0109254)
(0.00532619 -0.00650361 0.0119155)
(0.00478597 -0.00616475 0.0115964)
(0.0050263 -0.00651955 0.0117864)
(0.00497857 -0.00622959 0.0116441)
(0.00509457 -0.00624618 0.0114426)
(0.00505528 -0.00615236 0.0112698)
(0.00517827 -0.00616559 0.0116792)
(0.00490302 -0.00580072 0.0106897)
(0.0048072 -0.0063021 0.0114788)
(0.0049841 -0.00585452 0.0108392)
(0.00524716 -0.00602039 0.0111974)
(0.00513097 -0.00600595 0.0108834)
(0.00524943 -0.00604186 0.0111478)
(0.00505818 -0.00604051 0.0108363)
(0.00496689 -0.00598776 0.0110982)
(0.00559926 -0.00636009 0.0116054)
(0.0048645 -0.00589167 0.0107491)
(0.00497818 -0.00603196 0.0112064)
(0.00493753 -0.0061358 0.0111058)
(0.00528446 -0.0063253 0.0113688)
(0.00509645 -0.00620179 0.0109739)
(0.00499644 -0.00601541 0.011)
(0.00515479 -0.00611935 0.011611)
(0.00532264 -0.00643637 0.0117636)
(0.0048912 -0.00611668 0.0115666)
(0.00510197 -0.00622869 0.0113507)
(0.00500417 -0.00609319 0.0113367)
(0.00492086 -0.00601426 0.0111843)
(0.00569594 -0.00658317 0.0118335)
(0.00508431 -0.00623089 0.0110833)
(0.00531392 -0.00636968 0.0116292)
(0.00502037 -0.00587994 0.0108573)
(0.00513224 -0.00640275 0.0117578)
(0.00519903 -0.00611834 0.0119929)
(0.00500333 -0.00599779 0.0112592)
(0.00485013 -0.00585698 0.0113092)
(0.00480652 -0.00593793 0.0108351)
(0.00504727 -0.00596321 0.0112698)
(0.00513625 -0.00617794 0.0114312)
(0.00495564 -0.00587398 0.011019)
(0.00522233 -0.0062204 0.0115795)
(0.00510486 -0.00612695 0.0113537)
(0.00509083 -0.00627301 0.0116007)
(0.00537348 -0.00615912 0.0114558)
(0.00507262 -0.00632514 0.0115866)
(0.00507101 -0.00619705 0.0116413)
(0.00498927 -0.00659955 0.0114203)
(0.00516515 -0.00630665 0.0116359)
(0.00539351 -0.00597035 0.0113216)
(0.00537556 -0.00586835 0.0115767)
(0.0052955 -0.00587177 0.0114225)
(0.00512069 -0.00599786 0.0113333)
(0.00490069 -0.00598422 0.0111381)
(0.00496752 -0.00590115 0.0109486)
(0.0051516 -0.00607048 0.0114863)
(0.00478372 -0.00583954 0.010841)
(0.00468656 -0.00607292 0.0109439)
(0.00491484 -0.00594329 0.0109785)
(0.00507798 -0.00620109 0.0113026)
(0.00501949 -0.00614633 0.0112104)
(0.0050032 -0.00589288 0.0108998)
(0.00524589 -0.00580499 0.0112124)
(0.00532887 -0.0060688 0.011583)
(0.00503949 -0.00613231 0.011267)
(0.0047341 -0.00586462 0.0108182)
(0.00503511 -0.00621367 0.0115761)
(0.00533664 -0.00603808 0.0114475)
(0.00489749 -0.0060529 0.0112146)
(0.00493772 -0.00636596 0.0115107)
(0.00540039 -0.00603647 0.0112986)
(0.00522918 -0.00616156 0.011522)
(0.00480741 -0.00597934 0.0110154)
(0.00499666 -0.00611887 0.0114992)
(0.00508011 -0.00602742 0.0113902)
(0.00508505 -0.00615887 0.0113609)
(0.00478034 -0.00604133 0.011238)
(0.00493207 -0.0064419 0.0116315)
(0.00500306 -0.0060503 0.0111494)
(0.00526236 -0.00609213 0.0118046)
(0.00504536 -0.00600722 0.0111728)
(0.00506812 -0.00594877 0.0112992)
(0.00508889 -0.00606976 0.0113569)
(0.00508075 -0.00633074 0.0116092)
(0.00486446 -0.00608351 0.0111809)
(0.00490225 -0.0060568 0.0112664)
(0.00492132 -0.00615272 0.0114872)
(0.00502357 -0.00604292 0.0113604)
(0.00497514 -0.00601884 0.0107644)
(0.0053661 -0.00626185 0.0116395)
(0.00528324 -0.00621585 0.0114242)
(0.00497025 -0.00611558 0.0113925)
(0.00493967 -0.0060751 0.0113269)
(0.0052041 -0.00620604 0.0114263)
(0.00496591 -0.00593755 0.0110847)
(0.00489309 -0.00640937 0.0114527)
(0.00512147 -0.00644102 0.0117074)
(0.00503934 -0.00620245 0.011461)
(0.00499677 -0.00620452 0.01125)
(0.00499273 -0.00627208 0.0112865)
(0.00482611 -0.00628357 0.0111421)
(0.00505952 -0.00627264 0.0113543)
(0.00498613 -0.00622947 0.0114648)
(0.00479697 -0.00632814 0.0113743)
(0.00512174 -0.00643479 0.0117241)
(0.00509247 -0.00601946 0.0113699)
(0.00530004 -0.0062063 0.0115306)
(0.00536591 -0.00611799 0.0115965)
(0.00514487 -0.00604231 0.0113006)
(0.00518096 -0.00588408 0.0111876)
(0.00527205 -0.00587165 0.011424)
(0.00531408 -0.00614872 0.0113843)
(0.00521198 -0.00632179 0.0115714)
(0.00513097 -0.00636185 0.011587)
(0.00547465 -0.0064883 0.0121033)
(0.00519672 -0.00610412 0.0115626)
(0.00527026 -0.00605524 0.0117166)
(0.00521932 -0.00613928 0.0115766)
(0.00461223 -0.00573784 0.0109343)
(0.00506426 -0.00610631 0.0112792)
(0.00483598 -0.00576578 0.0111425)
(0.00521612 -0.00658069 0.0113393)
(0.00471327 -0.00587277 0.0105487)
(0.00496579 -0.00600184 0.0112486)
(0.0046388 -0.00571907 0.0106834)
(0.00506614 -0.00610127 0.0115458)
(0.00500765 -0.00604602 0.0112135)
(0.00517114 -0.00624672 0.0113581)
(0.00506121 -0.00603143 0.0111399)
(0.00520858 -0.0061871 0.011269)
(0.00548586 -0.00668173 0.0117044)
(0.00564477 -0.00699488 0.0114051)
(0.00493152 -0.00645696 0.0114594)
(0.0049479 -0.00618368 0.0112405)
(0.00465252 -0.00585454 0.0108527)
(0.00519857 -0.00622079 0.0117239)
(0.00497152 -0.00606526 0.0113526)
(0.005393 -0.00633542 0.011477)
(0.00529395 -0.00603469 0.0110937)
(0.00462277 -0.00560686 0.0106909)
(0.00493132 -0.00596361 0.0110036)
(0.00531715 -0.00608614 0.0109815)
(0.00549754 -0.00606944 0.0114582)
(0.00494411 -0.00576734 0.0107863)
(0.00526987 -0.00641659 0.0126129)
(0.00536449 -0.00647035 0.0118773)
(0.00502583 -0.00601527 0.0114861)
(0.00536339 -0.00602048 0.0109863)
(0.00523987 -0.00606319 0.0116286)
(0.00541763 -0.00651632 0.0121416)
(0.00473959 -0.00591284 0.0108686)
(0.0045983 -0.00560914 0.0113915)
(0.0057077 -0.00727928 0.012258)
(0.00522438 -0.00664474 0.0123836)
(0.00509077 -0.00667217 0.011761)
(0.00522806 -0.0065479 0.0118324)
(0.00501307 -0.00609708 0.0115949)
(0.00505263 -0.00638886 0.01163)
(0.00511499 -0.00628359 0.0117401)
(0.00515471 -0.00624068 0.0113829)
(0.0049043 -0.00588649 0.011147)
(0.0048083 -0.00605669 0.0111482)
(0.00527912 -0.00581802 0.0112428)
(0.00510764 -0.00600749 0.0114197)
(0.00526112 -0.0062235 0.0115564)
(0.00497599 -0.00625786 0.0111646)
(0.00516759 -0.00606143 0.0115268)
(0.00477568 -0.00587681 0.0108671)
(0.0049908 -0.00610671 0.0114859)
(0.00520607 -0.00643718 0.0116543)
(0.00470888 -0.00619056 0.0109594)
(0.00524989 -0.00633923 0.0117812)
(0.00502021 -0.00618657 0.0115649)
(0.00473385 -0.00604562 0.0109199)
(0.00493765 -0.00585953 0.0109501)
(0.00511527 -0.0060917 0.0113185)
(0.00514727 -0.00610487 0.0113843)
(0.00526452 -0.00606352 0.0113033)
(0.00509121 -0.00605774 0.0112006)
(0.004843 -0.00601038 0.0109058)
(0.00485194 -0.00558891 0.0108095)
(0.00503089 -0.00563946 0.0109338)
(0.00517128 -0.00581663 0.0112661)
(0.00497454 -0.00596639 0.01124)
(0.00495993 -0.00615138 0.011172)
(0.0049214 -0.00627361 0.0114424)
(0.0048307 -0.00577655 0.0108019)
(0.00499391 -0.00604279 0.0112)
(0.00523284 -0.00594104 0.010935)
(0.00472817 -0.00624446 0.0110014)
(0.00455791 -0.00604695 0.0108109)
(0.00499647 -0.00614576 0.0111711)
(0.00523698 -0.0055092 0.0110936)
(0.005089 -0.00561491 0.0107981)
(0.00533748 -0.00605414 0.0115173)
(0.00493073 -0.00599303 0.0109036)
(0.00499863 -0.00593494 0.010966)
(0.00486765 -0.00590756 0.0111341)
(0.00522521 -0.00603752 0.0110128)
(0.00470283 -0.00587472 0.0111751)
(0.00498943 -0.00624234 0.0116111)
(0.0051373 -0.00609574 0.0112676)
(0.00487118 -0.00627918 0.0113413)
(0.00466463 -0.00625606 0.0119021)
(0.00471018 -0.00600144 0.0115732)
(0.0053086 -0.0063598 0.0115343)
(0.00544816 -0.00648698 0.0116017)
(0.00500406 -0.00593259 0.0109159)
(0.0046234 -0.00589012 0.0113056)
(0.00506338 -0.00612207 0.011407)
(0.00500497 -0.00610335 0.0110551)
(0.00488123 -0.00602219 0.0108895)
(0.00488403 -0.00605801 0.0112343)
(0.00460882 -0.0056287 0.0104309)
(0.00474403 -0.00579693 0.0111532)
(0.00551091 -0.00648683 0.0120409)
(0.00514978 -0.00603518 0.01123)
(0.0050565 -0.00589399 0.0113578)
(0.00560492 -0.00650809 0.0112901)
(0.00512854 -0.00650447 0.0115406)
(0.00571876 -0.00686387 0.0114156)
(0.00469676 -0.00604822 0.0112101)
(0.00513827 -0.00626327 0.0114803)
(0.00498944 -0.00596637 0.0109934)
(0.00534287 -0.00688529 0.0118258)
(0.00504992 -0.00654997 0.0113269)
(0.00521955 -0.00631822 0.0116536)
(0.00519661 -0.00600026 0.011309)
(0.00497196 -0.00580167 0.010888)
(0.00497636 -0.00621515 0.0118919)
(0.00527159 -0.00621385 0.0114274)
(0.00490492 -0.00595978 0.0112358)
(0.00497796 -0.00618221 0.0111249)
(0.00518081 -0.0061434 0.0114381)
(0.00459701 -0.0058296 0.0111074)
(0.00481268 -0.00578314 0.0110569)
(0.00493962 -0.00600975 0.0111885)
(0.00501941 -0.00618119 0.0113023)
(0.00485989 -0.00592702 0.0107067)
(0.00535361 -0.00649141 0.0117105)
(0.00515499 -0.0063538 0.0116815)
(0.00528214 -0.00616181 0.0115849)
(0.00487774 -0.00605064 0.011456)
(0.00525571 -0.00581263 0.0111703)
(0.00478351 -0.00638067 0.0111223)
(0.00511304 -0.00597129 0.0109793)
(0.00516306 -0.00616163 0.0114171)
(0.0052708 -0.00608915 0.0115708)
(0.00526671 -0.00651357 0.0117539)
(0.00487222 -0.00631173 0.0113331)
(0.00508484 -0.00611544 0.0113382)
(0.00500778 -0.00589487 0.0110237)
(0.00463993 -0.00599396 0.0106986)
(0.00460492 -0.00624845 0.010949)
(0.00506519 -0.00637224 0.0116418)
(0.0047288 -0.00601225 0.0114655)
(0.0050171 -0.0061341 0.0115407)
(0.00519287 -0.00608214 0.0116807)
(0.00512833 -0.00643519 0.0118535)
(0.00521381 -0.00638157 0.0116323)
(0.0052112 -0.0060743 0.0112006)
(0.00490191 -0.00604203 0.0110229)
(0.00508184 -0.00614323 0.0112423)
(0.00508995 -0.00585895 0.011431)
(0.00474665 -0.00592 0.0105325)
(0.00508031 -0.00599917 0.0113343)
(0.00483534 -0.00595213 0.0111355)
(0.00498531 -0.00599093 0.0109103)
(0.00504476 -0.00596545 0.0110522)
(0.00542448 -0.00631161 0.0118518)
(0.0049225 -0.00603873 0.0112644)
(0.00484633 -0.00580934 0.0108219)
(0.0048223 -0.00602562 0.0111247)
(0.0050019 -0.00616347 0.0112339)
(0.00497672 -0.00598266 0.011106)
(0.00500419 -0.00601666 0.011254)
(0.0048068 -0.00584685 0.0108844)
(0.00506009 -0.00599009 0.0111495)
(0.00482326 -0.00596031 0.0109651)
(0.00493449 -0.00637575 0.0115117)
(0.00522009 -0.00587607 0.011496)
(0.00494989 -0.00648907 0.0117752)
(0.00468995 -0.00627575 0.0114292)
(0.0049932 -0.0066952 0.0116265)
(0.00545147 -0.00614941 0.0118047)
(0.0052612 -0.00638874 0.011721)
(0.00490034 -0.00582639 0.0109015)
(0.00475117 -0.00602971 0.0112363)
(0.00505029 -0.00602194 0.0112432)
(0.00514121 -0.00608814 0.0114297)
(0.00514245 -0.00611655 0.011417)
(0.0051442 -0.00594905 0.0110794)
(0.00506324 -0.00613278 0.0111413)
(0.00494611 -0.00592651 0.0111456)
(0.00513165 -0.00573617 0.0112205)
(0.00511701 -0.0061173 0.011275)
(0.00492579 -0.00560454 0.0114127)
(0.00501344 -0.0059459 0.0109822)
(0.00519341 -0.00615213 0.0114991)
(0.00483051 -0.00588427 0.0112876)
(0.00508252 -0.00595609 0.0113602)
(0.00492582 -0.00612203 0.0110072)
(0.00517408 -0.00620492 0.0113328)
(0.00456586 -0.00558863 0.0107605)
(0.00488509 -0.00592419 0.0109258)
(0.00462548 -0.00589955 0.0111569)
(0.00534925 -0.00630007 0.0113818)
(0.00488452 -0.00605299 0.0110206)
(0.0050448 -0.00598009 0.0110151)
(0.00506115 -0.00591585 0.0111977)
(0.00551691 -0.00634969 0.0121069)
(0.00483982 -0.00606521 0.0119676)
(0.00552195 -0.00644508 0.0114836)
(0.00543276 -0.00620227 0.0113694)
(0.00536713 -0.00667584 0.0119713)
(0.00564799 -0.00652004 0.0124084)
(0.00567261 -0.00645762 0.0119072)
(0.0050322 -0.00599819 0.0109545)
(0.00522078 -0.00615275 0.0113574)
(0.00498399 -0.00594417 0.0106285)
(0.0054437 -0.00643508 0.0114522)
(0.00557198 -0.0066652 0.0114475)
(0.0049667 -0.00581614 0.0114914)
(0.00461055 -0.00595266 0.011434)
(0.00582594 -0.00677558 0.0122647)
(0.00543322 -0.0070807 0.0114727)
(0.00574055 -0.0070096 0.0118001)
(0.00443861 -0.00557673 0.0110782)
(0.00542521 -0.00668886 0.0113544)
(0.00534899 -0.00632546 0.0112014)
(0.00495917 -0.00567986 0.0116245)
(0.0047908 -0.00603887 0.011209)
(0.00521152 -0.00622401 0.0119076)
(0.00540837 -0.00633377 0.0112772)
(0.00500894 -0.00621023 0.0114791)
(0.00533174 -0.00630927 0.0115823)
(0.00456231 -0.00581136 0.0110242)
(0.00519601 -0.00611376 0.0111805)
(0.0047993 -0.0059335 0.0114001)
(0.00467786 -0.00582103 0.010883)
(0.00498124 -0.00595324 0.011348)
(0.00493671 -0.00607924 0.0111464)
(0.00526349 -0.00616332 0.010866)
(0.00488788 -0.00612536 0.0118792)
(0.00490122 -0.00611091 0.0116345)
(0.00524348 -0.00616164 0.0117487)
(0.00488721 -0.00602505 0.0117047)
(0.00453213 -0.00595481 0.0113439)
(0.00559055 -0.00650866 0.0111543)
(0.00502956 -0.00627091 0.0111993)
(0.00523746 -0.00620287 0.0116778)
(0.0051365 -0.00586617 0.0114849)
(0.00521003 -0.00613384 0.0115145)
(0.00504141 -0.00607118 0.0109803)
(0.00558127 -0.00707399 0.0119017)
(0.0049553 -0.00619927 0.0113115)
(0.00526373 -0.0066236 0.0119698)
(0.00582713 -0.00696872 0.0124352)
(0.00495162 -0.00607508 0.0111958)
(0.00526522 -0.00572847 0.0116317)
(0.00469517 -0.00580189 0.0106826)
(0.00515934 -0.00617576 0.0115026)
(0.00515797 -0.00619401 0.0118247)
(0.00539797 -0.00608107 0.0113473)
(0.00526306 -0.0061302 0.0115508)
(0.00489046 -0.00625003 0.0117478)
(0.00481505 -0.0059541 0.0110806)
(0.00489279 -0.00591161 0.0107043)
(0.00485695 -0.00601171 0.0111251)
(0.00502995 -0.00611111 0.0113429)
(0.00497312 -0.00609147 0.0113234)
(0.00500295 -0.00627043 0.0117056)
(0.00487373 -0.00594119 0.0111263)
(0.00505077 -0.00634816 0.0115568)
(0.00496303 -0.00586424 0.0107455)
(0.0048551 -0.00601692 0.0109353)
(0.0051915 -0.00638504 0.0114809)
(0.00493904 -0.00630483 0.0116099)
(0.00487949 -0.00576252 0.0107476)
(0.00530756 -0.00627902 0.0118557)
(0.00537531 -0.00633458 0.0116894)
(0.00504952 -0.00610269 0.0111409)
(0.00503494 -0.00587187 0.0108999)
(0.00515077 -0.00582472 0.0109968)
(0.00488275 -0.00595299 0.0113444)
(0.00532997 -0.00647666 0.0117819)
(0.00518777 -0.00618301 0.0114332)
(0.00496995 -0.00614419 0.0108803)
(0.00553583 -0.00666286 0.0118636)
(0.00477532 -0.00608463 0.0115434)
(0.00533028 -0.00671245 0.012082)
(0.00541652 -0.00649041 0.0115029)
(0.00518495 -0.00631189 0.0119587)
(0.00523128 -0.00609158 0.0112178)
(0.00487798 -0.00615656 0.0114538)
(0.00523566 -0.00589695 0.0109504)
(0.00490028 -0.00611918 0.0113641)
(0.00500212 -0.00599953 0.0112417)
(0.00485388 -0.00591876 0.0112548)
(0.00554459 -0.00637118 0.0118687)
(0.00525885 -0.00616874 0.0112125)
(0.00536625 -0.00607661 0.0114879)
(0.00522933 -0.00609224 0.0112208)
(0.00514278 -0.00614515 0.0116373)
(0.00491974 -0.0059757 0.0110925)
(0.00504786 -0.0062349 0.0114639)
(0.00499551 -0.00610397 0.0113978)
(0.00517115 -0.00629367 0.0112587)
(0.00509237 -0.00641074 0.0115088)
(0.00480988 -0.00576233 0.012249)
(0.00489596 -0.0054428 0.0116825)
(0.005172 -0.00644986 0.0114083)
(0.00533619 -0.00619985 0.0118965)
(0.00585116 -0.00704708 0.0119957)
(0.00552147 -0.00708098 0.0121961)
(0.0048768 -0.00596382 0.0113049)
(0.00532142 -0.00640367 0.0112812)
(0.00541102 -0.00657258 0.0115614)
(0.00507349 -0.00624718 0.0113793)
(0.00504864 -0.00610239 0.0113233)
(0.00507086 -0.0059382 0.0109316)
(0.00523519 -0.00634236 0.0114432)
(0.00465938 -0.00550611 0.0107413)
(0.0056091 -0.00708971 0.011984)
(0.00521565 -0.0062522 0.0111125)
(0.00520674 -0.0066954 0.012231)
(0.00504906 -0.00612076 0.0117463)
(0.00519822 -0.00652699 0.0112057)
(0.00532017 -0.00642685 0.0123375)
(0.00507133 -0.00628035 0.0116816)
(0.00539872 -0.00606616 0.0120932)
(0.00547342 -0.00675641 0.0120342)
(0.00495973 -0.00662051 0.0115478)
(0.00552991 -0.0061844 0.0118287)
(0.00505563 -0.00605974 0.0110548)
(0.0050316 -0.00620952 0.0111682)
(0.00503263 -0.0060081 0.0112213)
(0.00484572 -0.00585018 0.010857)
(0.00503443 -0.00641269 0.0113238)
(0.00521003 -0.00652729 0.0117846)
(0.00535237 -0.00661965 0.0121581)
(0.00531205 -0.0063527 0.0118388)
(0.00514981 -0.0061715 0.0111177)
(0.00506001 -0.00610836 0.0113913)
(0.0050159 -0.00614095 0.0113197)
(0.00515756 -0.00616936 0.0114428)
(0.00508227 -0.00599189 0.0111802)
(0.00506087 -0.00598834 0.0113821)
(0.00510558 -0.0060509 0.0110024)
(0.00552453 -0.00649435 0.0112016)
(0.00500488 -0.00610982 0.0112154)
(0.00479766 -0.00573275 0.0110066)
(0.00482089 -0.00616007 0.011587)
(0.00548078 -0.00685659 0.0115184)
(0.0048392 -0.00609667 0.0114383)
(0.00507123 -0.00641004 0.0118061)
(0.0046926 -0.00582996 0.0109645)
(0.00471618 -0.00594616 0.0112578)
(0.00526598 -0.00595649 0.0109472)
(0.00522221 -0.00620352 0.0114448)
(0.00543074 -0.00612264 0.0111268)
(0.00586636 -0.00636935 0.0114569)
(0.0046616 -0.00561644 0.0108381)
(0.00472689 -0.00606524 0.0119155)
(0.00502839 -0.00618017 0.0116612)
(0.00570342 -0.0066557 0.0115727)
(0.00447425 -0.00532259 0.0106961)
(0.0048459 -0.0055731 0.0108887)
(0.00473343 -0.00587328 0.0112246)
(0.00482989 -0.00573424 0.0107044)
(0.00535689 -0.00614905 0.0107518)
(0.00512778 -0.00549761 0.011119)
(0.00533197 -0.00649895 0.0117027)
(0.00508861 -0.00636275 0.0108028)
(0.00500981 -0.00627786 0.0115852)
(0.00497409 -0.00637431 0.0109296)
(0.00501403 -0.00585012 0.011073)
(0.00486542 -0.00589948 0.0110008)
(0.00488336 -0.00631374 0.0110318)
(0.00527338 -0.0064053 0.0113327)
(0.00487417 -0.00608028 0.0123205)
(0.00494103 -0.00590182 0.0108721)
(0.00509906 -0.00633295 0.0116949)
(0.0050439 -0.00600454 0.0111245)
(0.00497749 -0.00593747 0.0110044)
(0.00511946 -0.00612262 0.0113816)
(0.00518126 -0.00613591 0.0116025)
(0.005035 -0.00612614 0.0114968)
(0.00511851 -0.0061697 0.0112141)
(0.0052765 -0.00634029 0.0113047)
(0.00508217 -0.00609802 0.0110435)
(0.00481448 -0.00578384 0.0108254)
(0.00518066 -0.00635201 0.0115057)
(0.00511862 -0.00628893 0.011735)
(0.00479127 -0.00581769 0.0109748)
(0.00508086 -0.00624107 0.0112576)
(0.0048145 -0.00580641 0.0110185)
(0.00482852 -0.00561556 0.0104664)
(0.00518722 -0.00605314 0.0110414)
(0.00531463 -0.00697194 0.011716)
(0.00505451 -0.00543124 0.0112519)
(0.00477898 -0.00526939 0.011463)
(0.004641 -0.00552634 0.0106946)
(0.00485562 -0.00593094 0.0109263)
(0.00484982 -0.006324 0.0112047)
(0.00513302 -0.00606015 0.0115566)
(0.0049212 -0.00584246 0.0112962)
(0.00519165 -0.00606641 0.011661)
(0.00529182 -0.007037 0.0118496)
(0.00499107 -0.00659363 0.0110524)
(0.0047775 -0.00607539 0.0106957)
(0.00491417 -0.00614618 0.010971)
(0.00493597 -0.00563555 0.0110808)
(0.00495417 -0.00629621 0.0111221)
(0.00485468 -0.00599764 0.0108494)
(0.00485069 -0.00615421 0.0110586)
(0.00544848 -0.00643126 0.0125067)
(0.00476076 -0.00602168 0.0107554)
(0.0049267 -0.0058893 0.0116058)
(0.00505391 -0.00599262 0.0111118)
(0.00488958 -0.00577715 0.0107298)
(0.00527214 -0.00617034 0.0111369)
(0.00524035 -0.00628323 0.0113236)
(0.00511796 -0.00607835 0.0111016)
(0.00512713 -0.00643573 0.0115432)
(0.00519291 -0.00576804 0.0109843)
(0.005071 -0.00601688 0.0113203)
(0.00499143 -0.0060693 0.0111359)
(0.00512306 -0.00609709 0.0112782)
(0.00502787 -0.00622268 0.0114507)
(0.0050648 -0.00631805 0.0113829)
(0.00525891 -0.00604475 0.0115198)
(0.00489559 -0.00601191 0.011059)
(0.00488664 -0.00603767 0.0111644)
(0.00492793 -0.00612705 0.011235)
(0.00534559 -0.00578926 0.0112438)
(0.004881 -0.00577523 0.0108222)
(0.0048484 -0.00625144 0.0111116)
(0.00492436 -0.00613074 0.0111743)
(0.00513925 -0.00636444 0.0115247)
(0.0050779 -0.00612055 0.0112905)
(0.00524729 -0.0062139 0.0115385)
(0.00508541 -0.00568212 0.0113734)
(0.00513839 -0.00626497 0.011977)
(0.00514956 -0.00627338 0.0112605)
(0.00500745 -0.00602564 0.0112171)
(0.00512277 -0.00651882 0.0115344)
(0.00484935 -0.00656445 0.0114842)
(0.00559039 -0.00587475 0.0118117)
(0.00547467 -0.00642374 0.0118092)
(0.00535002 -0.00595789 0.0115736)
(0.00565243 -0.00655549 0.0122394)
(0.00501398 -0.00597009 0.0111702)
(0.0049475 -0.00596124 0.0111282)
(0.00528674 -0.0061829 0.0115845)
(0.0048896 -0.00601323 0.0111079)
(0.00491091 -0.00594181 0.0110678)
(0.0052085 -0.00597347 0.0112518)
(0.00494584 -0.00639395 0.0114448)
(0.00489746 -0.00633703 0.0115106)
(0.00492786 -0.00648507 0.0116923)
(0.00523711 -0.00648671 0.0117957)
(0.0048603 -0.00600262 0.011018)
(0.00518316 -0.00616251 0.0115218)
(0.00493761 -0.0062546 0.0110152)
(0.0049967 -0.00587789 0.0109912)
(0.00509871 -0.00581647 0.0112223)
(0.00495704 -0.00587993 0.0109917)
(0.00498184 -0.00588471 0.01112)
(0.00517415 -0.00597917 0.0111429)
(0.00523931 -0.00656386 0.0118328)
(0.00551095 -0.00602334 0.0117238)
(0.00502665 -0.00617732 0.0113952)
(0.00493773 -0.00602254 0.0110931)
(0.00475643 -0.00631558 0.0112407)
(0.00542197 -0.00647656 0.0117257)
(0.00517929 -0.00613581 0.011351)
(0.00568898 -0.00645359 0.0122894)
(0.00487571 -0.00606792 0.0109707)
(0.0050946 -0.00600525 0.0112745)
(0.00524851 -0.00650131 0.0117017)
(0.00502987 -0.00587162 0.0113241)
(0.00506016 -0.00597798 0.011262)
(0.00516814 -0.0061767 0.0113605)
(0.00508069 -0.00632936 0.0112669)
(0.00497746 -0.00597611 0.0111361)
(0.00496209 -0.00587904 0.0112836)
(0.00507936 -0.0063772 0.0113026)
(0.00482007 -0.0057042 0.011102)
(0.00530518 -0.00579263 0.0116185)
(0.00559041 -0.00617545 0.0120933)
(0.00496052 -0.00596262 0.0107287)
(0.00476389 -0.00600921 0.0107819)
(0.00476256 -0.00576418 0.011059)
(0.00501721 -0.00620567 0.0113529)
(0.00530162 -0.00609621 0.0116393)
(0.00508434 -0.00625356 0.01117)
(0.00512753 -0.00633711 0.0114214)
(0.00517028 -0.00649146 0.0112015)
(0.00506388 -0.00635729 0.0111101)
(0.00522876 -0.00615903 0.0114404)
(0.00517724 -0.00608808 0.0116703)
(0.00483247 -0.00597818 0.0111308)
(0.00493158 -0.00610602 0.0110708)
(0.00490575 -0.00602131 0.0112623)
(0.00477889 -0.00561943 0.0107604)
(0.00487803 -0.00586557 0.0109349)
(0.0050139 -0.00573741 0.0113752)
(0.00492223 -0.00615406 0.0113617)
(0.00546349 -0.0071367 0.0120004)
(0.00550693 -0.00655039 0.0120975)
(0.00562356 -0.00658379 0.0122625)
(0.00497199 -0.00639231 0.0113369)
(0.00567683 -0.00673863 0.012979)
(0.00489226 -0.00615158 0.0111839)
(0.0046507 -0.00635968 0.0108877)
(0.00510739 -0.00605548 0.0113507)
(0.00494595 -0.00601812 0.011112)
(0.00530297 -0.00583316 0.0112281)
(0.00521887 -0.00615327 0.0114729)
(0.00499697 -0.00589029 0.0109755)
(0.00503763 -0.00606183 0.0112987)
(0.00491034 -0.00594405 0.0109269)
(0.00472767 -0.00629865 0.0112475)
(0.00497703 -0.00605712 0.0111188)
(0.00483529 -0.00598341 0.0111516)
(0.00489327 -0.00588149 0.0110473)
(0.00488573 -0.00610236 0.0112726)
(0.00498865 -0.00611263 0.0112155)
(0.00515437 -0.00600442 0.0111847)
(0.0049641 -0.00602591 0.0111892)
(0.00485078 -0.00620286 0.0114234)
(0.00489841 -0.00589092 0.0108785)
(0.0051302 -0.00597007 0.0110106)
(0.00484168 -0.00583765 0.0108492)
(0.00479959 -0.00598069 0.010917)
(0.00484466 -0.00558267 0.0106727)
(0.00487128 -0.00600255 0.0110673)
(0.00508637 -0.0061505 0.0115859)
(0.00493347 -0.00567423 0.0111358)
(0.00504221 -0.00592233 0.0109297)
(0.00513699 -0.00585095 0.010991)
(0.00498195 -0.00603488 0.0110749)
(0.00495674 -0.00607182 0.0111683)
(0.00519709 -0.00608804 0.0113432)
(0.00493454 -0.00615601 0.0112775)
(0.00497314 -0.00609139 0.0112742)
(0.00485218 -0.00582861 0.0107399)
(0.00496657 -0.0060124 0.0111942)
(0.00488675 -0.00590741 0.0108093)
(0.00492099 -0.00598613 0.0109881)
(0.00475616 -0.00644213 0.0109103)
(0.00474378 -0.00579487 0.0105189)
(0.00492714 -0.00628737 0.0112714)
(0.00493768 -0.00642492 0.0111657)
(0.00495683 -0.0057726 0.0110449)
(0.00478829 -0.00626633 0.0105306)
(0.00496419 -0.00570666 0.0110476)
(0.00490222 -0.00617115 0.0111162)
(0.00494299 -0.00627165 0.0113964)
(0.00494223 -0.00624821 0.0112169)
(0.00483186 -0.00613941 0.01104)
(0.00501618 -0.00597882 0.0111609)
(0.00516446 -0.00613888 0.0114099)
(0.00504717 -0.00626676 0.0113116)
(0.00524368 -0.00631288 0.0114907)
(0.0049777 -0.00625492 0.0115384)
(0.0050103 -0.00618784 0.011296)
(0.00530704 -0.00656482 0.0121831)
(0.00524079 -0.00603716 0.0113504)
(0.00497407 -0.00581783 0.010871)
(0.0050907 -0.00603526 0.0112975)
(0.00488839 -0.00624881 0.0114936)
(0.004815 -0.00569284 0.0107445)
(0.00483176 -0.00634015 0.0114006)
(0.00480414 -0.00593989 0.0109053)
(0.0050256 -0.00603327 0.0111455)
(0.00488293 -0.00600534 0.0109746)
(0.00513717 -0.00596513 0.0111458)
(0.00516433 -0.00588317 0.0110306)
(0.00505222 -0.0060687 0.0111689)
(0.00507574 -0.00594215 0.0111027)
(0.00515531 -0.00605962 0.0114056)
(0.00501696 -0.00597927 0.0112352)
(0.00569939 -0.00616984 0.0121975)
(0.00468509 -0.00679922 0.0108486)
(0.0054325 -0.00664942 0.0121892)
(0.00479305 -0.00617497 0.0102253)
(0.00512333 -0.00610636 0.011381)
(0.00504323 -0.00621079 0.0113509)
(0.00477147 -0.00648118 0.0108537)
(0.00502331 -0.00610995 0.0113211)
(0.00513151 -0.00594524 0.0112317)
(0.0049489 -0.00581427 0.0108854)
(0.00533105 -0.00622009 0.0126611)
(0.0047509 -0.00658453 0.011296)
(0.00500375 -0.00607159 0.011172)
(0.0054648 -0.00646588 0.01209)
(0.00529033 -0.00568916 0.0112353)
(0.00511104 -0.00616943 0.0112974)
(0.00482418 -0.00617686 0.0108815)
(0.00492502 -0.00620249 0.0109017)
(0.00502493 -0.00597817 0.0111823)
(0.00498312 -0.00593692 0.0111348)
(0.00501601 -0.00609824 0.0112722)
(0.00480594 -0.00566558 0.0109052)
(0.00470363 -0.00643665 0.0112726)
(0.00523296 -0.00614156 0.0119135)
(0.00495096 -0.00559362 0.0109527)
(0.00513386 -0.00624796 0.0111999)
(0.00535601 -0.00613291 0.011642)
(0.00485442 -0.00654307 0.0112909)
(0.00491094 -0.00633734 0.0111044)
(0.00514958 -0.00601693 0.0112527)
(0.00487727 -0.00610145 0.0111559)
(0.00500429 -0.00588204 0.0110325)
(0.00505102 -0.00610185 0.0113443)
(0.00510246 -0.00601081 0.0110579)
(0.00513077 -0.00605376 0.0113112)
(0.00498505 -0.00600308 0.0110017)
(0.0050907 -0.00630913 0.010984)
(0.0050803 -0.00658836 0.0114422)
(0.00522678 -0.00575564 0.0112336)
(0.00518371 -0.00642703 0.011415)
(0.00520618 -0.00584086 0.0114659)
(0.00491586 -0.00559079 0.0107296)
(0.00499395 -0.00608496 0.0113371)
(0.00487911 -0.00634476 0.0110087)
(0.00511141 -0.00642825 0.0113859)
(0.00537245 -0.0067547 0.0121282)
(0.00486158 -0.00598842 0.0108934)
(0.00528834 -0.00622953 0.0113205)
(0.00493576 -0.00604349 0.0108185)
(0.0049092 -0.00595914 0.0112618)
(0.00465268 -0.00579775 0.01086)
(0.00543807 -0.00626964 0.0111996)
(0.00541885 -0.00612919 0.0109477)
(0.00508648 -0.00587213 0.0107441)
(0.00475363 -0.00590121 0.0109449)
(0.00493753 -0.00593077 0.0109996)
(0.00510285 -0.00592165 0.0110024)
(0.00505692 -0.00619276 0.0119489)
(0.00487828 -0.00618831 0.0113288)
(0.00471378 -0.00563541 0.010566)
(0.00489826 -0.0059111 0.0108847)
(0.00513432 -0.00603634 0.0110563)
(0.00536537 -0.00615439 0.0114022)
(0.00509087 -0.006052 0.0111122)
(0.00513417 -0.0065693 0.0118429)
(0.0049207 -0.00597224 0.0108886)
(0.00551469 -0.00652184 0.0116702)
(0.0049724 -0.00624506 0.0115599)
(0.00504678 -0.00608488 0.0114612)
(0.0046065 -0.00609496 0.0108488)
(0.00489462 -0.00601086 0.0109465)
(0.00481868 -0.00586139 0.0110556)
(0.0049098 -0.00600903 0.011137)
(0.00478526 -0.00597587 0.0109195)
(0.00476881 -0.00593756 0.0110654)
(0.00479712 -0.00581083 0.0108228)
(0.00490543 -0.00607499 0.0113487)
(0.00509901 -0.00641278 0.0117254)
(0.00494254 -0.00600069 0.0110959)
(0.00507078 -0.00624578 0.0114433)
(0.0052319 -0.00615355 0.0114055)
(0.00513615 -0.00619304 0.0111982)
(0.00502252 -0.00620811 0.0111429)
(0.00488666 -0.00610336 0.0111152)
(0.00487477 -0.00599369 0.0110342)
(0.00489169 -0.00611459 0.0111953)
(0.00493756 -0.00608403 0.0111791)
(0.00494617 -0.00607267 0.0111975)
(0.00491254 -0.00582682 0.010824)
(0.00493656 -0.00604405 0.0112492)
(0.0048942 -0.00611663 0.0111566)
(0.0048862 -0.00615283 0.0112076)
(0.00486968 -0.00609523 0.0111894)
(0.00481454 -0.00610134 0.0111274)
(0.00489705 -0.00602373 0.0110652)
(0.0049236 -0.00599855 0.0109914)
(0.00478389 -0.00600294 0.0109381)
(0.00502395 -0.00614915 0.0114709)
(0.00510272 -0.0060327 0.011511)
(0.00484806 -0.00616007 0.0111326)
(0.00516318 -0.00629798 0.0115865)
(0.00502054 -0.00604582 0.0110257)
(0.00492817 -0.00611205 0.0112122)
(0.00483231 -0.00596753 0.0110389)
(0.00513962 -0.00600962 0.0110775)
(0.00527592 -0.00594226 0.0111749)
(0.0050915 -0.00575582 0.0109743)
(0.00492734 -0.00585646 0.0107167)
(0.00506928 -0.0060583 0.0114409)
(0.00502007 -0.00595281 0.011161)
(0.0050301 -0.00601301 0.0107893)
(0.00491482 -0.0061595 0.0113301)
(0.00490092 -0.00588164 0.0109107)
(0.00550667 -0.00628247 0.0118223)
(0.00521503 -0.00621696 0.011391)
(0.00535571 -0.00605863 0.0115834)
(0.00555056 -0.00628532 0.0120679)
(0.00493782 -0.00584905 0.0106474)
(0.00516464 -0.00608637 0.0110092)
(0.00516301 -0.00609108 0.0111404)
(0.00504695 -0.00645203 0.0117907)
(0.00480219 -0.00618444 0.0113433)
(0.00506841 -0.00612472 0.0111257)
(0.00489936 -0.00627623 0.0114403)
(0.00487203 -0.00608072 0.0113519)
(0.00526364 -0.00639008 0.0121672)
(0.00496583 -0.00588336 0.0110589)
(0.00493541 -0.00587173 0.0111101)
(0.00501373 -0.00620214 0.0114404)
(0.00514738 -0.00597008 0.0110388)
(0.00525082 -0.00634073 0.0114349)
(0.00495616 -0.00620466 0.0119483)
(0.00470079 -0.00587308 0.0108073)
(0.00493887 -0.00593666 0.0112825)
(0.00487971 -0.00592527 0.0110712)
(0.00545452 -0.00640771 0.0114282)
(0.00471491 -0.00601578 0.0110831)
(0.00522294 -0.00645638 0.0119243)
(0.00504904 -0.00615436 0.0112385)
(0.00485957 -0.00591606 0.011228)
(0.00495996 -0.00600514 0.011059)
(0.00470989 -0.00605696 0.0113945)
(0.00503303 -0.00602534 0.0114066)
(0.00466829 -0.00599751 0.0113285)
(0.0047291 -0.00592623 0.0109671)
(0.00469537 -0.00597412 0.0110487)
(0.00539471 -0.00628255 0.0115692)
(0.0054864 -0.00624629 0.0113315)
(0.00519228 -0.00605179 0.0109878)
(0.00534792 -0.00631795 0.01181)
(0.0052646 -0.00657024 0.011883)
(0.00539028 -0.00629345 0.0111378)
(0.00526289 -0.00636386 0.0114669)
(0.00515295 -0.00589025 0.0110309)
(0.00544572 -0.00638112 0.0122145)
(0.00474671 -0.006063 0.011173)
(0.00485078 -0.00591098 0.0110872)
(0.00461981 -0.00599243 0.0111132)
(0.00487602 -0.00568597 0.0109849)
(0.00495757 -0.00590968 0.0111754)
(0.00511413 -0.00605677 0.0109983)
(0.00495912 -0.00606567 0.0112599)
(0.00511788 -0.00591025 0.0115034)
(0.00576253 -0.00676764 0.0124094)
(0.0045019 -0.00550691 0.0112312)
(0.0049649 -0.00598793 0.0110438)
(0.00510829 -0.006012 0.0113568)
(0.00488851 -0.00580244 0.0106708)
(0.00497476 -0.00591435 0.0109197)
(0.00499697 -0.00601783 0.0109838)
(0.00465687 -0.00577658 0.0104548)
(0.00487628 -0.00579966 0.0108257)
(0.00509226 -0.00597959 0.0108731)
(0.00543902 -0.00621981 0.011766)
(0.00469987 -0.00594302 0.0108342)
(0.00483413 -0.0059237 0.0109776)
(0.00493375 -0.00582253 0.0108946)
(0.00486253 -0.0058973 0.0110738)
(0.00450733 -0.00594287 0.0109788)
(0.00489302 -0.00582108 0.010509)
(0.00489845 -0.00624975 0.0112481)
(0.00521518 -0.00605985 0.0111322)
(0.00487006 -0.00591565 0.0111367)
(0.00507543 -0.00596943 0.010832)
(0.00473272 -0.00584102 0.0114806)
(0.005196 -0.00603255 0.0115059)
(0.00510492 -0.00632343 0.0112619)
(0.00496831 -0.0060065 0.0111553)
(0.00502753 -0.00630676 0.0111729)
(0.00520892 -0.00582204 0.0113145)
(0.00458667 -0.00618813 0.010791)
(0.0049943 -0.00606371 0.0112541)
(0.00521797 -0.0064053 0.011438)
(0.00537568 -0.00643095 0.0113694)
(0.00509947 -0.00580661 0.0117466)
(0.00538755 -0.00652693 0.0110459)
(0.00484709 -0.00654274 0.0119814)
(0.00484551 -0.0059462 0.0114866)
(0.00506983 -0.00628012 0.0113126)
(0.00452596 -0.00587274 0.0108672)
(0.00457812 -0.005607 0.0108448)
(0.0048393 -0.00604483 0.0111531)
(0.00509232 -0.00605583 0.0110668)
(0.00521161 -0.00628321 0.0113193)
(0.00457128 -0.00569613 0.0111787)
(0.00475019 -0.00582685 0.0111171)
(0.00516347 -0.00606794 0.0114332)
(0.00516279 -0.00630822 0.0114258)
(0.00497929 -0.00584345 0.0110173)
(0.00473847 -0.00586408 0.0106997)
(0.00459389 -0.0056861 0.0103544)
(0.00555645 -0.00626229 0.0119341)
(0.00457552 -0.00532848 0.0111305)
(0.00444611 -0.00551952 0.0109761)
(0.00495902 -0.00661905 0.0107436)
(0.00513117 -0.00667147 0.0107433)
(0.00504308 -0.00610449 0.0112676)
(0.00502875 -0.00609637 0.0111828)
(0.00518331 -0.00623844 0.0116249)
(0.0049614 -0.00607845 0.0113159)
(0.00512968 -0.00602316 0.0112213)
(0.00498617 -0.0059498 0.0110904)
(0.0048306 -0.00609129 0.0109738)
(0.00489836 -0.00640099 0.0112131)
(0.00477505 -0.00602875 0.0107192)
(0.00506896 -0.0058844 0.0113099)
(0.00494141 -0.00645378 0.0115479)
(0.00492764 -0.00604512 0.0110368)
(0.00487114 -0.00590401 0.0108469)
(0.0048529 -0.00585936 0.0108467)
(0.00482076 -0.00605954 0.011237)
(0.00514347 -0.00602188 0.0111798)
(0.00488186 -0.00579674 0.0108295)
(0.00478528 -0.0059976 0.0110347)
(0.00506995 -0.00571078 0.0108903)
(0.0051647 -0.00607225 0.0112516)
(0.00499694 -0.00580606 0.0108703)
(0.00502633 -0.00610473 0.011496)
(0.00538126 -0.00669038 0.0120851)
(0.0048025 -0.00652818 0.0109464)
(0.00495626 -0.00615209 0.0111607)
(0.00497973 -0.00666923 0.011545)
(0.00491227 -0.00665544 0.0119253)
(0.00512942 -0.00629384 0.0114033)
(0.00518272 -0.00645731 0.0115403)
(0.00493601 -0.00630044 0.0112227)
(0.00521601 -0.00614154 0.0118859)
(0.00478102 -0.00612587 0.0107049)
(0.00513245 -0.00611212 0.0113755)
(0.00498081 -0.00621443 0.0113254)
(0.00514113 -0.00627588 0.0116213)
(0.00511057 -0.0058529 0.0115434)
(0.00507908 -0.00584171 0.0112298)
(0.00499925 -0.00628066 0.0113094)
(0.00492188 -0.00621594 0.0115785)
(0.00501452 -0.00614275 0.0112378)
(0.00499451 -0.00541383 0.0107713)
(0.00515217 -0.00601578 0.0113864)
(0.0053319 -0.00631607 0.0118188)
(0.0050963 -0.00593252 0.0110202)
(0.00496658 -0.00599016 0.0110978)
(0.00510396 -0.00589713 0.011014)
(0.004909 -0.00584319 0.0108333)
(0.00501426 -0.00602726 0.0110506)
(0.00493268 -0.0058614 0.0109377)
(0.00492041 -0.00595037 0.0110614)
(0.00497056 -0.0059323 0.0110491)
(0.00531028 -0.00658614 0.0117935)
(0.0046649 -0.00607422 0.0103294)
(0.00488117 -0.00662616 0.0112415)
(0.00506144 -0.00577942 0.0110996)
(0.00506164 -0.00613589 0.0115293)
(0.00488942 -0.00577541 0.0110419)
(0.00485307 -0.00573198 0.0109061)
(0.0049226 -0.00558187 0.0109569)
(0.00541338 -0.00598628 0.0118641)
(0.00543159 -0.00550184 0.0115122)
(0.00511919 -0.00619149 0.0114933)
(0.00526838 -0.00637985 0.0118929)
(0.00500603 -0.00616889 0.0110084)
(0.00537724 -0.00632394 0.0117815)
(0.00530586 -0.00616226 0.0114315)
(0.00508179 -0.00662212 0.0119418)
(0.00482367 -0.00638775 0.0116516)
(0.00498244 -0.00626391 0.0112532)
(0.00501256 -0.00590771 0.0115843)
(0.00492557 -0.00564234 0.0108971)
(0.0049395 -0.00586709 0.0111322)
(0.0053985 -0.00621846 0.0120782)
(0.00514591 -0.00588569 0.011487)
(0.00540409 -0.00632134 0.0121545)
(0.00550018 -0.00651425 0.0122059)
(0.00468656 -0.00569855 0.011533)
(0.00515154 -0.00625334 0.0115835)
(0.00531401 -0.0058359 0.0116628)
(0.00519849 -0.0063197 0.011358)
(0.00520371 -0.00659763 0.0118163)
(0.00521157 -0.0062865 0.0115828)
(0.00517612 -0.00631502 0.0116102)
(0.00495009 -0.00595082 0.0111677)
(0.00521511 -0.00641967 0.0115727)
(0.00505129 -0.00610278 0.0113669)
(0.00516726 -0.00648822 0.0115204)
(0.00503791 -0.00645041 0.0116391)
(0.00519478 -0.00653815 0.0113581)
(0.00526728 -0.0065136 0.011586)
(0.00468408 -0.0061008 0.0110193)
(0.00484511 -0.00583393 0.0108905)
(0.00493535 -0.00590338 0.0105532)
(0.00456106 -0.00559932 0.0105743)
(0.00512884 -0.00589564 0.010875)
(0.00477069 -0.00618032 0.0114243)
(0.00524099 -0.00641767 0.0114383)
(0.004965 -0.00638601 0.0113129)
(0.00472434 -0.0057898 0.0106888)
(0.00526814 -0.00635815 0.0118255)
(0.0048135 -0.00616135 0.0113868)
(0.00528611 -0.00649128 0.0119103)
(0.00497358 -0.00585762 0.0109833)
(0.00504586 -0.00588845 0.0111372)
(0.00501578 -0.00616365 0.0112298)
(0.00460017 -0.0064534 0.0112126)
(0.00484911 -0.00554238 0.0106004)
(0.0049233 -0.00577116 0.0108442)
(0.00480974 -0.00593726 0.0106575)
(0.00446937 -0.00579111 0.0104344)
(0.00542314 -0.00593137 0.0115936)
(0.00492826 -0.00599556 0.0114012)
(0.00489441 -0.00606158 0.0109348)
(0.00509146 -0.00566797 0.011164)
(0.00544639 -0.00676404 0.0117099)
(0.00519961 -0.00627001 0.0115746)
(0.00506874 -0.00607085 0.0113142)
(0.00555272 -0.00658638 0.0119978)
(0.00516741 -0.00620839 0.0113074)
(0.00531237 -0.00640426 0.011918)
(0.00546377 -0.00692431 0.0121012)
(0.00538257 -0.00695607 0.0121298)
(0.00550515 -0.00641029 0.012201)
(0.00514581 -0.00603868 0.0109651)
(0.00514259 -0.00562442 0.011457)
(0.00506036 -0.00627533 0.0112581)
(0.00495692 -0.00603124 0.0108266)
(0.00490772 -0.00601092 0.011118)
(0.00503467 -0.0061056 0.0115685)
(0.00514641 -0.00626722 0.0113689)
(0.00532935 -0.00678529 0.0124968)
(0.00490205 -0.00623844 0.0114667)
(0.00482636 -0.00588264 0.0110483)
(0.00484859 -0.00593604 0.0107601)
(0.00494888 -0.00602723 0.0108339)
(0.00497908 -0.00628279 0.0110633)
(0.0048534 -0.00612858 0.0114712)
(0.00496124 -0.00643891 0.0120397)
(0.00571713 -0.00642802 0.0111519)
(0.00531506 -0.00597912 0.0107747)
(0.00493596 -0.00602908 0.011955)
(0.00521106 -0.00628931 0.0113027)
(0.00512174 -0.00602276 0.0110957)
(0.00502422 -0.00581114 0.0105478)
(0.00511381 -0.00579592 0.0110006)
(0.00515856 -0.00607842 0.0109242)
(0.00490562 -0.00602741 0.0112588)
(0.00524536 -0.00652477 0.011798)
(0.00491685 -0.00609618 0.0113968)
(0.00505549 -0.00614231 0.0111405)
(0.00506788 -0.00633517 0.0117673)
(0.00509869 -0.00615504 0.0113926)
(0.00506533 -0.00630725 0.0118134)
(0.00526914 -0.00615066 0.0114966)
(0.00494567 -0.00609031 0.0114147)
(0.00473104 -0.00594333 0.0111801)
(0.00477576 -0.00601692 0.0109358)
(0.00522996 -0.00606869 0.0111519)
(0.00492665 -0.00613729 0.0112845)
(0.00526946 -0.00633415 0.0119143)
(0.00537459 -0.0060627 0.011648)
(0.0045538 -0.00567656 0.010635)
(0.00472864 -0.00553263 0.0108642)
(0.0054111 -0.00679582 0.0122552)
(0.00485792 -0.00621109 0.0110667)
(0.00519942 -0.00597585 0.0114389)
(0.00522934 -0.00633333 0.0118076)
(0.00519356 -0.00648465 0.0116085)
(0.00496703 -0.0060282 0.0111657)
(0.00504315 -0.0058075 0.0111137)
(0.00535502 -0.00629777 0.0115811)
(0.00523319 -0.00619293 0.0112106)
(0.0050819 -0.00655541 0.0122841)
(0.00505225 -0.00639475 0.011466)
(0.00508181 -0.00619443 0.0115472)
(0.00483513 -0.00598058 0.0113193)
(0.00504355 -0.00596673 0.0114587)
(0.00515058 -0.00585439 0.0110115)
(0.00473435 -0.00556008 0.0105221)
(0.00518942 -0.00634538 0.011565)
(0.00544307 -0.00653068 0.0117583)
(0.00569318 -0.0069806 0.0122227)
(0.00541543 -0.00692159 0.0125065)
(0.00506424 -0.006298 0.0120547)
(0.00584417 -0.00675857 0.0118496)
(0.00464105 -0.00539976 0.0109628)
(0.00501925 -0.0057791 0.0114514)
(0.00558868 -0.0068859 0.0117573)
(0.00502147 -0.00638048 0.0111324)
(0.0050798 -0.00626969 0.0115394)
(0.00483974 -0.00602814 0.0111533)
(0.00462863 -0.00542251 0.0105387)
(0.0051099 -0.00619451 0.0108628)
(0.00477877 -0.00555337 0.0105209)
(0.00477462 -0.00563822 0.010738)
(0.00534712 -0.0066105 0.0114147)
(0.00518002 -0.00658863 0.0113983)
(0.00512461 -0.00623053 0.0115612)
(0.00467051 -0.00612557 0.0113147)
(0.00504869 -0.00566579 0.0109837)
(0.00509698 -0.00633523 0.0115713)
(0.00481183 -0.00613559 0.0113023)
(0.00508892 -0.00638111 0.0116517)
(0.0048452 -0.00600195 0.0107986)
(0.00525483 -0.00578274 0.0109725)
(0.00507217 -0.00608592 0.011345)
(0.00509883 -0.00586527 0.0111218)
(0.00474479 -0.00613134 0.0109696)
(0.00474264 -0.00599478 0.010889)
(0.00524334 -0.0062501 0.0113107)
(0.00524124 -0.00605565 0.0111112)
)
;
    }
    INLET
    {
        type            calculated;
        value           nonuniform 0();
    }
    OUTLET
    {
        type            calculated;
        value           nonuniform 0();
    }
    procBoundary31to32
    {
        type            processor;
        value           uniform (0 0 0);
    }
    procBoundary31to34
    {
        type            processor;
        value           uniform (0 0 0);
    }
}


// ************************************************************************* //
