#pt3d 600
12.838431 22.866699 -7.474799
12.703876 22.752432 -7.476379
12.569322 22.638165 -7.477959
12.434768 22.523897 -7.479539
12.300213 22.409630 -7.481120
12.165658 22.295364 -7.482700
12.031103 22.181097 -7.484280
11.896549 22.066830 -7.485860
11.761994 21.952562 -7.487440
11.627439 21.838295 -7.489020
11.492886 21.724028 -7.490601
11.358331 21.609762 -7.492181
11.223776 21.495495 -7.493761
11.089221 21.381227 -7.495341
10.954667 21.266960 -7.496921
10.820112 21.152693 -7.498501
10.685557 21.038425 -7.500082
10.551003 20.924160 -7.501662
10.416449 20.809893 -7.503242
10.281894 20.695625 -7.504822
10.147339 20.581358 -7.506402
10.012784 20.467091 -7.507983
9.878230 20.352823 -7.509563
9.743675 20.238558 -7.511143
9.609120 20.124290 -7.512723
9.474566 20.010023 -7.514303
9.340012 19.895756 -7.515883
9.205457 19.781488 -7.517464
9.070902 19.667221 -7.519044
8.936348 19.552956 -7.520624
8.801793 19.438688 -7.522204
8.667238 19.324421 -7.523784
8.532683 19.210154 -7.525364
8.398129 19.095886 -7.526945
8.263575 18.981619 -7.528525
8.129020 18.867353 -7.530105
7.994465 18.753086 -7.531685
7.859910 18.638819 -7.533266
7.725356 18.524551 -7.534846
7.590801 18.410284 -7.536426
7.456247 18.296017 -7.538006
7.321692 18.181751 -7.539586
7.187138 18.067484 -7.541166
7.052583 17.953217 -7.542747
6.918028 17.838949 -7.544327
6.783474 17.724682 -7.545907
6.648919 17.610415 -7.547487
6.514365 17.496149 -7.549067
6.379810 17.381882 -7.550647
6.245255 17.267614 -7.552227
6.110701 17.153347 -7.553808
5.976146 17.039080 -7.555388
5.841591 16.924812 -7.556968
5.707037 16.810547 -7.558548
5.572482 16.696280 -7.560129
5.437928 16.582012 -7.561709
5.303373 16.467745 -7.563289
5.168818 16.353477 -7.564869
5.034264 16.239210 -7.566449
4.899709 16.124945 -7.568029
4.765154 16.010677 -7.569610
4.630600 15.896410 -7.571190
4.496046 15.782143 -7.572770
4.361491 15.667876 -7.574350
4.226936 15.553609 -7.575931
4.092381 15.439342 -7.577510
3.957827 15.325075 -7.579091
3.823272 15.210808 -7.580671
3.688718 15.096540 -7.582251
3.554163 14.982274 -7.583831
3.419608 14.868007 -7.585412
3.285054 14.753739 -7.586992
3.149870 14.640840 -7.577750
3.014381 14.528602 -7.563262
2.878893 14.416364 -7.548774
2.743299 14.304441 -7.533238
2.606780 14.195279 -7.508527
2.470262 14.086117 -7.483815
2.333743 13.976954 -7.459103
2.196630 13.869055 -7.432433
2.058412 13.763501 -7.402123
1.920194 13.657948 -7.371813
1.781975 13.552396 -7.341503
1.642546 13.448708 -7.310417
1.501755 13.347116 -7.278459
1.360963 13.245524 -7.246500
1.220172 13.143932 -7.214541
1.077556 13.044608 -7.183701
0.933316 12.947302 -7.153855
0.789077 12.849995 -7.124011
0.644837 12.752688 -7.094165
0.498166 12.658105 -7.067936
0.349822 12.565397 -7.044197
0.201478 12.472689 -7.020458
0.053134 12.379980 -6.996718
-0.098287 12.290826 -6.980696
-0.250870 12.203013 -6.967588
-0.403453 12.115201 -6.954481
-0.556036 12.027389 -6.941372
-0.711957 11.944665 -6.943831
-0.867923 11.862009 -6.946497
-1.023889 11.779353 -6.949163
-1.180236 11.698882 -6.960543
-1.337125 11.621516 -6.984308
-1.494013 11.544149 -7.008073
-1.650861 11.466842 -7.032131
-1.804244 11.394506 -7.081180
-1.957626 11.322170 -7.130229
-2.111009 11.249835 -7.179277
-2.257454 11.180412 -7.248200
-2.401624 11.111946 -7.323645
-2.545794 11.043479 -7.399089
-2.681747 10.975799 -7.488064
-2.811693 10.908693 -7.586935
-2.941638 10.841588 -7.685806
-3.064496 10.773476 -7.792038
-3.177551 10.703970 -7.908451
-3.290605 10.634463 -8.024864
-3.399659 10.563415 -8.143785
-3.495470 10.487257 -8.271004
-3.591281 10.411100 -8.398223
-3.687092 10.334943 -8.525442
-3.766512 10.248535 -8.657308
-3.845844 10.162073 -8.789198
-3.925176 10.075610 -8.921088
-3.993515 9.980507 -9.052872
-4.057213 9.881756 -9.184610
-4.120912 9.783005 -9.316350
-4.179378 9.680067 -9.446980
-4.228142 9.569366 -9.575555
-4.276907 9.458664 -9.704130
-4.325671 9.347962 -9.832705
-4.361437 9.228525 -9.957593
-4.396044 9.108309 -10.082152
-4.430651 8.988093 -10.206711
-4.460255 8.865595 -10.330127
-4.481800 8.739421 -10.451700
-4.503344 8.613246 -10.573274
-4.524889 8.487071 -10.694847
-4.537952 8.359082 -10.815613
-4.547850 8.230417 -10.936077
-4.557747 8.101751 -11.056541
-4.567645 7.973086 -11.177006
-4.567995 7.844409 -11.297845
-4.567877 7.715731 -11.418701
-4.567759 7.587053 -11.539557
-4.566977 7.458449 -11.660470
-4.558519 7.330708 -11.782022
-4.550062 7.202966 -11.903574
-4.541604 7.075224 -12.025126
-4.532077 6.947503 -12.146595
-4.516819 6.819892 -12.267620
-4.501562 6.692281 -12.388645
-4.486304 6.564670 -12.509669
-4.469525 6.436419 -12.629774
-4.448639 6.306445 -12.747396
-4.427753 6.176470 -12.865017
-4.406867 6.046495 -12.982637
-4.383292 5.913139 -13.095735
-4.357396 5.776865 -13.204928
-4.331501 5.640591 -13.314122
-4.305143 5.503297 -13.421746
-4.274195 5.355858 -13.513771
-4.243247 5.208420 -13.605796
-4.212019 5.060236 -13.696172
-4.175558 4.898080 -13.755674
-4.139097 4.735925 -13.815177
-4.100377 4.569474 -13.849482
-4.058972 4.397919 -13.853838
-4.017336 4.229034 -13.843852
-3.974818 4.070291 -13.779374
-3.932417 3.912918 -13.712711
-3.892776 3.787677 -13.594780
-3.853134 3.662436 -13.476850
-3.815315 3.560629 -13.339312
-3.778377 3.470145 -13.192300
-3.741438 3.379660 -13.045288
-3.704906 3.317113 -12.884344
-3.668381 3.254989 -12.723189
-3.631846 3.192999 -12.561996
-3.593603 3.154685 -12.393966
-3.555361 3.116372 -12.225936
-3.517119 3.078058 -12.057906
-3.476456 3.058448 -11.887443
-3.435336 3.042374 -11.716517
-3.394216 3.026300 -11.545593
-3.351539 3.023561 -11.374672
-3.307813 3.029801 -11.203753
-3.264087 3.036041 -11.032833
-3.220118 3.049782 -10.862739
-3.175678 3.078014 -10.694238
-3.131239 3.106245 -10.525737
-3.087008 3.136197 -10.357575
-3.044971 3.184235 -10.192986
-3.002933 3.232272 -10.028397
-2.960896 3.280310 -9.863808
-2.923676 3.341055 -9.702422
-2.887536 3.404648 -9.541754
-2.851395 3.468241 -9.381086
-2.819790 3.537067 -9.221776
-2.792629 3.611022 -9.063797
-2.765468 3.684976 -8.905818
-2.739804 3.759656 -8.747987
-2.723912 3.839070 -8.591126
-2.708021 3.918483 -8.434265
-2.692129 3.997897 -8.277405
-2.685023 4.078372 -8.120552
-2.681810 4.159318 -7.963702
-2.678597 4.240264 -7.806852
-2.677823 4.321010 -7.649953
-2.687818 4.400870 -7.492832
-2.697814 4.480731 -7.335712
-2.707810 4.560591 -7.178591
-2.725658 4.638871 -7.021502
-2.748522 4.716141 -6.864432
-2.771386 4.793412 -6.707363
-2.794250 4.870682 -6.550293
-2.828606 4.944493 -6.393664
-2.863233 5.018221 -6.237045
-2.897861 5.091950 -6.080426
-2.935528 5.164305 -5.923951
-2.980247 5.233472 -5.767808
-3.024966 5.302639 -5.611666
-3.069685 5.371806 -5.455523
-3.119386 5.437027 -5.299271
-3.172234 5.499758 -5.142949
-3.225082 5.562489 -4.986628
-3.277930 5.625219 -4.830307
-3.336614 5.678656 -4.672637
-3.395564 5.731670 -4.514907
-3.454513 5.784684 -4.357177
-3.515027 5.832006 -4.198413
-3.578035 5.870252 -4.038002
-3.641043 5.908496 -3.877592
-3.704052 5.946742 -3.717181
-3.768764 5.964544 -3.553973
-3.833568 5.981249 -3.390615
-3.898371 5.997954 -3.227257
-3.962405 5.995212 -3.063329
-4.026064 5.983015 -2.899125
-4.089724 5.970818 -2.734921
-4.150723 5.940310 -2.573015
-4.209430 5.894034 -2.413089
-4.268137 5.847759 -2.253162
-4.322688 5.785525 -2.098300
-4.372586 5.705421 -1.949109
-4.422484 5.625317 -1.799918
-4.468184 5.534792 -1.656338
-4.506808 5.426697 -1.522218
-4.545431 5.318603 -1.388098
-4.582374 5.207662 -1.256203
-4.609229 5.079634 -1.137661
-4.636084 4.951607 -1.019119
-4.662938 4.823579 -0.900577
-4.681875 4.686192 -0.791766
-4.697877 4.545337 -0.686561
-4.713880 4.404482 -0.581355
-4.728664 4.262608 -0.477485
-4.735362 4.113970 -0.382479
-4.742061 3.965332 -0.287472
-4.748759 3.816694 -0.192465
-4.752539 3.666297 -0.100272
-4.751639 3.513080 -0.012591
-4.750740 3.359863 0.075091
-4.749840 3.206645 0.162772
-4.745677 3.051900 0.247525
-4.738823 2.895894 0.329864
-4.731970 2.739888 0.412203
-4.725117 2.583882 0.494541
-4.715191 2.426518 0.573869
-4.703847 2.268527 0.651808
-4.692503 2.110535 0.729746
-4.681159 1.952544 0.807685
-4.667074 1.792976 0.881844
-4.652482 1.633116 0.955304
-4.637889 1.473257 1.028765
-4.623157 1.313265 1.101892
-4.606307 1.151275 1.170009
-4.589457 0.989286 1.238125
-4.572607 0.827296 1.306242
-4.555232 0.664435 1.372020
-4.536896 0.499978 1.433519
-4.518559 0.335521 1.495018
-4.500223 0.171064 1.556517
-4.481223 0.004759 1.612482
-4.461953 -0.162293 1.666208
-4.442683 -0.329346 1.719935
-4.423341 -0.496679 1.772680
-4.403453 -0.666127 1.818025
-4.383565 -0.835575 1.863370
-4.363677 -1.005023 1.908714
-4.343468 -1.175496 1.949672
-4.322981 -1.346852 1.986844
-4.302495 -1.518208 2.024015
-4.282008 -1.689565 2.061186
-4.260668 -1.862134 2.091611
-4.239270 -2.034785 2.121579
-4.217872 -2.207436 2.151547
-4.196031 -2.380284 2.179902
-4.173077 -2.553623 2.204216
-4.150124 -2.726962 2.228529
-4.127171 -2.900301 2.252842
-4.102852 -3.073723 2.275038
-4.077463 -3.247211 2.295573
-4.052073 -3.420699 2.316108
-4.026684 -3.594187 2.336643
-3.998740 -3.767424 2.355869
-3.969960 -3.940580 2.374667
-3.941179 -4.113735 2.393465
-3.912399 -4.286890 2.412262
-3.879908 -4.459340 2.431436
-3.846859 -4.631684 2.450665
-3.813811 -4.804028 2.469894
-3.780762 -4.976372 2.489124
-3.743197 -5.147468 2.510970
-3.705312 -5.318476 2.533001
-3.667427 -5.489484 2.555033
-3.629541 -5.660492 2.577065
-3.586723 -5.829536 2.604532
-3.543852 -5.998559 2.632058
-3.500981 -6.167582 2.659583
-3.457659 -6.336319 2.687972
-3.410225 -6.502454 2.724217
-3.362792 -6.668589 2.760462
-3.315359 -6.834723 2.796707
-3.266762 -6.999413 2.837180
-3.215861 -7.161238 2.886029
-3.164961 -7.323062 2.934878
-3.114060 -7.484887 2.983727
-3.061893 -7.641510 3.045797
-3.009355 -7.796602 3.111756
-2.956817 -7.951694 3.177715
-2.904670 -8.101724 3.253805
-2.852970 -8.245980 3.341449
-2.801270 -8.390237 3.429093
-2.751001 -8.527241 3.527335
-2.702583 -8.654863 3.639284
-2.654164 -8.782486 3.751232
-2.608322 -8.895780 3.877695
-2.563911 -9.001122 4.012214
-2.519505 -9.106328 4.146822
-2.476059 -9.187505 4.297444
-2.432614 -9.268682 4.448067
-2.386589 -9.340888 4.602026
-2.337170 -9.401299 4.760369
-2.287752 -9.461711 4.918713
-2.225832 -9.509556 5.076792
-2.161842 -9.555321 5.234828
-2.092538 -9.598913 5.390866
-2.006954 -9.635849 5.540784
-1.921370 -9.672785 5.690702
-1.822448 -9.706826 5.832171
-1.712833 -9.738549 5.966866
-1.603219 -9.770271 6.101562
-1.478297 -9.798994 6.222252
-1.347535 -9.826571 6.337600
-1.216773 -9.854150 6.452948
-1.075317 -9.878311 6.555091
-0.928959 -9.900906 6.651180
-0.782601 -9.923499 6.747270
-0.632096 -9.943396 6.836808
-0.475451 -9.959294 6.916644
-0.318805 -9.975194 6.996480
-0.162159 -9.991094 7.076315
0.000041 -9.999234 7.145329
0.162947 -10.006389 7.212965
0.325853 -10.013543 7.280602
0.489388 -10.018632 7.346667
0.655606 -10.014900 7.406013
0.821824 -10.011169 7.465360
0.988042 -10.007438 7.524706
1.154617 -9.998867 7.582147
1.321773 -9.982418 7.636486
1.488929 -9.965969 7.690825
1.656085 -9.949520 7.745164
1.822637 -9.925794 7.798192
1.988643 -9.895480 7.850034
2.154649 -9.865167 7.901875
2.320655 -9.834854 7.953717
2.484703 -9.795371 8.005197
2.647778 -9.751333 8.056495
2.810853 -9.707295 8.107793
2.973928 -9.663258 8.159091
3.133638 -9.609145 8.211112
3.292665 -9.552993 8.263280
3.451693 -9.496840 8.315447
3.610627 -9.440484 8.367661
3.765422 -9.375197 8.421885
3.920218 -9.309911 8.476111
4.075014 -9.244624 8.530336
4.228955 -9.178059 8.585346
4.380229 -9.107498 8.642807
4.531503 -9.036937 8.700268
4.682777 -8.966376 8.757729
4.832949 -8.895359 8.817419
4.982005 -8.823879 8.879365
5.131061 -8.752399 8.941312
5.280117 -8.680921 9.003259
5.428456 -8.612223 9.069838
5.576612 -8.544243 9.137610
5.724766 -8.476263 9.205384
5.872906 -8.409358 9.274158
6.020952 -8.348960 9.348984
6.168998 -8.288562 9.423809
6.317043 -8.228164 9.498634
6.465019 -8.173532 9.577619
6.612934 -8.123959 9.660252
6.760848 -8.074387 9.742886
6.908762 -8.024814 9.825519
7.055871 -7.987096 9.915463
7.202935 -7.950038 10.005814
7.349999 -7.912980 10.096165
7.496412 -7.880283 10.188969
7.641641 -7.855505 10.286225
7.786870 -7.830727 10.383482
7.932100 -7.805949 10.480739
8.075517 -7.788502 10.582050
8.218252 -7.773809 10.684886
8.360988 -7.759116 10.787721
8.503595 -7.744742 10.890762
8.643658 -7.736745 10.997921
8.783720 -7.728748 11.105080
8.923782 -7.720751 11.212238
9.062974 -7.713764 11.320566
9.200377 -7.708851 11.431293
9.337782 -7.703938 11.542020
9.475185 -7.699025 11.652746
9.610843 -7.694137 11.765586
9.745354 -7.689264 11.879811
9.879865 -7.684391 11.994037
10.014375 -7.679518 12.108262
10.145221 -7.672745 12.226565
10.275794 -7.665830 12.345171
10.406366 -7.658916 12.463776
10.534658 -7.651050 12.584706
10.659055 -7.641559 12.709606
10.783451 -7.632068 12.834505
10.907846 -7.622577 12.959405
11.022742 -7.611772 13.092979
11.137383 -7.600932 13.226787
11.252025 -7.590091 13.360594
11.355393 -7.580556 13.503175
11.455530 -7.571396 13.648272
11.555667 -7.562235 13.793368
11.641273 -7.558083 13.947404
11.722653 -7.555387 14.104038
11.804034 -7.552691 14.260673
11.866995 -7.560793 14.425257
11.928304 -7.569865 14.590555
11.987514 -7.581038 14.756305
12.032619 -7.606341 14.925094
12.077724 -7.631645 15.093883
12.120128 -7.663453 15.261976
12.157198 -7.708101 15.428700
12.194268 -7.752748 15.595424
12.232414 -7.807889 15.758331
12.271669 -7.873863 15.917299
12.310925 -7.939836 16.076267
12.357126 -8.018208 16.226881
12.408525 -8.105855 16.371244
12.459924 -8.193502 16.515606
12.521791 -8.291408 16.647655
12.592634 -8.398110 16.769148
12.663478 -8.504813 16.890638
12.740834 -8.615213 17.003206
12.833580 -8.734350 17.094688
12.926327 -8.853487 17.186171
13.019073 -8.972624 17.277653
13.124829 -9.094559 17.346924
13.236668 -9.217801 17.405813
13.348506 -9.341043 17.464701
13.460345 -9.464285 17.523590
13.578491 -9.586306 17.568823
13.704138 -9.706873 17.597818
13.829784 -9.827440 17.626816
13.955432 -9.948008 17.655811
14.081079 -10.068576 17.684807
14.206725 -10.189143 17.713802
14.332372 -10.309711 17.742800
14.458018 -10.430278 17.771795
14.583665 -10.550846 17.800791
14.709311 -10.671413 17.829788
14.834958 -10.791981 17.858784
14.960605 -10.912548 17.887779
15.086252 -11.033115 17.916775
15.211899 -11.153684 17.945772
15.337545 -11.274251 17.974768
15.463192 -11.394818 18.003763
15.588839 -11.515386 18.032759
15.714485 -11.635954 18.061756
15.840132 -11.756521 18.090752
15.965778 -11.877089 18.119747
16.091425 -11.997656 18.148745
16.217072 -12.118223 18.177740
16.342718 -12.238791 18.206736
16.468365 -12.359359 18.235731
16.594013 -12.479926 18.264729
16.719660 -12.600493 18.293724
16.845306 -12.721062 18.322720
16.970953 -12.841629 18.351717
17.096600 -12.962196 18.380713
17.222246 -13.082764 18.409708
17.347893 -13.203331 18.438704
17.473539 -13.323899 18.467701
17.599186 -13.444467 18.496696
17.724833 -13.565034 18.525692
17.850479 -13.685601 18.554688
17.976126 -13.806170 18.583685
18.101772 -13.926737 18.612680
18.227419 -14.047304 18.641676
18.353065 -14.167871 18.670673
18.478712 -14.288439 18.699669
18.604359 -14.409007 18.728664
18.730007 -14.529574 18.757660
18.855654 -14.650142 18.786657
18.981300 -14.770709 18.815653
19.106947 -14.891276 18.844648
19.232594 -15.011845 18.873646
19.358240 -15.132412 18.902641
19.483887 -15.252979 18.931637
19.609533 -15.373547 18.960632
19.735180 -15.494115 18.989630
19.860826 -15.614682 19.018625
19.986473 -15.735250 19.047621
20.112120 -15.855817 19.076616
20.237766 -15.976384 19.105614
20.363413 -16.096952 19.134609
20.489059 -16.217520 19.163605
20.614706 -16.338087 19.192602
20.740353 -16.458654 19.221598
20.866001 -16.579222 19.250593
20.991648 -16.699789 19.279589
21.117294 -16.820358 19.308586
21.242941 -16.940926 19.337582
21.368587 -17.061493 19.366577
21.494234 -17.182060 19.395575
21.619881 -17.302628 19.424570
21.745527 -17.423195 19.453566
21.871174 -17.543762 19.482561
21.996820 -17.664330 19.511559
22.122467 -17.784897 19.540554
22.248114 -17.905464 19.569550
22.373760 -18.026033 19.598545
22.499407 -18.146601 19.627542
22.625053 -18.267168 19.656538
22.750700 -18.387735 19.685534
22.876347 -18.508303 19.714531
23.001995 -18.628870 19.743526
23.127642 -18.749437 19.772522
23.253288 -18.870005 19.801517
23.378935 -18.990572 19.830515
23.504581 -19.111141 19.859510
23.630228 -19.231709 19.888506
23.755875 -19.352276 19.917503
23.881521 -19.472843 19.946499
24.007168 -19.593410 19.975494
24.132814 -19.713978 20.004490
24.258461 -19.834545 20.033487
24.384108 -19.955112 20.062483
24.509754 -20.075680 20.091478
24.635401 -20.196249 20.120474
24.761047 -20.316816 20.149471
24.886694 -20.437384 20.178467
25.012341 -20.557951 20.207462
25.137989 -20.678518 20.236460
25.263636 -20.799086 20.265455
25.389282 -20.919653 20.294451
25.514929 -21.040220 20.323446
25.640575 -21.160788 20.352444
25.766222 -21.281357 20.381439
25.891869 -21.401924 20.410435
26.017515 -21.522491 20.439430
26.143162 -21.643059 20.468428
26.268808 -21.763626 20.497423
26.394455 -21.884193 20.526419
26.520102 -22.004761 20.555416
26.645748 -22.125328 20.584412
26.771395 -22.245895 20.613407
26.897041 -22.366465 20.642403
27.022688 -22.487032 20.671400
27.148335 -22.607599 20.700396
27.273983 -22.728167 20.729391
27.399630 -22.848734 20.758389
27.525276 -22.969301 20.787384
27.650923 -23.089869 20.816380
27.776569 -23.210436 20.845375
27.902216 -23.331003 20.874372
28.027863 -23.451572 20.903368
28.153509 -23.572140 20.932364
28.279156 -23.692707 20.961359
28.404802 -23.813274 20.990356
28.530449 -23.933842 21.019352
28.656096 -24.054409 21.048347
28.781742 -24.174976 21.077345
28.907389 -24.295544 21.106340
29.033035 -24.416111 21.135336
29.158682 -24.536680 21.164331
29.284328 -24.657248 21.193329
29.409977 -24.777815 21.222324
29.535624 -24.898382 21.251320
