#pt3d 600
4.033833 28.270075 -9.362174
3.929044 28.115152 -9.313873
3.824255 27.960228 -9.265573
3.719467 27.805305 -9.217273
3.614678 27.650381 -9.168972
3.509890 27.495459 -9.120672
3.405101 27.340536 -9.072371
3.300313 27.185612 -9.024072
3.195524 27.030689 -8.975771
3.090735 26.875765 -8.927471
2.985947 26.720842 -8.879170
2.881158 26.565920 -8.830871
2.776370 26.410995 -8.782570
2.671581 26.256073 -8.734270
2.566793 26.101149 -8.685969
2.462004 25.946226 -8.637670
2.357215 25.791304 -8.589369
2.252427 25.636379 -8.541069
2.147638 25.481457 -8.492768
2.042850 25.326532 -8.444468
1.938061 25.171610 -8.396168
1.833273 25.016687 -8.347867
1.728484 24.861763 -8.299567
1.623695 24.706841 -8.251266
1.518907 24.551916 -8.202967
1.414118 24.396994 -8.154666
1.309330 24.242071 -8.106366
1.204541 24.087147 -8.058065
1.099753 23.932224 -8.009766
0.994964 23.777300 -7.961465
0.890175 23.622377 -7.913165
0.785387 23.467455 -7.864864
0.680598 23.312531 -7.816564
0.575810 23.157608 -7.768264
0.471021 23.002684 -7.719964
0.366232 22.847761 -7.671663
0.261444 22.692839 -7.623363
0.156655 22.537914 -7.575063
0.051867 22.382992 -7.526762
-0.052922 22.228067 -7.478462
-0.157710 22.073145 -7.430162
-0.262499 21.918222 -7.381862
-0.367288 21.763298 -7.333561
-0.472076 21.608376 -7.285261
-0.576865 21.453451 -7.236961
-0.681653 21.298529 -7.188661
-0.786442 21.143606 -7.140360
-0.891231 20.988682 -7.092060
-0.996019 20.833759 -7.043759
-1.100808 20.678835 -6.995459
-1.205596 20.523912 -6.947159
-1.310385 20.368990 -6.898859
-1.415173 20.214066 -6.850558
-1.519962 20.059143 -6.802258
-1.624751 19.904219 -6.753958
-1.729539 19.749296 -6.705657
-1.834328 19.594374 -6.657357
-1.939116 19.439449 -6.609057
-2.043905 19.284527 -6.560757
-2.148694 19.129602 -6.512456
-2.253482 18.974680 -6.464156
-2.358271 18.819757 -6.415856
-2.463059 18.664833 -6.367556
-2.567848 18.509911 -6.319255
-2.672636 18.354986 -6.270955
-2.777425 18.200064 -6.222654
-2.882836 18.046139 -6.172815
-2.992671 17.899321 -6.112029
-3.102506 17.752501 -6.051242
-3.212342 17.605680 -5.990457
-3.322582 17.459730 -5.928421
-3.434781 17.317986 -5.860343
-3.546980 17.176241 -5.792266
-3.659179 17.034494 -5.724189
-3.771435 16.892963 -5.655774
-3.884172 16.753237 -5.584487
-3.996909 16.613512 -5.513200
-4.109647 16.473785 -5.441913
-4.222362 16.334036 -5.370640
-4.334157 16.193233 -5.299989
-4.445952 16.052433 -5.229337
-4.557748 15.911633 -5.158685
-4.669471 15.770704 -5.088184
-4.778827 15.625579 -5.022650
-4.888184 15.480454 -4.957116
-4.997540 15.335329 -4.891582
-5.105960 15.188543 -4.828501
-5.211040 15.035830 -4.774169
-5.316120 14.883119 -4.719837
-5.421200 14.730407 -4.665505
-5.521713 14.571091 -4.624132
-5.619895 14.408403 -4.589375
-5.718075 14.245716 -4.554617
-5.812280 14.079486 -4.530972
-5.899967 13.907450 -4.525541
-5.987653 13.735415 -4.520109
-6.070965 13.562172 -4.526050
-6.144776 13.386308 -4.556689
-6.218587 13.210444 -4.587327
-6.287517 13.035957 -4.629742
-6.346990 12.864134 -4.694970
-6.406464 12.692311 -4.760198
-6.462694 12.522998 -4.833044
-6.511156 12.359693 -4.924135
-6.559618 12.196388 -5.015227
-6.607695 12.033566 -5.107274
-6.649865 11.878160 -5.213977
-6.692034 11.722754 -5.320681
-6.734204 11.567349 -5.427383
-6.774744 11.414668 -5.538472
-6.814224 11.263762 -5.652417
-6.853703 11.112855 -5.766362
-6.893183 10.961948 -5.880306
-6.931452 10.811572 -5.995358
-6.969678 10.661216 -6.110451
-7.007904 10.510859 -6.225544
-7.045670 10.359894 -6.339975
-7.081785 10.206741 -6.452024
-7.117899 10.053589 -6.564073
-7.154013 9.900437 -6.676121
-7.187809 9.745049 -6.785701
-7.218835 9.586992 -6.892332
-7.249861 9.428935 -6.998962
-7.280888 9.270878 -7.105592
-7.304382 9.108798 -7.207889
-7.325537 8.945469 -7.308838
-7.346693 8.782140 -7.409788
-7.364700 8.618144 -7.510048
-7.370008 8.451455 -7.607523
-7.375316 8.284766 -7.704998
-7.380623 8.118076 -7.802473
-7.368890 7.952400 -7.900701
-7.352517 7.786998 -7.999134
-7.336144 7.621597 -8.097567
-7.307188 7.460365 -8.199046
-7.265810 7.303250 -8.303533
-7.224432 7.146135 -8.408019
-7.176597 6.993161 -8.515047
-7.111888 6.851010 -8.628716
-7.047179 6.708859 -8.742386
-6.982470 6.566709 -8.856055
-6.900781 6.441752 -8.978630
-6.819016 6.316873 -9.101245
-6.737251 6.191994 -9.223860
-6.650022 6.074920 -9.350030
-6.558527 5.963940 -9.478975
-6.467033 5.852959 -9.607920
-6.375538 5.741978 -9.736865
-6.280081 5.637532 -9.868358
-6.184412 5.533434 -9.999986
-6.088744 5.429337 -10.131614
-5.992874 5.324919 -10.262836
-5.896339 5.219444 -10.392726
-5.799805 5.113970 -10.522614
-5.703270 5.008496 -10.652503
-5.607359 4.897147 -10.777704
-5.511908 4.781472 -10.899454
-5.416457 4.665796 -11.021204
-5.321591 4.546474 -11.139359
-5.229304 4.411098 -11.241687
-5.137017 4.275722 -11.344016
-5.046791 4.133533 -11.436105
-4.962872 3.970497 -11.496865
-4.878953 3.807461 -11.557625
-4.814192 3.628153 -11.552696
-4.753090 3.445737 -11.535216
-4.725298 3.283909 -11.441535
-4.704668 3.126508 -11.331471
-4.712313 3.012973 -11.179196
-4.727353 2.910909 -11.015882
-4.750377 2.826638 -10.845775
-4.787381 2.773521 -10.663774
-4.824385 2.720404 -10.481774
-4.867486 2.683085 -10.298306
-4.919107 2.667841 -10.112786
-4.970728 2.652597 -9.927266
-5.022676 2.638196 -9.741852
-5.086582 2.654650 -9.560303
-5.150488 2.671103 -9.378754
-5.214394 2.687557 -9.197205
-5.282434 2.713991 -9.019050
-5.358449 2.759677 -8.847441
-5.434463 2.805363 -8.675833
-5.510477 2.851049 -8.504224
-5.592522 2.910947 -8.340831
-5.680448 2.984702 -8.185448
-5.768374 3.058457 -8.030065
-5.856299 3.132212 -7.874681
-5.950308 3.221778 -7.732706
-6.048204 3.321447 -7.599299
-6.146100 3.421116 -7.465892
-6.243995 3.520784 -7.332486
-6.345739 3.635030 -7.215580
-6.449362 3.756391 -7.106728
-6.552985 3.877751 -6.997877
-6.656608 3.999112 -6.889025
-6.760422 4.131517 -6.795006
-6.864331 4.269304 -6.708217
-6.968239 4.407092 -6.621427
-7.072147 4.544879 -6.534636
-7.172880 4.690072 -6.457241
-7.271605 4.839944 -6.385784
-7.370331 4.989818 -6.314327
-7.469056 5.139690 -6.242869
-7.561948 5.294609 -6.174833
-7.650148 5.453584 -6.109547
-7.738348 5.612560 -6.044261
-7.826549 5.771535 -5.978975
-7.904268 5.934552 -5.911010
-7.975611 6.100025 -5.841416
-8.046954 6.265499 -5.771821
-8.118297 6.430973 -5.702227
-8.164932 6.597995 -5.617306
-8.210637 6.765075 -5.531806
-8.256341 6.932155 -5.446307
-8.276021 7.092053 -5.341970
-8.284316 7.248809 -5.229394
-8.292611 7.405565 -5.116817
-8.261403 7.534315 -4.978362
-8.222405 7.657542 -4.834803
-8.172402 7.765735 -4.686364
-8.090523 7.830383 -4.523787
-8.008643 7.895031 -4.361211
-7.909948 7.912094 -4.198978
-7.804894 7.911158 -4.036875
-7.699723 7.908237 -3.875223
-7.591369 7.850879 -3.725943
-7.483015 7.793521 -3.576664
-7.375598 7.731970 -3.429064
-7.277068 7.630641 -3.297386
-7.178537 7.529313 -3.165708
-7.080007 7.427984 -3.034031
-6.997268 7.296766 -2.919559
-6.916146 7.162490 -2.806848
-6.835023 7.028214 -2.694137
-6.764282 6.882237 -2.590821
-6.703743 6.724762 -2.496739
-6.643203 6.567287 -2.402658
-6.582664 6.409812 -2.308576
-6.540454 6.238515 -2.230301
-6.499743 6.066088 -2.153319
-6.459032 5.893661 -2.076336
-6.421711 5.719350 -2.002558
-6.397057 5.538003 -1.940750
-6.372403 5.356657 -1.878942
-6.347748 5.175310 -1.817134
-6.327532 4.991758 -1.761146
-6.313417 4.805176 -1.713162
-6.299304 4.618593 -1.665178
-6.285190 4.432011 -1.617193
-6.273817 4.243376 -1.577817
-6.264104 4.053499 -1.543653
-6.254391 3.863622 -1.509488
-6.244678 3.673745 -1.475324
-6.233610 3.482076 -1.454581
-6.222358 3.290165 -1.435655
-6.211106 3.098253 -1.416729
-6.198381 2.906243 -1.401693
-6.180670 2.713895 -1.399823
-6.162959 2.521548 -1.397954
-6.145247 2.329200 -1.396084
-6.121351 2.137991 -1.405716
-6.094210 1.947379 -1.421378
-6.067070 1.756768 -1.437041
-6.038788 1.566563 -1.454435
-6.001624 1.379531 -1.485297
-5.964460 1.192498 -1.516159
-5.927296 1.005466 -1.547021
-5.885404 0.820559 -1.583357
-5.839452 0.637476 -1.624394
-5.793501 0.454393 -1.665430
-5.747549 0.271311 -1.706466
-5.695503 0.090671 -1.750828
-5.642639 -0.089641 -1.795636
-5.589775 -0.269953 -1.840444
-5.536202 -0.450135 -1.884885
-5.477990 -0.629464 -1.926924
-5.419778 -0.808793 -1.968962
-5.361566 -0.988122 -2.011001
-5.301964 -1.167549 -2.050340
-5.239252 -1.347197 -2.083638
-5.176540 -1.526844 -2.116936
-5.113829 -1.706492 -2.150234
-5.049149 -1.886330 -2.177394
-4.982017 -2.066406 -2.196907
-4.914885 -2.246482 -2.216419
-4.847754 -2.426558 -2.235932
-4.777730 -2.606115 -2.245387
-4.705563 -2.785287 -2.247381
-4.633395 -2.964459 -2.249375
-4.561227 -3.143631 -2.251369
-4.484640 -3.320307 -2.239257
-4.406323 -3.496008 -2.221630
-4.328008 -3.671709 -2.204004
-4.249692 -3.847409 -2.186378
-4.164656 -4.017080 -2.151056
-4.078803 -4.186016 -2.113580
-3.992949 -4.354952 -2.076104
-3.906250 -4.522931 -2.036896
-3.811489 -4.681769 -1.981170
-3.716728 -4.840608 -1.925444
-3.621967 -4.999446 -1.869718
-3.523902 -5.154051 -1.809012
-3.419045 -5.299951 -1.738067
-3.314188 -5.445849 -1.667121
-3.209332 -5.591749 -1.596176
-3.098110 -5.728878 -1.518547
-2.982422 -5.859853 -1.436227
-2.866734 -5.990828 -1.353907
-2.751045 -6.121802 -1.271586
-2.625803 -6.238776 -1.182708
-2.499202 -6.353759 -1.092898
-2.372601 -6.468741 -1.003087
-2.244083 -6.580650 -0.912446
-2.107439 -6.679528 -0.818285
-1.970794 -6.778405 -0.724123
-1.834149 -6.877282 -0.629962
-1.693179 -6.967964 -0.534351
-1.548411 -7.051454 -0.437466
-1.403644 -7.134943 -0.340581
-1.258877 -7.218433 -0.243696
-1.109452 -7.289358 -0.144013
-0.959525 -7.358926 -0.044029
-0.809598 -7.428494 0.055956
-0.659236 -7.494305 0.157625
-0.507901 -7.551710 0.263062
-0.356565 -7.609115 0.368499
-0.205230 -7.666521 0.473937
-0.056085 -7.715621 0.586288
0.092398 -7.762210 0.700731
0.240880 -7.808798 0.815174
0.387235 -7.852337 0.933223
0.528523 -7.888615 1.059859
0.669810 -7.924893 1.186494
0.811098 -7.961171 1.313129
0.942903 -7.987784 1.451681
1.073616 -8.013285 1.591604
1.204329 -8.038786 1.731528
1.328729 -8.057712 1.877755
1.448053 -8.071352 2.029051
1.567378 -8.084991 2.180346
1.684657 -8.095558 2.333308
1.795482 -8.096429 2.491522
1.906307 -8.097299 2.649736
2.017132 -8.098169 2.807951
2.125754 -8.086805 2.967248
2.234219 -8.074568 3.126623
2.342685 -8.062331 3.285998
2.454342 -8.042289 3.442193
2.567926 -8.017537 3.596468
2.681509 -7.992785 3.750743
2.798581 -7.964767 3.901558
2.923560 -7.929345 4.044528
3.048538 -7.893923 4.187498
3.173517 -7.858500 4.330468
3.312177 -7.815886 4.457949
3.451426 -7.772962 4.584764
3.590674 -7.730037 4.711579
3.737054 -7.685111 4.828809
3.889582 -7.638457 4.937775
4.042109 -7.591804 5.046741
4.194637 -7.545151 5.155707
4.357070 -7.498170 5.249087
4.519594 -7.451188 5.342326
4.682118 -7.404204 5.435564
4.846486 -7.357800 5.525628
5.015273 -7.312781 5.608085
5.184059 -7.267762 5.690542
5.352846 -7.222744 5.772999
5.523050 -7.179264 5.853273
5.694924 -7.137597 5.930978
5.866798 -7.095930 6.008682
6.038672 -7.054263 6.086387
6.210791 -7.014795 6.164666
6.383126 -6.977273 6.243453
6.555461 -6.939750 6.322241
6.727796 -6.902228 6.401028
6.899104 -6.867425 6.483139
7.069621 -6.834717 6.567809
7.240137 -6.802009 6.652479
7.410654 -6.769301 6.737149
7.578939 -6.739931 6.827168
7.745791 -6.712704 6.920624
7.912643 -6.685478 7.014079
8.079495 -6.658251 7.107534
8.243089 -6.635267 7.207491
8.405196 -6.614217 7.310413
8.567304 -6.593168 7.413334
8.729411 -6.572118 7.516256
8.887848 -6.556581 7.625572
9.045369 -6.542420 7.736484
9.202890 -6.528258 7.847395
9.360412 -6.514097 7.958306
9.515026 -6.507025 8.073865
9.669454 -6.500412 8.189723
9.823881 -6.493798 8.305582
9.978241 -6.487950 8.421547
10.131936 -6.489618 8.538549
10.285632 -6.491287 8.655552
10.439327 -6.492956 8.772555
10.593388 -6.496902 8.888949
10.748537 -6.507644 9.003528
10.903686 -6.518386 9.118106
11.058834 -6.529128 9.232685
11.215080 -6.543960 9.345155
11.372921 -6.564742 9.454558
11.530762 -6.585523 9.563962
11.688603 -6.606304 9.673366
11.847778 -6.633255 9.779240
12.008031 -6.665181 9.882268
12.168283 -6.697107 9.985296
12.328535 -6.729033 10.088324
12.489305 -6.769488 10.187266
12.650315 -6.813890 10.284318
12.811325 -6.858290 10.381371
12.972335 -6.902691 10.478422
13.131725 -6.958352 10.572104
13.290711 -7.016824 10.664944
13.449697 -7.075296 10.757784
13.608684 -7.133768 10.850624
13.762403 -7.206789 10.941895
13.915639 -7.281150 11.033023
14.068874 -7.355511 11.124149
14.221583 -7.430767 11.215315
14.364493 -7.522679 11.307205
14.507403 -7.614591 11.399095
14.650313 -7.706503 11.490985
14.789735 -7.802569 11.583423
14.917112 -7.912982 11.677757
15.044490 -8.023394 11.772091
15.171867 -8.133806 11.866425
15.290033 -8.252177 11.962084
15.396566 -8.380599 12.059415
15.503098 -8.509021 12.156746
15.609632 -8.637444 12.254077
15.698589 -8.776820 12.352992
15.779764 -8.921049 12.452609
15.860939 -9.065278 12.552225
15.942114 -9.209507 12.651842
15.996468 -9.365289 12.752097
16.049522 -9.521631 12.852383
16.102577 -9.677973 12.952668
16.149826 -9.835862 13.052710
16.173830 -9.999951 13.151773
16.197832 -10.164040 13.250836
16.221834 -10.328129 13.349899
16.234179 -10.493644 13.447721
16.229965 -10.661185 13.543777
16.225750 -10.828728 13.639833
16.221537 -10.996269 13.735889
16.202171 -11.163684 13.829401
16.172049 -11.331009 13.921106
16.141926 -11.498333 14.012812
16.111803 -11.665658 14.104517
16.065798 -11.831011 14.192545
16.013441 -11.995574 14.279102
15.961082 -12.160138 14.365660
15.908726 -12.324702 14.452218
15.842506 -12.486206 14.534645
15.772997 -12.646984 14.616093
15.703487 -12.807762 14.697540
15.633978 -12.968540 14.778987
15.554938 -13.126735 14.856624
15.474658 -13.284593 14.933764
15.394378 -13.442451 15.010903
15.314097 -13.600309 15.088043
15.230815 -13.757892 15.162518
15.147475 -13.915469 15.236940
15.064135 -14.073046 15.311362
14.981791 -14.231171 15.385682
14.905096 -14.392405 15.459414
14.828401 -14.553638 15.533146
14.751706 -14.714871 15.606878
14.683739 -14.879421 15.681118
14.626452 -15.048030 15.755980
14.569167 -15.216639 15.830840
14.511881 -15.385247 15.905701
14.486889 -15.560719 15.981770
14.465245 -15.736904 16.057964
14.443603 -15.913088 16.134157
14.444844 -16.089151 16.209576
14.473452 -16.265070 16.284067
14.502060 -16.440989 16.358559
14.530668 -16.616907 16.433048
14.605258 -16.780548 16.501400
14.685868 -16.942579 16.568945
14.766478 -17.104610 16.636492
14.847088 -17.266644 16.704039
14.927697 -17.428675 16.771585
15.008307 -17.590706 16.839132
15.088917 -17.752739 16.906679
15.169527 -17.914770 16.974224
15.250136 -18.076801 17.041771
15.330747 -18.238834 17.109318
15.411356 -18.400866 17.176865
15.491966 -18.562897 17.244411
15.572576 -18.724930 17.311958
15.653186 -18.886961 17.379503
15.733795 -19.048992 17.447050
15.814405 -19.211025 17.514597
15.895015 -19.373056 17.582144
15.975625 -19.535088 17.649691
16.056234 -19.697121 17.717237
16.136845 -19.859152 17.784782
16.217455 -20.021183 17.852329
16.298063 -20.183216 17.919876
16.378674 -20.345247 17.987423
16.459284 -20.507278 18.054970
16.539894 -20.669312 18.122517
16.620502 -20.831343 18.190062
16.701113 -20.993374 18.257608
16.781723 -21.155407 18.325155
16.862333 -21.317438 18.392702
16.942942 -21.479469 18.460249
17.023552 -21.641500 18.527796
17.104162 -21.803534 18.595341
17.184772 -21.965565 18.662888
17.265381 -22.127596 18.730434
17.345991 -22.289629 18.797981
17.426601 -22.451660 18.865528
17.507212 -22.613691 18.933075
17.587820 -22.775724 19.000620
17.668430 -22.937756 19.068167
17.749041 -23.099787 19.135714
17.829651 -23.261820 19.203260
17.910259 -23.423851 19.270807
17.990870 -23.585882 19.338354
18.071480 -23.747915 19.405899
18.152090 -23.909946 19.473446
18.232698 -24.071978 19.540993
18.313309 -24.234011 19.608540
18.393919 -24.396042 19.676086
18.474529 -24.558073 19.743633
18.555138 -24.720106 19.811178
18.635748 -24.882137 19.878725
18.716358 -25.044168 19.946272
18.796968 -25.206202 20.013819
18.877577 -25.368233 20.081366
18.958187 -25.530264 20.148912
19.038797 -25.692297 20.216457
19.119408 -25.854328 20.284004
19.200016 -26.016359 20.351551
19.280626 -26.178392 20.419098
19.361237 -26.340424 20.486645
19.441847 -26.502455 20.554192
19.522455 -26.664488 20.621737
19.603065 -26.826519 20.689283
19.683676 -26.988550 20.756830
19.764284 -27.150583 20.824377
19.844894 -27.312614 20.891924
19.925505 -27.474646 20.959471
20.006115 -27.636679 21.027016
20.086723 -27.798710 21.094563
20.167334 -27.960741 21.162109
20.247944 -28.122774 21.229656
20.328554 -28.284805 21.297203
20.409163 -28.446836 21.364750
20.489773 -28.608870 21.432295
20.570383 -28.770901 21.499842
20.650993 -28.932932 21.567389
20.731602 -29.094965 21.634935
20.812212 -29.256996 21.702482
20.892822 -29.419027 21.770029
20.973433 -29.581060 21.837574
21.054041 -29.743092 21.905121
21.134651 -29.905123 21.972668
21.215261 -30.067156 22.040215
21.295872 -30.229187 22.107761
21.376480 -30.391218 22.175308
21.457090 -30.553251 22.242853
21.537701 -30.715282 22.310400
21.618311 -30.877314 22.377947
21.698919 -31.039347 22.445494
21.779530 -31.201378 22.513041
21.860140 -31.363409 22.580587
21.940750 -31.525442 22.648132
22.021358 -31.687473 22.715679
22.101969 -31.849504 22.783226
22.182579 -32.011536 22.850773
22.263189 -32.173569 22.918320
22.343798 -32.335602 22.985867
22.424408 -32.497631 23.053411
22.505018 -32.659664 23.120958
22.585629 -32.821697 23.188505
22.666237 -32.983727 23.256052
22.746847 -33.145760 23.323599
22.827457 -33.307793 23.391146
22.908068 -33.469822 23.458691
22.988676 -33.631855 23.526237
23.069286 -33.793888 23.593784
23.149897 -33.955917 23.661331
23.230507 -34.117950 23.728878
23.311115 -34.279984 23.796425
23.391726 -34.442013 23.863970
23.472336 -34.604046 23.931517
23.552946 -34.766079 23.999063
23.633554 -34.928108 24.066610
23.714165 -35.090141 24.134157
23.794775 -35.252174 24.201704
23.875385 -35.414204 24.269249
