#pt3d 600
-6.139296 26.094736 -6.965126
-6.082842 25.925308 -6.982489
-6.026387 25.755880 -6.999851
-5.969933 25.586452 -7.017214
-5.913478 25.417025 -7.034576
-5.857024 25.247599 -7.051939
-5.800569 25.078171 -7.069301
-5.744114 24.908743 -7.086664
-5.687660 24.739315 -7.104026
-5.631206 24.569887 -7.121389
-5.574751 24.400459 -7.138752
-5.518296 24.231031 -7.156114
-5.461842 24.061605 -7.173476
-5.405387 23.892178 -7.190839
-5.348933 23.722750 -7.208201
-5.292479 23.553322 -7.225564
-5.236024 23.383894 -7.242927
-5.179569 23.214466 -7.260289
-5.123115 23.045040 -7.277651
-5.066660 22.875612 -7.295014
-5.010206 22.706184 -7.312376
-4.953751 22.536757 -7.329739
-4.897297 22.367329 -7.347102
-4.840842 22.197901 -7.364464
-4.784388 22.028475 -7.381826
-4.727933 21.859047 -7.399189
-4.671479 21.689619 -7.416552
-4.615024 21.520191 -7.433914
-4.558569 21.350763 -7.451277
-4.502115 21.181335 -7.468639
-4.445661 21.011908 -7.486001
-4.389206 20.842482 -7.503364
-4.332751 20.673054 -7.520727
-4.276297 20.503626 -7.538089
-4.219842 20.334198 -7.555452
-4.163388 20.164770 -7.572814
-4.106934 19.995342 -7.590177
-4.050479 19.825916 -7.607539
-3.994024 19.656488 -7.624902
-3.937570 19.487061 -7.642264
-3.881115 19.317633 -7.659626
-3.824661 19.148205 -7.676989
-3.768206 18.978777 -7.694352
-3.711752 18.809349 -7.711714
-3.655297 18.639923 -7.729077
-3.598843 18.470495 -7.746439
-3.542388 18.301067 -7.763802
-3.485934 18.131639 -7.781164
-3.429479 17.962212 -7.798527
-3.373025 17.792784 -7.815889
-3.316570 17.623358 -7.833252
-3.260116 17.453930 -7.850615
-3.203661 17.284502 -7.867977
-3.147207 17.115074 -7.885339
-3.090752 16.945646 -7.902702
-3.034297 16.776218 -7.920064
-2.977843 16.606791 -7.937427
-2.921388 16.437365 -7.954790
-2.864934 16.267937 -7.972152
-2.808479 16.098509 -7.989514
-2.752025 15.929081 -8.006877
-2.695570 15.759653 -8.024240
-2.639116 15.590226 -8.041602
-2.582661 15.420798 -8.058965
-2.526207 15.251370 -8.076327
-2.469752 15.081944 -8.093690
-2.413298 14.912516 -8.111053
-2.356843 14.743088 -8.128414
-2.300389 14.573661 -8.145777
-2.243934 14.404233 -8.163139
-2.187480 14.234805 -8.180502
-2.131025 14.065378 -8.197865
-2.076843 13.895338 -8.214231
-2.049502 13.718065 -8.218835
-2.022162 13.540792 -8.223439
-1.994821 13.363521 -8.228043
-1.967481 13.186248 -8.232647
-1.971783 13.007732 -8.222259
-1.981242 12.829014 -8.209427
-1.990702 12.650296 -8.196595
-2.009457 12.473788 -8.179029
-2.059195 12.304647 -8.145687
-2.108932 12.135506 -8.112345
-2.158669 11.966365 -8.079002
-2.241708 11.816325 -8.027378
-2.326994 11.667575 -7.974521
-2.412281 11.518825 -7.921664
-2.516258 11.388360 -7.857715
-2.626551 11.264075 -7.790018
-2.736845 11.139791 -7.722321
-2.854779 11.026383 -7.649966
-2.980002 10.923351 -7.573169
-3.105226 10.820318 -7.496372
-3.232041 10.719989 -7.418903
-3.365734 10.631324 -7.338533
-3.499426 10.542660 -7.258163
-3.633118 10.453996 -7.177793
-3.771263 10.370691 -7.099306
-3.910297 10.288458 -7.021194
-4.049332 10.206224 -6.943083
-4.190598 10.122865 -6.870551
-4.333543 10.038656 -6.802213
-4.476488 9.954449 -6.733876
-4.620268 9.864305 -6.676805
-4.764760 9.769108 -6.629329
-4.909251 9.673909 -6.581854
-5.048234 9.562773 -6.564695
-5.186153 9.448560 -6.553385
-5.313135 9.325504 -6.563872
-5.426830 9.191707 -6.600832
-5.531844 9.055847 -6.646830
-5.604960 8.912408 -6.726035
-5.678077 8.768969 -6.805239
-5.715322 8.624864 -6.904236
-5.747433 8.480663 -7.006067
-5.771517 8.336716 -7.109469
-5.771478 8.193528 -7.217597
-5.771438 8.050340 -7.325724
-5.764880 7.907102 -7.433074
-5.741670 7.763736 -7.538439
-5.718460 7.620370 -7.643804
-5.695242 7.477003 -7.749166
-5.656028 7.332473 -7.847997
-5.616815 7.187943 -7.946828
-5.577601 7.043414 -8.045660
-5.533464 6.898343 -8.141386
-5.483960 6.752683 -8.233727
-5.434455 6.607023 -8.326067
-5.384952 6.461363 -8.418407
-5.330819 6.315631 -8.507957
-5.275560 6.169882 -8.596828
-5.220302 6.024133 -8.685698
-5.164871 5.878533 -8.774700
-5.107245 5.734827 -8.865376
-5.049620 5.591121 -8.956053
-4.991994 5.447415 -9.046729
-4.934331 5.305789 -9.140473
-4.876604 5.167681 -9.239408
-4.818878 5.029572 -9.338342
-4.761151 4.891463 -9.437275
-4.704240 4.761531 -9.546887
-4.647592 4.634223 -9.659926
-4.590942 4.506914 -9.772964
-4.534567 4.383533 -9.889976
-4.479080 4.272907 -10.019889
-4.423593 4.162282 -10.149802
-4.368106 4.051656 -10.279716
-4.312785 3.956530 -10.421013
-4.257517 3.866427 -10.566000
-4.202250 3.776325 -10.710987
-4.146631 3.690910 -10.858348
-4.089872 3.620701 -11.013408
-4.033114 3.550493 -11.168468
-3.976355 3.480284 -11.323526
-3.917428 3.419430 -11.481506
-3.857181 3.364267 -11.641260
-3.796934 3.309103 -11.801015
-3.736687 3.253940 -11.960770
-3.671379 3.206075 -12.120872
-3.605711 3.158728 -12.280997
-3.540043 3.111382 -12.441123
-3.472320 3.063795 -12.600277
-3.399323 3.015589 -12.756935
-3.326326 2.967383 -12.913594
-3.253330 2.919177 -13.070252
-3.172330 2.861445 -13.219452
-3.089812 2.801906 -13.367236
-3.007293 2.742367 -13.515020
-2.915145 2.662163 -13.645739
-2.820823 2.577297 -13.772606
-2.723216 2.477669 -13.880818
-2.619734 2.351638 -13.955666
-2.523511 2.212732 -13.984982
-2.436095 2.058201 -13.959043
-2.381086 1.920928 -13.867139
-2.336755 1.789343 -13.753497
-2.318246 1.685434 -13.611192
-2.308945 1.591393 -13.458666
-2.303615 1.502791 -13.303553
-2.317787 1.440894 -13.135737
-2.331958 1.378997 -12.967921
-2.347870 1.319880 -12.799563
-2.379817 1.286386 -12.626208
-2.411763 1.252891 -12.452854
-2.443710 1.219397 -12.279499
-2.486256 1.205374 -12.106380
-2.533477 1.199940 -11.933362
-2.580698 1.194505 -11.760345
-2.629883 1.193372 -11.588189
-2.690651 1.217615 -11.421115
-2.751418 1.241859 -11.254041
-2.812186 1.266102 -11.086967
-2.879319 1.308756 -10.927063
-2.950867 1.364181 -10.772133
-3.022416 1.419606 -10.617204
-3.094508 1.477662 -10.463818
-3.172222 1.562910 -10.326385
-3.249935 1.648158 -10.188953
-3.327649 1.733406 -10.051520
-3.405761 1.833901 -9.925961
-3.484116 1.943717 -9.807660
-3.562472 2.053534 -9.689360
-3.640320 2.165636 -9.573153
-3.714921 2.292379 -9.470366
-3.789521 2.419123 -9.367579
-3.864121 2.545866 -9.264792
-3.935107 2.678218 -9.166853
-4.003640 2.814375 -9.072203
-4.072174 2.950531 -8.977551
-4.140652 3.086712 -8.882897
-4.202287 3.225828 -8.787807
-4.263921 3.364943 -8.692716
-4.325556 3.504059 -8.597625
-4.384187 3.642043 -8.499207
-4.438469 3.778389 -8.395971
-4.492752 3.914735 -8.292737
-4.547034 4.051081 -8.189502
-4.594401 4.180551 -8.074850
-4.640445 4.308704 -7.958013
-4.686488 4.436858 -7.841175
-4.729307 4.560645 -7.719025
-4.765607 4.675603 -7.586129
-4.801906 4.790561 -7.453232
-4.838205 4.905518 -7.320336
-4.864049 5.004646 -7.173236
-4.888747 5.102040 -7.024580
-4.913445 5.199434 -6.875923
-4.930535 5.284415 -6.719478
-4.941896 5.360054 -6.557169
-4.953258 5.435692 -6.394861
-4.959276 5.501358 -6.228719
-4.956196 5.550048 -6.056052
-4.953116 5.598738 -5.883384
-4.945326 5.636058 -5.708935
-4.928146 5.650709 -5.530934
-4.910967 5.665359 -5.352932
-4.888625 5.660408 -5.176270
-4.860514 5.633554 -5.001105
-4.832404 5.606699 -4.825940
-4.801289 5.547317 -4.660754
-4.769110 5.476403 -4.499106
-4.737020 5.404714 -4.337901
-4.709217 5.296294 -4.197664
-4.681412 5.187874 -4.057428
-4.655519 5.074816 -3.921203
-4.638170 4.941023 -3.802912
-4.620821 4.807230 -3.684621
-4.605048 4.671683 -3.568420
-4.600377 4.523787 -3.466936
-4.595706 4.375890 -3.365452
-4.591035 4.227993 -3.263967
-4.596109 4.074944 -3.170685
-4.603392 3.920727 -3.079262
-4.610675 3.766509 -2.987839
-4.620657 3.611845 -2.897551
-4.637383 3.456068 -2.810099
-4.654108 3.300290 -2.722646
-4.670834 3.144513 -2.635194
-4.691042 2.989420 -2.547310
-4.713547 2.834778 -2.459141
-4.736051 2.680136 -2.370972
-4.758555 2.525495 -2.282804
-4.782265 2.372879 -2.191493
-4.806200 2.220640 -2.099597
-4.830134 2.068402 -2.007701
-4.853840 1.916356 -1.915443
-4.874630 1.766762 -1.818573
-4.895422 1.617169 -1.721702
-4.916213 1.467576 -1.624831
-4.934568 1.318716 -1.526442
-4.948081 1.171313 -1.425031
-4.961593 1.023911 -1.323620
-4.975105 0.876508 -1.222209
-4.982012 0.729992 -1.118994
-4.985291 0.583963 -1.014787
-4.988568 0.437934 -0.910580
-4.991846 0.291905 -0.806374
-4.983677 0.146357 -0.701764
-4.975498 0.000810 -0.597153
-4.967319 -0.144737 -0.492542
-4.955048 -0.290338 -0.388545
-4.935915 -0.436029 -0.285577
-4.916783 -0.581719 -0.182609
-4.897650 -0.727410 -0.079640
-4.871542 -0.873407 0.021253
-4.843059 -1.019508 0.121440
-4.814575 -1.165609 0.221627
-4.785349 -1.311728 0.321545
-4.749340 -1.458009 0.419010
-4.713331 -1.604290 0.516475
-4.677321 -1.750571 0.613940
-4.638681 -1.896651 0.710645
-4.596506 -2.042459 0.806329
-4.554330 -2.188268 0.902013
-4.512155 -2.334076 0.997697
-4.465871 -2.478806 1.093085
-4.418106 -2.623147 1.188365
-4.370340 -2.767488 1.283645
-4.322380 -2.911740 1.378957
-4.268841 -3.053420 1.475157
-4.215302 -3.195100 1.571358
-4.161764 -3.336781 1.667559
-4.106081 -3.477190 1.764338
-4.046123 -3.615062 1.862269
-3.986164 -3.752934 1.960200
-3.926205 -3.890806 2.058131
-3.861615 -4.025626 2.157266
-3.794422 -4.158731 2.257078
-3.727229 -4.291836 2.356890
-3.660036 -4.424941 2.456702
-3.585337 -4.552925 2.557847
-3.510266 -4.680655 2.659058
-3.435196 -4.808385 2.760269
-3.357954 -4.934634 2.861611
-3.274688 -5.056770 2.963314
-3.191421 -5.178907 3.065017
-3.108154 -5.301044 3.166720
-3.020283 -5.420030 3.268167
-2.928902 -5.536613 3.369420
-2.837522 -5.653197 3.470673
-2.746142 -5.769781 3.571926
-2.648224 -5.881684 3.672289
-2.549181 -5.992782 3.772499
-2.450138 -6.103880 3.872709
-2.350270 -6.214310 3.972795
-2.244208 -6.319731 4.071949
-2.138146 -6.425152 4.171103
-2.032084 -6.530573 4.270258
-1.923731 -6.633701 4.369254
-1.811383 -6.732831 4.467973
-1.699036 -6.831962 4.566692
-1.586689 -6.931092 4.665411
-1.470927 -7.025720 4.764496
-1.352914 -7.117381 4.863822
-1.234902 -7.209041 4.963149
-1.116889 -7.300701 5.062475
-0.994456 -7.384404 5.163386
-0.871229 -7.466675 5.264582
-0.748001 -7.548946 5.365778
-0.624210 -7.629849 5.467302
-0.496120 -7.700324 5.571324
-0.368029 -7.770799 5.675345
-0.239939 -7.841274 5.779367
-0.109998 -7.905657 5.884751
0.022493 -7.961652 5.992013
0.154984 -8.017647 6.099275
0.287474 -8.073642 6.206536
0.422818 -8.116750 6.315910
0.559046 -8.155864 6.425940
0.695274 -8.194978 6.535968
0.831877 -8.231627 6.646196
0.970901 -8.252412 6.757708
1.109924 -8.273197 6.869219
1.248947 -8.293983 6.980731
1.388865 -8.305396 7.092100
1.529630 -8.307943 7.203333
1.670395 -8.310491 7.314568
1.811160 -8.313038 7.425801
1.952770 -8.300911 7.535178
2.094498 -8.286734 7.644295
2.236225 -8.272555 7.753412
2.378079 -8.255449 7.861784
2.520413 -8.227170 7.967309
2.662747 -8.198891 8.072833
2.805082 -8.170611 8.178358
2.947747 -8.136820 8.281621
3.090746 -8.097487 8.382609
3.233745 -8.058155 8.483597
3.376743 -8.018822 8.584585
3.520465 -7.973346 8.681814
3.664419 -7.925891 8.777831
3.808374 -7.878437 8.873849
3.952328 -7.830982 8.969867
4.097552 -7.777996 9.060952
4.242783 -7.724983 9.152014
4.388012 -7.671971 9.243075
4.533562 -7.618122 9.333096
4.680159 -7.561523 9.419699
4.826756 -7.504925 9.506303
4.973353 -7.448327 9.592906
5.120515 -7.390698 9.677832
5.268270 -7.331983 9.760988
5.416026 -7.273267 9.844145
5.563782 -7.214551 9.927301
5.712010 -7.154934 10.008955
5.860384 -7.095040 10.090149
6.008757 -7.035146 10.171342
6.157118 -6.975220 10.252533
6.305333 -6.914889 10.333693
6.453548 -6.854559 10.414851
6.601763 -6.794229 10.496011
6.749541 -6.733942 10.577988
6.896695 -6.673718 10.661134
7.043848 -6.613494 10.744281
7.191001 -6.553271 10.827427
7.336682 -6.493597 10.913490
7.481917 -6.434090 11.000438
7.627152 -6.374584 11.087386
7.772071 -6.315265 11.174967
7.914792 -6.257255 11.266945
8.057512 -6.199244 11.358923
8.200233 -6.141233 11.450901
8.341683 -6.084375 11.545465
8.481692 -6.028826 11.642963
8.621701 -5.973276 11.740461
8.761710 -5.917726 11.837960
8.899757 -5.865056 11.939717
9.037245 -5.813208 12.042689
9.174732 -5.761360 12.145661
9.312123 -5.709760 12.248873
9.447544 -5.663245 12.357002
9.582964 -5.616730 12.465132
9.718385 -5.570215 12.573261
9.853344 -5.525756 12.682748
9.987105 -5.486647 12.795765
10.120866 -5.447538 12.908781
10.254627 -5.408429 13.021797
10.387637 -5.374311 13.137152
10.519868 -5.345375 13.254931
10.652099 -5.316439 13.372710
10.784329 -5.287503 13.490490
10.915112 -5.268408 13.611659
11.045322 -5.253198 13.734166
11.175534 -5.237988 13.856673
11.305745 -5.222778 13.979180
11.432714 -5.225330 14.105923
11.559657 -5.228028 14.232700
11.686601 -5.230727 14.359478
11.811574 -5.241143 14.487324
11.932801 -5.266236 14.617203
12.054029 -5.291329 14.747082
12.175256 -5.316422 14.876961
12.289141 -5.361955 15.007436
12.401040 -5.413011 15.138072
12.512940 -5.464067 15.268708
12.620711 -5.523372 15.398578
12.718988 -5.601635 15.526682
12.817266 -5.679897 15.654787
12.915543 -5.758160 15.782891
12.998960 -5.857808 15.906102
13.079728 -5.961268 16.028440
13.160496 -6.064730 16.150780
13.234039 -6.175626 16.270309
13.295033 -6.299435 16.384962
13.356029 -6.423244 16.499615
13.417023 -6.547053 16.614267
13.461702 -6.682441 16.722713
13.502386 -6.820664 16.829641
13.543070 -6.958888 16.936567
13.581006 -7.098321 17.042648
13.601937 -7.245248 17.143488
13.622869 -7.392175 17.244329
13.643800 -7.539101 17.345169
13.657442 -7.687491 17.444649
13.659264 -7.838253 17.541918
13.661084 -7.989017 17.639189
13.662906 -8.139779 17.736460
13.653947 -8.290212 17.833389
13.636775 -8.440392 17.930059
13.619604 -8.590573 18.026730
13.602432 -8.740753 18.123400
13.570454 -8.887050 18.221838
13.533546 -9.032054 18.320864
13.496640 -9.177057 18.419889
13.459734 -9.322062 18.518915
13.402055 -9.456475 18.622787
13.343971 -9.590682 18.726753
13.285887 -9.724889 18.830719
13.221163 -9.853720 18.936655
13.140419 -9.969583 19.047337
13.059676 -10.085444 19.158020
12.978932 -10.201307 19.268702
12.882844 -10.298272 19.383923
12.779663 -10.386505 19.501240
12.676483 -10.474737 19.618555
12.571590 -10.559621 19.736217
12.449633 -10.611137 19.857323
12.327675 -10.662655 19.978428
12.205717 -10.714171 20.099535
12.083759 -10.765689 20.220640
11.961801 -10.817205 20.341745
11.839843 -10.868723 20.462851
11.717885 -10.920239 20.583956
11.595927 -10.971757 20.705061
11.473969 -11.023273 20.826168
11.352012 -11.074791 20.947273
11.230054 -11.126307 21.068378
11.108096 -11.177825 21.189484
10.986138 -11.229342 21.310589
10.864181 -11.280859 21.431696
10.742223 -11.332376 21.552801
10.620265 -11.383893 21.673906
10.498306 -11.435410 21.795012
10.376348 -11.486927 21.916117
10.254391 -11.538444 22.037222
10.132433 -11.589961 22.158329
10.010475 -11.641478 22.279434
9.888517 -11.692995 22.400539
9.766560 -11.744512 22.521645
9.644602 -11.796029 22.642750
9.522644 -11.847547 22.763857
9.400686 -11.899063 22.884962
9.278728 -11.950581 23.006067
9.156771 -12.002097 23.127172
9.034812 -12.053615 23.248278
8.912854 -12.105131 23.369383
8.790896 -12.156649 23.490490
8.668939 -12.208165 23.611595
8.546981 -12.259683 23.732700
8.425023 -12.311199 23.853806
8.303065 -12.362717 23.974911
8.181108 -12.414233 24.096018
8.059150 -12.465751 24.217123
7.937192 -12.517267 24.338228
7.815234 -12.568785 24.459333
7.693276 -12.620301 24.580439
7.571318 -12.671819 24.701544
7.449360 -12.723335 24.822651
7.327403 -12.774853 24.943756
7.205445 -12.826369 25.064861
7.083487 -12.877887 25.185966
6.961529 -12.929403 25.307072
6.839571 -12.980921 25.428177
6.717613 -13.032437 25.549284
6.595655 -13.083955 25.670389
6.473698 -13.135471 25.791494
6.351739 -13.186989 25.912600
6.229782 -13.238505 26.033705
6.107824 -13.290023 26.154812
5.985866 -13.341539 26.275917
5.863908 -13.393057 26.397022
5.741951 -13.444573 26.518127
5.619992 -13.496091 26.639233
5.498034 -13.547607 26.760338
5.376077 -13.599125 26.881445
5.254119 -13.650641 27.002550
5.132161 -13.702159 27.123655
5.010203 -13.753675 27.244761
4.888245 -13.805193 27.365866
4.766287 -13.856709 27.486973
4.644330 -13.908227 27.608078
4.522372 -13.959743 27.729183
4.400414 -14.011261 27.850288
4.278456 -14.062778 27.971394
4.156498 -14.114295 28.092499
4.034540 -14.165812 28.213606
3.912582 -14.217329 28.334711
3.790625 -14.268846 28.455816
3.668667 -14.320363 28.576921
3.546709 -14.371880 28.698027
3.424751 -14.423397 28.819134
3.302793 -14.474915 28.940239
3.180835 -14.526431 29.061344
3.058877 -14.577949 29.182449
2.936920 -14.629465 29.303555
2.814962 -14.680983 29.424660
2.693004 -14.732499 29.545767
2.571046 -14.784017 29.666872
2.449088 -14.835533 29.787977
2.327130 -14.887051 29.909082
2.205173 -14.938567 30.030188
2.083215 -14.990085 30.151295
1.961257 -15.041601 30.272400
1.839299 -15.093119 30.393505
1.717341 -15.144635 30.514610
1.595383 -15.196153 30.635715
1.473425 -15.247669 30.756821
1.351467 -15.299187 30.877928
1.229510 -15.350703 30.999033
1.107552 -15.402221 31.120138
0.985594 -15.453737 31.241243
0.863636 -15.505255 31.362349
0.741678 -15.556771 31.483456
0.619720 -15.608289 31.604561
0.497763 -15.659805 31.725666
0.375805 -15.711323 31.846771
0.253847 -15.762839 31.967876
0.131889 -15.814357 32.088982
0.009931 -15.865873 32.210087
-0.112027 -15.917391 32.331192
-0.233985 -15.968907 32.452297
-0.355942 -16.020424 32.573406
-0.477900 -16.071941 32.694511
-0.599858 -16.123459 32.815617
-0.721816 -16.174976 32.936722
-0.843774 -16.226492 33.057827
-0.965732 -16.278009 33.178932
-1.087690 -16.329527 33.300037
-1.209648 -16.381044 33.421143
-1.331605 -16.432560 33.542248
-1.453563 -16.484077 33.663353
-1.575521 -16.535595 33.784458
-1.697479 -16.587112 33.905567
-1.819437 -16.638628 34.026672
-1.941395 -16.690145 34.147778
-2.063353 -16.741663 34.268883
-2.185310 -16.793180 34.389988
-2.307268 -16.844696 34.511093
-2.429226 -16.896214 34.632198
-2.551184 -16.947731 34.753304
