#pt3d 600
-3.997250 17.113619 -13.579130
-4.002554 17.082792 -13.406341
-4.007857 17.051968 -13.233552
-4.013160 17.021141 -13.060762
-4.018464 16.990316 -12.887974
-4.023767 16.959490 -12.715184
-4.029070 16.928663 -12.542396
-4.034374 16.897839 -12.369606
-4.039677 16.867012 -12.196817
-4.044981 16.836187 -12.024028
-4.050283 16.805361 -11.851239
-4.055587 16.774536 -11.678450
-4.060890 16.743710 -11.505661
-4.066194 16.712883 -11.332871
-4.071497 16.682058 -11.160082
-4.076800 16.651232 -10.987293
-4.082104 16.620407 -10.814504
-4.087407 16.589581 -10.641715
-4.092710 16.558756 -10.468925
-4.098013 16.527929 -10.296137
-4.103317 16.497105 -10.123347
-4.108620 16.466278 -9.950559
-4.113924 16.435452 -9.777769
-4.119227 16.404627 -9.604980
-4.124530 16.373800 -9.432191
-4.129833 16.342976 -9.259402
-4.135137 16.312149 -9.086613
-4.140440 16.281324 -8.913824
-4.145743 16.250498 -8.741035
-4.151047 16.219671 -8.568246
-4.156350 16.188847 -8.395456
-4.161654 16.158020 -8.222668
-4.166957 16.127195 -8.049878
-4.172260 16.096369 -7.877089
-4.177563 16.065544 -7.704300
-4.182867 16.034718 -7.531511
-4.188170 16.003891 -7.358722
-4.193473 15.973066 -7.185933
-4.198777 15.942241 -7.013144
-4.204080 15.911415 -6.840354
-4.209383 15.880589 -6.667565
-4.214686 15.849763 -6.494776
-4.219990 15.818937 -6.321987
-4.225293 15.788112 -6.149198
-4.230597 15.757286 -5.976408
-4.235900 15.726460 -5.803619
-4.241203 15.695635 -5.630830
-4.246507 15.664809 -5.458041
-4.251810 15.633983 -5.285252
-4.257113 15.603157 -5.112463
-4.262416 15.572331 -4.939674
-4.267720 15.541506 -4.766885
-4.273023 15.510680 -4.594096
-4.278327 15.479855 -4.421307
-4.283630 15.449029 -4.248518
-4.288933 15.418203 -4.075728
-4.294236 15.387377 -3.902939
-4.299540 15.356551 -3.730150
-4.304843 15.325726 -3.557361
-4.310146 15.294900 -3.384572
-4.315450 15.264074 -3.211783
-4.320753 15.233249 -3.038994
-4.326056 15.202423 -2.866205
-4.331359 15.171597 -2.693415
-4.336663 15.140771 -2.520626
-4.341966 15.109945 -2.347837
-4.347270 15.079120 -2.175048
-4.352573 15.048294 -2.002259
-4.357876 15.017468 -1.829470
-4.363180 14.986643 -1.656681
-4.368483 14.955817 -1.483891
-4.373786 14.924991 -1.311102
-4.391598 14.879774 -1.145429
-4.440358 14.798950 -0.997359
-4.489117 14.718127 -0.849290
-4.559797 14.610082 -0.736829
-4.643839 14.485442 -0.646075
-4.730213 14.356751 -0.568561
-4.826101 14.211536 -0.545052
-4.921989 14.066322 -0.521543
-5.013452 13.919464 -0.536603
-5.102938 13.771871 -0.568899
-5.192423 13.624278 -0.601195
-5.267015 13.483423 -0.674571
-5.341251 13.342731 -0.748927
-5.414742 13.202521 -0.824546
-5.470496 13.073842 -0.930223
-5.526249 12.945163 -1.035900
-5.582003 12.816484 -1.141577
-5.621397 12.701468 -1.267912
-5.659058 12.587900 -1.396436
-5.696718 12.474333 -1.524960
-5.725453 12.370539 -1.662998
-5.748100 12.273414 -1.807526
-5.770747 12.176289 -1.952053
-5.791950 12.081426 -2.098094
-5.804301 12.000423 -2.253402
-5.816651 11.919421 -2.408710
-5.829002 11.838420 -2.564018
-5.838291 11.765909 -2.723451
-5.845361 11.699553 -2.885874
-5.852430 11.633196 -3.048297
-5.859499 11.566839 -3.210720
-5.865372 11.512607 -3.377609
-5.871195 11.458866 -3.544679
-5.877018 11.405126 -3.711750
-5.883101 11.354902 -3.879822
-5.889701 11.311673 -4.049887
-5.896301 11.268443 -4.219952
-5.902901 11.225214 -4.390017
-5.909581 11.188438 -4.561547
-5.916287 11.153839 -4.733571
-5.922994 11.119241 -4.905596
-5.928905 11.086349 -5.077950
-5.932284 11.058890 -5.251354
-5.935662 11.031431 -5.424758
-5.939041 11.003972 -5.598163
-5.934996 10.981500 -5.772224
-5.929509 10.959995 -5.946414
-5.924023 10.938491 -6.120603
-5.910273 10.919605 -6.294465
-5.889868 10.902829 -6.468064
-5.869462 10.886053 -6.641663
-5.841924 10.870342 -6.814113
-5.802330 10.856430 -6.984622
-5.762736 10.842518 -7.155130
-5.718349 10.828568 -7.324222
-5.659063 10.814505 -7.488909
-5.599778 10.800442 -7.653596
-5.538738 10.785920 -7.817503
-5.463103 10.767590 -7.974913
-5.387469 10.749259 -8.132322
-5.311834 10.730928 -8.289732
-5.226359 10.704431 -8.440752
-5.139951 10.677157 -8.591166
-5.053542 10.649885 -8.741578
-4.964192 10.614106 -8.888265
-4.873161 10.573467 -9.032820
-4.782131 10.532829 -9.177376
-4.691402 10.487765 -9.320601
-4.601499 10.430614 -9.460192
-4.511595 10.373463 -9.599782
-4.421692 10.316312 -9.739372
-4.336415 10.245069 -9.875123
-4.252288 10.170321 -10.009919
-4.168161 10.095574 -10.144715
-4.085982 10.017132 -10.278367
-4.010577 9.925838 -10.408035
-3.935172 9.834545 -10.537704
-3.859766 9.743253 -10.667374
-3.789576 9.644379 -10.794060
-3.723971 9.538838 -10.918123
-3.658366 9.433298 -11.042187
-3.592762 9.327758 -11.166250
-3.534353 9.213196 -11.285614
-3.478292 9.095690 -11.403443
-3.422231 8.978184 -11.521274
-3.366170 8.860677 -11.639104
-3.318445 8.733025 -11.749792
-3.271072 8.604942 -11.860179
-3.223699 8.476860 -11.970566
-3.178390 8.346032 -12.078327
-3.138917 8.207437 -12.178665
-3.099444 8.068841 -12.279003
-3.059971 7.930246 -12.379341
-3.026686 7.782262 -12.467416
-2.994967 7.631901 -12.552385
-2.963249 7.481539 -12.637355
-2.937955 7.321729 -12.704152
-2.915360 7.157949 -12.763312
-2.893692 6.993413 -12.819415
-2.884519 6.818686 -12.834275
-2.875347 6.643960 -12.849134
-2.884086 6.475333 -12.806614
-2.895352 6.307567 -12.755997
-2.928058 6.174890 -12.647124
-2.962065 6.044342 -12.534719
-3.012496 5.958226 -12.390797
-3.063747 5.874329 -12.245301
-3.122881 5.814589 -12.092345
-3.186210 5.767707 -11.935418
-3.249539 5.720826 -11.778492
-3.321804 5.699516 -11.619973
-3.394434 5.679251 -11.461390
-3.467064 5.658986 -11.302807
-3.546402 5.656354 -11.146293
-3.626415 5.655495 -10.989986
-3.706428 5.654635 -10.833680
-3.789533 5.662046 -10.679364
-3.874893 5.675489 -10.526501
-3.960253 5.688931 -10.373636
-4.045802 5.703056 -10.220964
-4.133971 5.726638 -10.070949
-4.222140 5.750220 -9.920934
-4.310309 5.773802 -9.770919
-4.398320 5.800379 -9.621346
-4.486154 5.830306 -9.472269
-4.573987 5.860234 -9.323192
-4.661821 5.890162 -9.174114
-4.746069 5.922452 -9.023479
-4.829815 5.955074 -8.872625
-4.913561 5.987696 -8.721771
-4.994432 6.019997 -8.569356
-5.069911 6.051697 -8.414009
-5.145389 6.083398 -8.258662
-5.220867 6.115098 -8.103315
-5.285033 6.142532 -7.942230
-5.348196 6.169587 -7.780635
-5.411357 6.196642 -7.619040
-5.465536 6.218678 -7.453720
-5.513489 6.237236 -7.285820
-5.561443 6.255794 -7.117919
-5.603936 6.270096 -6.948431
-5.635853 6.276155 -6.775865
-5.667770 6.282213 -6.603299
-5.697688 6.286021 -6.430479
-5.714865 6.275490 -6.256041
-5.732042 6.264959 -6.081604
-5.749219 6.254427 -5.907166
-5.754970 6.224362 -5.734334
-5.760128 6.193284 -5.561586
-5.765286 6.162205 -5.388838
-5.763716 6.113006 -5.220634
-5.760114 6.058335 -5.053804
-5.756513 6.003664 -4.886973
-5.749753 5.935044 -4.726045
-5.740587 5.855803 -4.569612
-5.731421 5.776563 -4.413178
-5.721303 5.690093 -4.261195
-5.709152 5.588179 -4.118716
-5.697001 5.486264 -3.976237
-5.684849 5.384349 -3.833758
-5.671270 5.264288 -3.706377
-5.657668 5.143928 -3.579243
-5.644066 5.023569 -3.452109
-5.629871 4.896086 -3.332585
-5.615160 4.762383 -3.219708
-5.600448 4.628679 -3.106830
-5.585735 4.494975 -2.993953
-5.569342 4.352912 -2.892088
-5.552885 4.210535 -2.790637
-5.536428 4.068157 -2.689187
-5.519113 3.924306 -2.590083
-5.499755 3.776948 -2.496566
-5.480398 3.629590 -2.403050
-5.461040 3.482232 -2.309534
-5.439386 3.333622 -2.218593
-5.415991 3.184062 -2.129604
-5.392596 3.034502 -2.040616
-5.369201 2.884942 -1.951628
-5.342012 2.735159 -1.864125
-5.314023 2.585329 -1.776935
-5.286035 2.435499 -1.689745
-5.257633 2.285749 -1.602560
-5.225524 2.136720 -1.515418
-5.193416 1.987691 -1.428276
-5.161307 1.838661 -1.341134
-5.128169 1.690027 -1.253714
-5.093542 1.541963 -1.165893
-5.058916 1.393899 -1.078072
-5.024289 1.245835 -0.990251
-4.989620 1.097932 -0.902178
-4.954937 0.950079 -0.814025
-4.920255 0.802226 -0.725871
-4.885944 0.654213 -0.637846
-4.853861 0.505244 -0.550591
-4.821778 0.356276 -0.463336
-4.789695 0.207307 -0.376081
-4.760198 0.056952 -0.290354
-4.732781 -0.094518 -0.205858
-4.705365 -0.245988 -0.121362
-4.677949 -0.397458 -0.036866
-4.655865 -0.552316 0.042910
-4.633913 -0.707257 0.122570
-4.611960 -0.862199 0.202229
-4.591823 -1.018620 0.279316
-4.574528 -1.177358 0.352374
-4.557232 -1.336097 0.425432
-4.539937 -1.494835 0.498490
-4.524473 -1.656314 0.565623
-4.509531 -1.818573 0.631069
-4.494588 -1.980832 0.696515
-4.479510 -2.143465 0.760932
-4.463552 -2.308531 0.818663
-4.447592 -2.473598 0.876394
-4.431633 -2.638664 0.934125
-4.413395 -2.804526 0.988646
-4.392458 -2.971329 1.039367
-4.371521 -3.138133 1.090088
-4.350585 -3.304937 1.140808
-4.322649 -3.471969 1.186998
-4.292613 -3.639069 1.231828
-4.262575 -3.806169 1.276658
-4.231379 -3.973122 1.321067
-4.188316 -4.138565 1.361176
-4.145254 -4.304008 1.401285
-4.102192 -4.469451 1.441393
-4.051986 -4.633049 1.479811
-3.992626 -4.794284 1.516063
-3.933267 -4.955519 1.552314
-3.873908 -5.116754 1.588566
-3.799382 -5.272028 1.621926
-3.721669 -5.426048 1.654679
-3.643955 -5.580069 1.687432
-3.561641 -5.731585 1.719298
-3.465241 -5.875431 1.748449
-3.368842 -6.019277 1.777600
-3.272442 -6.163123 1.806751
-3.164395 -6.298604 1.833278
-3.050779 -6.430084 1.858551
-2.937163 -6.561564 1.883824
-2.822264 -6.691867 1.908753
-2.694227 -6.810117 1.930151
-2.566189 -6.928367 1.951550
-2.438152 -7.046617 1.972949
-2.305028 -7.159057 1.992875
-2.165932 -7.264677 2.011072
-2.026835 -7.370296 2.029269
-1.887739 -7.475915 2.047465
-1.742498 -7.572976 2.064400
-1.595508 -7.667599 2.080976
-1.448517 -7.762222 2.097552
-1.301253 -7.856382 2.114174
-1.149028 -7.942153 2.131647
-0.996802 -8.027923 2.149121
-0.844577 -8.113693 2.166594
-0.691372 -8.197328 2.185344
-0.535935 -8.276098 2.207004
-0.380499 -8.354868 2.228664
-0.225062 -8.433639 2.250324
-0.068740 -8.509069 2.276474
0.088249 -8.581984 2.306010
0.245238 -8.654898 2.335545
0.402228 -8.727811 2.365081
0.559340 -8.795431 2.404577
0.716469 -8.862313 2.445463
0.873599 -8.929194 2.486349
1.030441 -8.994244 2.530600
1.186402 -9.053665 2.585186
1.342363 -9.113087 2.639772
1.498324 -9.172508 2.694358
1.652877 -9.225197 2.758431
1.806749 -9.274625 2.827096
1.960620 -9.324053 2.895761
2.114155 -9.371579 2.966208
2.265737 -9.408063 3.046993
2.417318 -9.444548 3.127779
2.568900 -9.481031 3.208565
2.719417 -9.507411 3.294650
2.869345 -9.528208 3.383664
3.019273 -9.549005 3.472677
3.169110 -9.567208 3.562186
3.318415 -9.570389 3.654556
3.467720 -9.573569 3.746926
3.617025 -9.576750 3.839297
3.766394 -9.568233 3.930806
3.915800 -9.553195 4.021835
4.065206 -9.538157 4.112864
4.214615 -9.521139 4.203358
4.364058 -9.488834 4.289717
4.513500 -9.456529 4.376075
4.662942 -9.424223 4.462434
4.811985 -9.383865 4.545687
4.960702 -9.336944 4.626408
5.109419 -9.290021 4.707129
5.258136 -9.243099 4.787851
5.405194 -9.185924 4.864873
5.552156 -9.128158 4.941682
5.699118 -9.070391 5.018491
5.845191 -9.010538 5.095324
5.989298 -8.946068 5.172210
6.133404 -8.881598 5.249095
6.277511 -8.817128 5.325981
6.418852 -8.751090 5.406510
6.558893 -8.684314 5.488753
6.698935 -8.617537 5.570996
6.838449 -8.550946 5.654202
6.972721 -8.486196 5.747008
7.106992 -8.421445 5.839815
7.241263 -8.356694 5.932621
7.371150 -8.295586 6.033398
7.497691 -8.237258 6.140262
7.624231 -8.178931 6.247126
7.749875 -8.121589 6.355407
7.867180 -8.073405 6.476866
7.984485 -8.025222 6.598326
8.101789 -7.977039 6.719785
8.213335 -7.936870 6.848982
8.321704 -7.901119 6.982446
8.430073 -7.865369 7.115909
8.537386 -7.831813 7.250647
8.639380 -7.809303 7.391802
8.741376 -7.786794 7.532958
8.843370 -7.764284 7.674113
8.943824 -7.750182 7.817294
9.043401 -7.740858 7.961627
9.142978 -7.731534 8.105959
9.242661 -7.723102 8.250235
9.343801 -7.726993 8.393727
9.444940 -7.730884 8.537220
9.546080 -7.734775 8.680712
9.649259 -7.745293 8.822210
9.754631 -7.762937 8.961566
9.860003 -7.780580 9.100921
9.965375 -7.798223 9.240275
10.075040 -7.829526 9.373710
10.185126 -7.862173 9.506561
10.295213 -7.894820 9.639413
10.406319 -7.933655 9.769421
10.519142 -7.982913 9.894635
10.631966 -8.032172 10.019851
10.744789 -8.081430 10.145066
10.856412 -8.146742 10.263673
10.967868 -8.214269 10.381368
11.079324 -8.281796 10.499063
11.187863 -8.357617 10.613916
11.292531 -8.444448 10.725000
11.397198 -8.531279 10.836084
11.501687 -8.618379 10.947090
11.593781 -8.724183 11.052724
11.685877 -8.829988 11.158357
11.777971 -8.935793 11.263989
11.859513 -9.051915 11.366731
11.934280 -9.174661 11.467616
12.009048 -9.297407 11.568501
12.080197 -9.422583 11.668570
12.134883 -9.558817 11.764924
12.189568 -9.695051 11.861278
12.244253 -9.831286 11.957631
12.284777 -9.974108 12.050800
12.318951 -10.119883 12.142541
12.353126 -10.265657 12.234281
12.385097 -10.412134 12.325459
12.400270 -10.563968 12.412354
12.415442 -10.715801 12.499249
12.430615 -10.867636 12.586144
12.438487 -11.021017 12.670832
12.437382 -11.176303 12.752806
12.436277 -11.331588 12.834779
12.435172 -11.486874 12.916753
12.425140 -11.643429 12.995394
12.411260 -11.800531 13.072598
12.397379 -11.957634 13.149801
12.383499 -12.114738 13.227005
12.361979 -12.272761 13.300428
12.339561 -12.430894 13.373408
12.317145 -12.589026 13.446388
12.294452 -12.747231 13.519114
12.268507 -12.906273 13.588877
12.242563 -13.065316 13.658639
12.216619 -13.224359 13.728401
12.191466 -13.383739 13.797665
12.168147 -13.543901 13.865771
12.144827 -13.704064 13.933878
12.121508 -13.864227 14.001985
12.104736 -14.025063 14.070241
12.091934 -14.186305 14.138589
12.079132 -14.347548 14.206936
12.068190 -14.508739 14.275470
12.075885 -14.669420 14.345876
12.083580 -14.830100 14.416282
12.091275 -14.990781 14.486687
12.121844 -15.147149 14.559052
12.161309 -15.301840 14.632180
12.200775 -15.456531 14.705308
12.258146 -15.603786 14.778817
12.337211 -15.742029 14.852788
12.416275 -15.880274 14.926759
12.499609 -16.015387 15.000347
12.616128 -16.126162 15.070966
12.732647 -16.236935 15.141584
12.849166 -16.347710 15.212202
12.976657 -16.445467 15.280066
13.119585 -16.524912 15.344053
13.262514 -16.604357 15.408041
13.405442 -16.683802 15.472028
13.548371 -16.763245 15.536016
13.691299 -16.842690 15.600003
13.834229 -16.922134 15.663990
13.977157 -17.001579 15.727978
14.120086 -17.081024 15.791965
14.263014 -17.160469 15.855952
14.405942 -17.239914 15.919940
14.548871 -17.319359 15.983928
14.691799 -17.398804 16.047915
14.834728 -17.478249 16.111902
14.977656 -17.557692 16.175890
15.120585 -17.637136 16.239878
15.263514 -17.716581 16.303865
15.406443 -17.796026 16.367853
15.549371 -17.875471 16.431839
15.692300 -17.954916 16.495827
15.835228 -18.034361 16.559814
15.978157 -18.113806 16.623802
16.121086 -18.193251 16.687790
16.264013 -18.272696 16.751778
16.406942 -18.352139 16.815765
16.549871 -18.431583 16.879751
16.692801 -18.511028 16.943739
16.835728 -18.590473 17.007727
16.978657 -18.669918 17.071714
17.121586 -18.749363 17.135702
17.264515 -18.828808 17.199690
17.407442 -18.908253 17.263676
17.550371 -18.987698 17.327663
17.693300 -19.067141 17.391651
17.836229 -19.146585 17.455639
17.979156 -19.226030 17.519627
18.122086 -19.305475 17.583614
18.265015 -19.384920 17.647602
18.407942 -19.464365 17.711588
18.550871 -19.543810 17.775576
18.693800 -19.623255 17.839563
18.836729 -19.702700 17.903551
18.979656 -19.782145 17.967539
19.122585 -19.861588 18.031527
19.265514 -19.941032 18.095514
19.408443 -20.020477 18.159500
19.551371 -20.099922 18.223488
19.694300 -20.179367 18.287476
19.837229 -20.258812 18.351463
19.980158 -20.338257 18.415451
20.123085 -20.417702 18.479439
20.266014 -20.497147 18.543427
20.408943 -20.576591 18.607412
20.551872 -20.656034 18.671400
20.694799 -20.735479 18.735388
20.837729 -20.814924 18.799376
20.980658 -20.894369 18.863363
21.123587 -20.973814 18.927351
21.266514 -21.053259 18.991337
21.409443 -21.132704 19.055325
21.552372 -21.212149 19.119312
21.695301 -21.291594 19.183300
21.838228 -21.371038 19.247288
21.981157 -21.450481 19.311275
22.124086 -21.529926 19.375263
22.267014 -21.609371 19.439249
22.409943 -21.688816 19.503237
22.552872 -21.768261 19.567225
22.695801 -21.847706 19.631212
22.838728 -21.927151 19.695200
22.981657 -22.006596 19.759188
23.124586 -22.086040 19.823175
23.267515 -22.165485 19.887161
23.410442 -22.244928 19.951149
23.553371 -22.324373 20.015137
23.696301 -22.403818 20.079124
23.839230 -22.483263 20.143112
23.982157 -22.562708 20.207100
24.125086 -22.642153 20.271088
24.268015 -22.721598 20.335073
24.410944 -22.801043 20.399061
24.553871 -22.880487 20.463049
24.696800 -22.959932 20.527037
24.839729 -23.039375 20.591024
24.982658 -23.118820 20.655012
25.125586 -23.198265 20.718998
25.268515 -23.277710 20.782986
25.411444 -23.357155 20.846973
25.554371 -23.436600 20.910961
25.697300 -23.516045 20.974949
25.840229 -23.595490 21.038937
25.983158 -23.674934 21.102924
26.126085 -23.754379 21.166910
26.269014 -23.833822 21.230898
26.411943 -23.913267 21.294886
26.554873 -23.992712 21.358873
26.697800 -24.072157 21.422861
26.840729 -24.151602 21.486849
26.983658 -24.231047 21.550837
27.126587 -24.310492 21.614822
27.269514 -24.389936 21.678810
27.412443 -24.469381 21.742798
27.555372 -24.548826 21.806786
27.698301 -24.628269 21.870773
27.841228 -24.707714 21.934761
27.984158 -24.787159 21.998749
28.127087 -24.866604 22.062735
28.270016 -24.946049 22.126722
28.412943 -25.025494 22.190710
28.555872 -25.104939 22.254698
28.698801 -25.184383 22.318686
28.841730 -25.263828 22.382673
28.984657 -25.343271 22.446659
29.127586 -25.422716 22.510647
29.270515 -25.502161 22.574635
29.413443 -25.581606 22.638622
29.556372 -25.661051 22.702610
29.699301 -25.740496 22.766598
29.842230 -25.819941 22.830585
29.985157 -25.899385 22.894571
30.128086 -25.978830 22.958559
30.271015 -26.058275 23.022547
30.413944 -26.137718 23.086535
30.556871 -26.217163 23.150522
30.699800 -26.296608 23.214510
30.842730 -26.376053 23.278498
30.985659 -26.455498 23.342484
31.128586 -26.534943 23.406471
