#pt3d 600
2.903332 26.573563 3.390343
2.841700 26.444590 3.289804
2.780068 26.315615 3.189266
2.718435 26.186642 3.088727
2.656803 26.057669 2.988189
2.595170 25.928694 2.887650
2.533538 25.799721 2.787112
2.471905 25.670746 2.686574
2.410273 25.541773 2.586035
2.348640 25.412800 2.485497
2.287008 25.283825 2.384958
2.225375 25.154852 2.284420
2.163743 25.025879 2.183881
2.102110 24.896904 2.083343
2.040478 24.767931 1.982804
1.978845 24.638956 1.882265
1.917213 24.509983 1.781727
1.855580 24.381010 1.681188
1.793948 24.252035 1.580650
1.732316 24.123062 1.480111
1.670683 23.994087 1.379573
1.609051 23.865114 1.279034
1.547418 23.736141 1.178496
1.485786 23.607166 1.077958
1.424153 23.478193 0.977419
1.362521 23.349218 0.876880
1.300888 23.220245 0.776342
1.239256 23.091272 0.675803
1.177623 22.962297 0.575265
1.115991 22.833324 0.474726
1.054358 22.704351 0.374188
0.992726 22.575377 0.273650
0.931093 22.446404 0.173111
0.869461 22.317429 0.072573
0.807828 22.188456 -0.027966
0.746196 22.059483 -0.128504
0.684563 21.930508 -0.229043
0.622931 21.801535 -0.329581
0.561299 21.672560 -0.430120
0.499666 21.543587 -0.530658
0.438034 21.414614 -0.631197
0.376401 21.285639 -0.731735
0.314769 21.156666 -0.832274
0.253136 21.027693 -0.932812
0.191504 20.898718 -1.033351
0.129871 20.769745 -1.133889
0.068239 20.640770 -1.234428
0.006606 20.511797 -1.334966
-0.055026 20.382824 -1.435505
-0.116659 20.253849 -1.536043
-0.178291 20.124876 -1.636582
-0.239924 19.995901 -1.737120
-0.301556 19.866928 -1.837659
-0.363189 19.737955 -1.938197
-0.424821 19.608980 -2.038736
-0.486454 19.480007 -2.139274
-0.548086 19.351032 -2.239813
-0.609719 19.222059 -2.340351
-0.671351 19.093086 -2.440890
-0.732983 18.964111 -2.541428
-0.794616 18.835138 -2.641967
-0.856248 18.706165 -2.742505
-0.917881 18.577190 -2.843044
-0.979513 18.448217 -2.943582
-1.041146 18.319242 -3.044121
-1.102778 18.190269 -3.144659
-1.164411 18.061296 -3.245198
-1.226043 17.932322 -3.345736
-1.287676 17.803349 -3.446275
-1.349308 17.674374 -3.546813
-1.410941 17.545401 -3.647352
-1.472573 17.416428 -3.747890
-1.534206 17.287453 -3.848429
-1.615157 17.166416 -3.943606
-1.707695 17.050137 -4.035567
-1.800233 16.933859 -4.127529
-1.893571 16.818003 -4.219054
-2.009905 16.714254 -4.298069
-2.126239 16.610504 -4.377084
-2.242573 16.506756 -4.456100
-2.366478 16.407547 -4.528180
-2.499415 16.313755 -4.591989
-2.632352 16.219963 -4.655798
-2.765289 16.126171 -4.719607
-2.907165 16.037716 -4.769945
-3.050697 15.950247 -4.817786
-3.194228 15.862780 -4.865628
-3.338867 15.775821 -4.910511
-3.488268 15.691051 -4.942671
-3.637670 15.606282 -4.974830
-3.787071 15.521513 -5.006989
-3.937583 15.436575 -5.031890
-4.089175 15.351473 -5.049729
-4.240767 15.266370 -5.067569
-4.392358 15.181268 -5.085409
-4.543500 15.094039 -5.093660
-4.694550 15.006372 -5.099939
-4.845599 14.918706 -5.106218
-4.996196 14.830239 -5.111100
-5.144967 14.738548 -5.110348
-5.293738 14.646856 -5.109596
-5.442510 14.555165 -5.108843
-5.589193 14.460211 -5.107795
-5.734849 14.363652 -5.106601
-5.880506 14.267094 -5.105408
-6.025028 14.168969 -5.106847
-6.167022 14.067358 -5.114152
-6.309017 13.965747 -5.121457
-6.450080 13.863448 -5.132186
-6.586736 13.757899 -5.159121
-6.723392 13.652350 -5.186056
-6.857264 13.546741 -5.221532
-6.983993 13.440978 -5.278932
-7.110722 13.335215 -5.336330
-7.227904 13.232820 -5.413448
-7.337757 13.133012 -5.505706
-7.447609 13.033203 -5.597964
-7.538575 12.942830 -5.716108
-7.627162 12.853645 -5.837513
-7.713981 12.765379 -5.960568
-7.782352 12.686702 -6.100840
-7.850723 12.608026 -6.241112
-7.917984 12.529830 -6.382090
-7.969710 12.458364 -6.532946
-8.021436 12.386896 -6.683803
-8.073162 12.315430 -6.834659
-8.113471 12.246791 -6.990126
-8.151283 12.178770 -7.146600
-8.189095 12.110750 -7.303074
-8.221499 12.042893 -7.460688
-8.246081 11.975274 -7.619949
-8.270662 11.907654 -7.779210
-8.295244 11.840034 -7.938471
-8.306618 11.770813 -8.098481
-8.316757 11.701443 -8.258561
-8.326896 11.632072 -8.418642
-8.330225 11.561438 -8.578238
-8.323704 11.488974 -8.737131
-8.317183 11.416511 -8.896026
-8.310662 11.344048 -9.054919
-8.287106 11.268029 -9.210425
-8.262181 11.191727 -9.365659
-8.237258 11.115423 -9.520891
-8.204058 11.037167 -9.673266
-8.160955 10.956572 -9.822221
-8.117854 10.875977 -9.971175
-8.074752 10.795382 -10.120130
-8.016897 10.710102 -10.261221
-7.958342 10.624599 -10.401938
-7.899786 10.539097 -10.542655
-7.837065 10.451364 -10.679963
-7.767420 10.359925 -10.811604
-7.697775 10.268486 -10.943245
-7.628130 10.177047 -11.074885
-7.553989 10.080536 -11.200150
-7.477857 9.981778 -11.322590
-7.401724 9.883020 -11.445029
-7.325591 9.784263 -11.567469
-7.247031 9.677381 -11.681190
-7.168263 9.569802 -11.794166
-7.089495 9.462224 -11.907140
-7.010745 9.353434 -12.018858
-6.932126 9.235551 -12.121150
-6.853507 9.117669 -12.223441
-6.774887 8.999786 -12.325732
-6.697023 8.877461 -12.422878
-6.620405 8.747802 -12.511528
-6.543787 8.618142 -12.600179
-6.467169 8.488482 -12.688829
-6.393387 8.348102 -12.761676
-6.320239 8.205321 -12.830988
-6.247091 8.062542 -12.900300
-6.177050 7.912372 -12.953408
-6.109511 7.756247 -12.993464
-6.041974 7.600122 -13.033520
-5.981298 7.438043 -13.044250
-5.924077 7.272966 -13.040220
-5.869438 7.108736 -13.028225
-5.830831 6.949757 -12.966775
-5.792222 6.790779 -12.905325
-5.774664 6.654567 -12.800065
-5.761485 6.523092 -12.685691
-5.759888 6.408866 -12.556159
-5.770758 6.313208 -12.410310
-5.781628 6.217549 -12.264460
-5.808757 6.147742 -12.106990
-5.837942 6.081203 -11.948051
-5.867127 6.014664 -11.789112
-5.909188 5.966029 -11.626663
-5.951672 5.917981 -11.464098
-5.994155 5.869933 -11.301534
-6.043888 5.828689 -11.139253
-6.095931 5.789614 -10.977063
-6.147974 5.750538 -10.814874
-6.202203 5.711870 -10.653335
-6.260454 5.673950 -10.492992
-6.318705 5.636031 -10.332650
-6.376956 5.598111 -10.172307
-6.437199 5.555790 -10.013827
-6.497772 5.512742 -9.855655
-6.558344 5.469694 -9.697482
-6.617950 5.423081 -9.540030
-6.675904 5.370377 -9.383812
-6.733858 5.317672 -9.227592
-6.791812 5.264967 -9.071374
-6.841655 5.200963 -8.916619
-6.891047 5.136330 -8.761946
-6.940438 5.071698 -8.607272
-6.980603 4.999838 -8.453391
-7.015133 4.923563 -8.299994
-7.049662 4.847289 -8.146597
-7.076384 4.767575 -7.993771
-7.090641 4.682372 -7.841856
-7.104899 4.597169 -7.689942
-7.114213 4.510925 -7.538548
-7.105108 4.420805 -7.389096
-7.096004 4.330683 -7.239644
-7.085647 4.240504 -7.090402
-7.053373 4.149314 -6.944856
-7.021100 4.058124 -6.799311
-6.988826 3.966934 -6.653765
-6.939484 3.876626 -6.512695
-6.887416 3.786459 -6.372339
-6.835349 3.696292 -6.231984
-6.774676 3.606648 -6.094995
-6.708200 3.517356 -5.960279
-6.641725 3.428065 -5.825561
-6.573200 3.338528 -5.692106
-6.498373 3.248235 -5.562533
-6.423546 3.157943 -5.432961
-6.348719 3.067651 -5.303389
-6.271858 2.974367 -5.177191
-6.194553 2.880429 -5.051731
-6.117248 2.786491 -4.926270
-6.040928 2.690410 -4.801882
-5.966394 2.590443 -4.679440
-5.891861 2.490477 -4.556996
-5.817327 2.390511 -4.434553
-5.748999 2.283952 -4.314113
-5.681488 2.176526 -4.193935
-5.613977 2.069099 -4.073758
-5.550669 1.958332 -3.954493
-5.492952 1.843123 -3.836441
-5.435234 1.727913 -3.718390
-5.377526 1.612697 -3.600340
-5.330381 1.490414 -3.484733
-5.283237 1.368131 -3.369125
-5.236092 1.245848 -3.253518
-5.194611 1.119922 -3.139808
-5.156895 0.991573 -3.027358
-5.119179 0.863225 -2.914908
-5.083040 0.733692 -2.803374
-5.052237 0.600153 -2.694934
-5.021433 0.466614 -2.586493
-4.990630 0.333074 -2.478054
-4.963311 0.195377 -2.373998
-4.936434 0.057150 -2.270500
-4.909557 -0.081076 -2.167001
-4.883361 -0.221806 -2.066817
-4.857656 -0.364341 -1.969023
-4.831951 -0.506877 -1.871229
-4.805948 -0.650551 -1.775252
-4.779272 -0.796797 -1.683374
-4.752596 -0.943042 -1.591497
-4.725781 -1.089427 -1.499894
-4.696542 -1.238261 -1.413094
-4.667303 -1.387095 -1.326294
-4.638063 -1.535929 -1.239493
-4.605758 -1.685559 -1.155208
-4.572713 -1.835381 -1.071528
-4.539669 -1.985203 -0.987849
-4.503977 -2.134526 -0.904401
-4.466071 -2.283430 -0.821146
-4.428164 -2.432334 -0.737891
-4.388803 -2.580520 -0.654083
-4.345217 -2.726620 -0.568667
-4.301631 -2.872721 -0.483252
-4.258046 -3.018821 -0.397837
-4.208804 -3.160969 -0.308925
-4.159119 -3.302808 -0.219740
-4.109435 -3.444646 -0.130554
-4.056437 -3.583803 -0.039186
-4.000671 -3.720721 0.054004
-3.944906 -3.857639 0.147195
-3.888580 -3.994112 0.240672
-3.827079 -4.126467 0.336800
-3.765578 -4.258822 0.432927
-3.704077 -4.391177 0.529055
-3.639457 -4.521533 0.625813
-3.572586 -4.650446 0.723026
-3.505714 -4.779359 0.820240
-3.438843 -4.908272 0.917453
-3.366785 -5.035177 1.013597
-3.294727 -5.162081 1.109741
-3.222669 -5.288985 1.205885
-3.148625 -5.415541 1.300927
-3.071174 -5.541497 1.394078
-2.993724 -5.667454 1.487229
-2.916273 -5.793411 1.580379
-2.834611 -5.918958 1.670370
-2.751190 -6.044334 1.759042
-2.667770 -6.169711 1.847713
-2.584146 -6.295052 1.936229
-2.493814 -6.419257 2.019620
-2.403481 -6.543461 2.103011
-2.313149 -6.667665 2.186402
-2.219929 -6.790913 2.267874
-2.121511 -6.912439 2.345888
-2.023093 -7.033964 2.423903
-1.924676 -7.155490 2.501918
-1.819734 -7.273541 2.576509
-1.712039 -7.390126 2.649656
-1.604343 -7.506711 2.722802
-1.495849 -7.622692 2.795639
-1.377949 -7.731559 2.864837
-1.260049 -7.840426 2.934035
-1.142150 -7.949294 3.003233
-1.019084 -8.052912 3.071054
-0.890586 -8.151013 3.137428
-0.762089 -8.249114 3.203801
-0.633592 -8.347215 3.270175
-0.495619 -8.432565 3.334984
-0.356921 -8.516939 3.399673
-0.218224 -8.601314 3.464363
-0.076049 -8.679399 3.528780
0.071510 -8.747748 3.592777
0.219068 -8.816097 3.656775
0.366627 -8.884447 3.720772
0.520029 -8.937897 3.784882
0.674381 -8.988922 3.849010
0.828734 -9.039948 3.913138
0.984449 -9.085553 3.977517
1.143167 -9.119215 4.042451
1.301885 -9.152876 4.107385
1.460603 -9.186538 4.172318
1.620831 -9.208093 4.238263
1.781608 -9.225250 4.304574
1.942384 -9.242409 4.370885
2.103179 -9.257765 4.437412
2.264102 -9.259808 4.505531
2.425026 -9.261850 4.573650
2.585949 -9.263893 4.641769
2.746256 -9.259385 4.710858
2.905881 -9.247633 4.781019
3.065506 -9.235881 4.851180
3.225131 -9.224130 4.921340
3.382863 -9.202085 4.993103
3.540162 -9.177685 5.065230
3.697461 -9.153285 5.137359
3.854305 -9.127109 5.209721
4.008601 -9.090979 5.283397
4.162897 -9.054849 5.357074
4.317193 -9.018718 5.430750
4.469832 -8.977239 5.504844
4.620813 -8.930406 5.579356
4.771795 -8.883573 5.653867
4.922776 -8.836739 5.728379
5.070936 -8.781721 5.802883
5.218656 -8.725427 5.877386
5.366375 -8.669132 5.951889
5.513411 -8.610966 6.026224
5.658365 -8.547092 6.100044
5.803319 -8.483220 6.173864
5.948272 -8.419348 6.247685
6.092005 -8.352187 6.320926
6.235058 -8.283197 6.393844
6.378111 -8.214209 6.466762
6.521128 -8.145121 6.539657
6.663416 -8.074083 6.612104
6.805704 -8.003045 6.684551
6.947992 -7.932008 6.756997
7.090381 -7.861495 6.829754
7.232889 -7.791595 6.902873
7.375396 -7.721695 6.975993
7.517903 -7.651795 7.049112
7.661149 -7.585756 7.124331
7.804490 -7.520225 7.199826
7.947832 -7.454692 7.275321
8.091403 -7.391426 7.352200
8.235459 -7.332972 7.432022
8.379517 -7.274518 7.511843
8.523574 -7.216063 7.591665
8.667506 -7.164768 7.676346
8.811401 -7.115587 7.762464
8.955297 -7.066405 7.848580
9.098822 -7.019898 7.936585
9.241211 -6.981615 8.030397
9.383599 -6.943332 8.124209
9.525988 -6.905048 8.218020
9.666058 -6.875979 8.318179
9.805334 -6.850060 8.420507
9.944611 -6.824142 8.522836
10.082580 -6.802211 8.627552
10.217249 -6.790342 8.738295
10.351919 -6.778473 8.849036
10.486589 -6.766604 8.959779
10.616167 -6.768961 9.076854
10.745014 -6.773359 9.194836
10.873861 -6.777757 9.312819
10.998970 -6.792264 9.433522
11.120793 -6.815660 9.556618
11.242617 -6.839056 9.679713
11.362201 -6.868126 9.803367
11.475513 -6.913097 9.928582
11.588824 -6.958067 10.053798
11.701527 -7.004400 10.178925
11.804614 -7.072264 10.302651
11.907701 -7.140128 10.426378
12.010788 -7.207992 10.550105
12.103444 -7.295413 10.669481
12.194821 -7.385232 10.788322
12.286200 -7.475052 10.907165
12.369111 -7.578060 11.020944
12.448583 -7.686428 11.132664
12.528053 -7.794796 11.244384
12.602533 -7.909711 11.352540
12.671400 -8.031986 11.456688
12.740268 -8.154262 11.560836
12.808005 -8.277830 11.664083
12.868743 -8.409407 11.761752
12.929482 -8.540982 11.859422
12.990220 -8.672559 11.957091
13.047193 -8.808161 12.051376
13.102611 -8.945424 12.144265
13.158030 -9.082688 12.237154
13.212797 -9.220587 12.329459
13.264839 -9.361147 12.419322
13.316882 -9.501706 12.509185
13.368924 -9.642265 12.599049
13.419432 -9.784020 12.687888
13.469003 -9.926502 12.776105
13.518574 -10.068985 12.864322
13.568076 -10.211505 12.952516
13.614663 -10.355583 13.039762
13.661251 -10.499661 13.127007
13.707839 -10.643740 13.214253
13.752542 -10.788587 13.301179
13.794687 -10.934477 13.387670
13.836832 -11.080367 13.474160
13.878977 -11.226257 13.560651
13.915567 -11.374119 13.646278
13.951103 -11.522354 13.731744
13.986638 -11.670589 13.817208
14.019790 -11.819588 13.902205
14.046768 -11.970560 13.985993
14.073747 -12.121532 14.069780
14.100725 -12.272504 14.153568
14.120384 -12.425509 14.235554
14.137390 -12.579251 14.316886
14.154396 -12.732994 14.398218
14.169414 -12.887194 14.478955
14.176065 -13.043321 14.557193
14.182718 -13.199447 14.635429
14.189371 -13.355574 14.713667
14.189855 -13.512856 14.789674
14.186806 -13.670802 14.864404
14.183757 -13.828748 14.939135
14.180292 -13.986757 15.013686
14.168956 -14.145963 15.084861
14.157619 -14.305168 15.156035
14.146282 -14.464375 15.227210
14.132218 -14.623941 15.296984
14.114469 -14.783998 15.364864
14.096719 -14.944054 15.432745
14.078969 -15.104110 15.500626
14.057854 -15.264652 15.566321
14.035678 -15.425347 15.631329
14.013502 -15.586043 15.696336
13.991188 -15.746775 15.761202
13.966712 -15.908061 15.823879
13.942236 -16.069347 15.886557
13.917760 -16.230633 15.949234
13.893163 -16.392128 16.011316
13.868325 -16.554037 16.072222
13.843488 -16.715946 16.133127
13.818651 -16.877855 16.194031
13.793814 -17.039764 16.254936
13.768976 -17.201674 16.315842
13.744139 -17.363581 16.376747
13.719301 -17.525490 16.437651
13.694464 -17.687399 16.498556
13.669626 -17.849308 16.559462
13.644789 -18.011217 16.620367
13.619951 -18.173126 16.681271
13.595114 -18.335033 16.742176
13.570276 -18.496943 16.803082
13.545439 -18.658852 16.863987
13.520601 -18.820761 16.924891
13.495765 -18.982670 16.985796
13.470927 -19.144579 17.046701
13.446090 -19.306488 17.107607
13.421252 -19.468395 17.168512
13.396415 -19.630304 17.229416
13.371577 -19.792213 17.290321
13.346740 -19.954123 17.351227
13.321902 -20.116032 17.412132
13.297065 -20.277941 17.473036
13.272227 -20.439848 17.533941
13.247390 -20.601757 17.594847
13.222552 -20.763666 17.655752
13.197715 -20.925575 17.716656
13.172877 -21.087484 17.777561
13.148041 -21.249393 17.838467
13.123203 -21.411303 17.899372
13.098366 -21.573210 17.960276
13.073528 -21.735119 18.021181
13.048691 -21.897028 18.082087
13.023853 -22.058937 18.142992
12.999016 -22.220846 18.203896
12.974178 -22.382755 18.264801
12.949341 -22.544662 18.325706
12.924503 -22.706572 18.386612
12.899666 -22.868481 18.447515
12.874828 -23.030390 18.508421
12.849991 -23.192299 18.569326
12.825154 -23.354208 18.630232
12.800317 -23.516117 18.691135
12.775479 -23.678024 18.752041
12.750642 -23.839933 18.812946
12.725804 -24.001842 18.873852
12.700967 -24.163752 18.934755
12.676129 -24.325661 18.995661
12.651292 -24.487570 19.056566
12.626454 -24.649477 19.117472
12.601617 -24.811386 19.178375
12.576779 -24.973295 19.239281
12.551942 -25.135204 19.300186
12.527104 -25.297113 19.361092
12.502267 -25.459023 19.421995
12.477430 -25.620932 19.482901
12.452593 -25.782839 19.543806
12.427755 -25.944748 19.604712
12.402918 -26.106657 19.665615
12.378080 -26.268566 19.726521
12.353243 -26.430475 19.787426
12.328405 -26.592384 19.848331
12.303568 -26.754292 19.909235
12.278730 -26.916201 19.970140
12.253893 -27.078110 20.031046
12.229055 -27.240019 20.091951
12.204218 -27.401928 20.152857
12.179380 -27.563837 20.213760
12.154544 -27.725746 20.274666
12.129706 -27.887653 20.335571
12.104869 -28.049562 20.396477
12.080031 -28.211472 20.457380
12.055194 -28.373381 20.518286
12.030356 -28.535290 20.579191
12.005519 -28.697199 20.640097
11.980681 -28.859106 20.701000
11.955844 -29.021015 20.761906
11.931006 -29.182924 20.822811
11.906169 -29.344833 20.883717
11.881331 -29.506742 20.944620
11.856494 -29.668652 21.005526
11.831656 -29.830561 21.066431
11.806820 -29.992468 21.127337
11.781982 -30.154377 21.188240
11.757145 -30.316286 21.249146
11.732307 -30.478195 21.310051
11.707470 -30.640104 21.370956
11.682632 -30.802013 21.431860
11.657795 -30.963921 21.492765
11.632957 -31.125830 21.553671
11.608120 -31.287739 21.614576
11.583282 -31.449648 21.675480
11.558445 -31.611557 21.736385
11.533607 -31.773466 21.797291
11.508770 -31.935375 21.858196
11.483933 -32.097282 21.919100
11.459096 -32.259193 21.980005
11.434258 -32.421101 22.040911
11.409421 -32.583008 22.101816
11.384583 -32.744919 22.162720
11.359746 -32.906826 22.223625
11.334908 -33.068737 22.284531
11.310071 -33.230644 22.345436
11.285233 -33.392555 22.406340
11.260396 -33.554462 22.467245
11.235559 -33.716370 22.528151
11.210721 -33.878281 22.589056
11.185884 -34.040188 22.649960
11.161046 -34.202099 22.710865
11.136209 -34.364006 22.771770
11.111372 -34.525917 22.832676
11.086535 -34.687824 22.893579
11.061697 -34.849731 22.954485
11.036860 -35.011642 23.015390
11.012022 -35.173550 23.076296
10.987185 -35.335461 23.137201
10.962347 -35.497368 23.198105
10.937510 -35.659275 23.259010
10.912672 -35.821186 23.319916
10.887835 -35.983093 23.380821
10.862997 -36.145004 23.441725
10.838160 -36.306911 23.502630
10.813323 -36.468822 23.563536
10.788486 -36.630730 23.624441
10.763648 -36.792637 23.685345
10.738811 -36.954548 23.746250
