/*--------------------------------*- C++ -*----------------------------------*\
| =========                 |                                                 |
| \\      /  F ield         | OpenFOAM: The Open Source CFD Toolbox           |
|  \\    /   O peration     | Version:  v1612+                                |
|   \\  /    A nd           | Web:      www.OpenFOAM.com                      |
|    \\/     M anipulation  |                                                 |
\*---------------------------------------------------------------------------*/
FoamFile
{
    version     2.0;
    format      ascii;
    class       volVectorField;
    location    "200";
    object      wallShearStress;
}
// * * * * * * * * * * * * * * * * * * * * * * * * * * * * * * * * * * * * * //

dimensions      [0 2 -2 0 0 0 0];

internalField   uniform (0 0 0);

boundaryField
{
    WALL
    {
        type            calculated;
        value           nonuniform List<vector> 
1484
(
(-0.00902596 -0.0100348 -0.00483728)
(-0.00797815 -0.0086579 -0.00482559)
(-0.00641885 -0.0102236 -0.00367339)
(-0.00741622 -0.011215 -0.00428868)
(-0.0163936 -0.0262611 -0.00106789)
(-0.0137095 -0.0249529 -0.00186631)
(-0.00792336 -0.0134441 -0.00598785)
(-0.00778976 -0.0123691 -0.00528705)
(-0.00851695 -0.0128178 -0.00655838)
(-0.00759769 -0.011124 -0.00580515)
(0.001421 -0.0132501 -0.00735348)
(0.00211938 -0.00962816 -0.00439924)
(-0.0179378 -0.0298504 -0.000118651)
(-0.0194275 -0.0279897 -0.00140166)
(-0.0116656 -0.0168074 -0.00219557)
(-0.0111477 -0.0173211 -0.0029014)
(-0.00999514 -0.0134257 -0.00535924)
(-0.00856431 -0.0129218 -0.00517543)
(-0.0108069 -0.0174421 -0.00902954)
(-0.00773512 -0.0150584 -0.00745)
(-0.0124988 -0.0171259 -0.00181437)
(-0.0127981 -0.0184139 -0.00132591)
(0.000149223 -0.00635912 -0.00173899)
(-0.000391628 -0.0060848 -0.00141338)
(-0.0104783 -0.018164 -0.0102225)
(-0.0104086 -0.0170461 -0.0104692)
(-0.00387733 -0.00634651 -0.00183473)
(-0.00494836 -0.00754241 -0.00231823)
(-0.0100994 -0.0220032 -0.0115827)
(-0.0095769 -0.0208296 -0.0114569)
(-0.00319924 -0.00141715 -0.00215863)
(-0.00354626 -0.00104616 -0.00290158)
(-0.00381509 0.000126088 -0.00420398)
(-0.0058701 -0.00186562 -0.00699829)
(-0.00765472 -0.0118422 -0.00505401)
(-0.00771461 -0.0117996 -0.00515719)
(-0.0102735 -0.0187441 -0.00452455)
(-0.00889893 -0.0112333 -0.00549639)
(-0.00841267 -0.011659 -0.00546149)
(-0.00821208 -0.014001 -0.00744781)
(-0.00891286 -0.0137978 -0.00706541)
(-0.00954202 -0.0156307 -0.00913777)
(-0.0104005 -0.0156349 -0.00898384)
(-0.0104695 -0.0132025 -0.00475354)
(-0.0120929 -0.0151795 -0.00516499)
(-0.00900157 -0.0149245 -0.00709624)
(-0.0111956 -0.0159674 -0.00704329)
(-0.00636308 -0.0155902 -0.00906281)
(-0.00922905 -0.0165378 -0.00908096)
(-0.0130064 -0.0191564 -0.010343)
(-0.0108485 -0.0203021 -0.0124179)
(-0.0195824 -0.0345509 -0.00232703)
(-0.00907263 -0.015142 -0.00934553)
(-0.0104292 -0.0165381 -0.0102552)
(-0.00974144 -0.01668 -0.0120979)
(-0.010677 -0.0175258 -0.0138203)
(-0.0108519 -0.0133634 -0.00431312)
(-0.00920475 -0.0124069 -0.00472206)
(-0.0156741 -0.0226288 -0.014493)
(-0.0123537 -0.0224141 -0.0163109)
(-0.010921 -0.0245858 -0.0224042)
(-0.00499498 -0.0228409 -0.0201331)
(-0.00874149 -0.0148226 -0.00583075)
(-0.00977834 -0.015524 -0.00566215)
(-0.00942666 -0.015101 -0.00550165)
(-0.0094104 -0.0157616 -0.00598491)
(-0.0088094 -0.0144083 -0.00559879)
(-0.00351699 -0.013964 -0.00793171)
(-0.00193587 -0.0120003 -0.00589697)
(-0.00321045 -0.0132497 -0.00735068)
(-0.00341866 -0.0136133 -0.00700858)
(-0.00172935 -0.012587 -0.00671895)
(-0.0015942 -0.0119003 -0.00577889)
(-0.0143372 -0.0303409 -0.00466847)
(-0.013896 -0.0312501 -0.00504637)
(-0.01481 -0.029911 -0.00446176)
(-0.0148292 -0.0300961 -0.0052922)
(-0.0158047 -0.0314163 -0.00481822)
(-0.0136647 -0.0290874 -0.005516)
(-0.0123849 -0.0232986 -0.00666821)
(-0.0130999 -0.023409 -0.00715802)
(-0.0121133 -0.0224655 -0.0071623)
(-0.012451 -0.0243982 -0.00699062)
(-0.0119386 -0.023733 -0.00741367)
(-0.0119258 -0.0227366 -0.00724092)
(-0.0190509 -0.0264995 -0.00200508)
(-0.0188795 -0.024415 -0.0027986)
(-0.0202156 -0.0254005 -0.00524672)
(-0.0201451 -0.0285086 -0.00276269)
(-0.0200527 -0.0265804 -0.00385818)
(-0.0184665 -0.0251014 -0.00185092)
(-0.0217181 -0.0271688 -0.0121202)
(-0.0207165 -0.0268169 -0.0140497)
(-0.0183416 -0.0263607 -0.0160737)
(-0.0187929 -0.025614 -0.0155622)
(-0.0212894 -0.0258737 -0.0113203)
(-0.0202041 -0.0264175 -0.0147992)
(-0.00924404 -0.0148942 -0.00272611)
(-0.00945035 -0.0148985 -0.00266609)
(-0.00938741 -0.0151569 -0.00227379)
(-0.0101867 -0.0163052 -0.00242625)
(-0.00957514 -0.0157855 -0.00277519)
(-0.00998866 -0.0152861 -0.00254428)
(-0.00886159 -0.0113426 -0.00390731)
(-0.00856646 -0.0109315 -0.00387733)
(-0.00781928 -0.0103869 -0.00353605)
(-0.00820753 -0.0108119 -0.00407643)
(-0.00771417 -0.00971281 -0.00320374)
(-0.00931321 -0.0118773 -0.00614356)
(-0.010859 -0.0138389 -0.00700677)
(-0.0105816 -0.0130121 -0.00677435)
(-0.0102157 -0.0133893 -0.00768515)
(-0.0108317 -0.0134164 -0.00592393)
(-0.010747 -0.0132163 -0.00717986)
(-0.0118475 -0.0142872 -0.00517606)
(-0.0112628 -0.0140635 -0.00415401)
(-0.0111582 -0.0141926 -0.00355493)
(-0.0117206 -0.0139752 -0.00412663)
(-0.0106216 -0.0127652 -0.00468538)
(-0.010623 -0.0131426 -0.00366475)
(-0.00842055 -0.011198 -0.00450904)
(-0.00961238 -0.0119877 -0.00365328)
(-0.0023694 -0.001621 -0.00132494)
(-0.00330497 -0.00188624 -0.00207331)
(-0.00149091 -0.000263478 -0.0009577)
(-0.000751806 -0.000410647 -0.000397373)
(-0.0012314 -0.000756944 -0.000580653)
(-0.0157384 -0.032364 -0.00419415)
(-0.0166872 -0.0329702 -0.00372964)
(-0.0177162 -0.0331737 -0.00378342)
(-0.0169718 -0.0321403 -0.00175686)
(-0.0247528 -0.0316418 -0.0131569)
(-0.0224732 -0.0276111 -0.0148829)
(-0.0230653 -0.0283036 -0.0136216)
(-0.0230699 -0.0275849 -0.00923992)
(-0.0202084 -0.0268383 -0.0161344)
(-0.0195047 -0.0262796 -0.0169339)
(-0.0235579 -0.0325342 -0.00268623)
(-0.0228109 -0.0319493 -0.00116006)
(-0.022579 -0.0327892 -0.00111316)
(-0.0237994 -0.0346623 -0.00184397)
(-0.0250502 -0.0323745 -0.00477972)
(-0.0244792 -0.0315196 -0.00417694)
(-0.00534961 -0.00627688 -0.00231965)
(-0.00666666 -0.00692735 -0.00305565)
(-0.00624353 -0.00688236 -0.00270072)
(-0.00468261 -0.00602749 -0.00189969)
(-0.00506844 -0.0059364 -0.00213229)
(-0.00617956 -0.00698759 -0.00268124)
(-0.0117114 -0.017028 -0.00806492)
(-0.0117245 -0.0154051 -0.00637167)
(-0.0110221 -0.016347 -0.00767042)
(-0.00918445 -0.0146635 -0.00682406)
(-0.00910939 -0.0146793 -0.00697344)
(-0.0112772 -0.0156355 -0.00606389)
(-0.0128007 -0.0157141 -0.00460569)
(-0.0117449 -0.014848 -0.00543238)
(-0.0130838 -0.0160709 -0.00545444)
(-0.0124002 -0.015323 -0.00503983)
(-0.0125073 -0.0155152 -0.00563768)
(-0.0123128 -0.015717 -0.0058745)
(-0.0111566 -0.014117 -0.00510186)
(-0.0122044 -0.0148065 -0.00447501)
(-0.0127539 -0.0159681 -0.00597687)
(-0.0125487 -0.0162293 -0.00624185)
(-0.0106252 -0.0143459 -0.00567628)
(-0.0103419 -0.0143248 -0.00558028)
(-0.0123618 -0.0149807 -0.00512198)
(-0.0118619 -0.0150293 -0.00493623)
(-0.011322 -0.0149694 -0.00606634)
(-0.0102174 -0.0136052 -0.00530754)
(-0.0105149 -0.013871 -0.00571666)
(-0.0101936 -0.0134882 -0.00539946)
(-0.00949635 -0.0127512 -0.00486413)
(-0.0104035 -0.0138346 -0.00559802)
(-0.0107331 -0.013239 -0.00467423)
(-0.0135178 -0.0167948 -0.0062155)
(-0.01215 -0.0163362 -0.00676116)
(-0.0125561 -0.016024 -0.00621767)
(-0.0123848 -0.0157272 -0.00603994)
(-0.013648 -0.0171554 -0.00589411)
(-0.0117262 -0.0155624 -0.00654094)
(-0.00892669 -0.0143462 -0.0070469)
(-0.00901205 -0.0154015 -0.00710663)
(-0.00946768 -0.0158217 -0.00723673)
(-0.00981318 -0.0163024 -0.00740646)
(-0.00889673 -0.0141573 -0.00750725)
(-0.00888148 -0.015449 -0.00833508)
(-0.00990235 -0.0160802 -0.00807297)
(-0.0100308 -0.0174321 -0.00737493)
(-0.00979048 -0.0170645 -0.00732164)
(-0.00977378 -0.017304 -0.00696705)
(-0.0101181 -0.0173417 -0.00682168)
(-0.00952284 -0.0162781 -0.00681151)
(-0.0101063 -0.0173597 -0.00678933)
(-0.00962361 -0.0119563 -0.00469086)
(-0.00880477 -0.0115128 -0.00528034)
(-0.00979997 -0.0119735 -0.00462538)
(-0.0102162 -0.0122407 -0.00396823)
(-0.00961147 -0.0119956 -0.00442815)
(-0.00832825 -0.010556 -0.00464341)
(-0.00843563 -0.0141288 -0.00720144)
(-0.00832443 -0.0135269 -0.00670925)
(-0.00874985 -0.0134002 -0.00663232)
(-0.00859155 -0.013427 -0.00660199)
(-0.00880233 -0.0128316 -0.00657128)
(-0.0110483 -0.0185289 -0.00417746)
(-0.0106101 -0.018375 -0.0041367)
(-0.0112647 -0.0190475 -0.00529135)
(-0.0102211 -0.0183788 -0.00355894)
(-0.0101214 -0.0170315 -0.00435149)
(-0.0106827 -0.0181561 -0.00624814)
(-0.010177 -0.0173719 -0.00614669)
(-0.0104786 -0.0181743 -0.00600335)
(-0.0101979 -0.0175839 -0.00643183)
(-0.0110903 -0.019197 -0.00647754)
(-0.00963751 -0.0150265 -0.00459869)
(-0.00935108 -0.0156692 -0.00438213)
(-0.0100031 -0.0163192 -0.00494602)
(-0.00804834 -0.0119992 -0.00441715)
(-0.00857881 -0.0129554 -0.00460917)
(-0.00808865 -0.0123764 -0.00429482)
(-0.00819554 -0.0121015 -0.00519178)
(-0.00768501 -0.0119273 -0.00575569)
(-0.0078908 -0.0124239 -0.0050773)
(-0.00776949 -0.0118637 -0.00529015)
(-0.00798136 -0.0116522 -0.0053397)
(-0.00996198 -0.00940128 -0.0200058)
(-0.0107922 -0.0094688 -0.0199297)
(-0.0103302 -0.00596067 -0.0151587)
(-0.0108967 -0.00894552 -0.0182369)
(-0.00916119 -0.00585084 -0.017072)
(-0.00997421 -0.00621785 -0.0153878)
(-0.00726619 -0.0030959 -0.00777778)
(-0.00667286 -0.0034663 -0.00682087)
(-0.00853964 -0.00491394 -0.0094278)
(-0.00802405 -0.00316535 -0.00939609)
(-0.00971813 -0.00648754 -0.011186)
(-0.00913242 -0.00560771 -0.0101615)
(-0.00926166 -0.00606701 -0.0136523)
(-0.00971933 -0.00654113 -0.0151985)
(-0.00853395 -0.00480181 -0.0105094)
(-0.0080261 -0.00379728 -0.0121814)
(-0.00952292 -0.00584289 -0.0133959)
(-0.00848319 -0.00394467 -0.0105857)
(0.00165104 -0.0019412 0.000303491)
(0.0016059 -0.00249655 -5.63016e-05)
(0.000843371 -0.00386797 -0.000441133)
(0.00103774 -0.00268216 1.59656e-05)
(0.00128763 -0.00155763 0.000339227)
(0.00127475 -0.00417362 -0.000515124)
(0.00260616 0.00203832 0.000998505)
(0.00253005 0.000836942 0.000790444)
(0.00268486 0.00204048 0.00101939)
(0.00233265 -0.000189797 0.000451471)
(0.00238987 0.000449542 0.000734357)
(0.00266179 -0.00060205 0.000520426)
(-0.0011142 -0.00155327 -0.000353673)
(-0.00223382 -0.00213092 -0.00103584)
(-0.00266217 -0.00261087 -0.00115202)
(-0.00210438 -0.00281657 -0.000770493)
(-0.000796856 -0.00216737 -0.000240733)
(-0.00130191 -0.00258532 -0.000397087)
(-0.00112772 -0.00901856 -0.00377631)
(0.000704105 -0.00491125 -0.000771809)
(-0.000521252 -0.00923791 -0.00363227)
(-0.000973991 -0.00824569 -0.00292714)
(-2.84385e-05 -0.0070407 -0.00207704)
(0.000233629 -0.00776649 -0.00287678)
(0.000583709 -0.00664171 -0.00191793)
(0.000428078 -0.000967386 0.000232098)
(0.000529289 -0.00236717 6.72702e-05)
(0.000807673 -0.000996269 0.00030541)
(0.000361802 -0.00286496 -1.6227e-05)
(-4.86306e-05 -0.00122776 9.32232e-05)
(-2.72688e-05 -0.00214791 3.69194e-05)
(-0.00603098 -0.00367921 -0.00462124)
(-0.00603742 -0.00322151 -0.00473951)
(-0.00835197 -0.00550031 -0.00742259)
(-0.00856479 -0.00644401 -0.00764823)
(-0.00675867 -0.00330142 -0.00603209)
(-0.00745513 -0.00488829 -0.006106)
(-0.00488574 -0.00344227 -0.00291896)
(-0.00742606 -0.00515102 -0.00561273)
(-0.004283 -0.00328085 -0.00240455)
(-0.00528865 -0.00373297 -0.00366265)
(-0.00657086 -0.00539797 -0.00412611)
(-0.00707086 -0.00577276 -0.00493064)
(-0.00879545 -0.00835839 -0.00505703)
(-0.00993467 -0.0115962 -0.00509864)
(-0.00962752 -0.0105921 -0.00474732)
(-0.00840743 -0.00847848 -0.00434879)
(-0.00821101 -0.0079536 -0.00462022)
(-0.00983985 -0.0105516 -0.00507606)
(-0.0093786 -0.00965905 -0.00604284)
(-0.0077221 -0.00787012 -0.00411748)
(-0.00853839 -0.0171215 -0.0208237)
(-0.0094798 -0.0184564 -0.0189963)
(-0.00968673 -0.0164673 -0.0214175)
(-0.0102969 -0.0142594 -0.0233112)
(-0.0100593 -0.0146116 -0.0214395)
(-0.0109516 -0.016886 -0.0197019)
(-0.0125534 -0.0271657 -0.01083)
(-0.0108216 -0.0238412 -0.0107192)
(-0.0114997 -0.024653 -0.0102736)
(-0.00928459 -0.0188065 -0.015897)
(-0.0101594 -0.020476 -0.0151628)
(-0.0100587 -0.0190436 -0.0128332)
(-0.0100766 -0.0182881 -0.0135199)
(-0.00951555 -0.0179686 -0.0164797)
(-0.00963341 -0.017234 -0.0148112)
(-0.00413996 -0.00589435 -0.00175479)
(-0.00339883 -0.00541724 -0.00160131)
(-0.00320043 -0.00585236 -0.00166022)
(-0.00341754 -0.00519676 -0.00142747)
(-0.003211 -0.00568508 -0.00153076)
(-0.00275317 -0.00483669 -0.00113524)
(-0.00603533 -0.00742778 -0.00232268)
(-0.00619514 -0.00741082 -0.00242573)
(-0.00525543 -0.00690252 -0.00227391)
(-0.00567497 -0.00745016 -0.00258569)
(-0.00559745 -0.00668701 -0.00218241)
(-0.00592781 -0.00772405 -0.00255597)
(-0.00255948 -0.00725873 -0.00218211)
(-0.00237788 -0.005925 -0.00150316)
(-0.00179597 -0.00635738 -0.00151903)
(-0.00330514 -0.00721196 -0.00198959)
(-0.00297833 -0.00764397 -0.00231197)
(-0.010021 -0.0117534 -0.00324208)
(-0.00974686 -0.0117722 -0.00416014)
(-0.0119472 -0.0141279 -0.0034364)
(-0.0104937 -0.0128673 -0.00411497)
(-0.0103124 -0.0121055 -0.00365384)
(-0.0112664 -0.0140321 -0.00347127)
(-0.0106533 -0.0129265 -0.00509353)
(-0.0100631 -0.0126209 -0.00527063)
(-0.0102039 -0.0122941 -0.00522203)
(-0.0100446 -0.0125784 -0.00560286)
(-0.0112367 -0.0140712 -0.00475044)
(-0.0118371 -0.0141317 -0.00565537)
(-0.01082 -0.0213673 -0.00965624)
(-0.0104995 -0.0197514 -0.00943712)
(-0.0112228 -0.0219339 -0.00953824)
(-0.0103919 -0.0213959 -0.0104175)
(-0.0112305 -0.0225792 -0.0099474)
(-0.0106604 -0.0208917 -0.0102346)
(-0.0104386 -0.0174301 -0.00905565)
(-0.0093979 -0.0174673 -0.00967327)
(-0.00945444 -0.0167226 -0.0111337)
(-0.0103985 -0.0159206 -0.0097302)
(-0.00957481 -0.0158526 -0.00900805)
(-0.0103982 -0.0177466 -0.0112796)
(-0.00927425 -0.016316 -0.00293845)
(-0.00971821 -0.0160936 -0.00256446)
(-0.0093867 -0.0153067 -0.00301424)
(-0.00905966 -0.0158263 -0.0025459)
(-0.0091607 -0.0152442 -0.00309764)
(-0.0100228 -0.0171445 -0.00260602)
(-0.0074531 -0.0117227 -0.00448492)
(-0.00630514 -0.0103184 -0.00393456)
(-0.00735933 -0.0116795 -0.00451682)
(-0.00866743 -0.0127666 -0.00486562)
(-0.00913759 -0.0131371 -0.00530391)
(-0.00663535 -0.00974043 -0.00357792)
(-0.00903844 -0.0130386 -0.00507395)
(-0.00752318 -0.0122781 -0.00502453)
(-0.0114688 -0.0163285 -0.00773026)
(-0.0133952 -0.0179316 -0.00835581)
(-0.0106373 -0.0162775 -0.00722154)
(-0.0110761 -0.0173376 -0.00897611)
(-0.0110399 -0.0158069 -0.00734138)
(-0.0134933 -0.0183031 -0.00772055)
(-0.0125934 -0.0152614 -0.00385905)
(-0.0131864 -0.0164655 -0.00450601)
(-0.0141681 -0.0177796 -0.0048208)
(-0.0132278 -0.0167105 -0.00447336)
(-0.0137873 -0.0164173 -0.00386084)
(-0.0139294 -0.0182815 -0.00396147)
(-0.0139428 -0.0169744 -0.0042651)
(-0.00699876 -0.0089844 -0.00295998)
(-0.00657528 -0.00834532 -0.00271719)
(-0.00422644 -0.0113186 -0.00499062)
(-0.00352362 -0.012324 -0.00616084)
(-0.00269786 -0.0102534 -0.00479896)
(-0.00279684 -0.0100359 -0.00416103)
(-0.00246825 -0.00952377 -0.00389901)
(-0.00355976 -0.011613 -0.0058494)
(-0.0084125 -0.0128387 -0.00552921)
(-0.00588496 -0.0113602 -0.00464163)
(-0.00626695 -0.0119356 -0.00518332)
(-0.00750899 -0.012031 -0.00481274)
(-0.00809866 -0.013194 -0.00563467)
(-0.00621014 -0.0111887 -0.0045409)
(-0.00421325 -0.00854635 -0.00302308)
(-0.00505122 -0.00914725 -0.00343772)
(-0.00478403 -0.00953083 -0.00359867)
(-0.00417947 -0.00800846 -0.00264483)
(-0.00394872 -0.00797923 -0.00268694)
(-0.00501675 -0.00879684 -0.00309437)
(-0.0116683 -0.0148607 -0.00308203)
(-0.0114905 -0.0143475 -0.00475238)
(-0.01179 -0.0149627 -0.00305651)
(-0.0108618 -0.0136287 -0.0036195)
(-0.0112714 -0.0138773 -0.00483789)
(-0.0123131 -0.0151253 -0.00439879)
(-0.0095237 -0.0105946 -0.00461027)
(-0.0082678 -0.00876947 -0.00393435)
(-0.00951553 -0.0103647 -0.00451702)
(-0.00910902 -0.0100895 -0.00427504)
(-0.00843046 -0.00918367 -0.00388036)
(-0.00828669 -0.00884325 -0.00400315)
(-0.0120677 -0.0157695 -0.00367449)
(-0.012261 -0.0165545 -0.0020343)
(-0.0115067 -0.015453 -0.00298635)
(-0.0124428 -0.0171878 -0.00321479)
(-0.0123 -0.0168909 -0.001902)
(-0.0103998 -0.0151513 -0.00182209)
(-0.0105827 -0.0163179 -0.00159861)
(-0.0111096 -0.0159288 -0.00235974)
(-0.0119689 -0.0169775 -0.002449)
(-0.0116923 -0.0165792 -0.00206992)
(-0.0110899 -0.0169362 -0.00175001)
(-0.0113777 -0.0168633 -0.00259701)
(-0.00879521 -0.01403 -0.00357062)
(-0.0085227 -0.0149281 -0.00328345)
(-0.00893397 -0.0146878 -0.00308039)
(-0.00917717 -0.0144004 -0.00360906)
(-0.00907148 -0.0152176 -0.00318909)
(-0.00875745 -0.0149454 -0.00323961)
(-0.00866915 -0.0125849 -0.00414202)
(-0.00884678 -0.0127878 -0.00429161)
(-0.00820367 -0.0130958 -0.00353007)
(-0.00926244 -0.0142122 -0.00398189)
(-0.00882405 -0.0140688 -0.00417408)
(-0.00896911 -0.0139788 -0.00376703)
(-0.00871221 -0.0130913 -0.0038787)
(-0.00892942 -0.0135775 -0.00412062)
(-0.0246533 -0.0306937 -0.0062998)
(-0.0233466 -0.0305089 -0.00327801)
(-0.0235051 -0.0287973 -0.0084814)
(-0.0231715 -0.0309909 -0.00215855)
(-0.0247778 -0.032399 -0.00510744)
(-0.0223431 -0.0273327 -0.00614939)
(-0.0158829 -0.0218769 -0.0120898)
(-0.0166901 -0.0221187 -0.0119962)
(-0.0197927 -0.0258926 -0.0121862)
(-0.0156115 -0.0237172 -0.0161431)
(-0.0200716 -0.0250593 -0.0115279)
(-0.0157058 -0.0242737 -0.0157499)
(-0.00618671 -0.0153782 -0.00990674)
(-0.0057812 -0.0183582 -0.0122608)
(-0.00991704 -0.0193701 -0.0115914)
(-0.00641328 -0.0194071 -0.0129935)
(-0.00818429 -0.0181334 -0.011783)
(-0.0172016 -0.0213876 -0.00870964)
(-0.0168976 -0.0216474 -0.00974553)
(-0.0186469 -0.022911 -0.00578107)
(-0.0175411 -0.0218648 -0.00697078)
(-0.0161211 -0.0197266 -0.00710332)
(-0.0177741 -0.0219379 -0.00696312)
(-0.0194294 -0.0245015 -0.0047032)
(-0.0183948 -0.0227461 -0.00465821)
(-0.0190615 -0.0237559 -0.00565327)
(-0.0176445 -0.0226126 -0.00314854)
(-0.0195055 -0.0256323 -0.00403705)
(-0.0181728 -0.0234011 -0.00280445)
(-0.0209213 -0.0287978 -0.00170607)
(-0.0200341 -0.0317302 -0.000950259)
(-0.0189085 -0.0276929 -0.00134728)
(-0.0209456 -0.0295187 -0.00135629)
(-0.0189873 -0.0294527 -0.00149062)
(-0.0222551 -0.0300463 -0.00378315)
(-0.0209917 -0.025819 -0.00802546)
(-0.0233465 -0.0279791 -0.0067503)
(-0.0227357 -0.0290479 -0.00633849)
(-0.0202864 -0.0256128 -0.00394888)
(-0.0214834 -0.0265768 -0.00606235)
(-0.0204869 -0.0252385 -0.00887967)
(-0.0199206 -0.0241985 -0.00580779)
(-0.0191269 -0.023277 -0.00755448)
(-0.0197447 -0.0238474 -0.00737424)
(-0.0188348 -0.0227741 -0.00644116)
(-0.0193577 -0.0235393 -0.00846161)
(-0.0192837 -0.0239815 -0.00828948)
(-0.0122779 -0.0235924 -0.00865066)
(-0.0121354 -0.0223372 -0.00861512)
(-0.0120052 -0.0228553 -0.00870891)
(-0.0114924 -0.0231945 -0.00816318)
(-0.0125872 -0.0227113 -0.00822703)
(-0.0135787 -0.0258372 -0.00653204)
(-0.0128442 -0.0257419 -0.0054261)
(-0.0143345 -0.0278477 -0.0060541)
(-0.0132906 -0.0276657 -0.00629172)
(-0.0129161 -0.0259361 -0.00673714)
(-0.0136197 -0.0278123 -0.00698896)
(-0.0171189 -0.030424 -0.002051)
(-0.0159513 -0.0305538 -0.00292704)
(-0.0147831 -0.0285828 -0.00308307)
(-0.0153303 -0.0294016 -0.00102396)
(-0.0152543 -0.0294812 -0.00211869)
(-0.0152862 -0.0295089 -0.00185429)
(-0.0125157 -0.0186971 -0.00198995)
(-0.0136774 -0.0204748 -0.00194494)
(-0.0133772 -0.0199588 -0.00146817)
(-0.0124691 -0.019865 -0.00158855)
(-0.0115934 -0.0189703 -0.00131275)
(-0.0127534 -0.0200197 -0.00224655)
(-0.0108001 -0.0208461 -0.00333606)
(-0.0107923 -0.019641 -0.00358153)
(-0.0114019 -0.019529 -0.00353018)
(-0.0109049 -0.0203068 -0.00292256)
(-0.011778 -0.0215703 -0.00275415)
(-0.0111834 -0.0199955 -0.00265828)
(-0.0118611 -0.0230486 -0.00367628)
(-0.0125994 -0.0230282 -0.00357239)
(-0.0115528 -0.0213046 -0.00427329)
(-0.0125097 -0.022257 -0.00430451)
(-0.0119521 -0.0217693 -0.00347642)
(-0.0104169 -0.0183611 -0.00460719)
(-0.0104845 -0.0192677 -0.00456442)
(-0.0117452 -0.0207924 -0.00469528)
(-0.0106739 -0.0202924 -0.00375492)
(-0.0108531 -0.0195069 -0.00423782)
(-0.0130576 -0.021418 -0.00219445)
(-0.012202 -0.0204123 -0.00157473)
(-0.014393 -0.0220538 -0.00241553)
(-0.0127986 -0.0208582 -0.000958811)
(-0.0130871 -0.0227699 -0.00256523)
(-0.0125516 -0.0211622 -0.00250115)
(-0.0141752 -0.0247963 -0.00176408)
(-0.0132105 -0.0227426 -0.00158411)
(-0.0123094 -0.0216508 -0.00210436)
(-0.0127225 -0.0229213 -0.00229856)
(-0.0127148 -0.0234443 -0.00145536)
(-0.0116667 -0.0212304 -0.00226876)
(0.00267969 -0.00672794 -0.00218416)
(0.0024645 -0.00378593 -0.000739933)
(0.00234874 -0.00516309 -0.0012379)
(0.002243 -0.00563768 -0.0016575)
(0.00234416 -0.00218595 2.98041e-06)
(0.00224867 -0.00287358 -0.000284529)
(-0.0165705 -0.0262515 -0.0201395)
(-0.00975964 -0.0261659 -0.0223676)
(-0.0154722 -0.0268221 -0.0203568)
(-0.0126059 -0.024491 -0.0205623)
(-0.0106556 -0.023629 -0.0195667)
(0.00176322 -0.00912227 -0.00376094)
(0.00204412 -0.0097657 -0.00432823)
(0.00206098 -0.00862944 -0.00328178)
(0.000898368 -0.0107169 -0.00518954)
(0.000550557 -0.0120635 -0.00658538)
(0.000830083 -0.0119798 -0.00617179)
(-0.000514296 -0.0172034 -0.0119079)
(-0.00380853 -0.0188093 -0.0138858)
(-0.00281129 -0.0180343 -0.012495)
(-0.000780324 -0.0159171 -0.0104528)
(-0.00050326 -0.0163707 -0.0103419)
(-0.00343651 -0.0191278 -0.0138145)
(-0.0163592 -0.0295214 -0.00214167)
(-0.0153367 -0.0277064 -0.00234824)
(-0.016286 -0.0302347 -0.00257098)
(-0.0176083 -0.0303756 -0.00108768)
(-0.0145924 -0.0265393 -0.00103811)
(-0.0159868 -0.0280609 -0.000775178)
(-0.0177446 -0.0290639 -0.00117362)
(-0.016109 -0.0264237 -0.0024388)
(-0.00880276 -0.0102287 -0.00413358)
(-0.00757212 -0.00836563 -0.00354999)
(-0.00882654 -0.0104652 -0.00437537)
(-0.00961996 -0.0104525 -0.00530568)
(-0.00811421 -0.00865333 -0.00404458)
(-0.00798319 -0.00914498 -0.00404803)
(-0.0100414 -0.0230164 -0.0124706)
(-0.00863316 -0.0219535 -0.0139549)
(-0.00972795 -0.0229528 -0.0136646)
(-0.00943846 -0.0198507 -0.0161641)
(-0.00926446 -0.020721 -0.0186362)
(-0.0100688 -0.0215215 -0.0142362)
(-0.00923067 -0.0210308 -0.0155027)
(-0.00823971 -0.0201354 -0.0172132)
(-0.00919815 -0.0213076 -0.0156038)
(0.00215111 0.00267635 0.000925061)
(0.00198141 0.00215508 0.000839721)
(0.0018537 0.0026702 0.000765546)
(0.00198049 0.00251002 0.000768992)
(0.00159496 0.00260043 0.000560703)
(0.00203556 0.00298092 0.000768995)
(0.002788 0.00321052 0.00111555)
(0.00163751 0.0031405 0.000460496)
(0.00258821 0.00313797 0.00105804)
(0.000271729 0.00254069 -0.000315121)
(-0.00100984 0.00126676 -0.00140631)
(0.00103038 0.00252737 0.000224192)
(-0.000710003 0.00137535 -0.00101366)
(0.000660724 0.00208941 -9.26582e-05)
(-0.00209162 0.00103276 -0.00252597)
(-0.000345516 0.00223447 -0.00101056)
(-0.00913075 -0.0150458 -0.00559527)
(-0.00886434 -0.0142985 -0.00566549)
(-0.00809018 -0.0129235 -0.00515311)
(-0.00813621 -0.012833 -0.00492548)
(-0.0082984 -0.0134906 -0.00552248)
(-0.00890109 -0.0141604 -0.00503929)
(-0.00984644 -0.0151816 -0.00525717)
(-0.00935699 -0.0140654 -0.00464092)
(-0.00913798 -0.0151594 -0.00534252)
(-0.00948383 -0.0148358 -0.00478814)
(-0.00959507 -0.015149 -0.00516127)
(-0.00997633 -0.0158624 -0.00518886)
(-0.0088662 -0.0141288 -0.00607555)
(-0.00848693 -0.0143679 -0.00632356)
(-0.0080984 -0.0135187 -0.0063049)
(-0.00856247 -0.0140953 -0.00665633)
(-0.00791835 -0.0122753 -0.00531676)
(-0.00841585 -0.0121662 -0.00535427)
(-0.00941602 -0.0153223 -0.00695845)
(-0.00917237 -0.0151274 -0.00653813)
(-0.00935678 -0.0155911 -0.00634434)
(-0.00974648 -0.0160922 -0.00644621)
(-0.00945198 -0.0153925 -0.00648927)
(-0.00923347 -0.0147604 -0.00593786)
(-0.00879621 -0.0143225 -0.0066982)
(-0.00924915 -0.0150943 -0.0067838)
(0.000420142 0.00235873 -0.000315373)
(0.0015764 0.0027875 0.000534024)
(-0.00889195 -0.0191797 -0.0203937)
(-0.00977222 -0.0220485 -0.0145523)
(-0.0109086 -0.0240468 -0.0140808)
(-0.00087212 -0.0138949 -0.00864838)
(-0.0005793 -0.0144769 -0.00877457)
(0.00136814 -0.0131571 -0.00769989)
(0.00161952 -0.0147271 -0.00920475)
(-0.00638156 -0.0205825 -0.015616)
(-0.00688581 -0.0195868 -0.0147987)
(-0.00248363 -0.0164493 -0.0108875)
(-0.00327255 -0.017727 -0.0124874)
(-0.00601456 -0.0192971 -0.0137515)
(0.000121052 -0.0170947 -0.0114652)
(-0.000332024 -0.018593 -0.0135742)
(-0.00371852 -0.0215168 -0.0165777)
(-0.00441588 -0.0198156 -0.0152814)
(-0.00696637 -0.0206841 -0.0168687)
(-0.00865324 -0.0232793 -0.0193514)
(-0.00661306 -0.0223269 -0.0180958)
(-8.70948e-05 -0.0188558 -0.0133293)
(0.00169548 -0.0164149 -0.0107353)
(-0.00797916 -0.0229492 -0.0184789)
(-0.00426946 -0.0213212 -0.0176907)
(0.00222789 -0.0101308 -0.00499769)
(0.00235028 -0.00871133 -0.00357775)
(-0.0116129 -0.0202834 -0.00532982)
(-0.0127097 -0.0226073 -0.0032051)
(-0.0122387 -0.0217133 -0.00540719)
(-0.0117597 -0.0213056 -0.00456246)
(-0.0112204 -0.020708 -0.00188387)
(-0.0117302 -0.0212657 -0.00301635)
(-0.0108972 -0.0206325 -0.00357684)
(-0.0110533 -0.0194112 -0.00415966)
(-0.0170092 -0.0244872 -0.00220966)
(-0.0162196 -0.02427 -0.0021883)
(-0.0159489 -0.0247346 -0.000518076)
(-0.0179218 -0.0266235 -0.00182518)
(-0.0134108 -0.0228673 -0.00126307)
(-0.0153763 -0.0253062 -0.00190416)
(-0.0153709 -0.0249351 -0.000942007)
(-0.0141734 -0.0229863 -0.00119354)
(-0.0149346 -0.0223259 -0.00133934)
(-0.0150748 -0.0227772 -0.000826595)
(-0.0152558 -0.0216024 -0.00119161)
(-0.0166411 -0.0224745 -0.00257616)
(-0.0177175 -0.0242389 -0.00306892)
(-0.0172564 -0.0227611 -0.00282476)
(-0.0141228 -0.0221386 -0.00162184)
(-0.0155134 -0.0213286 -0.00295013)
(-0.0144822 -0.0211833 -0.00207118)
(-0.0141976 -0.0201061 -0.00133388)
(-0.011634 -0.0198386 -0.00245573)
(-0.0112949 -0.0188946 -0.00173156)
(-0.0110045 -0.0184702 -0.00174972)
(-0.0107047 -0.0183397 -0.00218433)
(-0.0105173 -0.0180882 -0.00260294)
(-0.0114847 -0.0200159 -0.00251928)
(-0.0108234 -0.0189378 -0.00243097)
(-0.0104136 -0.0179029 -0.00297065)
(-0.0101615 -0.0186034 -0.0029215)
(-0.0110341 -0.0195159 -0.00315048)
(-0.0165342 -0.0209658 -0.00412387)
(-0.0179252 -0.0315903 0.000904109)
(-0.0167726 -0.0292021 -0.000844424)
(-0.0170394 -0.031322 -0.00105952)
(-0.0141516 -0.0275513 -0.00230066)
(-0.0153007 -0.0297402 -0.00380165)
(-0.0135588 -0.0275058 -0.00726338)
(-0.0133899 -0.0285909 -0.00690894)
(-0.0143241 -0.0300059 -0.00853526)
(-0.0113309 -0.0213059 -0.00604233)
(-0.0111244 -0.0196289 -0.00623698)
(-0.0138541 -0.0279274 -0.0080412)
(-0.0129474 -0.0267053 -0.00792095)
(-0.0129137 -0.026136 -0.00773741)
(-0.0127422 -0.0263183 -0.0100834)
(-0.0132869 -0.0264003 -0.00871248)
(-0.0116126 -0.0225594 -0.00462218)
(-0.0136352 -0.0262547 -0.00486746)
(-0.0138911 -0.0260995 -0.00557455)
(-0.013008 -0.0243318 -0.00509586)
(-0.0137331 -0.0256649 -0.00413512)
(-0.0138797 -0.0262466 -0.00253519)
(-0.0139132 -0.0274323 -0.00324825)
(-0.0196739 -0.0303877 -0.00215741)
(-0.0158855 -0.0271432 -0.00124656)
(-0.014065 -0.0253029 -0.00184878)
(-0.0141962 -0.0254917 -0.000680228)
(-0.0184372 -0.0224766 -0.00610214)
(-0.0166974 -0.021092 -0.00692282)
(-0.0165503 -0.0196063 -0.00589417)
(-0.0144967 -0.0172965 -0.00392905)
(-0.0157425 -0.0189686 -0.00599179)
(-0.0150648 -0.0186406 -0.00324223)
(-0.0159119 -0.0196911 -0.00321243)
(-0.0156634 -0.0218302 -0.00213775)
(-0.0141611 -0.0195987 -0.0029226)
(-0.0144158 -0.0185454 -0.00288208)
(-0.0151311 -0.0200757 -0.00272892)
(-0.0166284 -0.0207529 -0.00801549)
(-0.0165721 -0.0211773 -0.00755281)
(-0.0139051 -0.0195063 -0.00967854)
(-0.00701222 -0.0186669 -0.0129813)
(-0.00259725 -0.0165924 -0.0112768)
(-0.00539877 -0.0179729 -0.0120465)
(-0.00956264 -0.021529 -0.0161855)
(-0.0205521 -0.0256976 -0.01113)
(-0.0216744 -0.0321235 -0.00158215)
(-0.02247 -0.0286921 -0.00451747)
(-0.00866881 -0.0137324 -0.00320637)
(-0.00906218 -0.0139375 -0.00316873)
(-0.00844173 -0.013567 -0.00289005)
(-0.0087777 -0.0138958 -0.00341185)
(-0.00858604 -0.0142581 -0.00294001)
(-0.0087883 -0.0141575 -0.00386216)
(-0.008248 -0.0135138 -0.00329898)
(-0.00866298 -0.0143739 -0.00321311)
(-0.00877941 -0.0133783 -0.00426502)
(-0.00900668 -0.0130949 -0.00419885)
(-0.00923007 -0.0140751 -0.00291244)
(-0.00898219 -0.0142353 -0.00282914)
(-0.00973446 -0.0154358 -0.00249954)
(-0.00967668 -0.0145334 -0.00274428)
(-0.00990472 -0.0152567 -0.0020655)
(-0.00918391 -0.0145692 -0.00204912)
(-0.00977009 -0.0144178 -0.00252847)
(-0.0116823 -0.0152827 -0.00365662)
(-0.0103849 -0.0145763 -0.00310113)
(-0.012384 -0.0163217 -0.00301234)
(-0.010251 -0.0154526 -0.00182289)
(-0.0107107 -0.0157372 -0.00234774)
(-0.011084 -0.0165019 -0.00287719)
(-0.0114402 -0.0159952 -0.00307546)
(-0.0118679 -0.0179639 -0.00171154)
(-0.012173 -0.0170694 -0.00259212)
(-0.0132432 -0.0174296 -0.00343927)
(-0.0140723 -0.018071 -0.00280395)
(-0.0144383 -0.0191597 -0.00313589)
(-0.00982155 -0.0116017 -0.00440516)
(-0.0103997 -0.0128854 -0.0047052)
(-0.0109716 -0.0127549 -0.00505114)
(-0.00940633 -0.0104374 -0.00472983)
(-0.0100155 -0.011786 -0.00453791)
(-0.0109695 -0.0143829 -0.00423699)
(-0.0107111 -0.0135021 -0.00398783)
(-0.0108952 -0.0136193 -0.00311013)
(-0.00592598 -0.010559 -0.0041407)
(-0.00384983 -0.00860847 -0.00287593)
(-0.00194556 -0.00803081 -0.0027501)
(-0.00249142 -0.00918512 -0.0034249)
(-0.00641977 -0.00937418 -0.00325306)
(-0.00712073 -0.00966139 -0.00330359)
(-0.00718323 -0.00966898 -0.00317743)
(-0.00621555 -0.00883711 -0.00302291)
(-0.00650029 -0.00893831 -0.00301562)
(-0.00642107 -0.00846367 -0.00282628)
(-0.00737116 -0.0102044 -0.0036453)
(-0.00840149 -0.0117719 -0.00427228)
(-0.00751 -0.0103818 -0.00385327)
(-0.00744688 -0.00999629 -0.00345136)
(-0.00891759 -0.0124092 -0.00465741)
(-0.00793276 -0.0113815 -0.00432006)
(-0.00792802 -0.0117493 -0.00469323)
(-0.00982019 -0.0137603 -0.00526033)
(-0.0127339 -0.0158622 -0.00446877)
(-0.0123544 -0.0149669 -0.00399558)
(-0.0122184 -0.0169907 -0.00154862)
(-0.0129486 -0.0175035 -0.00332053)
(-0.0121172 -0.0158813 -0.00258387)
(-0.013443 -0.0174698 -0.00334476)
(-0.0128124 -0.0163351 -0.0031934)
(-0.0135786 -0.0184248 -0.00260862)
(-0.0134306 -0.0167029 -0.00294777)
(-0.0135723 -0.0170742 -0.00344459)
(-0.014009 -0.0173819 -0.00471477)
(-0.0133322 -0.0170988 -0.00263513)
(-0.0130409 -0.016688 -0.00374772)
(-0.00757398 -0.0146167 -0.00751914)
(-0.0144622 -0.018641 -0.00808112)
(-0.014145 -0.0186064 -0.00846678)
(-0.013819 -0.0178774 -0.00793162)
(-0.0145252 -0.0207827 -0.0103663)
(-0.0142772 -0.0185423 -0.00785824)
(-0.0123742 -0.0188491 -0.0023824)
(-0.0102607 -0.0158925 -0.00104366)
(-0.0124797 -0.0186102 -0.00205007)
(-0.0131042 -0.0189983 -0.00139523)
(-0.013616 -0.0178579 -0.00289762)
(-0.0114622 -0.0179525 -0.00165612)
(-0.0136467 -0.0195612 -0.00262936)
(-0.0122359 -0.0177281 -0.0012622)
(-0.0112619 -0.0168041 -0.00273004)
(-0.0114338 -0.0187951 -0.00142212)
(-0.0119536 -0.0193146 -0.00234209)
(-0.0102536 -0.0177492 -0.00165714)
(-0.0113298 -0.0182842 -0.00167652)
(-0.0107353 -0.016955 -0.00234983)
(-0.00938854 -0.0159143 -0.00195295)
(-0.0100501 -0.0167002 -0.00194105)
(-0.00916902 -0.01527 -0.00347342)
(-0.0113632 -0.0136595 -0.0134409)
(-0.0104701 -0.0134038 -0.0134783)
(-0.0104928 -0.0137703 -0.012862)
(-0.0108347 -0.0154615 -0.0133574)
(-0.0114626 -0.0154786 -0.0154415)
(-0.0102275 -0.0150321 -0.0149482)
(-0.011529 -0.0216284 -0.00827307)
(-0.0121498 -0.0231296 -0.00952559)
(-0.0123652 -0.0226121 -0.0091628)
(-0.0120402 -0.0231162 -0.00950116)
(-0.0101371 -0.018408 -0.0130984)
(-0.0107223 -0.0199476 -0.0130229)
(-0.0103797 -0.0180487 -0.0102426)
(-0.00898789 -0.0183379 -0.0120777)
(-0.0105339 -0.0192891 -0.0109458)
(-0.010313 -0.0197502 -0.0102153)
(-0.0111378 -0.0142778 -0.0103087)
(-0.0111848 -0.0137238 -0.0113459)
(-0.0113097 -0.0149901 -0.00921159)
(-0.0107094 -0.0146316 -0.00825086)
(-0.0109091 -0.0142085 -0.0101264)
(-0.0114577 -0.0144066 -0.0103884)
(-0.0115515 -0.0139466 -0.0104698)
(-0.0119909 -0.0136309 -0.0113637)
(-0.0106372 -0.0126977 -0.00551513)
(-0.0108697 -0.0126764 -0.00618608)
(-0.0111316 -0.0130846 -0.00609248)
(-0.0105723 -0.0121549 -0.00548374)
(-0.0103897 -0.0127264 -0.00365656)
(-0.0112011 -0.0141095 -0.003561)
(-0.0101564 -0.0116232 -0.0052117)
(-0.0110327 -0.0134232 -0.00487756)
(-0.0116945 -0.0142094 -0.0051422)
(-0.0108836 -0.013293 -0.00441201)
(-0.0108839 -0.012982 -0.00538511)
(-0.0106276 -0.0122274 -0.00549969)
(-0.0102597 -0.0125771 -0.00470536)
(-0.0106984 -0.0125287 -0.00492489)
(-0.000263347 -0.00421354 -0.000571025)
(2.85231e-06 -0.00485223 -0.000919497)
(-0.000771288 -0.00674892 -0.00184627)
(-0.00135805 -0.0086532 -0.00312434)
(-0.0016412 -0.00802191 -0.00274324)
(7.37816e-05 -0.00437447 -0.000453976)
(-0.00130627 -0.00611486 -0.00176396)
(-0.000961567 -0.00582411 -0.00122606)
(-0.00233687 -0.00725468 -0.00235637)
(-0.0019748 -0.00722682 -0.00211267)
(-0.00161436 -0.00570841 -0.00136147)
(-0.00129883 -0.00469362 -0.000800474)
(-0.0017446 -0.00360938 -0.000619874)
(-0.00177007 -0.00439731 -0.000710356)
(-0.00159289 -0.00481818 -0.000900161)
(-0.00101174 -0.00377448 -0.000479093)
(-0.00130435 -0.00330146 -0.00043525)
(-0.000534083 -0.00359992 -0.000342914)
(-0.00970249 -0.00834872 -0.00726353)
(-0.00906074 -0.00801163 -0.00778304)
(-0.0116072 -0.0134903 -0.00789447)
(-0.010728 -0.0119099 -0.00916672)
(-0.0108682 -0.0124682 -0.010106)
(-0.0101762 -0.0120275 -0.00785795)
(-0.0100431 -0.0100229 -0.00830899)
(-0.0122847 -0.0135374 -0.00842932)
(-0.0104615 -0.0104833 -0.00858873)
(-0.0112777 -0.0109403 -0.00873526)
(-0.00990556 -0.00896744 -0.00751561)
(-0.00894853 -0.00775701 -0.00642824)
(-0.00876098 -0.00818402 -0.00591193)
(-0.00835588 -0.00799187 -0.00536975)
(-0.00970778 -0.010182 -0.00611967)
(-0.00998647 -0.0114403 -0.00596304)
(-0.0103543 -0.0115174 -0.00685985)
(-0.0104057 -0.0115984 -0.00696862)
(-0.0100751 -0.0104926 -0.00667827)
(-0.010198 -0.0118628 -0.00505766)
(-0.0107128 -0.012913 -0.00551417)
(-0.0110182 -0.0123657 -0.00631957)
(-0.002423 -0.00369053 -0.000839189)
(-0.00272914 -0.00317335 -0.00108367)
(-0.00684933 -0.00619499 -0.00417428)
(-0.00398072 -0.00392352 -0.00188701)
(-0.00610849 -0.00542076 -0.00346053)
(-0.00457718 -0.00369178 -0.00250373)
(-0.00639622 -0.00690241 -0.00270301)
(-0.0058133 -0.00831879 -0.00279947)
(-0.00580387 -0.00688554 -0.00235562)
(-0.00514403 -0.00636165 -0.00214558)
(-0.00533996 -0.00695353 -0.00228625)
(-0.00531036 -0.00636678 -0.00209884)
(-0.00576473 -0.0068901 -0.0022318)
(-0.00545078 -0.00651947 -0.00227085)
(-0.0022481 -0.00575846 -0.00120548)
(-0.00236249 -0.00451878 -0.000941694)
(-0.00438681 -0.00628368 -0.00185387)
(-0.00422571 -0.0059276 -0.00183659)
(-0.00339926 -0.00738161 -0.00225738)
(-0.00422128 -0.00761508 -0.00251237)
(-0.00368692 -0.00682534 -0.00208533)
(-0.00422096 -0.00628545 -0.00191762)
(-0.00391747 -0.00637156 -0.00196436)
(-0.00328995 -0.00654122 -0.0020422)
(-0.00638608 -0.00896219 -0.00311126)
(-0.00531116 -0.00895701 -0.00315548)
(-0.00550851 -0.00832384 -0.00276853)
(-0.00494457 -0.00711391 -0.00216719)
(-0.00564655 -0.00819942 -0.00255444)
(-0.0048891 -0.00722364 -0.00229586)
(-0.00467241 -0.00751772 -0.0024654)
(-0.00517102 -0.00833019 -0.00277332)
(-0.0110305 -0.0177519 -0.0155061)
(-0.0120655 -0.0261286 -0.00884863)
(-0.0125048 -0.0274536 -0.00912224)
(-0.0127077 -0.0282798 -0.00968644)
(-0.0126039 -0.0250883 -0.00927442)
(-0.0114664 -0.0264633 -0.00999346)
(-0.012937 -0.0268722 -0.0101892)
(-0.0106567 -0.0205822 -0.0123429)
(-0.00908581 -0.0197492 -0.0139929)
(-0.00888064 -0.0189524 -0.0124504)
(-0.0105825 -0.0207499 -0.0119066)
(-0.0102903 -0.0198482 -0.0167562)
(-0.0109896 -0.0159116 -0.0176594)
(-0.010034 -0.0159833 -0.0181014)
(-0.00973426 -0.0177912 -0.0175114)
(-0.0107865 -0.0159542 -0.0195962)
(-0.00995036 -0.0115624 -0.0136435)
(-0.0100946 -0.0109067 -0.00539355)
(-0.00692719 -0.00617318 -0.00391667)
(-0.00459602 -0.00449596 -0.0022515)
(-0.00637667 -0.00590635 -0.0034817)
(-0.0113304 -0.0123707 -0.0133893)
(-0.0111568 -0.0114932 -0.0132549)
(-0.00816912 -0.00532958 -0.0067723)
(-0.00972298 -0.00771616 -0.00924145)
(-0.000966758 -0.0130104 -0.00731293)
(-0.0021123 -0.0110907 -0.00503304)
(-0.000616812 -0.010315 -0.00472356)
(-0.00648088 -0.00662364 -0.00346159)
(-0.00832328 -0.00856333 -0.00418284)
(-0.00658247 -0.00680111 -0.00325312)
(-0.00616354 -0.00619736 -0.00306755)
(-0.000255748 -0.00240628 -4.63706e-05)
(-0.000749673 -0.00119663 -0.000230708)
(-0.00396623 -0.00328901 -0.00199077)
(0.000953029 0.00224523 0.000155461)
(0.00226926 -0.00241049 -0.000302827)
(0.00244661 0.00246432 0.000979753)
(0.000865596 0.00208383 0.000258437)
(0.00158666 0.00244004 0.000617406)
(0.00142688 0.00226213 0.000517506)
(0.0014264 0.00145629 0.000606686)
(0.0017797 0.00173764 0.000740491)
(0.000296309 -4.67799e-05 0.000188083)
(0.00052109 0.000445124 0.00025147)
(-0.000270053 -0.010171 -0.00458891)
(9.54901e-05 -0.0109154 -0.00521327)
(0.000746016 -0.00843854 -0.00325256)
(0.000556861 -0.0113049 -0.00576101)
(0.000486782 -0.0104545 -0.00485827)
(0.00139086 -0.00867336 -0.00344875)
(0.00097896 -0.00764476 -0.00270344)
(0.00141112 -0.00787861 -0.00286333)
(0.00139269 -0.00601654 -0.0015995)
(0.00122434 -0.0052554 -0.0012453)
(0.00146401 0.000477547 0.000577156)
(0.0010324 8.25633e-05 0.000517182)
(0.0011708 -0.00060142 0.000508698)
(0.00304829 0.00299301 0.00122105)
(-0.00544377 -0.00111204 -0.00635555)
(-0.00197112 0.000618319 -0.0021239)
(-0.0081085 -0.00529426 -0.0086987)
(-0.0108966 -0.00887871 -0.0130459)
(-0.0100109 -0.00843684 -0.0136244)
(-0.00984445 -0.00800108 -0.013762)
(-0.0086498 -0.00574968 -0.0118634)
(0.000526238 0.00184821 -4.52116e-05)
(4.96655e-05 0.000830875 -8.8472e-05)
(0.000539621 0.0011963 8.53585e-05)
(4.4616e-05 0.00151439 -0.00031303)
(-0.00582153 -0.00280464 -0.00520704)
(-0.00398127 -0.00160378 -0.00311119)
(-0.00444548 -0.00123433 -0.00397473)
(-0.00107357 0.000176792 -0.000838722)
(-0.00381262 -0.000950387 -0.00344499)
(-0.00189901 6.98817e-05 -0.00156447)
(-0.00148913 0.000495782 -0.00138375)
(-0.00222901 0.000489573 -0.00223824)
(-0.00743332 -0.00251389 -0.00935308)
(-0.00815678 -0.00213003 -0.0124673)
(-0.00879619 -0.00408551 -0.0129217)
(-0.010436 -0.0111963 -0.0222842)
(-0.0111049 -0.0142467 -0.0198776)
(-0.00939308 -0.00852183 -0.0155649)
(-0.0110224 -0.013119 -0.0225667)
(-0.0077772 -0.0127179 -0.00550386)
(-0.00785659 -0.0122083 -0.00511763)
(-0.00858593 -0.0137563 -0.00481054)
(-0.00900534 -0.0141256 -0.00473276)
(-0.00905241 -0.0135678 -0.0044982)
(-0.00857949 -0.0127254 -0.00425791)
(-0.00920207 -0.0136657 -0.00453776)
(-0.00895333 -0.0134508 -0.00449612)
(-0.00923118 -0.0146106 -0.00463621)
(-0.00977898 -0.0157493 -0.00526885)
(-0.00989378 -0.0166583 -0.0050067)
(-0.0104339 -0.0172687 -0.00548233)
(-0.00744042 -0.0108905 -0.00474986)
(-0.00737502 -0.0111031 -0.00506139)
(-0.00752129 -0.0113507 -0.00503992)
(-0.0109351 -0.0191067 -0.00638479)
(-0.010752 -0.018133 -0.0061775)
(-0.0116656 -0.0213454 -0.0076179)
(-0.0116812 -0.0198493 -0.00704718)
(-0.0102158 -0.0174951 -0.00513222)
(-0.00933776 -0.0163081 -0.00452652)
(-0.0107217 -0.0180556 -0.0046539)
(-0.0100236 -0.0176563 -0.00471459)
(-0.00871022 -0.0150158 -0.00333897)
(-0.00939159 -0.0155358 -0.00425013)
(-0.00883353 -0.0154831 -0.00397059)
(-0.00957964 -0.0163812 -0.00421615)
(-0.00978423 -0.0175826 -0.00399845)
(-0.00907249 -0.0156592 -0.00359107)
(-0.00903471 -0.0158846 -0.00373482)
(-0.00986328 -0.0166603 -0.00418812)
(-0.0100018 -0.0125648 -0.00572465)
(-0.00793584 -0.0118855 -0.00613202)
(-0.00779535 -0.0111865 -0.00549652)
(-0.0069915 -0.0103935 -0.00474241)
(-0.00725058 -0.0112702 -0.00529314)
(-0.00930696 -0.0116813 -0.00424318)
(-0.00927848 -0.0121238 -0.00599518)
(-0.00899316 -0.0116323 -0.00536135)
(-0.00896927 -0.0126205 -0.00656612)
(-0.00863668 -0.0112701 -0.00470189)
(-0.00825515 -0.0110059 -0.00501611)
(-0.00808531 -0.010981 -0.00426789)
(-0.00842446 -0.0118203 -0.00540711)
(-0.0108956 -0.0171749 -0.00603348)
(-0.0109352 -0.0184546 -0.00680822)
(-0.0098207 -0.0161407 -0.00621619)
(-0.0103051 -0.0167799 -0.00613868)
(-0.00862506 -0.0146652 -0.00742154)
(-0.00939175 -0.016069 -0.00703257)
(-0.00903503 -0.0122388 -0.00637501)
(-0.0100317 -0.0162866 -0.00862359)
(-0.00959053 -0.0162771 -0.0097011)
(-0.0102151 -0.0163125 -0.0087988)
(-0.00837596 -0.0122176 -0.00681273)
(-0.00876606 -0.0129334 -0.00710942)
(-0.00944923 -0.0156339 -0.00944817)
(-0.00979872 -0.0157578 -0.00890603)
(-0.00894785 -0.0129185 -0.00782182)
(-0.00929038 -0.0136366 -0.00804197)
(-0.00966817 -0.013625 -0.00693591)
(-0.00927321 -0.013848 -0.00734053)
(-0.0109924 -0.0195254 -0.00745681)
(-0.0115868 -0.0210575 -0.00748851)
(-0.011815 -0.0215319 -0.00846235)
(-0.0116551 -0.020885 -0.00791719)
(-0.0113348 -0.0202491 -0.00788333)
(-0.0104292 -0.0173729 -0.0064395)
(-0.0106806 -0.0185672 -0.00712047)
(-0.00999727 -0.0178793 -0.00775911)
(-0.00977035 -0.0173828 -0.00817087)
(-0.0109404 -0.0183127 -0.00734632)
(-0.0137649 -0.0171517 -0.00633965)
(-0.0139199 -0.0170712 -0.00579485)
(-0.0139754 -0.0200368 -0.00168309)
(-0.0138955 -0.0188503 -0.00271268)
(-0.013516 -0.0179204 -0.00249236)
(-0.0154444 -0.019897 -0.00382971)
(-0.0147763 -0.0188051 -0.0024552)
(-0.0145417 -0.0177384 -0.00408261)
(-0.0136179 -0.0169315 -0.00314328)
(-0.0143459 -0.0176369 -0.00478975)
(-0.0145762 -0.0186659 -0.00266137)
(-0.0141689 -0.0178378 -0.0041123)
(-0.0107621 -0.014633 -0.00582281)
(-0.0121623 -0.0156488 -0.00589926)
(-0.0133264 -0.016415 -0.00496752)
(-0.0104444 -0.0136177 -0.00476941)
(-0.0133187 -0.0164721 -0.00606656)
(-0.0124128 -0.0155719 -0.00541087)
(-0.012203 -0.0152893 -0.00602158)
(-0.0120256 -0.0148032 -0.00537094)
(-0.0117946 -0.0153925 -0.00628665)
(-0.0131117 -0.0161523 -0.00510081)
(-0.0127099 -0.0156732 -0.00476552)
(-0.0138296 -0.0165733 -0.00450808)
(-0.0141017 -0.0176269 -0.00598365)
(-0.0145348 -0.01826 -0.00389876)
(-0.0145543 -0.0177668 -0.00464106)
(-0.0130157 -0.0158423 -0.00474636)
(-0.0130437 -0.0162247 -0.00520964)
(-0.0100197 -0.013554 -0.00532864)
(-0.0114675 -0.0153022 -0.00588598)
(-0.00999781 -0.0146417 -0.00655935)
(-0.00768972 -0.0129367 -0.00613995)
(-0.0136137 -0.0178351 -0.00751392)
(-0.0110943 -0.01631 -0.00791905)
(-0.013634 -0.0176424 -0.00651445)
(-0.0122209 -0.0164148 -0.00730217)
(-0.003838 -0.013634 -0.00721981)
(-0.00611186 -0.0149865 -0.00807397)
(-0.00818563 -0.0159045 -0.0079746)
(-0.00894632 -0.0158607 -0.00830199)
(-0.00546368 -0.0141108 -0.00732076)
(-0.00595156 -0.0138873 -0.00703124)
(-0.0054124 -0.014964 -0.00825605)
(-0.00585963 -0.0150501 -0.00870002)
(-0.00840849 -0.0170075 -0.0106373)
(-0.00853526 -0.0173595 -0.010111)
(-0.0124446 -0.0188435 -0.0101038)
(-0.0108471 -0.0179194 -0.00976889)
(-0.0085899 -0.0163438 -0.00861186)
(-0.00602838 -0.00659567 -0.0026323)
(-0.007929 -0.00822553 -0.00389487)
(-0.00660591 -0.00688362 -0.00305744)
(-0.00703217 -0.00720618 -0.00309322)
(-0.00608791 -0.00655856 -0.00244844)
(-0.00556338 -0.00660073 -0.00229633)
(-0.00693798 -0.00732609 -0.00330211)
(-0.003401 -0.00503995 -0.00135181)
(-0.00481329 -0.00549556 -0.00204823)
(-0.00477061 -0.00608209 -0.00181164)
(-0.0190853 -0.0316851 0.000769228)
(-0.0225739 -0.0349113 -0.000745344)
(-0.0216288 -0.0306387 -0.00213945)
(-0.018048 -0.0267684 -0.0193504)
(-0.0250774 -0.0321975 -0.00577016)
(-0.0194413 -0.0311262 4.4507e-05)
(-0.0190805 -0.0327062 -0.000993372)
(-0.0209401 -0.0318577 -0.00142362)
(-0.0203318 -0.0341775 -0.000126842)
(-0.0191952 -0.0348166 -0.000495047)
(-0.0180666 -0.0315055 -0.00118923)
(-0.0173802 -0.033159 -0.000729602)
(-0.0188571 -0.0329687 -0.000633047)
(-0.0239269 -0.0287814 -0.0113961)
(-0.0247742 -0.0300653 -0.00790486)
(-0.0151469 -0.0181378 -0.0046869)
(-0.0136357 -0.0163874 -0.00501272)
(-0.0135004 -0.0163557 -0.00480114)
(-0.0143966 -0.017807 -0.00390531)
(-0.0152223 -0.0189529 -0.00498817)
(-0.0147987 -0.0181705 -0.00510785)
(-0.0135152 -0.0166272 -0.00589693)
(-0.0140475 -0.0175079 -0.0062232)
(-0.0158144 -0.0195258 -0.00454944)
(-0.0157452 -0.0189616 -0.00549053)
(-0.0141562 -0.0172738 -0.00542033)
(-0.0136604 -0.0172102 -0.00652971)
(-0.0145364 -0.0188193 -0.00761899)
(-0.0145183 -0.0176284 -0.00565408)
(-0.00789246 -0.0116059 -0.00554481)
(-0.00833331 -0.012626 -0.00559911)
(-0.00789873 -0.0118745 -0.00597435)
(-0.00795484 -0.0119725 -0.00601898)
(-0.00867053 -0.0116731 -0.00585728)
(-0.00822156 -0.0113514 -0.00528413)
(-0.00840358 -0.0117194 -0.00581292)
(-0.00856738 -0.0112477 -0.00505433)
(-0.00954675 -0.0172227 -0.00485604)
(-0.0108229 -0.0184608 -0.00567033)
(-0.00975091 -0.0168254 -0.00499817)
(-0.0111856 -0.0191454 -0.00534948)
(-0.0104721 -0.0178978 -0.00540074)
(-0.0107043 -0.0188901 -0.00564047)
(-0.0100281 -0.0172926 -0.00476851)
(-0.0116411 -0.020117 -0.00572536)
(-0.0120574 -0.0203095 -0.00641328)
(-0.00825654 -0.0130499 -0.00498263)
(-0.00913865 -0.0139033 -0.00498649)
(-0.00873845 -0.013712 -0.00506715)
(-0.00912733 -0.0132427 -0.00460771)
(-0.00825284 -0.0132349 -0.00518717)
(-0.007837 -0.0123725 -0.00507972)
(-0.00813362 -0.0128148 -0.00488781)
(-0.0077927 -0.0120202 -0.00463684)
(-0.00776235 -0.0118475 -0.00480038)
(-0.0076561 -0.0116113 -0.00491735)
(-0.0079117 -0.0124288 -0.00482796)
(-0.00139049 0.00127374 -0.00159854)
(-8.42242e-05 0.00179225 -0.000453962)
(-0.00174392 0.000889154 -0.00186641)
(-0.000314727 0.00175159 -0.000695759)
(-0.00293436 0.000294769 -0.00284762)
(-0.00282014 0.000368392 -0.00297613)
(-0.00750925 -0.00287075 -0.00888932)
(-0.00485659 -0.00116862 -0.00488771)
(-0.00588824 -0.00123754 -0.00670436)
(-0.00490746 -0.00144405 -0.00486971)
(-0.00398757 -0.000567567 -0.0044374)
(-0.004487 -0.000111342 -0.00533354)
(-0.00691093 -0.00233891 -0.00908411)
(-0.00614729 -0.00129055 -0.00687134)
(-0.00725066 -0.00170626 -0.00907682)
(0.00205392 0.00157872 0.000819083)
(0.00211906 0.000381806 0.000756936)
(0.00211754 -0.000115837 0.000713963)
(0.00226362 -0.000400156 0.000679243)
(0.00204818 0.00217784 0.000890834)
(0.00228924 0.0017755 0.000967141)
(0.00215189 0.000997407 0.000832584)
(0.00245047 0.000284069 0.000915346)
(0.00244731 0.0011365 0.000947718)
(0.00220787 -0.00172366 0.000253601)
(0.00213532 -0.00307307 -0.000144639)
(0.00199195 -0.00577003 -0.00156891)
(0.00169983 -0.00500934 -0.00114389)
(0.00249506 -0.00609712 -0.00174468)
(0.00232656 -0.00473975 -0.00103187)
(0.00260505 -0.00281619 -4.80686e-05)
(0.0023766 -0.00176284 0.000255708)
(-0.00282545 -0.00226606 -0.0014958)
(-0.0050226 -0.00326948 -0.0034595)
(-0.00412308 -0.00493657 -0.00184249)
(-0.00472618 -0.00479965 -0.00206987)
(-0.00309745 -0.00382877 -0.0011447)
(-0.0041761 -0.00454559 -0.00178433)
(-0.00347871 -0.00467251 -0.00142048)
(-0.00276202 -0.00440789 -0.00105708)
(-0.0100688 -0.010419 -0.0111348)
(-0.0104911 -0.0103711 -0.0125657)
(-0.00953211 -0.00774545 -0.00956562)
(-0.00996801 -0.00832856 -0.0102434)
(-0.0101081 -0.00930557 -0.0110226)
(-0.0114299 -0.0113568 -0.0109102)
(-0.010866 -0.0129075 -0.0166052)
(-0.0106555 -0.00960561 -0.0157643)
(-0.0106199 -0.0105474 -0.014791)
(-0.0107318 -0.0120087 -0.0160189)
(-0.0110226 -0.0134049 -0.0190633)
(-0.0101053 -0.0133823 -0.0177635)
(-0.00928006 -0.0095883 -0.0159401)
(-0.0095098 -0.00944929 -0.0183786)
(-0.0105547 -0.0121071 -0.01689)
(-0.0103312 -0.0222224 -0.0110408)
(-0.0105044 -0.0207532 -0.0115426)
(-0.0100599 -0.0215175 -0.0112424)
(-0.0117286 -0.0237802 -0.0100277)
(-0.0105439 -0.0228438 -0.0109622)
(-0.0120902 -0.0243435 -0.0100315)
(-0.00998199 -0.0220497 -0.0103541)
(-0.0123356 -0.0247013 -0.0116096)
(-0.0117621 -0.0237358 -0.0116125)
(-0.0113624 -0.025798 -0.0109821)
(-0.0118764 -0.0251624 -0.0103579)
(-0.00868131 -0.0108338 -0.0040403)
(-0.00864142 -0.0106723 -0.00430636)
(-0.0100889 -0.0123182 -0.00461765)
(-0.00791112 -0.0109794 -0.0048515)
(-0.00821664 -0.0109737 -0.00488938)
(-0.0077665 -0.0106774 -0.00440383)
(-0.0102455 -0.012574 -0.0045302)
(-0.010469 -0.012769 -0.00444799)
(-0.011155 -0.0136936 -0.00481352)
(-0.0110607 -0.0134093 -0.00454709)
(-0.00969897 -0.0116744 -0.00400077)
(-0.0104944 -0.0128497 -0.00429975)
(-0.0102847 -0.012883 -0.0053436)
(-0.0112061 -0.0131718 -0.00798007)
(-0.0104711 -0.0130058 -0.00593114)
(-0.0106934 -0.0131104 -0.00701271)
(-0.0108962 -0.0138609 -0.00858981)
(-0.0106741 -0.0138323 -0.00793134)
(-0.0115233 -0.0140257 -0.00810117)
(-0.0097029 -0.01325 -0.00678155)
(-0.0102587 -0.0139938 -0.00789877)
(-0.0101538 -0.0136368 -0.00827699)
(-0.00956919 -0.012541 -0.00642422)
(-0.00940375 -0.0191854 -0.0114212)
(-0.0109269 -0.0200803 -0.0101847)
(-0.0110347 -0.0197841 -0.00977447)
(-0.010368 -0.0189266 -0.00983901)
(-0.0107648 -0.0202685 -0.0115465)
(-0.0112675 -0.0207976 -0.00854056)
(-0.0109412 -0.0204226 -0.00901799)
(-0.0112545 -0.0206023 -0.0086194)
(-0.0108124 -0.0201053 -0.00925287)
(-0.0107264 -0.0187118 -0.00790244)
(-0.010755 -0.020196 -0.00845865)
(-0.0108583 -0.019458 -0.00843351)
(-0.0106035 -0.0190143 -0.00771726)
(-0.00993974 -0.0185297 -0.00880992)
(-0.00956321 -0.0176478 -0.00920592)
(-0.00978232 -0.0181767 -0.0093786)
(-0.00933743 -0.015715 -0.00761906)
(-0.00984042 -0.0175736 -0.00856931)
(-0.0101653 -0.018511 -0.0085011)
(-0.0108764 -0.015169 -0.0101707)
(-0.0114412 -0.0154865 -0.0117102)
(-0.0104715 -0.0150433 -0.00882092)
(-0.0099294 -0.0141039 -0.00889179)
(-0.0101736 -0.0152399 -0.0107788)
(-0.00985252 -0.0145919 -0.00823642)
(-0.00966282 -0.0175479 -0.0136277)
(-0.0109931 -0.017858 -0.0129441)
(-0.0106513 -0.0164031 -0.0143015)
(-0.0102927 -0.0153674 -0.0104058)
(-0.0102074 -0.0155375 -0.0107614)
(-0.00953548 -0.0142507 -0.0114571)
(-0.0099184 -0.0153244 -0.0135132)
(-0.0103415 -0.0163811 -0.0136246)
(-0.00902598 -0.0156797 -0.00301936)
(-0.0105438 -0.0183573 -0.00228722)
(-0.0100033 -0.017096 -0.00251427)
(-0.00983383 -0.0161577 -0.00292168)
(-0.010096 -0.0168279 -0.00245459)
(-0.00980098 -0.01649 -0.00346834)
(-0.0102412 -0.0174556 -0.00313664)
(-0.00969768 -0.0165359 -0.00297104)
(-0.00934812 -0.0162948 -0.00336925)
(-0.0100432 -0.017748 -0.0030745)
(-0.00974462 -0.0171615 -0.0035697)
(-0.00934666 -0.0163197 -0.0035533)
(-0.00968669 -0.0169598 -0.00315186)
(-0.00969314 -0.0139068 -0.00600918)
(-0.00944248 -0.0133048 -0.00559409)
(-0.00983042 -0.0138407 -0.00578869)
(-0.00867985 -0.0122191 -0.00500394)
(-0.00958179 -0.0139049 -0.00524273)
(-0.00328131 -0.00863954 -0.00315257)
(-0.00304767 -0.00919041 -0.00353629)
(-0.00358341 -0.0088051 -0.00322752)
(-0.00494664 -0.0101714 -0.00401431)
(-0.00463848 -0.0101845 -0.00399458)
(-0.00614937 -0.0133959 -0.00644045)
(-0.00475721 -0.011196 -0.00499189)
(-0.00424386 -0.0102504 -0.00425675)
(-0.0060796 -0.0113496 -0.00488381)
(-0.0066574 -0.0120713 -0.00571276)
(-0.00455056 -0.0105625 -0.00440301)
(-0.0110442 -0.0128981 -0.00557622)
(-0.0113215 -0.0134346 -0.00532491)
(-0.0123231 -0.0151005 -0.00467128)
(-0.00756654 -0.00762241 -0.00332866)
(-0.00734992 -0.00750395 -0.00322464)
(-0.00835728 -0.00886197 -0.00369813)
(-0.0103434 -0.0163352 -0.00185855)
(-0.00980489 -0.0156333 -0.00195306)
(-0.00982626 -0.0160588 -0.00228493)
(-0.00875068 -0.0147531 -0.00268494)
(-0.00860877 -0.0141564 -0.002844)
(-0.00917364 -0.0148537 -0.00285194)
(-0.00901831 -0.014347 -0.00245128)
(-0.00914826 -0.0146181 -0.0030517)
(-0.00863297 -0.0134908 -0.00427985)
(-0.00860732 -0.0133799 -0.00408676)
(-0.00891941 -0.0136086 -0.00434335)
(-0.00891572 -0.0137774 -0.00412548)
(-0.00923987 -0.0143687 -0.00466119)
(-0.00827153 -0.0134963 -0.00370715)
(-0.00899126 -0.0142515 -0.00423912)
(-0.00911073 -0.0146812 -0.00409054)
(-0.00935933 -0.0150097 -0.00452238)
(-0.0094676 -0.0152441 -0.00458966)
(-0.00892925 -0.0149208 -0.00368678)
(-0.00939935 -0.0149637 -0.00418063)
(-0.00881914 -0.0136534 -0.0033941)
(-0.00845854 -0.0133712 -0.00334729)
(-0.00827451 -0.0131135 -0.00349244)
(-0.014333 -0.0232934 -0.0164804)
(-0.011208 -0.0227007 -0.0169109)
(-0.0133806 -0.0230084 -0.0182365)
(-0.0130218 -0.0247963 -0.0191379)
(-0.0197815 -0.0282228 -0.0187329)
(-0.0203954 -0.0254628 -0.0109366)
(-0.0253102 -0.0304904 -0.010204)
(-0.0237282 -0.029598 -0.00884625)
(-0.0102905 -0.0218141 -0.0152338)
(-0.0151138 -0.022886 -0.0135964)
(-0.0141813 -0.0217377 -0.0123925)
(-0.0104885 -0.0212479 -0.0151551)
(-0.0170928 -0.0234068 -0.0119063)
(-0.0160578 -0.0209833 -0.0107022)
(-0.0173836 -0.0224905 -0.00994361)
(-0.0170664 -0.0215321 -0.00919702)
(-0.0118938 -0.0192781 -0.01042)
(-0.0138336 -0.0191454 -0.00967082)
(-0.0155906 -0.0203502 -0.00977709)
(-0.015747 -0.0215693 -0.0105308)
(-0.0107972 -0.0188721 -0.0119701)
(-0.0127977 -0.0213102 -0.0136588)
(-0.0123633 -0.0199592 -0.0117314)
(-0.0127629 -0.0194379 -0.0115667)
(-0.0164604 -0.0200293 -0.00520668)
(-0.0166393 -0.0211004 -0.00465082)
(-0.0152197 -0.0198223 -0.00318656)
(-0.0162106 -0.0209442 -0.00294874)
(-0.0160579 -0.0197496 -0.00569273)
(-0.0164371 -0.0205599 -0.00757288)
(-0.0170658 -0.0206358 -0.00632409)
(-0.0178746 -0.0226514 -0.00514946)
(-0.0169325 -0.021142 -0.0042754)
(-0.0171858 -0.021271 -0.00394095)
(-0.0172493 -0.0236815 -0.00259938)
(-0.0158882 -0.0252435 -0.00168284)
(-0.0167534 -0.0270682 -0.000276566)
(-0.0175763 -0.025464 -0.00256287)
(-0.0175203 -0.0265351 -0.000577558)
(-0.0209281 -0.0283802 -0.00211914)
(-0.0198037 -0.0251885 -0.00482516)
(-0.0222083 -0.0273697 -0.00530466)
(-0.0121055 -0.0216283 -0.0076885)
(-0.0119089 -0.0210539 -0.00710646)
(-0.012441 -0.0240204 -0.00780163)
(-0.0126287 -0.0226924 -0.00792891)
(-0.0134865 -0.0245759 -0.00624921)
(-0.0120176 -0.0229962 -0.00530613)
(-0.0119628 -0.0223564 -0.00554661)
(-0.0129526 -0.0257007 -0.0072705)
(-0.0121124 -0.023569 -0.00590911)
(-0.0124621 -0.0224196 -0.006214)
(-0.0107153 -0.0200438 -0.00561525)
(-0.0119179 -0.0204863 -0.00633533)
(-0.0119385 -0.0215068 -0.0067856)
(-0.0133233 -0.027897 -0.00620199)
(-0.0145665 -0.0307071 -0.00682749)
(-0.0132427 -0.0290131 -0.00585091)
(-0.0150655 -0.0323372 -0.00535036)
(-0.0127598 -0.02846 -0.00504328)
(-0.0138156 -0.0290289 -0.00453283)
(-0.0137591 -0.0281318 -0.00396098)
(-0.0136773 -0.0277199 -0.00487559)
(-0.0149254 -0.0290721 -0.00400968)
(-0.0143233 -0.0315697 -0.00370021)
(-0.0160961 -0.0305294 -0.00409249)
(0.00225418 -0.0115899 -0.00589923)
(0.00244153 -0.00714124 -0.00273083)
(0.00193826 -0.0145619 -0.00860465)
(0.0022039 -0.0113397 -0.00544791)
(0.00238945 -0.00382789 -0.000883212)
(0.00243778 -0.00841179 -0.0034936)
(0.0022405 -0.0064219 -0.00217177)
(-0.000389208 -0.0194179 -0.0157242)
(-0.0033453 -0.022071 -0.0184984)
(-0.0142794 -0.0270643 -0.00254377)
(-0.0129165 -0.0250451 -0.00279952)
(-0.0139014 -0.0255284 -0.002933)
(-0.0126777 -0.0250477 -0.00216137)
(-0.0132755 -0.0262999 -0.0034336)
(-0.0121127 -0.0243735 -0.00344281)
(-0.0127425 -0.0244414 -0.00443755)
(-0.0122408 -0.0229467 -0.00434862)
(-0.0125404 -0.0230901 -0.0041114)
(-0.0126553 -0.0243194 -0.00325167)
(-0.00400482 -0.0145156 -0.00895683)
(-0.00359315 -0.0159768 -0.00970108)
(-0.00127083 -0.0124141 -0.0065118)
(-0.00184998 -0.013193 -0.00747922)
(-0.00897651 -0.0147488 -0.00601952)
(-0.00941594 -0.0148184 -0.00527102)
(-0.00976908 -0.0154116 -0.00531497)
(-0.00972457 -0.0158249 -0.00604966)
(-0.00990644 -0.0159011 -0.00554475)
(-0.00967928 -0.0158138 -0.00553978)
)
;
    }
    INLET
    {
        type            calculated;
        value           nonuniform 0();
    }
    OUTLET
    {
        type            calculated;
        value           nonuniform 0();
    }
    procBoundary7to6
    {
        type            processor;
        value           uniform (0 0 0);
    }
    procBoundary7to8
    {
        type            processor;
        value           uniform (0 0 0);
    }
}


// ************************************************************************* //
