/*--------------------------------*- C++ -*----------------------------------*\
| =========                 |                                                 |
| \\      /  F ield         | OpenFOAM: The Open Source CFD Toolbox           |
|  \\    /   O peration     | Version:  v1612+                                |
|   \\  /    A nd           | Web:      www.OpenFOAM.com                      |
|    \\/     M anipulation  |                                                 |
\*---------------------------------------------------------------------------*/
FoamFile
{
    version     2.0;
    format      ascii;
    class       volVectorField;
    location    "150";
    object      wallShearStress;
}
// * * * * * * * * * * * * * * * * * * * * * * * * * * * * * * * * * * * * * //

dimensions      [0 2 -2 0 0 0 0];

internalField   uniform (0 0 0);

boundaryField
{
    WALL
    {
        type            calculated;
        value           nonuniform List<vector> 
1500
(
(-0.0117198 -0.0104324 -0.00223123)
(-0.0110131 -0.0102262 -0.00251124)
(-0.00692247 -0.0080327 -0.0035111)
(-0.00874845 -0.0098963 -0.00428008)
(-0.0120385 -0.0150383 -0.00488751)
(-0.0124103 -0.0155726 -0.00504108)
(-0.0123273 -0.0137017 -0.00610419)
(-0.0113043 -0.0136764 -0.004925)
(-0.0150735 -0.0176469 -0.00658629)
(-0.0135115 -0.0185554 -0.00496197)
(-0.00750166 -0.00810547 -0.00325547)
(-0.00780087 -0.00823548 -0.00346973)
(-0.00798779 -0.0136194 -0.00522631)
(-0.00875852 -0.0138792 -0.00547942)
(-0.00665939 -0.00807743 -0.00271236)
(-0.0066473 -0.00829919 -0.00266836)
(-0.00708078 -0.00914042 -0.00214888)
(-0.00755704 -0.00959449 -0.00287266)
(-0.0101753 -0.0133582 -0.00544238)
(-0.00962262 -0.0143234 -0.00652779)
(-0.0102361 -0.0136988 -0.00611003)
(-0.0108149 -0.0144709 -0.00554122)
(-0.0111997 -0.0171313 -0.00349146)
(-0.0123151 -0.0175988 -0.00395014)
(-0.0125842 -0.0161117 -0.00485532)
(-0.0119854 -0.0165533 -0.00460734)
(-0.0119686 -0.0164041 -0.00630779)
(-0.0113715 -0.0149624 -0.00538448)
(-0.0133285 -0.0163138 -0.00517955)
(-0.0138575 -0.0152523 -0.00431346)
(-0.0129649 -0.0121636 -0.00328808)
(-0.0138603 -0.0131984 -0.00341618)
(-0.00914958 -0.0111541 -0.00414468)
(-0.00942313 -0.0118393 -0.00318197)
(-0.0118067 -0.0138285 -0.00227859)
(-0.0115561 -0.0126776 -0.00215296)
(-0.0107496 -0.0139761 -0.00591847)
(-0.0100397 -0.0138098 -0.00608514)
(-0.00819598 -0.0114908 -0.00491439)
(-0.00936004 -0.0132021 -0.00589988)
(-0.00916736 -0.0131953 -0.00590579)
(-0.00860642 -0.0120166 -0.00511632)
(-0.00995437 -0.0146889 -0.00678477)
(-0.00851031 -0.0139473 -0.00629459)
(-0.0119919 -0.0152424 -0.00717705)
(-0.0105156 -0.0147309 -0.00725448)
(-0.00806515 -0.0108608 -0.0036326)
(-0.00733458 -0.00948814 -0.00333829)
(-0.0118229 -0.0123582 -0.00163135)
(-0.0129501 -0.0138416 -0.00301974)
(-0.0075673 -0.011328 -0.00321975)
(-0.00652656 -0.0105979 -0.00314446)
(-0.00808936 -0.0131 -0.00467999)
(-0.00823675 -0.0132028 -0.00492195)
(-0.00727521 -0.0119799 -0.00374995)
(-0.0073778 -0.0118631 -0.00360099)
(-0.010645 -0.0128379 -0.00369644)
(-0.0113232 -0.0140964 -0.00499844)
(-0.0101943 -0.0144273 -0.0069941)
(-0.0108256 -0.0147589 -0.00637657)
(-0.0137274 -0.0171874 -0.00564164)
(-0.0137184 -0.0164931 -0.00590465)
(-0.011898 -0.0158154 -0.00568299)
(-0.0105771 -0.0151311 -0.00645186)
(-0.0109253 -0.0148011 -0.00594559)
(-0.0111769 -0.0158428 -0.00730465)
(-0.00773458 -0.00769304 -0.00315191)
(-0.00740913 -0.00742213 -0.00313586)
(-0.00755909 -0.00716188 -0.00311744)
(-0.0070388 -0.00655057 -0.00287146)
(-0.00773986 -0.00730063 -0.00335848)
(-0.0124838 -0.0154131 -0.00516004)
(-0.0124233 -0.0157689 -0.00514236)
(-0.0125457 -0.0165039 -0.00521604)
(-0.0121509 -0.0159655 -0.00530243)
(-0.0126542 -0.0160641 -0.00543395)
(-0.0119176 -0.0160148 -0.0052562)
(-0.0118135 -0.0142632 -0.00591815)
(-0.0127463 -0.0152895 -0.00607348)
(-0.0123755 -0.0151912 -0.00609965)
(-0.0133339 -0.0159411 -0.0063801)
(-0.0121964 -0.0150597 -0.00548875)
(-0.0127118 -0.0152101 -0.0053412)
(-0.0102566 -0.014465 -0.00613145)
(-0.0102592 -0.0148618 -0.00747802)
(-0.0105858 -0.0144412 -0.00663533)
(-0.0100695 -0.0135134 -0.00575403)
(-0.01076 -0.0152243 -0.00664424)
(-0.0103191 -0.0144298 -0.0058396)
(-0.011364 -0.0150928 -0.00563709)
(-0.0116821 -0.0154916 -0.0057342)
(-0.0107712 -0.0152261 -0.00602467)
(-0.0112173 -0.0152405 -0.00606292)
(-0.0130945 -0.0164839 -0.0052751)
(-0.0124401 -0.0165837 -0.00485827)
(-0.0129438 -0.0168161 -0.00506442)
(-0.0125891 -0.0161739 -0.00497896)
(-0.0128231 -0.0163391 -0.00516855)
(-0.0127489 -0.0166547 -0.00504587)
(-0.0135759 -0.0160979 -0.00563208)
(-0.0132694 -0.0162845 -0.00569162)
(-0.0142098 -0.0164089 -0.00679445)
(-0.0140134 -0.0167282 -0.00633848)
(-0.0135572 -0.0159589 -0.00654893)
(-0.0113309 -0.0109526 -0.00342342)
(-0.0129935 -0.0121824 -0.00368025)
(-0.0130106 -0.0118792 -0.00331468)
(-0.0120982 -0.0118459 -0.0039848)
(-0.0103507 -0.0101092 -0.00351109)
(-0.00953747 -0.0122185 -0.00345086)
(-0.0103081 -0.0127914 -0.00419381)
(-0.00962048 -0.0118046 -0.00387084)
(-0.0104675 -0.0130531 -0.00429937)
(-0.00968236 -0.0118329 -0.00407978)
(-0.00961614 -0.0114821 -0.00452284)
(-0.0128054 -0.0142696 -0.00330707)
(-0.0116289 -0.0139939 -0.00422401)
(-0.012246 -0.0139395 -0.00361971)
(-0.0127495 -0.014287 -0.00368811)
(-0.0130523 -0.0152027 -0.00431862)
(-0.0126611 -0.0142622 -0.00372623)
(-0.0120682 -0.0120566 -0.000718637)
(-0.0132996 -0.0138005 -0.00132758)
(-0.0121668 -0.013407 -0.0011101)
(-0.01185 -0.0133942 -0.00207853)
(-0.00623101 -0.00800871 -0.00252653)
(-0.00574147 -0.00716207 -0.00239282)
(-0.00614114 -0.00829373 -0.00238761)
(-0.00698151 -0.00849557 -0.00279479)
(-0.00545025 -0.00991001 -0.00261689)
(-0.00562612 -0.00910475 -0.00232283)
(-0.00489141 -0.00729154 -0.00197649)
(-0.00580634 -0.00937154 -0.00275452)
(-0.00531587 -0.00854913 -0.00222006)
(-0.00511904 -0.00752774 -0.00191567)
(-0.00510739 -0.00743563 -0.00200067)
(-0.0123928 -0.0162436 -0.00584645)
(-0.0116974 -0.0155387 -0.00586669)
(-0.0115455 -0.0163185 -0.0063281)
(-0.0124203 -0.0163632 -0.00646835)
(-0.0119909 -0.0160311 -0.00579656)
(-0.0123728 -0.0164924 -0.0061987)
(-0.0129525 -0.0168005 -0.00557728)
(-0.0126797 -0.016293 -0.00546055)
(-0.0125043 -0.0157454 -0.00519649)
(-0.0111369 -0.0154929 -0.00620975)
(-0.0117264 -0.0155714 -0.00570443)
(-0.0129107 -0.0165839 -0.00603882)
(-0.0113948 -0.0157837 -0.00634966)
(-0.0110836 -0.0142945 -0.00474756)
(-0.0114883 -0.0146156 -0.00534493)
(-0.0121365 -0.015913 -0.0060537)
(-0.0122927 -0.0148928 -0.00496831)
(-0.0100016 -0.013751 -0.00604566)
(-0.0119093 -0.0152137 -0.00542392)
(-0.00938205 -0.00970568 -0.00312624)
(-0.0088138 -0.0100384 -0.00347934)
(-0.0125385 -0.0109051 -0.00170647)
(-0.0125653 -0.011324 -0.00158035)
(-0.0132892 -0.0120432 -0.000946443)
(-0.0109345 -0.00984328 -0.00233918)
(-0.0120639 -0.0109136 -0.00199147)
(-0.0113408 -0.0103233 -0.00210777)
(-0.01332 -0.012549 -0.00166827)
(-0.012592 -0.0110996 -0.00127558)
(-0.00599529 -0.0070855 -0.00248964)
(-0.00602486 -0.00708094 -0.00268432)
(-0.00509425 -0.00612435 -0.00203406)
(-0.0053742 -0.00690763 -0.0022059)
(-0.00640391 -0.00727853 -0.00297057)
(-0.00533062 -0.00660615 -0.00208451)
(-0.00503952 -0.00708819 -0.00186777)
(-0.0056105 -0.00835904 -0.0021837)
(-0.00512933 -0.00691669 -0.0019916)
(-0.00559787 -0.00814244 -0.0020647)
(-0.00530563 -0.00842791 -0.00204449)
(-0.00497386 -0.00736213 -0.00190211)
(-0.00773721 -0.0123989 -0.00408564)
(-0.00766308 -0.012132 -0.00389186)
(-0.0074573 -0.0115978 -0.00355784)
(-0.00770506 -0.0119057 -0.00379064)
(-0.00705223 -0.011864 -0.00361881)
(-0.00733014 -0.0111805 -0.00332867)
(-0.00905692 -0.0105529 -0.00407436)
(-0.00903831 -0.0110108 -0.004515)
(-0.00837805 -0.0100138 -0.00412904)
(-0.00841303 -0.00984297 -0.00430804)
(-0.00865195 -0.0100908 -0.00535964)
(-0.00794789 -0.00898765 -0.00403952)
(-0.00742013 -0.00837665 -0.00395358)
(-0.00768523 -0.00925115 -0.00400886)
(-0.00744269 -0.0080865 -0.00409705)
(-0.00791448 -0.00910504 -0.00428293)
(-0.00809599 -0.00927386 -0.0049955)
(-0.0101753 -0.0120667 -0.00612831)
(-0.00879085 -0.0109368 -0.00530843)
(-0.00883813 -0.010777 -0.00582476)
(-0.0087758 -0.0104476 -0.0043432)
(-0.00901053 -0.0105324 -0.00550049)
(-0.0090527 -0.0111578 -0.00478053)
(-0.00812606 -0.00963624 -0.00437095)
(-0.00851049 -0.00992891 -0.00529455)
(-0.00860964 -0.0100706 -0.00534807)
(-0.00773559 -0.00905401 -0.00349091)
(-0.00718429 -0.00848704 -0.00345259)
(-0.00795782 -0.00938416 -0.00416767)
(-0.0100926 -0.0134318 -0.00667135)
(-0.00949033 -0.0120798 -0.00561831)
(-0.00972368 -0.0128703 -0.00678444)
(-0.0108376 -0.0136698 -0.00573633)
(-0.0108752 -0.014388 -0.00682489)
(-0.010635 -0.0138954 -0.00577221)
(-0.00947244 -0.0121105 -0.00667375)
(-0.00938116 -0.0116277 -0.00553019)
(-0.00939716 -0.0118358 -0.00570155)
(-0.0106213 -0.0126988 -0.00577781)
(-0.0086376 -0.0104225 -0.00528551)
(-0.00888302 -0.0104267 -0.00593355)
(-0.00896008 -0.0110173 -0.00508136)
(-0.0091813 -0.0114219 -0.00593796)
(-0.0105133 -0.0131726 -0.00637674)
(-0.0102889 -0.0134176 -0.00589054)
(-0.00930175 -0.0118493 -0.00565633)
(-0.00899982 -0.0111566 -0.00602218)
(-0.0105939 -0.0140395 -0.00622993)
(-0.00977426 -0.0129033 -0.00605982)
(-0.0103282 -0.0141091 -0.00671355)
(-0.010557 -0.0138547 -0.00611682)
(-0.0105792 -0.0144569 -0.00658765)
(-0.0106924 -0.013672 -0.0064211)
(-0.0124458 -0.0109057 -0.00150401)
(-0.0129457 -0.0119735 -0.00213364)
(-0.0137335 -0.0125182 -0.00178581)
(-0.0134911 -0.0125136 -0.00163835)
(-0.0128061 -0.0113119 -0.002137)
(-0.0126532 -0.0113099 -0.00225915)
(-0.0060751 -0.00701041 -0.00226043)
(-0.00621686 -0.00793071 -0.00258267)
(-0.00590865 -0.00713162 -0.00237761)
(-0.00625089 -0.00769104 -0.00247063)
(-0.0106716 -0.0143214 -0.00640717)
(-0.0112992 -0.0149858 -0.00722737)
(-0.011983 -0.0149349 -0.00612457)
(-0.0117006 -0.0149239 -0.0069775)
(-0.0112695 -0.0144065 -0.00656668)
(-0.011826 -0.0153512 -0.00678165)
(-0.00898952 -0.0140251 -0.00638936)
(-0.00989105 -0.0151228 -0.00717279)
(-0.00765919 -0.0127975 -0.00562033)
(-0.00893386 -0.0136287 -0.00589099)
(-0.00942263 -0.014561 -0.00742757)
(-0.00913708 -0.0142016 -0.00712708)
(-0.00867435 -0.011527 -0.00437772)
(-0.0082911 -0.0114375 -0.00444975)
(-0.00746371 -0.0110535 -0.0043701)
(-0.0117002 -0.0131745 -0.00147839)
(-0.0109621 -0.0128399 -0.00225731)
(-0.0124106 -0.0133522 -0.0011134)
(-0.0116549 -0.0131901 -0.00214089)
(-0.0116527 -0.0140931 -0.00178506)
(-0.0123686 -0.0141746 -0.00199313)
(-0.0120712 -0.0131131 -0.00224267)
(-0.0125587 -0.0130045 -0.00124597)
(-0.0124055 -0.0121498 -0.00143758)
(-0.0133231 -0.0136977 -0.00212574)
(-0.0124145 -0.0128897 -0.00126028)
(-0.0127175 -0.0129844 -0.00191881)
(-0.0109754 -0.0132355 -0.00374708)
(-0.0117032 -0.013402 -0.00339981)
(-0.0114661 -0.0135154 -0.00273908)
(-0.0123268 -0.0133656 -0.00222746)
(-0.0119621 -0.0136492 -0.00319341)
(-0.0101531 -0.0127575 -0.00379658)
(-0.0102655 -0.0128498 -0.00241708)
(-0.0107455 -0.0130608 -0.00267887)
(-0.00941538 -0.0118851 -0.00326555)
(-0.00993171 -0.0122875 -0.00309413)
(-0.0109214 -0.013295 -0.00311489)
(-0.0103928 -0.0127785 -0.00285222)
(-0.010715 -0.0135465 -0.00306092)
(-0.0119596 -0.0142078 -0.00234112)
(-0.0115375 -0.014271 -0.00247596)
(-0.0111363 -0.0135998 -0.00362185)
(-0.0105444 -0.0129419 -0.00257791)
(-0.0070442 -0.00914381 -0.00225863)
(-0.00765426 -0.00970322 -0.00241599)
(-0.00763865 -0.00955985 -0.00324396)
(-0.00708717 -0.0091318 -0.00244999)
(-0.00752995 -0.00876063 -0.00310404)
(-0.00762846 -0.00998644 -0.00282888)
(-0.00850564 -0.0089869 -0.00394729)
(-0.0079857 -0.00815637 -0.00359846)
(-0.00793663 -0.00893833 -0.00348062)
(-0.0079756 -0.00834029 -0.00370048)
(-0.00798101 -0.00914304 -0.0035753)
(-0.00825518 -0.010343 -0.00257735)
(-0.0088037 -0.0109126 -0.00324798)
(-0.00804429 -0.00975617 -0.00344213)
(-0.00871289 -0.0107165 -0.00354119)
(-0.0084136 -0.0107569 -0.00285707)
(-0.00774413 -0.00945542 -0.00292796)
(-0.00885974 -0.0110215 -0.00351884)
(-0.00938494 -0.0113481 -0.00378335)
(-0.00867459 -0.0107968 -0.00388755)
(-0.00948264 -0.0118544 -0.00351887)
(-0.00901775 -0.0104229 -0.00428924)
(-0.00866812 -0.0104591 -0.00365104)
(-0.00897823 -0.0111466 -0.00367398)
(-0.00937468 -0.0115909 -0.00307437)
(-0.0087724 -0.0108833 -0.00328122)
(-0.00907247 -0.01127 -0.00351125)
(-0.00922615 -0.0114476 -0.00349146)
(-0.00840482 -0.0107076 -0.00299784)
(-0.00742716 -0.0112127 -0.00432924)
(-0.00744032 -0.011871 -0.0046077)
(-0.0074069 -0.0113997 -0.00424296)
(-0.00756497 -0.0126223 -0.00553277)
(-0.00780441 -0.012726 -0.00528234)
(-0.00809846 -0.0131394 -0.00541476)
(-0.00649084 -0.00683098 -0.00217468)
(-0.00627148 -0.00618394 -0.00208739)
(-0.00660703 -0.00643181 -0.00212067)
(-0.00656888 -0.00687437 -0.00219217)
(-0.00707753 -0.00676736 -0.00214537)
(-0.00651219 -0.00679676 -0.00223904)
(-0.0065175 -0.00721749 -0.00253171)
(-0.00639828 -0.00686628 -0.00248062)
(-0.00651954 -0.00657173 -0.00238283)
(-0.00672466 -0.00660463 -0.0025219)
(-0.0065931 -0.00718544 -0.00240867)
(-0.00621975 -0.00687073 -0.00235286)
(-0.00734088 -0.00909868 -0.00294593)
(-0.00736266 -0.00921411 -0.00314305)
(-0.00676848 -0.00785406 -0.00246515)
(-0.00695199 -0.00753342 -0.00235921)
(-0.00712704 -0.00872123 -0.00275406)
(-0.00687557 -0.00787992 -0.00252573)
(-0.0137736 -0.0146465 -0.00378907)
(-0.0137076 -0.013372 -0.00354874)
(-0.0134679 -0.0127929 -0.00293366)
(-0.0141459 -0.0146607 -0.00403576)
(-0.0139947 -0.0142007 -0.0036399)
(-0.00715489 -0.0110771 -0.00317894)
(-0.00733789 -0.0115904 -0.00308628)
(-0.00708288 -0.0101807 -0.00320276)
(-0.00755696 -0.0123243 -0.00318907)
(-0.00800786 -0.0103647 -0.00360477)
(-0.00804735 -0.0129683 -0.00335027)
(-0.0130552 -0.0169093 -0.00594732)
(-0.0132759 -0.0167392 -0.00568447)
(-0.0128396 -0.0165249 -0.00554816)
(-0.012643 -0.0162628 -0.0054279)
(-0.01269 -0.0161956 -0.00547002)
(-0.0125017 -0.0165371 -0.00568186)
(-0.0121062 -0.0166393 -0.00469693)
(-0.0112849 -0.015533 -0.00456852)
(-0.0134822 -0.017231 -0.00541835)
(-0.012038 -0.0164799 -0.00464592)
(-0.0121595 -0.0154193 -0.00502838)
(-0.00874025 -0.00991224 -0.00340444)
(-0.00782709 -0.0103926 -0.00348473)
(-0.00826787 -0.0103533 -0.00354887)
(-0.00931975 -0.00992907 -0.0034169)
(-0.00829375 -0.00997326 -0.00338916)
(-0.00737188 -0.00885176 -0.00297862)
(-0.0133132 -0.0161196 -0.0052172)
(-0.0125501 -0.0149982 -0.00480306)
(-0.0122496 -0.0145768 -0.00468854)
(-0.0130291 -0.0158328 -0.0052247)
(-0.0121937 -0.015487 -0.00507646)
(-0.0122377 -0.0148295 -0.00474392)
(-0.0111724 -0.0170458 -0.00338656)
(-0.00965307 -0.0159898 -0.00293811)
(-0.0108531 -0.0181374 -0.00316086)
(-0.0105767 -0.0166071 -0.00357047)
(-0.008955 -0.0148863 -0.00312594)
(-0.00941941 -0.0152828 -0.00344446)
(-0.0140872 -0.0187143 -0.0042648)
(-0.0128439 -0.017946 -0.00377298)
(-0.0138867 -0.0195028 -0.00433443)
(-0.0127554 -0.0191224 -0.00371193)
(-0.0124671 -0.0183766 -0.00342949)
(-0.0115748 -0.0166772 -0.00293172)
(-0.0130704 -0.0162259 -0.00693476)
(-0.0129009 -0.0158631 -0.00587865)
(-0.0139984 -0.0166963 -0.00589241)
(-0.0127249 -0.0155543 -0.00578376)
(-0.0117574 -0.0145638 -0.00610012)
(-0.0138864 -0.0173307 -0.00539921)
(-0.0123783 -0.0152383 -0.00589628)
(-0.0128933 -0.0154981 -0.00685312)
(-0.011711 -0.0146667 -0.00657085)
(-0.0137395 -0.0171901 -0.00614849)
(-0.0129579 -0.0155242 -0.00626165)
(-0.0122466 -0.0155378 -0.00738163)
(-0.0121962 -0.0152464 -0.00452445)
(-0.0138933 -0.0174402 -0.00553846)
(-0.0135655 -0.0166373 -0.00550942)
(-0.0134918 -0.0173211 -0.00400128)
(-0.0138857 -0.0166958 -0.00540322)
(-0.0134103 -0.0160992 -0.00609859)
(-0.0138975 -0.0174923 -0.00548857)
(-0.0127143 -0.0162148 -0.0065932)
(-0.0136554 -0.0163978 -0.0051185)
(-0.0124324 -0.0153292 -0.00529312)
(-0.0123338 -0.0150512 -0.00490552)
(-0.0120313 -0.0150035 -0.00589424)
(-0.0108239 -0.016833 -0.00312686)
(-0.0115712 -0.0171432 -0.00363739)
(-0.0123141 -0.018436 -0.00328247)
(-0.0100485 -0.0157222 -0.00331066)
(-0.0116289 -0.0169907 -0.00318231)
(-0.0122546 -0.0174351 -0.00349841)
(-0.0129113 -0.0168041 -0.00371837)
(-0.0126286 -0.0164275 -0.00437205)
(-0.0137037 -0.0166926 -0.00517343)
(-0.0135919 -0.0172888 -0.0040172)
(-0.0144751 -0.0179406 -0.00557614)
(-0.0131837 -0.0165107 -0.00386198)
(-0.00938609 -0.0137645 -0.00356235)
(-0.00976135 -0.0151439 -0.00361893)
(-0.00864359 -0.0138828 -0.00338502)
(-0.00922155 -0.0145725 -0.00330093)
(-0.00892425 -0.0131817 -0.00357249)
(-0.00815731 -0.0124842 -0.00334976)
(-0.00866097 -0.0112565 -0.0037425)
(-0.00831287 -0.0103226 -0.00350607)
(-0.00797269 -0.0103625 -0.00345855)
(-0.00878763 -0.0105357 -0.00367052)
(-0.0113576 -0.014892 -0.00522879)
(-0.0112503 -0.0153864 -0.00551654)
(-0.0117253 -0.0157738 -0.00558078)
(-0.0113951 -0.0155099 -0.00552125)
(-0.012135 -0.0155626 -0.00570582)
(-0.0110023 -0.0147858 -0.00558764)
(-0.0126791 -0.0162007 -0.00513127)
(-0.0122977 -0.0151367 -0.00494156)
(-0.0128692 -0.015595 -0.00544423)
(-0.0131375 -0.0156647 -0.00567443)
(-0.0125858 -0.0154046 -0.00521847)
(-0.0126027 -0.0152036 -0.00520739)
(-0.0128386 -0.0157 -0.00533366)
(-0.0126317 -0.0156116 -0.00515855)
(-0.012241 -0.0154964 -0.00505066)
(-0.0122821 -0.0149256 -0.00498539)
(-0.0123467 -0.0147768 -0.00500111)
(-0.0121435 -0.0154412 -0.00488088)
(-0.0117631 -0.0145015 -0.00483467)
(-0.0125595 -0.015659 -0.0050614)
(-0.0116612 -0.0142708 -0.00464593)
(-0.011992 -0.0144391 -0.00501063)
(-0.0121183 -0.0145543 -0.00506081)
(-0.0124196 -0.0146227 -0.00526565)
(-0.0122395 -0.0150672 -0.00510408)
(-0.0123843 -0.0150606 -0.00515878)
(-0.0107646 -0.0141311 -0.00644161)
(-0.0120358 -0.0155046 -0.00593154)
(-0.0116352 -0.0144276 -0.00621025)
(-0.0114732 -0.0142035 -0.00606806)
(-0.0106389 -0.0137295 -0.00627848)
(-0.0120484 -0.0149749 -0.00671467)
(-0.00916318 -0.0138802 -0.0060182)
(-0.00944569 -0.0136878 -0.00566574)
(-0.00854427 -0.0131995 -0.00516647)
(-0.00863841 -0.0134205 -0.00547514)
(-0.00869878 -0.0131434 -0.00551207)
(-0.00944477 -0.0138786 -0.00566884)
(-0.0127277 -0.015047 -0.0051807)
(-0.0110519 -0.0135772 -0.00557761)
(-0.0119702 -0.0144838 -0.00577528)
(-0.0121475 -0.014518 -0.00641031)
(-0.0118154 -0.0144516 -0.00535286)
(-0.0115763 -0.0140883 -0.00583111)
(-0.0115618 -0.013825 -0.00531569)
(-0.0112472 -0.0144055 -0.00587369)
(-0.0110054 -0.0137565 -0.00589234)
(-0.0107392 -0.0154641 -0.00772926)
(-0.0112261 -0.015347 -0.00666345)
(-0.010294 -0.0144665 -0.00723587)
(-0.00993892 -0.0140391 -0.00689205)
(-0.0104766 -0.0143954 -0.00709147)
(-0.0113915 -0.0147076 -0.00634176)
(-0.0112348 -0.0151618 -0.00654515)
(-0.0101767 -0.0148009 -0.00731034)
(-0.011017 -0.0144077 -0.00692229)
(-0.0106143 -0.0144473 -0.00610293)
(-0.0105755 -0.0138808 -0.00620393)
(-0.00945334 -0.0146832 -0.00690383)
(-0.00907467 -0.0143108 -0.00695768)
(-0.00940466 -0.0138333 -0.0062605)
(-0.0106402 -0.0151137 -0.00664634)
(-0.0109096 -0.0154762 -0.00705052)
(-0.0100253 -0.0149066 -0.00705434)
(-0.00672924 -0.00868158 -0.00233809)
(-0.00677999 -0.00831017 -0.00271389)
(-0.00659254 -0.0085875 -0.00234939)
(-0.00657298 -0.00832635 -0.00257416)
(-0.00663997 -0.00814004 -0.00243379)
(-0.00553283 -0.00691616 -0.00214469)
(-0.00560568 -0.00717591 -0.00208962)
(-0.00600701 -0.00737363 -0.00232694)
(-0.00593952 -0.00780148 -0.00195411)
(-0.00596175 -0.00736793 -0.00226689)
(-0.00587871 -0.00724947 -0.00220857)
(-0.0083256 -0.0101735 -0.00425971)
(-0.00782305 -0.0094515 -0.00277508)
(-0.0080631 -0.00950289 -0.00426499)
(-0.00865971 -0.0104346 -0.00448116)
(-0.0077535 -0.00966617 -0.00325574)
(-0.00836286 -0.010281 -0.00408885)
(-0.00674147 -0.012946 -0.00431222)
(-0.00747286 -0.0134266 -0.00492054)
(-0.00671223 -0.0124872 -0.00402958)
(-0.00679578 -0.0125473 -0.00417495)
(-0.00742855 -0.0132883 -0.0047061)
(-0.00748857 -0.0134245 -0.00477486)
(-0.00755683 -0.0127897 -0.00506024)
(-0.00699115 -0.0128684 -0.00479687)
(-0.0070349 -0.0125102 -0.00454905)
(-0.00773501 -0.0135718 -0.00566682)
(-0.00736997 -0.013733 -0.00547308)
(-0.00716655 -0.0125694 -0.00483318)
(-0.00716417 -0.00976418 -0.00324953)
(-0.0064561 -0.0102475 -0.0033843)
(-0.00654479 -0.00851087 -0.00282797)
(-0.00659589 -0.0108564 -0.00368044)
(-0.00664894 -0.00847659 -0.0025841)
(-0.00638783 -0.0088045 -0.002846)
(-0.00602605 -0.0111059 -0.0035869)
(-0.00609273 -0.0115283 -0.0036707)
(-0.00637013 -0.0112511 -0.00319895)
(-0.00518597 -0.00929584 -0.00272096)
(-0.00536149 -0.00964331 -0.0027503)
(-0.00622888 -0.00788127 -0.0024459)
(-0.00625393 -0.00746545 -0.00248651)
(-0.00643228 -0.00760122 -0.00266291)
(-0.00647419 -0.00773098 -0.00268117)
(-0.00605446 -0.00759065 -0.002356)
(-0.00591557 -0.00697948 -0.00234647)
(-0.00544136 -0.0067706 -0.0020894)
(-0.0051827 -0.00655518 -0.00196355)
(-0.00534935 -0.00681597 -0.00202558)
(-0.00566392 -0.00659767 -0.00229413)
(-0.00578338 -0.00696136 -0.00235268)
(-0.00622792 -0.00718995 -0.00245407)
(-0.00614463 -0.0072316 -0.00242225)
(-0.00575697 -0.00712261 -0.00226879)
(-0.00641046 -0.0070562 -0.00250388)
(-0.00602573 -0.00712953 -0.0023976)
(-0.00639109 -0.00721129 -0.00256233)
(-0.00842302 -0.0143366 -0.00593073)
(-0.00855032 -0.0143917 -0.00608446)
(-0.00835848 -0.0144081 -0.0058569)
(-0.00888812 -0.0143235 -0.00599748)
(-0.00880498 -0.0144722 -0.00634018)
(-0.0137206 -0.0164726 -0.00550254)
(-0.0124955 -0.0151535 -0.00524405)
(-0.0121809 -0.014781 -0.00510976)
(-0.0132819 -0.0156457 -0.00657235)
(-0.0140308 -0.0173061 -0.00612776)
(-0.0133587 -0.0154899 -0.00675881)
(-0.0133643 -0.0168164 -0.0057672)
(-0.012549 -0.0156762 -0.00508321)
(-0.012251 -0.0156376 -0.00498049)
(-0.0118499 -0.0155226 -0.00537749)
(-0.0118444 -0.0152669 -0.00523067)
(-0.0123741 -0.016063 -0.00529544)
(-0.0123105 -0.0158028 -0.00536501)
(-0.011897 -0.0154674 -0.0051958)
(-0.0117332 -0.0155876 -0.00544985)
(-0.0124281 -0.0165119 -0.00571317)
(-0.0116382 -0.0151955 -0.00525511)
(-0.0115971 -0.0152372 -0.00522197)
(-0.0122682 -0.0157287 -0.00525756)
(-0.0122086 -0.015259 -0.00518043)
(-0.0143276 -0.0178258 -0.00563949)
(-0.0125926 -0.0171432 -0.00474453)
(-0.0136016 -0.0172844 -0.00538093)
(-0.0138819 -0.018621 -0.00543484)
(-0.0124615 -0.016507 -0.00489329)
(-0.0121946 -0.0168425 -0.00429266)
(-0.0145038 -0.0175615 -0.00620292)
(-0.0136488 -0.0171185 -0.00515067)
(-0.0134119 -0.016773 -0.00557192)
(-0.0146188 -0.0179661 -0.00612551)
(-0.0139353 -0.0183169 -0.00515978)
(-0.0132839 -0.0170494 -0.00437482)
(-0.0146748 -0.0175131 -0.00603149)
(-0.0130394 -0.0163689 -0.00459975)
(-0.0143275 -0.0180369 -0.00542035)
(-0.0140408 -0.0183656 -0.00527158)
(-0.012641 -0.0164018 -0.00443423)
(-0.0139897 -0.0177248 -0.00453298)
(-0.0146655 -0.0182076 -0.00575755)
(-0.0134889 -0.0187103 -0.00445358)
(-0.00751287 -0.00729053 -0.00330874)
(-0.00770083 -0.00707867 -0.00322255)
(-0.00775647 -0.00774368 -0.00336872)
(-0.00746612 -0.00736322 -0.00304319)
(-0.00775183 -0.00779281 -0.00356557)
(-0.00804961 -0.0077406 -0.00369813)
(-0.00669233 -0.00624339 -0.0024667)
(-0.00638151 -0.00625442 -0.00219922)
(-0.0061383 -0.00573961 -0.00214184)
(-0.00664854 -0.00611233 -0.00258868)
(-0.00617748 -0.00606523 -0.00215103)
(-0.00650078 -0.0061022 -0.00231369)
(-0.0124673 -0.0152695 -0.00609218)
(-0.0111682 -0.0143449 -0.00609214)
(-0.0122905 -0.0153694 -0.0052751)
(-0.0121344 -0.0147289 -0.00504396)
(-0.0108862 -0.0143161 -0.00621254)
(-0.0128618 -0.0159503 -0.00687156)
(-0.00788611 -0.00981644 -0.0034517)
(-0.00820612 -0.0114427 -0.0042977)
(-0.00808034 -0.0106314 -0.00382183)
(-0.00904655 -0.0122011 -0.00458355)
(-0.00952366 -0.0127771 -0.00494136)
(-0.0117032 -0.0105165 -0.00273618)
(-0.010222 -0.00951474 -0.00274156)
(-0.0110892 -0.0102622 -0.00280234)
(-0.0100534 -0.0108381 -0.00359555)
(-0.0115131 -0.010609 -0.00279932)
(-0.00993176 -0.00973324 -0.00311803)
(-0.0089229 -0.0112596 -0.00510312)
(-0.0103914 -0.0134882 -0.00569589)
(-0.0096889 -0.0128337 -0.00618095)
(-0.00707124 -0.00659791 -0.0024362)
(-0.00635988 -0.00615462 -0.00232444)
(-0.0070255 -0.00676547 -0.00241105)
(-0.00670873 -0.00615289 -0.00253717)
(-0.0074308 -0.00724615 -0.00281382)
(-0.00722323 -0.00720168 -0.00284318)
(-0.00753148 -0.00788288 -0.0030633)
(-0.0073774 -0.00783722 -0.00312347)
(-0.00754708 -0.00839219 -0.00317459)
(-0.00779278 -0.00876135 -0.0035164)
(-0.00739648 -0.00828796 -0.00316764)
(-0.0121871 -0.0136872 -0.00451187)
(-0.0115968 -0.0169495 -0.00386917)
(-0.012401 -0.0177417 -0.00416819)
(-0.0110337 -0.0177439 -0.0034667)
(-0.0109982 -0.0168055 -0.00321701)
(-0.0123665 -0.0171969 -0.00349793)
(-0.0125354 -0.0182197 -0.00358473)
(-0.0135897 -0.0192023 -0.00441187)
(-0.0129997 -0.0187172 -0.00404785)
(-0.0130631 -0.0160932 -0.00561852)
(-0.0121135 -0.0144317 -0.00495841)
(-0.00608045 -0.00769343 -0.00219151)
(-0.00533605 -0.00649296 -0.00198783)
(-0.00585182 -0.0070567 -0.00233485)
(-0.00569047 -0.00725226 -0.00206007)
(-0.00637685 -0.00732133 -0.00266015)
(-0.0060902 -0.00728733 -0.00240361)
(-0.00511275 -0.00902077 -0.00228208)
(-0.00543595 -0.00858481 -0.00254381)
(-0.00492555 -0.00725821 -0.0020994)
(-0.00598038 -0.00801401 -0.00245373)
(-0.0058512 -0.00749389 -0.00228089)
(-0.00618686 -0.00761862 -0.00237992)
(-0.00595613 -0.00787432 -0.00247824)
(-0.00632878 -0.00710957 -0.00244943)
(-0.00651193 -0.00816139 -0.00268094)
(-0.00713137 -0.0120683 -0.00446989)
(-0.00737652 -0.0137658 -0.00518593)
(-0.00680148 -0.0125778 -0.00456371)
(-0.00750145 -0.013327 -0.00514934)
(-0.0083466 -0.0136294 -0.00553579)
(-0.00679473 -0.0125007 -0.00413759)
(-0.00592659 -0.00719254 -0.00234338)
(-0.00604174 -0.00750833 -0.00219459)
(-0.00598028 -0.00753189 -0.00210296)
(-0.00584973 -0.00747023 -0.00226535)
(-0.00627965 -0.00787713 -0.00253139)
(-0.0065986 -0.00789898 -0.00264909)
(-0.00607447 -0.00818516 -0.00206838)
(-0.00604136 -0.00766319 -0.00237507)
(-0.00513448 -0.00700356 -0.00199559)
(-0.00520387 -0.00711723 -0.00208349)
(-0.00566458 -0.00677563 -0.00217025)
(-0.00519424 -0.00654765 -0.00197647)
(-0.00525352 -0.0064511 -0.00202877)
(-0.00518219 -0.00643369 -0.00192311)
(-0.00533648 -0.00683051 -0.00201092)
(-0.00524438 -0.00650581 -0.00193013)
(-0.00523291 -0.00636147 -0.00208295)
(-0.00572431 -0.00643306 -0.00255941)
(-0.00597582 -0.00658013 -0.00256416)
(-0.00557917 -0.00677879 -0.00209025)
(-0.00536232 -0.00648345 -0.00204457)
(-0.00539583 -0.00669524 -0.00197478)
(-0.00979867 -0.0145275 -0.00614506)
(-0.00983 -0.0143167 -0.00647545)
(-0.0115282 -0.015782 -0.00715117)
(-0.0124908 -0.0153149 -0.0056596)
(-0.0134932 -0.0161224 -0.00591496)
(-0.0137702 -0.0169716 -0.00656946)
(-0.00960243 -0.0140925 -0.00604096)
(-0.0108393 -0.0147116 -0.00641132)
(-0.0119045 -0.0151963 -0.00703943)
(-0.0116423 -0.0148448 -0.00589061)
(-0.0118172 -0.014703 -0.00607559)
(-0.0120643 -0.0153821 -0.00737117)
(-0.0116396 -0.0151738 -0.00643246)
(-0.0116624 -0.0147268 -0.00629879)
(-0.0128029 -0.016289 -0.00636616)
(-0.0119029 -0.0159288 -0.00788121)
(-0.0115515 -0.0155162 -0.00737354)
(-0.0112811 -0.0150841 -0.00737048)
(-0.0128872 -0.0158208 -0.00749477)
(-0.0113881 -0.0145679 -0.00713678)
(-0.0118491 -0.0149109 -0.00694096)
(-0.0131349 -0.0160098 -0.00702018)
(-0.0123563 -0.0149153 -0.00685305)
(-0.0128667 -0.0161946 -0.00653824)
(-0.0125686 -0.0152815 -0.00580552)
(-0.0123776 -0.0151901 -0.00602299)
(-0.0117807 -0.0150544 -0.00679579)
(-0.0119695 -0.0151126 -0.00656173)
(-0.012839 -0.0157003 -0.0066174)
(-0.0127042 -0.0155398 -0.00714492)
(-0.0120965 -0.0149837 -0.00595366)
(-0.0127193 -0.0160859 -0.00612602)
(-0.0126909 -0.0154707 -0.00640011)
(-0.0114215 -0.0140489 -0.00610295)
(-0.0120733 -0.0147893 -0.00582594)
(-0.00978329 -0.0145529 -0.00639933)
(-0.00946904 -0.0145524 -0.00618027)
(-0.0105954 -0.0151908 -0.0068272)
(-0.0106053 -0.0140863 -0.00602223)
(-0.00896269 -0.0137921 -0.00603329)
(-0.00880405 -0.0134065 -0.00562087)
(-0.0120043 -0.0148892 -0.00494777)
(-0.0128351 -0.0152061 -0.00521454)
(-0.012354 -0.0150433 -0.00555078)
(-0.0122747 -0.0140397 -0.00607112)
(-0.0124076 -0.0152667 -0.00517019)
(-0.0131603 -0.0158488 -0.00545572)
(-0.0128718 -0.0165665 -0.00528729)
(-0.0125036 -0.0161352 -0.0049691)
(-0.0136504 -0.0154957 -0.00564421)
(-0.0123227 -0.0154023 -0.00475335)
(-0.0124184 -0.0156965 -0.00506939)
(-0.0122439 -0.015193 -0.00489375)
(-0.0132337 -0.0161297 -0.00539936)
(-0.0130141 -0.0165214 -0.00534975)
(-0.0128305 -0.0159254 -0.00522)
(-0.0117752 -0.0150304 -0.0048142)
(-0.0120771 -0.0151583 -0.00482686)
(-0.0120175 -0.0154682 -0.00492012)
(-0.0117211 -0.0162039 -0.00578596)
(-0.0115945 -0.0157259 -0.00556189)
(-0.0120039 -0.0158941 -0.00545927)
(-0.0119094 -0.0154389 -0.00520412)
(-0.0118001 -0.0143232 -0.00481121)
(-0.0119948 -0.0156918 -0.00528619)
(-0.0119506 -0.015156 -0.00499794)
(-0.0113484 -0.0156082 -0.00544935)
(-0.0118071 -0.0155425 -0.0053816)
(-0.0125683 -0.0161368 -0.00516021)
(-0.0135513 -0.0170883 -0.00569525)
(-0.0127328 -0.0162625 -0.0052194)
(-0.013264 -0.0159147 -0.00586524)
(-0.0142583 -0.0172542 -0.00581649)
(-0.013453 -0.0165497 -0.00552278)
(-0.0129007 -0.016087 -0.00525098)
(-0.0132753 -0.0153019 -0.00588836)
(-0.0132837 -0.0153047 -0.00592203)
(-0.0130034 -0.0162415 -0.00526615)
(-0.0132477 -0.0160615 -0.0054458)
(-0.0132789 -0.0163477 -0.00531286)
(-0.0125836 -0.015869 -0.00519623)
(-0.0135936 -0.0167363 -0.00572052)
(-0.0127445 -0.0156186 -0.00517455)
(-0.0133155 -0.0161242 -0.00546137)
(-0.0133549 -0.0163211 -0.00566502)
(-0.012684 -0.015387 -0.00529243)
(-0.0130157 -0.0161528 -0.00522056)
(-0.0133188 -0.0162831 -0.00550703)
(-0.0103899 -0.0155105 -0.00384533)
(-0.00861599 -0.011704 -0.00363173)
(-0.00866691 -0.0100624 -0.00346279)
(-0.00975218 -0.0145882 -0.00377984)
(-0.0103656 -0.0150024 -0.00386131)
(-0.01052 -0.0154132 -0.00372981)
(-0.0125609 -0.0174001 -0.00248636)
(-0.0133888 -0.0188927 -0.00301043)
(-0.0140711 -0.0181409 -0.00473841)
(-0.0126006 -0.0174142 -0.00317043)
(-0.0103799 -0.0163223 -0.00345553)
(-0.0133293 -0.0181583 -0.00328535)
(-0.0139083 -0.0188452 -0.00429687)
(-0.0124329 -0.0170683 -0.00339876)
(-0.011471 -0.0164413 -0.00296652)
(-0.0123588 -0.0170347 -0.0031873)
(-0.0134602 -0.0169735 -0.00458654)
(-0.0123726 -0.0162226 -0.00361185)
(-0.014311 -0.0180857 -0.00497687)
(-0.013851 -0.0174261 -0.00369834)
(-0.0130437 -0.0158088 -0.00570893)
(-0.0119837 -0.0148215 -0.006236)
(-0.0121286 -0.0147556 -0.00519189)
(-0.0137339 -0.017064 -0.00558317)
(-0.0133635 -0.0170534 -0.00544216)
(-0.0132282 -0.0163661 -0.00541195)
(-0.0131723 -0.0169951 -0.00520704)
(-0.0126665 -0.0157194 -0.00503568)
(-0.0136038 -0.0164995 -0.00549492)
(-0.0123364 -0.014944 -0.00692761)
(-0.0134986 -0.0161002 -0.00606968)
(-0.013839 -0.0170422 -0.0069475)
(-0.0126432 -0.0152283 -0.00632218)
(-0.0130927 -0.0163047 -0.00499324)
(-0.0131761 -0.0158646 -0.00617633)
(-0.0146265 -0.0170706 -0.00713334)
(-0.0146918 -0.0180227 -0.00565108)
(-0.0127735 -0.0156285 -0.00683384)
(-0.0141843 -0.0171806 -0.00611202)
(-0.0142103 -0.0181313 -0.00526049)
(-0.0143482 -0.0169655 -0.00635128)
(-0.0132877 -0.0158144 -0.00656918)
(-0.0141075 -0.016666 -0.00655327)
(-0.0131667 -0.0160123 -0.00500637)
(-0.0141523 -0.0177078 -0.00586837)
(-0.012814 -0.0156312 -0.00632683)
(-0.0129863 -0.0160493 -0.00523139)
(-0.0137449 -0.017069 -0.00551588)
(-0.0137796 -0.016964 -0.00549009)
(-0.0132044 -0.0163361 -0.00469625)
(-0.0132237 -0.0159941 -0.00577866)
(-0.01464 -0.0180745 -0.00646123)
(-0.014378 -0.0169416 -0.00595732)
(-0.013555 -0.0163988 -0.00664619)
(-0.0117102 -0.0157249 -0.00689997)
(-0.011217 -0.0147332 -0.00667654)
(-0.011405 -0.0147998 -0.00663992)
(-0.0104822 -0.0152209 -0.00678125)
(-0.0102616 -0.0149032 -0.00744006)
(-0.0115486 -0.0172066 -0.00358969)
(-0.0110877 -0.0173635 -0.00309944)
(-0.0128738 -0.017354 -0.00357874)
(-0.0130854 -0.0169456 -0.00481655)
(-0.0126987 -0.0168697 -0.00325428)
(-0.0142112 -0.0186874 -0.00464139)
(-0.0142399 -0.0173635 -0.0044177)
(-0.0141538 -0.0172403 -0.00555679)
(-0.0130177 -0.016358 -0.00437993)
(-0.0125187 -0.0154489 -0.00447085)
(-0.0129598 -0.0159179 -0.00587222)
(-0.0140346 -0.0167349 -0.00681477)
(-0.0125925 -0.0169879 -0.00581182)
(-0.0122132 -0.0161332 -0.00543842)
(-0.0123723 -0.0163112 -0.00540406)
(-0.0125708 -0.0157534 -0.00522832)
(-0.0119642 -0.0153738 -0.00504551)
(-0.0128628 -0.0168016 -0.00552408)
(-0.0122721 -0.0158843 -0.00500983)
(-0.0122512 -0.0158722 -0.00500398)
(-0.0128087 -0.0163621 -0.00518583)
(-0.0122803 -0.0160101 -0.00488618)
(-0.0127177 -0.0158128 -0.00517148)
(-0.0119561 -0.0160145 -0.00496618)
(-0.0133534 -0.0165461 -0.0055249)
(-0.0100144 -0.0162735 -0.00307748)
(-0.00970793 -0.0156143 -0.00352481)
(-0.0107466 -0.0123629 -0.00407434)
(-0.0130413 -0.0144244 -0.00467053)
(-0.0101888 -0.0118645 -0.00385372)
(-0.0117433 -0.0168544 -0.0038765)
(-0.011893 -0.0171567 -0.00417923)
(-0.0119118 -0.0163757 -0.00428485)
(-0.0110464 -0.0163365 -0.00381077)
(-0.00926705 -0.0150247 -0.00326479)
(-0.0108329 -0.0168671 -0.00374454)
(-0.0119933 -0.0152074 -0.00469634)
(-0.0117597 -0.0166004 -0.00443228)
(-0.0118994 -0.016207 -0.00441373)
(-0.0101791 -0.0108158 -0.0037161)
(-0.0111338 -0.0117763 -0.00386592)
(-0.0129311 -0.0158774 -0.00496936)
(-0.0129722 -0.0140973 -0.00436778)
(-0.012854 -0.0160376 -0.00536681)
(-0.0136822 -0.0179105 -0.00611661)
(-0.0133103 -0.016593 -0.00526854)
(-0.0128427 -0.0157632 -0.00515067)
(-0.0122157 -0.0157467 -0.00533989)
(-0.0132382 -0.0162531 -0.00532881)
(-0.0122138 -0.0146884 -0.0047314)
(-0.0110677 -0.013767 -0.00461782)
(-0.011268 -0.0160825 -0.00486186)
(-0.0105115 -0.0132541 -0.00436951)
(-0.0130677 -0.016176 -0.00531232)
(-0.0116396 -0.0142533 -0.00453926)
(-0.0118897 -0.0148149 -0.00469031)
(-0.0120064 -0.0153098 -0.00468892)
(-0.0131213 -0.0150898 -0.00490501)
(-0.014013 -0.0154291 -0.00465713)
(-0.0132962 -0.0140836 -0.00425346)
(-0.0135285 -0.0142722 -0.00406475)
(-0.0134922 -0.0156586 -0.00468643)
(-0.0127031 -0.015213 -0.00451864)
(-0.0081961 -0.0109221 -0.00350266)
(-0.00800912 -0.011723 -0.00338207)
(-0.00859411 -0.0131475 -0.00371436)
(-0.00839463 -0.0138449 -0.00314863)
(-0.00839088 -0.0140871 -0.00320888)
(-0.00731858 -0.0112541 -0.00333854)
(-0.00855415 -0.0134108 -0.00329283)
(-0.0136562 -0.014944 -0.00396152)
(-0.0130325 -0.0159489 -0.00490392)
(-0.0132151 -0.015318 -0.00443536)
(-0.0137934 -0.0142925 -0.00391)
(-0.0138085 -0.0145408 -0.00384318)
(-0.0112461 -0.0102669 -0.00297176)
(-0.0120549 -0.0109865 -0.00318749)
(-0.00804923 -0.0115297 -0.00341376)
(-0.00810633 -0.0112145 -0.0034277)
(-0.00788713 -0.0103436 -0.00355477)
(-0.00758943 -0.0107042 -0.00338355)
(-0.00756963 -0.00975071 -0.00328789)
(-0.00845266 -0.0114503 -0.00363572)
(-0.0087786 -0.0114932 -0.00399018)
(-0.00784663 -0.00941009 -0.00330269)
(-0.00992261 -0.010221 -0.00329685)
(-0.00867089 -0.00958876 -0.00321421)
(-0.00895445 -0.0105132 -0.00342523)
(-0.00738633 -0.00926529 -0.00330427)
(-0.00662403 -0.00995648 -0.00346837)
(-0.00678473 -0.0091961 -0.00300641)
(-0.00711618 -0.00791579 -0.00242091)
(-0.00704011 -0.0082344 -0.00260987)
(-0.00792887 -0.00930378 -0.00292785)
(-0.00772512 -0.00962081 -0.00333041)
(-0.00719991 -0.00841505 -0.00260324)
(-0.0071588 -0.0082734 -0.0025284)
(-0.00658336 -0.00735704 -0.00233407)
(-0.0065129 -0.00762043 -0.00243733)
(-0.00727844 -0.0082414 -0.00309952)
(-0.00730004 -0.00778539 -0.00301726)
(-0.00720068 -0.00805882 -0.00301213)
(-0.00685818 -0.00789017 -0.00290119)
(-0.00664728 -0.00754308 -0.00280968)
(-0.00716693 -0.00747765 -0.00293081)
(-0.00665752 -0.00731884 -0.00277866)
(-0.0068884 -0.00705702 -0.00280962)
(-0.00646221 -0.0072852 -0.00254864)
(-0.00690181 -0.00734278 -0.00245186)
(-0.00666338 -0.00672553 -0.00230986)
(-0.00796009 -0.0129725 -0.0055247)
(-0.00586555 -0.00550019 -0.00216797)
(-0.00667841 -0.00608342 -0.00247292)
(-0.00699941 -0.0062589 -0.00289255)
(-0.00636475 -0.00565755 -0.00244791)
(-0.00582657 -0.00657322 -0.00212255)
(-0.00585168 -0.00625429 -0.00214526)
(-0.00605711 -0.00650008 -0.00207394)
(-0.00618161 -0.00620369 -0.00210377)
(-0.00631334 -0.00707557 -0.00221192)
(-0.00623101 -0.00691887 -0.00219719)
(-0.00809101 -0.00794332 -0.00386674)
(-0.00854464 -0.00871455 -0.00405764)
(-0.00834885 -0.00882924 -0.003974)
(-0.00817103 -0.00842255 -0.00380307)
(-0.00805819 -0.00913181 -0.00355748)
(-0.00748 -0.00909755 -0.00321514)
(-0.00738844 -0.00884006 -0.00305144)
(-0.00764786 -0.00923183 -0.00294117)
(-0.00695334 -0.00837527 -0.00284085)
(-0.010988 -0.0130095 -0.00400982)
(-0.00856689 -0.0105791 -0.00296665)
(-0.00905041 -0.0112712 -0.00265048)
(-0.00684294 -0.00883801 -0.00184009)
(-0.00857786 -0.0102855 -0.00264743)
(-0.00881567 -0.0108807 -0.00357345)
(-0.00702909 -0.00850431 -0.00255677)
(-0.00707763 -0.00885846 -0.00240747)
(-0.00815281 -0.0103338 -0.00274147)
(-0.00828718 -0.0102553 -0.00360729)
(-0.00811009 -0.00998692 -0.0033894)
(-0.00746811 -0.00895556 -0.00325531)
(-0.00788591 -0.00945966 -0.00339066)
(-0.00832679 -0.0100296 -0.00333907)
(-0.00724946 -0.00883742 -0.00285609)
(-0.00741044 -0.00870456 -0.00331593)
(-0.00772913 -0.00950268 -0.00303979)
(-0.00727902 -0.00950113 -0.00200712)
(-0.00741704 -0.00906778 -0.00283478)
(-0.00668884 -0.00849932 -0.00257665)
(-0.0106886 -0.0127571 -0.00280004)
(-0.00930912 -0.0112485 -0.00306728)
(-0.0105336 -0.012276 -0.00240748)
(-0.0107444 -0.0130199 -0.00343193)
(-0.00992988 -0.0119271 -0.00369654)
(-0.00839783 -0.00891927 -0.00421193)
(-0.00902892 -0.00996674 -0.00425657)
(-0.00850637 -0.00952524 -0.00399454)
(-0.00858398 -0.00963736 -0.00426026)
(-0.0083602 -0.00894441 -0.0039844)
(-0.00865148 -0.0095716 -0.00421119)
(-0.00934227 -0.009648 -0.00475275)
(-0.00902365 -0.00945252 -0.00470083)
(-0.0104835 -0.01241 -0.0025065)
(-0.0111147 -0.0130592 -0.00280756)
(-0.0116923 -0.013811 -0.00385994)
(-0.00922426 -0.0114379 -0.00253834)
(-0.00938873 -0.011749 -0.00278855)
(-0.00979422 -0.0119204 -0.00347928)
(-0.00929817 -0.0116659 -0.00292816)
(-0.0103657 -0.012701 -0.00281601)
(-0.0119391 -0.0139367 -0.00266368)
(-0.0122412 -0.0154723 -0.00626867)
(-0.0124953 -0.0156835 -0.00562255)
(-0.0110973 -0.0144883 -0.00619516)
(-0.00696865 -0.00941689 -0.00335172)
(-0.00687345 -0.00945753 -0.00323508)
(-0.0072744 -0.00928513 -0.00308154)
(-0.00766682 -0.0116369 -0.00440594)
(-0.00813044 -0.0123847 -0.00482033)
(-0.00735686 -0.0112186 -0.00428804)
(-0.00757003 -0.0117594 -0.00445836)
(-0.00856556 -0.0121424 -0.00474128)
(-0.00843581 -0.0127549 -0.00584458)
(-0.00749697 -0.00984868 -0.00329513)
(-0.00747862 -0.0121468 -0.00534384)
(-0.00896959 -0.0128338 -0.00512156)
(-0.00745076 -0.0108767 -0.00405376)
(-0.00981651 -0.0130035 -0.00532297)
(-0.0111652 -0.01485 -0.0062843)
(-0.011219 -0.0143515 -0.0057872)
(-0.0107506 -0.0141787 -0.00569425)
(-0.0101337 -0.0133737 -0.00491933)
(-0.00982649 -0.0138926 -0.00600103)
(-0.00920462 -0.012987 -0.00567235)
(-0.00927424 -0.014358 -0.00646098)
(-0.00827656 -0.014014 -0.00656832)
(-0.00999901 -0.0142732 -0.0063878)
(-0.0101654 -0.0147028 -0.00722009)
(-0.00908064 -0.0142838 -0.00703844)
(-0.00848002 -0.0139481 -0.00623219)
(-0.00928594 -0.0137245 -0.00638397)
(-0.0110491 -0.0146216 -0.00706476)
(-0.0100187 -0.0148349 -0.00722626)
(-0.0113274 -0.0155426 -0.0075361)
(-0.0106974 -0.0150812 -0.0066933)
(-0.0108881 -0.0145999 -0.00730703)
(-0.0108489 -0.0142557 -0.00623602)
(-0.0108806 -0.015058 -0.0072763)
(-0.010014 -0.0142551 -0.00595904)
(-0.0106027 -0.0150058 -0.00663577)
(-0.0106593 -0.0148632 -0.00749356)
(-0.0112725 -0.0152503 -0.0070054)
(-0.0117218 -0.0149684 -0.00639381)
(-0.0119285 -0.0155296 -0.00649728)
(-0.0126424 -0.0157724 -0.00622082)
(-0.012589 -0.0156899 -0.00693198)
(-0.00987184 -0.0140161 -0.00668617)
(-0.00929421 -0.0130667 -0.00623624)
(-0.0105569 -0.014475 -0.00689632)
(-0.01161 -0.0156602 -0.0071341)
(-0.00754683 -0.00928187 -0.00297559)
(-0.00886578 -0.0121033 -0.00480123)
(-0.0088034 -0.012487 -0.00510632)
(-0.0105616 -0.0135644 -0.00519208)
(-0.00798074 -0.0106803 -0.00391744)
(-0.00721524 -0.00946329 -0.00314593)
(-0.0079501 -0.0105983 -0.00365334)
(-0.00715001 -0.00953393 -0.00324104)
(-0.00654719 -0.00831938 -0.00285711)
(-0.00572872 -0.00682313 -0.00219169)
(-0.0063768 -0.007056 -0.00223999)
(-0.00598173 -0.00687112 -0.00216252)
(-0.00680231 -0.00834728 -0.00276355)
(-0.00691341 -0.00881479 -0.00294602)
(-0.0068714 -0.00895957 -0.00296018)
(-0.00635674 -0.00740768 -0.00237814)
(-0.0123634 -0.0150225 -0.00470076)
(-0.0114785 -0.0134817 -0.0017383)
(-0.00596 -0.00560882 -0.00224499)
(-0.00578735 -0.0057051 -0.0020562)
(-0.00544147 -0.00631235 -0.00203118)
(-0.00572428 -0.00687947 -0.00222603)
(-0.0127563 -0.0133933 -0.0020386)
(-0.0128627 -0.0137708 -0.00122466)
(-0.012376 -0.0110927 -0.00273584)
(-0.0123065 -0.0110763 -0.00267645)
(-0.0117493 -0.0104571 -0.00232446)
(-0.0124717 -0.0119164 -0.0017099)
(-0.0129961 -0.012764 -0.00188139)
(-0.0134502 -0.0127822 -0.00277484)
(-0.0128176 -0.0117835 -0.00217274)
(-0.013014 -0.0120049 -0.00275288)
(-0.0129907 -0.0129074 -0.00229437)
(-0.0129519 -0.0123655 -0.00240103)
(-0.0132663 -0.0122958 -0.00215795)
(-0.0120815 -0.0124544 -0.00255933)
(-0.0117104 -0.012425 -0.00249764)
(-0.0132134 -0.0131306 -0.00295582)
(-0.0127564 -0.0138191 -0.00364479)
(-0.0124712 -0.0124648 -0.00154678)
(-0.0124058 -0.0126682 -0.00149024)
(-0.013388 -0.0123343 -0.00101927)
(-0.0123741 -0.0121895 -0.00132516)
(-0.0113099 -0.0153013 -0.00622855)
(-0.0110792 -0.0144233 -0.00607808)
(-0.0109082 -0.0146009 -0.00564685)
(-0.011115 -0.0147222 -0.00590158)
(-0.00999552 -0.0138666 -0.0072509)
(-0.00941685 -0.0120963 -0.00664276)
(-0.0110022 -0.0146185 -0.00652885)
(-0.0104315 -0.0142245 -0.00627824)
(-0.0103865 -0.0137802 -0.00606844)
(-0.0102335 -0.0136317 -0.00647531)
(-0.0102595 -0.0130035 -0.00592326)
(-0.00653225 -0.0076674 -0.0030494)
(-0.00667392 -0.00760148 -0.00328252)
(-0.00626508 -0.00790213 -0.00213556)
(-0.00719115 -0.00912496 -0.00274694)
(-0.00958939 -0.0114362 -0.00511064)
(-0.00734159 -0.0087412 -0.0039039)
(-0.00864532 -0.0107277 -0.00475931)
(-0.0102007 -0.0130591 -0.00593927)
(-0.0109414 -0.0134247 -0.00580235)
(-0.009702 -0.0113283 -0.0062312)
(-0.00831715 -0.0100034 -0.00454781)
(-0.00642161 -0.00748776 -0.00256161)
(-0.00696903 -0.00770466 -0.00352211)
(-0.00632563 -0.00769047 -0.00276295)
(-0.00723356 -0.00839895 -0.0036566)
(-0.00644038 -0.0073251 -0.00311165)
(-0.0053901 -0.00662634 -0.0022167)
(-0.0054985 -0.0065408 -0.00213982)
(-0.00960004 -0.0119937 -0.00478057)
(-0.00634114 -0.00728847 -0.00305548)
(-0.00885435 -0.0103121 -0.00528121)
(-0.00815997 -0.00918119 -0.00426316)
(-0.00835252 -0.0096975 -0.00392826)
(-0.00845489 -0.0102061 -0.00420781)
(-0.0079126 -0.00939051 -0.00375273)
(-0.00687194 -0.0119651 -0.00388338)
(-0.00758678 -0.0124933 -0.00415545)
(-0.00766449 -0.0120924 -0.00413125)
(-0.00843481 -0.0134584 -0.00567076)
(-0.00871817 -0.0132698 -0.00531045)
(-0.00807803 -0.0136213 -0.00535983)
(-0.00741988 -0.0131312 -0.0046595)
(-0.00785254 -0.0136596 -0.00505832)
(-0.007436 -0.012755 -0.00439803)
(-0.00751903 -0.0128987 -0.0044369)
(-0.00844712 -0.0135437 -0.00539994)
(-0.0080119 -0.0131228 -0.00476926)
(-0.00638876 -0.0115182 -0.00346654)
(-0.00622562 -0.0112315 -0.00328999)
(-0.00643042 -0.0113592 -0.00348876)
(-0.00678576 -0.012108 -0.00387948)
(-0.00926132 -0.0142018 -0.00624138)
(-0.0096309 -0.0151584 -0.00627498)
(-0.00952323 -0.0143569 -0.00621412)
(-0.00893726 -0.0149866 -0.00716079)
(-0.00846772 -0.0143483 -0.00660073)
(-0.00978509 -0.0153587 -0.00686642)
(-0.00844004 -0.01458 -0.00618366)
(-0.00738651 -0.013769 -0.00556468)
(-0.00716998 -0.0138032 -0.00548685)
(-0.00836622 -0.0148622 -0.00617457)
(-0.0082029 -0.013541 -0.00564879)
(-0.00875137 -0.0142182 -0.0060632)
(-0.00751622 -0.0139311 -0.00570351)
(-0.0082584 -0.0145961 -0.00618177)
(-0.00640175 -0.00915841 -0.00263837)
(-0.00647148 -0.00912037 -0.00244157)
(-0.00721278 -0.0107281 -0.00298114)
(-0.0065567 -0.00986121 -0.00274847)
(-0.00687706 -0.0101977 -0.00259397)
(-0.0064215 -0.00896947 -0.00250552)
(-0.00578004 -0.00811937 -0.00222875)
(-0.0048661 -0.00617901 -0.0018561)
(-0.00531527 -0.00707856 -0.00203135)
(-0.00605257 -0.00699736 -0.00283362)
(-0.00495913 -0.00604325 -0.00200076)
(-0.00548971 -0.00655852 -0.00234973)
(-0.00722792 -0.00841463 -0.00335075)
(-0.0060481 -0.00717664 -0.00285908)
(-0.00732646 -0.00812178 -0.0038945)
(-0.00631772 -0.00750263 -0.00253107)
(-0.00739111 -0.00895018 -0.00287911)
(-0.0073228 -0.00845581 -0.00333393)
(-0.00732929 -0.00891948 -0.00319223)
(-0.00534346 -0.00874247 -0.00220156)
(-0.00663312 -0.00967159 -0.00285712)
(-0.00656625 -0.00941014 -0.00276382)
(-0.00646966 -0.0096634 -0.00250912)
(-0.00632854 -0.0103199 -0.00262678)
(-0.00677597 -0.0119369 -0.00338984)
(-0.00738255 -0.0118713 -0.00385252)
(-0.00648699 -0.00995298 -0.00276577)
(-0.0062685 -0.0106492 -0.00302753)
(-0.0060197 -0.00966253 -0.00270864)
(-0.00733811 -0.0113324 -0.00348602)
(-0.00683445 -0.0107913 -0.00319377)
(-0.00667727 -0.0111075 -0.00331333)
(-0.00672398 -0.0110053 -0.00300442)
(-0.00457275 -0.00626979 -0.0016202)
(-0.00474148 -0.00611365 -0.0017579)
(-0.00506939 -0.00722625 -0.00181283)
(-0.00465412 -0.00642611 -0.00160099)
(-0.00499168 -0.00634336 -0.00190665)
(-0.00478629 -0.00626918 -0.00184254)
(-0.00455509 -0.00617273 -0.00179486)
(-0.00468642 -0.00624646 -0.00175217)
(-0.00487869 -0.00608947 -0.00179517)
(-0.00480161 -0.00565165 -0.00186829)
(-0.00485845 -0.00595911 -0.00188195)
(-0.00469688 -0.00591822 -0.00175662)
(-0.00492948 -0.00620789 -0.00184284)
(-0.00450062 -0.00576904 -0.00162242)
(-0.0100812 -0.00993706 -0.00290618)
(-0.0105162 -0.0142457 -0.00600981)
(-0.00967111 -0.0130248 -0.00529652)
(-0.011618 -0.0154629 -0.00688927)
(-0.0107259 -0.0145545 -0.00728377)
(-0.0101391 -0.0127398 -0.00382789)
(-0.00909211 -0.0110453 -0.00331375)
(-0.0089624 -0.0111123 -0.00501283)
(-0.00941475 -0.0114784 -0.00456652)
(-0.00929495 -0.0113974 -0.00462011)
(-0.00876309 -0.0112513 -0.00507813)
(-0.00879206 -0.0108674 -0.00508148)
(-0.0085801 -0.01075 -0.00396604)
(-0.0095269 -0.0121182 -0.00605785)
(-0.0106255 -0.0136596 -0.00619714)
(-0.00940173 -0.0123963 -0.00628811)
(-0.0107032 -0.0136222 -0.00488125)
(-0.0114445 -0.013276 -0.00376608)
(-0.00967326 -0.0124996 -0.00494182)
(-0.0134389 -0.0163338 -0.00543459)
(-0.0127836 -0.0167808 -0.0059594)
(-0.0111209 -0.0146888 -0.00592212)
(-0.0107908 -0.0145837 -0.00643342)
(-0.00630387 -0.0109049 -0.00377078)
(-0.0116482 -0.0163749 -0.00668198)
(-0.0111887 -0.0145654 -0.00500031)
(-0.0121502 -0.0155455 -0.00595803)
(-0.00917838 -0.0117752 -0.00518405)
(-0.00949972 -0.0126516 -0.00655668)
(-0.0109143 -0.013412 -0.00473671)
(-0.00971531 -0.0120894 -0.00463138)
(-0.010682 -0.0145492 -0.00675146)
(-0.0111901 -0.0135478 -0.0052797)
(-0.0108572 -0.0140891 -0.00530971)
(-0.0100595 -0.0134447 -0.00572746)
(-0.0118879 -0.0162004 -0.00632908)
(-0.0106587 -0.0150068 -0.00689516)
(-0.0107166 -0.0151249 -0.00695724)
(-0.0107606 -0.0139328 -0.00588793)
(-0.0106792 -0.0142771 -0.00599756)
(-0.00832582 -0.0133644 -0.0051683)
(-0.00831992 -0.0134083 -0.00500586)
(-0.0079286 -0.0134015 -0.00506914)
(-0.00792578 -0.0133951 -0.00481592)
(-0.00843817 -0.0132953 -0.0050352)
(-0.00824818 -0.0133206 -0.00509427)
(-0.00817516 -0.0124646 -0.00446196)
(-0.00806241 -0.0124669 -0.00427838)
(-0.0130142 -0.0124629 -0.000974652)
(-0.0117307 -0.0140561 -0.00452309)
(-0.012662 -0.0150668 -0.00423226)
(-0.00790134 -0.0109546 -0.00427224)
(-0.00769853 -0.00998855 -0.0034889)
(-0.0105411 -0.0125552 -0.00177305)
(-0.00952058 -0.0117925 -0.00251425)
(-0.00970692 -0.0122992 -0.00245949)
(-0.0093477 -0.0114195 -0.00313967)
(-0.0102974 -0.012721 -0.00332424)
(-0.0104449 -0.0125929 -0.00312236)
(-0.0110371 -0.0129346 -0.00208171)
(-0.0114145 -0.0130076 -0.00268746)
(-0.0109368 -0.0120329 -0.00144389)
(-0.0122243 -0.0136769 -0.00226012)
(-0.0100899 -0.0119259 -0.00199163)
(-0.0110497 -0.01302 -0.00240562)
(-0.0106105 -0.0130997 -0.00287995)
(-0.0103909 -0.0127525 -0.0032694)
(-0.0105717 -0.0125861 -0.0030456)
(-0.00971433 -0.0111686 -0.00441491)
(-0.00944681 -0.0112528 -0.00448171)
(-0.00895914 -0.0106013 -0.00416766)
(-0.00940353 -0.0111256 -0.00454623)
(-0.00976692 -0.0121891 -0.00395804)
(-0.00992445 -0.0124758 -0.00303553)
(-0.0103752 -0.0130876 -0.00406256)
(-0.00892405 -0.0111368 -0.00324213)
(-0.0095145 -0.0115369 -0.00338303)
(-0.00851247 -0.0106714 -0.00319899)
(-0.00816332 -0.0107097 -0.00244061)
(-0.00893637 -0.0109393 -0.00333139)
(-0.00851211 -0.0103755 -0.00285648)
(-0.00904092 -0.0110785 -0.00298678)
(-0.00790363 -0.00995731 -0.00292459)
(-0.0076793 -0.0092567 -0.00259563)
(-0.00900899 -0.0108324 -0.00270779)
(-0.00934641 -0.0114639 -0.00368934)
(-0.00924266 -0.0112914 -0.00253488)
(-0.00960516 -0.0117059 -0.00390085)
(-0.0091429 -0.0114435 -0.00319614)
(-0.00961864 -0.0117073 -0.00284105)
(-0.00950644 -0.0115967 -0.00247491)
(-0.00795822 -0.0093465 -0.00347596)
(-0.00784994 -0.00906637 -0.00340014)
(-0.00789384 -0.00982245 -0.00294074)
(-0.00781858 -0.00995712 -0.00305374)
(-0.00844347 -0.0101679 -0.00371514)
(-0.00874695 -0.0101558 -0.00404331)
(-0.00828317 -0.00924621 -0.00375716)
(-0.00883678 -0.0102027 -0.00370993)
(-0.00833861 -0.00902447 -0.00387708)
(-0.00847776 -0.00998742 -0.00391353)
(-0.00817494 -0.00971689 -0.00346757)
(-0.00868888 -0.00981436 -0.00432833)
(-0.00890388 -0.0112892 -0.00354021)
(-0.00883339 -0.0108109 -0.00300765)
(-0.00863274 -0.0100521 -0.0037212)
(-0.008434 -0.0103324 -0.00324923)
(-0.00543885 -0.00547847 -0.00199231)
(-0.0058212 -0.00567684 -0.00212705)
(-0.00536506 -0.00620566 -0.00206604)
(-0.00519942 -0.00567685 -0.00187418)
(-0.00604114 -0.00613947 -0.00199981)
(-0.00830917 -0.00829394 -0.0039753)
(-0.00806748 -0.0079744 -0.00374563)
(-0.00847222 -0.0083929 -0.0043969)
(-0.00851982 -0.00821772 -0.00411861)
(-0.00798715 -0.00740968 -0.00375496)
(-0.00764775 -0.00717694 -0.00339703)
(-0.00760759 -0.00716554 -0.0034733)
(-0.00734506 -0.00664911 -0.00312572)
(-0.00683571 -0.00622816 -0.00280904)
(-0.0069584 -0.00632075 -0.00306152)
(-0.00772681 -0.00701894 -0.00360592)
(-0.00674357 -0.00763431 -0.00251608)
(-0.00673039 -0.00730107 -0.00239521)
(-0.00666372 -0.00700198 -0.00240041)
(-0.00733885 -0.00808207 -0.002409)
(-0.00673426 -0.00736584 -0.0025064)
(-0.00664678 -0.00825959 -0.00259706)
(-0.0064503 -0.00660298 -0.00219101)
(-0.00675825 -0.00710443 -0.00236147)
(-0.00675124 -0.00795935 -0.00282186)
(-0.00759375 -0.00923285 -0.00301555)
(-0.00706447 -0.00890715 -0.00293472)
(-0.00738541 -0.00865412 -0.00309071)
(-0.00735415 -0.00845774 -0.00317744)
(-0.00692907 -0.00830425 -0.00290905)
(-0.00947448 -0.00921389 -0.0030852)
(-0.00839442 -0.00917317 -0.00329016)
(-0.00857231 -0.00925129 -0.00343659)
(-0.00962346 -0.00927393 -0.00357658)
(-0.0137671 -0.013757 -0.00396776)
(-0.0127232 -0.0126832 -0.00392969)
(-0.0117378 -0.0118423 -0.0036664)
(-0.0125575 -0.0118548 -0.00377069)
(-0.0119629 -0.01116 -0.0031771)
(-0.0117651 -0.0114508 -0.00381799)
(-0.0130445 -0.0118185 -0.00258317)
(-0.0138282 -0.0138194 -0.00424905)
(-0.0130525 -0.0120017 -0.0030931)
(-0.0129481 -0.0155908 -0.00486496)
(-0.0130344 -0.0153847 -0.00483595)
(-0.0131365 -0.016267 -0.0053394)
(-0.0135292 -0.0157819 -0.00489446)
(-0.0134365 -0.0157279 -0.00476044)
(-0.0139331 -0.0162539 -0.00528453)
(-0.00976386 -0.0131701 -0.00405277)
(-0.0086676 -0.0112178 -0.00348945)
(-0.00822575 -0.0115428 -0.0035079)
(-0.0113146 -0.0155086 -0.00458764)
(-0.0109669 -0.0161387 -0.00421866)
(-0.0107421 -0.0155432 -0.00405214)
(-0.00958321 -0.013677 -0.00381719)
(-0.00827149 -0.0134918 -0.00351349)
(-0.00944563 -0.0146676 -0.00357821)
(-0.00952288 -0.0140423 -0.00381202)
(-0.00834078 -0.0122019 -0.00347424)
(-0.00910642 -0.01476 -0.00332399)
(-0.0129604 -0.0165779 -0.00697398)
(-0.0128545 -0.0157891 -0.00674284)
(-0.0128142 -0.0155457 -0.00717069)
(-0.0135941 -0.0163649 -0.00637483)
(-0.0139265 -0.0172037 -0.00718961)
(-0.012634 -0.0154686 -0.00621288)
(-0.0121661 -0.01487 -0.00608402)
(-0.012949 -0.0159 -0.00761725)
(-0.0136668 -0.0165652 -0.00604075)
(-0.0129847 -0.016098 -0.00642171)
(-0.0122344 -0.0153838 -0.00659016)
(-0.0127262 -0.0162207 -0.00813845)
(-0.0138995 -0.0169192 -0.00562086)
(-0.014051 -0.0181892 -0.00584986)
(-0.0127877 -0.0165706 -0.00483018)
(-0.0136575 -0.0164031 -0.00541755)
(-0.0132648 -0.0155477 -0.00673612)
(-0.0123789 -0.0149663 -0.00565679)
(-0.0131417 -0.0162258 -0.00565105)
(-0.0134982 -0.0165469 -0.00511344)
(-0.0139825 -0.0165862 -0.00646427)
(-0.0129197 -0.015557 -0.00559324)
(-0.0129834 -0.0168267 -0.00491597)
(-0.0129945 -0.0171959 -0.00510595)
(-0.0118128 -0.0173469 -0.00390446)
(-0.0115418 -0.016953 -0.00355801)
(-0.0111334 -0.0159704 -0.00401925)
(-0.0132029 -0.0182363 -0.0040798)
(-0.0110621 -0.0160641 -0.00318201)
(-0.0131445 -0.0188846 -0.00403661)
(-0.0087849 -0.0129872 -0.00352801)
(-0.00933173 -0.012776 -0.00391997)
(-0.00843872 -0.0120574 -0.00363989)
(-0.0118774 -0.0156008 -0.00538621)
(-0.0121011 -0.0154834 -0.00562577)
(-0.0106897 -0.0141354 -0.0059659)
(-0.0110654 -0.0147806 -0.00526372)
(-0.0109385 -0.0148468 -0.00626094)
(-0.0108996 -0.0145847 -0.0058095)
(-0.0110087 -0.0147184 -0.00571489)
(-0.0110023 -0.0154474 -0.00631536)
(-0.0118429 -0.0154805 -0.00506531)
(-0.0125547 -0.016077 -0.00534434)
(-0.0119966 -0.0161554 -0.00580912)
(-0.0125157 -0.0164451 -0.00558466)
(-0.0128954 -0.0164817 -0.00573494)
(-0.0129044 -0.0163089 -0.00612923)
(-0.011583 -0.0160348 -0.00593048)
(-0.0117839 -0.0160012 -0.00588956)
(-0.0122515 -0.0164915 -0.00604595)
(-0.0125487 -0.0166916 -0.00604582)
(-0.0108625 -0.0149776 -0.00600522)
(-0.0121528 -0.016388 -0.00592317)
(-0.0112385 -0.0162738 -0.00746911)
(-0.0112884 -0.014848 -0.00609719)
(-0.0114845 -0.0144885 -0.00617742)
(-0.00961974 -0.0139648 -0.00607486)
(-0.011627 -0.015307 -0.00714052)
(-0.0106699 -0.0144781 -0.00683908)
(-0.0109059 -0.0148618 -0.00693817)
(-0.0120285 -0.0156288 -0.00661446)
(-0.0118533 -0.0150836 -0.00657736)
(-0.0119624 -0.0155142 -0.00739961)
(-0.0061064 -0.00946906 -0.00292766)
(-0.00583397 -0.00990424 -0.00284525)
(-0.00663485 -0.00922501 -0.00264965)
(-0.0067149 -0.0109784 -0.00341275)
(-0.00691475 -0.0128173 -0.00476047)
(-0.00693329 -0.0129412 -0.00461607)
(-0.00666244 -0.0114842 -0.00378691)
(-0.00631239 -0.011447 -0.0037575)
(-0.00627415 -0.0112371 -0.00361358)
(-0.00673209 -0.0125998 -0.00445475)
(-0.0116723 -0.01434 -0.00504539)
(-0.0121917 -0.0144232 -0.00620397)
(-0.0129892 -0.0159565 -0.00592284)
(-0.0125307 -0.0157016 -0.0053681)
(-0.0127966 -0.0152129 -0.00600172)
(-0.0127257 -0.0148107 -0.0060747)
(-0.0120948 -0.0145059 -0.00567714)
(-0.0122824 -0.0148367 -0.00671086)
(-0.0128308 -0.0159443 -0.00594134)
(-0.0127584 -0.0151381 -0.00706774)
(-0.0123054 -0.0152809 -0.00572952)
(-0.0121082 -0.0147019 -0.00603382)
(-0.0116053 -0.0143926 -0.00609871)
(-0.0127002 -0.0165954 -0.00559712)
(-0.0132293 -0.0166881 -0.00519909)
(-0.0128447 -0.0167437 -0.00511204)
(-0.0128183 -0.016622 -0.00568003)
(-0.0120291 -0.0145729 -0.00508854)
(-0.012125 -0.0158297 -0.0052001)
(-0.0120779 -0.0154151 -0.00514451)
(-0.0119622 -0.0150013 -0.004718)
(-0.0129317 -0.0153247 -0.00501697)
(-0.0123575 -0.0158875 -0.00541495)
(-0.0117211 -0.0152588 -0.00518121)
(-0.0119017 -0.0153854 -0.00509892)
(-0.0127154 -0.0172436 -0.00451843)
(-0.0133564 -0.0180412 -0.00478562)
(-0.0140567 -0.0179961 -0.00489446)
(-0.0127567 -0.0175548 -0.00409449)
(-0.0133231 -0.017264 -0.00489354)
(-0.0132922 -0.0172721 -0.00439108)
(-0.0147652 -0.0186725 -0.00560918)
(-0.0144674 -0.0173441 -0.00545847)
(-0.00750445 -0.00780614 -0.00316748)
(-0.00762935 -0.00831409 -0.00338805)
(-0.00785874 -0.00812924 -0.00336205)
(-0.00731348 -0.00706688 -0.00292372)
(-0.00752885 -0.00728865 -0.00315857)
(-0.00701053 -0.00687205 -0.00262675)
(-0.00730739 -0.00699435 -0.00278144)
(-0.00786175 -0.00767833 -0.00350791)
(-0.00738939 -0.00682811 -0.00300085)
(-0.00706718 -0.00667242 -0.0026022)
)
;
    }
    INLET
    {
        type            calculated;
        value           nonuniform 0();
    }
    OUTLET
    {
        type            calculated;
        value           nonuniform 0();
    }
    procBoundary8to4
    {
        type            processor;
        value           uniform (0 0 0);
    }
    procBoundary8to7
    {
        type            processor;
        value           uniform (0 0 0);
    }
}


// ************************************************************************* //
