/*--------------------------------*- C++ -*----------------------------------*\
| =========                 |                                                 |
| \\      /  F ield         | OpenFOAM: The Open Source CFD Toolbox           |
|  \\    /   O peration     | Version:  v1612+                                |
|   \\  /    A nd           | Web:      www.OpenFOAM.com                      |
|    \\/     M anipulation  |                                                 |
\*---------------------------------------------------------------------------*/
FoamFile
{
    version     2.0;
    format      ascii;
    class       labelList;
    location    "constant/polyMesh";
    object      pointProcAddressing;
}
// * * * * * * * * * * * * * * * * * * * * * * * * * * * * * * * * * * * * * //


6631
(
89
167
168
169
170
186
187
188
189
190
191
192
193
194
195
202
203
451
540
542
961
983
984
985
2422
2423
2424
2425
2426
2427
2428
2429
2430
2431
2432
2433
2451
2452
2453
2486
2487
2488
2497
2499
2500
2501
2502
2503
2504
2505
2506
2507
2508
2509
2510
2511
2512
2513
2514
2515
2516
2517
2518
2519
2521
2522
2524
2525
2526
2527
2528
2529
2530
2531
2532
2533
2663
2706
2707
2997
2998
2999
3427
3428
4806
4807
4808
4809
4810
4811
4812
4813
4814
4815
4816
4817
4818
4819
4821
4824
4847
4849
4850
4869
4870
4871
4872
4873
4874
4875
4876
4961
4962
4965
4966
4967
4968
4969
4970
4972
4973
4974
4981
4982
4984
4987
4988
4989
5018
5019
5020
5021
5022
5023
5024
5025
5026
5027
5028
5029
5030
5031
5032
5033
5034
5035
5036
5037
5038
5039
5040
5041
5042
5043
5772
5773
5774
5775
5776
5777
5778
5779
5780
5781
5782
5783
5784
5785
5786
5787
5788
5789
5790
5791
5792
5793
5794
5795
5796
5797
5798
5799
5800
5801
5802
5803
5804
5805
5806
5807
5808
5809
5810
5811
5812
5813
5814
5815
5816
5817
5818
5819
5820
5821
5822
5823
5824
5825
5826
5827
5828
5829
5830
5831
5832
5833
5834
5835
5836
5837
5838
5839
5840
5841
5842
5843
5844
5845
5846
5847
5848
5849
5850
5851
5852
5853
5854
5855
5856
5858
5859
5862
5870
5871
5874
5875
5876
5877
5878
5879
5880
5881
5882
5883
5884
5885
5886
5887
5888
5889
5890
5893
5894
5895
5896
5897
5898
5899
5900
5901
5902
5903
5904
5905
5906
5907
5908
5909
5910
5911
5912
5913
5914
5915
5916
5917
5918
5919
5920
5921
5922
5923
5924
5925
5926
5927
5928
5929
5930
5931
5932
5933
5934
5935
5936
5937
5938
5939
5940
5941
5942
5943
5944
5945
5946
5947
5948
5949
5950
5951
5952
5953
5954
5955
5956
5957
5958
5959
5960
5961
5962
5963
5964
5965
5966
5967
5968
5969
5970
5971
5972
5973
5974
5975
5976
5977
5978
5979
5980
5981
5982
5983
5984
5985
5986
5987
5988
5989
5990
5991
5992
5993
5994
5995
5996
5997
5998
5999
6000
6001
6002
6003
6004
6005
6006
6007
6008
6031
6032
6033
6048
6049
6050
6051
6052
6053
6054
6056
6057
6058
6059
6061
6062
6063
6064
6065
6066
6067
6068
6069
6070
6071
6072
6073
6074
6075
6076
6077
6078
6079
6080
6081
6082
6083
6084
6085
6086
6087
6088
6089
6090
6091
6092
6093
6094
6095
6096
6097
6098
6099
6100
6295
6296
6297
6298
6299
6300
6301
6302
6303
6304
6305
6306
6307
6308
6309
6319
6320
6321
6349
6350
6351
6352
6353
6374
6376
6386
6387
6388
6389
6390
6391
6392
6393
6394
6395
6396
6397
6398
6399
6400
6401
6402
6403
16871
16872
16873
16874
16875
16876
16878
16879
16880
16881
16882
16883
16884
16885
16886
16887
16888
16889
16890
16891
16892
16893
16894
16895
16896
16897
16898
16899
16900
16901
16902
16903
16904
16905
16906
16907
16908
16909
16910
16911
16912
16913
16914
16915
16916
16917
16918
16919
16920
16921
16922
16923
16924
16925
16926
16927
16928
16929
16930
16931
16932
16933
16934
16935
16936
16937
16938
16939
16940
16941
16942
16943
16944
16945
16946
16947
16948
16949
16950
16951
16952
16953
16954
16955
16956
16957
16958
16959
16960
16989
16990
16991
16992
16993
17051
17052
17056
17057
17058
17063
17064
20312
20313
20314
20326
20330
20332
20333
20868
20880
20882
20890
20891
20892
20893
20894
20895
20896
22525
22526
22540
22541
22542
22543
22544
22545
22546
22548
22549
22550
22551
22552
22553
22554
22558
22560
22561
22562
22563
22564
22565
22566
22567
22568
22569
22570
22571
22572
22573
22574
22575
22576
22577
22578
22579
22580
22603
22604
22605
22606
22607
22608
22633
22634
22635
22636
22637
22638
22639
22640
22641
22642
22643
22644
22645
22646
22647
22648
22649
22650
22651
22652
22653
22654
22655
22656
22657
22658
22659
22660
22661
22662
22663
22761
22762
22763
22764
22765
22766
22767
22768
22769
22770
22771
22772
22773
22774
22775
22776
22777
22778
22779
22780
23088
23089
23090
23106
23107
23108
23109
23110
23111
23112
23113
23114
23120
23121
23122
23123
23125
23126
23128
23354
23355
23359
23893
23903
23908
23909
23910
23911
23912
23913
23914
25418
25419
25421
25422
25423
25424
25426
25428
25429
25448
25449
25450
25451
25452
25453
25461
25462
25466
25467
25468
25469
25470
25471
25472
25473
25474
25475
25476
25477
25478
25479
25481
25482
25483
25484
25485
25487
25488
25489
25490
25491
25492
25493
25494
25495
25496
25497
25498
25616
25617
25618
25619
25630
25649
25908
25942
25943
25944
25961
25962
25971
26181
26182
26183
26319
26360
26436
26523
26538
26539
26540
26541
26542
26543
26545
26548
26900
27030
27088
27089
27090
27198
27199
27200
27227
27680
27953
27998
28010
28021
28041
28055
28067
28327
28364
28456
28553
28573
28583
28608
28671
28717
28759
28789
28793
28868
28872
28877
28961
29014
29048
29060
29127
29143
29262
29423
29507
29515
29575
29620
29640
29671
29681
29782
29802
29814
29823
29876
29882
29920
30034
30048
30059
30190
30231
30260
30354
30373
30410
30473
30487
30652
30701
30805
30809
30821
30899
30940
30942
30958
30981
31014
31046
31121
31248
31284
31300
31413
31445
31480
31499
31714
31760
31859
31916
31920
32002
32022
32050
32060
32257
32349
32514
32567
32570
32571
32575
32608
32739
32759
32797
32815
32835
32867
32904
32919
32937
33031
33050
33091
33155
33316
33412
33449
33471
33492
33577
33691
33693
33695
33737
33752
33779
33865
33925
33990
34043
34134
34156
34205
34291
34313
34420
34487
34732
34740
34747
34751
34851
34867
34919
35027
35057
35094
35141
35146
35158
35211
35222
35255
35269
35351
35403
35412
35426
35459
35578
35638
35660
35741
35803
35842
35900
35912
35922
36033
36055
36185
36267
36327
36337
36353
36538
36618
36716
36790
36792
36797
36882
36895
37023
37069
37114
37118
37151
37182
37216
37295
37376
37416
37443
37503
37557
37601
37634
37694
37728
37760
37777
37841
37856
37896
37917
38040
38154
38195
38201
38255
38274
38362
38545
38591
38607
38724
38746
38767
38770
38786
38817
38863
38987
38992
39011
39100
39126
39148
39157
39198
39213
39253
39330
39339
39471
39564
39597
39683
39689
39708
39736
39750
39763
39814
39817
39849
39912
39930
40015
40042
40049
40052
40097
40172
40192
40230
40416
40443
40545
40559
40589
40635
40670
40722
40736
40761
40771
40803
40816
40858
40908
40919
40951
40993
41092
41128
41152
41173
41289
41369
41578
41647
41667
41708
41750
41752
41867
41911
41912
41996
42020
42110
42180
42208
42240
42248
42320
42338
42361
42382
42387
42393
42395
42466
42486
42490
42518
42521
42551
42571
43022
43084
43130
43189
43271
43272
43353
43432
43463
43486
43523
43573
43732
43802
43817
43850
43864
43870
43896
43908
43913
43996
44003
44018
44021
44122
44129
44132
44140
44202
44248
44395
44438
44486
44612
44666
44727
44729
44777
44781
44785
44794
44865
44869
44880
44889
44903
44913
44943
44962
45026
45048
45114
45131
45160
45193
45246
45247
45387
45498
45539
45551
45583
45600
45721
45814
45818
46014
46207
46301
46322
46511
46530
46568
46612
46637
46689
46921
46986
46999
47037
47151
47233
47269
47270
47299
47435
47547
47636
47658
47677
47838
47844
47845
47905
47916
47928
47969
47975
47982
48141
48348
48376
48499
48507
48540
48570
48612
48738
48755
48832
48855
48940
48987
49069
49071
49088
49100
49123
49166
49171
49182
49234
49250
49272
49355
49369
49380
49430
49462
49503
49516
49537
49551
49582
49619
49699
49787
49858
49891
49928
50091
50200
50203
50263
50282
50300
50311
50369
50407
50430
50438
50439
50484
50497
50500
50593
50614
50643
50693
50698
50771
50821
50882
50926
50932
50960
50978
51040
51068
51078
51080
51095
51096
51155
51228
51234
51247
51348
51363
51468
51470
51668
51669
51687
51795
51796
51803
51804
51807
51808
51872
51901
51902
52019
52486
52487
52488
52489
52498
52499
52500
52520
52521
52525
52526
52527
52528
52529
52530
52531
52532
52533
52584
52830
52831
53261
53262
53263
53264
53265
53266
53267
53268
53269
53276
53294
53295
53296
53328
53329
53331
53332
53333
53334
53335
53338
53339
53341
53346
53347
53348
53349
53350
53351
53352
53353
53354
53355
53356
53570
53571
53572
53573
53574
53575
53576
53577
53578
53579
53580
53581
53582
53583
53584
53585
53586
53587
53588
53589
53590
53591
53592
53593
53594
53595
53596
53597
53606
53607
53608
53609
53610
53611
53612
53613
53614
53615
53616
53617
53618
53619
53620
53621
53622
53623
53624
53625
53626
53627
53628
53629
53630
53631
53632
53633
53634
53635
53636
53637
53638
53639
53640
53641
53642
53643
53644
53645
53646
53647
53648
53649
53650
53651
53652
53653
53654
53655
53656
53657
53658
53659
53660
53665
53666
53667
53668
53669
53670
53671
53672
53673
53674
53675
53784
53785
53812
53831
53832
53833
53834
53835
53836
53837
57434
57435
57436
57438
57439
57440
57441
57442
57443
57444
57445
57446
57447
57448
57449
57450
57451
57452
57453
57454
57455
57456
57457
57458
57459
57460
57461
57462
57463
57464
57465
57466
57467
57468
57469
57470
57471
57472
57473
57487
57515
57516
57518
57519
58557
58560
58711
59122
59124
59125
59126
59127
59128
59135
59136
59144
59145
59146
59160
59161
59162
59163
59164
59165
59166
59375
59376
59377
59378
59379
59380
59381
59382
59383
59384
59385
59386
59444
59445
59446
59447
59448
59449
59450
59451
59452
59453
59454
59455
59456
59457
59458
59459
59460
59461
59462
59463
59464
59465
59466
59467
59468
59469
59470
59471
59472
59473
59474
59492
59493
59494
59495
59496
59497
59498
59499
59500
59501
59502
59503
59505
59506
59511
59512
59513
59514
59515
59516
59517
59518
59519
59520
59521
59525
59526
60374
60375
60376
60377
60378
60379
60380
60381
60382
60383
60384
60385
60386
60402
62724
62729
62730
62731
62732
62774
62775
62776
62777
62778
62779
62780
62801
62802
62803
62804
62805
62806
62807
62808
62809
62810
62811
62812
62813
62814
62815
62816
62817
62818
62819
62820
62821
62822
62823
62824
62825
62826
62827
62828
62829
62830
62831
62832
62833
62834
62835
62836
62837
62838
69701
69702
69703
69704
69705
69706
69707
69708
69709
69713
69714
69715
69716
69717
69718
69719
69720
69721
69722
69723
69724
69725
69726
69727
69728
69729
69730
69731
69732
69733
69738
69740
69741
69746
69747
69748
69751
69752
69753
69754
69755
69756
69757
69758
69858
69859
69860
69861
69862
69863
69864
69865
69866
69867
69868
69869
69870
69871
69872
69873
69874
69875
69876
69877
69878
69879
69880
69882
69883
69884
69885
69886
69887
69888
69929
69930
69931
69932
69933
69934
69935
69936
69954
69955
69956
69957
69958
69959
69960
69961
69962
69963
69964
69965
69966
69967
69968
69969
69970
69971
69972
69973
69974
69975
69976
69977
69978
69979
69980
69981
69982
69983
69984
69985
69986
69987
69988
69989
69990
69991
69992
69993
69994
69995
69996
69997
69998
69999
70000
70001
70002
70003
70004
70005
70006
70007
70008
70009
70010
70011
70012
70013
70014
70015
70016
70017
70018
70022
70024
70025
70026
70027
70028
70029
70030
70031
70032
70033
70034
70035
70036
70037
70038
70039
70040
70041
70042
70043
70044
70045
70046
70047
70053
70054
70055
70056
70057
70058
70059
70060
70061
70062
70063
70064
70065
70066
70067
70068
70069
70070
70071
70072
70073
70074
70075
70076
70077
70078
70079
70080
70081
70082
70083
70084
70085
70086
70087
70088
70089
70090
70091
70092
70093
70094
70095
70096
70097
70098
70099
70100
70101
70102
70103
70104
70105
70106
70107
70108
70109
70110
70111
70112
70113
70114
70115
70116
70117
70651
70652
70653
70654
70655
70656
70657
70658
70659
70660
70661
70662
70663
70664
70665
70666
70667
70668
70709
70710
70711
70712
70713
70714
70746
70747
70775
70794
70805
70806
70807
70808
70809
70810
70811
72093
72094
72095
72096
72097
72098
72099
72274
72281
72282
72283
72284
72285
72286
72287
72288
72289
72290
72291
72292
72293
72294
72295
72296
72297
72298
72299
72345
72346
72353
72354
72357
72358
72422
72451
72452
72569
73036
73037
73038
73039
73048
73049
73050
73070
73071
73075
73076
73077
73078
73079
73080
73081
73082
73083
73134
73380
73381
73811
73812
73813
73814
73815
73816
73817
73818
73819
73826
73844
73845
73846
73878
73879
73881
73882
73883
73884
73885
73888
73889
73891
73896
73897
73898
73899
73900
73901
73902
73903
73904
73905
73906
74120
74121
74122
74123
74124
74125
74126
74127
74128
74129
74130
74131
74132
74133
74134
74135
74136
74137
74138
74139
74140
74141
74142
74143
74144
74145
74146
74147
74156
74157
74158
74159
74160
74161
74162
74163
74164
74165
74166
74167
74168
74169
74170
74171
74172
74173
74174
74175
74176
74177
74178
74179
74180
74181
74182
74183
74184
74185
74186
74187
74188
74189
74190
74191
74192
74193
74194
74195
74196
74197
74198
74199
74200
74201
74202
74203
74204
74205
74206
74207
74208
74209
74210
74215
74216
74217
74218
74219
74220
74221
74222
74223
74224
74225
74334
74335
74362
74381
74382
74383
74384
74385
74386
74387
77984
77985
77986
77988
77989
77990
77991
77992
77993
77994
77995
77996
77997
77998
77999
78000
78001
78002
78003
78004
78005
78006
78007
78008
78009
78010
78011
78012
78013
78014
78015
78016
78017
78018
78019
78020
78021
78022
78023
78037
78065
78066
78068
78069
79107
79110
79261
79672
79674
79675
79676
79677
79678
79685
79686
79694
79695
79696
79710
79711
79712
79713
79714
79715
79716
79925
79926
79927
79928
79929
79930
79931
79932
79933
79934
79935
79936
79994
79995
79996
79997
79998
79999
80000
80001
80002
80003
80004
80005
80006
80007
80008
80009
80010
80011
80012
80013
80014
80015
80016
80017
80018
80019
80020
80021
80022
80023
80024
80042
80043
80044
80045
80046
80047
80048
80049
80050
80051
80052
80053
80055
80056
80061
80062
80063
80064
80065
80066
80067
80068
80069
80070
80071
80075
80076
80924
80925
80926
80927
80928
80929
80930
80931
80932
80933
80934
80935
80936
80952
83274
83279
83280
83281
83282
83324
83325
83326
83327
83328
83329
83330
83351
83352
83353
83354
83355
83356
83357
83358
83359
83360
83361
83362
83363
83364
83365
83366
83367
83368
83369
83370
83371
83372
83373
83374
83375
83376
83377
83378
83379
83380
83381
83382
83383
83384
83385
83386
83387
83388
90251
90252
90253
90254
90255
90256
90257
90258
90259
90263
90264
90265
90266
90267
90268
90269
90270
90271
90272
90273
90274
90275
90276
90277
90278
90279
90280
90281
90282
90283
90287
90288
90289
90290
90291
90296
90297
90298
90301
90302
90303
90304
90305
90306
90307
90308
90408
90409
90410
90411
90412
90413
90414
90415
90416
90417
90418
90419
90420
90421
90422
90423
90424
90425
90426
90427
90428
90429
90430
90432
90433
90434
90435
90436
90437
90438
90479
90480
90481
90482
90483
90484
90485
90486
90504
90505
90506
90507
90508
90509
90510
90511
90512
90513
90514
90515
90516
90517
90518
90519
90520
90521
90522
90523
90524
90525
90526
90527
90528
90529
90530
90531
90532
90533
90534
90535
90536
90537
90538
90539
90540
90541
90542
90543
90544
90545
90546
90547
90548
90549
90550
90551
90552
90553
90554
90555
90556
90557
90558
90559
90560
90561
90562
90563
90564
90565
90566
90567
90568
90572
90574
90575
90576
90577
90578
90579
90580
90581
90582
90583
90584
90585
90586
90587
90588
90589
90590
90591
90592
90593
90594
90595
90596
90597
90603
90604
90605
90606
90607
90608
90609
90610
90611
90612
90613
90614
90615
90616
90617
90618
90619
90620
90621
90622
90623
90624
90625
90626
90627
90628
90629
90630
90631
90632
90633
90634
90635
90636
90637
90638
90639
90640
90641
90642
90643
90644
90645
90646
90647
90648
90649
90650
90651
90652
90653
90654
90655
90656
90657
90658
90659
90660
90661
90662
90663
90664
90665
90666
90667
91201
91202
91203
91204
91205
91206
91207
91208
91209
91210
91211
91212
91213
91214
91215
91216
91217
91218
91259
91260
91261
91262
91263
91264
91296
91297
91325
91344
91355
91356
91357
91358
91359
91360
91361
92017
92018
92025
92026
92029
92030
92094
92123
92124
92241
92708
92709
92710
92711
92720
92721
92722
92742
92743
92747
92748
92749
92750
92751
92752
92753
92754
92755
92806
93052
93053
93483
93484
93485
93486
93487
93488
93489
93490
93491
93498
93516
93517
93518
93550
93551
93553
93554
93555
93556
93557
93560
93561
93563
93568
93569
93570
93571
93572
93573
93574
93575
93576
93577
93578
93792
93793
93794
93795
93796
93797
93798
93799
93800
93801
93802
93803
93804
93805
93806
93807
93808
93809
93810
93811
93812
93813
93814
93815
93816
93817
93818
93819
93828
93829
93830
93831
93832
93833
93834
93835
93836
93837
93838
93839
93840
93841
93842
93843
93844
93845
93846
93847
93848
93849
93850
93851
93852
93853
93854
93855
93856
93857
93858
93859
93860
93861
93862
93863
93864
93865
93866
93867
93868
93869
93870
93871
93872
93873
93874
93875
93876
93877
93878
93879
93880
93881
93882
93887
93888
93889
93890
93891
93892
93893
93894
93895
93896
93897
94006
94007
94034
94053
94054
94055
94056
94057
94058
94059
97656
97657
97658
97660
97661
97662
97663
97664
97665
97666
97667
97668
97669
97670
97671
97672
97673
97674
97675
97676
97677
97678
97679
97680
97681
97682
97683
97684
97685
97686
97687
97688
97689
97690
97691
97692
97693
97694
97695
97709
97737
97738
97740
97741
98779
98782
98933
99344
99346
99347
99348
99349
99350
99357
99358
99366
99367
99368
99382
99383
99384
99385
99386
99387
99388
99597
99598
99599
99600
99601
99602
99603
99604
99605
99606
99607
99608
99666
99667
99668
99669
99670
99671
99672
99673
99674
99675
99676
99677
99678
99679
99680
99681
99682
99683
99684
99685
99686
99687
99688
99689
99690
99691
99692
99693
99694
99695
99696
99714
99715
99716
99717
99718
99719
99720
99721
99722
99723
99724
99725
99727
99728
99733
99734
99735
99736
99737
99738
99739
99740
99741
99742
99743
99747
99748
100596
100597
100598
100599
100600
100601
100602
100603
100604
100605
100606
100607
100608
100624
102946
102951
102952
102953
102954
102996
102997
102998
102999
103000
103001
103002
103023
103024
103025
103026
103027
103028
103029
103030
103031
103032
103033
103034
103035
103036
103037
103038
103039
103040
103041
103042
103043
103044
103045
103046
103047
103048
103049
103050
103051
103052
103053
103054
103055
103056
103057
103058
103059
103060
109923
109924
109925
109926
109927
109928
109929
109930
109931
109935
109936
109937
109938
109939
109940
109941
109942
109943
109944
109945
109946
109947
109948
109949
109950
109951
109952
109953
109954
109955
109959
109960
109961
109962
109963
109968
109969
109970
109971
109972
109973
109974
109975
109976
109977
109978
109979
109980
110080
110081
110082
110083
110084
110085
110086
110087
110088
110089
110090
110091
110092
110093
110094
110095
110096
110097
110098
110099
110100
110101
110102
110104
110105
110106
110107
110108
110109
110110
110151
110152
110153
110154
110155
110156
110157
110158
110176
110177
110178
110179
110180
110181
110182
110183
110184
110185
110186
110187
110188
110189
110190
110191
110192
110193
110194
110195
110196
110197
110198
110199
110200
110201
110202
110203
110204
110205
110206
110207
110208
110209
110210
110211
110212
110213
110214
110215
110216
110217
110218
110219
110220
110221
110222
110223
110224
110225
110226
110227
110228
110229
110230
110231
110232
110233
110234
110235
110236
110237
110238
110239
110240
110244
110246
110247
110248
110249
110250
110251
110252
110253
110254
110255
110256
110257
110258
110259
110260
110261
110262
110263
110264
110265
110266
110267
110268
110269
110275
110276
110277
110278
110279
110280
110281
110282
110283
110284
110285
110286
110287
110288
110289
110290
110291
110292
110293
110294
110295
110296
110297
110298
110299
110300
110301
110302
110303
110304
110305
110306
110307
110308
110309
110310
110311
110312
110313
110314
110315
110316
110317
110318
110319
110320
110321
110322
110323
110324
110325
110326
110327
110328
110329
110330
110331
110332
110333
110334
110335
110336
110337
110338
110339
110873
110874
110875
110876
110877
110878
110879
110880
110881
110882
110883
110884
110885
110886
110887
110888
110889
110890
110931
110932
110933
110934
110935
110936
110968
110969
110997
111016
111027
111028
111029
111030
111031
111032
111033
111797
111798
111805
111806
111809
111810
111874
111903
111904
112021
112488
112489
112490
112491
112500
112501
112502
112522
112523
112527
112528
112529
112530
112531
112532
112533
112534
112535
112586
112832
112833
113263
113264
113265
113266
113267
113268
113269
113270
113271
113278
113296
113297
113298
113330
113331
113333
113334
113335
113336
113337
113340
113341
113343
113348
113349
113350
113351
113352
113353
113354
113355
113356
113357
113358
113572
113573
113574
113575
113576
113577
113578
113579
113580
113581
113582
113583
113584
113585
113586
113587
113588
113589
113590
113591
113592
113593
113594
113595
113596
113597
113598
113599
113608
113609
113610
113611
113612
113613
113614
113615
113616
113617
113618
113619
113620
113621
113622
113623
113624
113625
113626
113627
113628
113629
113630
113631
113632
113633
113634
113635
113636
113637
113638
113639
113640
113641
113642
113643
113644
113645
113646
113647
113648
113649
113650
113651
113652
113653
113654
113655
113656
113657
113658
113659
113660
113661
113662
113667
113668
113669
113670
113671
113672
113673
113674
113675
113676
113677
113786
113787
113814
113833
113834
113835
113836
113837
113838
113839
117436
117437
117438
117440
117441
117442
117443
117444
117445
117446
117447
117448
117449
117450
117451
117452
117453
117454
117455
117456
117457
117458
117459
117460
117461
117462
117463
117464
117465
117466
117467
117468
117469
117470
117471
117472
117473
117474
117475
117489
117517
117518
117520
117521
118559
118562
118713
119124
119126
119127
119128
119129
119130
119137
119138
119146
119147
119148
119162
119163
119164
119165
119166
119167
119168
119377
119378
119379
119380
119381
119382
119383
119384
119385
119386
119387
119388
119446
119447
119448
119449
119450
119451
119452
119453
119454
119455
119456
119457
119458
119459
119460
119461
119462
119463
119464
119465
119466
119467
119468
119469
119470
119471
119472
119473
119474
119475
119476
119494
119495
119496
119497
119498
119499
119500
119501
119502
119503
119504
119505
119507
119508
119513
119514
119515
119516
119517
119518
119519
119520
119521
119522
119523
119527
119528
120376
120377
120378
120379
120380
120381
120382
120383
120384
120385
120386
120387
120388
120404
122726
122729
122731
122732
122733
122734
122776
122777
122778
122779
122780
122781
122782
122803
122804
122805
122806
122807
122808
122809
122810
122811
122812
122813
122814
122815
122816
122817
122818
122819
122820
122821
122822
122823
122824
122825
122826
122827
122828
122829
122830
122831
122832
122833
122834
122835
122836
122837
122838
122839
122840
129703
129704
129705
129706
129707
129708
129709
129710
129711
129715
129716
129717
129718
129719
129720
129721
129722
129723
129724
129725
129726
129727
129728
129729
129730
129731
129732
129733
129734
129735
129739
129740
129741
129742
129743
129748
129749
129750
129751
129752
129753
129754
129755
129756
129757
129758
129759
129760
129860
129861
129862
129863
129864
129865
129866
129867
129868
129869
129870
129871
129872
129873
129874
129875
129876
129877
129878
129879
129880
129881
129882
129884
129885
129886
129887
129888
129889
129890
129931
129932
129933
129934
129935
129936
129937
129938
129956
129957
129958
129959
129960
129961
129962
129963
129964
129965
129966
129967
129968
129969
129970
129971
129972
129973
129974
129975
129976
129977
129978
129979
129980
129981
129982
129983
129984
129985
129986
129987
129988
129989
129990
129991
129992
129993
129994
129995
129996
129997
129998
129999
130000
130001
130002
130003
130004
130005
130006
130007
130008
130009
130010
130011
130012
130013
130014
130015
130016
130017
130018
130019
130020
130024
130026
130027
130028
130029
130030
130031
130032
130033
130034
130035
130036
130037
130038
130039
130040
130041
130042
130043
130044
130045
130046
130047
130048
130049
130055
130056
130057
130058
130059
130060
130061
130062
130063
130064
130065
130066
130067
130068
130069
130070
130071
130072
130073
130074
130075
130076
130077
130078
130079
130080
130081
130082
130083
130084
130085
130086
130087
130088
130089
130090
130091
130092
130093
130094
130095
130096
130097
130098
130099
130100
130101
130102
130103
130104
130105
130106
130107
130108
130109
130110
130111
130112
130113
130114
130115
130116
130117
130118
130119
130653
130654
130655
130656
130657
130658
130659
130660
130661
130662
130663
130664
130665
130666
130667
130668
130669
130670
130711
130712
130713
130714
130715
130716
130748
130749
130777
130796
130807
130808
130809
130810
130811
130812
130813
132095
132096
132097
132098
132099
132100
132101
132276
132283
132284
132285
132286
132287
132288
132289
132290
132291
132292
132293
132294
132295
132296
132297
132298
132299
132300
132301
132410
132411
132412
132413
132414
132415
132416
132417
132418
132450
132451
132477
132478
132479
132480
132481
132482
132483
133720
133721
133722
133723
133724
133725
133726
133727
133728
133729
133730
133731
133732
133733
133734
134555
134556
134557
134558
134559
134560
134561
134606
134607
134608
134609
134610
134954
134955
134956
135346
135347
135348
135349
135419
135420
135421
135422
135423
135424
135425
135426
135427
135428
135429
135430
135431
135432
135433
135434
135435
135436
135437
135438
135439
135440
135441
135442
135443
135444
135445
135446
135447
135448
135453
135454
135455
135456
135457
135470
135471
135472
135548
135549
135556
135557
135560
135561
135625
135654
135655
135772
136239
136240
136241
136242
136251
136252
136253
136273
136274
136278
136279
136280
136281
136282
136283
136284
136285
136286
136337
136583
136584
137014
137015
137016
137017
137018
137019
137020
137021
137022
137029
137047
137048
137049
137081
137082
137084
137085
137086
137087
137088
137091
137092
137094
137099
137100
137101
137102
137103
137104
137105
137106
137107
137108
137109
137323
137324
137325
137326
137327
137328
137329
137330
137331
137332
137333
137334
137335
137336
137337
137338
137339
137340
137341
137342
137343
137344
137345
137346
137347
137348
137349
137350
137359
137360
137361
137362
137363
137364
137365
137366
137367
137368
137369
137370
137371
137372
137373
137374
137375
137376
137377
137378
137379
137380
137381
137382
137383
137384
137385
137386
137387
137388
137389
137390
137391
137392
137393
137394
137395
137396
137397
137398
137399
137400
137401
137402
137403
137404
137405
137406
137407
137408
137409
137410
137411
137412
137413
137418
137419
137420
137421
137422
137423
137424
137425
137426
137427
137428
137537
137538
137565
137584
137585
137586
137587
137588
137589
137590
141187
141188
141189
141191
141192
141193
141194
141195
141196
141197
141198
141199
141200
141201
141202
141203
141204
141205
141206
141207
141208
141209
141210
141211
141212
141213
141214
141215
141216
141217
141218
141219
141220
141221
141222
141223
141224
141225
141226
141240
141268
141269
141271
141272
142310
142313
142464
142875
142877
142878
142879
142880
142881
142888
142889
142897
142898
142899
142913
142914
142915
142916
142917
142918
142919
143128
143129
143130
143131
143132
143133
143134
143135
143136
143137
143138
143139
143197
143198
143199
143200
143201
143202
143203
143204
143205
143206
143207
143208
143209
143210
143211
143212
143213
143214
143215
143216
143217
143218
143219
143220
143221
143222
143223
143224
143225
143226
143227
143245
143246
143247
143248
143249
143250
143251
143252
143253
143254
143255
143256
143258
143259
143264
143265
143266
143267
143268
143269
143270
143271
143272
143273
143274
143278
143279
144127
144128
144129
144130
144131
144132
144133
144134
144135
144136
144137
144138
144139
144155
146477
146480
146482
146483
146484
146485
146527
146528
146529
146530
146531
146532
146533
146554
146555
146556
146557
146558
146559
146560
146561
146562
146563
146564
146565
146566
146567
146568
146569
146570
146571
146572
146573
146574
146575
146576
146577
146578
146579
146580
146581
146582
146583
146584
146585
146586
146587
146588
146589
146590
146591
153454
153455
153456
153457
153458
153459
153460
153461
153462
153466
153467
153468
153469
153470
153471
153472
153473
153474
153475
153476
153477
153478
153479
153480
153481
153482
153483
153484
153485
153486
153490
153491
153492
153493
153494
153499
153500
153501
153502
153503
153504
153505
153506
153507
153508
153509
153510
153511
153611
153612
153613
153614
153615
153616
153617
153618
153619
153620
153621
153622
153623
153624
153625
153626
153627
153628
153629
153630
153631
153632
153633
153635
153636
153637
153638
153639
153640
153641
153682
153683
153684
153685
153686
153687
153688
153689
153707
153708
153709
153710
153711
153712
153713
153714
153715
153716
153717
153718
153719
153720
153721
153722
153723
153724
153725
153726
153727
153728
153729
153730
153731
153732
153733
153734
153735
153736
153737
153738
153739
153740
153741
153742
153743
153744
153745
153746
153747
153748
153749
153750
153751
153752
153753
153754
153755
153756
153757
153758
153759
153760
153761
153762
153763
153764
153765
153766
153767
153768
153769
153770
153771
153775
153777
153778
153779
153780
153781
153782
153783
153784
153785
153786
153787
153788
153789
153790
153791
153792
153793
153794
153795
153796
153797
153798
153799
153800
153806
153807
153808
153809
153810
153811
153812
153813
153814
153815
153816
153817
153818
153819
153820
153821
153822
153823
153824
153825
153826
153827
153828
153829
153830
153831
153832
153833
153834
153835
153836
153837
153838
153839
153840
153841
153842
153843
153844
153845
153846
153847
153848
153849
153850
153851
153852
153853
153854
153855
153856
153857
153858
153859
153860
153861
153862
153863
153864
153865
153866
153867
153868
153869
153870
154404
154405
154406
154407
154408
154409
154410
154411
154412
154413
154414
154415
154416
154417
154418
154419
154420
154421
154462
154463
154464
154465
154466
154467
154499
154500
154528
154547
154558
154559
154560
154561
154562
154563
154564
155846
155847
155848
155849
155850
155851
155852
156027
156034
156035
156036
156037
156038
156039
156040
156041
156042
156043
156044
156045
156046
156047
156048
156049
156050
156051
156052
156161
156162
156163
156164
156165
156166
156167
156168
156169
156201
156202
156228
156229
156230
156231
156232
156233
156234
157471
157472
157473
157474
157475
157476
157477
157478
157479
157480
157481
157482
157483
157484
157485
158306
158307
158308
158309
158310
158311
158312
158357
158358
158359
158360
158361
158705
158706
158707
159097
159098
159099
159100
159170
159171
159172
159173
159174
159175
159176
159177
159178
159179
159180
159181
159182
159183
159184
159185
159186
159187
159188
159189
159190
159191
159192
159193
159194
159195
159196
159197
159198
159199
159204
159205
159206
159207
159208
159221
159222
159223
160884
160885
160886
160887
161506
161507
161508
161509
161510
161789
161790
161791
161792
161793
161794
161795
161796
161797
161798
161799
161800
162318
162319
162320
162321
162322
162323
162324
162325
162326
162327
162328
162329
162330
162331
162332
162463
162464
162465
162466
162467
162497
162498
162505
162506
162509
162510
162574
162603
162604
162721
163188
163189
163190
163191
163200
163201
163202
163222
163223
163227
163228
163229
163230
163231
163232
163233
163234
163235
163286
163532
163533
163963
163964
163965
163966
163967
163968
163969
163970
163971
163978
163996
163997
163998
164030
164031
164033
164034
164035
164036
164037
164040
164041
164043
164048
164049
164050
164051
164052
164053
164054
164055
164056
164057
164058
164272
164273
164274
164275
164276
164277
164278
164279
164280
164281
164282
164283
164284
164285
164286
164287
164288
164289
164290
164291
164292
164293
164294
164295
164296
164297
164298
164299
164308
164309
164310
164311
164312
164313
164314
164315
164316
164317
164318
164319
164320
164321
164322
164323
164324
164325
164326
164327
164328
164329
164330
164331
164332
164333
164334
164335
164336
164337
164338
164339
164340
164341
164342
164343
164344
164345
164346
164347
164348
164349
164350
164351
164352
164353
164354
164355
164356
164357
164358
164359
164360
164361
164362
164367
164368
164369
164370
164371
164372
164373
164374
164375
164376
164377
164486
164487
164514
164533
164534
164535
164536
164537
164538
164539
168136
168137
168138
168140
168141
168142
168143
168144
168145
168146
168147
168148
168149
168150
168151
168152
168153
168154
168155
168156
168157
168158
168159
168160
168161
168162
168163
168164
168165
168166
168167
168168
168169
168170
168171
168172
168173
168174
168175
168189
168217
168218
168220
168221
169259
169262
169413
169824
169826
169827
169828
169829
169830
169837
169838
169846
169847
169848
169862
169863
169864
169865
169866
169867
169868
170077
170078
170079
170080
170081
170082
170083
170084
170085
170086
170087
170088
170146
170147
170148
170149
170150
170151
170152
170153
170154
170155
170156
170157
170158
170159
170160
170161
170162
170163
170164
170165
170166
170167
170168
170169
170170
170171
170172
170173
170174
170175
170176
170194
170195
170196
170197
170198
170199
170200
170201
170202
170203
170204
170205
170207
170208
170213
170214
170215
170216
170217
170218
170219
170220
170221
170222
170223
170227
170228
171076
171077
171078
171079
171080
171081
171082
171083
171084
171085
171086
171087
171088
171104
173426
173429
173431
173432
173433
173434
173476
173477
173478
173479
173480
173481
173482
173503
173504
173505
173506
173507
173508
173509
173510
173511
173512
173513
173514
173515
173516
173517
173518
173519
173520
173521
173522
173523
173524
173525
173526
173527
173528
173529
173530
173531
173532
173533
173534
173535
173536
173537
173538
173539
173540
180403
180404
180405
180406
180407
180408
180409
180410
180411
180415
180416
180417
180418
180419
180420
180421
180422
180423
180424
180425
180426
180427
180428
180429
180430
180431
180432
180433
180434
180435
180439
180440
180441
180442
180443
180448
180449
180450
180451
180452
180453
180454
180455
180456
180457
180458
180459
180460
180560
180561
180562
180563
180564
180565
180566
180567
180568
180569
180570
180571
180572
180573
180574
180575
180576
180577
180578
180579
180580
180581
180582
180584
180585
180586
180587
180588
180589
180590
180631
180632
180633
180634
180635
180636
180637
180638
180656
180657
180658
180659
180660
180661
180662
180663
180664
180665
180666
180667
180668
180669
180670
180671
180672
180673
180674
180675
180676
180677
180678
180679
180680
180681
180682
180683
180684
180685
180686
180687
180688
180689
180690
180691
180692
180693
180694
180695
180696
180697
180698
180699
180700
180701
180702
180703
180704
180705
180706
180707
180708
180709
180710
180711
180712
180713
180714
180715
180716
180717
180718
180719
180720
180724
180726
180727
180728
180729
180730
180731
180732
180733
180734
180735
180736
180737
180738
180739
180740
180741
180742
180743
180744
180745
180746
180747
180748
180749
180755
180756
180757
180758
180759
180760
180761
180762
180763
180764
180765
180766
180767
180768
180769
180770
180771
180772
180773
180774
180775
180776
180777
180778
180779
180780
180781
180782
180783
180784
180785
180786
180787
180788
180789
180790
180791
180792
180793
180794
180795
180796
180797
180798
180799
180800
180801
180802
180803
180804
180805
180806
180807
180808
180809
180810
180811
180812
180813
180814
180815
180816
180817
180818
180819
181353
181354
181355
181356
181357
181358
181359
181360
181361
181362
181363
181364
181365
181366
181367
181368
181369
181370
181411
181412
181413
181414
181415
181416
181448
181449
181477
181496
181507
181508
181509
181510
181511
181512
181513
182795
182796
182797
182798
182799
182800
182801
182976
182983
182984
182985
182986
182987
182988
182989
182990
182991
182992
182993
182994
182995
182996
182997
182998
182999
183000
183001
183110
183111
183112
183113
183114
183115
183116
183117
183118
183150
183151
183177
183178
183179
183180
183181
183182
183183
184420
184421
184422
184423
184424
184425
184426
184427
184428
184429
184430
184431
184432
184433
184434
185255
185256
185257
185258
185259
185260
185261
185306
185307
185308
185309
185310
185654
185655
185656
186046
186047
186048
186049
186119
186120
186121
186122
186123
186124
186125
186126
186127
186128
186129
186130
186131
186132
186133
186134
186135
186136
186137
186138
186139
186140
186141
186142
186143
186144
186145
186146
186147
186148
186153
186154
186155
186156
186157
186170
186171
186172
187833
187834
187835
187836
188455
188456
188457
188458
188459
188738
188739
188740
188741
188742
188743
188744
188745
188746
188747
188748
188749
189267
189268
189269
189270
189271
189272
189273
189274
189275
189276
189277
189278
189279
189280
189281
189412
189413
189414
189415
189416
189459
189585
189590
189593
189594
189598
189600
189601
189603
189604
189606
189609
189611
189612
189613
189614
189616
189617
189619
189620
189622
189623
189624
189630
189631
189632
189634
189635
189636
189641
189642
189643
189644
189645
189647
189649
189651
189652
189653
189654
189656
189657
189660
189664
189665
189666
189669
189670
189671
189673
189674
189675
189676
189677
189678
189680
189681
189685
189686
189692
189695
189696
189698
189699
189700
189701
189707
189708
189713
191971
191972
191973
191974
191975
192110
192111
192112
192113
192114
192115
192116
192117
192118
192119
192120
192121
192122
192123
192124
192125
192126
192127
192128
192129
192130
192131
192132
192133
192134
192135
192136
192137
198509
198527
198529
198537
198545
198546
198547
198548
198549
198550
198551
198553
198565
198566
198567
198568
198569
198570
198571
198572
198573
198574
198575
198576
198577
198578
198579
198580
198582
198583
198584
198585
198586
198587
198594
198595
198607
198608
198609
198610
198611
198612
198613
198620
198621
198622
198623
198624
198625
198626
198627
198630
198631
198632
198633
198634
198635
198636
198637
198638
198639
198640
198645
198646
198647
198648
198649
198650
198651
198657
198658
198659
198660
198661
198662
198663
198664
198665
198670
198671
198681
198682
198683
198684
198685
198686
198687
198688
198689
198690
198691
198692
198699
198700
198701
198704
198709
198710
198711
198712
198713
198714
198715
198716
198717
198718
198719
198720
198721
198722
198723
198736
198737
198738
198739
198740
198746
198747
198748
198749
198750
198751
198752
198753
198754
198772
198773
198774
198775
198776
198777
198778
198783
198784
198785
198786
198787
198788
198789
198794
198795
198796
198797
198798
198799
198800
198801
198802
198806
198807
198808
198809
198810
198811
198812
198813
198814
198819
198827
198828
198831
198834
198835
198840
198841
198842
198843
198847
198862
199293
199294
199295
199299
199312
199313
199314
199315
199316
199317
199319
199324
199325
199326
199327
199328
199329
199330
199331
199336
199337
199338
199339
199355
199356
199357
199358
199359
199360
199364
199373
199374
199375
199376
199377
199378
199379
199385
199386
199387
199388
199399
199400
199401
199402
199403
199404
199406
199407
199408
199410
199411
199412
199413
199414
199415
199416
199417
199418
199419
199422
199423
199424
199425
199426
199433
199434
199435
199436
199437
199447
199448
199449
199450
199451
199452
199453
199454
199457
201862
201863
201864
201865
201866
201867
201868
201869
201870
201871
201872
201873
201874
201875
201876
201877
201924
201925
201926
201927
202162
202163
202164
202168
202169
202170
202171
202172
202173
202174
202179
202181
202184
202186
202192
202201
202221
202254
202255
202256
202257
202258
202259
202260
202261
202369
202370
202371
202372
202373
202374
202375
202376
204617
204622
204626
204627
204628
204629
204630
204631
204632
204633
204636
204637
204639
204645
204646
204647
204648
204649
204650
204651
204652
204653
204656
204661
204663
204664
204668
204669
204672
204673
204674
204675
204676
204684
204685
204688
204689
204693
204694
204695
204697
204698
204701
204702
204703
204706
204707
204708
204709
204712
204716
204720
204721
204722
204881
204896
204897
204898
204899
204900
204902
204903
204910
204911
204912
204913
204914
204915
204916
204918
204919
204920
204923
204924
204933
204934
204936
204937
204938
204939
204940
204941
204942
204943
204944
204945
204948
204949
204950
204954
204955
204961
205978
205979
205980
205990
206083
206086
206087
206089
206090
206095
206110
206111
206112
206123
206125
206126
206127
206128
206130
206133
206134
206135
206141
206142
206143
206144
206389
206390
206391
206415
206416
206417
206418
206419
206420
206421
206422
208267
208269
208273
208274
208281
208282
208283
208284
208285
208286
208287
208288
208293
208294
208295
208296
208297
208298
208299
208300
208301
208302
208304
208305
208306
208307
208325
208326
208327
208328
208329
208334
208335
208336
208337
208338
208339
208340
208341
208342
208343
208346
208347
208348
208349
208350
208351
208352
208353
208354
208355
208356
208371
208372
208373
208374
208375
208376
208392
208394
208398
208399
208569
208572
208575
208577
208579
208580
208581
208584
208585
208586
208587
208589
208593
208594
208595
208600
208602
208603
208604
208606
208607
208608
208612
208613
208614
208615
208622
208627
208628
208629
208630
208631
208636
208641
210423
210424
210425
210426
210427
210464
210465
210466
210483
210484
210485
210555
210556
210557
210558
210559
210560
210561
210562
210563
210564
210565
212919
212920
212921
212936
212938
212939
212940
212941
212942
212943
212944
212945
212946
212947
212948
212954
212955
212959
212963
212964
212965
212966
212967
212968
212969
212976
212980
212981
212982
212983
212984
212985
212988
212996
213002
213003
213004
213005
213007
213008
213009
213010
213011
213013
213014
213015
213016
213017
213022
213023
213024
213026
213027
213038
213204
213217
213218
213219
213220
213221
213222
213234
213235
213236
213237
213238
213239
213240
213241
213242
213243
213244
213245
213246
213247
213248
213249
213266
213267
213268
213269
213270
213271
213272
213273
213274
213275
213276
213277
213283
213284
213285
213286
213287
213293
214403
214404
214405
214406
214481
214482
214483
214485
214489
214499
214507
214508
214509
214511
214512
214513
214514
214516
214635
214636
214637
214638
214639
215875
215880
215881
215890
215891
215892
215893
215894
215895
215896
215897
215898
215899
215904
215905
215906
215907
215908
215909
215924
215925
215926
215927
215928
215929
215930
215931
215932
215933
215934
215935
215936
215937
215938
215959
215960
215961
215962
215963
215964
216102
216104
216110
216119
216121
216123
216124
216125
216127
216128
216132
216133
216138
216139
216140
216141
216142
216145
216146
216147
216148
216149
216150
216151
216154
216155
216158
216163
216164
216165
216169
216174
217467
217468
217469
217470
217471
217488
217491
217518
217519
217520
217521
217522
217523
218854
218856
218857
218864
218865
218866
218873
218874
218877
218878
218879
218880
218881
218883
218884
218885
218886
218887
218888
218889
218898
218899
218902
218903
218905
218906
218907
218908
218909
218910
218912
218919
218931
219007
219011
219012
219013
219014
219023
219024
219025
219026
219027
219028
219029
219043
219045
219046
219047
219048
219049
219050
219647
219648
219682
219720
220332
220333
220334
220335
220336
220337
220338
220340
220341
220354
220355
220356
220357
220358
220359
220367
220368
220369
220370
220372
220373
220427
220432
220436
220440
220441
220442
220445
220446
220447
220448
220450
220451
220452
220455
220458
220459
220460
221067
221068
221069
221070
221086
221087
221485
221486
221490
221492
221493
221494
221495
221501
221512
221537
221544
221810
221811
221813
221908
221929
221930
221933
221951
221962
221966
221973
221979
221981
221990
221997
222011
222015
222039
222063
222728
222813
222814
222834
222838
222877
222878
222884
222986
223038
223079
223083
223103
223107
223109
223111
223130
223131
223132
223134
223394
223429
223470
223473
223483
223517
223533
223646
223657
223694
223742
223743
223754
223756
223854
223876
)


// ************************************************************************* //
