/*--------------------------------*- C++ -*----------------------------------*\
| =========                 |                                                 |
| \\      /  F ield         | OpenFOAM: The Open Source CFD Toolbox           |
|  \\    /   O peration     | Version:  v1612+                                |
|   \\  /    A nd           | Web:      www.OpenFOAM.com                      |
|    \\/     M anipulation  |                                                 |
\*---------------------------------------------------------------------------*/
FoamFile
{
    version     2.0;
    format      ascii;
    class       volVectorField;
    location    "50";
    object      wallShearStress;
}
// * * * * * * * * * * * * * * * * * * * * * * * * * * * * * * * * * * * * * //

dimensions      [0 2 -2 0 0 0 0];

internalField   uniform (0 0 0);

boundaryField
{
    WALL
    {
        type            calculated;
        value           nonuniform List<vector> 
1552
(
(-0.0133934 -0.0156272 -0.000787168)
(-0.0194895 -0.0146475 -0.000342873)
(-0.0200806 -0.014103 -0.00130949)
(-0.0198197 -0.0124546 -0.000958271)
(-0.0207584 -0.0138088 -0.000457737)
(-0.0142874 -0.0125314 0.0040542)
(-0.0138954 -0.0124276 0.00409685)
(-0.019223 -0.0154794 0.00453596)
(-0.0142646 -0.00927302 0.0055778)
(-0.01336 -0.0106395 0.00648516)
(-0.00605341 -0.0130292 -0.00226584)
(-0.00710044 -0.0122274 -0.00337913)
(-0.00852171 -0.00967362 -0.0113387)
(-0.00883784 -0.016061 -0.00360054)
(-0.00917993 -0.0167354 -0.00224899)
(-0.0173943 -0.013145 -0.00194926)
(-0.0185496 -0.0128471 -0.00344474)
(-0.0122426 -0.0164622 -0.00161248)
(-0.0119774 -0.0181174 -0.00257387)
(-0.0138353 -0.0168865 -0.00142648)
(-0.0147223 -0.0154484 -0.000749699)
(-0.0170554 -0.0140285 -0.00309806)
(-0.0153157 -0.0149628 -0.0024331)
(-0.0171998 -0.0136875 -0.00398412)
(-0.0157827 -0.0152545 -0.0037152)
(-0.0190764 -0.015658 0.00232052)
(-0.0188089 -0.0147601 0.00131982)
(-0.01835 -0.0146534 -0.000196529)
(-0.0159528 -0.0153252 -0.000447771)
(-0.0188966 -0.0123996 -0.000508198)
(-0.020285 -0.0130179 0.000729774)
(-0.015386 -0.0147144 -0.000722737)
(-0.0148866 -0.0138653 0.000517212)
(-0.0154321 -0.0115956 0.0012093)
(-0.0168018 -0.011066 -0.000138454)
(-0.00377381 -0.0144974 0.00276805)
(-0.00443446 -0.01506 0.0045624)
(-0.00458808 -0.0145688 0.00548722)
(-0.00581607 -0.014057 0.00723775)
(-0.0165728 -0.011819 -0.00220433)
(-0.0162218 -0.0127788 -0.000730983)
(-0.0129794 -0.00759212 0.000245392)
(-0.0141128 -0.00793831 0.00188798)
(-0.0163797 -0.00965117 0.00121705)
(-0.015059 -0.00838843 -0.000133621)
(-0.00432666 -0.0130677 0.00305067)
(-0.0038688 -0.0121341 0.00174946)
(-0.00515918 -0.0129481 0.0033789)
(-0.00466405 -0.0128922 0.00406698)
(-0.00463687 -0.0126244 0.00209487)
(-0.00455601 -0.0124676 0.000923999)
(-0.00419915 -0.00905231 -0.00582284)
(-0.00362313 -0.00947477 -0.00407621)
(-0.00395243 -0.00912585 -0.00486741)
(-0.00360103 -0.00911777 -0.004985)
(-0.00355095 -0.00979662 -0.00430229)
(-0.004337 -0.00860864 -0.00562463)
(-0.0163583 -0.00986406 -5.21407e-05)
(-0.0159055 -0.0114398 0.000572217)
(-0.0156121 -0.00963052 0.000893545)
(-0.0158785 -0.0106492 0.00172416)
(-0.015321 -0.0108929 0.00198587)
(-0.01728 -0.0110844 -0.000516618)
(-0.0128494 -0.0102946 0.00690363)
(-0.012283 -0.0110154 0.00621842)
(-0.0122001 -0.010305 0.00719558)
(-0.0121351 -0.0117376 0.00731687)
(-0.0109268 -0.0115178 0.0078103)
(-0.0115509 -0.0114672 0.00694314)
(-0.0116536 -0.00859079 0.00828889)
(-0.0128927 -0.00824823 0.00714568)
(-0.0134485 -0.00807499 0.00657804)
(-0.0121028 -0.00870977 0.00825587)
(-0.0126178 -0.00868662 0.00802374)
(-0.0130599 -0.00786076 0.00686243)
(-0.0139378 -0.0133701 -0.00433626)
(-0.0111278 -0.0127461 -0.00429679)
(-0.0142075 -0.0118864 -0.00481898)
(-0.0122092 -0.0119901 -0.00502491)
(-0.0113385 -0.0129277 -0.00490444)
(-0.0150897 -0.0124909 -0.00416894)
(-0.0153588 -0.0158144 -0.000168847)
(-0.017446 -0.0165516 -0.000139619)
(-0.0170997 -0.014767 -0.00057129)
(-0.0164036 -0.0162372 -0.000431633)
(-0.0175861 -0.0150132 -0.0012345)
(-0.0168169 -0.0154849 -0.000751716)
(-0.00774114 -0.00832557 -0.00693968)
(-0.00754203 -0.00828159 -0.00682254)
(-0.00913071 -0.0094338 -0.00773741)
(-0.00953666 -0.00841603 -0.00780589)
(-0.0085642 -0.00815008 -0.00760288)
(-0.010008 -0.00851399 -0.00776656)
(-0.00758221 -0.0103017 -0.00475434)
(-0.00778329 -0.010034 -0.00538774)
(-0.00538513 -0.0103856 -0.0035491)
(-0.00546911 -0.0103423 -0.0032678)
(-0.00699926 -0.0104809 -0.00418791)
(-0.00584702 -0.00955543 -0.00422782)
(-0.0177811 -0.0128243 -0.00532188)
(-0.0179444 -0.0113145 -0.00671158)
(-0.0181974 -0.0109186 -0.00714976)
(-0.0178992 -0.0116694 -0.00665053)
(-0.0178596 -0.01257 -0.00594414)
(-0.0179531 -0.0117224 -0.00548296)
(-0.0127581 -0.00773729 -0.00917138)
(-0.00979074 -0.00751669 -0.00883541)
(-0.0095765 -0.00795566 -0.00946546)
(-0.0105059 -0.00710565 -0.00930124)
(-0.0124006 -0.00793316 -0.00992993)
(-0.0118151 -0.0075008 -0.00899058)
(-0.0145159 -0.00917932 -0.0057252)
(-0.014353 -0.00921289 -0.00469489)
(-0.0137722 -0.00939369 -0.00620043)
(-0.0145861 -0.00946118 -0.00511169)
(-0.0133426 -0.00914483 -0.00597136)
(-0.0142933 -0.00934542 -0.00553769)
(-0.00445292 -0.0110199 -0.00155214)
(-0.00464261 -0.0109243 -0.00267853)
(-0.00405358 -0.0105118 -0.00210737)
(-0.0040909 -0.00973122 -0.00281462)
(-0.00437831 -0.0115958 -0.00143442)
(-0.00392471 -0.00971682 -0.0028462)
(-0.00629433 -0.0125644 0.0077069)
(-0.00625625 -0.0136644 0.00879314)
(-0.00689831 -0.0126102 0.00899789)
(-0.0072952 -0.0128848 0.00831876)
(-0.00551809 -0.0139757 0.00781195)
(-0.00852682 -0.0164888 -0.00338908)
(-0.00957228 -0.0177652 -0.00346619)
(-0.0108626 -0.0175376 -0.00199736)
(-0.0105891 -0.0169636 -0.00230766)
(-0.00904891 -0.0159844 -0.00245955)
(-0.00965215 -0.0168289 -0.00295025)
(-0.00843442 -0.0148782 -0.00394547)
(-0.0082584 -0.0150696 -0.00306011)
(-0.00859017 -0.0150984 -0.00423657)
(-0.00838332 -0.0157991 -0.0027618)
(-0.00903056 -0.0165675 -0.00333378)
(-0.00860558 -0.0157079 -0.00414727)
(-0.0122727 -0.0179604 0.00287308)
(-0.0121179 -0.0181273 0.00163171)
(-0.0107307 -0.017953 0.000792237)
(-0.0120446 -0.0184259 0.00226563)
(-0.0109967 -0.0178198 0.00118488)
(-0.0105517 -0.0175809 0.00157548)
(-0.0135641 -0.0182834 0.00510144)
(-0.0135936 -0.0185669 0.00361314)
(-0.0157746 -0.0183727 0.0045163)
(-0.0154488 -0.0178102 0.00490061)
(-0.0145905 -0.0181298 0.00594264)
(-0.0138132 -0.0176795 0.00409323)
(-0.00941193 -0.0172795 0.00129008)
(-0.00931579 -0.0168861 0.00204977)
(-0.0112863 -0.0178488 0.0037453)
(-0.0113566 -0.0185489 0.00300351)
(-0.01125 -0.017842 0.00220406)
(-0.0103674 -0.0180021 0.00151832)
(-0.00859535 -0.0142779 -0.00373138)
(-0.00923208 -0.0141366 -0.00445676)
(-0.00885177 -0.016511 -0.00263918)
(-0.00820936 -0.0146337 -0.00320465)
(-0.00783986 -0.014906 -0.00247382)
(-0.00972308 -0.0163583 -0.0034488)
(-0.0103965 -0.0183699 0.00320658)
(-0.0088967 -0.0172911 0.00174758)
(-0.00956838 -0.0178516 0.00221366)
(-0.00965356 -0.0177067 -0.00393981)
(-0.0111808 -0.0190163 -0.00409312)
(-0.00910979 -0.0167785 -0.00359698)
(-0.00917738 -0.0175807 -0.00408007)
(-0.0103402 -0.0171756 -0.00317238)
(-0.0160921 -0.0112285 -0.00480211)
(-0.0170473 -0.0115865 -0.00542915)
(-0.0157812 -0.0107046 -0.00595234)
(-0.0159348 -0.0104264 -0.00685118)
(-0.0160713 -0.010479 -0.00601976)
(-0.0152827 -0.00998829 -0.00704493)
(-0.0068836 -0.00770988 -0.00965958)
(-0.00631405 -0.00816236 -0.00942693)
(-0.00856038 -0.00819119 -0.0106323)
(-0.00742507 -0.00762183 -0.0089783)
(-0.00625965 -0.00794667 -0.00875951)
(-0.00853242 -0.00799853 -0.00962028)
(-0.00563879 -0.0138935 0.00523428)
(-0.00510225 -0.0141697 0.00443951)
(-0.00623699 -0.0137427 0.00648516)
(-0.00528919 -0.013439 0.00556364)
(-0.00484431 -0.0134912 0.00454614)
(-0.00664712 -0.0145175 0.0061899)
(-0.00755723 -0.0121208 0.0099773)
(-0.00647706 -0.012561 0.00993585)
(-0.00795931 -0.0110565 0.0102966)
(-0.0116067 -0.0136325 0.00390442)
(-0.00999133 -0.0134492 0.00383193)
(-0.0111588 -0.012976 0.0043948)
(-0.0122224 -0.0131712 0.003845)
(-0.0107811 -0.0144126 0.00414375)
(-0.00934922 -0.0134465 0.00423112)
(-0.00617444 -0.00900829 -0.00584374)
(-0.00460131 -0.00950266 -0.00377932)
(-0.00544805 -0.00903225 -0.00545128)
(-0.00494625 -0.00942076 -0.00450789)
(-0.00485822 -0.00868038 -0.00497566)
(-0.00579688 -0.00938924 -0.00506248)
(-0.00416149 -0.0100807 -0.00203686)
(-0.00522976 -0.0100464 -0.00419395)
(-0.00469096 -0.0102562 -0.00282944)
(-0.00488836 -0.0100554 -0.00311241)
(-0.00497968 -0.00998392 -0.00388145)
(-0.0053573 -0.00986642 -0.00399563)
(-0.00439559 -0.0117149 0.000866123)
(-0.00446938 -0.012329 -0.00020213)
(-0.00452078 -0.0114292 -0.000285005)
(-0.00424776 -0.010873 -0.00119983)
(-0.00478439 -0.0117596 0.000598424)
(-0.00387332 -0.0109921 -0.000802826)
(-0.00383852 -0.0100438 -0.00272441)
(-0.00382913 -0.00977398 -0.00383917)
(-0.00423176 -0.00971359 -0.00356441)
(-0.00416015 -0.00971113 -0.00447562)
(-0.00418573 -0.0102698 -0.00351498)
(-0.00435944 -0.00945656 -0.00429518)
(-0.00566199 -0.0127362 -0.000230714)
(-0.00609383 -0.0135351 0.000115559)
(-0.008071 -0.0143854 0.00146262)
(-0.00647863 -0.0135415 0.000663642)
(-0.00746173 -0.013843 0.00125495)
(-0.0070705 -0.0138526 0.00080096)
(-0.0101981 -0.0145538 0.00264811)
(-0.00925528 -0.0141642 0.00274931)
(-0.0113528 -0.0138937 0.00332354)
(-0.0104021 -0.0144046 0.00335759)
(-0.012162 -0.0140212 0.00340577)
(-0.0113635 -0.0144437 0.00269676)
(-0.00829345 -0.0135482 0.00294148)
(-0.00670178 -0.0136859 0.00198914)
(-0.00724065 -0.0134295 0.00271967)
(-0.00687652 -0.0136141 0.00109292)
(-0.00773248 -0.0136251 0.00175361)
(-0.0120146 -0.0164714 -0.000466563)
(-0.0126611 -0.0161447 -0.000382354)
(-0.0103441 -0.0160751 -0.000423214)
(-0.0096739 -0.0162898 -0.000863765)
(-0.0139906 -0.015099 -0.00124221)
(-0.0162943 -0.0127333 -0.00470968)
(-0.0162151 -0.0129964 -0.00311559)
(-0.016595 -0.0135016 -0.00361989)
(-0.0165379 -0.0124119 -0.00386671)
(-0.0162277 -0.0124282 -0.00517768)
(-0.0163712 -0.0140187 -0.00305436)
(-0.0152551 -0.0119002 -0.00652195)
(-0.0162673 -0.0134891 -0.00462457)
(-0.0156369 -0.0120669 -0.00521117)
(-0.016232 -0.0104578 -0.00611773)
(-0.017035 -0.0107692 -0.00432717)
(-0.0165982 -0.010427 -0.00401315)
(-0.0164822 -0.0109963 -0.00380592)
(-0.0171335 -0.010987 -0.0057228)
(-0.0167848 -0.00987956 -0.00469494)
(-0.0173073 -0.0105289 -0.00334626)
(-0.0168937 -0.0101717 -0.00301492)
(-0.0172109 -0.0100018 -0.0043311)
(-0.0169446 -0.0102725 -0.00439628)
(-0.0168789 -0.0107908 -0.0028106)
(-0.0167942 -0.010574 -0.00529679)
(-0.0154865 -0.0138931 -6.81543e-05)
(-0.0142426 -0.0152263 0.000651255)
(-0.0147933 -0.0127867 0.00184657)
(-0.0136243 -0.0134711 0.0020314)
(-0.0139533 -0.0140492 0.00173991)
(-0.0153093 -0.0129668 0.000554732)
(-0.0153549 -0.0140404 0.000458278)
(-0.0131979 -0.0140858 0.00178019)
(-0.0120077 -0.00769578 -0.0109743)
(-0.0128559 -0.00822194 -0.0105009)
(-0.0151289 -0.008267 -0.00875829)
(-0.01647 -0.00899096 -0.00798077)
(-0.0167756 -0.00923456 -0.00824257)
(-0.0154231 -0.00887371 -0.0091467)
(-0.0173911 -0.00943049 -0.00776607)
(-0.0144015 -0.00838015 -0.00937739)
(-0.0101738 -0.00761168 -0.00787702)
(-0.0109165 -0.00823772 -0.00906267)
(-0.00955155 -0.00717068 -0.00870945)
(-0.00823231 -0.00801169 -0.00739235)
(-0.00884096 -0.00816905 -0.00838509)
(-0.0116735 -0.00844195 -0.00883842)
(-0.00767915 -0.00891631 -0.00556711)
(-0.00645702 -0.00894762 -0.00506014)
(-0.00862163 -0.00899297 -0.00648751)
(-0.00718183 -0.00975655 -0.00612135)
(-0.00866472 -0.00872336 -0.00598258)
(-0.00626344 -0.00948838 -0.00517914)
(-0.0196076 -0.0123383 -0.00312665)
(-0.0191181 -0.0115062 -0.00387644)
(-0.0185312 -0.0108799 -0.00514822)
(-0.0194645 -0.0115855 -0.00435206)
(-0.0192606 -0.0114129 -0.00305299)
(-0.0191403 -0.0106917 -0.00460239)
(-0.0200661 -0.0123112 -0.00348924)
(-0.0189508 -0.0109706 -0.00387656)
(-0.019342 -0.0111912 -0.00365164)
(-0.0194259 -0.0128611 -0.00224394)
(-0.0192062 -0.0115214 -0.00191482)
(-0.0196374 -0.0121247 -0.0029321)
(-0.0151929 -0.0171814 0.00372239)
(-0.0140332 -0.0180083 0.00240741)
(-0.0141078 -0.0175674 0.00380815)
(-0.0160381 -0.0168986 0.00324272)
(-0.0161333 -0.0177956 0.00249503)
(-0.0136265 -0.0164159 0.00283272)
(-0.0137993 -0.017598 0.00170308)
(-0.0148102 -0.0167751 0.00152962)
(-0.0155014 -0.0163764 0.00182292)
(-0.0134875 -0.0165503 0.00156173)
(-0.0150875 -0.0170095 0.00145195)
(-0.0140164 -0.0169913 0.0020365)
(-0.0187729 -0.01414 -0.000662968)
(-0.0187333 -0.0135635 -0.00124077)
(-0.0196108 -0.0130961 -0.00137532)
(-0.0193569 -0.0143228 -0.000539713)
(-0.0187894 -0.0134754 -0.0008438)
(-0.0191661 -0.0123523 -0.0019097)
(-0.0191689 -0.0132547 -0.00216364)
(-0.0193175 -0.012779 -0.00182969)
(-0.0197224 -0.0144808 0.00148322)
(-0.0205128 -0.0130703 -0.00143982)
(-0.0201689 -0.0141669 2.34552e-05)
(-0.0190199 -0.0135041 0.000833216)
(-0.0192692 -0.0129373 0.000219603)
(-0.00790062 -0.0185421 -0.00630741)
(-0.00570062 -0.0147745 -0.00515447)
(-0.00680521 -0.0174001 -0.00681837)
(-0.00761358 -0.018246 -0.00523876)
(-0.00650387 -0.0176629 -0.00575731)
(-0.00615505 -0.0156476 -0.00455539)
(-0.00632204 -0.0144012 -0.00833146)
(-0.00740761 -0.0128617 -0.0098262)
(-0.00683118 -0.0136783 -0.00908759)
(-0.00765082 -0.0136864 -0.00973363)
(-0.0077881 -0.0145077 -0.00987774)
(-0.00680875 -0.0163396 -0.0069837)
(-0.00556059 -0.0139361 -0.00776592)
(-0.0064178 -0.0171198 -0.00881097)
(-0.00604544 -0.0150374 -0.00786091)
(-0.0061678 -0.0139998 -0.00747983)
(-0.00595393 -0.0148757 -0.00601974)
(-0.00581645 -0.0162863 -0.0064856)
(-0.00540301 -0.0141245 -0.0089429)
(-0.00598249 -0.016473 -0.00658573)
(-0.00595809 -0.015733 -0.00825212)
(-0.00523971 -0.0143205 -0.00808897)
(-0.0056154 -0.0147625 -0.0072412)
(-0.0184154 -0.0128428 -0.00385616)
(-0.0166053 -0.0143874 -0.00231995)
(-0.0175714 -0.0147766 -0.00328573)
(-0.017719 -0.0136305 -0.00409597)
(-0.0184231 -0.015436 -0.0029089)
(-0.0188951 -0.0134348 -0.00292831)
(-0.0181649 -0.0140123 -0.00458055)
(-0.0162379 -0.0146978 -0.00308628)
(-0.0176958 -0.0129079 -0.00418796)
(-0.0165836 -0.0138883 -0.00302357)
(-0.0174431 -0.015183 -0.00286596)
(-0.0179289 -0.0135206 -0.00392144)
(-0.0130182 -0.0171081 -0.00234276)
(-0.0143573 -0.0170215 -0.00222864)
(-0.0148457 -0.0175222 -0.00281266)
(-0.0122457 -0.016554 -0.00154029)
(-0.0118512 -0.0178294 -0.00308241)
(-0.0129017 -0.0176318 -0.00159049)
(-0.0118076 -0.0170408 -0.00118137)
(-0.0138461 -0.0163623 -0.000901705)
(-0.014225 -0.0174487 -0.000861603)
(-0.0128797 -0.0171805 -0.000851709)
(-0.0132978 -0.0166694 -0.000799414)
(-0.0100341 -0.011536 -0.00692782)
(-0.0100106 -0.0114427 -0.00756164)
(-0.0109018 -0.0112379 -0.00765112)
(-0.00986144 -0.0127788 -0.00757923)
(-0.00976504 -0.0123881 -0.00697197)
(-0.00947548 -0.0130415 -0.00724841)
(-0.00728002 -0.0148334 -0.00755576)
(-0.00802423 -0.0163318 -0.00788407)
(-0.00740716 -0.0160758 -0.00818212)
(-0.00719427 -0.0148926 -0.00814622)
(-0.00751436 -0.0159509 -0.00682152)
(-0.00687442 -0.0154435 -0.0068839)
(-0.00872396 -0.0168623 -0.00466636)
(-0.00895159 -0.0171848 -0.00401674)
(-0.00791915 -0.0162912 -0.00437206)
(-0.00863966 -0.0174719 -0.00366487)
(-0.00897592 -0.0175705 -0.005492)
(-0.00886225 -0.0178129 -0.00549114)
(-0.00786363 -0.0178297 -0.00549793)
(-0.00760468 -0.0156537 -0.00523581)
(-0.00879431 -0.0172436 -0.00440177)
(-0.00763453 -0.0162656 -0.00434005)
(-0.00711997 -0.0160504 -0.00506065)
(-0.00798062 -0.0161279 -0.00319088)
(-0.0087109 -0.0167834 -0.00411014)
(-0.0077055 -0.0155937 -0.00443859)
(-0.00951663 -0.0177772 -0.00392077)
(-0.0083965 -0.0160039 -0.00507049)
(-0.00875597 -0.0170102 -0.00313298)
(-0.00884477 -0.0163095 -0.00480717)
(-0.0117137 -0.018568 0.000315227)
(-0.011765 -0.0184613 0.00102879)
(-0.0129236 -0.017937 0.00219819)
(-0.0121764 -0.0179065 0.0018536)
(-0.0110941 -0.0171682 0.00131722)
(-0.0128305 -0.0182232 0.00141628)
(-0.00887492 -0.0164324 -0.00341444)
(-0.00775308 -0.0145703 -0.00464641)
(-0.00901628 -0.0167626 -0.00528085)
(-0.00835484 -0.0159327 -0.00287654)
(-0.00779305 -0.0141924 -0.00399269)
(-0.00885935 -0.0161394 -0.00445774)
(-0.0112866 -0.0111887 -0.00748657)
(-0.0104057 -0.0106121 -0.00767185)
(-0.0122635 -0.00953986 -0.00705804)
(-0.0121145 -0.0108266 -0.00826458)
(-0.0119084 -0.0107128 -0.00856565)
(-0.0124294 -0.00919655 -0.0071089)
(-0.00710219 -0.0141504 -0.0108039)
(-0.00661382 -0.0135817 -0.00968918)
(-0.00612782 -0.0139936 -0.00999679)
(-0.00557258 -0.0136305 -0.00911505)
(-0.00669593 -0.0140377 -0.0105581)
(-0.00671976 -0.0136843 -0.01031)
(-0.00543488 -0.0146429 -0.00922569)
(-0.004815 -0.0131151 -0.0100342)
(-0.00448494 -0.0126692 -0.00806483)
(-0.0047629 -0.0116527 -0.00926378)
(-0.0055489 -0.0120488 -0.00942885)
(-0.0113963 -0.0108346 -0.00960544)
(-0.011108 -0.0101412 -0.0097065)
(-0.00993397 -0.0121125 -0.0101767)
(-0.0103732 -0.0102221 -0.00918323)
(-0.0101166 -0.0117815 -0.00989477)
(-0.0122509 -0.0106376 -0.0098405)
(-0.0160298 -0.00930208 -0.00573465)
(-0.0157214 -0.00955128 -0.00674871)
(-0.0146188 -0.00968689 -0.00747305)
(-0.016056 -0.0101521 -0.0079682)
(-0.0153819 -0.0100785 -0.00685476)
(-0.0127062 -0.00967515 -0.00860729)
(-0.0117585 -0.00980872 -0.00814604)
(-0.0105699 -0.0115352 -0.00899294)
(-0.012158 -0.0102556 -0.00911729)
(-0.0120198 -0.0112576 -0.0096723)
(-0.0111608 -0.0109275 -0.00864523)
(-0.00973466 -0.0115096 -0.0108173)
(-0.0107939 -0.0113352 -0.0106341)
(-0.00963783 -0.0109848 -0.0103704)
(-0.0103185 -0.0112657 -0.0105178)
(-0.0103219 -0.0120926 -0.0112946)
(-0.0153723 -0.0103266 -0.00772922)
(-0.0135489 -0.0103353 -0.00940691)
(-0.0145732 -0.0104736 -0.00925092)
(-0.0150185 -0.00965255 -0.00785168)
(-0.0157862 -0.0106238 -0.00763712)
(-0.0145289 -0.00943988 -0.00803077)
(-0.00942052 -0.0108216 -0.0112346)
(-0.00843402 -0.0109204 -0.0110649)
(-0.00846528 -0.012574 -0.0106539)
(-0.00913417 -0.011206 -0.0105929)
(-0.00718008 -0.0126172 -0.0104485)
(-0.00831234 -0.0124171 -0.0114656)
(-0.0141468 -0.00975605 -0.00882059)
(-0.0134966 -0.00998431 -0.00965527)
(-0.0126038 -0.00942509 -0.00981631)
(-0.0142245 -0.0101494 -0.00883091)
(-0.0136117 -0.00923772 -0.0091724)
(-0.0125959 -0.00945348 -0.00998773)
(-0.00726064 -0.0112359 -0.0110488)
(-0.00656662 -0.0109748 -0.0108195)
(-0.00756873 -0.0116054 -0.0114464)
(-0.00583254 -0.0118667 -0.0102953)
(-0.00682273 -0.011796 -0.0111563)
(-0.0124305 -0.00936685 -0.0100418)
(-0.0109351 -0.0092931 -0.0111223)
(-0.0117139 -0.00976824 -0.0107071)
(-0.0105857 -0.00912564 -0.0106832)
(-0.0124101 -0.00967296 -0.0102606)
(-0.0114737 -0.00993774 -0.0111969)
(-0.0135638 -0.00743226 0.00435195)
(-0.00948646 -0.0112256 -0.00328057)
(-0.0104987 -0.00885153 -0.00294196)
(-0.00950644 -0.00989929 -0.00301028)
(-0.00986412 -0.0114992 -0.00331999)
(-0.00974801 -0.0101687 -0.0029827)
(-0.0112207 -0.0102151 -0.00298654)
(-0.00883618 -0.0126344 -0.0030432)
(-0.00771422 -0.0125299 -0.00257821)
(-0.00850395 -0.0127199 -0.00279601)
(-0.00821884 -0.0143198 -0.00218402)
(-0.0214581 -0.0136666 0.00123053)
(-0.0203947 -0.0134401 0.000644369)
(-0.0205206 -0.0154253 0.00253331)
(-0.0207956 -0.014679 0.00155042)
(-0.0201606 -0.0142476 0.00182689)
(-0.0215755 -0.0159409 0.0027205)
(-0.0203153 -0.0127682 6.2453e-05)
(-0.018817 -0.0121308 -0.0012248)
(-0.00378379 -0.0140272 0.00205687)
(-0.00325303 -0.013817 0.00447887)
(-0.00422285 -0.013924 0.0002954)
(-0.00541343 -0.0133765 -0.00141164)
(-0.00431388 -0.0128692 -0.000563906)
(-0.00872755 -0.010961 -0.0047318)
(-0.00827 -0.0113025 -0.00436562)
(-0.0103872 -0.0103525 -0.0047044)
(-0.00995474 -0.0106967 -0.00489186)
(-0.00974533 -0.0120333 -0.00486435)
(-0.00755917 -0.0110445 -0.00429054)
(-0.0181093 -0.0118319 -0.0028086)
(-0.0185934 -0.0116836 -0.00226947)
(-0.0161158 -0.010981 -0.00370769)
(-0.0175578 -0.0114028 -0.00294989)
(-0.0184311 -0.0125741 -0.00390347)
(-0.0164327 -0.0165162 0.00573929)
(-0.0168299 -0.0180196 0.00567514)
(-0.0193099 -0.0178954 0.00566828)
(-0.0110802 -0.00960273 0.00973795)
(-0.00984416 -0.00989202 0.0105284)
(-0.00998869 -0.00985949 0.00948818)
(-0.00856578 -0.011422 0.0096548)
(-0.0103002 -0.0112368 0.00886532)
(-0.00977449 -0.0114986 0.00990513)
(-0.0106433 -0.0102181 0.00901166)
(-0.00907445 -0.0117098 0.00904542)
(-0.0135176 -0.00782655 -0.00104642)
(-0.0132717 -0.00791161 -0.000901495)
(-0.0122476 -0.00696311 -0.00107455)
(-0.0123801 -0.00713891 -0.00172096)
(-0.0126203 -0.00785977 -0.00226641)
(-0.0127495 -0.00802434 -0.00201037)
(-0.0138502 -0.00927125 -0.00518229)
(-0.0140225 -0.00902184 -0.00427531)
(-0.0135537 -0.00873176 -0.00480938)
(-0.0142485 -0.00818117 -0.00411001)
(-0.0144526 -0.00844132 -0.00365052)
(-0.00819682 -0.0132728 0.00759434)
(-0.00953295 -0.0120371 0.00791189)
(-0.00884972 -0.0126566 0.0087273)
(-0.0105027 -0.0121106 0.00759688)
(-0.00940459 -0.011449 0.00860566)
(-0.00874684 -0.0124908 0.00719813)
(-0.00830882 -0.0137878 0.00698773)
(-0.0115956 -0.0104229 0.00759914)
(-0.0122154 -0.0102107 0.00774877)
(-0.0127286 -0.00892244 0.00635545)
(-0.0122454 -0.0085064 0.00699087)
(-0.011024 -0.0100647 0.00823415)
(-0.0156652 -0.0102695 0.00171191)
(-0.0163489 -0.0103449 0.00206906)
(-0.0163313 -0.00962748 0.000979175)
(-0.0166047 -0.00986398 0.00107918)
(-0.0152002 -0.00994932 0.00263389)
(-0.0166872 -0.00939575 0.000631667)
(-0.0143728 -0.0106331 0.00492338)
(-0.0137859 -0.00946764 0.00519608)
(-0.015559 -0.00979031 0.00348624)
(-0.0148698 -0.00935972 0.00392333)
(-0.0150423 -0.00977173 0.00430371)
(-0.0136277 -0.0102338 0.00537835)
(-0.0165226 -0.00939603 -0.000953334)
(-0.0158684 -0.00987527 -0.00323084)
(-0.0147842 -0.00846577 -0.00244586)
(-0.0164359 -0.00968061 -0.00164527)
(-0.015859 -0.00907198 -0.0015358)
(-0.0147394 -0.00901977 -0.00344227)
(-0.0128951 -0.00899514 -0.00359345)
(-0.0116648 -0.00860457 -0.00375604)
(-0.0110589 -0.00958651 -0.00459592)
(-0.0111858 -0.00836218 -0.00389281)
(-0.0117138 -0.0100654 -0.00467678)
(-0.0125193 -0.0086556 -0.00378784)
(-0.00879535 -0.0130611 -0.00588963)
(-0.00871151 -0.0141486 -0.00548719)
(-0.00886327 -0.013141 -0.00613982)
(-0.00931169 -0.0128799 -0.00643154)
(-0.00816898 -0.0141068 -0.00522603)
(-0.00901316 -0.0135468 -0.00571437)
(-0.0100452 -0.0116737 -0.0067344)
(-0.0089925 -0.0112888 -0.0058774)
(-0.0100557 -0.0117056 -0.00594282)
(-0.0108748 -0.0104371 -0.00594329)
(-0.0102014 -0.0104036 -0.00598813)
(-0.00989878 -0.0110499 -0.00673813)
(-0.00876804 -0.0141626 -0.0047207)
(-0.00891101 -0.0137116 -0.00485074)
(-0.00953917 -0.0123712 -0.0056357)
(-0.00918702 -0.012854 -0.00517168)
(-0.00925283 -0.0126251 -0.00556769)
(-0.0091475 -0.0139132 -0.00520041)
(-0.0144427 -0.00781799 0.00130261)
(-0.0141412 -0.00777433 0.00239459)
(-0.0148993 -0.00809847 0.00070062)
(-0.0143929 -0.00761776 0.00090855)
(-0.0152259 -0.00812822 0.00255966)
(-0.0140982 -0.00788079 0.00163704)
(-0.0178543 -0.0177868 0.00415304)
(-0.0177985 -0.0173103 0.00361491)
(-0.0200464 -0.0162121 0.0032519)
(-0.0200324 -0.0161919 0.00337595)
(-0.0193927 -0.0166284 0.00403652)
(-0.0175824 -0.015464 0.00510013)
(-0.0173598 -0.0155228 0.00366966)
(-0.0159736 -0.0104646 -0.00599844)
(-0.0186118 -0.0115488 -0.00565795)
(-0.0178341 -0.0107237 -0.00620597)
(-0.0175342 -0.0101155 -0.00502499)
(-0.0158906 -0.0102542 -0.0066742)
(-0.0170926 -0.00981631 -0.00664074)
(-0.011048 -0.0103075 -0.0066627)
(-0.00947895 -0.0100281 -0.00628906)
(-0.0125428 -0.00965925 -0.00607276)
(-0.012914 -0.0121607 -0.00708477)
(-0.0104156 -0.00934355 -0.00612721)
(-0.0127199 -0.00988302 -0.00642625)
(-0.00631745 -0.0085309 -0.00645223)
(-0.00506264 -0.00860199 -0.00546437)
(-0.00666686 -0.00799585 -0.00712281)
(-0.00613724 -0.00807658 -0.00685926)
(-0.00482889 -0.00886315 -0.00570803)
(-0.00512376 -0.00804823 -0.00611369)
(-0.00531245 -0.00809484 -0.00709648)
(-0.00744026 -0.00734878 -0.0085424)
(-0.00742019 -0.00709902 -0.0081013)
(-0.0055453 -0.00782792 -0.00694862)
(-0.00609338 -0.00803237 -0.00800928)
(-0.00664219 -0.00792731 -0.00777804)
(-0.00367109 -0.0105361 -0.0029092)
(-0.00400571 -0.0108591 -0.00353038)
(-0.00414676 -0.0114861 -0.00164877)
(-0.00416098 -0.0122465 -0.00232271)
(-0.00433479 -0.0117911 -0.00288179)
(-0.00456714 -0.0119787 -0.00158216)
(-0.0034796 -0.011055 -0.00547817)
(-0.00412775 -0.0121292 -0.00366142)
(-0.00367983 -0.0117554 -0.00432)
(-0.00347975 -0.0101588 -0.00466233)
(-0.00360706 -0.0107232 -0.00380702)
(-0.00367333 -0.0111971 -0.00295941)
(-0.0044468 -0.0117422 -0.00068909)
(-0.00462948 -0.0110925 -0.00171947)
(-0.00450789 -0.0102179 -0.00218969)
(-0.003958 -0.0113402 -0.000122471)
(-0.00426807 -0.010715 -0.00157564)
(-0.00350255 -0.010201 -0.00366372)
(-0.00429225 -0.0130337 -0.00248929)
(-0.00560146 -0.00843987 -0.00835577)
(-0.00464225 -0.00830952 -0.00781287)
(-0.00697561 -0.00783743 -0.00741217)
(-0.00518448 -0.00826466 -0.00641979)
(-0.0153076 -0.0146976 -0.00114627)
(-0.014489 -0.0157321 -0.000962617)
(-0.0136203 -0.0151481 0.000335521)
(-0.0161272 -0.0146315 -0.00108578)
(-0.0146058 -0.01158 0.00232042)
(-0.0140411 -0.0136006 0.00278366)
(-0.0150301 -0.0125749 0.00174208)
(-0.0134093 -0.013796 0.00345089)
(-0.014673 -0.0124128 0.00241225)
(-0.0143104 -0.0136378 0.00297779)
(-0.0146175 -0.0127712 0.00209926)
(-0.0176135 -0.00893258 -0.00648084)
(-0.0195828 -0.0123646 -0.00472613)
(-0.0159316 -0.0114762 -0.00542264)
(-0.0117661 -0.00905743 -0.00698319)
(-0.0105911 -0.00945278 -0.00662429)
(-0.013221 -0.00957151 -0.00711277)
(-0.0137857 -0.00986971 -0.00675039)
(-0.0142296 -0.0100253 -0.00594112)
(-0.0170697 -0.0116487 -0.00618696)
(-0.0180821 -0.0112996 -0.0049717)
(-0.0188444 -0.0103294 -0.00438447)
(-0.0101074 -0.0167544 -0.00318184)
(-0.00889656 -0.0164634 -0.00321485)
(-0.0144382 -0.00762028 -0.000256753)
(-0.0148775 -0.00744689 0.00113295)
(-0.0134715 -0.00851591 0.00600133)
(-0.0142732 -0.00824819 0.00561028)
(-0.0150079 -0.00856351 0.00414915)
(-0.0142046 -0.00808234 0.00481654)
(-0.0146331 -0.00876892 0.00366227)
(-0.0149969 -0.00883643 0.00316277)
(-0.00987167 -0.0123748 -0.00699856)
(-0.00901165 -0.0125316 -0.00576089)
(-0.010236 -0.012442 -0.00602767)
(-0.00877206 -0.0142953 -0.00361638)
(-0.0100158 -0.0105441 -0.00541574)
(-0.0100761 -0.0108122 -0.00558268)
(-0.00916816 -0.0125328 -0.00458289)
(-0.00896453 -0.0132151 -0.0045407)
(-0.0104666 -0.0116158 -0.00515831)
(-0.00935105 -0.0110671 -0.00495516)
(-0.00910581 -0.0121292 -0.00487058)
(-0.010997 -0.00775915 -0.00273951)
(-0.0113198 -0.00968348 -0.00481946)
(-0.0104259 -0.010224 -0.00495158)
(-0.0108065 -0.0105272 -0.00503484)
(-0.0113271 -0.00933364 -0.00465002)
(-0.0117705 -0.00757816 -0.00278827)
(-0.00851309 -0.0134357 -0.00348506)
(-0.00869324 -0.0141974 -0.00366349)
(-0.00850297 -0.0146478 -0.00282631)
(-0.00824186 -0.0131855 -0.00320877)
(-0.00808688 -0.0149769 -0.00216082)
(-0.00828151 -0.0139124 -0.00256076)
(-0.0156287 -0.00880248 0.00111084)
(-0.0144473 -0.00871452 0.00306244)
(-0.0165752 -0.00928846 -0.00065209)
(-0.0147157 -0.0108023 0.0040217)
(-0.0144132 -0.011313 0.00490049)
(-0.0128344 -0.0112687 0.00600987)
(-0.0138682 -0.011077 0.00541062)
(-0.0151437 -0.00877735 -0.00132742)
(-0.0156033 -0.00900478 -0.00166082)
(-0.0150788 -0.00888593 -0.00247205)
(-0.0151366 -0.00883907 -0.00307411)
(-0.0121511 -0.0101674 -0.00636824)
(-0.0123926 -0.00929493 -0.00591926)
(-0.0117378 -0.00891357 -0.00489259)
(-0.0113282 -0.010436 -0.00584072)
(-0.0119108 -0.00980269 -0.00565656)
(-0.0114422 -0.0104751 -0.0062718)
(-0.0115479 -0.00998635 -0.00570369)
(-0.0132522 -0.00913113 -0.00529637)
(-0.0127956 -0.00954964 -0.00535109)
(-0.0146177 -0.00796559 -0.000537973)
(-0.0144463 -0.00893711 -0.00161563)
(-0.0146982 -0.0078169 -0.00124635)
(-0.0137306 -0.00711887 0.00363894)
(-0.0136484 -0.00715896 0.00216396)
(-0.0143147 -0.00810317 -0.00064216)
(-0.0142225 -0.00795694 -0.000972677)
(-0.0131806 -0.008404 -0.00246103)
(-0.0130147 -0.00827971 -0.00253827)
(-0.0135507 -0.00704088 0.000273444)
(-0.010826 -0.0117433 0.00874573)
(-0.0163758 -0.00945223 -0.00159854)
(-0.0163676 -0.00866149 -0.00213249)
(-0.0156621 -0.0113183 -0.00448328)
(-0.0159566 -0.0108101 -0.0045593)
(-0.0175559 -0.0120505 -0.00439127)
(-0.018028 -0.0117749 -0.00326361)
(-0.0151685 -0.0119377 -0.00509521)
(-0.0170498 -0.0126248 -0.00371421)
(-0.0102676 -0.0110528 -0.00596121)
(-0.0126371 -0.0117912 -0.00526384)
(-0.0136317 -0.0107186 -0.00505623)
(-0.0135386 -0.0106222 -0.00516426)
(-0.0122997 -0.0115578 -0.00579868)
(-0.00976917 -0.0122139 -0.00458844)
(-0.00832608 -0.0129354 -0.00349831)
(-0.00742123 -0.0133198 -0.00275804)
(-0.0038741 -0.0112443 0.00054379)
(-0.0067652 -0.0128477 -0.00272781)
(-0.00902533 -0.0129558 -0.00403955)
(-0.00545679 -0.0122801 -0.00223398)
(-0.00556651 -0.0123901 -0.00204059)
(-0.00587401 -0.0115199 -0.00289483)
(-0.00651833 -0.0104142 -0.0038949)
(-0.00762244 -0.0119913 -0.00377095)
(-0.00610068 -0.0112389 -0.00307506)
(-0.019255 -0.0130599 -0.00239658)
(-0.0190386 -0.0123181 -0.00200894)
(-0.0192689 -0.0146368 0.00365967)
(-0.007975 -0.0125132 -0.00309183)
(-0.00910543 -0.0122916 -0.00293932)
(-0.0087567 -0.0161199 -0.00157482)
(-0.00763254 -0.0161466 -0.000564295)
(-0.00764372 -0.0156774 0.000190581)
(-0.00695362 -0.0151711 -0.000446315)
(-0.00749194 -0.0146274 -0.00151872)
(-0.0140739 -0.00736135 0.00391727)
(-0.0125101 -0.00649062 -0.000465617)
(-0.0133054 -0.00716959 0.000463704)
(-0.0136166 -0.00690556 0.00181203)
(-0.0137801 -0.00716347 0.00275909)
(-0.0120808 -0.00627213 0.000371412)
(-0.0111025 -0.00816876 -0.00212009)
(-0.0110594 -0.00758301 -0.00206328)
(-0.0112161 -0.00881696 -0.00263769)
(-0.0127143 -0.0066456 -0.000850043)
(-0.0116546 -0.00784579 -0.00215606)
(-0.0119878 -0.0065412 -0.0013852)
(-0.0107787 -0.00921476 -0.0105622)
(-0.0113927 -0.00962299 -0.0106276)
(-0.0106456 -0.00922068 -0.0103975)
(-0.0118534 -0.00949103 -0.0103332)
(-0.00872451 -0.0101885 -0.0109822)
(-0.00825373 -0.0108184 -0.0110982)
(-0.00984032 -0.0101096 -0.0108234)
(-0.00983982 -0.0104216 -0.0111024)
(-0.0132895 -0.00939981 -0.00918598)
(-0.0107606 -0.0115302 -0.0114452)
(-0.0141412 -0.00903962 -0.00600829)
(-0.014488 -0.00923184 -0.00605089)
(-0.0157136 -0.00973756 -0.00660149)
(-0.0136825 -0.0102082 -0.00884334)
(-0.0133766 -0.0103834 -0.00899993)
(-0.0144896 -0.00938196 -0.00805846)
(-0.00881698 -0.0105449 -0.00941266)
(-0.0119008 -0.0104879 -0.00986346)
(-0.0108276 -0.0098025 -0.0096446)
(-0.0124183 -0.00978346 -0.00903087)
(-0.0119672 -0.0100845 -0.00892006)
(-0.0125546 -0.00982184 -0.00915319)
(-0.01598 -0.00961063 -0.00531537)
(-0.0149286 -0.00933171 -0.00553814)
(-0.0163469 -0.00942189 -0.00446371)
(-0.00530043 -0.0123888 -0.0105725)
(-0.00707063 -0.0117056 -0.010412)
(-0.00681035 -0.0130934 -0.0111393)
(-0.00979475 -0.0116613 -0.0102042)
(-0.0132107 -0.00937242 -0.00724892)
(-0.0140366 -0.00994285 -0.00704207)
(-0.012492 -0.0106241 -0.00805698)
(-0.0128434 -0.0096712 -0.00694752)
(-0.0109278 -0.0107417 -0.00926728)
(-0.0100378 -0.0130758 -0.00951858)
(-0.0097969 -0.0127393 -0.00917768)
(-0.00856707 -0.0120235 -0.00882608)
(-0.00919174 -0.0124442 -0.00895889)
(-0.0101476 -0.0112812 -0.00886937)
(-0.0103641 -0.0117179 -0.00884811)
(-0.010916 -0.0117071 -0.00884035)
(-0.0112582 -0.0112941 -0.00880319)
(-0.00896998 -0.012956 -0.00837958)
(-0.0100461 -0.0134174 -0.00884133)
(-0.00962316 -0.0140218 -0.00870184)
(-0.00971306 -0.0119993 -0.00828218)
(-0.0100373 -0.0120177 -0.00822994)
(-0.0104397 -0.0113735 -0.0080561)
(-0.00924599 -0.0172072 -0.00201065)
(-0.0101331 -0.0171529 -0.000307003)
(-0.0108874 -0.0172744 0.000693192)
(-0.00952524 -0.0177316 -0.00171805)
(-0.00975596 -0.0174505 -0.000467724)
(-0.0103797 -0.0177191 -0.00058391)
(-0.010831 -0.0183523 -0.00118755)
(-0.00989307 -0.0178337 -0.00179006)
(-0.00948281 -0.0176079 -0.00396977)
(-0.00981975 -0.0175714 -0.00286245)
(-0.00980326 -0.0179129 -0.00267367)
(-0.00965125 -0.0170563 -0.00567926)
(-0.00884423 -0.0149065 -0.00596722)
(-0.00952225 -0.0148709 -0.0068063)
(-0.00817359 -0.0153304 -0.00531924)
(-0.0088582 -0.0138149 -0.00681425)
(-0.00913192 -0.0132815 -0.00671527)
(-0.00874754 -0.0145512 -0.00648669)
(-0.00902641 -0.0141542 -0.00699109)
(-0.00969028 -0.0133626 -0.00784501)
(-0.0099962 -0.0135204 -0.00821306)
(-0.00883258 -0.0147682 -0.00695048)
(-0.00844331 -0.0129582 -0.00872971)
(-0.00801348 -0.0129012 -0.00854345)
(-0.00780206 -0.0136723 -0.00884521)
(-0.00767376 -0.0143635 -0.00852201)
(-0.00822127 -0.0134706 -0.00834332)
(-0.0078233 -0.0130507 -0.00883457)
(-0.00818363 -0.0148728 -0.00921692)
(-0.00796631 -0.014918 -0.00773393)
(-0.00768207 -0.0130631 -0.00799306)
(-0.00748492 -0.0152367 -0.00714893)
(-0.00751673 -0.016205 -0.0065167)
(-0.00784395 -0.014873 -0.00824935)
(-0.00750419 -0.0167158 -0.00619532)
(-0.00863899 -0.016914 -0.00341622)
(-0.00744989 -0.016048 -0.00631212)
(-0.00781579 -0.0157466 -0.0061422)
(-0.00883762 -0.017604 -0.00373518)
(-0.00847512 -0.0152626 -0.00606461)
(-0.00788957 -0.0153055 -0.00572942)
(-0.0079843 -0.0163657 -0.00571201)
(-0.00800933 -0.0160895 -0.00527902)
(-0.0074236 -0.0149402 -0.00627861)
(-0.00771427 -0.0152348 -0.00709614)
(-0.00809193 -0.0150704 -0.00625733)
(-0.00904822 -0.0159428 -0.00746444)
(-0.00840722 -0.0149139 -0.00744891)
(-0.00794925 -0.0148105 -0.0072437)
(-0.00808231 -0.013844 -0.00761704)
(-0.00882386 -0.0143917 -0.00812295)
(-0.00850777 -0.0138 -0.00764592)
(-0.00852411 -0.0130972 -0.00714554)
(-0.00870192 -0.0132867 -0.00781203)
(-0.00870098 -0.0142744 -0.00791409)
(-0.00797273 -0.0140812 -0.00640113)
(-0.00899138 -0.0146875 -0.00726466)
(-0.0093262 -0.0174626 -0.00240718)
(-0.00831447 -0.017935 -0.0059627)
(-0.0116892 -0.00999258 -0.00690785)
(-0.0109717 -0.0118144 -0.00700599)
(-0.0111711 -0.0100842 -0.0065781)
(-0.0113314 -0.0112153 -0.00761273)
(-0.0137285 -0.0164428 -0.000904667)
(-0.0187577 -0.0120844 -0.00254424)
(-0.0181168 -0.0124618 -0.0032891)
(-0.0185119 -0.0123781 -0.00284403)
(-0.0185321 -0.0125209 -0.00211042)
(-0.0185031 -0.013214 -0.00296753)
(-0.0125495 -0.0169009 -3.52217e-06)
(-0.0130849 -0.0171999 -0.000702961)
(-0.01204 -0.0171366 -0.000560864)
(-0.00994864 -0.01615 -0.00122234)
(-0.0112983 -0.0172481 -0.00131226)
(-0.0109962 -0.0162689 -0.000818217)
(-0.012698 -0.0176111 -0.00146858)
(-0.013383 -0.0174664 0.000435795)
(-0.0152681 -0.0163541 0.000899372)
(-0.0133315 -0.016924 0.000274364)
(-0.0151428 -0.0171674 7.95709e-05)
(-0.0150431 -0.0177214 -3.39429e-05)
(-0.0148305 -0.0159673 0.000456078)
(-0.0136787 -0.0171471 0.000347391)
(-0.013335 -0.0178129 -0.000671799)
(-0.0107165 -0.0183297 -0.00378392)
(-0.0112974 -0.0181285 -0.00266354)
(-0.0154952 -0.0162485 -0.00106921)
(-0.0146161 -0.0167585 -0.00198505)
(-0.013798 -0.0176461 -0.00265626)
(-0.0125439 -0.0177445 -0.0015561)
(-0.0139836 -0.0168501 -0.00188091)
(-0.0144079 -0.0158911 -0.00199071)
(-0.0135691 -0.0166226 -0.00223021)
(-0.0115165 -0.0170187 -0.00277121)
(-0.0121266 -0.0162579 -0.00179994)
(-0.0140182 -0.0165124 -0.00229301)
(-0.0148358 -0.0158337 -0.00256956)
(-0.0184926 -0.01526 -0.00312385)
(-0.0163568 -0.0146292 -0.00141019)
(-0.0180242 -0.0129265 -0.00283611)
(-0.0161594 -0.0158736 -0.00174337)
(-0.0176509 -0.0165016 -0.00197688)
(-0.0163344 -0.0155977 -0.002463)
(-0.0153536 -0.0154507 -0.00196971)
(-0.0183539 -0.0129237 -0.0041902)
(-0.0130037 -0.016972 -0.0027028)
(-0.0126096 -0.0176541 -0.00271397)
(-0.0118882 -0.0175862 -0.00296872)
(-0.0139234 -0.0171205 -0.00264622)
(-0.0108695 -0.0159949 -0.00286055)
(-0.0126387 -0.0170563 -0.00281311)
(-0.0173052 -0.0145857 -0.00453883)
(-0.0149777 -0.015449 -0.0028598)
(-0.0159722 -0.0147402 -0.0040299)
(-0.0142765 -0.0161144 -0.0029577)
(-0.00888812 -0.0162232 -0.00302018)
(-0.00966321 -0.0160982 -0.00298236)
(-0.0054847 -0.0152081 -0.00949609)
(-0.00704718 -0.0166548 -0.00686579)
(-0.00687964 -0.0165017 -0.00909171)
(-0.00922488 -0.017417 -0.00402002)
(-0.00740818 -0.0163948 -0.00493312)
(-0.0072019 -0.0162281 -0.00616803)
(-0.00669907 -0.0132598 -0.00798971)
(-0.00770784 -0.013739 -0.00984207)
(-0.00732557 -0.0147001 -0.00895373)
(-0.00900813 -0.0126676 -0.0105475)
(-0.0088762 -0.0113942 -0.0107417)
(-0.0056746 -0.0142391 -0.00812193)
(-0.0068822 -0.0120584 -0.00997794)
(-0.00813922 -0.0166595 -0.0038242)
(-0.00781249 -0.0157282 -0.003129)
(-0.00831748 -0.0171709 -0.00492758)
(-0.00726744 -0.016151 -0.00416596)
(-0.00456084 -0.0138974 -0.00776098)
(-0.00434175 -0.0141809 -0.00795482)
(-0.00433973 -0.0144554 -0.00636935)
(-0.00530689 -0.0148372 -0.00687561)
(-0.0163271 -0.016017 0.000672884)
(-0.016639 -0.0154044 0.000355747)
(-0.0176097 -0.0150527 0.00167207)
(-0.0165881 -0.015566 0.000717959)
(-0.0178058 -0.0153264 -4.60673e-05)
(-0.0194486 -0.0130468 -0.000964089)
(-0.0188911 -0.014667 0.000153494)
(-0.0185225 -0.0160913 0.00035817)
(-0.018456 -0.0147063 0.000253169)
(-0.0187059 -0.0153148 0.00096976)
(-0.0182726 -0.014776 0.00135293)
(-0.0124477 -0.0178568 0.000377578)
(-0.0112872 -0.0167267 0.00081095)
(-0.0120643 -0.0164277 0.00178373)
(-0.0132397 -0.0170913 0.00216133)
(-0.0174838 -0.0168306 0.002001)
(-0.0174174 -0.0157783 0.00199438)
(-0.0152893 -0.0157958 0.00263239)
(-0.014956 -0.0169025 0.00101554)
(-0.0138549 -0.0173166 0.000432549)
(-0.0131444 -0.0172897 0.000586282)
(-0.0170203 -0.0157001 0.00179916)
(-0.0166468 -0.0163953 0.00119163)
(-0.0154195 -0.0165574 0.00144233)
(-0.0165623 -0.0159404 0.00222374)
(-0.0198007 -0.0164747 0.00182719)
(-0.0195169 -0.0145585 0.000809347)
(-0.0196274 -0.0138062 0.00236603)
(-0.0209098 -0.0143416 0.00146139)
(-0.0198328 -0.0158541 0.00158134)
(-0.0175678 -0.0153693 0.00301212)
(-0.0181095 -0.0150503 0.00275731)
(-0.0173224 -0.0164663 0.00260892)
(-0.0204523 -0.0138474 0.00118893)
(-0.0209697 -0.0136489 -4.81117e-05)
(-0.0207195 -0.0146211 0.00194135)
(-0.0198566 -0.0152118 0.00258005)
(-0.0197933 -0.0115785 -0.00355162)
(-0.0201894 -0.0131438 -0.00054837)
(-0.0190464 -0.0108592 -0.00427921)
(-0.0198976 -0.0122969 -0.00249884)
(-0.0184255 -0.00965197 -0.00520388)
(-0.0170699 -0.00983124 -0.00617128)
(-0.0153001 -0.00880316 -0.00634116)
(-0.0147224 -0.00964118 -0.00723255)
(-0.0120195 -0.00892848 -0.00751959)
(-0.0173274 -0.0105065 -0.00654545)
(-0.00835653 -0.00914437 -0.00589523)
(-0.00986123 -0.00917855 -0.0073245)
(-0.00848056 -0.00734119 -0.00846687)
(-0.00730668 -0.00812694 -0.00717489)
(-0.0130297 -0.00858552 -0.00781414)
(-0.0152838 -0.00978539 -0.00798249)
(-0.0161087 -0.00934692 -0.00651645)
(-0.0148107 -0.008372 -0.00688827)
(-0.0143854 -0.00838138 -0.00737321)
(-0.011386 -0.0086537 -0.00772411)
(-0.012598 -0.00842449 -0.00768921)
(-0.0123769 -0.00853989 -0.00832941)
(-0.0102696 -0.00731724 -0.00752528)
(-0.0193559 -0.0113413 -0.00321031)
(-0.0178609 -0.00975267 -0.00483604)
(-0.0192351 -0.0124689 -0.00431432)
(-0.0193428 -0.011136 -0.00377505)
(-0.0185084 -0.0107267 -0.00484334)
(-0.0191123 -0.0114614 -0.00475656)
(-0.0187373 -0.0116365 -0.00406418)
(-0.0203476 -0.0119557 -0.00112983)
(-0.0199346 -0.0122833 -0.00234257)
(-0.0200366 -0.0122453 -0.000658651)
(-0.0208111 -0.0132786 -0.00310881)
(-0.0199434 -0.0132003 -0.00177174)
(-0.0114036 -0.00726199 -0.00842151)
(-0.0154144 -0.00923236 -0.00774234)
(-0.0194622 -0.0101201 -0.00502155)
(-0.0183998 -0.0105668 -0.00575339)
(-0.0161073 -0.00898291 -0.00659471)
(-0.0170887 -0.00953649 -0.00626302)
(-0.0170021 -0.00887597 -0.00716881)
(-0.017206 -0.00992676 -0.00669024)
(-0.0185325 -0.00976597 -0.00571558)
(-0.0180554 -0.0093284 -0.00700503)
(-0.0173034 -0.00991085 -0.00761613)
(-0.0180514 -0.012151 -0.00499857)
(-0.0174617 -0.00999765 -0.00611358)
(-0.0191845 -0.0116051 -0.00426935)
(-0.0180654 -0.0118322 -0.00421969)
(-0.0182412 -0.0109873 -0.00443331)
(-0.0180903 -0.0113606 -0.00490457)
(-0.0178518 -0.0103564 -0.00549927)
(-0.0179935 -0.0101766 -0.00652064)
(-0.019076 -0.0111828 -0.00618032)
(-0.0169511 -0.00981152 -0.00772576)
(-0.0166815 -0.00918813 -0.00749776)
(-0.0180123 -0.0103438 -0.00690966)
(-0.0146274 -0.00866809 -0.00926846)
(-0.0182033 -0.0106327 -0.00676136)
(-0.0187587 -0.0109916 -0.00652057)
(-0.0178408 -0.010713 -0.00582409)
(-0.0183658 -0.0115781 -0.0056343)
(-0.0189915 -0.0115173 -0.00516248)
(-0.019357 -0.0127165 -0.00540758)
(-0.0134972 -0.00784697 -0.00824032)
(-0.0147893 -0.00884495 -0.00821409)
(-0.0156062 -0.00866603 -0.00781083)
(-0.0129485 -0.00771725 -0.00840565)
(-0.0138405 -0.00793508 -0.00809751)
(-0.0152538 -0.00774041 -0.00748423)
(-0.0162568 -0.00810115 -0.00756412)
(-0.0126171 -0.0077245 -0.00843626)
(-0.0151345 -0.00818517 -0.0080082)
(-0.0138355 -0.0078706 -0.00832214)
(-0.0133152 -0.00835997 -0.010022)
(-0.0175366 -0.00978753 -0.0078619)
(-0.0159573 -0.00927951 -0.00342166)
(-0.015596 -0.0093513 -0.00461305)
(-0.013023 -0.01333 0.00302408)
(-0.0141367 -0.0146834 4.3219e-05)
(-0.0132222 -0.0148688 0.000847205)
(-0.0130661 -0.0146359 0.000900293)
(-0.0156321 -0.0138569 -0.000855678)
(-0.0164414 -0.00988426 -0.00532767)
(-0.0163923 -0.0104861 -0.00294944)
(-0.0150443 -0.0123105 0.00159238)
(-0.0160323 -0.0115646 0.000593013)
(-0.0153867 -0.0117053 0.000628922)
(-0.0167146 -0.0114982 -0.0022477)
(-0.0166853 -0.011276 -0.000862201)
(-0.0160914 -0.011711 -2.36412e-05)
(-0.0161709 -0.0122973 0.000285448)
(-0.0160691 -0.0136923 -0.00210672)
(-0.0158554 -0.0147125 -0.00233945)
(-0.0160736 -0.0138336 -0.00355236)
(-0.0152662 -0.0107738 -0.00669838)
(-0.015187 -0.0105161 -0.00701296)
(-0.0156844 -0.0119642 -0.00565876)
(-0.0154114 -0.0111143 -0.00629072)
(-0.00823147 -0.0156058 -0.000857573)
(-0.0119393 -0.0151048 -0.000106804)
(-0.015036 -0.0147579 -0.00200108)
(-0.0155028 -0.0140648 -0.00244045)
(-0.00564264 -0.0134191 -0.00115238)
(-0.00839022 -0.0144391 0.00215757)
(-0.009287 -0.0146277 0.00187887)
(-0.0123525 -0.0147458 0.00245339)
(-0.00469233 -0.0129968 -0.00182934)
(-0.00570567 -0.014013 -0.001765)
(-0.00457775 -0.0135114 -0.00235711)
(-0.00506643 -0.0139123 -0.00147603)
(-0.00578237 -0.0141067 -0.00114679)
(-0.00943569 -0.0160841 -0.000386224)
(-0.0074296 -0.0156689 -0.00138543)
(-0.0083858 -0.0163982 -0.00101813)
(-0.00763677 -0.0155122 -0.00102207)
(-0.00648527 -0.0148843 -0.00194054)
(-0.0100699 -0.0150534 0.00178742)
(-0.0111072 -0.014645 0.00199578)
(-0.0119405 -0.0151757 0.00155989)
(-0.0092557 -0.0151396 0.00148471)
(-0.00795815 -0.0150162 0.000818218)
(-0.00674415 -0.0150572 -0.000748458)
(-0.00652517 -0.0143193 -0.000802808)
(-0.00721787 -0.0146029 0.000479917)
(-0.00786397 -0.0145018 -4.27489e-05)
(-0.00721063 -0.0144657 -0.000402959)
(-0.00811484 -0.0151165 0.000655577)
(-0.00375213 -0.010041 -0.00357668)
(-0.00406188 -0.00881163 -0.00479322)
(-0.00536745 -0.0132663 -0.00147138)
(-0.00610015 -0.013209 0.000706978)
(-0.00423333 -0.0106646 -0.00238761)
(-0.00445628 -0.0112062 -0.0027)
(-0.00604542 -0.0132499 0.00127166)
(-0.00435899 -0.0113608 -0.000491031)
(-0.00514491 -0.0125463 -7.92861e-05)
(-0.00557342 -0.0121721 0.00108549)
(-0.00555596 -0.0134071 0.000178071)
(-0.00427715 -0.0105105 -0.00158672)
(-0.00478776 -0.0115191 -0.000821619)
(-0.00459654 -0.0115127 -0.00147229)
(-0.0048845 -0.0127912 -0.000540558)
(-0.00547358 -0.0124282 0.000157974)
(-0.0043319 -0.0121313 1.31504e-05)
(-0.00478658 -0.0119731 -0.00055073)
(-0.00502914 -0.0123091 0.000385463)
(-0.00566253 -0.0133402 0.00144865)
(-0.00435024 -0.00988104 -0.00249805)
(-0.00599538 -0.009566 -0.00460067)
(-0.00429846 -0.0109148 -0.00184971)
(-0.00414119 -0.0109131 -0.00149449)
(-0.0052061 -0.00934311 -0.00440976)
(-0.00440294 -0.0102828 -0.00344803)
(-0.00596827 -0.00853992 -0.00575455)
(-0.00727156 -0.00970971 -0.00671482)
(-0.00432998 -0.00933708 -0.00345662)
(-0.00462234 -0.00883558 -0.00476902)
(-0.0104091 -0.0121107 0.00610814)
(-0.00845837 -0.0131468 0.00607098)
(-0.00933655 -0.0130288 0.00635741)
(-0.0101274 -0.0134786 0.00592672)
(-0.00821456 -0.0139933 0.00565436)
(-0.0124003 -0.0122353 0.00566943)
(-0.0106868 -0.0131599 0.00544323)
(-0.0112725 -0.0132974 0.00556987)
(-0.0113084 -0.0125822 0.00562306)
(-0.0114824 -0.012078 0.00537013)
(-0.0138265 -0.0110515 0.0045883)
(-0.0131277 -0.0110498 0.00494185)
(-0.01313 -0.0127386 0.00533265)
(-0.0123538 -0.0140317 0.00369992)
(-0.00935274 -0.0139072 0.00329463)
(-0.00656223 -0.0131611 0.00214493)
(-0.00592554 -0.0128885 0.00259623)
(-0.0105466 -0.0130686 0.00486087)
(-0.0100893 -0.0128557 0.00549942)
(-0.0133073 -0.0130043 0.00399517)
(-0.014247 -0.0115079 0.00322593)
(-0.0123036 -0.012204 0.00492239)
(-0.013422 -0.0119331 0.00453928)
(-0.0147017 -0.0115663 0.0036117)
(-0.0118896 -0.0131126 0.0049191)
(-0.0125309 -0.0135425 0.00447571)
(-0.0132264 -0.0124457 0.00412533)
(-0.0151608 -0.0107404 0.00192715)
(-0.0151823 -0.0111401 0.00322356)
(-0.0149381 -0.0116085 0.00258762)
(-0.00589083 -0.0130633 0.00283323)
(-0.00537709 -0.0125478 0.00152018)
(-0.00504936 -0.012506 0.0030749)
(-0.00646027 -0.0142484 0.00435194)
(-0.00518205 -0.0131105 0.00157882)
(-0.00789382 -0.0132463 0.00411174)
(-0.00901253 -0.0137464 0.00523889)
(-0.00732704 -0.0141592 0.00331872)
(-0.00665013 -0.0136032 0.00383707)
(-0.00904696 -0.0132357 0.00556103)
(-0.00951944 -0.0134255 0.00564532)
(-0.00829362 -0.0142241 0.00533916)
(-0.00848042 -0.0133117 0.00542213)
(-0.00727882 -0.0133965 0.00497245)
(-0.00697432 -0.013364 0.00507479)
(-0.00844488 -0.0145551 0.0033902)
(-0.0100357 -0.0138513 0.00464745)
(-0.00878619 -0.0137419 0.00401982)
(-0.00766246 -0.013408 0.00317667)
(-0.00328448 -0.0115259 0.00113814)
(-0.00482878 -0.0108136 -0.00223513)
(-0.00451053 -0.010414 -0.00173824)
(-0.00523524 -0.0109316 -0.00235589)
(-0.00410851 -0.0121248 0.000310631)
(-0.00415038 -0.0114974 -0.000602454)
(-0.00453078 -0.0115738 -0.00149758)
(-0.00390403 -0.0113907 -0.000578673)
(-0.00470914 -0.0111901 -0.00158475)
(-0.00506406 -0.0128144 -0.00118602)
(-0.00501928 -0.0125312 -0.00118892)
(-0.00411593 -0.0128341 -0.000331726)
(-0.00395699 -0.0127164 0.00168241)
(-0.00400289 -0.0121148 -3.1968e-05)
(-0.00398042 -0.0118873 0.00044417)
(-0.00436338 -0.0122693 -0.000417544)
(-0.003557 -0.0134552 0.0010015)
(-0.0034592 -0.0133646 0.00115228)
(-0.0079363 -0.0126432 0.00650937)
(-0.008454 -0.0120821 0.00719816)
(-0.0093541 -0.0109453 0.0100666)
(-0.00414307 -0.0130088 0.00189047)
(-0.0037962 -0.0133363 0.00262578)
(-0.00414359 -0.0125688 0.00305813)
(-0.00708925 -0.0131548 0.00601071)
(-0.00664232 -0.0130319 0.00700626)
(-0.00498328 -0.0137726 0.00903499)
(-0.00596513 -0.0132631 0.00922619)
(-0.00440354 -0.0142509 0.00796048)
(-0.00498243 -0.0146793 0.00708091)
(-0.00376232 -0.0143052 0.00713029)
(-0.0038693 -0.0147547 0.00549076)
(-0.00293754 -0.0129131 0.00192939)
(-0.00368885 -0.0123061 0.00124861)
(-0.00350338 -0.0125678 0.00230191)
(-0.00359972 -0.0135178 0.00357325)
(-0.00373316 -0.0141574 0.00300423)
(-0.00320004 -0.0134031 0.00374833)
(-0.00425144 -0.0142649 0.00573356)
(-0.00382574 -0.0138972 0.00442282)
(-0.00428946 -0.0135473 0.00360382)
(-0.0046136 -0.0132237 0.00631206)
(-0.00828185 -0.00729896 -0.00900306)
(-0.0108515 -0.007501 -0.0101782)
(-0.00370407 -0.0095922 -0.00676423)
(-0.00498376 -0.00756672 -0.00833981)
(-0.00483895 -0.00823005 -0.00822994)
(-0.00436986 -0.00859403 -0.00787464)
(-0.00335482 -0.0126765 -0.00382936)
(-0.00297184 -0.0119881 -0.00464597)
(-0.00299107 -0.0102565 -0.00553744)
(-0.00317294 -0.01011 -0.00650231)
(-0.00291334 -0.00971856 -0.00554095)
(-0.0166617 -0.00983972 -0.00373449)
(-0.0163373 -0.00978882 -0.00427395)
(-0.0164926 -0.0106828 -0.00122464)
(-0.0164233 -0.00972435 -0.00178076)
(-0.0169049 -0.00978618 -0.00222333)
(-0.0161903 -0.0106848 2.09493e-06)
(-0.0168948 -0.0103814 -0.001603)
(-0.0171792 -0.010514 -0.00245417)
(-0.0167014 -0.00958936 -0.00286587)
(-0.0163091 -0.00918046 -0.00347296)
(-0.0167677 -0.00962386 -0.00334781)
(-0.0162552 -0.0107315 -0.0066704)
(-0.0148151 -0.0097161 -0.00771961)
(-0.0157445 -0.0110353 -0.00669731)
(-0.0153814 -0.0108391 -0.00772345)
(-0.0151872 -0.0103533 -0.00796813)
(-0.0159657 -0.0114702 -0.0060419)
(-0.0171658 -0.0114792 -0.00433295)
(-0.0166246 -0.0118628 -0.00375962)
(-0.00668182 -0.015321 -0.00441232)
(-0.00578345 -0.0159857 -0.00530072)
(-0.00719144 -0.0163445 -0.00532247)
(-0.00644436 -0.0162559 -0.00762192)
(-0.00689682 -0.0163621 -0.00577974)
(-0.00728215 -0.016499 -0.00538096)
(-0.00695206 -0.0163225 -0.00565424)
(-0.00669526 -0.0161419 -0.0068703)
(-0.00633897 -0.0156268 -0.00580903)
(-0.0111596 -0.0166396 -0.00254621)
(-0.00990948 -0.0166926 -0.00265936)
(-0.0127541 -0.0179381 -0.00214654)
(-0.0112973 -0.0185741 -0.00241734)
(-0.00974278 -0.0178517 -0.00347027)
(-0.00898157 -0.0176544 -0.0042651)
(-0.00793026 -0.0172327 -0.00456597)
(-0.0077852 -0.0170473 -0.00556922)
(-0.0078027 -0.0164351 -0.00486139)
(-0.00794995 -0.0167317 -0.00496858)
(-0.00869329 -0.0134547 -0.00452472)
(-0.0111767 -0.0187171 0.00379078)
(-0.0118688 -0.0186487 0.00477841)
(-0.0151544 -0.0165451 0.00419253)
(-0.0130067 -0.018705 0.00472579)
(-0.0127499 -0.0186798 0.00476111)
(-0.0160893 -0.0169291 0.00571439)
(-0.0152175 -0.0180457 0.00514851)
(-0.00969219 -0.0174065 0.000182669)
(-0.00969237 -0.0176276 -0.000359788)
(-0.0111528 -0.0183293 0.000598611)
(-0.00990765 -0.0177767 8.06852e-05)
(-0.0108818 -0.0185105 0.000893361)
(-0.0122315 -0.0175557 0.00238036)
(-0.0120058 -0.0181558 0.00309146)
(-0.013596 -0.0180516 0.00366089)
(-0.00935506 -0.0172084 -0.00160112)
(-0.00882478 -0.0166837 -0.000985519)
(-0.00932898 -0.0174761 -0.00133651)
(-0.00856283 -0.015594 -0.00240256)
(-0.00896986 -0.0153317 -0.00484631)
(-0.00845083 -0.0142387 -0.00409444)
(-0.00849489 -0.0139926 -0.00480538)
(-0.00925605 -0.0176138 0.000304147)
(-0.00937119 -0.0172136 -0.00171769)
(-0.00998719 -0.0177257 -0.000821694)
(-0.00780786 -0.0145891 -0.00207842)
(-0.00863495 -0.0159182 -0.00200921)
(-0.00816881 -0.0159002 -0.00116946)
(-0.00838122 -0.0166992 0.000302585)
(-0.00840458 -0.0160585 -0.000878728)
(-0.00780062 -0.015799 -0.000683556)
(-0.00877656 -0.0172955 0.000411878)
(-0.00901496 -0.017319 8.28468e-05)
(-0.00978514 -0.017936 0.00160527)
(-0.00835108 -0.0165604 0.000786817)
(-0.0100026 -0.0169348 -0.00146649)
(-0.00994546 -0.0177707 -0.00271189)
(-0.0105394 -0.0168153 -0.00188406)
(-0.0120341 -0.0185048 -0.00201732)
(-0.00992371 -0.0179076 -0.00376847)
(-0.0085599 -0.0178565 -0.00489093)
(-0.00850664 -0.0175598 -0.00396311)
(-0.00830481 -0.0166954 -0.00422952)
(-0.00986435 -0.0182822 -0.00418854)
(-0.00686601 -0.0133681 0.00768011)
(-0.00808507 -0.0127982 0.00983757)
(-0.00819712 -0.0120589 0.00873621)
(-0.00867153 -0.0145834 0.00108059)
(-0.00991221 -0.0157082 0.000855351)
(-0.0106854 -0.0147688 0.00138858)
(-0.00956412 -0.0156329 0.000294211)
(-0.0114849 -0.0160359 0.00113014)
(-0.00962661 -0.0147722 0.00124606)
(-0.0119044 -0.0150089 0.00105271)
(-0.0111897 -0.0154798 0.000216028)
(-0.010272 -0.01603 0.000513713)
(-0.00634055 -0.0157913 -0.00196733)
(-0.00376223 -0.0133514 -0.00357886)
(-0.00479149 -0.0148502 -0.00284754)
(-0.00578726 -0.0147114 -0.00253584)
(-0.0133557 -0.0100357 -0.00950152)
(-0.0132463 -0.0100477 -0.0100802)
(-0.0151812 -0.0106256 -0.00841906)
(-0.0149365 -0.00983706 -0.00723553)
(-0.0142707 -0.00969824 -0.00886141)
(-0.014354 -0.0102574 -0.00854261)
(-0.0142891 -0.0103052 -0.00960801)
(-0.0166244 -0.0113545 -0.00144154)
(-0.0166048 -0.0109816 -0.00210626)
(-0.0171741 -0.0128624 -0.000995235)
(-0.0168547 -0.0137417 -0.00143119)
(-0.0166521 -0.01267 -0.00354351)
(-0.0166832 -0.0137436 -0.00279291)
(-0.0162838 -0.0119768 -0.00391958)
(-0.0164778 -0.0116047 -0.00296198)
(-0.0164263 -0.0118019 -0.00231863)
(-0.0165669 -0.0129309 -0.00153222)
(-0.0158404 -0.0121129 -0.00109346)
(-0.0160795 -0.0094771 -0.00438112)
(-0.015627 -0.00948236 -0.00494402)
(-0.0148163 -0.00952412 -0.0056271)
(-0.0122997 -0.0104895 -0.00697561)
(-0.0126841 -0.00952476 -0.00603258)
(-0.0133934 -0.0103709 -0.00701239)
(-0.0161867 -0.00963273 -0.00330707)
(-0.0147678 -0.00867596 -0.00395052)
(-0.0130828 -0.00897984 -0.00554628)
(-0.014406 -0.00849072 -0.00397839)
(-0.0178316 -0.0136853 -0.00214519)
(-0.0174462 -0.0140475 -0.0013544)
(-0.015935 -0.0156951 -0.00205303)
(-0.0164909 -0.0162163 -0.00158553)
(-0.0172609 -0.0151217 -0.00106294)
(-0.018578 -0.0140962 -0.00125733)
(-0.0181199 -0.012753 -0.00127274)
(-0.017752 -0.0139108 -0.00141802)
(-0.0148172 -0.0165131 0.000369704)
(-0.0153977 -0.0167388 -0.000840642)
(-0.0179013 -0.0153722 -0.00063385)
(-0.0162739 -0.0158297 0.000599083)
(-0.0175442 -0.0138298 -0.000353001)
(-0.0108158 -0.0179315 -0.000224085)
(-0.0121436 -0.0172284 -8.71014e-05)
(-0.0121227 -0.0180945 -6.11928e-05)
(-0.0121214 -0.0173037 -0.000304097)
(-0.0118038 -0.017667 -0.000872295)
(-0.0117661 -0.0175021 -0.000572337)
(-0.00948347 -0.0174793 -0.00283347)
(-0.0096864 -0.0175275 -0.00187968)
(-0.0107748 -0.0180735 -0.00118495)
(-0.0108259 -0.0174555 -0.000850541)
(-0.010618 -0.01769 -0.00175631)
(-0.00969491 -0.0174901 -0.00228698)
(-0.00944938 -0.0174234 -0.00297443)
(-0.00942703 -0.0170778 -0.0024115)
(-0.0102786 -0.0172363 -0.00192181)
(-0.0106459 -0.0171458 -0.00142782)
(-0.00954877 -0.0171715 -0.00244485)
(-0.0101253 -0.017808 -0.000661702)
(-0.00937665 -0.0171662 -0.00173881)
(-0.0105432 -0.017989 -0.00110226)
(-0.0103956 -0.017885 -0.000106472)
(-0.0139232 -0.00982024 -0.00798983)
(-0.0158931 -0.0101797 -0.0065792)
(-0.0154987 -0.00946408 -0.0058732)
(-0.0156934 -0.00942236 -0.00549773)
(-0.0150015 -0.00959112 -0.00667624)
(-0.0125347 -0.00982901 -0.00859236)
(-0.0138908 -0.00970276 -0.0081866)
(-0.0142547 -0.00930779 -0.00720567)
(-0.0134851 -0.00975468 -0.00873029)
(-0.0140541 -0.00967916 -0.00698496)
(-0.0146481 -0.00973679 -0.0068176)
(-0.0130951 -0.00904053 -0.00709571)
(-0.0126659 -0.00991263 -0.00819039)
(-0.0130884 -0.0100537 -0.00806314)
(-0.0137656 -0.00929714 -0.00719188)
(-0.0124654 -0.0104866 -0.0098926)
(-0.0129988 -0.00933294 -0.00920519)
(-0.0114255 -0.010197 -0.0100914)
(-0.0126533 -0.00915748 -0.0088695)
(-0.0111992 -0.0103242 -0.0108305)
(-0.0112803 -0.00970968 -0.0101764)
(-0.0121265 -0.00978406 -0.0105054)
(-0.0124316 -0.0105014 -0.0101081)
(-0.0123985 -0.0102299 -0.0103008)
(-0.0107552 -0.0101991 -0.0106084)
(-0.00811774 -0.00984418 -0.0113521)
(-0.00956036 -0.0097164 -0.0115102)
(-0.00786177 -0.0111787 -0.0115317)
(-0.00978906 -0.00989469 -0.0114374)
(-0.00861796 -0.0102384 -0.0116182)
(-0.00962914 -0.0099682 -0.011223)
(-0.0124515 -0.00740059 -0.000675554)
(-0.0119175 -0.00833297 -0.00139984)
(-0.0124155 -0.00723917 -0.000643345)
(-0.0140093 -0.00724931 0.00107278)
(-0.013251 -0.00742945 0.000231894)
(-0.013907 -0.00767767 0.00257447)
(-0.0109261 -0.01364 -0.00409086)
(-0.0113229 -0.0100204 0.0093886)
(-0.0117114 -0.00956573 0.00823843)
(-0.0142638 -0.007874 0.00496906)
(-0.0136168 -0.00765729 0.00568259)
(-0.0132723 -0.00868005 0.00654572)
(-0.0136977 -0.00770092 0.00472408)
(-0.0133456 -0.00823504 -0.00269676)
(-0.0142248 -0.00793372 -0.00221233)
(-0.0128227 -0.00882768 -0.00384836)
(-0.0115428 -0.00880309 -0.00461541)
(-0.0131781 -0.00941146 -0.00511768)
(-0.0130365 -0.00904431 -0.0040676)
(-0.0144183 -0.00797509 -0.00200161)
(-0.0142954 -0.0086412 -0.00276979)
(-0.0133945 -0.00811487 -0.00339951)
(-0.0138037 -0.00864444 -0.00378219)
(-0.0134511 -0.00879623 -0.00407513)
(-0.0144684 -0.00825303 -0.00271476)
(-0.0113264 -0.0119138 0.00662188)
(-0.0122543 -0.0111361 0.00617782)
(-0.0131189 -0.0110906 0.00592444)
(-0.00949899 -0.0120916 0.00718531)
(-0.0109386 -0.0118997 0.00710442)
(-0.00996367 -0.0123569 0.00735267)
(-0.0115763 -0.0115046 0.008304)
(-0.0105578 -0.012167 0.00834643)
(-0.0131989 -0.00901492 0.00572619)
(-0.0142443 -0.01048 0.00533465)
(-0.0126401 -0.00984742 0.00697958)
(-0.014563 -0.0101705 0.00415739)
(-0.0149093 -0.0102119 0.00348381)
(-0.0157905 -0.0100194 0.0027092)
(-0.0164274 -0.0097023 0.000184032)
(-0.0157054 -0.00907636 -0.00108494)
(-0.016315 -0.00940964 0.00073625)
(-0.0160699 -0.00968544 0.00197752)
(-0.0160435 -0.00909218 0.000198765)
(-0.0151482 -0.00839828 8.05552e-05)
(-0.0156502 -0.00907678 0.00218671)
(-0.0155019 -0.0105059 0.00345833)
(-0.0154098 -0.00912378 0.002598)
(-0.0157736 -0.00893795 0.000487083)
(-0.0158721 -0.00972844 0.00146211)
(-0.0112205 -0.00849526 -0.00319802)
(-0.011261 -0.00855984 -0.00371596)
(-0.00952133 -0.00979238 -0.00432149)
(-0.0104062 -0.00981049 -0.00405544)
(-0.0094552 -0.0116287 -0.00457028)
(-0.00840847 -0.0121536 -0.00381985)
(-0.00962745 -0.0116463 -0.00487387)
(-0.00945033 -0.0101717 -0.00425167)
(-0.00867697 -0.0123891 -0.0036804)
(-0.0083705 -0.0110948 -0.00328505)
(-0.00901039 -0.011745 -0.00385045)
(-0.00889377 -0.0101205 -0.00385279)
(-0.0087565 -0.0106136 -0.00334703)
(-0.0107235 -0.00836725 -0.00305404)
(-0.0106792 -0.00940663 -0.00356946)
(-0.0100206 -0.00930236 -0.00384304)
(-0.0096977 -0.00948287 -0.00372425)
(-0.00799623 -0.0123641 -0.00897244)
(-0.00913338 -0.0133629 -0.0101381)
(-0.00931427 -0.012638 -0.0103261)
(-0.0070857 -0.0125709 -0.00889754)
(-0.00872367 -0.0123547 -0.00991803)
(-0.00846052 -0.0133506 -0.010518)
(-0.0167115 -0.00924832 -0.00133879)
(-0.0172183 -0.00975212 -0.000786544)
(-0.0170467 -0.0101684 0.000333598)
(-0.0168527 -0.00952277 -0.000849211)
(-0.00441757 -0.00900549 -0.00735069)
(-0.00455311 -0.00891325 -0.00665772)
(-0.00367148 -0.00831747 -0.00596602)
(-0.00367718 -0.00944138 -0.00543338)
(-0.00611048 -0.0135228 0.00432974)
(-0.00639478 -0.0130138 0.0053776)
(-0.00586806 -0.0139148 0.00482996)
(-0.00684884 -0.0136344 0.00541466)
)
;
    }
    INLET
    {
        type            calculated;
        value           nonuniform 0();
    }
    OUTLET
    {
        type            calculated;
        value           nonuniform 0();
    }
    procBoundary26to24
    {
        type            processor;
        value           uniform (0 0 0);
    }
    procBoundary26to25
    {
        type            processor;
        value           uniform (0 0 0);
    }
}


// ************************************************************************* //
