/*--------------------------------*- C++ -*----------------------------------*\
| =========                 |                                                 |
| \\      /  F ield         | OpenFOAM: The Open Source CFD Toolbox           |
|  \\    /   O peration     | Version:  v1612+                                |
|   \\  /    A nd           | Web:      www.OpenFOAM.com                      |
|    \\/     M anipulation  |                                                 |
\*---------------------------------------------------------------------------*/
FoamFile
{
    version     2.0;
    format      ascii;
    class       volVectorField;
    location    "150";
    object      wallShearStress;
}
// * * * * * * * * * * * * * * * * * * * * * * * * * * * * * * * * * * * * * //

dimensions      [0 2 -2 0 0 0 0];

internalField   uniform (0 0 0);

boundaryField
{
    WALL
    {
        type            calculated;
        value           nonuniform List<vector> 
1515
(
(-0.00608183 -0.0156616 -0.00110074)
(-0.00536922 -0.0148658 -0.000821964)
(-0.00542266 -0.0150523 -0.00102092)
(-0.00590978 -0.0158289 -0.00134023)
(-0.00585096 -0.0166243 -0.00156764)
(-0.009013 -0.0205642 -0.00123232)
(-0.00850387 -0.0196114 -0.00167452)
(-0.00468409 -0.0175456 -0.0022275)
(-0.0044946 -0.0162436 -0.00221612)
(-0.00519827 -0.0154288 -0.00207151)
(-0.00495934 -0.0154608 -0.00222664)
(-0.0045564 -0.0100752 -0.000683328)
(-0.00440694 -0.0101207 -0.000446516)
(-0.00505659 -0.0135065 -0.00043549)
(-0.00538605 -0.0147491 -0.000586925)
(-0.00483942 -0.0136972 -0.000435519)
(-0.00480479 -0.0126188 -0.000113182)
(-0.00481039 -0.00992374 9.75132e-05)
(-0.00486729 -0.00960577 -4.23583e-06)
(-0.00543387 -0.0104758 -0.00110251)
(-0.0053633 -0.0105549 -0.0010613)
(-0.00501858 -0.011209 -0.00100301)
(-0.00439942 -0.0100296 -0.000683452)
(-0.00450378 -0.00972491 -0.000548295)
(-0.00403179 -0.00930119 -0.000197532)
(-0.00536752 -0.0181228 -0.00144916)
(-0.00547697 -0.0174386 -0.00159757)
(-0.00507546 -0.017235 -0.00143873)
(-0.00535553 -0.0181821 -0.00125607)
(-0.0053359 -0.01729 -0.00138322)
(-0.00555178 -0.0178211 -0.00113525)
(-0.00408913 -0.00911294 -0.000188902)
(-0.00430095 -0.00940185 -0.000189655)
(-0.0040567 -0.00930201 -0.000106198)
(-0.0039945 -0.00918974 -0.000225334)
(-0.00410449 -0.00913954 -0.000233487)
(-0.00461394 -0.0132169 -0.000544482)
(-0.00494764 -0.013183 -0.00029418)
(-0.00498099 -0.0137732 -0.000645899)
(-0.00485383 -0.0134014 -0.000260385)
(-0.00534089 -0.014866 -0.000560873)
(-0.00542086 -0.0146136 -0.000717086)
(-0.0078734 -0.0185415 -0.00197527)
(-0.00826999 -0.0205786 -0.00177942)
(-0.00888744 -0.0204628 -0.00225954)
(-0.00812517 -0.0193908 -0.0019704)
(-0.00814449 -0.0196135 -0.0019694)
(-0.00924941 -0.0217671 -0.00230412)
(-0.00500663 -0.0149453 -0.00225164)
(-0.00532424 -0.0144822 -0.0024204)
(-0.00500767 -0.0141951 -0.00224227)
(-0.00464662 -0.0147998 -0.00244563)
(-0.00518373 -0.0147303 -0.00230721)
(-0.00473384 -0.0144016 -0.00247303)
(-0.0039375 -0.017613 -0.00226211)
(-0.00405317 -0.0167704 -0.00251267)
(-0.00446087 -0.0177291 -0.00240488)
(-0.00419893 -0.0173208 -0.0021765)
(-0.00418941 -0.0162895 -0.0024556)
(-0.00427739 -0.0165199 -0.00262122)
(-0.00770185 -0.0239486 0.00147804)
(-0.00655645 -0.0230551 0.00202479)
(-0.00643697 -0.0231696 0.0017998)
(-0.00808778 -0.0232185 0.00148388)
(-0.00603527 -0.0233646 0.0018927)
(-0.00783176 -0.0245556 0.00169978)
(-0.00802578 -0.0206487 0.000468194)
(-0.00798228 -0.0196339 -0.000130328)
(-0.00824702 -0.0208673 0.000197016)
(-0.00788179 -0.0204643 0.000413664)
(-0.00845879 -0.0206975 0.000290957)
(-0.00867737 -0.0217234 -4.47141e-05)
(-0.00492998 -0.00985292 -0.000637195)
(-0.00529562 -0.010417 -0.00115408)
(-0.00499569 -0.0101897 -0.000594061)
(-0.00510891 -0.00993829 -0.000794341)
(-0.00537468 -0.0102791 -0.00101856)
(-0.00513227 -0.0102431 -0.000924151)
(-0.0047522 -0.011516 -0.00147174)
(-0.00526782 -0.0124081 -0.00168218)
(-0.00484943 -0.0117079 -0.00125972)
(-0.00471095 -0.0110898 -0.00127421)
(-0.0046951 -0.0117147 -0.00127086)
(-0.00533064 -0.0115183 -0.00185661)
(-0.00528927 -0.011666 -0.0019167)
(-0.00529106 -0.0107729 -0.00143229)
(-0.00517527 -0.0109985 -0.00146846)
(-0.00534137 -0.0115226 -0.00166912)
(-0.00584799 -0.0119026 -0.00169057)
(-0.00851107 -0.0196901 -0.00105202)
(-0.00836052 -0.0186297 -0.000776491)
(-0.00795293 -0.0181818 -0.000812336)
(-0.00849809 -0.0194069 -0.0011514)
(-0.00830824 -0.0189167 -0.00131863)
(-0.0075975 -0.0176201 -0.000546736)
(-0.00566596 -0.0152878 -0.00107071)
(-0.00572172 -0.0154367 -0.00153285)
(-0.0056464 -0.0157016 -0.00149175)
(-0.00628339 -0.0165177 -0.00104045)
(-0.00617435 -0.0165067 -0.00136759)
(-0.00621868 -0.0160911 -0.00124869)
(-0.00548591 -0.0157124 -0.00154225)
(-0.00578371 -0.016808 -0.00177183)
(-0.00530755 -0.0165028 -0.00155053)
(-0.00557844 -0.0159565 -0.00194914)
(-0.0049536 -0.0151033 -0.00194029)
(-0.00530409 -0.0158417 -0.00155311)
(-0.00503363 -0.0149873 -0.00178105)
(-0.00498885 -0.0142714 -0.00181187)
(-0.00503975 -0.0136175 -0.00175178)
(-0.00532478 -0.0153817 -0.00205149)
(-0.00519714 -0.0143336 -0.0019117)
(-0.00524677 -0.013882 -0.00174366)
(-0.00656962 -0.0165619 -0.000941685)
(-0.00639282 -0.0160825 -0.00122423)
(-0.00626445 -0.0163533 -0.00177939)
(-0.00606006 -0.0154731 -0.00112443)
(-0.00669893 -0.0160653 -0.00084468)
(-0.0070265 -0.0174356 -0.00149108)
(-0.00646933 -0.0193369 0.000181409)
(-0.00670186 -0.0191289 -1.05909e-05)
(-0.00595255 -0.0160394 -0.000934542)
(-0.00820525 -0.0205436 0.000201024)
(-0.00782086 -0.0198837 0.000250088)
(-0.00826016 -0.019349 -5.76096e-05)
(-0.00815032 -0.0210273 0.000234679)
(-0.00849842 -0.0206276 -0.000127216)
(-0.0080806 -0.0198969 -8.16573e-06)
(-0.0073925 -0.0178279 -6.09611e-05)
(-0.00746104 -0.0177749 -8.90492e-05)
(-0.00710973 -0.0171198 -5.17247e-05)
(-0.00772918 -0.018036 -0.000131261)
(-0.00771904 -0.0183676 -0.000107648)
(-0.00745631 -0.0175702 -9.92109e-06)
(-0.00724734 -0.0205562 8.39384e-05)
(-0.00728977 -0.0199862 0.000151959)
(-0.00793945 -0.0206681 0.000240044)
(-0.00714423 -0.0170035 -0.00102942)
(-0.00734958 -0.017378 -0.00127573)
(-0.00715083 -0.0168251 -0.00127123)
(-0.00763077 -0.0180012 -0.00121821)
(-0.00743605 -0.0180225 -0.00125786)
(-0.00745267 -0.0174592 -0.00131312)
(-0.0079713 -0.0195167 -6.03113e-05)
(-0.00869431 -0.0200209 -0.000328993)
(-0.00797779 -0.0188825 -0.000288919)
(-0.00832114 -0.0190476 -0.000571445)
(-0.00853442 -0.0197615 -0.00022322)
(-0.00790192 -0.0188692 8.72133e-05)
(-0.00608343 -0.0127336 -0.00295348)
(-0.00616255 -0.0118171 -0.00260376)
(-0.0055417 -0.0113989 -0.00261669)
(-0.00609691 -0.0122819 -0.00247996)
(-0.00589236 -0.0123094 -0.00280809)
(-0.00601419 -0.0117246 -0.00251934)
(-0.00513077 -0.0138819 -0.00207823)
(-0.00501742 -0.0150412 -0.00221695)
(-0.00503135 -0.0139863 -0.00207793)
(-0.00515049 -0.0148674 -0.00214234)
(-0.00506024 -0.0149338 -0.00224411)
(-0.00446855 -0.013448 -0.00230596)
(-0.00586023 -0.0128213 -0.00232526)
(-0.00530391 -0.0126495 -0.00223638)
(-0.00550606 -0.0124512 -0.00231213)
(-0.00528666 -0.0116069 -0.00214813)
(-0.0055385 -0.0126091 -0.00235643)
(-0.00532439 -0.0123579 -0.00170726)
(-0.00529134 -0.0119909 -0.00132196)
(-0.00533343 -0.0117502 -0.00151903)
(-0.00541808 -0.0126647 -0.0012667)
(-0.00497739 -0.0115308 -0.00153915)
(-0.00527477 -0.0116345 -0.00133376)
(-0.00472181 -0.0126578 -0.00176647)
(-0.00520963 -0.013942 -0.00203195)
(-0.00486369 -0.0134177 -0.00186922)
(-0.00516917 -0.0130026 -0.00163986)
(-0.00543718 -0.013258 -0.00153797)
(-0.00492001 -0.0127321 -0.00173263)
(-0.00486626 -0.0108316 -0.000811378)
(-0.00484923 -0.0110022 -0.00106077)
(-0.00512242 -0.0109501 -0.00116554)
(-0.00513618 -0.0114271 -0.00127197)
(-0.00514993 -0.0113185 -0.00118022)
(-0.00484428 -0.0107533 -0.000873201)
(-0.00493508 -0.0105488 -0.000837243)
(-0.00462116 -0.0100539 -0.000615136)
(-0.00500308 -0.0103236 -0.00082496)
(-0.00513231 -0.0107028 -0.000917641)
(-0.0047745 -0.010197 -0.000695924)
(-0.00504726 -0.010451 -0.00097853)
(-0.00456343 -0.00951478 -0.000523097)
(-0.0048438 -0.00980502 -0.000687146)
(-0.00475894 -0.0100882 -0.000443604)
(-0.00477673 -0.00967761 -0.000503652)
(-0.00482722 -0.00968901 -0.00058114)
(-0.00442298 -0.00955634 -0.00038692)
(-0.004425 -0.00975729 -0.000621258)
(-0.00437399 -0.00991375 -0.000405725)
(-0.00488033 -0.0103358 -0.000631889)
(-0.00449891 -0.00964086 -0.000513887)
(-0.00459577 -0.0103504 -0.000725091)
(-0.00479428 -0.0109375 -0.000863434)
(-0.00495969 -0.0109879 -0.000936624)
(-0.00505056 -0.0114648 -0.000986164)
(-0.00503942 -0.0111292 -0.000867969)
(-0.00491486 -0.0111709 -0.00111233)
(-0.00495516 -0.0107814 -0.000894915)
(-0.00514597 -0.0107802 -0.000941024)
(-0.00558205 -0.0111667 -0.00165841)
(-0.00503409 -0.0102109 -0.000957478)
(-0.0056622 -0.0111971 -0.00161553)
(-0.00513032 -0.0109503 -0.00120662)
(-0.00518388 -0.0104378 -0.00118845)
(-0.00514921 -0.00980689 -0.000814407)
(-0.00538926 -0.00973962 -0.000793245)
(-0.00562475 -0.0101083 -0.000902858)
(-0.00530779 -0.00993095 -0.000648422)
(-0.00527807 -0.0100123 -0.000887098)
(-0.00515202 -0.0101436 -0.000863364)
(-0.00509857 -0.00964751 -0.000598282)
(-0.00519752 -0.00961584 -0.000382624)
(-0.0051306 -0.00995071 -0.000529931)
(-0.0050811 -0.00965182 -0.000333173)
(-0.00514211 -0.00967831 -0.000471386)
(-0.00507115 -0.0094463 -0.000494518)
(-0.00589843 -0.0223192 0.000185234)
(-0.00590622 -0.0220474 0.000400968)
(-0.00665696 -0.0220434 0.000690971)
(-0.00531769 -0.0206754 0.000572075)
(-0.00678686 -0.0229119 0.000444551)
(-0.00656993 -0.0214301 0.000751084)
(-0.00511053 -0.0205054 -0.000822603)
(-0.00518462 -0.0220883 -0.000541891)
(-0.0049948 -0.0217536 -0.000247919)
(-0.00495285 -0.0214368 -0.000692285)
(-0.00470367 -0.0213039 -0.00125507)
(-0.00420641 -0.0204487 -0.000781744)
(-0.00555553 -0.0192252 -0.000343676)
(-0.00534518 -0.0198838 -0.000725228)
(-0.00643705 -0.0210885 -0.000258516)
(-0.00649746 -0.0209266 7.33538e-05)
(-0.00581625 -0.020328 -0.000368773)
(-0.00584455 -0.0190117 -0.000364476)
(-0.00565918 -0.0217989 -0.0011636)
(-0.0046035 -0.0194293 -0.0014828)
(-0.00436249 -0.0202569 -0.00104794)
(-0.00468837 -0.0203965 -0.00109868)
(-0.00437694 -0.019039 -0.0015556)
(-0.0074784 -0.0240362 0.000528984)
(-0.00655233 -0.0237503 0.000912871)
(-0.00711872 -0.0233133 0.00102846)
(-0.00545784 -0.0219955 0.000781179)
(-0.00718687 -0.0219492 0.000724856)
(-0.0102351 -0.0240569 -0.000901721)
(-0.0101461 -0.0232256 -0.000985967)
(-0.0102813 -0.0237762 -0.000640077)
(-0.0098541 -0.0229099 -0.000603009)
(-0.00947976 -0.0216403 -0.00119625)
(-0.00935461 -0.0218043 -0.000289279)
(-0.00964739 -0.0220225 -0.000286056)
(-0.0101747 -0.0233171 -0.000902357)
(-0.0101279 -0.0237826 -0.000574208)
(-0.00981969 -0.0238781 3.90392e-05)
(-0.00983848 -0.0222845 -0.000518739)
(-0.00769455 -0.0232453 0.00106061)
(-0.00918586 -0.0244915 0.000464934)
(-0.00882141 -0.0233691 0.000584051)
(-0.00784433 -0.0227866 0.00106399)
(-0.0082169 -0.0229204 0.00118971)
(-0.00872304 -0.0225478 0.000309347)
(-0.00496924 -0.0223604 0.000625543)
(-0.0042098 -0.0208525 0.000596846)
(-0.00387865 -0.0211304 0.000877093)
(-0.00377405 -0.0210894 -7.04995e-05)
(-0.00423022 -0.0207082 7.63617e-05)
(-0.0088098 -0.023328 0.00131918)
(-0.00881811 -0.0238932 0.00104235)
(-0.00924812 -0.0242437 0.00110693)
(-0.00511497 -0.0219319 0.00150356)
(-0.00505482 -0.022479 0.00134211)
(-0.00433494 -0.021616 0.000627411)
(-0.00441052 -0.0212933 0.00078465)
(-0.0050472 -0.022436 0.00112571)
(-0.00454747 -0.0213186 0.000988051)
(-0.00526969 -0.0230779 -0.000847894)
(-0.00490792 -0.0219747 -0.000313358)
(-0.00517745 -0.0222972 -0.000127133)
(-0.00430477 -0.0217469 -0.000570168)
(-0.00383019 -0.0217038 -0.000227703)
(-0.00430448 -0.0214061 2.93289e-05)
(-0.00466564 -0.0229321 0.00035927)
(-0.00566891 -0.0217694 0.000590256)
(-0.00449641 -0.0229762 4.97307e-05)
(-0.00392401 -0.0174026 -0.00235581)
(-0.00424386 -0.0171941 -0.0023883)
(-0.00358824 -0.018268 -0.00205652)
(-0.00388249 -0.0180709 -0.00207422)
(-0.00399095 -0.0166684 -0.0021329)
(-0.00384172 -0.0178794 -0.00227272)
(-0.00374134 -0.0193788 -0.00162524)
(-0.00328022 -0.019409 -0.0012624)
(-0.00388148 -0.0209907 -0.00115701)
(-0.00357457 -0.020194 -0.000701877)
(-0.00381666 -0.0201627 -0.000943128)
(-0.00357544 -0.0190639 -0.0013546)
(-0.00405003 -0.0215107 -0.000171203)
(-0.00366359 -0.020131 -1.96444e-06)
(-0.00302373 -0.0194168 -0.000865474)
(-0.0037326 -0.0208709 -0.00091214)
(-0.00420756 -0.0212605 -0.000518596)
(-0.00502844 -0.0161863 -0.00245839)
(-0.00458539 -0.0161173 -0.00225429)
(-0.00447159 -0.0151158 -0.0025665)
(-0.00475858 -0.0158649 -0.00229331)
(-0.004835 -0.0151264 -0.00248295)
(-0.00480855 -0.0151834 -0.00254979)
(-0.00471485 -0.0184533 -0.00231734)
(-0.00441047 -0.0190696 -0.00192504)
(-0.00429663 -0.0181795 -0.00212278)
(-0.00435534 -0.0195279 -0.00180221)
(-0.00473568 -0.0197479 -0.00184917)
(-0.00457291 -0.0182362 -0.00193888)
(-0.0081276 -0.0211822 0.000411894)
(-0.00982183 -0.0232084 -0.000600374)
(-0.00852463 -0.021886 0.000690821)
(-0.00953443 -0.0218536 -0.000761701)
(-0.0092992 -0.023026 0.000163356)
(-0.00900632 -0.0224494 0.000413821)
(-0.00551637 -0.0141243 -0.00249129)
(-0.00494928 -0.013721 -0.00250661)
(-0.00506579 -0.0138675 -0.00247655)
(-0.00520047 -0.0136317 -0.00240399)
(-0.00525621 -0.0132786 -0.00261818)
(-0.00502779 -0.0127056 -0.0023116)
(-0.00546118 -0.00942614 -0.000869945)
(-0.00527193 -0.00923743 -0.000666423)
(-0.00543992 -0.00965705 -0.00078359)
(-0.00535145 -0.00917565 -0.000720526)
(-0.00525573 -0.00922009 -0.000547875)
(-0.0054854 -0.00920782 -0.000617497)
(-0.00530972 -0.00904382 -0.000729924)
(-0.00530404 -0.00902125 -0.000457)
(-0.0052978 -0.00917296 -0.000525448)
(-0.00538786 -0.0091851 -0.000770536)
(-0.00538196 -0.0103116 -0.001405)
(-0.00543338 -0.0099896 -0.00110107)
(-0.00575099 -0.0104922 -0.00152428)
(-0.00535161 -0.00968001 -0.00108533)
(-0.00574862 -0.0105745 -0.00164308)
(-0.00537956 -0.0100518 -0.00114328)
(-0.00558696 -0.0134092 -0.00301162)
(-0.00555558 -0.0139676 -0.00295961)
(-0.00534835 -0.0137506 -0.0031395)
(-0.00561779 -0.0131113 -0.0028987)
(-0.0058581 -0.0134657 -0.00298564)
(-0.00532275 -0.0130036 -0.00305914)
(-0.00473513 -0.015025 -0.00331514)
(-0.00497528 -0.0143873 -0.00290605)
(-0.00505559 -0.0094591 -0.000210427)
(-0.00498907 -0.00902173 -0.000242289)
(-0.00516733 -0.00896187 -0.000443771)
(-0.00515443 -0.00926877 -0.000446075)
(-0.00522351 -0.00949015 -0.000239625)
(-0.00507506 -0.00916693 -0.000333358)
(-0.00506844 -0.0114707 0.000195645)
(-0.00492671 -0.0105871 0.000249081)
(-0.00486083 -0.010471 0.000188102)
(-0.00496993 -0.0106034 0.00026077)
(-0.00512497 -0.0111969 0.000262312)
(-0.00516239 -0.0108711 0.000352112)
(-0.00981467 -0.0221965 -0.00145104)
(-0.00945854 -0.0216312 -0.00177072)
(-0.00979575 -0.0229663 -0.00102014)
(-0.00935171 -0.0213473 -0.00184216)
(-0.00962262 -0.0221516 -0.00195896)
(-0.0092771 -0.0211919 -0.00119547)
(-0.00904126 -0.0207935 -0.00173147)
(-0.00872071 -0.0203038 -0.00165102)
(-0.00825462 -0.0191278 -0.00200285)
(-0.00807931 -0.0190798 -0.00170603)
(-0.00852805 -0.0201718 -0.00126148)
(-0.00874305 -0.0199512 -0.00151536)
(-0.00774638 -0.0187797 -0.00145269)
(-0.00695358 -0.0173004 -0.00152477)
(-0.00764715 -0.0180794 -0.00162643)
(-0.00710019 -0.0174629 -0.00181688)
(-0.00728932 -0.0175025 -0.00196891)
(-0.00695815 -0.017319 -0.0016202)
(-0.00617892 -0.0163905 -0.00183952)
(-0.00632478 -0.0164453 -0.00165335)
(-0.00691926 -0.0171687 -0.00182372)
(-0.00667917 -0.0168641 -0.00193464)
(-0.00695722 -0.0180964 -0.00163497)
(-0.00417321 -0.0101523 3.74825e-05)
(-0.00430492 -0.00940816 -1.38102e-05)
(-0.00451949 -0.0098948 3.27579e-05)
(-0.00409418 -0.00961696 1.15985e-05)
(-0.00419712 -0.00938223 -6.57294e-05)
(-0.00412636 -0.00926299 -0.000110029)
(-0.0050375 -0.0145364 -0.000658273)
(-0.00532558 -0.0142936 -0.000408961)
(-0.00555366 -0.0150125 -0.00068923)
(-0.00512341 -0.0140129 -0.000488727)
(-0.00492985 -0.0138979 -0.000615728)
(-0.00507024 -0.0141611 -0.000638965)
(-0.00579906 -0.0150843 -0.000508237)
(-0.00551612 -0.0154961 -0.000866641)
(-0.00472334 -0.0127864 -0.000235959)
(-0.00470891 -0.0129505 -0.000349378)
(-0.00485723 -0.0137149 -0.000438373)
(-0.0046022 -0.0125027 -0.000231876)
(-0.00462197 -0.0124379 -0.000219727)
(-0.00475839 -0.0134462 -0.000581224)
(-0.00449597 -0.0108203 0.00011662)
(-0.00433334 -0.0112861 4.31051e-06)
(-0.00461159 -0.0111964 0.000257729)
(-0.00458113 -0.0116486 -3.33937e-05)
(-0.0045482 -0.0116077 -2.92003e-05)
(-0.00434099 -0.0108552 0.000103179)
(-0.00615183 -0.0162024 -0.00105512)
(-0.00573075 -0.0154401 -0.000925847)
(-0.00504549 -0.0148762 -0.00112802)
(-0.00538745 -0.0155008 -0.000877559)
(-0.00554103 -0.0150047 -0.000686592)
(-0.0060515 -0.0167672 -0.00094304)
(-0.0057981 -0.0153429 -0.00100657)
(-0.00518307 -0.014569 -0.000787655)
(-0.0051834 -0.0143561 -0.000677754)
(-0.00584635 -0.0161372 -0.00129408)
(-0.00549775 -0.0148094 -0.000802762)
(-0.00567645 -0.0157545 -0.00155427)
(-0.00573081 -0.0153536 -0.000637166)
(-0.00547752 -0.0156762 -0.00139039)
(-0.00456802 -0.0116979 -0.000108416)
(-0.00439871 -0.0109236 7.49603e-05)
(-0.00461833 -0.011617 -5.49059e-05)
(-0.00453636 -0.0114352 6.52313e-06)
(-0.00467452 -0.0105632 0.000127461)
(-0.00451851 -0.0107509 2.85922e-05)
(-0.00496026 -0.0126844 -5.88052e-05)
(-0.00519464 -0.0134615 -0.000214453)
(-0.0049894 -0.0127453 -0.000129801)
(-0.00571783 -0.0141855 -0.000153031)
(-0.00558709 -0.0136973 6.81808e-05)
(-0.0056527 -0.0146544 -0.000205332)
(-0.0049763 -0.0115127 0.00022794)
(-0.00507254 -0.0106673 0.000348417)
(-0.00503444 -0.0114607 0.000259281)
(-0.00489622 -0.0114522 8.04082e-05)
(-0.00472825 -0.0108934 0.000215348)
(-0.00506542 -0.0109098 0.000240057)
(-0.00760863 -0.0200389 -0.0019789)
(-0.00658836 -0.0179036 -0.00149752)
(-0.00658927 -0.0171257 -0.00177686)
(-0.0066677 -0.0178333 -0.00157901)
(-0.00742769 -0.0183544 -0.00167055)
(-0.0064467 -0.0168322 -0.00143527)
(-0.00607191 -0.0165271 -0.000911353)
(-0.00595808 -0.016741 -0.00134841)
(-0.00549055 -0.0150107 -0.00102818)
(-0.0052772 -0.0147491 -0.000771092)
(-0.00602304 -0.0164558 -0.00112034)
(-0.00546287 -0.0147913 -0.000680415)
(-0.00518789 -0.0123302 3.84516e-05)
(-0.00526634 -0.0132746 -0.000125342)
(-0.00518022 -0.0124043 0.00020202)
(-0.0051617 -0.0131948 -0.000253991)
(-0.00515225 -0.012602 0.000106914)
(-0.0092017 -0.0214977 -0.00180259)
(-0.00960534 -0.0221647 -0.00189277)
(-0.00857364 -0.0204659 -0.00209797)
(-0.00897837 -0.0202288 -0.00184452)
(-0.00926538 -0.022318 -0.00216125)
(-0.00809396 -0.0194396 -0.0016619)
(-0.00793658 -0.019442 -0.00190684)
(-0.00699328 -0.0180555 -0.00151702)
(-0.00714158 -0.0188195 -0.00215013)
(-0.00795961 -0.0198711 -0.00159664)
(-0.00740898 -0.018736 -0.00211729)
(-0.00462641 -0.01021 0.000133789)
(-0.00478035 -0.0106709 0.000149382)
(-0.00474805 -0.0102314 0.000128819)
(-0.0046083 -0.0106424 0.000114187)
(-0.0048963 -0.00999235 0.000112181)
(-0.00492148 -0.0102174 0.00013888)
(-0.00478881 -0.0106756 0.000245038)
(-0.0046653 -0.0100793 0.000272516)
(-0.00479726 -0.0101005 0.000259311)
(-0.00485752 -0.0111081 9.86569e-05)
(-0.00471151 -0.0102724 0.0001279)
(-0.00492503 -0.0111343 0.000139841)
(-0.00465244 -0.00968256 -0.000181232)
(-0.00487243 -0.00975584 -8.43594e-05)
(-0.00468647 -0.00958837 -0.00013132)
(-0.00469362 -0.00937732 -0.000299171)
(-0.00485142 -0.009492 -0.000232853)
(-0.00476046 -0.00946509 -0.000131349)
(-0.00465944 -0.00932564 -0.000289999)
(-0.00434055 -0.0096473 -0.000122266)
(-0.00444883 -0.00938513 -0.00028425)
(-0.00459739 -0.00947139 -0.000205887)
(-0.00454586 -0.00953882 -0.000170518)
(-0.00459524 -0.00967752 -0.00025828)
(-0.00405807 -0.00921659 -0.000118436)
(-0.00422637 -0.00959999 -6.76952e-07)
(-0.00409908 -0.00935148 -3.56333e-05)
(-0.00427828 -0.00932282 -3.87902e-05)
(-0.00417265 -0.00934974 -1.10496e-05)
(-0.00409204 -0.00958182 -4.40866e-05)
(-0.00413687 -0.00935235 -0.000222389)
(-0.00414367 -0.0094569 -0.000363648)
(-0.00436185 -0.00983771 -0.000264885)
(-0.00431656 -0.00986757 -0.00054975)
(-0.00466079 -0.0105555 -0.00088176)
(-0.00444231 -0.00996214 -0.000562945)
(-0.00460013 -0.0101522 -0.000704367)
(-0.00498999 -0.0109318 -0.0013433)
(-0.00439252 -0.0100085 -0.000835881)
(-0.00473805 -0.0106101 -0.000792389)
(-0.00470349 -0.0103065 -0.000768256)
(-0.00487546 -0.0112847 -0.000803587)
(-0.00517541 -0.0120623 -0.00113692)
(-0.0051417 -0.0126465 -0.00127627)
(-0.00506367 -0.0128095 -0.00175559)
(-0.00472965 -0.011445 -0.00142216)
(-0.00498011 -0.0120428 -0.00134201)
(-0.0048765 -0.0121497 -0.00182326)
(-0.00566805 -0.0185447 -0.000847345)
(-0.00578281 -0.0182316 -0.000616773)
(-0.00562603 -0.0185393 -0.000505435)
(-0.00610106 -0.0198988 -0.000548863)
(-0.00631126 -0.0192669 -0.000458472)
(-0.0048654 -0.0165059 -0.00260513)
(-0.00471669 -0.0158166 -0.00279167)
(-0.00445153 -0.0162579 -0.002606)
(-0.00499013 -0.0159815 -0.00276756)
(-0.004617 -0.0158905 -0.00262767)
(-0.00520699 -0.0160171 -0.00294036)
(-0.00353003 -0.0211063 -0.000192245)
(-0.00304693 -0.02052 -0.000305917)
(-0.00376132 -0.020424 -0.000611035)
(-0.00315079 -0.0200718 -0.000452778)
(-0.00376997 -0.0210577 0.000479756)
(-0.00360932 -0.0219103 0.000174106)
(-0.00489364 -0.0173031 -0.00212588)
(-0.00439899 -0.0172548 -0.00206115)
(-0.00447505 -0.0181446 -0.00183993)
(-0.00458524 -0.0181469 -0.00193558)
(-0.00485539 -0.0184013 -0.00205679)
(-0.00498008 -0.016294 -0.00228722)
(-0.00449553 -0.0149699 -0.00258651)
(-0.00454153 -0.0158133 -0.00240925)
(-0.00450556 -0.0168328 -0.00253986)
(-0.00456909 -0.0163248 -0.00217429)
(-0.00451267 -0.0149903 -0.00247555)
(-0.00396179 -0.0168388 -0.0024637)
(-0.00346542 -0.0177025 -0.00226935)
(-0.00378292 -0.0174824 -0.00245986)
(-0.00509922 -0.00948474 -0.00033443)
(-0.00498212 -0.00919392 -0.000439036)
(-0.00538729 -0.00967849 -0.000540121)
(-0.00521521 -0.00946228 -0.000293859)
(-0.00520092 -0.00938129 -0.000537778)
(-0.00523103 -0.00946984 -0.000426688)
(-0.00668802 -0.0177755 -0.00154481)
(-0.00612387 -0.0165977 -0.00126839)
(-0.00713081 -0.0190164 -0.00186381)
(-0.00696076 -0.0187218 -0.00148924)
(-0.00715834 -0.0188788 -0.00166936)
(-0.00621942 -0.0168877 -0.00143312)
(-0.0054094 -0.0103655 -0.00156545)
(-0.00539162 -0.0108159 -0.00202593)
(-0.00541421 -0.0105677 -0.00194232)
(-0.00613927 -0.0112472 -0.00189389)
(-0.00561321 -0.0101042 -0.00172558)
(-0.00568382 -0.0109515 -0.00220897)
(-0.00572358 -0.00988889 -0.00144163)
(-0.00578112 -0.00974441 -0.00128342)
(-0.00546792 -0.00937935 -0.00109244)
(-0.00559172 -0.00949391 -0.00118485)
(-0.00563088 -0.0100439 -0.00139297)
(-0.00544077 -0.00943145 -0.00134606)
(-0.00705903 -0.0200106 0.000314538)
(-0.00743248 -0.0200877 0.000159994)
(-0.00757475 -0.0202538 0.000423035)
(-0.00740534 -0.0199671 0.000225261)
(-0.00696948 -0.0207068 1.61219e-05)
(-0.00768373 -0.0209712 0.000221215)
(-0.00793722 -0.0211675 0.000443024)
(-0.0072366 -0.0212508 0.000431229)
(-0.00787818 -0.0217228 0.000353744)
(-0.00705278 -0.0210451 0.000707494)
(-0.00704819 -0.0218285 0.000365112)
(-0.0080422 -0.0221371 0.000274875)
(-0.00694876 -0.0218409 0.000224108)
(-0.00615112 -0.0215946 0.000221918)
(-0.00576331 -0.0205015 -7.63766e-05)
(-0.00597685 -0.0218377 5.84568e-05)
(-0.00634886 -0.0208016 0.000565103)
(-0.00646726 -0.0224031 0.000414056)
(-0.00577346 -0.0209514 -0.000419194)
(-0.00658596 -0.0204717 0.00025821)
(-0.00548028 -0.0201475 -0.000129523)
(-0.00636308 -0.02105 -4.82777e-05)
(-0.0063149 -0.0216847 9.30617e-05)
(-0.00599346 -0.0212164 4.30159e-05)
(-0.00658804 -0.0221317 -0.000473979)
(-0.00727513 -0.0220857 0.000560268)
(-0.00729717 -0.0229515 0.00119074)
(-0.00725279 -0.0238571 0.00114788)
(-0.00634398 -0.0230802 0.00129433)
(-0.00789484 -0.0240998 0.00133351)
(-0.00907839 -0.023142 0.000732252)
(-0.00853125 -0.0227291 0.000659131)
(-0.009137 -0.0246464 0.000793714)
(-0.00842524 -0.0234967 0.00128282)
(-0.00887745 -0.023471 0.000911488)
(-0.00721607 -0.022959 0.00130023)
(-0.00835072 -0.0237848 0.00100454)
(-0.00858458 -0.0247526 0.00122552)
(-0.0071923 -0.0238584 0.00165868)
(-0.00723714 -0.0236265 0.00145345)
(-0.00731674 -0.0230698 0.00163571)
(-0.00628059 -0.0216911 0.0012825)
(-0.00634138 -0.0234484 0.000964819)
(-0.00584756 -0.0133595 -0.00320128)
(-0.00613733 -0.0106069 -0.00165304)
(-0.00549999 -0.0102639 -0.00156585)
(-0.00590204 -0.0104076 -0.00196624)
(-0.00960829 -0.0213496 -0.00108285)
(-0.00906842 -0.0209261 -0.000898233)
(-0.00943243 -0.0213999 -0.000778535)
(-0.00881685 -0.0206452 -0.000228524)
(-0.00853588 -0.020542 9.87937e-05)
(-0.00496068 -0.00919883 -0.000336673)
(-0.00441646 -0.0168514 -0.0024512)
(-0.00419944 -0.0166205 -0.00255811)
(-0.00457317 -0.0149399 -0.00226875)
(-0.00509111 -0.0166135 -0.00246775)
(-0.00474526 -0.0162171 -0.0022504)
(-0.00432933 -0.0167951 -0.00254059)
(-0.00473391 -0.0167903 -0.00232088)
(-0.00466726 -0.0176141 -0.00215775)
(-0.00346779 -0.0192471 -0.00157347)
(-0.00327623 -0.018311 -0.00184559)
(-0.00337223 -0.0188329 -0.00208398)
(-0.00321872 -0.0190943 -0.00111449)
(-0.00444446 -0.0161963 -0.00233353)
(-0.00420555 -0.0169895 -0.0024239)
(-0.00482941 -0.016293 -0.00245054)
(-0.00461038 -0.0152971 -0.00266426)
(-0.00533313 -0.0152185 -0.00269161)
(-0.00475308 -0.0152806 -0.00268208)
(-0.00457741 -0.0158345 -0.00293657)
(-0.00514413 -0.0156066 -0.00274039)
(-0.00390798 -0.016241 -0.00269054)
(-0.00454367 -0.0166579 -0.00268945)
(-0.00399268 -0.0165047 -0.00267188)
(-0.00443194 -0.0159356 -0.00273894)
(-0.00708412 -0.0184114 -0.00139217)
(-0.00667075 -0.0177837 -0.00124267)
(-0.00641583 -0.0169546 -0.000838983)
(-0.00630284 -0.0170855 -0.000860315)
(-0.00487778 -0.0165967 -0.00185534)
(-0.00493033 -0.0170515 -0.00191527)
(-0.00508496 -0.016426 -0.00184968)
(-0.00510454 -0.0168282 -0.0019306)
(-0.00492106 -0.0161976 -0.00205287)
(-0.00528785 -0.0172629 -0.0015414)
(-0.005125 -0.0175234 -0.00125274)
(-0.00552372 -0.0193085 -0.00122392)
(-0.00521552 -0.0182736 -0.00166431)
(-0.00512573 -0.017667 -0.00165692)
(-0.00483503 -0.018406 -0.0016118)
(-0.00523245 -0.0191439 -0.00110483)
(-0.00529369 -0.0188142 -0.00123804)
(-0.00590417 -0.0207941 -0.00105191)
(-0.005479 -0.0180511 -0.000904398)
(-0.00598714 -0.0187899 -0.000867626)
(-0.00489189 -0.0125692 -0.00164558)
(-0.00492603 -0.0130667 -0.00208324)
(-0.00488089 -0.0128596 -0.00190312)
(-0.0048447 -0.0125731 -0.00157211)
(-0.0049713 -0.0113221 -0.00103629)
(-0.00473868 -0.0117225 -0.00143097)
(-0.00462098 -0.0116191 -0.00179104)
(-0.00465409 -0.0110706 -0.00118249)
(-0.00463315 -0.0109178 -0.000979266)
(-0.00451553 -0.010764 -0.000925158)
(-0.00452427 -0.0105728 -0.00116852)
(-0.00473003 -0.0109674 -0.00104493)
(-0.00450649 -0.010312 -0.000823542)
(-0.00462058 -0.0102654 -0.000530745)
(-0.00426528 -0.00959851 -0.000510271)
(-0.00429563 -0.00939213 -0.000370891)
(-0.00452816 -0.00991673 -0.000565289)
(-0.00457966 -0.00996639 -0.000489262)
(-0.00460659 -0.00989484 -0.000345258)
(-0.00464655 -0.00947759 -0.000233556)
(-0.00483592 -0.00985399 0.000190382)
(-0.00809401 -0.0208469 -0.00168782)
(-0.00790992 -0.020017 -0.00200475)
(-0.00852856 -0.0206885 -0.00180844)
(-0.00823723 -0.0202904 -0.00193769)
(-0.00890846 -0.0210455 -0.00187495)
(-0.00840344 -0.02134 -0.00189103)
(-0.00863572 -0.0208578 -0.00143906)
(-0.0087591 -0.0207807 -0.00168322)
(-0.00898362 -0.0225873 -0.00199758)
(-0.00893227 -0.0212676 -0.00149133)
(-0.00963898 -0.0227464 -0.00106663)
(-0.0076109 -0.0194 -0.00154854)
(-0.00754402 -0.0189646 -0.00180403)
(-0.00501957 -0.0116553 4.47855e-05)
(-0.00501105 -0.0118273 6.5232e-05)
(-0.00679547 -0.0182304 -0.00168736)
(-0.00700895 -0.0183355 -0.00171139)
(-0.00657208 -0.0180147 -0.00152369)
(-0.00507822 -0.0125406 0.000108316)
(-0.00506004 -0.0125927 -6.11625e-05)
(-0.00527962 -0.0138133 -0.000198678)
(-0.00479926 -0.012617 -0.000117803)
(-0.00534644 -0.0146139 -0.000440294)
(-0.00605619 -0.0161995 -0.00103269)
(-0.0046565 -0.00924679 -9.3501e-05)
(-0.00521977 -0.00990685 -0.000153328)
(-0.00478717 -0.00987543 0.000187971)
(-0.00504183 -0.00971077 0.000228733)
(-0.00491239 -0.0116082 0.000122946)
(-0.00510238 -0.0121238 0.000134511)
(-0.00588292 -0.0160217 -0.00113717)
(-0.00609455 -0.0161641 -0.000686061)
(-0.0056493 -0.0150627 -0.000817468)
(-0.0054409 -0.0138122 -0.000349222)
(-0.00517075 -0.0125801 0.000114928)
(-0.00524823 -0.0123989 0.000281747)
(-0.00500389 -0.0114914 0.000264005)
(-0.00492786 -0.0111607 0.000221388)
(-0.00460605 -0.00946671 0.000161255)
(-0.00498542 -0.0102205 0.000286619)
(-0.0048537 -0.0103628 0.000254425)
(-0.00451061 -0.0100267 0.000149908)
(-0.00481159 -0.0110813 8.06384e-05)
(-0.00479935 -0.0107872 0.000144267)
(-0.00448031 -0.0111155 6.41831e-05)
(-0.00517328 -0.0139229 -0.000584601)
(-0.00485287 -0.0121115 -3.16578e-05)
(-0.00491377 -0.0126146 -0.000139651)
(-0.00504832 -0.0135147 -0.000401528)
(-0.00536205 -0.0146678 -0.00060049)
(-0.0053654 -0.0151402 -0.000945504)
(-0.00509653 -0.014873 -0.00120548)
(-0.00600289 -0.0166468 -0.00134929)
(-0.00589894 -0.0167079 -0.00129278)
(-0.00599048 -0.0160494 -0.00118946)
(-0.00582453 -0.0160869 -0.00154665)
(-0.00402044 -0.0106894 0.00018966)
(-0.004679 -0.0119931 0.000143935)
(-0.00444986 -0.0111871 -3.88747e-05)
(-0.00483589 -0.013835 -0.000563213)
(-0.00485376 -0.0116166 0.000116098)
(-0.00452006 -0.0123888 -0.000232904)
(-0.0046408 -0.0123355 -0.000123917)
(-0.00426325 -0.0121136 -0.000151067)
(-0.00429686 -0.0117157 -8.31769e-05)
(-0.00535525 -0.0145327 -0.00082453)
(-0.00517674 -0.0146162 -0.000977411)
(-0.00488448 -0.0135422 -0.000450394)
(-0.00500428 -0.0140323 -0.000707371)
(-0.00507704 -0.0142896 -0.000898487)
(-0.0046952 -0.00965447 7.6364e-05)
(-0.00499698 -0.00967671 -4.87546e-05)
(-0.00480749 -0.00927426 -0.000150265)
(-0.00450627 -0.00911581 -0.000121204)
(-0.00520572 -0.00929846 -0.000228446)
(-0.004599 -0.00957023 7.94028e-05)
(-0.00488244 -0.0094503 0.000123246)
(-0.0049142 -0.00955347 -1.60505e-05)
(-0.00493533 -0.00928263 -3.63153e-05)
(-0.00481784 -0.00960962 8.86574e-05)
(-0.00472838 -0.00927279 -9.95234e-05)
(-0.00512095 -0.00978957 -0.000331138)
(-0.00516913 -0.0101413 -0.000109612)
(-0.00466313 -0.00995097 -1.50265e-05)
(-0.00484723 -0.00967296 -4.66055e-05)
(-0.00458458 -0.009457 3.04848e-06)
(-0.0047518 -0.00934792 -5.578e-05)
(-0.00486 -0.0100415 0.000119369)
(-0.00483423 -0.0105999 0.000291199)
(-0.00450984 -0.00968843 8.76548e-05)
(-0.00444076 -0.00957898 0.00018274)
(-0.00470239 -0.00964866 0.000148367)
(-0.00446221 -0.00974138 0.00016225)
(-0.00449244 -0.0105037 0.000138604)
(-0.00439021 -0.0108641 9.58537e-05)
(-0.00412363 -0.00921761 -0.000104075)
(-0.00444705 -0.00940123 -0.000396609)
(-0.00448314 -0.00953797 -0.000447227)
(-0.00417223 -0.00994317 -1.33495e-06)
(-0.00428433 -0.00930175 -0.000105673)
(-0.00431309 -0.00980417 -0.000205266)
(-0.00424818 -0.00945628 -2.90015e-05)
(-0.00471418 -0.00950108 -8.24944e-05)
(-0.00481162 -0.0102793 -3.01251e-05)
(-0.00460115 -0.0098424 0.000143424)
(-0.00449265 -0.009581 -1.66923e-05)
(-0.00441623 -0.00922691 -0.000118813)
(-0.00440992 -0.00939016 -8.57739e-05)
(-0.0046218 -0.00940936 -0.000183118)
(-0.00441078 -0.00915548 -0.000247497)
(-0.00436159 -0.00931736 -0.000262661)
(-0.00460648 -0.00935566 -0.000255077)
(-0.00451982 -0.00975683 -0.000199619)
(-0.004405 -0.00946829 -0.000255278)
(-0.00443848 -0.00912829 -0.000135674)
(-0.00444987 -0.00936928 -0.000148964)
(-0.0041008 -0.00920772 -0.000115529)
(-0.0045045 -0.00951344 -0.00031508)
(-0.00441937 -0.00938538 -0.000182579)
(-0.00460284 -0.00967637 -0.000295645)
(-0.00429308 -0.00947187 -0.000280772)
(-0.00423753 -0.00922948 -0.000166238)
(-0.00468859 -0.0127963 -0.0003342)
(-0.00456444 -0.0117231 -5.79084e-05)
(-0.00460609 -0.0124241 -0.000251478)
(-0.00470315 -0.0126957 -0.000383612)
(-0.00435498 -0.010259 9.45191e-05)
(-0.00418338 -0.00921584 -4.28502e-05)
(-0.00435745 -0.009596 -1.64495e-05)
(-0.00452515 -0.00958581 3.71382e-05)
(-0.00433961 -0.00941005 -1.82569e-05)
(-0.004361 -0.0107473 -5.62925e-05)
(-0.00441313 -0.00963567 0.000141123)
(-0.00442977 -0.0105284 5.50158e-05)
(-0.00408676 -0.0100331 5.04335e-05)
(-0.00430293 -0.00989594 1.53937e-05)
(-0.0044217 -0.010442 0.000100992)
(-0.00436738 -0.00968954 0.000177769)
(-0.00444603 -0.00983859 0.000116332)
(-0.00484067 -0.0101739 0.000245758)
(-0.00910458 -0.0210613 -0.000830121)
(-0.00822476 -0.0185551 -0.00157729)
(-0.00866725 -0.0195924 -0.00118815)
(-0.00835155 -0.0192454 -0.00174691)
(-0.00881912 -0.0200885 -0.00132233)
(-0.00902508 -0.0216073 -0.000341633)
(-0.00849428 -0.019549 -0.000553687)
(-0.00920563 -0.0211887 -0.00120569)
(-0.00908143 -0.0204625 -0.00102307)
(-0.00838748 -0.0191081 -0.00102199)
(-0.00811791 -0.0187212 -0.00128733)
(-0.00800646 -0.0194117 -0.00172829)
(-0.00836907 -0.0196672 -0.00137627)
(-0.00773672 -0.0181047 -0.00120266)
(-0.00665113 -0.0182071 -0.00173144)
(-0.00734958 -0.0186078 -0.00165744)
(-0.00807312 -0.0201286 -0.00203004)
(-0.00695633 -0.0176664 -0.00205627)
(-0.00733391 -0.0191884 -0.00171138)
(-0.00649161 -0.0171342 -0.00189901)
(-0.00779453 -0.0193235 -0.00164076)
(-0.00733039 -0.0176277 -0.00157864)
(-0.00791821 -0.0192079 -0.00198235)
(-0.00755691 -0.0179369 -0.00209629)
(-0.00758278 -0.0189919 -0.00185768)
(-0.0075414 -0.0180572 -0.00177527)
(-0.00819661 -0.0191058 -0.00220199)
(-0.00835866 -0.0197238 -0.00201504)
(-0.00607887 -0.0163664 -0.000959349)
(-0.00722242 -0.0180872 -0.00205787)
(-0.00645389 -0.0175678 -0.00163393)
(-0.00704651 -0.0178345 -0.0014597)
(-0.00639184 -0.0171149 -0.00104428)
(-0.00647789 -0.0171985 -0.00138836)
(-0.00676255 -0.0174697 -0.00147643)
(-0.00669691 -0.0168768 -0.0016326)
(-0.00630785 -0.016417 -0.00143149)
(-0.00592378 -0.0158421 -0.00135918)
(-0.00645763 -0.0166711 -0.00178617)
(-0.0089672 -0.0210642 -0.00124015)
(-0.00918933 -0.0208359 -0.00142849)
(-0.00920519 -0.0213401 -0.00173165)
(-0.00874972 -0.0200944 -0.00174456)
(-0.00917954 -0.0210976 -0.00155887)
(-0.0047715 -0.00941832 9.81915e-05)
(-0.00501395 -0.00930094 0.000104144)
(-0.00488859 -0.00913263 -0.000110711)
(-0.00485931 -0.00947533 0.000157893)
(-0.00488682 -0.00950805 8.17164e-05)
(-0.00474505 -0.00938036 7.95849e-05)
(-0.00509554 -0.0103966 0.000295777)
(-0.00485573 -0.010624 0.000196105)
(-0.00504726 -0.00976428 0.000267551)
(-0.00505217 -0.0117391 0.000124396)
(-0.00486149 -0.0116341 0.000106372)
(-0.00484299 -0.0108005 0.000251715)
(-0.00501809 -0.0114606 0.000224101)
(-0.00466343 -0.0090695 7.47299e-05)
(-0.00460431 -0.00949031 0.000157659)
(-0.00476966 -0.00924897 0.000219109)
(-0.00528433 -0.00948129 -0.000311511)
(-0.00546428 -0.00951081 -0.000384916)
(-0.00530945 -0.00907555 -0.000513826)
(-0.00493548 -0.00888971 -0.00011047)
(-0.00494593 -0.00908308 -0.000177288)
(-0.00492717 -0.00955732 0.00018195)
(-0.00480096 -0.0093517 -0.00010621)
(-0.00499105 -0.00939653 -4.82574e-05)
(-0.00499179 -0.00942138 -0.000119943)
(-0.00518369 -0.00910515 -7.47184e-05)
(-0.00516649 -0.0091444 -0.000276767)
(-0.00603554 -0.0160443 -0.000911043)
(-0.00519774 -0.0125739 -4.6475e-06)
(-0.00523755 -0.01377 -0.000232946)
(-0.00598949 -0.0153531 -1.97659e-05)
(-0.00524957 -0.014092 -0.000208105)
(-0.00501191 -0.0116847 0.000170571)
(-0.0052892 -0.0127267 0.000137232)
(-0.00551763 -0.0147277 -0.000438924)
(-0.00537688 -0.0125596 0.000247149)
(-0.00552971 -0.0130651 0.000160979)
(-0.00537603 -0.0133954 -8.94751e-05)
(-0.00516362 -0.0126162 0.000134)
(-0.00593593 -0.0149516 -0.000319535)
(-0.00558788 -0.0137477 -0.000122164)
(-0.00564513 -0.0147995 -0.000658691)
(-0.00532611 -0.015017 -0.000992941)
(-0.00531317 -0.0135158 -0.000389655)
(-0.00554464 -0.0150995 -0.00062156)
(-0.0049591 -0.0104285 0.000245972)
(-0.00480245 -0.0106126 0.000156534)
(-0.00509745 -0.00869745 -0.000113415)
(-0.00472506 -0.00884521 -9.06568e-05)
(-0.00532129 -0.00910386 -0.000275687)
(-0.00506801 -0.00876765 -0.000322677)
(-0.00527207 -0.00952799 -0.000456967)
(-0.00555502 -0.00934051 -0.00102974)
(-0.005423 -0.0092626 -0.000833253)
(-0.00532317 -0.00902051 -0.000548333)
(-0.00526291 -0.00915187 -0.00063034)
(-0.00544614 -0.00960377 -0.000901144)
(-0.0054249 -0.00976087 -0.00103041)
(-0.00532134 -0.0129521 -0.00283943)
(-0.0048313 -0.0146549 -0.00307261)
(-0.00519684 -0.0142097 -0.00312178)
(-0.00546936 -0.0152514 -0.00304302)
(-0.00525658 -0.0141397 -0.00306238)
(-0.00561632 -0.0142782 -0.00293151)
(-0.00554558 -0.0144871 -0.00281517)
(-0.00536706 -0.0149437 -0.00281765)
(-0.00536865 -0.0140271 -0.00257813)
(-0.00388605 -0.0171919 -0.00235665)
(-0.00376127 -0.0177341 -0.00218588)
(-0.00338477 -0.0179559 -0.00206615)
(-0.0036372 -0.0184299 -0.00215041)
(-0.00417349 -0.017048 -0.00239932)
(-0.00356289 -0.0168832 -0.00229216)
(-0.00478139 -0.0146263 -0.0026646)
(-0.00511668 -0.0146944 -0.00261711)
(-0.00530596 -0.0157783 -0.0024429)
(-0.00482066 -0.0144881 -0.00264581)
(-0.00526632 -0.0149119 -0.0025171)
(-0.00813063 -0.0225603 0.000745643)
(-0.00770036 -0.0222244 0.000848171)
(-0.00754639 -0.0230613 0.000908286)
(-0.00840511 -0.0227092 0.000539784)
(-0.0100014 -0.0228231 -0.0011591)
(-0.00858136 -0.0219408 0.000709011)
(-0.00869246 -0.0227328 0.000476791)
(-0.00940461 -0.0226415 0.000266935)
(-0.00956812 -0.022398 -0.000431028)
(-0.00887263 -0.0230871 0.000442178)
(-0.00809725 -0.0200849 0.000302504)
(-0.00825134 -0.0221304 0.000581088)
(-0.00949454 -0.022109 -0.000280034)
(-0.00910409 -0.0216004 3.5006e-05)
(-0.00891175 -0.0205928 -0.000193409)
(-0.00895375 -0.0204658 1.29175e-05)
(-0.00915489 -0.0215216 -0.000197773)
(-0.00914072 -0.0225956 -9.38168e-05)
(-0.00442703 -0.018335 -0.00162926)
(-0.00359405 -0.0206788 7.90531e-05)
(-0.00444865 -0.0161302 -0.00241993)
(-0.00391933 -0.0165765 -0.00230117)
(-0.00402591 -0.0161513 -0.00246108)
(-0.0044894 -0.0157092 -0.00245602)
(-0.00494803 -0.0154488 -0.00223581)
(-0.00423714 -0.0153767 -0.0022931)
(-0.0044907 -0.0150118 -0.00246434)
(-0.00355446 -0.019629 -0.00182712)
(-0.00345603 -0.0195219 -0.000998898)
(-0.0035216 -0.019053 -0.0012525)
(-0.00424011 -0.0164274 -0.00260872)
(-0.00423649 -0.0157229 -0.00224615)
(-0.00381103 -0.0162328 -0.00273721)
(-0.00440261 -0.0163847 -0.00215443)
(-0.00416102 -0.017272 -0.00245729)
(-0.00363543 -0.0179969 -0.00179161)
(-0.004336 -0.0204553 -0.00182938)
(-0.00438314 -0.019642 -0.0014086)
(-0.00457119 -0.0169198 -0.00217938)
(-0.00414087 -0.0171435 -0.00237756)
(-0.00439645 -0.0182073 -0.00214442)
(-0.00429876 -0.0173203 -0.00201498)
(-0.00410234 -0.0186271 -0.00207568)
(-0.00398956 -0.0181985 -0.00192827)
(-0.00369716 -0.0171648 -0.00193268)
(-0.00369391 -0.0188245 -0.00172159)
(-0.00375447 -0.0188751 -0.00198535)
(-0.00368373 -0.0195517 -0.00124905)
(-0.00356732 -0.0192206 -0.00166688)
(-0.00365802 -0.018619 -0.00187731)
(-0.00411121 -0.0186812 -0.00204316)
(-0.00419438 -0.0190025 -0.00193304)
(-0.00391129 -0.0207618 -0.000358513)
(-0.0043823 -0.0197786 -0.00148669)
(-0.00411207 -0.0190113 -0.0015008)
(-0.00374797 -0.0201256 -0.000844946)
(-0.00456406 -0.0221239 -0.00027979)
(-0.00501967 -0.021205 -0.000927025)
(-0.00342006 -0.0193912 -0.000750418)
(-0.00397956 -0.019419 -0.00105591)
(-0.00426904 -0.0215489 -0.00172572)
(-0.00424508 -0.0203899 -0.00123118)
(-0.00402817 -0.0202237 -0.000978146)
(-0.00534439 -0.021724 0.000407101)
(-0.00421592 -0.0223418 0.00086802)
(-0.00426544 -0.0212932 0.00120521)
(-0.0060641 -0.0229381 0.00159096)
(-0.00623582 -0.0230325 0.00171888)
(-0.00870005 -0.0235194 0.000958341)
(-0.00974336 -0.0233481 0.00044633)
(-0.00969982 -0.0246986 0.000303515)
(-0.00415894 -0.0218338 0.000267475)
(-0.00453747 -0.021264 0.00129048)
(-0.00579457 -0.0229309 0.00125969)
(-0.00995225 -0.0247655 -0.000163131)
(-0.00903361 -0.0212635 -0.000290818)
(-0.009442 -0.0216688 -0.000848161)
(-0.00945824 -0.0213007 -0.00117288)
(-0.00920673 -0.023174 0.000284982)
(-0.00977084 -0.0227975 -0.00047481)
(-0.00976113 -0.0237912 0.000115927)
(-0.00951257 -0.0248734 0.000512039)
(-0.00934514 -0.0227196 0.000103479)
(-0.00998595 -0.0236806 -0.000325066)
(-0.00955538 -0.021996 -0.00101377)
(-0.00810737 -0.0236709 0.000876842)
(-0.00716838 -0.0236162 0.00109133)
(-0.00700597 -0.0225375 0.00112062)
(-0.00794654 -0.0206911 0.000412358)
(-0.00880285 -0.022141 0.000165635)
(-0.00792504 -0.0219139 0.000672164)
(-0.00805311 -0.0221325 0.000462248)
(-0.0082578 -0.0217085 0.000455655)
(-0.00855503 -0.0228271 0.000462606)
(-0.00486796 -0.0198143 -0.00170091)
(-0.00519531 -0.0218583 -0.000507041)
(-0.00473438 -0.0203002 -0.000484761)
(-0.0048651 -0.0207823 -0.00138696)
(-0.00469826 -0.0214486 -7.38129e-05)
(-0.00587233 -0.0231034 4.83428e-06)
(-0.00682166 -0.0222665 0.000663204)
(-0.00763028 -0.0232017 0.000565854)
(-0.00768524 -0.0227964 0.000692347)
(-0.00789781 -0.0220678 0.000678017)
(-0.00709422 -0.0231353 0.00116121)
(-0.00554739 -0.0228647 0.000282073)
(-0.00628688 -0.0231293 0.000568636)
(-0.00469932 -0.0129039 -0.00183956)
(-0.00527276 -0.00938573 -0.000647512)
(-0.00533963 -0.00953689 -0.0007456)
(-0.00487145 -0.00931119 -0.000227916)
(-0.0050019 -0.00919299 -0.000409494)
(-0.00502934 -0.00936751 -0.00050613)
(-0.0050657 -0.00951429 -0.000476157)
(-0.00491915 -0.0095393 -0.000221409)
(-0.00487255 -0.00953419 -0.00034694)
(-0.00545942 -0.0109345 -0.00114398)
(-0.00430188 -0.00934405 -0.000298235)
(-0.0042948 -0.00948407 -0.000247874)
(-0.00433512 -0.00973735 -0.000233303)
(-0.00459823 -0.0100214 -0.000465983)
(-0.00497901 -0.0100294 -0.000660984)
(-0.00451128 -0.0100726 -0.000449825)
(-0.00476447 -0.00992098 -0.000696211)
(-0.0048083 -0.0102452 -0.000807387)
(-0.00545587 -0.0112972 -0.00113015)
(-0.00518536 -0.0109006 -0.00121659)
(-0.00500316 -0.0107244 -0.000744982)
(-0.00485737 -0.0104941 -0.000887234)
(-0.00521444 -0.0102632 -0.000781023)
(-0.00502019 -0.00987504 -0.000797593)
(-0.0049421 -0.0102218 -0.000698278)
(-0.00470481 -0.00976824 -0.000461984)
(-0.00491277 -0.0098413 -0.000358658)
(-0.00490275 -0.00984262 -0.000546459)
(-0.00471569 -0.00963726 -0.000507981)
(-0.00488696 -0.00975577 -0.000610896)
(-0.00496877 -0.0099011 -0.000404941)
(-0.00465792 -0.0100843 -0.000324683)
(-0.00475914 -0.00979661 -0.000398291)
(-0.00472968 -0.00973411 -0.000398367)
(-0.00510717 -0.0122317 -0.00150564)
(-0.00487748 -0.0114801 -0.00115023)
(-0.00481915 -0.0120244 -0.00149403)
(-0.00504999 -0.0153859 -0.00234251)
(-0.00499303 -0.0152963 -0.00220835)
(-0.00487739 -0.0111385 -0.00107151)
(-0.00485545 -0.0113959 -0.0012698)
(-0.00462451 -0.0137656 -0.00218091)
(-0.00516524 -0.0139811 -0.00201619)
(-0.00488377 -0.0142685 -0.00204831)
(-0.00494495 -0.0149459 -0.00202796)
(-0.00509179 -0.0141721 -0.00213552)
(-0.00514457 -0.0151493 -0.00224682)
(-0.00503748 -0.0123088 -0.0013028)
(-0.00487927 -0.0136311 -0.00194266)
(-0.00515071 -0.0138076 -0.0020739)
(-0.00485942 -0.0130663 -0.001744)
(-0.00461872 -0.0120279 -0.00149026)
(-0.00464479 -0.0106927 -0.00103029)
(-0.00467963 -0.0113778 -0.00117927)
(-0.00497041 -0.0116447 -0.00113233)
(-0.00468421 -0.0161171 -0.00235207)
(-0.00464141 -0.0142073 -0.0023971)
(-0.00539915 -0.0116125 -0.00121302)
(-0.00525147 -0.0112564 -0.00123456)
(-0.0051006 -0.0116811 -0.00129808)
(-0.00515704 -0.0117935 -0.00135133)
(-0.00535659 -0.0129359 -0.00183075)
(-0.00508412 -0.0125656 -0.00196439)
(-0.00496679 -0.0120461 -0.00168023)
(-0.00557307 -0.0130741 -0.00229708)
(-0.00520692 -0.0128656 -0.00259874)
(-0.00559533 -0.0135956 -0.00267924)
(-0.00543157 -0.0125146 -0.00183514)
(-0.0055924 -0.0131876 -0.00203712)
(-0.00549047 -0.0127484 -0.00186524)
(-0.00549466 -0.0131712 -0.00207131)
(-0.00567447 -0.0134237 -0.00248498)
(-0.00542502 -0.0141307 -0.00253515)
(-0.0060317 -0.0111343 -0.0019363)
(-0.00589608 -0.0112085 -0.00186933)
(-0.00587284 -0.0116339 -0.00203041)
(-0.00581712 -0.0117812 -0.00219414)
(-0.0059923 -0.011777 -0.00213624)
(-0.00545274 -0.0114901 -0.00227217)
(-0.00584495 -0.0124943 -0.0020928)
(-0.00581848 -0.0129405 -0.00216746)
(-0.00506814 -0.0107564 -0.00109886)
(-0.00532559 -0.0113732 -0.00123272)
(-0.00513162 -0.0119728 -0.00155965)
(-0.00509515 -0.011194 -0.00141331)
(-0.00536571 -0.0123039 -0.00163413)
(-0.00573785 -0.012745 -0.00181925)
(-0.00523374 -0.0116587 -0.00138755)
(-0.00540303 -0.0116531 -0.00161499)
(-0.00517254 -0.0109726 -0.00127719)
(-0.00536534 -0.0106851 -0.00114218)
(-0.00591186 -0.0107279 -0.00147713)
(-0.0054743 -0.00996597 -0.00103204)
(-0.00568466 -0.0103749 -0.00130623)
(-0.0055238 -0.00981765 -0.00118341)
(-0.00575303 -0.010596 -0.00118527)
(-0.00541666 -0.0103756 -0.00149702)
(-0.00562206 -0.0109236 -0.0018122)
(-0.00531311 -0.0102991 -0.0012077)
(-0.00523561 -0.0129804 -0.00221463)
(-0.00522198 -0.0135489 -0.00216751)
(-0.00513774 -0.0124862 -0.00193809)
(-0.00503444 -0.0129702 -0.00197347)
(-0.00503222 -0.0135757 -0.0021403)
(-0.00539312 -0.0132648 -0.00192851)
(-0.00515446 -0.0129022 -0.00187578)
(-0.00465967 -0.0136962 -0.00217623)
(-0.00480921 -0.0133872 -0.00193667)
(-0.00483435 -0.0145883 -0.00210096)
(-0.00511714 -0.0130121 -0.0018989)
(-0.00507196 -0.0128246 -0.00167045)
(-0.00517161 -0.0136422 -0.00194945)
(-0.00476167 -0.012718 -0.00205449)
(-0.0046916 -0.016172 -0.00225975)
(-0.00495782 -0.0157902 -0.00230676)
(-0.00526451 -0.0125668 -0.00178029)
(-0.00490343 -0.012252 -0.00163205)
(-0.005147 -0.0122587 -0.0015372)
(-0.00481317 -0.0119639 -0.00160551)
(-0.00493015 -0.01158 -0.00164996)
(-0.00469466 -0.0153513 -0.00235084)
(-0.00455683 -0.0133844 -0.00213018)
(-0.00483455 -0.0144541 -0.00201873)
(-0.00439189 -0.0159472 -0.00233372)
(-0.00491518 -0.0161535 -0.00235742)
(-0.00430958 -0.0144161 -0.00249202)
(-0.00437496 -0.0161538 -0.00257181)
(-0.004309 -0.0152262 -0.00254987)
(-0.00440352 -0.0146012 -0.00252851)
(-0.00503054 -0.0131107 -0.00197328)
(-0.00508009 -0.0143938 -0.00232412)
(-0.00487995 -0.0135012 -0.00233255)
(-0.00523839 -0.0134774 -0.00215892)
(-0.00528438 -0.0137427 -0.00237842)
(-0.00506132 -0.0140728 -0.00217061)
(-0.00520007 -0.0146769 -0.00196169)
(-0.00513192 -0.0152938 -0.00243491)
(-0.00504569 -0.0143556 -0.00225008)
(-0.00515131 -0.0140751 -0.00223369)
(-0.00493005 -0.0147517 -0.00208716)
(-0.00452586 -0.01048 -0.000901857)
(-0.00460312 -0.0107376 -0.00103373)
(-0.00484865 -0.0106071 -0.000711089)
(-0.00448581 -0.0102786 -0.000697963)
(-0.00481486 -0.0107882 -0.000877788)
(-0.00486542 -0.0110579 -0.000790763)
(-0.00462563 -0.0142382 -0.00233002)
(-0.00476378 -0.0137268 -0.00228931)
(-0.00552346 -0.020454 -0.000730418)
(-0.00518734 -0.0175692 -0.0018456)
(-0.00521644 -0.0178568 -0.00184666)
(-0.00477923 -0.015527 -0.00262656)
(-0.00537271 -0.016833 -0.00211769)
(-0.00518104 -0.0169606 -0.00227069)
(-0.00439294 -0.0153372 -0.00255919)
(-0.00516095 -0.0170116 -0.00204694)
(-0.00599169 -0.0207904 -0.000653435)
(-0.00517545 -0.0189574 -0.000799741)
(-0.00535572 -0.0201142 -0.00105303)
(-0.00497789 -0.0193049 -0.00138051)
(-0.00510737 -0.0199334 -0.000948495)
(-0.00520603 -0.0199909 -0.00128763)
(-0.00507788 -0.0193287 -0.0016017)
(-0.00484158 -0.0178544 -0.00176104)
(-0.00490801 -0.0186377 -0.00140581)
(-0.00501826 -0.0176693 -0.00176956)
(-0.00517424 -0.0184556 -0.00150679)
(-0.00615962 -0.0110404 -0.00226215)
(-0.00617781 -0.0113966 -0.00240984)
(-0.00551357 -0.012505 -0.00283472)
(-0.00562271 -0.0115562 -0.00245904)
(-0.00554314 -0.0116894 -0.00273592)
(-0.00586322 -0.0128402 -0.00288483)
(-0.00690099 -0.0167447 -0.0013522)
(-0.00817837 -0.0187497 -0.000808659)
(-0.00848989 -0.0199401 -0.000996612)
(-0.00780757 -0.0179803 -0.000977495)
(-0.00913755 -0.0203531 -0.000848264)
(-0.00902472 -0.0205095 -0.000807505)
(-0.00922113 -0.0207693 -0.00096985)
(-0.00870489 -0.0190655 -0.000871051)
(-0.0080898 -0.0189777 -0.000539453)
(-0.0081568 -0.019491 -0.000317086)
(-0.00785616 -0.0181521 -0.000912695)
(-0.00741361 -0.017566 -0.000114991)
(-0.00809632 -0.0181353 -0.000714691)
(-0.00781459 -0.0177018 -0.000584567)
(-0.00690442 -0.0167221 -0.00103481)
(-0.0078425 -0.0187104 -0.000782894)
(-0.00785446 -0.0182085 -0.000871738)
(-0.00770681 -0.0181445 -0.00112636)
(-0.00730157 -0.0169144 -0.00081535)
(-0.00697719 -0.01685 -0.00146802)
(-0.00726417 -0.0175948 -0.00134066)
(-0.00705662 -0.0169616 -0.0013999)
(-0.00794397 -0.0185194 -0.00158385)
(-0.00721845 -0.017073 -0.00123737)
(-0.00757025 -0.0175296 -0.0010172)
(-0.00753118 -0.0176126 -0.000874138)
(-0.0081949 -0.0187814 -0.00136337)
(-0.00784884 -0.0183897 -0.00137042)
(-0.00741635 -0.0195736 0.000269594)
(-0.0076156 -0.0191831 0.000150862)
(-0.00785537 -0.0201292 -3.49872e-05)
(-0.00648476 -0.0182628 0.000126628)
(-0.00790571 -0.0210445 0.000324612)
(-0.00658573 -0.018983 0.000394138)
(-0.0069103 -0.0211171 5.46654e-05)
(-0.00631989 -0.0202464 0.000184487)
(-0.00810782 -0.0184644 -0.000646398)
(-0.00761828 -0.017376 -0.000634365)
(-0.0074711 -0.0181856 4.9038e-05)
(-0.00775257 -0.0178765 -0.000179467)
(-0.00755959 -0.0179294 -0.000450779)
(-0.00752014 -0.0188971 -6.19644e-05)
(-0.00771378 -0.0182436 -3.35331e-05)
(-0.00800513 -0.019266 -0.000190674)
(-0.00764484 -0.0183111 -0.000160995)
(-0.00808508 -0.0205524 0.00011445)
(-0.00797756 -0.019485 -3.97049e-05)
(-0.00791244 -0.0188684 -9.85066e-05)
(-0.00789718 -0.019164 5.49201e-05)
(-0.00880164 -0.0205551 -0.000239863)
(-0.00820382 -0.0216278 0.000266346)
(-0.00798969 -0.0208667 0.000407751)
(-0.00769505 -0.0182076 -9.0829e-05)
(-0.00801652 -0.0192614 3.37985e-05)
(-0.00794454 -0.0191161 -0.000102159)
(-0.00798391 -0.01976 0.000104477)
(-0.00790696 -0.0203085 0.000152488)
(-0.00771354 -0.0196871 0.000218474)
(-0.00782359 -0.0190705 0.000180916)
(-0.00717071 -0.0207607 -0.000341256)
(-0.00618489 -0.0196346 -1.32472e-05)
(-0.00741717 -0.0210093 -0.000145476)
(-0.00575288 -0.015743 -0.00093993)
(-0.00498929 -0.0139911 -0.000486868)
(-0.00675125 -0.0168546 -0.0013789)
(-0.00666993 -0.0165944 -0.0013367)
(-0.00649008 -0.0166164 -0.00134261)
(-0.00619893 -0.0159677 -0.00112245)
(-0.00621894 -0.0163704 -0.000910615)
(-0.00546347 -0.0150811 -0.00135981)
(-0.00473396 -0.0109627 -0.00146489)
(-0.00520149 -0.0122075 -0.00154247)
(-0.00485229 -0.0118896 -0.00159638)
(-0.00486308 -0.0138658 -0.00222613)
(-0.00532472 -0.0142367 -0.00213064)
(-0.00517646 -0.0161046 -0.00190805)
(-0.00532329 -0.015509 -0.00219541)
(-0.00514791 -0.0134407 -0.00168774)
(-0.00483277 -0.0156087 -0.00216503)
(-0.00493657 -0.0144234 -0.00216241)
(-0.00499766 -0.0121415 -0.00139532)
(-0.00534965 -0.0131026 -0.00171915)
(-0.00483972 -0.0113652 -0.00149744)
(-0.00531281 -0.0145353 -0.0020926)
(-0.00522414 -0.0133361 -0.00179819)
(-0.00500968 -0.0132716 -0.00171887)
(-0.00534744 -0.013215 -0.00166692)
(-0.00545722 -0.0150576 -0.00173136)
(-0.00530737 -0.0142947 -0.00179102)
(-0.00551632 -0.0142791 -0.0017109)
(-0.00670311 -0.0169041 -0.00143518)
(-0.00615669 -0.0159435 -0.00155634)
(-0.00639438 -0.0165099 -0.00145953)
(-0.00664442 -0.0166019 -0.00151847)
(-0.00576211 -0.0150417 -0.00110624)
(-0.00617405 -0.0157294 -0.00137437)
(-0.00576695 -0.01534 -0.000794916)
(-0.00505689 -0.0145752 -0.00118167)
(-0.00582948 -0.0158181 -0.000857227)
(-0.00520372 -0.0144849 -0.000989088)
(-0.00543143 -0.0150193 -0.00127224)
(-0.00652773 -0.0159797 -0.000759228)
(-0.0068375 -0.0173433 -0.00124948)
(-0.00636504 -0.015948 -0.0012626)
(-0.00674191 -0.0163292 -0.0011538)
(-0.00559728 -0.0121829 -0.00178781)
(-0.00572518 -0.0115909 -0.00177392)
(-0.00572643 -0.0119781 -0.00180347)
(-0.00563498 -0.0116082 -0.00207645)
(-0.00573096 -0.0113446 -0.00195076)
(-0.0053876 -0.0107922 -0.00123488)
(-0.00560151 -0.0104659 -0.00150361)
(-0.0059533 -0.0114468 -0.00159076)
(-0.00539719 -0.0110342 -0.00161874)
(-0.00522135 -0.0120457 -0.00185023)
(-0.00569407 -0.0124172 -0.0016572)
(-0.00529648 -0.0123034 -0.00199639)
(-0.00570581 -0.0119447 -0.00212876)
(-0.00560087 -0.0126043 -0.00213201)
(-0.00467457 -0.0111569 -0.000935299)
(-0.00472911 -0.0111106 -0.00107458)
(-0.00496667 -0.0114955 -0.00123606)
(-0.00506191 -0.0121612 -0.00158743)
(-0.00510202 -0.0119657 -0.00100239)
(-0.00529297 -0.0128665 -0.0015707)
(-0.00501407 -0.0117964 -0.00148654)
(-0.00485302 -0.0124562 -0.00140223)
(-0.00532212 -0.0132498 -0.00178072)
(-0.0050002 -0.0119994 -0.00133124)
(-0.00470856 -0.0117238 -0.0013878)
(-0.00522132 -0.0127346 -0.00159123)
(-0.00459993 -0.0123421 -0.00202424)
(-0.00486685 -0.0124451 -0.00149944)
(-0.00460982 -0.0123089 -0.00184002)
(-0.00493648 -0.0102644 -0.0005895)
(-0.00541845 -0.0108684 -0.00113429)
(-0.00489216 -0.010434 -0.000736947)
(-0.00511277 -0.0100405 -0.000521253)
(-0.00510101 -0.00969658 -0.000581755)
(-0.00493659 -0.00985999 -0.000567181)
(-0.00548956 -0.0105919 -0.000861304)
(-0.00517575 -0.00981635 -0.000622489)
(-0.00520734 -0.0101424 -0.00073336)
(-0.00625446 -0.0228352 0.00116822)
(-0.00501946 -0.0217983 0.000755105)
(-0.00609249 -0.0231819 0.000900848)
(-0.00592086 -0.0228252 0.000884528)
(-0.00966624 -0.023027 8.8869e-05)
(-0.00970482 -0.0230144 -0.00048607)
(-0.00924065 -0.0228567 0.000504114)
(-0.00920078 -0.0219823 -0.00018628)
(-0.00995349 -0.0225833 -0.00139665)
(-0.0103259 -0.0233404 -0.00109817)
(-0.0101033 -0.0238389 -0.00188516)
(-0.00989688 -0.0224967 -0.00170504)
(-0.0096376 -0.0224118 -0.00104547)
(-0.0103366 -0.0243476 -0.00106337)
(-0.00563053 -0.0226768 0.00137265)
(-0.00809186 -0.0237226 0.0014823)
(-0.00832124 -0.024413 0.00153622)
(-0.00769544 -0.0234498 0.00171933)
(-0.0082243 -0.0229175 0.00144395)
(-0.00815444 -0.023251 0.00155905)
(-0.00600465 -0.0235733 0.00176496)
(-0.00534419 -0.0223532 0.00165601)
(-0.00361421 -0.0176186 -0.0020092)
(-0.00377643 -0.0184056 -0.00192433)
(-0.00349695 -0.0168572 -0.00214348)
(-0.00363766 -0.0172004 -0.00229121)
(-0.00284796 -0.019148 -0.00131153)
(-0.00331541 -0.0188345 -0.0015028)
(-0.00372486 -0.0198528 -0.00135903)
(-0.00337315 -0.0175328 -0.00184878)
(-0.00344673 -0.017982 -0.00173899)
(-0.00531592 -0.00989053 -0.000872772)
(-0.00525359 -0.00972355 -0.000629596)
(-0.00567492 -0.0099569 -0.00103212)
(-0.00523619 -0.00939029 -0.000564217)
(-0.00541646 -0.00952268 -0.000905346)
(-0.00537525 -0.00950652 -0.000670771)
(-0.00790272 -0.0195057 -0.00176693)
(-0.00812698 -0.0195251 -0.00181784)
(-0.00853913 -0.0203578 -0.00191006)
(-0.00892839 -0.0205671 -0.00183863)
(-0.00772813 -0.0184358 -0.00180864)
(-0.00830661 -0.0196985 -0.00160321)
(-0.0086262 -0.0195709 -0.00210223)
(-0.00732508 -0.0189684 -0.0017549)
(-0.00759026 -0.0190412 -0.00200346)
(-0.00735857 -0.0182619 -0.00187482)
(-0.00639901 -0.016785 -0.00144496)
(-0.00710322 -0.0183448 -0.00164136)
(-0.0066827 -0.0176763 -0.00143043)
(-0.00649857 -0.0176016 -0.00139998)
(-0.00459846 -0.0107396 0.000104611)
(-0.0048165 -0.0110113 0.000172884)
(-0.00420384 -0.0100794 6.72043e-05)
(-0.00477224 -0.0140448 -0.000902989)
(-0.004819 -0.0133686 -0.00039524)
(-0.00453801 -0.0123278 -0.000248054)
(-0.00480941 -0.0132056 -0.00048525)
(-0.00485171 -0.0135077 -0.000450681)
(-0.00491021 -0.0132387 -0.000264681)
(-0.00482584 -0.01268 -0.000171111)
(-0.00451543 -0.0117442 -7.54082e-05)
(-0.0044815 -0.0124433 -0.000253117)
(-0.00436719 -0.0112955 -5.84884e-05)
(-0.00448098 -0.0119211 -0.000108463)
(-0.00458262 -0.0114381 -1.03115e-05)
(-0.00514835 -0.0150724 -0.00126569)
(-0.00487851 -0.0134906 -0.000573884)
(-0.00483263 -0.0138598 -0.000700839)
(-0.00480624 -0.0139906 -0.000916391)
(-0.00484721 -0.012564 -0.000175975)
(-0.00483958 -0.0118258 5.1558e-05)
(-0.00483579 -0.0118465 -9.46015e-05)
(-0.00480364 -0.0128273 -0.000373332)
(-0.00466361 -0.0122134 -0.000151971)
(-0.00495727 -0.00985122 0.000261984)
(-0.00495552 -0.00977017 0.000196286)
(-0.0048418 -0.0104535 0.000276286)
(-0.00466597 -0.0100982 0.000208912)
(-0.00503722 -0.013142 -0.00033338)
(-0.00578783 -0.0157058 -0.00110412)
(-0.00549578 -0.0148075 -0.000818203)
(-0.00592474 -0.0158518 -0.000729987)
(-0.00539711 -0.0145161 -0.000528196)
(-0.00554719 -0.0141551 -0.000426116)
(-0.0049374 -0.0115418 0.000161007)
(-0.00489198 -0.0117764 7.17871e-05)
(-0.00472116 -0.0113722 4.79545e-05)
(-0.00464815 -0.0108612 0.000154676)
(-0.00473547 -0.00946129 -0.000428305)
(-0.00485195 -0.00933495 -0.000365453)
(-0.00466849 -0.00938258 -0.000368958)
(-0.00473861 -0.00944617 -0.000429663)
(-0.00411598 -0.00930602 -0.000116446)
(-0.00403028 -0.00934621 -8.43482e-05)
(-0.00420345 -0.00935373 -0.000109724)
(-0.00410735 -0.00944899 -0.000209407)
(-0.00443101 -0.00963015 -0.000491298)
(-0.00413969 -0.00950643 1.31063e-05)
(-0.00439886 -0.00961779 -0.00021737)
(-0.00421531 -0.00956996 -0.000398329)
(-0.00390348 -0.00998567 0.000175559)
(-0.00439613 -0.0104544 0.000132946)
(-0.00437974 -0.0099107 -5.09452e-05)
(-0.00421654 -0.00981131 -0.000264292)
(-0.00424228 -0.00979786 -0.000286344)
(-0.00455304 -0.00988626 -0.00052355)
(-0.00478867 -0.0101584 -0.000740582)
(-0.00451044 -0.0100861 -0.000683408)
(-0.00463765 -0.0104624 -0.000811395)
(-0.00482403 -0.0105107 -0.000794471)
(-0.00438363 -0.00989327 -0.000563368)
(-0.00486047 -0.0104161 -0.000770673)
(-0.0049489 -0.0109269 -0.000756133)
(-0.00448812 -0.0103579 -0.000758046)
(-0.00501438 -0.0114637 -0.00145406)
(-0.00474102 -0.0107229 -0.000897019)
(-0.00457545 -0.0104076 -0.00108362)
(-0.00454489 -0.0105455 -0.000820827)
(-0.00480418 -0.0111607 -0.0012139)
(-0.00516689 -0.0163179 -0.00172128)
(-0.00505378 -0.0169028 -0.00159169)
(-0.00673318 -0.018129 -0.00142013)
(-0.0060469 -0.0168166 -0.00167459)
(-0.00625614 -0.0167862 -0.00142138)
(-0.00676821 -0.0173505 -0.0014273)
(-0.00730188 -0.0192732 -0.00235595)
(-0.00700088 -0.0180005 -0.00165881)
(-0.00668813 -0.0211821 0.000299776)
(-0.00696394 -0.0214108 0.000335394)
)
;
    }
    INLET
    {
        type            calculated;
        value           nonuniform 0();
    }
    OUTLET
    {
        type            calculated;
        value           nonuniform 0();
    }
    procBoundary2to0
    {
        type            processor;
        value           uniform (0 0 0);
    }
    procBoundary2to3
    {
        type            processor;
        value           uniform (0 0 0);
    }
}


// ************************************************************************* //
