/*--------------------------------*- C++ -*----------------------------------*\
| =========                 |                                                 |
| \\      /  F ield         | OpenFOAM: The Open Source CFD Toolbox           |
|  \\    /   O peration     | Version:  v1612+                                |
|   \\  /    A nd           | Web:      www.OpenFOAM.com                      |
|    \\/     M anipulation  |                                                 |
\*---------------------------------------------------------------------------*/
FoamFile
{
    version     2.0;
    format      ascii;
    class       volVectorField;
    location    "150";
    object      wallShearStress;
}
// * * * * * * * * * * * * * * * * * * * * * * * * * * * * * * * * * * * * * //

dimensions      [0 2 -2 0 0 0 0];

internalField   uniform (0 0 0);

boundaryField
{
    WALL
    {
        type            calculated;
        value           nonuniform List<vector> 
1492
(
(-0.0349851 -0.00577272 0.0384983)
(-0.0339222 -0.00704655 0.0357608)
(-0.0250404 0.00234269 0.0320512)
(-0.0229716 0.00463371 0.0360242)
(-0.00416722 -0.0125703 0.0164636)
(-0.0106434 0.0140069 0.0365347)
(-0.0124936 0.0121571 0.0417243)
(0.00187341 0.000291286 -0.00182248)
(0.00143269 0.000149483 -0.00118295)
(-0.0313204 -0.00774072 0.0286419)
(-0.0299998 -0.00718977 0.0279456)
(-0.0187511 0.00442759 0.0422315)
(-0.0144402 0.00409024 0.0433645)
(-0.0239743 0.00290802 0.0470987)
(-0.0263077 0.00238867 0.0431522)
(-0.00857395 0.0115288 0.0542005)
(-0.0147619 0.0120406 0.0406369)
(-0.0150624 0.00697828 0.019468)
(-0.0187599 0.00830997 0.0296337)
(-0.0240741 -0.010422 0.015553)
(-0.0251058 -0.0108313 0.017989)
(-0.0162834 -0.00189634 0.0263457)
(-0.0176284 -0.00367508 0.0260836)
(0.00298979 0.00133188 -0.00396894)
(0.00300835 0.00162822 -0.00406324)
(0.00285415 0.0017477 -0.00414786)
(0.0023258 0.00188269 -0.0036139)
(-0.0156045 -0.00560797 0.0178994)
(-0.0145744 -0.00490682 0.015454)
(0.00326918 0.00156451 -0.00404046)
(0.0036703 0.00167337 -0.00459366)
(-0.0158898 0.00391167 0.046488)
(-0.0167645 -0.00133891 0.0523353)
(-0.033644 -0.00963951 0.033767)
(-0.0360914 -0.00844281 0.0360348)
(-0.0346845 -0.00795204 0.0350587)
(-0.0329751 -0.00845894 0.0339132)
(-0.0387485 -0.00931125 0.0381254)
(-0.0339398 -0.00940284 0.0353668)
(-0.0351113 -0.00675233 0.0365993)
(-0.0329778 -0.00602273 0.0355846)
(-0.0374174 -0.0115573 0.0380376)
(-0.0434887 -0.0107753 0.0387697)
(0.00134349 0.000833339 -0.00186449)
(0.000583423 5.36346e-05 -0.000596303)
(-0.0278821 -0.00804235 0.03236)
(-0.0254655 -0.00656389 0.0311629)
(-0.0296225 -0.00606832 0.0294352)
(-0.0316641 -0.00787383 0.0289967)
(-0.033879 -0.00556439 0.0355641)
(-0.03246 -0.00545505 0.0325665)
(-0.0160009 -0.0395255 0.0242912)
(-0.0147164 0.00474895 0.0463911)
(0.00114424 0.000367906 -0.0014436)
(0.000467342 -4.58189e-05 -0.000562087)
(-0.0100668 0.00995528 0.0243639)
(-0.00903098 0.00799321 0.0183261)
(-0.0368379 -0.0317571 -0.0104658)
(0.00238436 0.00162945 -0.00351982)
(0.00264777 0.00172169 -0.0036399)
(0.00294021 0.00248717 -0.00389586)
(0.00295603 0.00190926 -0.00383749)
(0.00311816 0.00201735 -0.00368858)
(0.00272642 0.00175802 -0.00331623)
(0.00278817 0.00154514 -0.00367178)
(-0.018957 0.0048488 0.0439373)
(-0.0184205 0.0051331 0.0483698)
(-0.022485 0.00366002 0.0442242)
(-0.0233364 0.00492604 0.043885)
(-0.0173648 0.00396429 0.0399998)
(-0.0181861 0.00361218 0.0445022)
(-0.0245234 -0.000251684 0.0396816)
(-0.0274895 -0.00310982 0.0381482)
(-0.0236405 -0.00156201 0.0359172)
(-0.0241196 -0.00120767 0.035528)
(-0.0262571 -0.00300577 0.0358167)
(-0.0240432 -0.00179326 0.0349108)
(-0.00474704 -0.00732562 0.0325629)
(-0.00366321 -0.00883424 0.028597)
(-0.00332367 -0.0100579 0.0241858)
(-0.0177265 -0.0034097 0.0294032)
(-0.0183352 -0.00248984 0.0323593)
(-0.0191549 -0.00511167 0.0292745)
(-0.0150009 0.000145708 0.0257209)
(-0.0148063 0.00156284 0.0281114)
(-0.0150224 -0.000366297 0.0289521)
(-0.00102495 -0.00359373 0.0302021)
(-0.00155899 -0.00323546 0.0309345)
(-0.00259767 -0.00254546 0.0345641)
(-0.00244621 -0.0017274 0.0322949)
(-0.000739053 -0.00374982 0.0250152)
(-0.0020206 -0.000885956 0.0364316)
(-0.0321375 -0.0106652 0.032776)
(-0.0317049 -0.0122551 0.0346631)
(-0.0286724 -0.0124163 0.033475)
(-0.0328994 -0.0128757 0.0353405)
(-0.0323155 -0.0117045 0.0337077)
(-0.0332608 -0.00737239 0.0325458)
(-0.0316257 -0.00697135 0.0333274)
(-0.0333112 -0.00557333 0.0318324)
(-0.0308902 -0.0069494 0.0306028)
(-0.0339313 -0.00851342 0.0336944)
(-0.0331401 -0.00645771 0.0349261)
(-0.0320425 -0.00843061 0.0354772)
(-0.0343429 -0.00608688 0.0363714)
(-0.037508 -0.0068634 0.0385302)
(-0.0356177 -0.00969909 0.0382808)
(-0.0371198 -0.00967824 0.0396368)
(-0.0196035 -0.00776262 0.0223817)
(-0.0218074 -0.00598929 0.0270265)
(-0.0251432 -0.00785386 0.0301586)
(-0.019736 -0.0049411 0.0264489)
(-0.0139978 -0.00167819 0.0268718)
(-0.00963821 -0.000996995 0.0272297)
(-0.0127174 -0.000640768 0.030371)
(-0.00952522 -0.00153166 0.0234403)
(-0.0119519 -0.00211107 0.0260403)
(-0.0142386 -0.00132122 0.0298169)
(0.00199268 0.000823108 -0.0024006)
(0.00163182 0.000900981 -0.00231587)
(0.000463249 -0.00040422 0.000558517)
(0.000446083 -0.000464953 0.000269483)
(0.000899776 -0.000176472 -0.000187172)
(-0.0318702 -0.00694085 0.0333394)
(-0.0345261 -0.00825081 0.0374928)
(-0.0355981 -0.00724325 0.0359893)
(-0.0361587 -0.00857263 0.0373431)
(-0.0350144 -0.00696036 0.0351533)
(-0.0365097 -0.00655835 0.037841)
(-0.0393114 -0.0158117 0.0390469)
(-0.0417144 -0.0129716 0.0404295)
(-0.0438583 -0.011236 0.0422596)
(-0.0348797 -0.00964575 0.0356064)
(-0.0359516 -0.0142254 0.0378131)
(-0.0451072 -0.015882 0.0317371)
(-0.0441966 -0.0174114 0.0254959)
(-0.0446816 -0.0157948 0.0325411)
(-0.0419358 -0.0148026 0.0302597)
(-0.0503891 -0.0203456 0.033041)
(-0.0429748 -0.0170581 0.0299472)
(-0.0325422 -0.0136486 0.0363434)
(-0.0299601 -0.0123691 0.0383795)
(-0.0275824 -0.011644 0.0404856)
(-0.0261821 -0.010304 0.0431378)
(-0.0300292 -0.0123072 0.0371552)
(-0.0273671 -0.0111677 0.0395464)
(-0.0336347 -0.0133576 0.0383787)
(-0.0307894 -0.0120655 0.0338028)
(-0.0353069 -0.0120583 0.0333706)
(-0.0329107 -0.0122545 0.035851)
(-0.0324679 -0.0126477 0.0344851)
(-0.033297 -0.0112646 0.031407)
(-0.0333627 -0.0122867 0.0361097)
(-0.0315362 -0.00547283 0.0345166)
(-0.032491 -0.00529127 0.0333906)
(-0.0367982 -0.00589937 0.037223)
(-0.0343771 -0.00726256 0.036759)
(-0.0332505 -0.00492236 0.0346448)
(-0.0336818 -0.00798052 0.037214)
(-0.03364 -0.00523831 0.0369739)
(-0.0317136 -0.00640821 0.0346569)
(-0.0321512 -0.00859786 0.0320986)
(-0.0334103 -0.00925007 0.0325178)
(-0.0328364 -0.00963633 0.0317437)
(-0.032973 -0.010762 0.0329106)
(-0.0332374 -0.00942319 0.0323847)
(-0.029405 -0.009108 0.0284549)
(-0.0318544 -0.00841217 0.0313399)
(-0.0322095 -0.00921146 0.031364)
(-0.0325553 -0.0101105 0.0338024)
(-0.0320783 -0.0106704 0.0330231)
(-0.0331374 -0.00893096 0.0336567)
(-0.0352023 -0.00948029 0.0346717)
(-0.0181623 -0.00798142 0.0485596)
(-0.0169601 -0.00646018 0.0488218)
(-0.0217833 -0.00980575 0.0476211)
(-0.0230813 -0.0118754 0.0412684)
(-0.020902 -0.0112285 0.04545)
(-0.0246379 -0.00249506 0.0167847)
(-0.0245615 -0.00132468 0.0179691)
(-0.00135523 -0.00318347 0.00759807)
(-0.000959882 -0.00148489 0.00367889)
(-0.00144253 -0.00259863 0.00648524)
(-0.000727301 -0.00200232 0.00410082)
(-0.00147916 -0.00345148 0.00885757)
(-0.0078626 -0.0226819 0.0271559)
(-0.01457 -0.0359196 0.027231)
(-0.0132082 -0.0355654 0.0291322)
(-0.00846956 -0.0199087 0.0213083)
(-0.013628 -0.0291353 0.0306997)
(-0.0115376 -0.0318472 0.0235414)
(-0.00214398 -0.00390012 0.0197002)
(-0.0022329 -0.00328745 0.0108052)
(-0.00201373 -0.00414557 0.0166938)
(-0.00234985 -0.00370035 0.015945)
(-0.00251713 -0.0041527 0.0129647)
(-0.0019638 -0.00345405 0.0105524)
(-0.006704 -0.00186567 0.0535724)
(-0.00842821 0.000754692 0.0475888)
(-0.00645389 -0.00220638 0.048094)
(-0.0139771 -0.000376597 0.0515493)
(-0.00541536 0.00179544 0.0443535)
(-0.0100153 0.00209031 0.048986)
(0.00110802 -5.69861e-05 -0.000731326)
(0.000290306 -0.00040469 0.000583072)
(0.00142633 0.000114099 -0.000986631)
(0.00169331 0.000548306 -0.00179538)
(0.00145078 0.000519518 -0.00160646)
(0.000702289 -0.00062042 0.000639768)
(0.000393435 7.08587e-05 -0.000595617)
(0.000891524 0.000398175 -0.00135574)
(-0.000982856 -0.0010492 0.00237007)
(-7.23327e-05 -0.00069807 0.00111834)
(0.000231494 -0.000790463 0.00104494)
(0.00317079 0.00124319 -0.00340923)
(0.00291058 0.00126209 -0.00330912)
(0.00355296 0.00156881 -0.00410347)
(0.00413362 0.00175277 -0.00464522)
(0.00380217 0.00197214 -0.00473455)
(0.00321831 0.0013701 -0.00369864)
(0.00180814 0.00182042 -0.00214219)
(0.00134974 0.00159121 -0.00162344)
(0.00346151 0.00248466 -0.00394809)
(0.00247049 0.00174437 -0.00313355)
(0.00420299 0.0025873 -0.00515972)
(0.00394907 0.00243346 -0.00451888)
(0.00102418 0.00212373 -0.00181838)
(-0.00830921 0.00015286 0.00960913)
(-0.00747717 -0.000121433 0.00867564)
(-0.0110734 -0.0013785 0.0132868)
(-0.00777854 -0.00100335 0.00874942)
(-0.0100429 -0.00165435 0.0118104)
(-0.00878448 -0.000122453 0.0111053)
(-0.00623957 0.0015737 0.00742653)
(-0.00670733 0.00209483 0.00836772)
(-0.00886114 0.00115884 0.0119166)
(-0.00957705 0.0019733 0.0132959)
(-0.00677841 0.00118188 0.00830968)
(-0.007254 0.00216355 0.00993816)
(-0.00107241 0.000863006 0.000957927)
(-0.00316456 0.00134488 0.00337617)
(-0.00181804 0.00137393 0.00170163)
(-0.00525769 0.0012099 0.00564452)
(-0.00445814 0.000567022 0.00469175)
(-0.00221578 0.000208475 0.00210568)
(-0.00122604 0.00227388 0.000809347)
(-0.000253213 0.00168006 -0.000163634)
(-0.00135559 0.00180379 0.0010628)
(-0.00298055 0.00252052 0.00330192)
(-0.00290618 0.00222855 0.0035233)
(0.00261125 0.00101915 -0.00319031)
(0.0028053 0.00140982 -0.00379318)
(0.00254613 0.00116613 -0.00322785)
(0.00304874 0.00168204 -0.00410936)
(0.00316082 0.0014997 -0.00406167)
(0.00273621 0.00110254 -0.00349464)
(0.00115889 0.00147645 -0.00195121)
(2.50772e-05 0.00159661 -0.000692905)
(0.000503174 0.00139017 -0.00118669)
(0.00213922 0.00143429 -0.00305736)
(0.00183127 0.00143349 -0.00260969)
(0.00239634 0.00158713 -0.00333407)
(-0.0169798 -0.00268626 0.0384013)
(-0.0213183 -0.00625634 0.038754)
(-0.0184869 -0.00348684 0.0362779)
(-0.0171274 -0.00167216 0.0354609)
(-0.0174249 -0.00071074 0.0388597)
(-0.0219 -0.00591965 0.0413665)
(-0.0219413 -0.00738985 0.0321507)
(-0.0221202 -0.00613899 0.0357188)
(-0.0244222 -0.00990024 0.0325625)
(-0.0267798 -0.0107521 0.0340392)
(-0.0220201 -0.00817684 0.0304388)
(-0.0251114 -0.00928966 0.0358664)
(-0.0126713 0.00671134 0.0282848)
(-0.0112408 0.00543888 0.0287262)
(-0.0147836 0.00221153 0.0319264)
(-0.0127604 0.00346393 0.0266623)
(-0.0122717 0.00398527 0.0243794)
(-0.015277 0.00354142 0.0350554)
(-0.00219855 -0.00321395 0.00392468)
(0.00164587 0.00134044 -0.00110191)
(-0.00193571 -0.0128312 0.00838593)
(-0.00231241 -0.0046362 0.0018636)
(-0.00102803 -0.000800787 0.00121969)
(0.0011796 0.000491404 -0.000722096)
(-0.010277 -0.0179551 0.00693728)
(-0.0303362 -0.00995847 0.028043)
(-0.0282752 -0.0108008 0.0248748)
(-0.0278373 -0.0101523 0.0240775)
(-0.0284381 -0.0092887 0.0264513)
(-0.0284602 -0.0100599 0.0258056)
(-0.0287585 -0.0085258 0.0236395)
(-0.0233032 -0.0143407 0.0315418)
(-0.0227956 -0.0139495 0.0360477)
(-0.0172122 -0.0120603 0.0379739)
(-0.0195445 -0.0139669 0.0328899)
(-0.0151785 -0.0118286 0.0337058)
(-0.0226183 -0.0139101 0.0343431)
(-0.0178011 -0.0104317 0.0434549)
(-0.0146259 -0.00826211 0.0469204)
(-0.0153378 -0.00611563 0.049019)
(-0.0189117 -0.0111329 0.0454923)
(-0.0112497 -0.00238732 0.0524524)
(-0.0128769 -0.00290386 0.0530405)
(-0.00928239 -0.0142009 0.0207547)
(-0.01028 -0.0148346 0.0180729)
(-0.0137772 -0.0144168 0.0156224)
(-0.010034 -0.0137521 0.0207194)
(-0.0128911 -0.0139068 0.0179893)
(-0.0114928 -0.0155173 0.0175691)
(-0.00520583 -0.013807 0.016251)
(-0.00694981 -0.0135228 0.0146623)
(-0.00860767 -0.0132825 0.0133202)
(-0.0237933 -0.008284 0.0160385)
(-0.0229125 -0.0114449 0.0157067)
(-0.0250178 -0.0104262 0.0184891)
(-0.0247851 -0.0101343 0.0171453)
(-0.0228565 -0.00792123 0.0134703)
(-0.0216772 -0.00896245 0.0129251)
(-0.0275346 -0.00879134 0.0213709)
(-0.0258618 -0.010622 0.0216391)
(-0.0248355 -0.00995826 0.0196919)
(-0.0248717 -0.0101597 0.0184951)
(-0.0253486 -0.0105417 0.0193058)
(-0.0233663 -0.0119973 0.0209375)
(-0.0249681 -0.0118912 0.0218088)
(-0.0259847 -0.0125667 0.0233631)
(-0.022374 -0.0141207 0.0222186)
(-0.0230665 -0.0136122 0.0211732)
(-0.0236264 -0.012912 0.0211374)
(-0.00349376 -0.00793621 0.0323537)
(-0.00538087 -0.00813545 0.0353762)
(-0.00454481 -0.00654617 0.0345816)
(-0.00570188 -0.00572083 0.0381661)
(-0.00497954 -0.00400382 0.0381603)
(-0.00407555 -0.00930653 0.030319)
(-0.0220974 -0.00913049 0.012003)
(-0.0193936 -0.0100111 0.00965174)
(-0.0207405 -0.00939508 0.0107722)
(-0.0108337 0.0106772 0.0227467)
(-0.0116035 0.0154284 0.0310183)
(-0.0111212 0.0142836 0.0302057)
(-0.013263 0.0116944 0.0274421)
(-0.0107887 0.0151006 0.0359755)
(-0.0129519 0.015983 0.0411498)
(-0.0136796 0.0156444 0.036908)
(-0.0138688 0.0109304 0.0263619)
(-0.0169945 0.0103492 0.0287225)
(-0.0174727 0.0109781 0.0344583)
(-0.0163768 0.0122428 0.0343395)
(-0.0148854 0.00833355 0.0237382)
(-0.0221827 0.00195354 0.0436768)
(-0.021412 0.00166171 0.038302)
(-0.0228413 0.00181243 0.0403577)
(-0.0212482 0.00183144 0.0410655)
(-0.0240109 0.000890781 0.0384839)
(-0.0258003 0.000968492 0.0421241)
(-0.00523674 -0.00310483 0.0133112)
(-0.00398799 -0.00267926 0.00951827)
(-0.00652826 -0.00282349 0.0180047)
(-0.00947736 -0.00267584 0.0194302)
(-0.0080936 -0.00264672 0.0204493)
(-0.00959989 -0.00273694 0.0211395)
(-0.00749429 -0.00289409 0.0171714)
(-0.00654326 -0.00265783 0.0148127)
(-0.0283535 0.00152904 0.0384122)
(-0.0315855 0.00117254 0.0414945)
(-0.0291738 0.00338045 0.0418793)
(-0.0320439 5.45227e-05 0.0430201)
(-0.0284439 0.00120097 0.0403353)
(-0.0124727 0.00445973 0.0471669)
(-0.00659541 0.00222951 0.04351)
(-0.00695359 0.00115713 0.0385172)
(-0.0121915 0.00335907 0.0436359)
(-0.00881728 0.00242678 0.0408136)
(-0.00918571 0.00349319 0.0433251)
(-0.0154606 0.00613167 0.0462668)
(-0.0179681 0.0061118 0.0458906)
(-0.018757 0.00596635 0.0496635)
(-0.0120489 0.00574161 0.0440828)
(-0.0159359 0.00246708 0.049516)
(-0.0315716 -0.00354275 0.032428)
(-0.0298289 -0.0043256 0.0299648)
(-0.032147 -0.00563157 0.034169)
(-0.0276364 -0.0058129 0.0277504)
(-0.0321113 -0.00391218 0.0344963)
(-0.0331699 -0.00360314 0.0371713)
(-0.0318612 -0.00228978 0.0363605)
(-0.0321798 -0.000640569 0.039445)
(-0.0300931 -0.000625267 0.0351463)
(-0.0331334 -0.00128919 0.0401338)
(-0.0294712 -0.00250204 0.0334808)
(-0.0329809 -0.00512096 0.0373977)
(-0.0325761 -0.00147396 0.039845)
(-0.0338543 -0.00365396 0.0410407)
(-0.0316037 -0.00281994 0.0359582)
(-0.0328315 -0.00200263 0.0388154)
(-0.0313316 -0.00367957 0.0361625)
(-0.0287082 0.00108974 0.0329803)
(-0.0297893 -0.000702769 0.0314652)
(-0.030256 -0.00117327 0.0308824)
(-0.0279292 0.00143178 0.0335922)
(-0.0279103 0.00034861 0.0317594)
(-0.0270905 0.000100667 0.0280518)
(-0.0327209 -0.00371886 0.030076)
(-0.0301092 -0.00386044 0.0264827)
(-0.0285961 -0.00335357 0.0271641)
(-0.0272535 -0.00473292 0.0241075)
(-0.0303822 -0.00223584 0.0292376)
(-0.0308644 -0.00359323 0.0289377)
(-0.025612 -0.00315771 0.0195438)
(-0.0275189 -0.00174977 0.0242458)
(-0.0284668 -0.00413049 0.0230309)
(-0.0282851 -0.00433656 0.0219703)
(-0.0272047 -0.00331033 0.023655)
(-0.0276826 -0.00273462 0.0229729)
(-0.0305317 0.000196348 0.0364042)
(-0.0298358 -0.0012283 0.0351139)
(-0.0316012 -0.00206762 0.0353619)
(-0.029692 0.00043061 0.0367561)
(-0.0325291 -0.00177612 0.0353395)
(-0.0276823 -0.000305018 0.0304845)
(-0.0272811 0.001513 0.036608)
(-0.0257585 0.00385182 0.0381571)
(-0.0233682 0.00429064 0.032054)
(-0.0243773 0.00406055 0.0358097)
(-0.0245321 0.00364203 0.0405705)
(-0.0227571 0.00427724 0.0411434)
(-0.0212646 0.0034387 0.0372097)
(-0.0241744 0.00399094 0.0396287)
(-0.0267651 0.000672971 0.0289336)
(-0.0244666 0.00108051 0.0224006)
(-0.0270216 -0.000508521 0.0243246)
(-0.0253218 0.0022235 0.0287684)
(-0.0257923 0.0020788 0.0262197)
(-0.0273585 0.000386493 0.0268081)
(-0.000669165 -0.00186617 0.00533533)
(-0.000834478 -0.00185161 0.00445522)
(-0.0011324 -0.0025115 0.0074304)
(-0.0023219 -0.00241915 0.00787085)
(-0.000641763 -0.00158314 0.00378486)
(-0.0258343 0.0032907 0.0377916)
(-0.0276472 0.00247358 0.0395031)
(-0.0237534 0.00436081 0.0421526)
(-0.0249972 0.00430365 0.041495)
(-0.0284719 0.00324228 0.0389772)
(-0.0281245 0.00260564 0.0443193)
(-0.0293445 0.0010981 0.0426778)
(-0.0308543 0.00241474 0.0416868)
(-0.0261622 0.00336238 0.0413039)
(-0.0279619 0.00245622 0.0392638)
(-0.0298917 0.00121168 0.0409199)
(-0.0275383 0.00458536 0.0426548)
(-0.0124343 0.000380819 0.0536529)
(-0.0116614 0.00484483 0.0490078)
(-0.00920992 0.00772774 0.0469229)
(-0.0138268 -0.000278797 0.0523017)
(-0.00814962 0.0100233 0.0505126)
(-0.0113411 0.00388629 0.0547927)
(-0.0107201 0.0130436 0.0303608)
(-0.0115513 0.0142875 0.033977)
(-0.009492 0.0140873 0.0370325)
(-0.0102182 0.0135137 0.0435578)
(-0.0102474 0.0117486 0.047098)
(-0.00866574 0.0139891 0.0396444)
(-0.0185915 -0.00177755 0.0523798)
(-0.0157333 -0.00164605 0.0502642)
(-0.0131664 0.0040757 0.0468853)
(-0.0166866 -0.00343477 0.0475675)
(-0.0132897 0.00397374 0.0445543)
(-0.0135134 0.00696729 0.0498518)
(-0.0122907 0.00422014 0.0504182)
(-0.00997231 0.00363399 0.0470667)
(-0.00765697 -0.00266812 0.0431382)
(-0.0103946 0.00522771 0.0460621)
(-0.00584288 0.00259083 0.0467459)
(-0.00688658 0.000922449 0.0440965)
(-0.00839784 0.00401677 0.0480964)
(-0.00716524 -0.00416495 0.0376164)
(-0.00840556 -0.00341155 0.0365948)
(-0.0112292 -0.00251465 0.0371396)
(-0.00699821 -0.000542981 0.0400907)
(-0.0130171 -0.000932732 0.0425926)
(-0.0127143 0.000230707 0.0391386)
(-0.0205291 0.00851538 0.037895)
(-0.022889 0.00717462 0.0346534)
(-0.0220831 0.00496244 0.0303149)
(-0.0195372 0.0104148 0.0345276)
(-0.020287 0.00508174 0.02666)
(-0.0278946 0.00145473 0.0310744)
(-0.0276865 0.00326766 0.035397)
(-0.0302606 -0.000435104 0.0292201)
(-0.0280103 0.000690649 0.0363553)
(-0.0140638 -0.0137162 0.0218186)
(-0.0172715 -0.0160028 0.0226565)
(-0.018116 -0.0141745 0.0202849)
(-0.020862 -0.0148174 0.0229182)
(-0.0179028 -0.0149194 0.0249891)
(-0.00476888 0.00253887 0.00575882)
(-0.00755644 0.00294638 0.0104698)
(-0.00513505 0.0019331 0.00646146)
(-0.00425796 0.00195664 0.00501886)
(-0.00667132 0.00257589 0.0092052)
(-0.00556096 0.00291983 0.00751278)
(-0.00228746 0.00199514 0.00221023)
(-0.00258778 0.00215162 0.00265364)
(-0.00369108 0.00275917 0.00446203)
(-0.00332148 0.00235539 0.0036871)
(-0.00479852 0.00302344 0.00630653)
(-0.00535226 0.00320919 0.00696469)
(-0.00136381 0.00185467 0.00103591)
(-0.000264331 0.001535 -0.000338957)
(-0.00179603 0.00209361 0.001352)
(0.000940824 0.0014622 -0.00153994)
(-0.000233958 0.00156212 -0.000140373)
(0.00155087 0.00167635 -0.00230122)
(0.00181422 0.00179127 -0.00277016)
(-0.00377503 0.00204585 0.00406617)
(-0.00298187 0.00134688 0.00311205)
(-0.00145216 0.00122169 0.00137471)
(-0.00271666 0.00219279 0.00274557)
(-0.000841502 0.00181824 0.000383405)
(-0.000300809 0.00178919 -0.000192676)
(-0.00378827 -0.011547 0.0248071)
(-0.00665478 -0.0168088 0.0285106)
(-0.00663139 -0.0124645 0.0323853)
(-0.00364478 -0.0109122 0.0281248)
(-0.0100973 -0.0192658 0.0306866)
(-0.00798405 -0.0180474 0.0352383)
(-0.0146249 -0.0335593 0.0303375)
(-0.0105443 -0.0237786 0.034458)
(-0.0140679 -0.028 0.0320178)
(-0.0128632 -0.0255401 0.0336772)
(-0.0131792 -0.0287767 0.0308114)
(-0.0147316 -0.0322911 0.0272435)
(-0.0411192 -0.0107722 0.0350829)
(-0.0352483 -0.00975991 0.0296958)
(-0.0348069 -0.00890362 0.0300124)
(-0.0362894 -0.0107016 0.0339658)
(-0.0376934 -0.0118465 0.0367117)
(-0.0383495 -0.0109798 0.0319652)
(-0.0365024 -0.00877809 0.0336344)
(-0.0375351 -0.00953644 0.0355696)
(-0.033946 -0.00788584 0.0325884)
(-0.0374223 -0.00985541 0.0362015)
(-0.0341922 -0.00838402 0.0345537)
(0.00313938 0.00307294 -0.00360407)
(0.00453993 0.00306502 -0.00439383)
(-0.000337172 0.000903839 -0.000570548)
(0.00393748 -0.000668428 -0.00120205)
(0.00420096 0.00284371 -0.00281416)
(0.00392603 0.00444468 -0.00351307)
(0.000857991 0.00146421 -0.00141508)
(-0.0380537 -0.00966674 0.0342536)
(-0.0101167 -0.0209769 0.0383281)
(0.00268047 0.00167422 -0.00340213)
(0.00314076 0.00132586 -0.00359078)
(0.00298075 0.00161182 -0.00389094)
(0.0020794 0.00166852 -0.00309189)
(-0.000683163 0.00149824 0.000100039)
(-0.00606176 0.00360604 0.00851634)
(-0.00468396 0.00242708 0.00566455)
(-0.00293782 0.00256332 0.0032924)
(-0.00292534 0.00171577 0.00329346)
(-0.00842001 0.00376691 0.012786)
(-0.00986464 0.00419924 0.0160633)
(-0.00923109 0.00492824 0.0148466)
(-0.00733809 0.00434297 0.0114195)
(-0.00649701 0.00414206 0.00946932)
(-0.00789178 0.00475425 0.0123615)
(-0.0121103 -0.0126348 0.0265302)
(-0.021586 -0.0139912 0.0274244)
(-0.0153686 -0.0135858 0.0272727)
(-0.0190932 -0.0133992 0.0249706)
(-0.0170011 -0.014782 0.0269076)
(-0.0200645 -0.0132396 0.0231088)
(-0.0238037 -0.0144029 0.0223547)
(-0.0170721 -0.0132076 0.0288331)
(-0.0150798 -0.0129616 0.0293769)
(-0.00678195 -0.00228624 0.0407429)
(-0.0108496 0.00873132 0.0389119)
(-0.0114833 0.00966163 0.0363928)
(-0.0110163 0.00374838 0.0546902)
(-0.00956172 0.0111088 0.0486877)
(-0.0106358 0.00953912 0.04278)
(-0.00949148 0.0133068 0.0316835)
(-0.0131791 -0.00254401 0.048905)
(-0.0299607 -0.00429162 0.0358806)
(-0.0315478 -0.0043599 0.0378195)
(-0.0303811 -0.00738848 0.034832)
(-0.0321611 -0.00645694 0.0361812)
(-0.0317231 -0.00608101 0.0372786)
(-0.0337279 -0.00442742 0.0394712)
(-0.0232573 -0.00687383 0.0134728)
(-5.81918e-05 -0.000993955 0.00185464)
(-0.000947912 -0.00160952 0.00352369)
(-0.000569559 -0.00112882 0.00233622)
(-0.000814762 -0.00127038 0.00287139)
(-0.00124953 -0.00195538 0.00521104)
(-0.00153661 -0.00192124 0.00499826)
(-0.0239432 -0.00645849 0.0135141)
(-0.0273825 -0.00706717 0.0222741)
(-0.0200099 0.00376674 0.0411989)
(-0.0290744 0.000168441 0.0363022)
(-0.0292733 0.00132946 0.0392346)
(-0.0274664 -0.00464789 0.0221438)
(-0.0283218 -0.00283327 0.0292242)
(-0.0274388 -0.00237885 0.0257723)
(-0.0285331 -0.00191169 0.0290399)
(-0.0272409 -0.00123288 0.0259695)
(-0.0259966 0.00188789 0.03092)
(-0.0270473 0.00208623 0.0366075)
(-0.0273952 0.00129707 0.03343)
(-0.0323897 -0.00214137 0.0357077)
(-0.0306059 -0.00347193 0.033263)
(-0.0304885 -0.00226807 0.0328494)
(-0.0283692 0.000689681 0.042084)
(-0.0275954 0.00276607 0.0414961)
(-0.025614 0.00546242 0.0429709)
(-0.0242256 0.00374707 0.0406277)
(-0.0297142 0.00126712 0.0449758)
(-0.0290352 -0.000106988 0.0371454)
(-0.0294216 -0.00192519 0.0364028)
(-0.029117 0.00117189 0.0406361)
(-0.0325415 -0.00142536 0.0422971)
(-0.0296874 -0.000233221 0.0384317)
(-0.0105793 -0.000118186 0.0336852)
(-0.0113971 -0.000105887 0.0356281)
(-0.00744133 0.000550186 0.0323665)
(-0.0127787 -0.000354508 0.0331997)
(-0.0149413 -2.9245e-05 0.0324147)
(-0.016419 0.00163995 0.0347756)
(-0.0130386 0.000894835 0.0340902)
(-0.0152164 0.00087445 0.0360652)
(-0.00702745 0.001074 0.0392235)
(-0.00870097 0.000634055 0.0352642)
(-0.00768676 1.10234e-06 0.0354547)
(-0.00800977 0.00177974 0.0376982)
(-0.0176381 0.00227102 0.0384295)
(-0.0113963 0.00157156 0.0381465)
(-0.0129497 0.00209243 0.0376327)
(-0.0164286 0.00178392 0.0383553)
(-0.0163267 0.00375621 0.0430994)
(-0.0119291 0.00185345 0.0417516)
(-0.00458986 -0.00203596 0.0210797)
(-0.00798688 -0.000538828 0.0305263)
(-0.00700045 -0.00243621 0.0231198)
(-0.00826906 -0.00134398 0.0245144)
(-0.00252683 -0.0024953 0.00983638)
(-0.00395853 -0.00280785 0.0178214)
(-0.00182315 -0.00267014 0.00934743)
(-0.00334866 -0.00353634 0.0184661)
(-0.0027333 -0.00325689 0.0123246)
(-0.00350607 -0.00284116 0.0153051)
(-0.00641426 -0.00229948 0.0209917)
(-0.0084245 -0.00262105 0.0231956)
(-0.00214285 -0.00277179 0.00874062)
(-0.00343867 -0.00276273 0.012689)
(-0.00647933 -0.00306478 0.0141159)
(-0.00299442 -0.00263106 0.0107895)
(-0.00414445 -0.00302363 0.0130046)
(-0.00542485 -0.00310852 0.0189366)
(-0.00532272 -0.00249744 0.0161277)
(-0.00372171 -0.00263828 0.0158159)
(-0.00289828 -0.0027981 0.0124367)
(-0.00280889 -0.00267504 0.0103778)
(-0.0322183 -0.00487206 0.037769)
(-0.0351814 -0.00562079 0.0393344)
(-0.0303111 -0.00510124 0.0346431)
(-0.0321145 -0.00491285 0.035831)
(-0.0337794 -0.00485396 0.0373654)
(-0.0314504 -0.0098414 0.0344506)
(-0.0293054 -0.0109547 0.0320815)
(-0.0368997 -0.0121633 0.0392127)
(-0.0335832 -0.0149502 0.0334283)
(-0.0340587 -0.0148051 0.0355832)
(-0.0275083 9.23262e-05 0.0384949)
(-0.0247837 0.00275691 0.0416044)
(-0.0268 0.00084405 0.0409974)
(-0.0281293 0.00108437 0.0431852)
(-0.0173912 -0.000339321 0.0345187)
(-0.028906 0.000164377 0.0417719)
(-0.030546 -0.00285164 0.0379528)
(-0.0307114 -0.00256511 0.0395381)
(-0.0300898 -0.000584178 0.0407045)
(-0.028462 -0.00121174 0.0385433)
(-0.0290889 -0.002418 0.0375543)
(-0.0319942 -0.00299831 0.0398875)
(-0.030535 -0.00993389 0.0346938)
(-0.0287846 -0.00811064 0.033866)
(-0.0315532 -0.00932753 0.0361013)
(-0.0335811 -0.00671083 0.0389916)
(-0.0291081 -0.00661806 0.0345261)
(-0.030089 -0.00455496 0.0368876)
(-0.0311218 -0.00539742 0.036787)
(-0.0302411 -0.00538505 0.0366341)
(-0.0106661 0.011118 0.0225662)
(-0.00998894 0.0135936 0.0259548)
(-0.00916006 0.0130568 0.0532885)
(-0.0081686 0.00841348 0.0527762)
(-0.00811879 0.015191 0.0461917)
(-0.00983404 0.0168253 0.04289)
(-0.0109926 0.0100732 0.0484134)
(-0.00686095 0.00504274 0.0508148)
(-0.00755724 0.00817355 0.048544)
(-0.00716809 0.00870807 0.0545626)
(-0.00717619 0.00257707 0.0525774)
(-0.00747761 0.00150388 0.0511002)
(-0.00726958 0.00787646 0.0502413)
(-0.00710829 0.00491346 0.0530763)
(-0.00565586 0.00575429 0.0513401)
(-0.00547507 0.00431381 0.0514656)
(-0.00671929 0.00657746 0.0531094)
(-0.0177027 0.0120074 0.039045)
(-0.0121374 0.0135902 0.0442244)
(-0.00841296 0.0142038 0.0515606)
(-0.0117993 0.0118911 0.0500299)
(-0.0252304 0.00276576 0.028474)
(-0.00744841 -0.00874225 -8.71216e-05)
(-0.00833735 -0.00349954 0.00283498)
(0.000632326 0.00172532 -0.0005814)
(-0.0010159 -0.000386951 -1.17844e-05)
(-0.0069141 0.000668187 0.00528212)
(-0.0128391 0.00095999 0.0102132)
(-0.012501 -0.00231808 0.00582834)
(-0.0208079 -0.00588771 0.00865951)
(-0.0212019 0.00215778 0.0190477)
(-0.0246922 2.45325e-05 0.0229163)
(-0.0190852 0.000340456 0.0147339)
(-0.0231732 -0.00151544 0.013689)
(-0.0276647 -0.00109846 0.0215552)
(-0.0298944 -0.00271535 0.0248225)
(-0.0269613 -0.00462921 0.0164596)
(-0.0193371 0.0046445 0.0216722)
(-0.00771163 0.00222765 0.00767746)
(-0.0105301 0.00368705 0.0109548)
(0.00085653 0.00178681 -0.00176454)
(0.00195302 0.00141307 -0.00249331)
(-0.00133491 0.00189962 0.000998216)
(-0.000723458 0.00162497 0.000378162)
(0.00383972 0.00228692 -0.00288888)
(0.00182895 0.00179883 -0.00232851)
(0.000808836 0.00169711 -0.00100909)
(0.00355904 0.00203052 -0.00349692)
(0.00311356 0.00338151 -0.0031953)
(-0.00291916 0.000878079 0.00218146)
(-0.00427811 0.00242282 0.00414282)
(-0.00265408 0.00162206 0.00236351)
(8.36908e-05 0.00227087 -0.000419418)
(0.00121688 0.00188313 -0.0014208)
(0.000199756 0.0025933 -8.58589e-06)
(-0.0127668 0.00939388 0.0227972)
(-0.00378277 0.0020559 0.00419903)
(-0.00282431 0.0020966 0.00309011)
(-0.00953907 0.0035819 0.0107711)
(-0.00695886 0.00252578 0.00838501)
(-0.00533094 0.00267672 0.0059977)
(-0.0108237 0.00783346 0.0179485)
(-0.0102272 0.00541618 0.0146996)
(-0.00642548 0.00348877 0.00829945)
(-0.00756979 0.00384002 0.0102426)
(-0.0107411 0.00736076 0.0183778)
(-0.0096945 0.0061855 0.0151391)
(-0.00939543 0.00821435 0.0167343)
(-0.00901442 0.00486923 0.012377)
(-0.0229334 -0.00739071 0.0128495)
(-0.0210735 -0.00991607 0.0119807)
(-0.0196301 -0.0100156 0.011059)
(-0.0262084 -0.00829392 0.0190175)
(-0.0236984 -0.0110925 0.016748)
(-0.0216704 -0.011431 0.013671)
(-0.0249312 -0.0126182 0.0207491)
(-0.0221723 -0.0149398 0.0219572)
(-0.0197782 -0.0135326 0.0153472)
(-0.0169864 -0.0122737 0.0124188)
(-0.0210788 -0.0142787 0.0202302)
(-0.0191543 -0.0138395 0.016207)
(-0.00566562 -0.0114771 0.0235192)
(-0.00486664 -0.00983722 0.0256638)
(-0.0130198 -0.0122513 0.0100782)
(-0.00510327 -0.012063 0.0193551)
(-0.0160944 -0.0147101 0.0152596)
(-0.0107068 -0.0141909 0.0148582)
(-0.0133121 -0.0128958 0.0122347)
(-0.0177729 -0.013797 0.0174954)
(-0.0176356 -0.0159698 0.0210852)
(-0.0167688 -0.0133694 0.0150468)
(-0.0151576 -0.0151726 0.0165978)
(-0.00532631 -0.0124973 0.0231915)
(-0.00778639 -0.0143955 0.0184214)
(-0.00688946 -0.0137473 0.0212447)
(-0.00654346 -0.0124436 0.0210212)
(-0.0225865 -0.0122562 0.0386737)
(-0.0149209 -0.00463646 0.0495453)
(-0.0204404 -0.0115758 0.0400479)
(-0.0190568 -0.0123008 0.0396002)
(-0.00592545 0.000441276 0.0499639)
(-0.0062367 -0.0109362 0.027449)
(-0.0131519 -0.0148502 0.0258126)
(-0.00823609 -0.0124316 0.0281386)
(-0.0122739 -0.0146844 0.0243538)
(-0.00630249 -0.0118978 0.0242858)
(-0.0144151 -0.0127606 0.0332497)
(-0.0143753 -0.011591 0.0363192)
(-0.00978962 -0.00846054 0.0384715)
(-0.00822621 -0.00713769 0.0442247)
(-0.00621678 0.000249007 0.0482296)
(-0.00825729 -0.00353978 0.0465028)
(-0.0242059 -0.0139887 0.0306061)
(-0.0236458 -0.0135726 0.0286705)
(-0.0282098 -0.00679104 0.024144)
(-0.0323826 -0.00768217 0.02859)
(-0.0316628 -0.00696176 0.0285907)
(-0.0292762 -0.00920327 0.0252017)
(-0.0283809 -0.00885571 0.0238874)
(-0.0278594 -0.0114624 0.023943)
(-0.0249214 -0.0130604 0.0272882)
(-0.0248634 -0.0135913 0.0243362)
(-0.0258105 -0.0133049 0.0265255)
(-0.0286048 -0.0119817 0.025813)
(-0.0263625 -0.0112296 0.0233513)
(-0.0306682 -0.00881444 0.0303636)
(-0.0299715 -0.00780478 0.0292615)
(-0.0225876 -0.0400801 -0.0036757)
(-0.0187673 -0.0369294 0.00578538)
(-0.0233416 -0.0404903 0.00427722)
(-0.0227379 -0.0102631 0.0018774)
(-0.0254013 -0.0224214 -0.0029843)
(-0.00703452 0.00479751 0.0105174)
(-0.0114836 0.0119617 0.029146)
(-0.0107635 0.0114346 0.0249971)
(-0.0096476 0.0093966 0.0191187)
(-0.0095514 0.0108013 0.0221458)
(-0.00969323 0.00588536 0.0174034)
(-0.0141932 0.00191805 0.0422002)
(-0.0109563 0.00423177 0.0198159)
(-0.0117321 0.00452025 0.0211008)
(-0.0186145 -0.00568003 0.0265092)
(-0.0145446 0.00110407 0.0353867)
(-0.0140166 0.00252745 0.038286)
(0.00304739 0.00165179 -0.00404832)
(0.0027953 0.00141359 -0.00372054)
(0.00229606 0.00166812 -0.00332106)
(0.00109061 0.00142571 -0.00191858)
(-0.00528223 0.00407952 0.00755758)
(-0.00420431 0.0032909 0.00521519)
(-0.00114899 0.00203585 0.000801422)
(0.000315442 0.00131105 -0.000773186)
(-0.0120338 0.000326104 0.0173041)
(-0.00778985 0.00318606 0.0115682)
(-0.00913211 0.00364318 0.0144108)
(-0.0110379 0.00286671 0.0172922)
(-0.0106287 0.00185406 0.0156168)
(-0.0039071 0.00114473 0.00431616)
(-0.0111103 0.000730749 0.0160861)
(-0.00964147 0.00102131 0.0130886)
(-0.0060626 0.0010644 0.0070946)
(-0.0049643 5.90243e-05 0.0053325)
(-0.0177322 -0.00500562 0.0235234)
(-0.0182045 -0.00863762 0.0164244)
(-0.0156742 -0.00671397 0.015777)
(-0.0150412 -0.00438938 0.019012)
(-0.0164018 -0.00368365 0.0215614)
(-0.0133588 -0.00181966 0.0187281)
(-0.0129056 -0.000428377 0.0179398)
(-0.0128337 -0.00225086 0.0159244)
(-0.0130892 -0.00374938 0.0153603)
(-0.0105978 -0.00229177 0.0120115)
(-0.0117506 -0.00324799 0.0137536)
(-0.00200161 0.00225166 0.00227319)
(-0.00894343 0.0067806 0.0152483)
(-0.00779318 0.00612605 0.0133634)
(-0.00603888 0.00445565 0.00882266)
(-0.00873596 0.00858991 0.0171802)
(-0.00784629 0.00743877 0.0146113)
(-0.00554936 0.00373753 0.00792085)
(-0.00392667 0.0029073 0.00497603)
(-0.00540476 0.00456618 0.00795807)
(-0.00712809 0.00480583 0.0111691)
(-0.00790332 0.00557513 0.0123042)
(-0.00469156 0.00333811 0.00565139)
(0.00316531 0.00157098 -0.00418792)
(0.00330468 0.00154038 -0.00425972)
(0.00330764 0.0013392 -0.00407675)
(0.00317416 0.00150969 -0.00422372)
(-0.00083065 0.00163005 0.000454492)
(0.00266445 -0.000345885 -0.000879623)
(0.00183003 -0.000540046 0.000100688)
(0.00358071 0.00229725 -0.0048563)
(0.00359317 0.00186657 -0.00422613)
(0.00371395 0.00190226 -0.0046805)
(-0.000242212 -0.000825861 0.00161608)
(-5.24796e-06 -0.000890321 0.00173573)
(0.00123611 -0.000259618 -0.000102582)
(0.00170431 -7.52275e-05 -0.000683993)
(0.00217081 0.000867655 -0.00234406)
(0.00220959 0.000400605 -0.00167474)
(0.00281698 0.00101015 -0.00338924)
(0.00330634 0.0013135 -0.00407206)
(0.00095187 -0.000112119 -0.000358877)
(0.00117816 -0.000203723 -0.000444119)
(0.000675198 -0.000462828 0.000453826)
(0.00245614 0.000679408 -0.00266511)
(0.000840196 0.00107196 -0.000974756)
(-0.00983038 0.00443277 0.0450159)
(-0.00330639 -0.00474213 0.0448722)
(-0.00298261 -0.0019718 0.0434868)
(-0.0264797 0.00422 0.0440146)
(-0.0232303 0.00502034 0.0422636)
(-0.0226846 0.00533241 0.0519748)
(-0.0256106 0.00440369 0.0458209)
(-0.0274865 0.00251269 0.0474484)
(-0.0220118 0.00406438 0.0487577)
(-0.0217236 0.00542939 0.0443036)
(-0.0213663 0.00536811 0.0424802)
(-0.00731826 -0.00210849 0.0469257)
(-0.0112104 0.00372934 0.0517609)
(-0.00901783 -0.00993949 0.0460341)
(-0.0114522 -0.00110621 0.0515796)
(-0.00842707 -0.00314399 0.0476205)
(-0.00645345 -0.00504376 0.0477867)
(-0.00995817 -0.00699827 0.049828)
(-0.0153999 0.00271193 0.055195)
(-0.0222729 0.00450135 0.0403894)
(-0.0218044 0.00555745 0.0458802)
(-0.0180197 0.00543257 0.0467736)
(-0.024119 0.00608349 0.048132)
(-0.0228721 0.00382012 0.0445231)
(-0.0207505 0.00541042 0.0471734)
(-0.00921212 -0.00207417 0.0484529)
(-0.0112971 -0.000277057 0.0547723)
(-0.0160671 0.00390935 0.0448296)
(-0.0101368 0.00315507 0.0489755)
(-0.0178779 -0.000428544 0.0522599)
(-0.0131056 -0.00448202 0.0492559)
(-0.0099205 -0.00953355 0.0489487)
(-0.0118278 -0.00487704 0.0492957)
(-0.0107828 -0.0067085 0.0486643)
(-0.0188689 0.0031878 0.0419157)
(-0.0193827 0.00295451 0.0375939)
(-0.0115533 -0.000240367 0.0463565)
(-0.0142023 -0.00107635 0.0439746)
(-0.0149556 0.00219858 0.0449405)
(-0.0167567 0.00252105 0.0447457)
(-0.0184414 0.00243598 0.0438862)
(-0.0159507 0.000307129 0.0522472)
(-0.022832 0.000535987 0.046435)
(-0.0204435 0.00310617 0.0474509)
(-0.0172833 0.00494356 0.0504544)
(-0.0135841 0.00164773 0.0452138)
(-0.00270293 -0.00309149 0.0103747)
(-0.00208417 -0.00265203 0.0129358)
(-0.00163762 -0.00257535 0.00746)
(-0.00193867 -0.00255964 0.00825184)
(-0.00369778 -0.00855778 0.0330765)
(-0.00428243 -0.00985765 0.0291828)
(-0.00226267 -0.00565419 0.0230113)
(-0.00327662 -0.00748288 0.0227963)
(-0.00178865 -0.00475457 0.0184083)
(-0.0010525 -0.0045835 0.0216131)
(-0.00552 -0.000971619 0.0372479)
(-0.00382451 -0.00112599 0.0314606)
(-0.00497091 -0.000606411 0.0321229)
(-0.00347054 -0.00355329 0.0262218)
(-0.00337935 -0.00281273 0.025961)
(-0.00241442 -0.00217038 0.0210739)
(-0.00286192 -0.00374875 0.0174626)
(0.000931521 0.00132259 -0.00209785)
(0.000312791 0.000998149 -0.00103447)
(0.000361185 0.000445761 -0.000752094)
(-0.00237446 -0.00598865 0.0171716)
(-0.00251541 -0.00643227 0.0156814)
(-0.00240698 -0.00563792 0.00904884)
(-0.0030199 -0.00796573 0.0129044)
(-0.00216944 -0.00571636 0.00620498)
(-0.000800224 -0.00336131 0.00506519)
(-0.00112686 -0.00160528 0.00251258)
(0.00025798 -0.00023927 0.000559254)
(-0.00547029 -0.0129143 0.0153898)
(-0.00454653 -0.0105845 0.0110451)
(-0.00871294 -0.0180127 0.0122087)
(-0.0106119 -0.025549 0.032872)
(-0.000149959 -0.00011404 0.000326445)
(-0.000422094 -0.00131236 0.00234583)
(-0.00225152 -0.00496264 0.0109428)
(-0.00148449 -0.0041136 0.00824012)
(-0.00127885 -0.00266754 0.00486332)
(-0.0140587 -0.0401085 0.0153335)
(-0.0140662 -0.0274072 0.0162768)
(-0.0176905 -0.0494023 0.0120954)
(-0.000537458 -0.00250397 0.00489738)
(-0.000377018 -0.00132616 0.00266277)
(-0.00171393 -0.00260373 0.00682831)
(-0.00218745 -0.00504142 0.0136712)
(-0.00220345 -0.00487398 0.014321)
(-0.00167072 -0.00389377 0.0112063)
(-0.00202759 -0.00402183 0.00872251)
(-0.0021217 -0.00431801 0.0101062)
(-0.0248761 -0.00136508 0.0204524)
(-0.0246957 -0.00443834 0.0158412)
(-0.024103 -0.00548028 0.0143229)
(-0.0252237 -0.00328972 0.017344)
(-0.0279818 -0.00520986 0.0218779)
(-0.027037 -0.0075647 0.0200311)
(-0.0280866 -0.00608027 0.0222034)
(-0.0284989 -0.00713805 0.0219692)
(-0.02371 -0.00592087 0.0153493)
(-0.0257947 -0.00493907 0.0170085)
(-0.028343 -0.00684366 0.0213008)
(-0.0262261 -0.00559303 0.0193768)
(-0.0266466 -0.0072248 0.0178556)
(-0.0273183 -0.00690251 0.0196808)
(-0.0213656 0.00445025 0.0356439)
(-0.0300854 -0.0106387 0.0292379)
(-0.0317046 -0.00946067 0.0308353)
(-0.0305243 -0.00812618 0.0282017)
(-0.0313711 -0.0105059 0.031433)
(-0.0287148 -0.0114569 0.0267412)
(-0.0324593 -0.0103372 0.03018)
(-0.0303903 -0.00942629 0.0272479)
(-0.030335 -0.0113182 0.0282176)
(-0.0309061 -0.00895526 0.0287779)
(-0.0311952 -0.00944305 0.0290053)
(-0.0248349 -0.0135771 0.0368474)
(-0.0278117 -0.0145278 0.0389684)
(-0.0275844 -0.0130725 0.0359727)
(-0.0226228 -0.0126189 0.0295249)
(-0.0288437 -0.0120934 0.0323926)
(-0.0288755 -0.0128034 0.0321498)
(-0.0263254 -0.0129123 0.0289842)
(-0.0246619 -0.0127484 0.0292922)
(-0.0329959 -0.0112173 0.0301043)
(-0.0299099 -0.0100783 0.0267438)
(-0.02645 -0.011055 0.0272943)
(-0.0295028 -0.0115135 0.0282277)
(-0.0298765 -0.0119362 0.0315257)
(-0.0285407 -0.0131801 0.031681)
(-0.0286053 -0.0132514 0.0301473)
(-0.0280439 -0.0135421 0.0307609)
(-0.0299993 -0.0126345 0.0286739)
(-0.0261696 -0.0127584 0.0380323)
(-0.0312306 -0.0139026 0.0371822)
(-0.0268088 -0.0133936 0.0378555)
(-0.029298 -0.0131038 0.0382563)
(-0.0331619 -0.0086591 0.0339327)
(-0.0309782 -0.00393216 0.0338679)
(-0.0322156 -0.00423728 0.0351453)
(-0.0324468 -0.00543233 0.0348201)
(-0.0329521 -0.00526714 0.0354282)
(-0.0322402 -0.00393076 0.0353927)
(-0.034156 -0.00400868 0.0360947)
(-0.0297853 -0.00584804 0.0291384)
(-0.0317543 -0.00585785 0.0335524)
(-0.0324162 -0.00420649 0.0315949)
(-0.0328991 -0.00759913 0.0326226)
(-0.0342114 -0.00631366 0.0345027)
(-0.0309265 -0.0117078 0.0344135)
(-0.030803 -0.0122532 0.0395277)
(-0.0273118 -0.0116693 0.0380957)
(-0.0310453 -0.013164 0.0401293)
(-0.0316363 -0.0129987 0.0390931)
(-0.0189636 -0.00666948 0.046185)
(-0.0274313 -0.011928 0.0410835)
(-0.0247369 -0.0120409 0.0459378)
(-0.0253977 -0.00995678 0.0477064)
(-0.0245365 -0.0113034 0.0413073)
(-0.0230328 -0.00779623 0.0384499)
(-0.0221668 -0.00767939 0.0400272)
(-0.0209679 -0.00657113 0.0441618)
(-0.0237438 -0.00918295 0.0486403)
(-0.0188954 -0.00563965 0.0426215)
(-0.0183616 -0.00364619 0.0455235)
(-0.0200695 -0.00531639 0.0460125)
(-0.0159447 -0.000561207 0.0432884)
(-0.0169332 -0.00263472 0.0407606)
(-0.0158699 -0.0012101 0.0405456)
(-0.0343529 -0.00625254 0.0339083)
(-0.0347442 -0.00771687 0.0340964)
(-0.0329986 -0.00708469 0.0332423)
(-0.0324875 -0.0100439 0.0311169)
(-0.0354156 -0.011688 0.0351883)
(-0.0343605 -0.0118642 0.0380805)
(-0.0355199 -0.0109164 0.0347559)
(-0.0348218 -0.0116815 0.0363596)
(-0.0352287 -0.0103967 0.0361928)
(-0.035073 -0.00946709 0.0321202)
(-0.0356747 -0.00978201 0.0327012)
(-0.0348474 -0.00839467 0.0339117)
(-0.0342926 -0.0100976 0.0338443)
(-0.0338193 -0.00895813 0.0339229)
(-0.0350408 -0.00917645 0.0344039)
(-0.0330697 -0.00807272 0.0301087)
(-0.037225 -0.00955758 0.0347651)
(-0.0363529 -0.00987224 0.0353041)
(-0.0355959 -0.0130629 0.0368522)
(-0.0394825 -0.0123516 0.0308327)
(-0.0365071 -0.0135565 0.0348448)
(-0.0375872 -0.0129285 0.0357971)
(-0.0563818 -0.0185213 0.0362178)
(-0.0374441 -0.0114765 0.0279624)
(-0.0461482 -0.0133733 0.0342721)
(-0.0433392 -0.0139394 0.0336994)
(-0.0214577 -0.0075927 0.0277619)
(-0.0212408 -0.00868646 0.0265594)
(-0.0252195 -0.010108 0.0308867)
(-0.0339062 -0.0143325 0.0307863)
(-0.0378907 -0.0154585 0.031322)
(-0.0394945 -0.0161569 0.0284954)
(-0.0377197 -0.0177077 0.0270177)
(-0.0303496 -0.0157238 0.0193481)
(-0.0342605 -0.0156278 0.0291532)
(-0.0356843 -0.0169097 0.0232689)
(-0.020733 -0.00806744 0.0251987)
(-0.018419 -0.00742666 0.0210726)
(-0.0195268 -0.00677162 0.0236034)
(-0.0192562 -0.0097795 0.0176485)
(-0.0205783 -0.00976161 0.0199056)
(-0.0279246 -0.0121084 0.0275312)
(-0.0308029 -0.0136891 0.0267149)
(-0.0244384 -0.0116548 0.0232805)
(-0.0242153 -0.00972253 0.027194)
(-0.0236798 -0.0125307 0.0182617)
(-0.0278229 -0.0145681 0.0175249)
(-0.0282277 -0.0144041 0.0239683)
(-0.0391405 -0.0150774 0.0407845)
(-0.0367149 -0.0153369 0.0369124)
(-0.0323088 -0.00679969 0.0359627)
(-0.0333787 -0.00705601 0.03751)
(-0.0350673 -0.00652658 0.0394512)
(-0.0344774 -0.00418474 0.0362307)
(-0.0360676 -0.00826649 0.0350684)
(-0.0366502 -0.00726427 0.0353889)
(-0.0334424 -0.00792527 0.0353914)
(-0.0366904 -0.0107351 0.0378256)
(-0.0423106 -0.0139697 0.0406451)
(-0.0412217 -0.0107946 0.0361838)
(-0.0371546 -0.00888128 0.0352332)
(-0.0392697 -0.00967258 0.0400615)
(-0.0373573 -0.00870603 0.0365988)
(-0.0395003 -0.00858678 0.0363476)
(-0.0366843 -0.00805382 0.0333931)
(-0.0360434 -0.00867421 0.0362215)
(-0.0383348 -0.00777186 0.0371109)
(-0.0386921 -0.00966291 0.0369463)
(-0.0454329 -0.011808 0.0369966)
(-0.0424829 -0.0137071 0.0372564)
(-0.0507788 -0.0164846 0.0400271)
(-0.0425304 -0.0112967 0.0359063)
(-0.0474096 -0.0137937 0.0323926)
(-0.0547847 -0.0169988 0.0378366)
(-0.0453923 -0.0130555 0.0339797)
(-0.0487995 -0.0148378 0.0356367)
(-0.042045 -0.0113585 0.0318066)
(-0.0471176 -0.0136486 0.0368967)
(-0.00830223 -0.0117661 0.0436387)
(-0.0108372 -0.0160806 0.0425848)
(-0.00942484 -0.0178106 0.0389036)
(-0.0108462 -0.0233428 0.0317871)
(-0.011518 -0.027419 0.0297085)
(-0.010079 -0.0214378 0.0377715)
(-0.0111699 -0.0227657 0.0376814)
(-0.00979245 -0.0167711 0.0379879)
(-0.00929675 -0.00688996 0.0444933)
(-0.00875498 -0.0126733 0.0382815)
(-0.0100818 -0.0115682 0.044658)
(-0.0222209 -0.0109351 0.0185655)
(-0.0231997 -0.0129762 0.0163556)
(-0.00647386 0.00499431 0.0103314)
(-0.00770579 0.00593192 0.0124468)
(-0.00734776 0.00381662 0.0104989)
(-0.00125418 0.00184722 0.000776081)
(-0.00486771 0.00271243 0.00622772)
(-0.00206003 0.00142042 0.00207534)
(-0.00405376 0.00201029 0.00459189)
(-0.00401866 0.00306145 0.00488745)
(-0.00271212 0.00245146 0.00260022)
(-0.00170976 0.00159707 0.00171131)
(-0.00524536 0.00344016 0.00699428)
(-0.00615063 0.0036432 0.00801076)
(-0.0027725 0.00214324 0.00316406)
(0.00201119 0.000660442 -0.00225035)
(0.00220021 0.00147077 -0.00347681)
(0.00275348 0.0015943 -0.00393597)
(0.00179005 0.00103199 -0.00266565)
(-0.000722036 -0.00145623 0.0029154)
(0.000415663 0.000187776 -0.00051011)
(0.000136357 -0.000431336 0.000769227)
(-0.000692928 -0.00125551 0.0025595)
(-0.0264001 -0.00566057 0.0332468)
(-0.0266917 -0.00497028 0.035277)
(-0.0296791 -0.00758739 0.035951)
(-0.0247064 -0.00725325 0.0292919)
(-0.0168383 -0.00128796 0.0305457)
(-0.0179072 -0.00111265 0.0313744)
(-0.0171173 -0.00278203 0.0272183)
(-0.0161816 -0.00281171 0.0279963)
(-0.0120102 -0.00244119 0.023038)
(-0.0118823 -0.00395873 0.020467)
(-0.020457 -0.0040691 0.0298767)
(-0.0232314 -0.00666748 0.0289932)
(-0.0220781 -0.00473633 0.0304278)
(-0.0197091 -0.00477384 0.0263307)
(-0.0187889 -0.00696153 0.0233611)
(-0.0156415 -0.00477575 0.0207414)
(-0.0148712 -0.00493718 0.0209884)
(-0.0136812 -0.0036168 0.0230336)
(-0.0166894 -0.00467603 0.0231491)
(-0.0162968 -0.00402961 0.0246628)
(-0.0135532 -0.00394663 0.0204169)
(-0.0349554 -0.00905662 0.0369711)
(-0.0333653 -0.00718454 0.0354071)
(-0.0338717 -0.00670132 0.0340568)
(-0.0338644 -0.00633091 0.0330243)
(-0.033958 -0.00970758 0.0374274)
(-0.0363038 -0.00928513 0.0406531)
(-0.0351924 -0.0101475 0.0371129)
(-0.0320698 -0.0123089 0.0346482)
(-0.0507241 -0.0142077 0.0421273)
(-0.0403391 -0.0113748 0.0363789)
(-0.0450409 -0.0123965 0.0389831)
(-0.0342591 -0.0126576 0.0314991)
(-0.0318247 -0.0133699 0.0301652)
(-0.0324983 -0.0134336 0.0313469)
(-0.0349844 -0.0139403 0.030785)
(-0.041795 -0.0150264 0.0342268)
(-0.0330623 -0.013469 0.0324482)
(-0.0288529 -0.0125024 0.0309678)
(-0.0257992 -0.0110531 0.0295636)
(-0.0300653 -0.0131218 0.031431)
(-0.027975 -0.0124361 0.0361544)
(-0.0246317 -0.0104431 0.0405612)
(-0.0256438 -0.0100743 0.0429026)
(-0.028218 -0.0120815 0.0402057)
(-0.0287121 -0.0120674 0.0370316)
(-0.0293809 -0.0015272 0.037758)
(-0.031121 -0.0014079 0.0390724)
(-0.0323669 -0.00214474 0.0403839)
(-0.0323982 -0.00480416 0.0359307)
(-0.0303767 -0.00309872 0.0361423)
(-0.0306188 -0.00420199 0.0349096)
(-0.0345473 -0.00366125 0.0403284)
(-0.0308528 -0.00213328 0.0369024)
(-0.0320479 -0.00343866 0.0375231)
(-0.0322681 -0.00394186 0.0368399)
(-0.0340931 -0.00321951 0.0380958)
(-0.0280047 -0.00467887 0.0231205)
(-0.0300356 -0.00612829 0.0274817)
(-0.0288809 -0.00793046 0.0259661)
(-0.031362 -0.00877503 0.0309458)
(-0.0316776 -0.00666139 0.0324115)
(-0.0305685 -0.00429049 0.0315843)
(-0.0335353 -0.00470857 0.0335458)
(-0.0348982 -0.0059795 0.0367376)
(-0.0325551 -0.00547767 0.0315117)
(-0.0354166 -0.0067646 0.0358282)
(-0.0330316 -0.00799181 0.0326925)
(-0.0316236 -0.00770752 0.0325139)
(-0.0324205 -0.00840761 0.0340819)
(-0.0314723 -0.0108864 0.0318311)
(-0.0303601 -0.0127327 0.0333579)
(-0.0281771 -0.0121252 0.0328994)
(-0.0320211 -0.0121972 0.0347887)
(-0.0336598 -0.011201 0.0327969)
(-0.033692 -0.0103587 0.0330346)
(-0.0314987 -0.0111274 0.0322411)
(-0.0164732 -0.0438355 0.0193525)
(-0.00223939 -0.0103596 0.0213637)
(-0.00537179 -0.0158951 0.0252057)
(-0.00415505 -0.0111368 0.019642)
(-0.00532972 -0.0012702 0.0366057)
(-0.00389174 0.0015092 0.0390572)
(-0.00239502 -0.00557096 0.0279449)
(-0.00363062 -0.00545301 0.040064)
(-0.00435247 -0.00318838 0.0403218)
(-0.00366276 -0.00705074 0.0350552)
(-0.0176523 0.00686074 0.0479372)
(-0.0170821 0.00537974 0.0487926)
(-0.0216399 0.00372376 0.0482502)
(-0.0155562 0.00618002 0.0518515)
(-0.0151059 0.0047832 0.052549)
(-0.00988738 0.00321436 0.046376)
(-0.00781552 0.00297997 0.0489558)
(-0.0158492 0.00575269 0.0481095)
(0.00329608 0.00165667 -0.00420549)
(0.00370267 0.00160128 -0.0045548)
(0.0035784 0.00155153 -0.00434337)
(0.00343892 0.00134018 -0.00407225)
(0.00321603 0.00118743 -0.00402835)
(0.00241463 0.000944346 -0.0027698)
(0.00326402 0.00138314 -0.00388546)
(0.00178537 0.00088351 -0.00239101)
(0.0031503 0.00134953 -0.00400016)
(0.00258109 0.00105586 -0.00308748)
(0.00131506 0.000332017 -0.00123251)
(0.00180828 0.00075974 -0.00250338)
(0.00226014 0.000746429 -0.00249064)
(0.00254603 0.00105306 -0.00325547)
(0.00237387 0.00105372 -0.00317901)
(0.00435507 0.00220015 -0.00505804)
(0.00406452 0.00231516 -0.00495481)
(0.00282264 0.00020265 -0.00189177)
(0.00281857 0.000571235 -0.00237947)
(0.00357635 0.0011251 -0.00370021)
(0.00402911 0.000698327 -0.00320724)
(0.00389214 0.00144958 -0.00402967)
(0.0045128 0.00229101 -0.00527133)
(0.00469559 0.00168373 -0.00475091)
(0.0052091 0.0027955 -0.00578043)
(0.000569067 0.00184033 -0.00123879)
(0.00168297 0.00168205 -0.0025589)
(-0.000536168 0.00140799 0.000110207)
(-0.00105343 0.00188319 0.000763949)
(0.00288317 0.00153768 -0.00385076)
(0.00204554 0.00134644 -0.00299289)
(0.00126899 0.00138442 -0.00202961)
(0.000741703 0.00155742 -0.0014814)
(0.0017107 0.00147316 -0.00240806)
(0.00274398 0.00144313 -0.00379724)
(0.00268079 0.00152726 -0.0034314)
(-0.0149944 0.000668053 0.0319094)
(-0.0184424 -0.0043581 0.0325838)
(-0.0130084 -0.00014844 0.020184)
(-0.0152467 -0.00174342 0.0245792)
(-0.0134812 -0.000351835 0.0213846)
(-0.0122635 0.00383065 0.0225122)
(-0.0140657 0.00141029 0.0235136)
(-0.0118569 0.00234212 0.0199717)
(-0.0119725 0.00310239 0.024054)
(-0.0110087 0.0065734 0.0351423)
(-0.0149679 0.00412129 0.0403329)
(-0.011665 0.00629134 0.0318068)
(-0.0137933 0.00435958 0.0375675)
(-0.00907273 0.00583827 0.0157185)
(-0.0102242 0.00664523 0.0195088)
(-0.0104844 0.00697211 0.0230172)
(-0.00790248 0.00648297 0.014191)
(-0.00741359 0.00610991 0.0126509)
(-0.00976862 0.00633033 0.0172831)
(-0.0108963 0.0102814 0.0303968)
(-0.00972002 0.0101321 0.0267187)
(-0.00982216 0.00760811 0.0202717)
(-0.0100734 0.00791243 0.0199868)
(-0.0104409 0.00937892 0.0236245)
(-0.0115561 0.00705167 0.0252237)
(-0.0125038 0.00650036 0.0305404)
(-0.0129717 0.00954044 0.0349306)
(-0.0113251 -0.0144306 -0.000151115)
(-0.00783444 -0.0107994 0.00295195)
(-0.019058 -0.0307335 -0.00177782)
(-0.0250822 -0.0426337 -0.0110573)
(-0.00478847 -0.000780858 0.0460643)
(-0.00590424 0.00123212 0.047791)
(-0.00600485 -0.000800148 0.0468797)
(-0.010807 -0.0112135 0.0357842)
(-0.00937832 -0.0107266 0.0316736)
(-0.00889271 -0.00827335 0.0404851)
(-0.00602762 -0.00517089 0.0411963)
(-0.0103713 -0.0128937 0.0288125)
(-0.00569681 -0.00853962 0.032507)
(-0.0087197 -0.0117347 0.031733)
(-0.00509346 -0.00535627 0.0399586)
(-0.00665553 -0.00760841 0.0360876)
(-0.00523642 -0.00627526 0.0395868)
(-0.00399441 -0.00298863 0.0416642)
(-0.00502238 -0.00866519 0.0361539)
(-0.0136372 -0.00960907 0.0434241)
(-0.0113668 -0.00778455 0.0432772)
(-0.0119623 -0.00720356 0.0488671)
(-0.00866159 -0.00288356 0.0516288)
(-0.00820358 -0.00298089 0.0487627)
(-0.0208407 -0.0127753 0.0159301)
(-0.0214285 -0.0123373 0.0173934)
(-0.0256517 -0.0123846 0.018987)
(-0.0224417 -0.0127257 0.0170298)
(-0.00355741 -0.0109185 0.0226041)
(-0.00481548 -0.0115962 0.0254992)
(-0.00542165 -0.0106279 0.0280691)
(-0.00289407 -0.0102846 0.0220808)
(-0.00485521 -0.00557599 0.03611)
(-0.0162534 -0.0123555 0.00957261)
(-0.017638 -0.0109958 0.00971204)
(-0.0145108 -0.0126494 0.0103689)
(-0.0162451 -0.0117439 0.0108125)
(-0.0188722 -0.0120349 0.0113005)
(-0.0158463 0.00433318 0.0171185)
(-0.0176837 0.00715327 0.0251876)
(-0.0128152 0.00427774 0.015685)
(-0.0126046 0.00637526 0.0177958)
(-0.00904271 0.0102368 0.0523795)
(-0.0129116 0.014493 0.0496616)
(-0.0083593 0.0155238 0.0505629)
(-0.00785078 0.0120231 0.0533245)
(-0.00817945 0.0140169 0.0515761)
(-0.00814899 0.0102346 0.0535532)
(-0.0116162 0.0159331 0.0428731)
(-0.0104451 0.0149081 0.0441197)
(-0.0116338 0.0155447 0.0496182)
(-0.0196589 -0.00146928 0.0313758)
(-0.0230991 -0.00386384 0.0316144)
(-0.0223419 -0.00284335 0.033476)
(-0.0293385 -0.00456651 0.0366996)
(-0.0275544 -0.00502714 0.0339879)
(-0.0274423 -0.00398065 0.0357837)
(-0.0251292 0.000235339 0.0379221)
(-0.0272345 -0.00339684 0.0354812)
(-0.0286357 -0.000776027 0.0386189)
(-0.0275178 -0.00106707 0.0385217)
(-0.0194993 0.00128775 0.0381759)
(-0.0203159 0.000927486 0.0358612)
(-0.0191447 -0.000516082 0.0345099)
(-0.0209083 -0.00140535 0.0341347)
(-0.0295467 -0.015056 0.0302774)
(-0.027233 -0.0118294 0.0290671)
(-0.029097 -0.00831142 0.0331208)
(-0.0285676 -0.010111 0.0319176)
(-0.0280914 -0.0136745 0.0290354)
(-0.0325058 -0.00987296 0.0355403)
(-0.0307018 -0.0136275 0.0321502)
(-0.0239637 -0.00943719 0.0267091)
(-0.0277651 -0.0126256 0.0297533)
(-0.0195394 0.0072901 0.0469783)
(-0.0205605 0.00622469 0.044035)
(-0.0251248 0.00461854 0.0470884)
(-0.0244457 0.00284451 0.0446056)
(-0.0143799 0.00543468 0.0443046)
(-0.0141283 0.00314876 0.0397594)
(0.000812878 -0.000904248 0.0013066)
(-0.000103417 -0.000988558 0.00204005)
(-0.000512077 -0.00143989 0.00333423)
(-0.000800143 -0.00200635 0.0056517)
(-0.00074463 -0.00176668 0.00449897)
(-0.00166005 -0.00230729 0.00768474)
(-0.00174149 -0.00243222 0.00804596)
(0.000107094 -0.00151939 0.00354826)
(0.00153002 -0.000991985 0.00116618)
(0.000634827 -0.00123607 0.0021208)
(0.00133235 -0.0012134 0.00177556)
(-0.000386317 -0.00166419 0.00392217)
(0.00105017 -0.00150646 0.00279871)
(-0.00158769 -0.00210588 0.00549434)
(-0.00149912 -0.0016739 0.00446613)
(-0.00171473 -0.00215254 0.0050844)
(-0.00328816 -0.00221179 0.0259204)
(-0.0045311 -0.00276237 0.0224385)
(-0.00606292 -0.00273848 0.0239789)
(-0.00779723 -0.00128898 0.0283385)
(-0.00711704 -0.0011004 0.0327545)
(-0.0051704 -0.00140528 0.0289763)
(-0.0160027 0.0105363 0.0440836)
(-0.0149805 0.005817 0.0474098)
(-0.0150279 0.00990747 0.0483088)
(-0.0148329 0.00832349 0.0427486)
(-0.0118926 0.0043761 0.0440955)
(-0.0164952 0.00136215 0.0414346)
(-0.0143241 0.00381813 0.0420823)
(-0.0181675 0.00297041 0.041775)
(-0.0190218 0.00838622 0.044596)
(-0.0192027 0.00832008 0.0414975)
(-0.0247458 0.00469908 0.0382793)
(-0.0209508 0.00684042 0.0403267)
(-0.0213468 0.00214513 0.0400734)
(-0.0223551 0.00176128 0.0361601)
(-0.00721634 -0.0152636 0.0429544)
(-0.00875412 -0.017935 0.0389687)
(-0.00910013 -0.0181007 0.0407006)
(-0.00874098 -0.0134617 0.0491633)
(-0.00970392 -0.0155372 0.0425452)
(-0.00621534 -0.0125702 0.0380393)
(-0.00310129 -0.00861286 0.0389015)
(-0.00383521 -0.00716738 0.041646)
(-0.00752157 -0.0125888 0.0461656)
(-0.00642741 -0.00797404 0.0459772)
(-0.0358764 -0.00918395 0.0330934)
(-0.039008 -0.00983668 0.0355408)
(-0.0404584 -0.00983872 0.0364657)
(-0.0438477 -0.0117037 0.0373516)
(-0.0400364 -0.0117422 0.0367064)
(-0.0400242 -0.0111315 0.0357835)
(-0.0383828 -0.0125554 0.033899)
(-0.0392985 -0.0106991 0.0289349)
(-0.0403475 -0.0106097 0.0342904)
(-0.0436594 -0.012922 0.0355018)
(0.0030567 0.00176064 -0.00412289)
(0.00190593 0.00154013 -0.00286869)
(0.00326666 0.00293566 -0.00389516)
(0.00193653 0.00168581 -0.00302772)
(0.00188404 0.00239721 -0.00290126)
(0.00169584 0.00120926 -0.00235049)
(0.0017475 0.00195741 -0.00292963)
(0.00294186 0.00229138 -0.00356711)
(0.00253342 0.00181749 -0.00376556)
)
;
    }
    INLET
    {
        type            calculated;
        value           nonuniform 0();
    }
    OUTLET
    {
        type            calculated;
        value           nonuniform 0();
    }
    procBoundary3to2
    {
        type            processor;
        value           uniform (0 0 0);
    }
    procBoundary3to6
    {
        type            processor;
        value           uniform (0 0 0);
    }
}


// ************************************************************************* //
