/*--------------------------------*- C++ -*----------------------------------*\
| =========                 |                                                 |
| \\      /  F ield         | OpenFOAM: The Open Source CFD Toolbox           |
|  \\    /   O peration     | Version:  v1612+                                |
|   \\  /    A nd           | Web:      www.OpenFOAM.com                      |
|    \\/     M anipulation  |                                                 |
\*---------------------------------------------------------------------------*/
FoamFile
{
    version     2.0;
    format      ascii;
    class       labelList;
    location    "constant/polyMesh";
    object      pointProcAddressing;
}
// * * * * * * * * * * * * * * * * * * * * * * * * * * * * * * * * * * * * * //


6639
(
102
114
265
266
267
281
282
283
284
406
407
408
409
410
411
412
413
414
573
574
583
1550
1551
1552
1553
1554
1555
1556
1557
1558
1559
1560
1561
1562
1563
1564
1565
1572
1573
1574
1575
1576
1577
1578
1579
1580
1581
1582
1583
1584
1599
1600
1601
1602
1603
1604
1605
1606
1607
1608
1609
1610
1611
1612
1613
1614
1615
1616
1617
1618
1622
1623
1624
1625
1626
1627
1628
1629
1630
1631
1632
1633
1634
1718
1795
1848
3033
3034
3035
3036
3037
3038
3039
3040
3041
3042
3043
3044
3045
3046
3047
3048
3049
3050
3051
3052
3053
3126
3127
3128
3129
3130
3131
3132
3133
3134
3135
3136
3137
3138
3139
3140
3141
3142
3143
3144
3145
3146
3147
3148
3149
3150
3151
3152
3153
3154
3155
3156
3157
3158
3159
3160
3161
3162
3163
3164
3165
3166
3167
3168
3169
3170
3171
3172
3173
3174
3175
3176
3177
3178
3179
3180
3181
3182
3183
3184
3185
3186
3187
3188
3189
3190
3191
3192
3193
3194
3195
3196
3197
3198
3199
3200
3201
3202
3203
3204
3205
3206
3207
3208
3209
3210
3211
3212
3213
3214
3215
3216
4053
4054
4062
4063
4064
4065
4066
4067
4068
4069
4070
4071
11332
11333
11334
11335
11336
11337
11338
11339
11342
11343
11345
11346
12356
12357
12358
12359
12361
12365
12366
12367
12368
12369
12370
12371
12948
12949
12950
12951
12952
12953
12954
12955
12956
12957
12958
12959
12960
12961
12962
12963
12964
12965
12966
12967
12968
12969
12970
12971
12972
12973
12974
12975
12976
12977
12978
12979
12981
12982
12983
12984
12985
12986
12987
12988
12989
12992
13003
13006
13007
13008
13009
13010
13011
13012
13013
13014
13015
13016
13017
13018
13019
13020
13021
13022
13023
13024
13025
13026
13027
13028
13029
13030
13031
13032
13033
13034
13035
13036
13037
13038
13039
13040
13041
13042
13043
13044
13045
13046
13047
13048
13049
13050
13051
13052
13053
13054
13055
13056
13057
13058
13059
13060
13061
13062
13063
13064
13065
13066
13067
13068
13069
13070
13071
13072
13073
13074
13075
13076
13077
13078
13097
13098
13099
13100
13101
13102
13103
13104
13105
13106
13107
13108
13119
13121
13122
13148
13149
13150
13151
13153
13154
13155
13158
13159
13160
13163
13164
13165
13166
13185
13186
13198
13199
13200
13201
13202
13203
13204
13205
13206
13207
13208
13209
13214
13235
13237
13238
13239
13240
13241
13242
13243
13244
13245
13246
13247
13248
13249
13250
13251
13252
13253
13254
13255
13256
13257
13258
13259
13260
13261
13262
13263
13264
13265
13266
13267
13268
13269
13270
13271
13272
13273
13274
13275
13276
13277
13278
13279
13280
13281
13282
13283
13284
13285
13286
13287
13288
13289
13290
13291
13292
13293
13294
13295
13296
13297
13298
13299
13300
13301
13302
13303
13329
13331
13333
13334
13335
13342
13364
13365
13366
13367
13368
13369
13370
13371
13372
13373
13374
13375
13376
13377
13378
13379
13380
13381
13382
13383
13384
13385
13386
13387
13388
13389
13390
13391
13392
13393
13394
13395
13396
13397
13398
13399
13400
13403
13404
13405
13407
13408
13409
13410
13411
13412
13413
13414
13415
13416
20271
20272
20273
20274
20275
20276
20277
20278
20279
20280
20281
20282
20283
20284
20285
20286
20287
20288
20289
20290
20291
20292
20293
20294
20295
20296
20297
20298
20299
20300
20301
20302
20303
20304
20306
20307
20308
20309
20310
20311
20312
20313
20314
20336
20337
20338
20339
20343
20346
20347
20348
20356
20357
20364
20365
20366
20367
21440
21441
21444
21447
21448
21449
21450
21451
21453
21454
21455
21456
21457
21458
21459
21460
21461
21462
21463
21464
21465
21466
21467
21468
21469
21470
21471
21472
21473
21474
21475
21476
21477
21478
21479
21480
21481
21482
21483
22291
22292
22293
22294
22295
22296
22297
22298
22299
22300
22301
22302
22303
22304
22305
22306
22307
22308
22309
22310
22311
22312
22313
22314
22315
22316
22317
22318
22319
22320
22321
22322
22323
22324
22325
22326
22327
22328
22347
22370
22371
22372
22373
22374
22375
22376
22377
22378
22379
22380
22381
22382
22383
22384
22385
22386
22387
22388
22389
22390
22391
22392
22393
22442
22443
22444
22445
22446
22447
23439
23440
23441
23442
23443
23444
23445
23446
23447
23448
23449
23450
23451
23452
23615
23625
23626
23631
23632
23633
23634
23635
23755
23756
23757
23758
23759
23761
23921
23922
23923
23926
24913
24914
24915
24916
24917
24918
24919
24920
24921
24925
24929
24930
24931
24932
24933
24934
24935
24936
24937
24938
24939
24944
24950
24952
24954
24955
24956
24957
24965
24966
24967
24968
24969
24970
24971
24972
24973
24974
24975
24976
24977
24978
24980
24981
24982
24983
24984
24985
24986
24987
25069
25070
25071
26292
26415
26416
26417
26418
26419
26420
26421
26422
26423
26424
26425
26426
26427
26428
26429
26430
26431
26622
26623
26624
26625
26627
26628
26630
26631
26772
26795
26918
26975
26980
27142
27196
27197
27202
27426
27428
27981
27996
28017
28039
28045
28047
28063
28099
28153
28162
28171
28181
28194
28225
28302
28307
28325
28365
28401
28402
28406
28414
28461
28615
28902
28906
28957
28990
29022
29023
29041
29046
29055
29180
29187
29197
29206
29289
29307
29310
29321
29425
29540
29583
29635
29658
29761
29888
29911
29953
29954
29955
30049
30054
30111
30132
30199
30204
30353
30453
30487
30490
30527
30555
30581
30599
30711
30747
30753
30792
30830
30876
30877
30902
30940
30983
31012
31059
31060
31106
31169
31171
31243
31270
31311
31333
31354
31413
31472
31493
31529
31555
31624
31639
31705
31759
31775
31798
31841
31849
31886
31928
32012
32100
32153
32156
32168
32184
32230
32307
32312
32397
32421
32427
32535
32564
32597
32619
32636
32823
32854
32896
32919
32933
32940
32955
32998
33006
33040
33088
33097
33111
33183
33223
33263
33303
33304
33307
33347
33419
33463
33467
33469
33470
33477
33482
33494
33520
33545
33575
33608
33637
33644
33658
33685
33709
33742
33780
33787
33894
33940
34024
34044
34144
34206
34283
34298
34307
34320
34344
34358
34369
34389
34399
34458
34500
34524
34568
34580
34587
34666
34696
34732
34753
34854
34877
34904
34949
34952
34953
34955
34970
35000
35022
35060
35079
35112
35182
35210
35221
35226
35326
35330
35334
35344
35383
35391
35422
35423
35434
35511
35543
35544
35608
35610
35740
35748
35780
35841
35848
35876
35911
35980
35983
36019
36063
36088
36089
36184
36186
36196
36211
36315
36340
36354
36403
36557
36577
36579
36612
36648
36758
36829
36849
36885
36897
36931
36950
36983
37022
37039
37048
37115
37135
37236
37256
37352
37430
37451
37493
37501
37506
37596
37630
37634
37687
37802
37891
37939
37946
37969
37995
38015
38091
38164
38194
38197
38206
38273
38278
38283
38307
38311
38378
38380
38435
38509
38545
38569
38571
38629
38631
38633
38660
38722
38753
38756
38801
38802
38844
38880
38925
39028
39029
39035
39043
39063
39074
39094
39150
39178
39183
39208
39213
39224
39250
39290
39342
39404
39431
39442
39482
39487
39499
39508
39558
39592
39715
39825
39853
39867
40019
40070
40091
40098
40127
40277
40325
40356
40414
40429
40456
40478
40487
40510
40536
40585
40705
40723
40763
40792
40811
40844
40893
40909
40927
40929
40942
40950
40970
40991
41006
41058
41070
41081
41088
41102
41148
41163
41181
41203
41206
41219
41224
41225
41257
41271
41301
41389
41452
41453
41539
41545
41568
41577
41632
41675
41751
41770
41835
41893
41903
41919
41991
42012
42014
42042
42053
42054
42136
42165
42185
42187
42188
42204
42205
42210
42222
42293
42324
42325
42409
42442
42446
42457
42465
42494
42498
42503
42510
42565
42664
42743
42756
42758
42778
42812
42919
42923
42979
43030
43077
43098
43104
43171
43204
43224
43360
43370
43431
43463
43471
43481
43485
43516
43543
43617
43692
43735
43765
43794
43874
43893
43918
43923
43932
43953
43956
44032
44063
44070
44126
44152
44159
44179
44215
44217
44219
44226
44292
44304
44392
44479
44511
44549
44559
44610
44652
44707
44783
44889
44980
45068
45115
45116
45182
45199
45231
45247
45356
45380
45382
45393
45411
45435
45443
45458
45471
45528
45532
45540
45649
45666
45668
45693
45752
45874
46036
46040
46092
46150
46161
46170
46190
46235
46236
46253
46301
46308
46331
46338
46389
46443
46506
46570
46590
46640
46663
46673
46681
46692
46775
46812
46847
46903
46983
47000
47030
47034
47060
47080
47084
47111
47155
47223
47279
47292
47352
47400
47413
47419
47423
47439
47457
47494
47498
47555
47617
47641
47720
47809
47844
47866
47942
47992
47999
48011
48012
48103
48183
48203
48256
48379
48439
48448
48450
48480
48523
48525
48589
48590
48595
48596
48708
48760
48864
48868
48923
48973
49032
49043
49084
49104
49190
49217
49243
49271
49289
49299
49341
49363
49399
49434
49449
49488
49635
49652
49710
49719
49796
49814
49881
49930
49938
49987
50033
50041
50052
50099
50172
50184
50195
50216
50369
50443
50492
50600
50626
50659
50705
50715
50750
50760
50793
50829
50849
50870
50902
50949
51029
51053
51074
51078
51145
51157
51193
51222
51226
51345
51378
51408
51419
51433
51450
51497
51540
51683
51783
51797
51841
51899
51900
51914
51925
51950
51960
51966
52001
52002
52097
52131
52143
52234
52245
52252
52311
52359
52367
52406
52519
52592
52610
52710
52722
52776
52777
52778
52779
52799
52800
52801
52853
53149
53150
53151
53152
53158
53159
53160
53161
53162
53163
53164
53167
53168
53169
53170
53188
53209
53609
53610
53611
53612
53613
53614
53615
53640
53641
53642
53643
53644
53645
53646
53647
53648
53649
53650
53651
53652
53653
53654
53655
53656
53657
53658
53659
53660
53661
53662
53663
53664
53665
53666
53950
53953
53954
56391
56392
56393
56394
56395
56726
56932
56933
56934
56935
56936
56937
56938
56939
56940
56941
56942
56943
56944
56945
56946
56947
56949
56955
56956
56957
56958
56959
56960
56961
56962
56963
56964
56965
56966
56967
56968
56969
56970
56971
56972
56973
56974
56975
56976
56977
56978
56979
56980
56981
56982
56983
56984
56985
56986
56987
56988
56994
56995
56996
56997
57012
57018
57020
57024
57025
57026
57028
57040
57041
57042
57043
57044
57045
57046
57047
57048
57049
57050
57051
57052
57053
57054
57055
57056
57057
57058
57071
57077
57078
57079
57080
57081
57082
57083
57084
57085
57086
57087
57088
57089
57092
57093
57094
59388
59389
59390
59391
59392
59393
59394
59395
59396
59397
59398
59399
59400
59401
59402
59403
59404
59405
59406
59407
59408
59409
59410
59411
59412
59413
59414
59415
59416
59427
59428
59429
59431
59432
59755
59757
59758
59759
59760
59761
59762
59763
59764
59765
59766
59767
59768
59951
59952
59953
59954
59955
59956
59957
59958
59959
59971
59972
59973
59974
59975
59976
59980
60209
60210
60211
60764
60765
60766
60767
60796
60797
60798
60799
60800
60801
60802
60803
60804
60805
60806
60827
60828
60829
60830
60831
60832
60833
60834
60835
60836
60837
60838
60839
60840
60841
60842
60843
60844
60845
60846
60847
60848
60849
61303
61304
61305
61306
61307
61308
61309
61310
61311
61312
61313
61314
61315
61316
61317
61318
61319
61320
61321
61322
61323
61327
61328
61329
61330
61331
61332
61333
61334
62077
62086
62088
62089
62091
62093
62094
62095
62096
62099
62111
62112
62113
62114
62115
62116
66696
66697
66698
66699
66700
66701
66702
66703
66704
66705
66706
66707
66708
66709
66710
66711
66712
66713
66714
66715
66716
66717
66718
66719
66720
66721
66722
66723
66724
66725
66726
66727
66728
66729
66730
66731
66732
66733
66734
66735
66736
66748
66749
66750
66751
66752
66753
66755
66757
66769
66770
66771
66772
66773
66774
66775
66776
66777
66778
66779
66780
66781
66782
66783
66784
66785
66786
66787
66788
66789
66790
66791
66792
66793
66794
66795
66796
66797
66798
66799
66800
66801
66802
66803
66804
66805
66806
66807
66808
66809
66810
66811
66812
66813
66814
66815
66816
66817
66819
66820
66823
66824
66842
66843
66844
66845
66846
66871
66872
66873
66874
66875
66876
66877
66880
66882
66885
66886
66895
66896
66898
66899
66900
66901
66902
66903
66904
66905
66906
66907
66908
66909
66910
66911
66912
66913
66914
66915
66916
66947
66948
66949
66950
66951
66952
66953
66954
66955
66956
66957
66958
66959
66960
66961
66962
66963
66964
66965
66966
66967
66968
66969
66970
66971
66972
66973
66974
66975
66976
66977
66978
66979
66980
66981
66982
66983
66984
66985
66986
66987
66988
66989
66990
66991
66992
66993
66994
66995
66996
66997
66998
66999
67000
67001
67002
67003
67004
67005
67006
67007
67008
67009
67010
67011
67012
67013
67014
67015
67016
67017
67018
67019
67020
67021
67022
67023
67029
67030
67031
67032
67033
67034
67035
67036
67037
67038
67039
67040
67041
67042
67043
67044
67045
67046
67047
67048
67049
67050
67051
67052
67053
67054
67055
67056
67057
67058
67059
67060
67061
67062
67063
67064
67065
67066
67067
67068
67417
67424
67425
67426
67427
67428
67429
67430
67431
67432
67433
67434
67435
67436
67437
67438
67439
67440
67441
67442
67443
68152
73366
73367
73368
73369
73389
73390
73391
73443
73739
73740
73741
73742
73748
73749
73750
73751
73752
73753
73754
73757
73758
73759
73760
73778
73799
74199
74200
74201
74202
74203
74204
74205
74230
74231
74232
74233
74234
74235
74236
74237
74238
74239
74240
74241
74242
74243
74244
74245
74246
74247
74248
74249
74250
74251
74252
74253
74254
74255
74256
74540
74543
74544
76981
76982
76983
76984
76985
77316
77522
77523
77524
77525
77526
77527
77528
77529
77530
77531
77532
77533
77534
77535
77536
77537
77539
77545
77546
77547
77548
77549
77550
77551
77552
77553
77554
77555
77556
77557
77558
77559
77560
77561
77562
77563
77564
77565
77566
77567
77568
77569
77570
77571
77572
77573
77574
77575
77576
77577
77578
77584
77585
77586
77587
77602
77608
77610
77614
77615
77616
77618
77630
77631
77632
77633
77634
77635
77636
77637
77638
77639
77640
77641
77642
77643
77644
77645
77646
77647
77648
77661
77667
77668
77669
77670
77671
77672
77673
77674
77675
77676
77677
77678
77679
77682
77683
77684
79978
79979
79980
79981
79982
79983
79984
79985
79986
79987
79988
79989
79990
79991
79992
79993
79994
79995
79996
79997
79998
79999
80000
80001
80002
80003
80004
80005
80006
80017
80018
80019
80021
80022
80345
80347
80348
80349
80350
80351
80352
80353
80354
80355
80356
80357
80358
80541
80542
80543
80544
80545
80546
80547
80548
80549
80561
80562
80563
80564
80565
80566
80570
80799
80800
80801
81354
81355
81356
81357
81386
81387
81388
81389
81390
81391
81392
81393
81394
81395
81396
81417
81418
81419
81420
81421
81422
81423
81424
81425
81426
81427
81428
81429
81430
81431
81432
81433
81434
81435
81436
81437
81438
81439
81893
81894
81895
81896
81897
81898
81899
81900
81901
81902
81903
81904
81905
81906
81907
81908
81909
81910
81911
81912
81913
81917
81918
81919
81920
81921
81922
81923
81924
82667
82676
82678
82679
82681
82683
82684
82685
82686
82689
82701
82702
82703
82704
82705
82706
87286
87287
87288
87289
87290
87291
87292
87293
87294
87295
87296
87297
87298
87299
87300
87301
87302
87303
87304
87305
87306
87307
87308
87309
87310
87311
87312
87313
87314
87315
87316
87317
87318
87319
87320
87321
87322
87323
87324
87325
87326
87338
87339
87340
87341
87342
87343
87345
87347
87359
87360
87361
87362
87363
87364
87365
87366
87367
87368
87369
87370
87371
87372
87373
87374
87375
87376
87377
87378
87379
87380
87381
87382
87383
87384
87385
87386
87387
87388
87389
87390
87391
87392
87393
87394
87395
87396
87397
87398
87399
87400
87401
87402
87403
87404
87405
87406
87407
87409
87410
87413
87414
87432
87433
87434
87435
87436
87461
87462
87463
87464
87465
87466
87467
87470
87472
87475
87476
87485
87486
87488
87489
87490
87491
87492
87493
87494
87495
87496
87497
87498
87499
87500
87501
87502
87503
87504
87505
87506
87537
87538
87539
87540
87541
87542
87543
87544
87545
87546
87547
87548
87549
87550
87551
87552
87553
87554
87555
87556
87557
87558
87559
87560
87561
87562
87563
87564
87565
87566
87567
87568
87569
87570
87571
87572
87573
87574
87575
87576
87577
87578
87579
87580
87581
87582
87583
87584
87585
87586
87587
87588
87589
87590
87591
87592
87593
87594
87595
87596
87597
87598
87599
87600
87601
87602
87603
87604
87605
87606
87607
87608
87609
87610
87611
87612
87613
87619
87620
87621
87622
87623
87624
87625
87626
87627
87628
87629
87630
87631
87632
87633
87634
87635
87636
87637
87638
87639
87640
87641
87642
87643
87644
87645
87646
87647
87648
87649
87650
87651
87652
87653
87654
87655
87656
87657
87658
88007
88014
88015
88016
88017
88018
88019
88020
88021
88022
88023
88024
88025
88026
88027
88028
88029
88030
88031
88032
88033
88742
93523
93524
93525
93526
93546
93547
93548
93600
93896
93897
93898
93899
93905
93906
93907
93908
93909
93910
93911
93914
93915
93916
93917
93935
93956
94356
94357
94358
94359
94360
94361
94362
94387
94388
94389
94390
94391
94392
94393
94394
94395
94396
94397
94398
94399
94400
94401
94402
94403
94404
94405
94406
94407
94408
94409
94410
94411
94412
94413
94697
94700
94701
97138
97139
97140
97141
97142
97473
97679
97680
97681
97682
97683
97684
97685
97686
97687
97688
97689
97690
97691
97692
97693
97694
97696
97702
97703
97704
97705
97706
97707
97708
97709
97710
97711
97712
97713
97714
97715
97716
97717
97718
97719
97720
97721
97722
97723
97724
97725
97726
97727
97728
97729
97730
97731
97732
97733
97734
97735
97741
97742
97743
97744
97759
97765
97767
97771
97772
97773
97775
97787
97788
97789
97790
97791
97792
97793
97794
97795
97796
97797
97798
97799
97800
97801
97802
97803
97804
97805
97818
97824
97825
97826
97827
97828
97829
97830
97831
97832
97833
97834
97835
97836
97839
97840
97841
100135
100136
100137
100138
100139
100140
100141
100142
100143
100144
100145
100146
100147
100148
100149
100150
100151
100152
100153
100154
100155
100156
100157
100158
100159
100160
100161
100162
100163
100174
100175
100176
100178
100179
100502
100504
100505
100506
100507
100508
100509
100510
100511
100512
100513
100514
100515
100698
100699
100700
100701
100702
100703
100704
100705
100706
100718
100719
100720
100721
100722
100723
100727
100956
100957
100958
101511
101512
101513
101514
101543
101544
101545
101546
101547
101548
101549
101550
101551
101552
101553
101574
101575
101576
101577
101578
101579
101580
101581
101582
101583
101584
101585
101586
101587
101588
101589
101590
101591
101592
101593
101594
101595
101596
102050
102051
102052
102053
102054
102055
102056
102057
102058
102059
102060
102061
102062
102063
102064
102065
102066
102067
102068
102069
102070
102074
102075
102076
102077
102078
102079
102080
102081
102824
102833
102835
102836
102838
102840
102841
102842
102843
102846
102858
102859
102860
102861
102862
102863
107443
107444
107445
107446
107447
107448
107449
107450
107451
107452
107453
107454
107455
107456
107457
107458
107459
107460
107461
107462
107463
107464
107465
107466
107467
107468
107469
107470
107471
107472
107473
107474
107475
107476
107477
107478
107479
107480
107481
107482
107483
107495
107496
107497
107498
107499
107500
107502
107504
107516
107517
107518
107519
107520
107521
107522
107523
107524
107525
107526
107527
107528
107529
107530
107531
107532
107533
107534
107535
107536
107537
107538
107539
107540
107541
107542
107543
107544
107545
107546
107547
107548
107549
107550
107551
107552
107553
107554
107555
107556
107557
107558
107559
107560
107561
107562
107563
107564
107566
107567
107570
107571
107589
107590
107591
107592
107593
107618
107619
107620
107621
107622
107623
107624
107627
107629
107632
107633
107642
107643
107645
107646
107647
107648
107649
107650
107651
107652
107653
107654
107655
107656
107657
107658
107659
107660
107661
107662
107663
107694
107695
107696
107697
107698
107699
107700
107701
107702
107703
107704
107705
107706
107707
107708
107709
107710
107711
107712
107713
107714
107715
107716
107717
107718
107719
107720
107721
107722
107723
107724
107725
107726
107727
107728
107729
107730
107731
107732
107733
107734
107735
107736
107737
107738
107739
107740
107741
107742
107743
107744
107745
107746
107747
107748
107749
107750
107751
107752
107753
107754
107755
107756
107757
107758
107759
107760
107761
107762
107763
107764
107765
107766
107767
107768
107769
107770
107776
107777
107778
107779
107780
107781
107782
107783
107784
107785
107786
107787
107788
107789
107790
107791
107792
107793
107794
107795
107796
107797
107798
107799
107800
107801
107802
107803
107804
107805
107806
107807
107808
107809
107810
107811
107812
107813
107814
107815
108164
108171
108172
108173
108174
108175
108176
108177
108178
108179
108180
108181
108182
108183
108184
108185
108186
108187
108188
108189
108190
108899
113232
113233
113234
113235
113255
113256
113257
113309
113605
113606
113607
113608
113614
113615
113616
113617
113618
113619
113620
113623
113624
113625
113626
113644
113665
114065
114066
114067
114068
114069
114070
114071
114096
114097
114098
114099
114100
114101
114102
114103
114104
114105
114106
114107
114108
114109
114110
114111
114112
114113
114114
114115
114116
114117
114118
114119
114120
114121
114122
114406
114409
114410
116847
116848
116849
116850
116851
117182
117388
117389
117390
117391
117392
117393
117394
117395
117396
117397
117398
117399
117400
117401
117402
117403
117405
117411
117412
117413
117414
117415
117416
117417
117418
117419
117420
117421
117422
117423
117424
117425
117426
117427
117428
117429
117430
117431
117432
117433
117434
117435
117436
117437
117438
117439
117440
117441
117442
117443
117444
117450
117451
117452
117453
117468
117474
117476
117480
117481
117482
117484
117496
117497
117498
117499
117500
117501
117502
117503
117504
117505
117506
117507
117508
117509
117510
117511
117512
117513
117514
117527
117533
117534
117535
117536
117537
117538
117539
117540
117541
117542
117543
117544
117545
117548
117549
117550
119844
119845
119846
119847
119848
119849
119850
119851
119852
119853
119854
119855
119856
119857
119858
119859
119860
119861
119862
119863
119864
119865
119866
119867
119868
119869
119870
119871
119872
119883
119884
119885
119887
119888
120211
120213
120214
120215
120216
120217
120218
120219
120220
120221
120222
120223
120224
120407
120408
120409
120410
120411
120412
120413
120414
120415
120427
120428
120429
120430
120431
120432
120436
120665
120666
120667
121220
121221
121222
121223
121252
121253
121254
121255
121256
121257
121258
121259
121260
121261
121262
121283
121284
121285
121286
121287
121288
121289
121290
121291
121292
121293
121294
121295
121296
121297
121298
121299
121300
121301
121302
121303
121304
121305
121759
121760
121761
121762
121763
121764
121765
121766
121767
121768
121769
121770
121771
121772
121773
121774
121775
121776
121777
121778
121779
121783
121784
121785
121786
121787
121788
121789
121790
122533
122542
122544
122545
122547
122549
122550
122551
122552
122555
122567
122568
122569
122570
122571
122572
127152
127153
127154
127155
127156
127157
127158
127159
127160
127161
127162
127163
127164
127165
127166
127167
127168
127169
127170
127171
127172
127173
127174
127175
127176
127177
127178
127179
127180
127181
127182
127183
127184
127185
127186
127187
127188
127189
127190
127191
127192
127204
127205
127206
127207
127208
127209
127211
127213
127225
127226
127227
127228
127229
127230
127231
127232
127233
127234
127235
127236
127237
127238
127239
127240
127241
127242
127243
127244
127245
127246
127247
127248
127249
127250
127251
127252
127253
127254
127255
127256
127257
127258
127259
127260
127261
127262
127263
127264
127265
127266
127267
127268
127269
127270
127271
127272
127273
127275
127276
127279
127280
127298
127299
127300
127301
127302
127327
127328
127329
127330
127331
127332
127333
127336
127338
127341
127342
127351
127352
127354
127355
127356
127357
127358
127359
127360
127361
127362
127363
127364
127365
127366
127367
127368
127369
127370
127371
127372
127403
127404
127405
127406
127407
127408
127409
127410
127411
127412
127413
127414
127415
127416
127417
127418
127419
127420
127421
127422
127423
127424
127425
127426
127427
127428
127429
127430
127431
127432
127433
127434
127435
127436
127437
127438
127439
127440
127441
127442
127443
127444
127445
127446
127447
127448
127449
127450
127451
127452
127453
127454
127455
127456
127457
127458
127459
127460
127461
127462
127463
127464
127465
127466
127467
127468
127469
127470
127471
127472
127473
127474
127475
127476
127477
127478
127479
127485
127486
127487
127488
127489
127490
127491
127492
127493
127494
127495
127496
127497
127498
127499
127500
127501
127502
127503
127504
127505
127506
127507
127508
127509
127510
127511
127512
127513
127514
127515
127516
127517
127518
127519
127520
127521
127522
127523
127524
127873
127880
127881
127882
127883
127884
127885
127886
127887
127888
127889
127890
127891
127892
127893
127894
127895
127896
127897
127898
127899
128608
133934
133935
133936
133937
133938
133941
133942
134561
134562
134563
134564
134565
134566
134567
134568
134569
134570
134571
134572
134573
134574
134575
134576
134577
134578
134579
134580
134581
134582
134583
134584
134585
134586
134587
134588
134589
134590
134591
134592
134593
134594
134595
134596
134597
134598
134599
134600
134601
134602
134603
134604
134605
134606
134607
134608
134609
134610
134611
134612
134613
134614
134615
134616
134617
134618
134619
134620
134621
134622
134623
134624
134625
134626
134627
134628
134629
134630
134631
134632
134633
134634
134635
134636
134637
134638
134639
134640
134641
134642
134643
134644
134645
134646
134647
135652
135653
135656
135657
135870
135871
135872
135873
135874
135875
135876
135877
135878
135879
135880
135881
135882
135883
135884
135885
135886
135887
135888
135889
135890
135891
135892
135893
135894
135895
135896
135897
135898
135906
135907
135908
135909
135910
135911
135912
135913
135914
135915
135916
135917
135921
135922
135923
135924
135925
135926
135927
135928
135929
135930
135931
135932
135933
135934
136808
136809
136810
136811
136954
136955
136956
136957
136958
136959
136960
137153
137154
137155
137156
137176
137177
137178
137230
137526
137527
137528
137529
137535
137536
137537
137538
137539
137540
137541
137544
137545
137546
137547
137565
137586
137986
137987
137988
137989
137990
137991
137992
138017
138018
138019
138020
138021
138022
138023
138024
138025
138026
138027
138028
138029
138030
138031
138032
138033
138034
138035
138036
138037
138038
138039
138040
138041
138042
138043
138327
138330
138331
140768
140769
140770
140771
140772
141103
141309
141310
141311
141312
141313
141314
141315
141316
141317
141318
141319
141320
141321
141322
141323
141324
141326
141332
141333
141334
141335
141336
141337
141338
141339
141340
141341
141342
141343
141344
141345
141346
141347
141348
141349
141350
141351
141352
141353
141354
141355
141356
141357
141358
141359
141360
141361
141362
141363
141364
141365
141371
141372
141373
141374
141389
141395
141397
141401
141402
141403
141405
141417
141418
141419
141420
141421
141422
141423
141424
141425
141426
141427
141428
141429
141430
141431
141432
141433
141434
141435
141448
141454
141455
141456
141457
141458
141459
141460
141461
141462
141463
141464
141465
141466
141469
141470
141471
143765
143766
143767
143768
143769
143770
143771
143772
143773
143774
143775
143776
143777
143778
143779
143780
143781
143782
143783
143784
143785
143786
143787
143788
143789
143790
143791
143792
143793
143804
143805
143806
143808
143809
144132
144134
144135
144136
144137
144138
144139
144140
144141
144142
144143
144144
144145
144328
144329
144330
144331
144332
144333
144334
144335
144336
144348
144349
144350
144351
144352
144353
144357
144586
144587
144588
145141
145142
145143
145144
145173
145174
145175
145176
145177
145178
145179
145180
145181
145182
145183
145204
145205
145206
145207
145208
145209
145210
145211
145212
145213
145214
145215
145216
145217
145218
145219
145220
145221
145222
145223
145224
145225
145226
145680
145681
145682
145683
145684
145685
145686
145687
145688
145689
145690
145691
145692
145693
145694
145695
145696
145697
145698
145699
145700
145704
145705
145706
145707
145708
145709
145710
145711
146454
146463
146465
146466
146468
146470
146471
146472
146473
146476
146488
146489
146490
146491
146492
146493
151073
151074
151075
151076
151077
151078
151079
151080
151081
151082
151083
151084
151085
151086
151087
151088
151089
151090
151091
151092
151093
151094
151095
151096
151097
151098
151099
151100
151101
151102
151103
151104
151105
151106
151107
151108
151109
151110
151111
151112
151113
151125
151126
151127
151128
151129
151130
151132
151134
151146
151147
151148
151149
151150
151151
151152
151153
151154
151155
151156
151157
151158
151159
151160
151161
151162
151163
151164
151165
151166
151167
151168
151169
151170
151171
151172
151173
151174
151175
151176
151177
151178
151179
151180
151181
151182
151183
151184
151185
151186
151187
151188
151189
151190
151191
151192
151193
151194
151196
151197
151200
151201
151219
151220
151221
151222
151223
151248
151249
151250
151251
151252
151253
151254
151257
151259
151262
151263
151272
151273
151275
151276
151277
151278
151279
151280
151281
151282
151283
151284
151285
151286
151287
151288
151289
151290
151291
151292
151293
151324
151325
151326
151327
151328
151329
151330
151331
151332
151333
151334
151335
151336
151337
151338
151339
151340
151341
151342
151343
151344
151345
151346
151347
151348
151349
151350
151351
151352
151353
151354
151355
151356
151357
151358
151359
151360
151361
151362
151363
151364
151365
151366
151367
151368
151369
151370
151371
151372
151373
151374
151375
151376
151377
151378
151379
151380
151381
151382
151383
151384
151385
151386
151387
151388
151389
151390
151391
151392
151393
151394
151395
151396
151397
151398
151399
151400
151406
151407
151408
151409
151410
151411
151412
151413
151414
151415
151416
151417
151418
151419
151420
151421
151422
151423
151424
151425
151426
151427
151428
151429
151430
151431
151432
151433
151434
151435
151436
151437
151438
151439
151440
151441
151442
151443
151444
151445
151794
151801
151802
151803
151804
151805
151806
151807
151808
151809
151810
151811
151812
151813
151814
151815
151816
151817
151818
151819
151820
152529
157855
157856
157857
157858
157859
157862
157863
158482
158483
158484
158485
158486
158487
158488
158489
158490
158491
158492
158493
158494
158495
158496
158497
158498
158499
158500
158501
158502
158503
158504
158505
158506
158507
158508
158509
158510
158511
158512
158513
158514
158515
158516
158517
158518
158519
158520
158521
158522
158523
158524
158525
158526
158527
158528
158529
158530
158531
158532
158533
158534
158535
158536
158537
158538
158539
158540
158541
158542
158543
158544
158545
158546
158547
158548
158549
158550
158551
158552
158553
158554
158555
158556
158557
158558
158559
158560
158561
158562
158563
158564
158565
158566
158567
158568
159573
159574
159577
159578
159791
159792
159793
159794
159795
159796
159797
159798
159799
159800
159801
159802
159803
159804
159805
159806
159807
159808
159809
159810
159811
159812
159813
159814
159815
159816
159817
159818
159819
159827
159828
159829
159830
159831
159832
159833
159834
159835
159836
159837
159838
159842
159843
159844
159845
159846
159847
159848
159849
159850
159851
159852
159853
159854
159855
160729
160730
160731
160732
160875
160876
160877
160878
160879
160880
160881
161331
161332
161333
161334
161335
161589
161590
161591
161592
161593
161613
161614
161615
161616
161617
162403
162404
162405
162407
162670
162671
162672
162673
162674
162675
162676
162677
162678
162679
162696
162697
162698
162700
162701
162702
163781
163782
163783
163784
163785
163791
163792
163793
163794
163795
164306
164307
164308
164422
164423
164424
164425
164445
164446
164447
164499
164795
164796
164797
164798
164804
164805
164806
164807
164808
164809
164810
164813
164814
164815
164816
164834
164855
165255
165256
165257
165258
165259
165260
165261
165286
165287
165288
165289
165290
165291
165292
165293
165294
165295
165296
165297
165298
165299
165300
165301
165302
165303
165304
165305
165306
165307
165308
165309
165310
165311
165312
165596
165599
165600
168037
168038
168039
168040
168041
168372
168578
168579
168580
168581
168582
168583
168584
168585
168586
168587
168588
168589
168590
168591
168592
168593
168595
168601
168602
168603
168604
168605
168606
168607
168608
168609
168610
168611
168612
168613
168614
168615
168616
168617
168618
168619
168620
168621
168622
168623
168624
168625
168626
168627
168628
168629
168630
168631
168632
168633
168634
168640
168641
168642
168643
168658
168664
168666
168670
168671
168672
168674
168686
168687
168688
168689
168690
168691
168692
168693
168694
168695
168696
168697
168698
168699
168700
168701
168702
168703
168704
168717
168723
168724
168725
168726
168727
168728
168729
168730
168731
168732
168733
168734
168735
168738
168739
168740
171034
171035
171036
171037
171038
171039
171040
171041
171042
171043
171044
171045
171046
171047
171048
171049
171050
171051
171052
171053
171054
171055
171056
171057
171058
171059
171060
171061
171062
171073
171074
171075
171077
171078
171401
171403
171404
171405
171406
171407
171408
171409
171410
171411
171412
171413
171414
171597
171598
171599
171600
171601
171602
171603
171604
171605
171617
171618
171619
171620
171621
171622
171626
171855
171856
171857
172410
172411
172412
172413
172442
172443
172444
172445
172446
172447
172448
172449
172450
172451
172452
172473
172474
172475
172476
172477
172478
172479
172480
172481
172482
172483
172484
172485
172486
172487
172488
172489
172490
172491
172492
172493
172494
172495
172949
172950
172951
172952
172953
172954
172955
172956
172957
172958
172959
172960
172961
172962
172963
172964
172965
172966
172967
172968
172969
172973
172974
172975
172976
172977
172978
172979
172980
173723
173732
173734
173735
173737
173739
173740
173741
173742
173745
173757
173758
173759
173760
173761
173762
178342
178343
178344
178345
178346
178347
178348
178349
178350
178351
178352
178353
178354
178355
178356
178357
178358
178359
178360
178361
178362
178363
178364
178365
178366
178367
178368
178369
178370
178371
178372
178373
178374
178375
178376
178377
178378
178379
178380
178381
178382
178394
178395
178396
178397
178398
178399
178401
178403
178415
178416
178417
178418
178419
178420
178421
178422
178423
178424
178425
178426
178427
178428
178429
178430
178431
178432
178433
178434
178435
178436
178437
178438
178439
178440
178441
178442
178443
178444
178445
178446
178447
178448
178449
178450
178451
178452
178453
178454
178455
178456
178457
178458
178459
178460
178461
178462
178463
178465
178466
178469
178470
178488
178489
178490
178491
178492
178517
178518
178519
178520
178521
178522
178523
178526
178528
178531
178532
178541
178542
178544
178545
178546
178547
178548
178549
178550
178551
178552
178553
178554
178555
178556
178557
178558
178559
178560
178561
178562
178593
178594
178595
178596
178597
178598
178599
178600
178601
178602
178603
178604
178605
178606
178607
178608
178609
178610
178611
178612
178613
178614
178615
178616
178617
178618
178619
178620
178621
178622
178623
178624
178625
178626
178627
178628
178629
178630
178631
178632
178633
178634
178635
178636
178637
178638
178639
178640
178641
178642
178643
178644
178645
178646
178647
178648
178649
178650
178651
178652
178653
178654
178655
178656
178657
178658
178659
178660
178661
178662
178663
178664
178665
178666
178667
178668
178669
178675
178676
178677
178678
178679
178680
178681
178682
178683
178684
178685
178686
178687
178688
178689
178690
178691
178692
178693
178694
178695
178696
178697
178698
178699
178700
178701
178702
178703
178704
178705
178706
178707
178708
178709
178710
178711
178712
178713
178714
179063
179070
179071
179072
179073
179074
179075
179076
179077
179078
179079
179080
179081
179082
179083
179084
179085
179086
179087
179088
179089
179798
185124
185125
185126
185127
185128
185131
185132
185751
185752
185753
185754
185755
185756
185757
185758
185759
185760
185761
185762
185763
185764
185765
185766
185767
185768
185769
185770
185771
185772
185773
185774
185775
185776
185777
185778
185779
185780
185781
185782
185783
185784
185785
185786
185787
185788
185789
185790
185791
185792
185793
185794
185795
185796
185797
185798
185799
185800
185801
185802
185803
185804
185805
185806
185807
185808
185809
185810
185811
185812
185813
185814
185815
185816
185817
185818
185819
185820
185821
185822
185823
185824
185825
185826
185827
185828
185829
185830
185831
185832
185833
185834
185835
185836
185837
186842
186843
186846
186847
187060
187061
187062
187063
187064
187065
187066
187067
187068
187069
187070
187071
187072
187073
187074
187075
187076
187077
187078
187079
187080
187081
187082
187083
187084
187085
187086
187087
187088
187096
187097
187098
187099
187100
187101
187102
187103
187104
187105
187106
187107
187111
187112
187113
187114
187115
187116
187117
187118
187119
187120
187121
187122
187123
187124
187998
187999
188000
188001
188144
188145
188146
188147
188148
188149
188150
188600
188601
188602
188603
188604
188858
188859
188860
188861
188862
188882
188883
188884
188885
188886
189672
189673
189674
189676
189939
189940
189941
189942
189943
189944
189945
189946
189947
189948
189965
189966
189967
189969
189970
189971
191050
191051
191052
191053
191054
191060
191061
191062
191063
191064
191575
191576
191577
191684
191690
191717
191812
191817
191819
191830
191852
191885
191887
191912
191918
191960
191962
191965
191981
191985
192019
192096
192162
192188
192194
192198
192210
192308
192340
192342
192351
192354
192363
192365
192405
192483
192494
192495
192496
192500
192675
192685
192687
192689
192702
192715
192743
192812
192829
192841
192844
192846
192934
192986
193041
193042
193051
193053
193059
193072
193200
193401
193402
193403
193409
193411
193412
193417
193419
193420
193421
193521
193716
193722
193727
194660
194661
194662
194682
194683
194702
194703
194704
194705
194706
195470
195471
195472
195473
195474
195475
195476
195882
195883
195884
195885
195886
195887
195888
195889
195897
195898
195899
195900
195913
195915
195916
195917
195918
195919
195920
195921
195922
195927
195928
195929
195947
195948
195949
195950
195951
195952
195953
195954
195955
195956
195957
196703
196704
197090
197177
197178
197179
197180
197232
197233
197234
197236
197253
197254
197255
197256
197257
197258
197261
197262
197279
197280
197281
197282
197283
197284
197285
197286
197287
197500
197501
197502
197503
197929
197930
197931
197932
197933
197934
197939
197940
197941
197942
197949
197950
197951
197982
197990
197991
197992
198034
198035
198036
198037
198252
198253
198254
198255
198416
198419
198420
198424
198425
198426
198442
198443
198444
198445
198446
198956
198957
198967
198968
198969
198970
198971
198972
198973
198974
198975
198976
198977
198978
198979
198999
199000
199001
199239
199341
199343
199346
199347
199350
199351
199369
199370
199371
199372
199373
199383
199384
199385
199386
199409
199410
199411
199417
199419
199638
199779
199780
199813
199814
199823
199841
199842
199909
200074
200092
200290
200291
200371
200379
200420
200421
200428
200429
200430
200435
200436
200437
200534
200535
200536
200537
200599
200600
200603
200604
200734
200735
200736
200761
200762
200763
200767
200768
201002
201003
201059
201060
201066
201094
201095
201097
201134
201135
201136
201284
201285
201286
201380
201381
201382
201383
201384
201433
201435
201436
201444
201445
201446
201447
201512
201583
201602
201603
201604
201605
201615
201616
201758
201764
201781
201782
201852
201962
201963
201970
201971
201987
201988
201991
201992
201993
202177
202178
202398
202399
202400
202401
202408
202409
202415
202430
202583
202608
202614
202630
202634
202635
202897
202908
202910
202911
202922
202923
202944
202945
202979
203411
203412
203423
203424
203425
203429
203431
203432
203586
203587
203588
203589
203590
203851
203852
204150
204154
204208
204295
204333
204346
204387
204388
204437
204506
204774
204780
204787
204789
205029
205030
205137
205138
205146
205147
205148
205149
205156
205157
205158
205400
205554
205555
205571
205572
205574
205575
205580
205585
205586
205587
205588
205647
205648
205649
205650
205797
205798
205807
205829
205898
205951
205954
206137
206140
206141
206142
206143
206150
206266
206267
206269
206270
206277
206279
206280
206281
206282
206294
206295
206296
206299
206463
206464
206475
206646
206673
206695
206696
206697
206704
206770
206771
206772
206773
206822
206823
206824
206836
206838
206951
206969
206980
206981
206982
207004
207058
207059
207104
207105
207124
207125
207126
207127
207198
207274
207277
207387
207390
207400
207402
207403
207485
207596
207597
207598
207682
207689
207701
207811
207812
207819
207846
208048
208049
208050
208115
208116
208117
208118
208375
208422
208423
208441
208448
208463
208540
208541
208582
208583
208602
208640
208641
208642
208643
208763
208764
208765
208766
209097
209320
209321
209322
209323
209324
209325
209326
209327
209459
209460
209461
209462
209837
209890
209891
209893
209904
209905
209906
209907
209908
210103
210104
210127
210128
210129
210135
210136
210137
210283
210284
210285
210286
210287
210288
210289
210478
210576
210577
210578
210582
210583
210753
210851
210852
210853
210954
210955
210956
210957
210958
210981
210982
211108
211109
211110
211142
211143
211144
211159
211160
211297
211298
211300
211301
211302
211316
211375
211376
211377
211430
211440
211442
211443
211444
211445
211462
211463
211495
211496
211667
211675
211843
211844
211860
211861
211862
211863
211864
211866
211867
211868
211985
212109
212187
212209
212210
212316
212317
212360
212363
212366
212375
212608
212613
212678
212797
213177
213178
213404
213405
213406
213518
213519
213520
213530
213531
213532
213917
213918
213933
213935
213942
213943
213944
213945
213948
213949
213950
214012
214013
214014
214015
214155
214156
214157
214158
214166
214187
214312
214313
214314
214471
214472
214473
214620
214623
214624
214625
214626
214627
214628
214629
214643
214644
214645
214646
214830
215023
215063
215064
215065
215067
215068
215078
215142
215143
215144
215145
215206
215224
215225
215226
215228
215229
215347
215348
215361
215362
215363
215364
215394
215395
215396
215397
215519
215520
215538
215539
215540
215541
215542
215628
215714
215715
215846
215849
215850
215916
216046
216047
216048
216049
216050
216102
216154
216155
216156
216160
216162
216174
216285
216286
216287
216288
216289
216313
216530
216531
216532
216533
216534
216535
216601
216602
216603
216698
216700
216823
216824
216825
217063
217064
217065
217066
217236
217237
217240
217349
217350
217351
217352
217353
217354
217445
217446
217447
217448
217449
217450
217451
217452
217453
217734
217735
217766
217767
217768
217769
217770
217910
217925
217926
217927
217928
217984
218058
218059
218060
218061
218062
218063
218064
218197
218259
218260
218261
218394
218471
218472
218545
218546
218547
218548
218562
218563
218654
218679
218680
218681
218682
218683
218774
218831
218832
218885
218889
218890
218922
219051
219164
219166
219167
219168
219174
219175
219265
219351
219352
219353
219442
219518
219519
219540
219705
219710
219766
219767
220157
220158
220159
220241
220242
220243
220249
220250
220506
220507
220508
220601
220602
220605
220685
220686
220856
220857
220858
220859
220860
220867
220868
220869
220872
220985
221107
221140
221141
221176
221293
221294
221295
221379
221380
221396
221397
221398
221399
221400
221401
221437
221489
221490
221579
221580
221581
221582
221617
221696
221697
221698
221773
221774
221781
221856
221857
221858
221865
221978
221979
222013
222014
222015
222016
222017
222249
222296
222297
222298
222299
222342
222343
222344
222345
222485
222486
222487
222488
222489
222490
222548
222553
222615
222677
222713
222773
222774
222813
222814
222844
222845
222846
222847
222848
222913
222914
223046
223168
223173
223174
223175
223272
223336
223337
223647
223648
223649
223650
223750
223751
223752
223756
223824
223889
223915
223916
223945
223976
224018
224019
224039
224061
224100
224110
224154
224364
224375
224391
224406
224416
224490
224641
224820
224822
224874
224879
224925
224927
224963
224972
225053
225057
225109
225152
225157
225181
225233
225252
225300
225343
225407
225414
225431
225440
225452
225455
225507
225561
225590
225631
225647
225693
225738
225758
225840
225867
225906
225923
225929
225931
225943
225944
225967
226003
226004
226057
226105
226147
226170
226254
226266
226295
)


// ************************************************************************* //
