/*--------------------------------*- C++ -*----------------------------------*\
| =========                 |                                                 |
| \\      /  F ield         | OpenFOAM: The Open Source CFD Toolbox           |
|  \\    /   O peration     | Version:  v1612+                                |
|   \\  /    A nd           | Web:      www.OpenFOAM.com                      |
|    \\/     M anipulation  |                                                 |
\*---------------------------------------------------------------------------*/
FoamFile
{
    version     2.0;
    format      ascii;
    class       volVectorField;
    location    "50";
    object      wallShearStress;
}
// * * * * * * * * * * * * * * * * * * * * * * * * * * * * * * * * * * * * * //

dimensions      [0 2 -2 0 0 0 0];

internalField   uniform (0 0 0);

boundaryField
{
    WALL
    {
        type            calculated;
        value           nonuniform List<vector> 
1526
(
(0.00403669 -0.0114534 0.00864303)
(0.0034674 -0.0108385 0.00879597)
(0.00474466 -0.0120331 0.00663408)
(0.00502761 -0.0117193 0.00615371)
(0.00777919 -0.00499784 0.00723053)
(0.0076381 -0.00615151 0.00680618)
(0.00341984 -0.00974951 0.0105289)
(0.00334604 -0.00996788 0.00935138)
(0.00481246 -0.0108965 0.00751806)
(0.00461719 -0.0110314 0.0078029)
(0.00473171 -0.0101646 0.00746092)
(0.0042962 -0.0103733 0.00790156)
(0.00156803 -0.00764815 0.0108264)
(0.00548348 -0.0116932 0.00718083)
(0.00587252 -0.0114046 0.00700899)
(0.00441778 -0.0119173 0.00907785)
(0.00474479 -0.012476 0.00837557)
(0.00588981 -0.0130306 0.00700601)
(0.00596726 -0.0136201 0.00750004)
(0.00665499 -0.0123795 0.00700964)
(0.0066477 -0.0126047 0.00706087)
(0.00558623 -0.012472 0.00726964)
(0.00542716 -0.0127209 0.00770767)
(0.00399948 -0.0134503 0.00887595)
(0.00373848 -0.0125117 0.00906748)
(0.004975 -0.0136396 0.00815506)
(0.00433583 -0.0128054 0.0079938)
(0.00497569 -0.0138386 0.00770492)
(0.00460963 -0.0129327 0.00734457)
(0.00765545 -0.00626648 0.00733082)
(0.00793732 -0.00582381 0.00830143)
(0.00579559 -0.0124806 0.00793885)
(0.00548724 -0.0125969 0.00802428)
(0.00401138 -0.0117588 0.00805991)
(0.00361264 -0.0116368 0.00860644)
(0.00624119 -0.0120896 0.00688752)
(0.0068967 -0.0124296 0.00750844)
(0.00189068 -0.00879125 0.0151164)
(0.00375987 -0.0111163 0.00990023)
(0.00348504 -0.00969068 0.00994465)
(0.00453119 -0.013158 0.00821083)
(0.00462448 -0.0133082 0.00874495)
(0.00283799 -0.0128143 0.0140062)
(0.00268193 -0.0118367 0.0136091)
(0.00369034 -0.0122169 0.0112619)
(0.00315536 -0.0112649 0.0110451)
(0.00349047 -0.00846743 0.0126465)
(0.00354481 -0.00976304 0.0122454)
(0.00426818 -0.0107724 0.00902237)
(0.0050471 -0.0109345 0.010244)
(0.00463641 -0.0103812 0.00998989)
(0.00498292 -0.00978005 0.00987161)
(0.00181044 -0.00704505 0.0139052)
(0.00183419 -0.00725972 0.0126685)
(0.00463988 -0.011846 0.010342)
(0.00430124 -0.0107454 0.0104949)
(0.00420778 -0.0114483 0.0103419)
(0.00451895 -0.0112679 0.0108633)
(0.00434491 -0.0117415 0.0105333)
(0.00698924 -0.0116976 0.00717354)
(0.00689667 -0.011859 0.00709003)
(0.00663587 -0.0120053 0.00709735)
(0.00641966 -0.0119893 0.00706634)
(0.00654925 -0.0118219 0.00709472)
(0.00720781 -0.0113794 0.00701443)
(0.00684904 -0.00918091 0.00949267)
(0.00665355 -0.010438 0.00952277)
(0.00697655 -0.00962641 0.00923945)
(0.00717818 -0.00884812 0.00938089)
(0.00720243 -0.00945842 0.00983325)
(0.00561808 -0.0069475 0.00942446)
(0.00765809 -0.00884762 0.0114451)
(0.00655135 -0.00826525 0.00924997)
(0.00550213 -0.00690473 0.00936097)
(0.00591347 -0.00760029 0.00917015)
(0.00631513 -0.00865255 0.0101503)
(0.00932492 -0.00917757 0.0147682)
(0.00796597 -0.00999212 0.0140061)
(0.0085339 -0.00889789 0.0137407)
(0.00846433 -0.0089628 0.0144509)
(0.00921035 -0.00966726 0.0140778)
(0.00754462 -0.00861873 0.0140702)
(0.0036778 -0.0113177 0.00758044)
(0.00345537 -0.0105215 0.00789704)
(0.0035944 -0.0113094 0.0076541)
(0.00355346 -0.011004 0.0077019)
(0.00367267 -0.0111346 0.00808577)
(0.00356279 -0.0113999 0.00801379)
(0.00400605 -0.0117399 0.00968831)
(0.00442772 -0.0113261 0.009838)
(0.00438206 -0.0111489 0.0097206)
(0.0043611 -0.0116787 0.00989917)
(0.00397608 -0.0113425 0.0098001)
(0.00245411 -0.00742247 0.0131746)
(0.00307904 -0.00788637 0.0136809)
(0.00309419 -0.00663083 0.0126448)
(0.00308166 -0.00790146 0.0125784)
(0.00341915 -0.00752943 0.012913)
(0.00733455 -0.010917 0.0100274)
(0.00709887 -0.0106141 0.00933145)
(0.00738046 -0.0115786 0.0106699)
(0.00671972 -0.0111689 0.0101303)
(0.00751077 -0.0108293 0.00986658)
(0.00697626 -0.0113221 0.0097516)
(0.0079357 -0.0111777 0.00855076)
(0.00811125 -0.0109846 0.00875281)
(0.00815519 -0.0106491 0.00931867)
(0.00768341 -0.0108722 0.00898287)
(0.00779111 -0.0107239 0.00862029)
(0.00855408 -0.0111154 0.00945565)
(0.00419985 -0.0124316 0.00991905)
(0.00475014 -0.0125457 0.0092983)
(0.00376849 -0.0113863 0.00953804)
(0.00451241 -0.0122405 0.00947206)
(0.00464077 -0.012487 0.00931023)
(0.00419677 -0.0117526 0.00967692)
(0.00249663 -0.00897197 0.0128829)
(0.00306848 -0.0103845 0.0117387)
(0.00274609 -0.00890388 0.0122703)
(0.00292233 -0.010904 0.0133771)
(0.00283851 -0.00942443 0.0117073)
(0.00333802 -0.00793431 0.0122954)
(0.0030101 -0.00818653 0.0120629)
(0.00364328 -0.00877718 0.0115653)
(0.0032297 -0.00926757 0.0120955)
(0.00317455 -0.00899444 0.0119126)
(0.00364489 -0.00787733 0.0120024)
(0.0054293 -0.0143351 0.0131993)
(0.0066264 -0.0153187 0.0138196)
(0.0056617 -0.0134556 0.0105744)
(0.00453169 -0.0128666 0.0108412)
(0.00514821 -0.0146016 0.0123252)
(0.00390493 -0.0129545 0.0116237)
(0.00445101 -0.013577 0.0117961)
(0.0053293 -0.0132235 0.0107276)
(0.00630661 -0.0108836 0.00597494)
(0.00601229 -0.0116737 0.00636002)
(0.00643141 -0.0114238 0.011433)
(0.00677655 -0.0118157 0.0107834)
(0.00596546 -0.0113521 0.0109821)
(0.00600103 -0.0116268 0.0106365)
(0.00626195 -0.0113447 0.0105424)
(0.00653791 -0.0114117 0.0110274)
(0.00465656 -0.011323 0.0101668)
(0.0041757 -0.0104254 0.00955019)
(0.00418309 -0.0116118 0.00975196)
(0.00396731 -0.0114401 0.00972412)
(0.00487429 -0.0125365 0.0100244)
(0.0040834 -0.0128266 0.00896466)
(0.00388973 -0.0118559 0.00934481)
(0.00409431 -0.0122674 0.00840925)
(0.00424884 -0.0123442 0.0087719)
(0.00380936 -0.0119631 0.00938243)
(0.00447292 -0.013225 0.00928654)
(0.00494067 -0.0110808 0.010322)
(0.00558358 -0.0108219 0.0106406)
(0.00541175 -0.0115256 0.010815)
(0.0048306 -0.0107504 0.0102641)
(0.00546741 -0.0103699 0.0106334)
(0.00597545 -0.0120561 0.0113062)
(0.00355315 -0.0136919 0.0142362)
(0.00428211 -0.0134254 0.0129195)
(0.00462689 -0.0139544 0.0131496)
(0.00341015 -0.0131274 0.013112)
(0.00461646 -0.014063 0.0131179)
(0.00292966 -0.0129382 0.0138975)
(0.007993 -0.0121506 0.0080336)
(0.00821578 -0.0130744 0.00840784)
(0.00788387 -0.0126105 0.00786962)
(0.00753135 -0.0125241 0.00774583)
(0.00807532 -0.0120395 0.00805923)
(0.00773481 -0.0122903 0.007869)
(0.00587994 -0.0122701 0.00762444)
(0.00685313 -0.012841 0.00809682)
(0.00644492 -0.012786 0.0077984)
(0.00576558 -0.0125063 0.00744008)
(0.00630337 -0.012717 0.00770034)
(0.00643276 -0.0126651 0.00792285)
(0.00798913 -0.0124007 0.00827164)
(0.00758067 -0.0122484 0.00796358)
(0.00716313 -0.0123604 0.00787345)
(0.007332 -0.0128879 0.00842264)
(0.00793359 -0.013223 0.00843504)
(0.00814613 -0.0121552 0.00809302)
(0.00764428 -0.0117706 0.0074322)
(0.00799337 -0.0122828 0.00808084)
(0.00774328 -0.0115818 0.00744985)
(0.00814253 -0.0119302 0.00814755)
(0.00794006 -0.0119788 0.00730599)
(0.00737275 -0.0125527 0.00769587)
(0.00460722 -0.0119012 0.00830744)
(0.00500423 -0.0128682 0.00854961)
(0.00402082 -0.0114019 0.0079153)
(0.00452448 -0.0121881 0.00797596)
(0.00432231 -0.0120367 0.00843628)
(0.0036224 -0.0104836 0.00873756)
(0.00401825 -0.0116652 0.00868149)
(0.00383181 -0.0113741 0.00860298)
(0.00330886 -0.00901107 0.0102266)
(0.00383295 -0.0107094 0.00960669)
(0.00369446 -0.0114848 0.00987927)
(0.00404189 -0.010389 0.00997545)
(0.00337657 -0.0102185 0.00967022)
(0.00389779 -0.0106955 0.0100299)
(0.00494045 -0.0120752 0.00723507)
(0.0044212 -0.0116883 0.0072683)
(0.00503334 -0.0117067 0.00664786)
(0.00523729 -0.0122833 0.00739401)
(0.00483616 -0.0118622 0.00733995)
(0.0049332 -0.0122666 0.00745185)
(0.00549621 -0.0121075 0.00704583)
(0.00689762 -0.0126113 0.00758845)
(0.00758027 -0.012479 0.00754201)
(0.00624373 -0.0119562 0.00722497)
(0.00684819 -0.011603 0.00662139)
(0.00618329 -0.0128704 0.00758891)
(0.00625858 -0.0122717 0.00687088)
(0.00725204 -0.0127994 0.00758454)
(0.00388567 -0.011577 0.00718262)
(0.00416257 -0.0115758 0.00654096)
(0.00392953 -0.0112543 0.00691966)
(0.00437027 -0.0117256 0.00668064)
(0.00447838 -0.0115364 0.00636454)
(0.00482701 -0.0113963 0.00607174)
(0.00429537 -0.0114844 0.00639148)
(0.00397928 -0.011781 0.00686762)
(0.0035876 -0.0103083 0.00883213)
(0.00394333 -0.0100458 0.00907597)
(0.0034825 -0.0103988 0.00856975)
(0.00412291 -0.0109108 0.00922701)
(0.00383324 -0.0109605 0.00945142)
(0.00970914 -0.0129699 0.010843)
(0.0114661 -0.0153103 0.0134828)
(0.0105172 -0.0129728 0.0116526)
(0.010957 -0.0129637 0.0120272)
(0.00945873 -0.0139103 0.0113436)
(0.00998793 -0.0141181 0.0117206)
(0.0107872 -0.0128962 0.0116575)
(0.0097057 -0.0133349 0.0106231)
(0.0104841 -0.0120574 0.0114576)
(0.00975605 -0.0125569 0.0105013)
(0.01045 -0.012501 0.0112982)
(0.0101565 -0.0129319 0.0108667)
(0.0125165 -0.012266 0.015063)
(0.0114355 -0.0100159 0.0140322)
(0.0117408 -0.0106399 0.0153664)
(0.0127071 -0.0116268 0.0157786)
(0.0121238 -0.00941284 0.0154682)
(0.011794 -0.00995711 0.0158741)
(0.013218 -0.011252 0.0170963)
(0.0128564 -0.0103081 0.0156486)
(0.0111114 -0.0160372 0.0150648)
(0.00853548 -0.0149242 0.01311)
(0.01152 -0.0142152 0.0134335)
(0.00993328 -0.0152781 0.0130804)
(0.00937025 -0.0147305 0.0133433)
(0.0102094 -0.0137643 0.0126497)
(0.00950603 -0.00923312 0.0154257)
(0.0102095 -0.00749456 0.0164427)
(0.0107752 -0.00882291 0.0163732)
(0.0103384 -0.00866549 0.0154816)
(0.0111096 -0.00951744 0.0161278)
(0.00940853 -0.00924512 0.0167567)
(0.0100927 -0.0093847 0.014154)
(0.0107776 -0.00999391 0.0135921)
(0.0106786 -0.0103471 0.0132179)
(0.0104491 -0.010372 0.0135795)
(0.0108152 -0.00987887 0.0143733)
(0.0101502 -0.00978219 0.0138307)
(0.00910086 -0.0111958 0.00971398)
(0.00976758 -0.012077 0.0106913)
(0.00926086 -0.0116501 0.00981831)
(0.00961486 -0.0117567 0.00984661)
(0.00937757 -0.0111533 0.0104099)
(0.00867925 -0.0112965 0.00987692)
(0.00991239 -0.0113118 0.0107193)
(0.00999398 -0.0121489 0.0102786)
(0.0102976 -0.012408 0.0110013)
(0.00960804 -0.0121746 0.0101816)
(0.00970621 -0.0122927 0.0100188)
(0.00963855 -0.0116315 0.0104545)
(0.00734371 -0.0107694 0.0106863)
(0.00654665 -0.0105464 0.0111143)
(0.00635911 -0.0110019 0.0105553)
(0.0070581 -0.0106334 0.0105838)
(0.0065246 -0.0103712 0.0103479)
(0.00752405 -0.0108636 0.0116636)
(0.00785235 -0.0109433 0.00947831)
(0.00753392 -0.0100747 0.0097802)
(0.00771385 -0.0114803 0.0101384)
(0.00812607 -0.010706 0.0100024)
(0.00815523 -0.0103478 0.00958021)
(0.00757158 -0.0106326 0.0100748)
(0.0086933 -0.0113802 0.0096004)
(0.00824658 -0.0106479 0.00938908)
(0.00875714 -0.0112685 0.00973794)
(0.00855515 -0.0108189 0.0103253)
(0.00836109 -0.0110406 0.00997119)
(0.00888314 -0.0113268 0.010361)
(0.00675929 -0.0119764 0.0119165)
(0.00571686 -0.0105338 0.0109562)
(0.0067309 -0.0104331 0.0115859)
(0.00632158 -0.0118942 0.011293)
(0.00566476 -0.0106112 0.0108912)
(0.00646263 -0.0108018 0.0108867)
(0.00435871 -0.00999394 0.00921324)
(0.00460808 -0.00935585 0.00922203)
(0.00403503 -0.00918099 0.00946074)
(0.004603 -0.0101678 0.0101721)
(0.0044898 -0.00895829 0.00950483)
(0.00415464 -0.00998846 0.00904626)
(0.00445881 -0.00987105 0.0102388)
(0.00380655 -0.00975228 0.00996275)
(0.00470165 -0.00955083 0.0106197)
(0.00427201 -0.0100156 0.00981109)
(0.00404365 -0.0104425 0.0100591)
(0.00442794 -0.0090803 0.0106146)
(0.00749264 -0.0131556 0.00764576)
(0.00706476 -0.0132855 0.00746085)
(0.00663097 -0.0136123 0.00744852)
(0.00743636 -0.0127248 0.00758512)
(0.00766452 -0.0125557 0.00814293)
(0.00773101 -0.0113715 0.0082443)
(0.00755471 -0.0117077 0.00850413)
(0.00692287 -0.0119124 0.0075062)
(0.00762267 -0.0122061 0.00814341)
(0.00726163 -0.0119625 0.00813701)
(0.00800359 -0.0110827 0.00823536)
(0.00771887 -0.0116697 0.00888194)
(0.00739845 -0.0116246 0.00834385)
(0.0072597 -0.0110394 0.00827744)
(0.00788867 -0.0108315 0.00835063)
(0.00772386 -0.0117792 0.00931486)
(0.00736331 -0.0108524 0.00733473)
(0.00747721 -0.0111286 0.00718233)
(0.00724446 -0.0113646 0.007243)
(0.00708433 -0.0111137 0.00686279)
(0.00731285 -0.0105571 0.00707407)
(0.00730636 -0.0113069 0.0070088)
(0.00719167 -0.0113593 0.00693941)
(0.00709537 -0.0120243 0.00733643)
(0.00729792 -0.0121395 0.00705272)
(0.00696405 -0.0115606 0.00673853)
(0.00734689 -0.0112192 0.00705911)
(0.00414483 -0.00687432 0.0117748)
(0.00430594 -0.00511126 0.0120094)
(0.00495513 -0.00591252 0.0120815)
(0.00447366 -0.00654674 0.0112755)
(0.00417853 -0.00629738 0.0120003)
(0.00391782 -0.00697685 0.0122313)
(0.00487968 -0.00674598 0.0116204)
(0.00428024 -0.00811885 0.0108156)
(0.00508374 -0.0068812 0.0115111)
(0.00457259 -0.00792456 0.0109389)
(0.00460919 -0.00723364 0.0103898)
(0.00447139 -0.00753474 0.0109229)
(0.00631945 -0.00459298 0.0126315)
(0.00567301 -0.0047953 0.0131995)
(0.00524193 -0.00488575 0.0113563)
(0.00476721 -0.00484384 0.0120756)
(0.00605218 -0.00420782 0.0118726)
(0.005213 -0.00389585 0.01087)
(0.00652435 -0.00251223 0.0112728)
(0.00688636 -0.00234076 0.0113656)
(0.0073453 -0.0031392 0.00980403)
(0.00753957 -0.00321417 0.0105062)
(0.00711348 -0.00357678 0.0109612)
(0.00686497 -0.00237055 0.0100352)
(0.00459608 -0.00359763 0.0132175)
(0.00555308 -0.00292243 0.0122218)
(0.00494994 -0.00269388 0.0125924)
(0.00623587 -0.00249492 0.0125894)
(0.00750163 -0.00872481 0.0101317)
(0.00770054 -0.0082979 0.00934194)
(0.00711595 -0.00900726 0.00913784)
(0.00692751 -0.0095426 0.0101971)
(0.00777012 -0.0081025 0.00962559)
(0.00680819 -0.00862503 0.00916654)
(0.00666997 -0.0075238 0.00946941)
(0.00668027 -0.0069095 0.00874448)
(0.006309 -0.00682764 0.00834288)
(0.00669491 -0.00725574 0.0102595)
(0.00591372 -0.00807268 0.00903549)
(0.00790711 -0.00998613 0.00925129)
(0.00749031 -0.0106996 0.00860127)
(0.00763143 -0.0103099 0.00840124)
(0.00718996 -0.00990786 0.00848553)
(0.00747712 -0.00986241 0.00844324)
(0.00771706 -0.0101505 0.00887298)
(0.00776914 -0.00985924 0.00938447)
(0.00768639 -0.00935665 0.00875975)
(0.00724583 -0.00842846 0.00895098)
(0.00751482 -0.00927533 0.00857755)
(0.00735724 -0.00896388 0.00915706)
(0.00757173 -0.00927308 0.00918289)
(0.00639221 -0.00883758 0.00994699)
(0.00654827 -0.00910917 0.0095231)
(0.00636973 -0.00863847 0.0104196)
(0.00645411 -0.00863956 0.00996035)
(0.00685313 -0.0088415 0.00955007)
(0.00606001 -0.00833922 0.00994498)
(0.00553966 -0.00951658 0.00918287)
(0.00511452 -0.00941331 0.0100627)
(0.00605372 -0.0102723 0.0104728)
(0.00541986 -0.00986716 0.0099717)
(0.00484922 -0.00893629 0.00971895)
(0.00528535 -0.0100578 0.00971234)
(0.00590664 -0.0136172 0.00710591)
(0.00617687 -0.0140765 0.00720733)
(0.00432293 -0.0134459 0.00843704)
(0.00433044 -0.0134393 0.00822544)
(0.00668858 -0.0118164 0.00681834)
(0.00660798 -0.0125617 0.00688264)
(0.00616771 -0.0122982 0.00695284)
(0.00649387 -0.0123516 0.00713141)
(0.00681168 -0.0119171 0.00689503)
(0.00523851 -0.0132119 0.00723016)
(0.00461648 -0.0136234 0.00846333)
(0.00493686 -0.013161 0.0077112)
(0.00507503 -0.0134195 0.00767803)
(0.00517321 -0.0138513 0.00788932)
(0.00505855 -0.0122195 0.00783706)
(0.00600483 -0.0121189 0.00710908)
(0.00518153 -0.0115324 0.00730438)
(0.00538519 -0.0121444 0.00751166)
(0.00627476 -0.0120683 0.00711233)
(0.00559541 -0.0115809 0.00704196)
(0.00403337 -0.0117474 0.0100084)
(0.00457659 -0.0124781 0.00948705)
(0.00442223 -0.0123235 0.00976214)
(0.00411025 -0.0117955 0.00902501)
(0.00398897 -0.011381 0.00943453)
(0.00422079 -0.00928742 0.0084168)
(0.00318703 -0.00897927 0.00848516)
(0.00349039 -0.00867414 0.00796244)
(0.00298216 -0.00911889 0.00924224)
(0.00234083 -0.00859105 0.00929444)
(0.00279047 -0.00893986 0.00899821)
(0.00491199 -0.00791226 0.00673083)
(0.00445685 -0.0082371 0.00702167)
(0.00418983 -0.00884802 0.00731936)
(0.00488591 -0.00894218 0.00724454)
(0.00500394 -0.00846162 0.00669287)
(0.00522307 -0.00800844 0.00670651)
(0.00612574 -0.00701722 0.00639009)
(0.00703269 -0.00640579 0.00677571)
(0.00566504 -0.00747932 0.00664352)
(0.00650187 -0.00675277 0.00655308)
(0.00595183 -0.0069715 0.00644786)
(0.00616066 -0.00627115 0.00637857)
(0.00638274 -0.00615779 0.00631225)
(0.00435088 -0.00971361 0.00742733)
(0.00530252 -0.00955438 0.00702299)
(0.0055419 -0.00908754 0.006765)
(0.00492209 -0.0099456 0.00750399)
(0.00456967 -0.00898387 0.00696126)
(0.00491358 -0.00884286 0.00666734)
(0.00741864 -0.00479893 0.00691422)
(0.00777976 -0.00571521 0.00712235)
(0.00753839 -0.00579566 0.00709701)
(0.00720711 -0.00629764 0.00665152)
(0.00744746 -0.00502204 0.00698068)
(0.00771145 -0.00487608 0.00772979)
(0.00771422 -0.00500108 0.00764603)
(0.00731371 -0.00596343 0.00682076)
(0.00265468 -0.00926574 0.00968834)
(0.00260887 -0.00930323 0.00996959)
(0.00257706 -0.00904436 0.00989195)
(0.00236475 -0.00845391 0.0106725)
(0.00259054 -0.00915419 0.0110543)
(0.00271801 -0.00909032 0.0104072)
(0.00887992 -0.0075031 0.0179467)
(0.00970265 -0.00885436 0.0178269)
(0.00775375 -0.00763549 0.0162239)
(0.00752394 -0.00747322 0.0174733)
(0.00830644 -0.00693428 0.0161605)
(0.00766801 -0.00554503 0.0174734)
(0.00757062 -0.00528731 0.00736652)
(0.00770886 -0.0050606 0.00791783)
(0.00756685 -0.00500205 0.00832252)
(0.00757133 -0.00444442 0.00811532)
(0.00766193 -0.00558592 0.00758741)
(0.00767521 -0.00622264 0.00855824)
(0.0073872 -0.00723254 0.00656214)
(0.00705771 -0.00809951 0.00641964)
(0.00719675 -0.00865667 0.00682204)
(0.0073909 -0.00809507 0.00679286)
(0.00709532 -0.00809771 0.0063067)
(0.00710964 -0.00752553 0.00668763)
(0.00722828 -0.00713215 0.00648214)
(0.00707387 -0.00707605 0.00627518)
(0.00730908 -0.00698758 0.00671428)
(0.00742894 -0.0062649 0.0068736)
(0.00746141 -0.00615602 0.00669376)
(0.00729203 -0.00658485 0.00655376)
(0.00602032 -0.00880623 0.00633187)
(0.0065362 -0.00908073 0.00647363)
(0.00675176 -0.00825924 0.00643248)
(0.0063766 -0.00891963 0.00666174)
(0.00654067 -0.0082883 0.00635698)
(0.00652591 -0.00930665 0.00678933)
(0.00695749 -0.00740091 0.0065895)
(0.00654861 -0.00754594 0.00658319)
(0.00560101 -0.00820123 0.0065117)
(0.00595038 -0.00831667 0.00655173)
(0.00643459 -0.00780726 0.00637591)
(0.00600656 -0.00780288 0.00653018)
(0.00700233 -0.00879038 0.00640741)
(0.00693003 -0.00984055 0.00696414)
(0.00598737 -0.00974814 0.00665526)
(0.00627898 -0.0098588 0.00703029)
(0.00700163 -0.00881319 0.00637785)
(0.00661286 -0.00979447 0.00659751)
(0.00467872 -0.0076292 0.0135125)
(0.00471455 -0.00751669 0.0132616)
(0.00419638 -0.00874274 0.013161)
(0.00443245 -0.00861065 0.0131473)
(0.00455295 -0.0086413 0.0138238)
(0.0035104 -0.00938666 0.00814082)
(0.00383518 -0.00952034 0.00822555)
(0.00331193 -0.00940486 0.00864358)
(0.00304299 -0.00858839 0.00807961)
(0.00286783 -0.00921006 0.00892785)
(0.00347876 -0.00925669 0.00792389)
(0.00572338 -0.0106083 0.0121884)
(0.00536378 -0.00984387 0.0120652)
(0.00591676 -0.00937004 0.0119417)
(0.00636907 -0.00940095 0.0127468)
(0.00671514 -0.011599 0.0130572)
(0.00498206 -0.0093552 0.0115726)
(0.00376818 -0.0100865 0.010797)
(0.0037597 -0.00949859 0.0114481)
(0.00385057 -0.00914893 0.0127953)
(0.00371848 -0.0101005 0.0107551)
(0.00499367 -0.011298 0.0121472)
(0.00401349 -0.00938614 0.0130268)
(0.00847223 -0.0116948 0.00834114)
(0.00862264 -0.0113418 0.00902323)
(0.00875703 -0.0122918 0.00907996)
(0.00857638 -0.011589 0.00829939)
(0.00848021 -0.0114985 0.00854677)
(0.00888472 -0.0115165 0.00904953)
(0.00816938 -0.0107546 0.008255)
(0.00823711 -0.011582 0.00862715)
(0.00829498 -0.0112001 0.00930416)
(0.00829717 -0.011145 0.00881838)
(0.00846871 -0.0117319 0.00851164)
(0.00807176 -0.011583 0.00891313)
(0.00658371 -0.0101995 0.00951316)
(0.00660676 -0.0112499 0.0105245)
(0.00682441 -0.0111823 0.00989185)
(0.0069644 -0.0110498 0.0105149)
(0.00729453 -0.0111544 0.0101386)
(0.00611574 -0.0111156 0.00955576)
(0.00785918 -0.0114738 0.00948441)
(0.00761605 -0.0103207 0.00857378)
(0.00732493 -0.010505 0.0090323)
(0.00744722 -0.0103137 0.00930459)
(0.00711083 -0.0105334 0.00912188)
(0.00786588 -0.0102354 0.00876027)
(0.00440079 -0.0109601 0.00849028)
(0.00490522 -0.0111806 0.00782361)
(0.00442677 -0.0112653 0.00779615)
(0.00457503 -0.0118011 0.00877421)
(0.0034998 -0.0100694 0.00927896)
(0.00337583 -0.0100476 0.00889707)
(0.00323087 -0.00972189 0.00961449)
(0.00352095 -0.0102228 0.0108448)
(0.00348409 -0.0100933 0.0100899)
(0.00352967 -0.0102799 0.00882128)
(0.00373699 -0.0102763 0.00859577)
(0.00343152 -0.0101227 0.00964852)
(0.00526312 -0.0104491 0.00715615)
(0.0053663 -0.00968832 0.00687871)
(0.00446081 -0.0101846 0.00771183)
(0.00421887 -0.0097551 0.00726592)
(0.00550453 -0.00969406 0.00669564)
(0.00511415 -0.0101922 0.00703078)
(0.00394636 -0.00786953 0.00723213)
(0.00464069 -0.00748378 0.00663724)
(0.00474795 -0.00811647 0.00716606)
(0.00506096 -0.00700345 0.00649675)
(0.00701349 -0.0105918 0.00686495)
(0.00710589 -0.0101902 0.00726491)
(0.00730726 -0.0102874 0.0072202)
(0.00759009 -0.0101477 0.00747642)
(0.00752753 -0.0111144 0.00741431)
(0.00770278 -0.0101013 0.00758046)
(0.00734897 -0.00392538 0.00826586)
(0.008163 -0.00359592 0.00864679)
(0.00740709 -0.00405941 0.00779272)
(0.00732493 -0.00385543 0.00905527)
(0.00796007 -0.00373932 0.00927594)
(0.00799634 -0.00397287 0.00811142)
(0.00491301 -0.0107466 0.01107)
(0.00529786 -0.01017 0.0116747)
(0.00520125 -0.0108432 0.0116209)
(0.00556784 -0.0113765 0.0116517)
(0.00470455 -0.0107211 0.01095)
(0.00500165 -0.00984221 0.0112019)
(0.00438725 -0.00889951 0.0111412)
(0.00398277 -0.00933001 0.0102675)
(0.00351291 -0.0085883 0.0102507)
(0.00673616 -0.0123861 0.00695256)
(0.0069586 -0.0128279 0.00726306)
(0.00680494 -0.00512746 0.0104328)
(0.00660043 -0.00396551 0.00908017)
(0.00371001 -0.00839611 0.00796172)
(0.00572252 -0.0104339 0.0070975)
(0.00556727 -0.0103856 0.00707541)
(0.00597768 -0.010408 0.00686442)
(0.00547098 -0.0106069 0.00687317)
(0.00368559 -0.00986314 0.00850802)
(0.00505355 -0.0107942 0.00727194)
(0.0070386 -0.0113781 0.00962094)
(0.00807722 -0.0111119 0.0078629)
(0.00861453 -0.0108562 0.00900542)
(0.0083868 -0.0118884 0.00847084)
(0.00723334 -0.0101285 0.00940139)
(0.00385964 -0.0102441 0.011878)
(0.00468499 -0.00996005 0.0114175)
(0.00486966 -0.00942801 0.012846)
(0.00447466 -0.00885383 0.0118053)
(0.00597883 -0.0114255 0.0128487)
(0.00416651 -0.011316 0.00999221)
(0.00403039 -0.0112143 0.00963413)
(0.00402679 -0.0111617 0.00897637)
(0.00409966 -0.0111089 0.00951606)
(0.00537758 -0.0120219 0.0118865)
(0.00598593 -0.0120208 0.0125938)
(0.00496646 -0.0101853 0.0117419)
(0.00464519 -0.0111568 0.0100659)
(0.00461795 -0.0118602 0.0108719)
(0.00539961 -0.0119583 0.011352)
(0.00414567 -0.0101204 0.0108322)
(0.00390134 -0.0107328 0.0102302)
(0.003866 -0.0105041 0.00974224)
(0.00414071 -0.0113059 0.00956129)
(0.0044508 -0.0113433 0.01037)
(0.00493613 -0.0101442 0.0113766)
(0.00434741 -0.00925541 0.0109552)
(0.00410922 -0.0103068 0.010786)
(0.00416519 -0.00958118 0.012395)
(0.00734322 -0.00909983 0.00738466)
(0.00475412 -0.0113598 0.00764558)
(0.00755798 -0.00932159 0.00706369)
(0.00718089 -0.00900672 0.00677902)
(0.00743647 -0.00988386 0.00700643)
(0.0057922 -0.0106786 0.00680983)
(0.00725156 -0.0101271 0.00692201)
(0.0062513 -0.00998209 0.00699839)
(0.00695372 -0.00773332 0.00638449)
(0.00708955 -0.00804982 0.00667788)
(0.00726775 -0.00926432 0.00698488)
(0.00459336 -0.00920144 0.0134557)
(0.00421645 -0.00826536 0.0142184)
(0.00353414 -0.00762136 0.0137815)
(0.00353806 -0.00687538 0.0151896)
(0.00356841 -0.00787238 0.0142916)
(0.00383835 -0.0074802 0.0142092)
(0.00291123 -0.0093807 0.00885397)
(0.00271889 -0.00777353 0.0137995)
(0.00328626 -0.00808225 0.0130068)
(0.00293565 -0.00823841 0.0132299)
(0.00261987 -0.00838054 0.0123624)
(0.00236401 -0.00861938 0.0113861)
(0.00259049 -0.00864716 0.012319)
(0.00313197 -0.0069617 0.0153903)
(0.00307068 -0.00553242 0.0162334)
(0.00431172 -0.0060469 0.0168195)
(0.00637087 -0.00551137 0.0174439)
(0.00732071 -0.00535099 0.0175618)
(0.00726679 -0.0066344 0.00655114)
(0.00753198 -0.00572994 0.00719536)
(0.007591 -0.00497328 0.00755016)
(0.00563181 -0.00875089 0.00653779)
(0.00575384 -0.00964723 0.0070286)
(0.00393012 -0.00964929 0.00780002)
(0.00358625 -0.0098719 0.00830535)
(0.00688447 -0.00681756 0.00664109)
(0.00779277 -0.00378092 0.00773188)
(0.00755783 -0.00364422 0.00795664)
(0.00742372 -0.00509834 0.00700184)
(0.00682272 -0.0054279 0.00654536)
(0.0056015 -0.00779298 0.00647669)
(0.00518107 -0.00850198 0.00669482)
(0.00435014 -0.00893018 0.00715152)
(0.00409948 -0.00835461 0.00730716)
(0.0021109 -0.0084646 0.0110475)
(0.00208924 -0.0086792 0.0100565)
(0.00289537 -0.00909973 0.00972826)
(0.00205165 -0.00866558 0.0100165)
(0.00374857 -0.00838882 0.00714717)
(0.0070534 -0.0104864 0.00675301)
(0.00696406 -0.0103552 0.00670367)
(0.00516866 -0.0110156 0.00708711)
(0.00500154 -0.0113664 0.0073661)
(0.00549247 -0.0111051 0.00701106)
(0.00688897 -0.0112709 0.00688315)
(0.00657873 -0.0108919 0.00667513)
(0.00680495 -0.0107924 0.00682984)
(0.00643566 -0.0108044 0.0067826)
(0.00582637 -0.0113007 0.00712159)
(0.00602295 -0.0107547 0.00672493)
(0.00630956 -0.010891 0.00679832)
(0.00438066 -0.0117813 0.00822918)
(0.00442672 -0.0114966 0.00828536)
(0.00417545 -0.0117158 0.00860635)
(0.00452916 -0.0120703 0.00990103)
(0.00437085 -0.011892 0.00955853)
(0.00439998 -0.012042 0.00931727)
(0.00513335 -0.0124487 0.00731836)
(0.0053467 -0.0127919 0.00727056)
(0.00510131 -0.0131064 0.00785475)
(0.00525377 -0.0131929 0.00769693)
(0.00471227 -0.0124088 0.00858498)
(0.00510389 -0.0127732 0.00793925)
(0.00440873 -0.0122283 0.00838937)
(0.00463856 -0.0123067 0.00794913)
(0.00454415 -0.0123488 0.00886574)
(0.004675 -0.0127392 0.00862848)
(0.00423828 -0.0119319 0.00881486)
(0.00442943 -0.0126364 0.00870957)
(0.00442601 -0.0124089 0.00840433)
(0.00618376 -0.011099 0.00681509)
(0.00636507 -0.0114447 0.00700556)
(0.00554202 -0.011213 0.0070423)
(0.00522431 -0.0126128 0.00857082)
(0.00496909 -0.0119261 0.0080662)
(0.00559843 -0.0118462 0.00752043)
(0.00621602 -0.0116827 0.00696375)
(0.00576079 -0.0118029 0.0069346)
(0.0049258 -0.0118298 0.00739955)
(0.00502603 -0.0122711 0.00786721)
(0.00485512 -0.0122155 0.00800613)
(0.00509524 -0.0119654 0.00733053)
(0.005622 -0.0129498 0.0071909)
(0.00540868 -0.0132874 0.00769856)
(0.00484123 -0.0132229 0.00772287)
(0.0059216 -0.0131618 0.00740996)
(0.00540897 -0.0128106 0.00729122)
(0.00544653 -0.0123444 0.00729599)
(0.00532577 -0.0129494 0.00788146)
(0.00566685 -0.0123829 0.00716822)
(0.00583734 -0.0124048 0.00722236)
(0.00612837 -0.0127366 0.00737038)
(0.00625971 -0.0124063 0.00716)
(0.00401684 -0.0114978 0.00987687)
(0.00419989 -0.0113321 0.00875176)
(0.00423523 -0.0115705 0.00937677)
(0.00403241 -0.0108272 0.00905802)
(0.00383672 -0.0106877 0.0100052)
(0.00346736 -0.0100459 0.0101836)
(0.00392234 -0.00963356 0.0108868)
(0.0040696 -0.00994734 0.0115924)
(0.00383623 -0.0104678 0.0112256)
(0.00508818 -0.0124883 0.0114239)
(0.00385999 -0.0105115 0.0111382)
(0.00400653 -0.010623 0.0107621)
(0.00420508 -0.010791 0.0110088)
(0.00401184 -0.0113794 0.0112057)
(0.00444436 -0.0116366 0.0105683)
(0.00386611 -0.010424 0.0100948)
(0.00418103 -0.0132081 0.00883314)
(0.00457245 -0.0134939 0.00778767)
(0.00439625 -0.0131558 0.00776082)
(0.00471122 -0.0135684 0.00790112)
(0.00705029 -0.0131469 0.00724279)
(0.0054042 -0.0135671 0.00745605)
(0.00672376 -0.0133315 0.0072648)
(0.0057511 -0.0135586 0.00737224)
(0.00468568 -0.0134197 0.00757786)
(0.004962 -0.0140519 0.00792022)
(0.00527683 -0.0134295 0.00716385)
(0.00487823 -0.0131711 0.00732265)
(0.00633485 -0.0133013 0.00714572)
(0.00573127 -0.0133391 0.00720963)
(0.00535041 -0.0134782 0.00718261)
(0.00619969 -0.0132604 0.00717059)
(0.00398914 -0.00798209 0.00990897)
(0.00476981 -0.00820524 0.00998013)
(0.00427509 -0.00784059 0.0099878)
(0.00712449 -0.00857216 0.00941649)
(0.00585048 -0.00954608 0.0102352)
(0.00549915 -0.00844356 0.00993904)
(0.00519622 -0.00983558 0.00973112)
(0.00463913 -0.0090364 0.00938782)
(0.00481233 -0.00880218 0.0105427)
(0.00493258 -0.00862396 0.0102038)
(0.00391436 -0.00302771 0.0142411)
(0.00765567 -0.00256785 0.00927314)
(0.00651747 -0.00162709 0.0118119)
(0.00612577 -0.00346423 0.011671)
(0.00511482 -0.00368553 0.0131094)
(0.00328676 -0.00445503 0.0136133)
(0.00343203 -0.00573797 0.0139005)
(0.0036338 -0.00355088 0.01323)
(0.00487608 -0.00520577 0.0131869)
(0.00626821 -0.00822717 0.010609)
(0.00661627 -0.00678555 0.0105575)
(0.00513371 -0.00849652 0.0112504)
(0.00454489 -0.00758599 0.0109942)
(0.00465859 -0.00814626 0.0117501)
(0.00615754 -0.00667787 0.00978228)
(0.00670953 -0.00451688 0.011518)
(0.0067671 -0.00392404 0.0110343)
(0.00615963 -0.00374104 0.0100636)
(0.00613898 -0.00500285 0.0110484)
(0.00530587 -0.0080494 0.0107255)
(0.00556487 -0.00671948 0.0104643)
(0.0052596 -0.00484579 0.0116798)
(0.00753924 -0.00912502 0.00718242)
(0.00749138 -0.0090306 0.00738333)
(0.00756579 -0.00695639 0.00720578)
(0.00771444 -0.0066412 0.00763929)
(0.00752447 -0.00715138 0.00702976)
(0.00762842 -0.00811044 0.00709436)
(0.00730662 -0.00776239 0.00681496)
(0.00723789 -0.00712072 0.00735094)
(0.0072911 -0.00791507 0.00722435)
(0.00772178 -0.0079775 0.00760967)
(0.00778494 -0.00697465 0.00825624)
(0.00721761 -0.00622055 0.0109916)
(0.00761328 -0.00585019 0.00880936)
(0.00766436 -0.00583082 0.00937651)
(0.00712333 -0.00591594 0.00993824)
(0.00692984 -0.00541303 0.0101145)
(0.00694946 -0.00579004 0.0103845)
(0.00681047 -0.00599916 0.0106753)
(0.00736066 -0.00446769 0.0100905)
(0.00770716 -0.00556878 0.0101774)
(0.00727225 -0.00633712 0.0106463)
(0.00685055 -0.00723262 0.00917367)
(0.00632027 -0.00643514 0.00947572)
(0.00770783 -0.00819215 0.0087028)
(0.00738774 -0.00773861 0.00886546)
(0.00722531 -0.00749896 0.00892642)
(0.00726441 -0.00782945 0.00837456)
(0.00815426 -0.00757876 0.00840948)
(0.00767878 -0.00851584 0.00766198)
(0.00733107 -0.00808868 0.00806427)
(0.00819888 -0.00798123 0.00849525)
(0.00745444 -0.00817496 0.00718574)
(0.00796588 -0.00863932 0.00816408)
(0.0068242 -0.0125929 0.00730605)
(0.00717685 -0.0128856 0.00742734)
(0.00681411 -0.0123688 0.00726497)
(0.00770461 -0.0115457 0.00746439)
(0.00698998 -0.0117408 0.00708159)
(0.00702826 -0.0121344 0.0072841)
(0.00702469 -0.0111871 0.00700704)
(0.00752281 -0.0107583 0.00710989)
(0.00701105 -0.0119929 0.00719187)
(0.00733822 -0.0122995 0.00755656)
(0.00740055 -0.0110349 0.00734033)
(0.00778018 -0.0124868 0.00799432)
(0.00754678 -0.00941955 0.00827951)
(0.0075507 -0.0103857 0.00736427)
(0.00755028 -0.00969221 0.00817299)
(0.00733399 -0.00987864 0.00730966)
(0.00763844 -0.00947101 0.00806262)
(0.00792449 -0.00982486 0.00787283)
(0.00738193 -0.010007 0.00789144)
(0.00693235 -0.0105703 0.00881868)
(0.00760517 -0.0107422 0.00964593)
(0.00731217 -0.0106779 0.00875786)
(0.00748703 -0.0104604 0.00910591)
(0.00704439 -0.0107276 0.00882279)
(0.00735334 -0.0111734 0.00772715)
(0.00796929 -0.0116976 0.00827663)
(0.00747927 -0.0112952 0.00761179)
(0.00740206 -0.0115007 0.00925606)
(0.00742293 -0.0117312 0.0077047)
(0.00751235 -0.0116238 0.00783346)
(0.00750954 -0.0116712 0.00910658)
(0.00751071 -0.0111762 0.00871143)
(0.00793314 -0.011133 0.00862173)
(0.0074461 -0.0115066 0.00858753)
(0.00686605 -0.0104079 0.00972352)
(0.00694278 -0.0102772 0.00924941)
(0.00681365 -0.0106199 0.00919991)
(0.00716607 -0.01115 0.00942877)
(0.00705052 -0.0106985 0.00903148)
(0.0068609 -0.0108027 0.00934777)
(0.00668865 -0.00959103 0.00991012)
(0.00710535 -0.0108681 0.0105144)
(0.00657761 -0.0108383 0.00945966)
(0.00658258 -0.0106126 0.00927779)
(0.00650533 -0.0109136 0.0100921)
(0.00659361 -0.0109915 0.0108516)
(0.00678655 -0.0126563 0.00707149)
(0.00621135 -0.012925 0.00726805)
(0.00580544 -0.013267 0.00726531)
(0.00622332 -0.0129586 0.007228)
(0.00652557 -0.0133918 0.00724965)
(0.00672698 -0.0131067 0.00719372)
(0.00648327 -0.0129359 0.00698207)
(0.00624031 -0.0135283 0.00737827)
(0.00633311 -0.0137304 0.0075057)
(0.00570746 -0.0139551 0.00776649)
(0.00711378 -0.0122617 0.00753018)
(0.00496063 -0.0103056 0.0102187)
(0.00454197 -0.00978083 0.00988728)
(0.00290477 -0.00436603 0.0138179)
(0.00245286 -0.00486688 0.0139389)
(0.00408797 -0.00858953 0.0109622)
(0.00474583 -0.00981308 0.00976547)
(0.00491741 -0.0102063 0.00959785)
(0.00400328 -0.0100311 0.00948951)
(0.00424277 -0.0109168 0.00914016)
(0.00446407 -0.0107885 0.0098752)
(0.00399576 -0.0111096 0.00921538)
(0.00348948 -0.0103363 0.00859669)
(0.00405486 -0.0113783 0.00928069)
(0.0061321 -0.0104518 0.00930398)
(0.00585066 -0.0110373 0.00982566)
(0.00575777 -0.0104993 0.0101715)
(0.00531858 -0.00932261 0.0091012)
(0.0050688 -0.00915275 0.00903002)
(0.00600917 -0.0099136 0.00917179)
(0.00647065 -0.0103642 0.0105268)
(0.0060783 -0.0106007 0.0120565)
(0.0059253 -0.0116688 0.0116432)
(0.00840593 -0.0110877 0.0108913)
(0.00846442 -0.010654 0.00963274)
(0.00777755 -0.0108862 0.00899831)
(0.00745237 -0.0104952 0.0103054)
(0.00752902 -0.0114487 0.0125797)
(0.00798895 -0.0115942 0.0124125)
(0.00798456 -0.0106156 0.0122572)
(0.0079033 -0.010941 0.0108681)
(0.00784439 -0.0116534 0.0114777)
(0.00675127 -0.0102937 0.0108546)
(0.00756414 -0.0116614 0.0111611)
(0.00884431 -0.0113217 0.00947191)
(0.00865272 -0.0112163 0.0109205)
(0.00845364 -0.0109827 0.0101957)
(0.00945792 -0.0125075 0.00993736)
(0.00914069 -0.00980246 0.012487)
(0.00975061 -0.0105811 0.0130742)
(0.00810127 -0.0101906 0.0113743)
(0.00840559 -0.0102943 0.0116029)
(0.00776048 -0.0106732 0.0119937)
(0.00744419 -0.0101355 0.0115321)
(0.00821701 -0.0109931 0.01206)
(0.00968431 -0.00743747 0.0181813)
(0.0110478 -0.00878286 0.0187954)
(0.0106162 -0.00763847 0.0186141)
(0.00908465 -0.0105068 0.0124076)
(0.0087992 -0.0110125 0.0128592)
(0.00979918 -0.0112609 0.0142707)
(0.00865303 -0.0106682 0.0135831)
(0.00587951 -0.00861457 0.0145705)
(0.00675536 -0.00750403 0.0156009)
(0.00821926 -0.00773399 0.0158989)
(0.00491542 -0.0101422 0.0124021)
(0.00548652 -0.0102478 0.0132973)
(0.00844414 -0.0101919 0.0144175)
(0.00781205 -0.00998595 0.0138346)
(0.00765879 -0.0114362 0.014004)
(0.00695291 -0.0112961 0.0135383)
(0.00566055 -0.00927719 0.0127918)
(0.00555222 -0.00904042 0.0128896)
(0.00583648 -0.00927756 0.0137593)
(0.00678517 -0.0102631 0.0142572)
(0.00695664 -0.00732278 0.0156196)
(0.00757455 -0.00778472 0.015378)
(0.00624241 -0.00732525 0.0150065)
(0.00611229 -0.00782908 0.0134416)
(0.011371 -0.0080874 0.0179405)
(0.0104746 -0.00749625 0.0171237)
(0.0133143 -0.00903046 0.0188342)
(0.00999131 -0.011555 0.0128685)
(0.010196 -0.0106184 0.0122247)
(0.00955204 -0.0112347 0.0130432)
(0.00991842 -0.0111648 0.0127221)
(0.0102925 -0.0114653 0.0118311)
(0.0102067 -0.011151 0.0122933)
(0.0106589 -0.0115073 0.0126092)
(0.0123158 -0.0111373 0.0151096)
(0.0120925 -0.0119955 0.0145746)
(0.0117832 -0.00965841 0.0162288)
(0.0129154 -0.00916629 0.0161764)
(0.010501 -0.00912817 0.0163285)
(0.0118848 -0.00940715 0.0172926)
(0.0109663 -0.00929445 0.0148312)
(0.0105387 -0.012148 0.0113475)
(0.0106757 -0.0119252 0.0118242)
(0.0118571 -0.0130628 0.0140373)
(0.0118227 -0.012574 0.0131347)
(0.0112655 -0.0148601 0.0138038)
(0.00840346 -0.0146224 0.0114679)
(0.00973575 -0.0160076 0.0129107)
(0.00990876 -0.0133659 0.0109265)
(0.00390217 -0.0109246 0.00928917)
(0.00401822 -0.0106242 0.00924505)
(0.00376108 -0.0112751 0.00916291)
(0.00372005 -0.0117889 0.00886505)
(0.0030993 -0.0104975 0.00900512)
(0.00326492 -0.0107528 0.00849711)
(0.0035173 -0.0108075 0.00751373)
(0.00354168 -0.0109424 0.00838173)
(0.00350802 -0.0107614 0.00843201)
(0.00398705 -0.0115262 0.00782085)
(0.00417224 -0.0119785 0.0079637)
(0.00391131 -0.011972 0.00765281)
(0.00478477 -0.0116589 0.00642192)
(0.0045545 -0.0119381 0.00679795)
(0.0044733 -0.0120585 0.00712603)
(0.0039235 -0.0115473 0.00731628)
(0.0042328 -0.0117329 0.0070948)
(0.00409814 -0.0113464 0.00663195)
(0.00472748 -0.0114535 0.00652407)
(0.00353185 -0.00946052 0.0112562)
(0.00404293 -0.00928719 0.0103709)
(0.00337654 -0.0096369 0.00987712)
(0.00334351 -0.00989889 0.00882015)
(0.00410312 -0.011601 0.00779859)
(0.00369394 -0.0107401 0.00863198)
(0.00381508 -0.0107443 0.0091896)
(0.00355662 -0.0103876 0.0083816)
(0.00389146 -0.0102205 0.00943485)
(0.00402319 -0.0106241 0.00961578)
(0.00387978 -0.0103415 0.00989308)
(0.00369049 -0.00996161 0.0094155)
(0.00355353 -0.0101796 0.00899536)
(0.00811934 -0.0108641 0.00831929)
(0.00799818 -0.0111235 0.0080737)
(0.0079258 -0.0113142 0.00783578)
(0.0079117 -0.0115017 0.00785984)
(0.00560985 -0.0122087 0.0069105)
(0.00529974 -0.0120543 0.0066882)
(0.00704358 -0.0117342 0.00691923)
(0.00786084 -0.0108884 0.00725136)
(0.00772811 -0.0108736 0.00719929)
(0.00728051 -0.011385 0.00704497)
(0.00550914 -0.0118067 0.00657724)
(0.00561928 -0.0120988 0.0063761)
(0.00594878 -0.0119197 0.00657946)
(0.00640575 -0.012174 0.00673646)
(0.00799839 -0.0117878 0.00809539)
(0.00778116 -0.0127802 0.00787452)
(0.00694675 -0.0124693 0.00761501)
(0.00801872 -0.0125564 0.00830615)
(0.00754697 -0.0131395 0.00828522)
(0.00190341 -0.0109897 0.0147052)
(0.00142685 -0.00716316 0.0156048)
(0.00151756 -0.00601867 0.0146678)
(0.00114876 -0.0096886 0.0145167)
(0.00153801 -0.00913874 0.0149508)
(0.00221123 -0.0118387 0.0149667)
(0.00244032 -0.0128745 0.0153788)
(0.00869873 -0.0157492 0.0123875)
(0.00425015 -0.0116143 0.00836548)
(0.00377547 -0.00983895 0.0106088)
(0.00379165 -0.00874658 0.0106211)
(0.00463241 -0.0126947 0.00892794)
(0.007062 -0.0144375 0.0112788)
(0.0056036 -0.0126956 0.00834403)
(0.0051525 -0.0124714 0.00835692)
(0.00700134 -0.0128429 0.00809422)
(0.00655435 -0.0115229 0.0113452)
(0.00574764 -0.01168 0.0110225)
(0.00456705 -0.0131963 0.00837712)
(0.00465568 -0.0133713 0.00837823)
(0.00466235 -0.0129606 0.00939923)
(0.00434481 -0.0125907 0.00930818)
(0.00393335 -0.0118614 0.0087339)
(0.00443797 -0.0126012 0.00829651)
(0.00427715 -0.0129078 0.00923502)
(0.00459999 -0.0132127 0.00920913)
(0.00415234 -0.012733 0.0088014)
(0.00423253 -0.0124875 0.00854154)
(0.00456471 -0.0129803 0.0092601)
(0.0045289 -0.0124688 0.00914264)
(0.00403012 -0.0119943 0.00946104)
(0.00400293 -0.0118797 0.00928122)
(0.00434454 -0.0122289 0.00984311)
(0.00463156 -0.0126436 0.0095435)
(0.00423891 -0.0118571 0.00936274)
(0.00579841 -0.0111407 0.0105936)
(0.00669331 -0.0108223 0.0106417)
(0.00674951 -0.0108467 0.010219)
(0.00495183 -0.0119583 0.0103027)
(0.00458499 -0.0113789 0.00992736)
(0.004578 -0.0116465 0.00984663)
(0.00445916 -0.0112702 0.00964088)
(0.00569388 -0.0117368 0.0106858)
(0.00491383 -0.0113229 0.0100272)
(0.00445348 -0.0125598 0.0095417)
(0.00457659 -0.0124819 0.010506)
(0.00480405 -0.0130489 0.00977633)
(0.00419197 -0.0114925 0.0100654)
(0.00410126 -0.0112752 0.0100687)
(0.00495128 -0.0124119 0.0101544)
(0.00510528 -0.012114 0.010515)
(0.00548906 -0.0116851 0.0110063)
(0.00451058 -0.0111871 0.0101722)
(0.0051114 -0.0109059 0.0107723)
(0.00499527 -0.0107871 0.0105378)
(0.00525576 -0.0118453 0.0111397)
(0.00468825 -0.0123356 0.0100616)
(0.00443606 -0.0115643 0.0102462)
(0.00451618 -0.010854 0.0104445)
(0.00419553 -0.0132925 0.00838526)
(0.00488179 -0.0137142 0.00831045)
(0.00540212 -0.0104112 0.00935591)
(0.00549128 -0.0109594 0.00994071)
(0.00457735 -0.0112364 0.00947623)
(0.00474126 -0.0116479 0.0102385)
(0.00513278 -0.0115458 0.0100674)
(0.00457648 -0.0109691 0.00971307)
(0.00560041 -0.0102881 0.0100629)
(0.00558397 -0.0115271 0.0104653)
(0.00542138 -0.0114306 0.0104286)
(0.00631021 -0.0113142 0.0104929)
(0.00497423 -0.0112793 0.0101998)
(0.00500347 -0.0126665 0.0104056)
(0.00544975 -0.0120533 0.0105241)
(0.00413953 -0.0129133 0.00826806)
(0.00423503 -0.0128322 0.00860753)
(0.00413989 -0.0125923 0.00936355)
(0.00401312 -0.0121605 0.00945844)
(0.0045017 -0.0126458 0.00983578)
(0.00425945 -0.0118199 0.0101108)
(0.00442247 -0.0122188 0.010188)
(0.00381914 -0.0118954 0.00947228)
(0.00461575 -0.0139539 0.00928926)
(0.00460634 -0.0135821 0.00917407)
(0.00444849 -0.0129121 0.00970329)
(0.00431114 -0.0126354 0.00993229)
(0.00682476 -0.0125259 0.0068647)
(0.006527 -0.0109567 0.00632027)
(0.00685193 -0.0115559 0.00637133)
(0.00575529 -0.011888 0.00623104)
(0.00524904 -0.0117921 0.00617604)
(0.00608864 -0.0124397 0.00670064)
(0.00549943 -0.0119453 0.00625467)
(0.0058174 -0.011779 0.00622913)
(0.00620163 -0.0118588 0.00628996)
(0.00370195 -0.011316 0.0068787)
(0.0037822 -0.0117843 0.00709824)
(0.00754778 -0.0108225 0.00833485)
(0.00773725 -0.0110592 0.00763245)
(0.00743824 -0.0106786 0.00789529)
(0.00205202 -0.0104707 0.0142881)
(0.00217594 -0.0108027 0.0131391)
(0.00296304 -0.00752584 0.0136637)
(0.00317503 -0.00665056 0.0141786)
(0.00241089 -0.00695598 0.0143849)
(0.00250859 -0.00608905 0.0144214)
(0.00179322 -0.00905297 0.0138404)
(0.00243008 -0.00805693 0.0144357)
(0.00234055 -0.00795875 0.0140746)
(0.00211064 -0.0088425 0.0145153)
(0.00828255 -0.012699 0.00910478)
(0.00789816 -0.0129435 0.00912674)
(0.00851617 -0.0136917 0.00914268)
(0.00867991 -0.0132504 0.00926981)
(0.00917236 -0.0126282 0.00940883)
(0.00941523 -0.0128141 0.00976175)
(0.00914713 -0.0124053 0.00957872)
(0.00937725 -0.0132077 0.0100568)
(0.0090313 -0.0133444 0.00993144)
(0.00993922 -0.0130113 0.010479)
(0.00588193 -0.0129802 0.00933196)
(0.00642065 -0.0131841 0.00940943)
(0.00556217 -0.0126592 0.00851793)
(0.00644585 -0.0127337 0.00830067)
(0.00724621 -0.0131262 0.00914286)
(0.0075817 -0.0139738 0.00922113)
(0.00743487 -0.0130149 0.00905165)
(0.00662266 -0.0127586 0.00827348)
(0.00619765 -0.0133956 0.00918288)
(0.0064892 -0.0131118 0.00910339)
(0.00882231 -0.0132509 0.0102295)
(0.00917803 -0.0136714 0.0104176)
(0.00768165 -0.0142732 0.0110678)
(0.00889767 -0.0144998 0.0114079)
(0.00838358 -0.0140588 0.010686)
(0.00883628 -0.0138078 0.0107235)
(0.00773863 -0.0142304 0.0107895)
(0.00805445 -0.0137413 0.0102984)
(0.00814446 -0.0136268 0.0100495)
(0.00793452 -0.0138345 0.00983086)
(0.00784774 -0.0138764 0.010261)
(0.0073374 -0.0131229 0.00918024)
(0.00729992 -0.014144 0.0104078)
(0.00706145 -0.0141326 0.0101539)
(0.00615115 -0.0141157 0.0106351)
(0.00549048 -0.013474 0.0102092)
(0.00679738 -0.0137992 0.010448)
(0.00676779 -0.0136706 0.0104718)
(0.00598752 -0.013793 0.010604)
(0.00502178 -0.0132685 0.010857)
(0.00682889 -0.0153932 0.0128135)
(0.00607282 -0.0140161 0.0110051)
(0.00712362 -0.0147336 0.0115111)
(0.00540233 -0.0147061 0.0127879)
(0.00351232 -0.0130427 0.0131555)
(0.00394808 -0.0139819 0.01312)
(0.00356582 -0.0123145 0.0112277)
(0.00265107 -0.0116812 0.0136044)
(0.00610113 -0.0147966 0.0127693)
(0.00798771 -0.015899 0.0132012)
(0.00757721 -0.0145897 0.0126357)
(0.00551417 -0.0146938 0.0135068)
(0.00413163 -0.0118205 0.00927562)
(0.00340247 -0.00930693 0.00999989)
(0.00388868 -0.010711 0.00966682)
(0.00397408 -0.0113749 0.00951609)
(0.00335861 -0.00988812 0.0103783)
(0.0035839 -0.0106327 0.011368)
(0.00356026 -0.0111738 0.0112054)
(0.00320368 -0.0105152 0.0110657)
(0.00326348 -0.0100818 0.00965781)
(0.00387836 -0.00779246 0.0105579)
(0.0039289 -0.00727238 0.0110195)
(0.00334901 -0.00702512 0.0123242)
(0.00384825 -0.00922279 0.0114096)
(0.00375936 -0.0103879 0.0115376)
(0.00340366 -0.00865314 0.0107719)
(0.00316555 -0.00979866 0.0117924)
(0.00327605 -0.00627845 0.0122219)
(0.00363163 -0.00571525 0.0137938)
(0.00432266 -0.00534999 0.0131233)
(0.0042359 -0.00449702 0.0123627)
(0.00323689 -0.00999963 0.0112499)
(0.00376727 -0.0112499 0.0110886)
(0.00317452 -0.00949841 0.0114238)
(0.00274819 -0.0101107 0.0114276)
(0.00291937 -0.0110744 0.0114918)
(0.00260513 -0.0110873 0.0126608)
(0.00293439 -0.00839884 0.0118927)
(0.00255084 -0.010028 0.0125488)
(0.00257513 -0.00963039 0.0134568)
(0.00237109 -0.0084429 0.0136985)
(0.00287929 -0.00896648 0.0135229)
(0.00387644 -0.0118172 0.00952231)
(0.00382074 -0.0116711 0.0103409)
(0.00375964 -0.0114216 0.0104571)
(0.0035652 -0.0112462 0.0103195)
(0.00325492 -0.011006 0.0108011)
(0.00424002 -0.0128572 0.0108837)
(0.00366966 -0.0120935 0.0107782)
(0.00347201 -0.0125128 0.0121563)
(0.00377306 -0.0125282 0.0108545)
(0.0036768 -0.0117244 0.0104514)
(0.00439881 -0.0124311 0.00915665)
(0.00407308 -0.0123053 0.00968041)
(0.00501241 -0.0125111 0.00866451)
(0.0049592 -0.0130658 0.0101265)
(0.00532312 -0.0129112 0.00946052)
(0.00443072 -0.0125124 0.00988563)
(0.00491568 -0.0124229 0.00859907)
(0.00527558 -0.0126943 0.00870118)
(0.00572555 -0.0128508 0.00892165)
(0.00544255 -0.0130482 0.00942705)
(0.00822907 -0.010723 0.0087911)
(0.00763628 -0.0102034 0.00788813)
(0.00777624 -0.010875 0.00778179)
(0.00778916 -0.0107054 0.00786576)
(0.0074435 -0.0113742 0.00964676)
(0.00789641 -0.0117011 0.00984698)
(0.00822701 -0.0121818 0.00838486)
(0.00849361 -0.0120164 0.00838793)
(0.00899306 -0.0113623 0.00891734)
(0.00916814 -0.0130007 0.00942633)
(0.0084387 -0.0123181 0.00878792)
(0.00907148 -0.0116661 0.00899022)
(0.00871222 -0.0127429 0.00874878)
(0.00933358 -0.0119268 0.00945877)
(0.00562635 -0.0123822 0.00718926)
(0.00508431 -0.0121078 0.00791849)
(0.00468444 -0.0122149 0.00829873)
(0.00436534 -0.0115573 0.00787297)
(0.00712215 -0.0107702 0.00748266)
(0.00714857 -0.0111365 0.00727824)
(0.00716689 -0.0105176 0.00665346)
(0.00781476 -0.0117717 0.00749746)
(0.00748905 -0.0115318 0.00750509)
(0.00648723 -0.0122019 0.00686961)
(0.00687271 -0.0125136 0.00711133)
(0.00675736 -0.0118146 0.0066498)
(0.00707129 -0.0119493 0.00673653)
(0.00670904 -0.0117852 0.00685694)
(0.00680147 -0.011404 0.00684304)
(0.00718416 -0.0111649 0.00687452)
(0.0070583 -0.0120155 0.00699817)
(0.00775987 -0.0119199 0.00755673)
(0.00762002 -0.0122569 0.0074121)
(0.00748257 -0.0114932 0.00695427)
(0.00379339 -0.0105665 0.00902412)
(0.00352804 -0.0105658 0.00864781)
(0.0035863 -0.0102985 0.00999681)
(0.00384019 -0.0110028 0.00983447)
(0.00388822 -0.0116251 0.0084625)
(0.00377241 -0.0108784 0.00756299)
(0.00395495 -0.0117015 0.00929193)
(0.00386338 -0.0116057 0.00883058)
(0.00344826 -0.0107281 0.00817421)
(0.00356248 -0.0114315 0.00946361)
(0.00326623 -0.0103169 0.00722426)
(0.00373513 -0.0115273 0.00735864)
(0.00357167 -0.0112621 0.00738669)
(0.00386068 -0.011821 0.00886521)
(0.00347055 -0.0112131 0.0082146)
(0.0033209 -0.0110966 0.00821795)
(0.00388543 -0.0112874 0.00726103)
(0.0038271 -0.0114014 0.00735373)
(0.00369803 -0.0112444 0.00756219)
(0.0036055 -0.0108509 0.00859646)
(0.00382931 -0.0116834 0.00841073)
(0.00367048 -0.0111449 0.00857051)
(0.0034858 -0.0109054 0.00871795)
(0.00370974 -0.0112351 0.00754767)
(0.0128507 -0.0138686 0.0144996)
(0.0107898 -0.0127874 0.0118289)
(0.0113708 -0.0127586 0.0124848)
(0.0114363 -0.0125357 0.0123653)
(0.0121585 -0.0109806 0.0134712)
(0.0115171 -0.0120046 0.0136882)
(0.0113255 -0.0105779 0.0138531)
(0.0110864 -0.0115946 0.0120908)
(0.0113483 -0.0125082 0.0125365)
(0.0103002 -0.011832 0.0119112)
(0.0105735 -0.0112117 0.0122457)
(0.0108591 -0.0118559 0.0134325)
(0.0108681 -0.0125051 0.0128566)
(0.0116344 -0.0152411 0.0146579)
(0.00813207 -0.0105468 0.0143489)
(0.00698827 -0.00941 0.0133153)
(0.00707196 -0.00904922 0.0144451)
(0.00692859 -0.00846919 0.0143014)
(0.00762546 -0.00857091 0.0144141)
(0.00760795 -0.00897799 0.0150498)
(0.00830532 -0.00869151 0.0145721)
(0.00907774 -0.0104675 0.0138753)
(0.00878866 -0.00983266 0.0127049)
(0.0098977 -0.00893915 0.0145118)
(0.00961395 -0.00938597 0.013738)
(0.00852961 -0.0102634 0.0114033)
(0.00829312 -0.00983417 0.0110402)
(0.00803107 -0.0106905 0.0105743)
(0.00865207 -0.0114966 0.0104796)
(0.00955613 -0.0108909 0.011608)
(0.0092753 -0.0107643 0.0119889)
(0.00909444 -0.0110022 0.01156)
(0.00946831 -0.0110376 0.0113304)
(0.0094272 -0.0115318 0.0108097)
(0.00979486 -0.0109694 0.0112491)
(0.00996956 -0.0117021 0.0113305)
(0.00953985 -0.0107044 0.0111294)
(0.0071669 -0.0114271 0.0113392)
(0.00860271 -0.0119253 0.011814)
(0.0080799 -0.0107522 0.0113541)
(0.00743099 -0.010415 0.0107873)
(0.0088032 -0.0112602 0.0111195)
(0.0082962 -0.0107699 0.0108331)
(0.00790456 -0.0107338 0.0103087)
(0.00814872 -0.0107795 0.0101867)
(0.00778087 -0.0109031 0.010597)
(0.00774319 -0.0106502 0.0106514)
(0.00406948 -0.0102314 0.00953035)
(0.00443305 -0.00929609 0.00978834)
(0.00398232 -0.00965197 0.00943776)
(0.00435334 -0.00998646 0.010118)
(0.00393722 -0.00962664 0.00933121)
(0.00410111 -0.00924985 0.00938704)
(0.00725987 -0.0107723 0.00776319)
(0.0073815 -0.0102705 0.00789238)
(0.00754618 -0.0101332 0.00778534)
(0.00777213 -0.010327 0.00817594)
(0.00753093 -0.0104392 0.007459)
(0.00754323 -0.010272 0.0076969)
(0.00762742 -0.0107255 0.00770991)
(0.0075536 -0.0104906 0.00776532)
(0.00703208 -0.00657955 0.00873884)
(0.00731098 -0.00657148 0.00825449)
(0.00747017 -0.00686021 0.00962049)
(0.00795508 -0.00620799 0.00930622)
(0.00724953 -0.00725786 0.0100095)
(0.00711257 -0.00673265 0.00888889)
(0.0073653 -0.00724922 0.00744924)
(0.00717538 -0.00698306 0.00741221)
(0.00719679 -0.00710111 0.00810538)
(0.00764391 -0.00689857 0.00738897)
(0.00733873 -0.00690955 0.00767322)
(0.00760911 -0.00717919 0.00852393)
(0.00796889 -0.0065576 0.00909935)
(0.00725705 -0.00671427 0.00861403)
(0.00763393 -0.00710956 0.00832775)
(0.00780799 -0.00705437 0.00804984)
(0.00634323 -0.00553148 0.0107867)
(0.00553377 -0.00523604 0.0114144)
(0.00605928 -0.00541282 0.0111726)
(0.00679459 -0.00701687 0.0111513)
(0.00645139 -0.00589407 0.0111534)
(0.00557761 -0.00630239 0.010751)
(0.00595255 -0.00718638 0.0105552)
(0.00596324 -0.00699121 0.0111409)
(0.00525412 -0.00599022 0.0109224)
(0.00492915 -0.00621739 0.0110583)
(0.00578063 -0.00746324 0.0116606)
(0.00528768 -0.0088299 0.0102748)
(0.00541262 -0.0081266 0.00981427)
(0.00615005 -0.00913918 0.0107037)
(0.00725576 -0.00880812 0.0111913)
(0.00701357 -0.00737686 0.00943699)
(0.00476054 -0.0072145 0.00950123)
(0.00553317 -0.00827779 0.0098223)
(0.00496729 -0.0069862 0.0104664)
(0.00561179 -0.00878237 0.0104996)
(0.00700657 -0.00996713 0.0103462)
(0.00713718 -0.00987484 0.010108)
(0.0070942 -0.0110999 0.00987807)
(0.00757742 -0.0104891 0.00951832)
(0.00736658 -0.0101392 0.00941144)
(0.00684505 -0.00931576 0.00907079)
(0.00598766 -0.00909665 0.0094247)
(0.00577732 -0.00973233 0.00953424)
(0.00648884 -0.0107225 0.00988216)
(0.00443487 -0.0129182 0.00833173)
(0.00432827 -0.012862 0.00851081)
(0.00474814 -0.0132394 0.00755572)
(0.00428172 -0.0130965 0.00879274)
(0.00488206 -0.0115649 0.0108911)
(0.0046032 -0.0112543 0.0111574)
(0.00254322 -0.00674582 0.0148042)
(0.00164259 -0.0081347 0.0104743)
(0.00167807 -0.00788853 0.0112964)
(0.00231588 -0.0073388 0.0139384)
(0.00268605 -0.00789915 0.0132278)
(0.00214377 -0.00787879 0.0127741)
(0.00177471 -0.00764256 0.012185)
(0.00485015 -0.00782177 0.00681045)
(0.00293058 -0.00954974 0.0112178)
(0.00319669 -0.00925061 0.0113407)
(0.00292879 -0.0087589 0.0118411)
(0.00288173 -0.00855333 0.0118374)
(0.00334892 -0.0086112 0.0128113)
(0.00380465 -0.00945591 0.0122885)
(0.00614264 -0.00625572 0.0166091)
(0.00578443 -0.00630086 0.0169777)
(0.00443207 -0.00675255 0.0158561)
(0.00488335 -0.00607812 0.0161375)
(0.00543242 -0.00839573 0.014555)
(0.00592284 -0.00723387 0.0148499)
(0.00575128 -0.00704486 0.0159696)
(0.00492239 -0.00694765 0.0151254)
(0.00438563 -0.00714756 0.0148983)
(0.00436814 -0.00693026 0.0139542)
(0.00601315 -0.0107702 0.00694204)
(0.00648718 -0.0108515 0.00698756)
(0.00720322 -0.00982175 0.00710758)
(0.00700736 -0.0101319 0.00685298)
(0.00671936 -0.0103946 0.00685325)
(0.00674458 -0.010414 0.00681044)
(0.00701736 -0.00894947 0.00676452)
(0.00733509 -0.00894408 0.00683614)
(0.00716807 -0.00970361 0.00689145)
(0.0070854 -0.00988565 0.0068161)
(0.00694661 -0.00953501 0.00693068)
(0.00632216 -0.0102452 0.0067969)
(0.00636096 -0.0102931 0.00683095)
(0.00677524 -0.00989121 0.00672512)
(0.0037295 -0.0106821 0.00945403)
(0.00421838 -0.011162 0.00925943)
(0.00400755 -0.0111685 0.00885437)
(0.00335787 -0.0101972 0.00913125)
(0.00377298 -0.0107816 0.00884825)
(0.00412605 -0.0102453 0.00823122)
(0.00391167 -0.0106415 0.00852935)
(0.00497264 -0.0103803 0.00728787)
(0.00531972 -0.0112048 0.00744023)
(0.00480005 -0.0107142 0.00747461)
(0.00452509 -0.0106925 0.00774497)
(0.00483963 -0.0106606 0.00754574)
(0.00377146 -0.0099354 0.00800021)
(0.00422634 -0.0104637 0.00802007)
(0.00499568 -0.0128072 0.00797377)
(0.00428005 -0.0122691 0.00831532)
(0.00508303 -0.013288 0.00869717)
(0.00467359 -0.0127978 0.00808396)
(0.00488728 -0.0127692 0.00817027)
(0.004716 -0.0126477 0.00834552)
(0.00773844 -0.00990445 0.00872437)
(0.00794814 -0.00835311 0.00911145)
(0.00741359 -0.00896244 0.00882101)
(0.00776434 -0.00823888 0.00842091)
(0.00749022 -0.00940571 0.00804067)
(0.0079176 -0.00918552 0.00788342)
(0.00719162 -0.00866477 0.00818837)
(0.00760999 -0.00836171 0.00731585)
(0.00766154 -0.00940325 0.00731193)
(0.00754041 -0.00926612 0.00830471)
(0.0072755 -0.00887225 0.00735366)
(0.00775026 -0.00960039 0.00771378)
(0.00752321 -0.0090053 0.00787393)
(0.00668401 -0.00461784 0.0107233)
(0.00713247 -0.00374801 0.00951696)
(0.0073621 -0.00336314 0.00963919)
(0.00727186 -0.00452318 0.010628)
(0.00754468 -0.00422585 0.00863733)
(0.0072568 -0.00547032 0.0086127)
(0.00691161 -0.00490974 0.00904297)
(0.00737893 -0.00435631 0.00923347)
(0.00729863 -0.0119223 0.00737203)
(0.00723972 -0.0126447 0.00733494)
(0.00693668 -0.0122413 0.00702943)
(0.00729679 -0.01205 0.00733523)
(0.00732925 -0.011656 0.00736613)
(0.00598712 -0.0109085 0.0102624)
(0.0052044 -0.0104703 0.0095985)
(0.0054466 -0.00959553 0.0097486)
(0.00577542 -0.0110439 0.0107486)
(0.00732751 -0.0111203 0.0118886)
(0.00637636 -0.00986563 0.0122164)
(0.00691976 -0.0110733 0.0118331)
(0.00620152 -0.0105701 0.0113017)
(0.00638499 -0.00975988 0.0121287)
(0.0074444 -0.00979273 0.0122199)
(0.00719948 -0.0105375 0.0124827)
(0.00683058 -0.0100665 0.0126713)
(0.00734599 -0.00932784 0.011879)
(0.00703187 -0.00968118 0.0119114)
)
;
    }
    INLET
    {
        type            calculated;
        value           nonuniform 0();
    }
    OUTLET
    {
        type            calculated;
        value           nonuniform 0();
    }
    procBoundary30to27
    {
        type            processor;
        value           uniform (0 0 0);
    }
    procBoundary30to29
    {
        type            processor;
        value           uniform (0 0 0);
    }
}


// ************************************************************************* //
