/*--------------------------------*- C++ -*----------------------------------*\
| =========                 |                                                 |
| \\      /  F ield         | OpenFOAM: The Open Source CFD Toolbox           |
|  \\    /   O peration     | Version:  v1612+                                |
|   \\  /    A nd           | Web:      www.OpenFOAM.com                      |
|    \\/     M anipulation  |                                                 |
\*---------------------------------------------------------------------------*/
FoamFile
{
    version     2.0;
    format      ascii;
    class       volVectorField;
    location    "50";
    object      wallShearStress;
}
// * * * * * * * * * * * * * * * * * * * * * * * * * * * * * * * * * * * * * //

dimensions      [0 2 -2 0 0 0 0];

internalField   uniform (0 0 0);

boundaryField
{
    WALL
    {
        type            calculated;
        value           nonuniform List<vector> 
1466
(
(-0.00369542 -0.0162013 0.00421805)
(-0.00372371 -0.0171979 0.00458029)
(-0.00781485 -0.0335077 0.00985887)
(-0.00767225 -0.0312719 0.00921523)
(-0.00626581 -0.0330341 0.00856268)
(-0.0065665 -0.0314721 0.00754023)
(-0.00405385 -0.0185041 0.00477008)
(-0.00458319 -0.0205425 0.00555904)
(-0.00462468 -0.0204814 0.00529684)
(-0.00380321 -0.0174123 0.0047771)
(-0.0038604 -0.0171039 0.0047147)
(-0.00421642 -0.0192144 0.00521299)
(-0.00377641 -0.0190261 0.00558052)
(-0.00433958 -0.0197611 0.00549146)
(-0.00470352 -0.0212328 0.00557949)
(-0.00455192 -0.020726 0.00545092)
(-0.0039904 -0.0198474 0.00530652)
(-0.00385978 -0.0195694 0.00512179)
(-0.00482024 -0.0206744 0.00555662)
(-0.00847883 -0.0347962 0.00853021)
(-0.0496648 -0.106017 0.0206971)
(-0.0100781 -0.0389002 0.0110824)
(-0.0186336 -0.0610918 0.0112728)
(-0.0171304 -0.0523118 0.014013)
(-0.0311875 -0.0750108 0.0171187)
(-0.00359394 -0.0168026 0.0044273)
(-0.00372172 -0.0164286 0.00456547)
(-0.00348302 -0.0161809 0.00437059)
(-0.00352412 -0.016536 0.00443812)
(-0.00383395 -0.0168547 0.00457527)
(-0.00347501 -0.0162599 0.00449042)
(-0.0320873 -0.0692608 0.0162596)
(-0.022664 -0.0708305 0.0118599)
(-0.0150541 -0.0509835 0.0113369)
(-0.0112373 -0.0501832 0.00978627)
(-0.0432507 -0.124414 0.00691843)
(-0.0214385 -0.0699427 0.0356593)
(-0.0588478 -0.119976 0.048125)
(-0.0264801 -0.0657122 0.0101534)
(-0.0544038 -0.110167 0.0387105)
(-0.00534934 -0.0201863 0.00623734)
(-0.00465653 -0.0191729 0.00560987)
(-0.00454967 -0.0202791 0.00546832)
(-0.00420913 -0.0192123 0.00481041)
(-0.00417552 -0.0186139 0.00486151)
(-0.00471369 -0.0190805 0.0057738)
(-0.00473723 -0.0209016 0.0055651)
(-0.00431034 -0.0203263 0.00575134)
(-0.00510487 -0.0234474 0.00605515)
(-0.0049257 -0.0236602 0.006458)
(-0.00482632 -0.0219278 0.00599409)
(-0.00486913 -0.0223181 0.00609612)
(-0.0088332 -0.0566617 0.0130672)
(0.00369422 -0.118256 0.0320686)
(-0.00681135 -0.0788827 0.0232992)
(-0.00857495 -0.056404 0.015918)
(-0.00809567 -0.0779371 0.0199769)
(-0.00770306 -0.0405005 0.0109892)
(-0.00346794 -0.0161774 0.00444346)
(-0.00352045 -0.01598 0.00432355)
(-0.00350966 -0.0159325 0.00422858)
(-0.00335838 -0.0160603 0.00443805)
(-0.00364891 -0.0159088 0.00431905)
(-0.00342218 -0.0159494 0.00431936)
(-0.00343425 -0.0154519 0.00417317)
(-0.00390693 -0.0166395 0.00456717)
(-0.00367501 -0.0162625 0.00442669)
(-0.00639443 -0.028502 0.00842035)
(-0.00688276 -0.0327583 0.0100369)
(-0.00813271 -0.0376874 0.0119796)
(-0.00924757 -0.0420479 0.013155)
(-0.00874439 -0.0375163 0.011314)
(-0.00706504 -0.0308825 0.00917152)
(-0.00416624 -0.0185763 0.00514097)
(-0.00419015 -0.0186118 0.00509659)
(-0.00439476 -0.0186443 0.00513875)
(-0.00407864 -0.018239 0.00506096)
(-0.00421546 -0.0187633 0.00528856)
(-0.00363943 -0.0174339 0.00497917)
(-0.0039755 -0.0178263 0.00445734)
(-0.00358725 -0.0167637 0.00417637)
(-0.00338755 -0.0158872 0.00449361)
(-0.00434705 -0.0187562 0.00503839)
(-0.00356349 -0.0164593 0.00493769)
(-0.00415217 -0.0186312 0.00508638)
(-0.00413703 -0.0188 0.00517126)
(-0.00400209 -0.0179788 0.0046657)
(-0.00395647 -0.0180158 0.00477326)
(-0.00402757 -0.0177629 0.00497091)
(-0.00440916 -0.0208662 0.00600709)
(-0.00424744 -0.0198586 0.00574644)
(-0.00459803 -0.021756 0.00605586)
(-0.00440323 -0.0200594 0.00531768)
(-0.00421934 -0.0209843 0.00641559)
(-0.00452947 -0.0216127 0.00570057)
(-0.00481901 -0.0230996 0.00662321)
(-0.00469136 -0.0220638 0.00612982)
(-0.00453973 -0.0211301 0.00581779)
(-0.00456303 -0.021089 0.00590864)
(-0.00477573 -0.0221674 0.00601999)
(-0.0046497 -0.0219262 0.0058048)
(-0.00401743 -0.0184257 0.00487023)
(-0.00412093 -0.0179466 0.00453278)
(-0.00401473 -0.018499 0.00470813)
(-0.00393294 -0.0176499 0.00479664)
(-0.0040276 -0.0182451 0.00489696)
(-0.00371436 -0.0176962 0.00488932)
(-0.00410636 -0.0187936 0.00517328)
(-0.00469488 -0.0191286 0.00546138)
(-0.0040757 -0.0183897 0.00506221)
(-0.00407283 -0.0174433 0.00513028)
(-0.00370834 -0.0176461 0.00457691)
(-0.00450271 -0.0187971 0.00540851)
(-0.0036184 -0.0163911 0.00403117)
(-0.00364724 -0.0173352 0.00496907)
(-0.00355423 -0.016005 0.00473025)
(-0.00371753 -0.0165909 0.00470438)
(-0.00369813 -0.0166813 0.00494197)
(-0.00438679 -0.019164 0.0050535)
(-0.00412334 -0.0185946 0.00507801)
(-0.00398133 -0.0180756 0.00474481)
(-0.00424064 -0.0184365 0.00500631)
(-0.00426249 -0.0192444 0.00540857)
(-0.00378399 -0.017654 0.00491108)
(-0.00381128 -0.0169045 0.00468162)
(-0.00379763 -0.016642 0.00462665)
(-0.00357642 -0.0162941 0.00451192)
(-0.00373775 -0.0163275 0.00435405)
(-0.00371096 -0.0169303 0.0046886)
(-0.00379987 -0.0166709 0.00445951)
(-0.00337794 -0.0156125 0.00438358)
(-0.00357154 -0.0157984 0.00432406)
(-0.00347845 -0.0157814 0.00469262)
(-0.0038813 -0.0161715 0.00425013)
(-0.00344191 -0.0164343 0.00475957)
(-0.00380001 -0.0167276 0.00438794)
(-0.00485708 -0.0210368 0.00586262)
(-0.00481673 -0.0209335 0.00578125)
(-0.00485312 -0.0211344 0.00581867)
(-0.00471671 -0.0211041 0.00605079)
(-0.00501084 -0.0208975 0.0056953)
(-0.00499098 -0.021469 0.00596517)
(-0.00505068 -0.022728 0.00654657)
(-0.00504484 -0.0247917 0.00731272)
(-0.00476139 -0.0232421 0.00654873)
(-0.00491557 -0.0234008 0.00673733)
(-0.00459029 -0.024748 0.00715221)
(-0.00491797 -0.0233893 0.00670416)
(-0.00518001 -0.0257499 0.00728729)
(-0.00485172 -0.0241343 0.00674623)
(-0.00485589 -0.023754 0.00663132)
(-0.00516297 -0.0239418 0.00697875)
(-0.00536495 -0.0248824 0.00720715)
(-0.00539367 -0.0251786 0.00749865)
(-0.00468352 -0.0221626 0.00623576)
(-0.00470671 -0.0228583 0.00654964)
(-0.00473316 -0.0214437 0.00626092)
(-0.0045577 -0.0209174 0.00610671)
(-0.00468733 -0.0209115 0.00601918)
(-0.00476723 -0.0222778 0.0064165)
(-0.00500001 -0.0233692 0.00663923)
(-0.00491959 -0.0237838 0.00670447)
(-0.00492222 -0.0220207 0.00627947)
(-0.00517292 -0.0232356 0.00677786)
(-0.00444323 -0.0216546 0.00615472)
(-0.00418387 -0.0183413 0.00486433)
(-0.0040889 -0.0182014 0.00503758)
(-0.0041089 -0.0175412 0.00457202)
(-0.00439224 -0.0188362 0.00524477)
(-0.00391721 -0.0180193 0.00530942)
(-0.0043659 -0.0193939 0.00540029)
(-0.00445756 -0.0194015 0.00545971)
(-0.00428757 -0.0194829 0.00544503)
(-0.00434768 -0.0198853 0.00563368)
(-0.00400629 -0.0189672 0.00531133)
(-0.00410486 -0.0192746 0.00539181)
(-0.0122832 -0.0464999 0.015354)
(-0.0230009 -0.0674466 0.0204649)
(-0.00991844 -0.037528 0.0103967)
(-0.0120755 -0.0440437 0.013409)
(-0.0147177 -0.0631364 0.0230877)
(-0.00923599 -0.038013 0.0122566)
(-0.0121571 -0.054352 0.0211534)
(-0.0126891 -0.052835 0.0197397)
(-0.0118438 -0.0446151 0.0140809)
(-0.0378704 -0.0790915 0.0287282)
(-0.0113169 -0.0466084 0.0180761)
(-0.00467047 -0.0208993 0.00581232)
(-0.00448909 -0.0207294 0.00625739)
(-0.00544785 -0.0223642 0.00598001)
(-0.00529981 -0.0225687 0.00593929)
(-0.00545012 -0.0229109 0.00681281)
(-0.005087 -0.0222371 0.00621161)
(-0.00633381 -0.0254692 0.00650986)
(-0.00674964 -0.026872 0.00758713)
(-0.00582594 -0.0250928 0.00729989)
(-0.00643536 -0.0261373 0.00767195)
(-0.00661025 -0.0262342 0.00727696)
(-0.00612352 -0.0256623 0.00762688)
(-0.00423227 -0.018836 0.00522764)
(-0.0045009 -0.0195414 0.00549768)
(-0.00431208 -0.0192092 0.00539098)
(-0.00413942 -0.0194782 0.00554271)
(-0.00426356 -0.018439 0.0052675)
(-0.0041048 -0.0198559 0.00569688)
(-0.00373534 -0.01732 0.00499581)
(-0.00360475 -0.0166632 0.00463643)
(-0.00364627 -0.0167843 0.00471901)
(-0.00371623 -0.0171089 0.00495984)
(-0.00381439 -0.0177709 0.00491865)
(-0.00379616 -0.0178704 0.00501646)
(-0.00438369 -0.0200994 0.00598636)
(-0.00467484 -0.0198643 0.00584864)
(-0.00476124 -0.0207115 0.00650908)
(-0.00455823 -0.0210394 0.00630147)
(-0.00437029 -0.0199434 0.00514652)
(-0.00428752 -0.0197259 0.005137)
(-0.00413765 -0.0189673 0.00523456)
(-0.00392415 -0.0176062 0.00474455)
(-0.00423848 -0.0185898 0.0049085)
(-0.00411813 -0.0179598 0.00484573)
(-0.00397807 -0.0177459 0.00476803)
(-0.00413865 -0.0187692 0.00499875)
(-0.00388916 -0.0179687 0.00508574)
(-0.00398211 -0.0174555 0.00484632)
(-0.00361332 -0.017654 0.00485844)
(-0.00381649 -0.0187661 0.00534973)
(-0.00360458 -0.0164513 0.00449274)
(-0.00371167 -0.0160613 0.00412971)
(-0.0033834 -0.0158349 0.00447725)
(-0.003575 -0.0155681 0.00413278)
(-0.00343208 -0.0156532 0.00440826)
(-0.00349833 -0.0155347 0.00418748)
(-0.00337632 -0.0152594 0.00418398)
(-0.00360601 -0.016116 0.00451937)
(-0.00352821 -0.0158954 0.00442521)
(-0.00374233 -0.0163863 0.00448816)
(-0.0036129 -0.0161655 0.00446032)
(-0.00363403 -0.016134 0.00449433)
(-0.00364775 -0.0162487 0.00450482)
(-0.0034675 -0.0167297 0.00439679)
(-0.00371635 -0.0169456 0.004782)
(-0.00340965 -0.0162672 0.00433918)
(-0.00394131 -0.017206 0.00490428)
(-0.003519 -0.0179564 0.00437888)
(-0.00347966 -0.0166979 0.00416672)
(-0.00371066 -0.0171137 0.00441291)
(-0.00392894 -0.0176319 0.00492018)
(-0.00374778 -0.0170367 0.00438453)
(-0.00382481 -0.0174324 0.00499597)
(-0.00368574 -0.0170566 0.00443267)
(-0.00359349 -0.0172071 0.00445693)
(-0.00393596 -0.0178736 0.00507434)
(-0.00368451 -0.0166264 0.0044587)
(-0.00364827 -0.0175223 0.00464275)
(-0.00370884 -0.0170802 0.00463936)
(-0.00369639 -0.0176421 0.00470638)
(-0.00385331 -0.017252 0.00480439)
(-0.00392231 -0.017162 0.00463578)
(-0.00403517 -0.0181025 0.004919)
(-0.00375319 -0.0186089 0.00481734)
(-0.00412565 -0.0184965 0.00499601)
(-0.0042309 -0.0184597 0.00516607)
(-0.00393767 -0.017783 0.00498642)
(-0.00422646 -0.0182413 0.0053597)
(-0.00387302 -0.0179952 0.0049457)
(-0.00379214 -0.0184798 0.00501644)
(-0.0041065 -0.0186268 0.00527777)
(-0.0038768 -0.0179263 0.00499718)
(-0.00405947 -0.0182673 0.00516841)
(-0.00419646 -0.0179763 0.00523628)
(-0.00394776 -0.0175748 0.00489706)
(-0.00378233 -0.0172233 0.0047882)
(-0.00384868 -0.0173675 0.00473474)
(-0.00404142 -0.0172191 0.00475771)
(-0.00386068 -0.0167372 0.00461491)
(-0.00364559 -0.0164007 0.00448306)
(-0.00358808 -0.0167827 0.00475086)
(-0.00353999 -0.0164896 0.00461039)
(-0.00350799 -0.0169737 0.00471898)
(-0.00349257 -0.0166082 0.00460086)
(-0.00377763 -0.0171341 0.00482846)
(-0.00466075 -0.0196834 0.00576769)
(-0.00373346 -0.0185861 0.00504077)
(-0.00423808 -0.0193682 0.00528157)
(-0.00432519 -0.0196042 0.00546489)
(-0.00464834 -0.0201733 0.00590265)
(-0.0039617 -0.0190973 0.00511146)
(-0.00450959 -0.0193995 0.00590573)
(-0.00433582 -0.0205212 0.00546724)
(-0.00400604 -0.0205804 0.00547694)
(-0.00425553 -0.01976 0.00534892)
(-0.00394622 -0.0186051 0.00501751)
(-0.00434636 -0.0197549 0.00579735)
(-0.00448398 -0.021473 0.00609929)
(-0.00439348 -0.0216693 0.00599491)
(-0.00444764 -0.0204928 0.00562542)
(-0.00463996 -0.0225578 0.00641936)
(-0.00434024 -0.0220646 0.00603256)
(-0.00435545 -0.0219273 0.00599794)
(-0.00372972 -0.0170362 0.00464743)
(-0.00382464 -0.0169958 0.00475205)
(-0.00367349 -0.017823 0.00479954)
(-0.00429033 -0.0184314 0.00494809)
(-0.00388929 -0.0176126 0.00498912)
(-0.0067156 -0.0340014 0.00878422)
(-0.00560754 -0.0274437 0.00721663)
(-0.00589241 -0.0276777 0.00840397)
(-0.00783257 -0.039458 0.0116059)
(-0.00652036 -0.0289838 0.00890174)
(-0.00663906 -0.0330675 0.00828171)
(-0.00348274 -0.0164625 0.00456772)
(-0.00334463 -0.0163353 0.00393704)
(-0.00352853 -0.0169134 0.00464732)
(-0.00358112 -0.0164871 0.00476628)
(-0.00354429 -0.0160764 0.00426555)
(-0.00362789 -0.0165094 0.00445596)
(-0.00344269 -0.0164095 0.00457347)
(-0.00355501 -0.0163157 0.00443453)
(-0.00383584 -0.0165586 0.00424979)
(-0.00353053 -0.01648 0.00446106)
(-0.00363203 -0.016768 0.00454959)
(-0.00368957 -0.0165458 0.00440783)
(-0.00336134 -0.0164335 0.00469499)
(-0.00516817 -0.0242405 0.00698849)
(-0.00482811 -0.0239 0.0072127)
(-0.00505025 -0.0245081 0.00689703)
(-0.00557496 -0.0270524 0.00763021)
(-0.00539363 -0.0264791 0.00780199)
(-0.00490701 -0.0231547 0.00615684)
(-0.00500103 -0.0227418 0.00710749)
(-0.00451664 -0.021838 0.00583855)
(-0.00455434 -0.0211914 0.0060866)
(-0.00465722 -0.0229826 0.00627279)
(-0.00537717 -0.0236929 0.00747902)
(-0.00590113 -0.0612687 0.0140618)
(-0.00797732 -0.137255 0.00916344)
(-0.00802623 -0.065338 0.0130038)
(-0.0140282 -0.0870335 0.00184047)
(-0.0043004 -0.093288 0.018551)
(0.00022998 -0.136959 0.0235578)
(-0.00709992 -0.0421058 0.0108415)
(-0.00843542 -0.0593003 0.0109507)
(-0.00694679 -0.034661 0.00897547)
(-0.00652891 -0.0356423 0.010135)
(-0.00773084 -0.0422937 0.0105912)
(-0.00688534 -0.061447 0.0176415)
(-0.00477394 -0.0240121 0.00649242)
(-0.00462828 -0.0228846 0.00648466)
(-0.00498821 -0.0232669 0.00607319)
(-0.00483671 -0.0240079 0.00639753)
(-0.00487225 -0.0239227 0.00640004)
(-0.00518479 -0.0225668 0.00602008)
(-0.00629924 -0.0288596 0.00711211)
(-0.00701574 -0.0325445 0.00797264)
(-0.00682391 -0.0310809 0.00764394)
(-0.00785291 -0.0330944 0.0080938)
(-0.00604437 -0.0288738 0.00735072)
(-0.00626525 -0.0301969 0.00767687)
(-0.000392937 -0.0728262 0.0187444)
(-0.0213782 -0.0647078 0.00488475)
(-0.00694617 -0.0358876 0.00902987)
(-0.00818777 -0.0467033 0.00979653)
(-0.00729877 -0.0362681 0.00889503)
(-0.00896172 -0.0482648 0.00966476)
(-0.0122778 -0.0469656 0.0155664)
(-0.0080444 -0.0348825 0.0107925)
(-0.0079822 -0.0414064 0.0131563)
(-0.0080815 -0.034483 0.00971805)
(-0.00745535 -0.0337504 0.0106372)
(-0.00620728 -0.027479 0.00857854)
(-0.00757775 -0.0300074 0.0101279)
(-0.00559578 -0.0288624 0.00812049)
(-0.00792383 -0.0377042 0.0112709)
(-0.00694808 -0.0331279 0.00924179)
(-0.0059445 -0.0294174 0.00824747)
(-0.00463852 -0.0241746 0.00649827)
(-0.00473431 -0.0233918 0.00640438)
(-0.00506189 -0.0254676 0.00732658)
(-0.00498921 -0.0256129 0.00701268)
(-0.00512604 -0.0259144 0.0072617)
(-0.00474947 -0.0243911 0.00653209)
(-0.0056068 -0.0292726 0.00841959)
(-0.00607917 -0.0306544 0.00892372)
(-0.00581895 -0.0308207 0.00903258)
(-0.00564749 -0.0273436 0.00796419)
(-0.00510765 -0.026501 0.00760008)
(-0.00532401 -0.0263722 0.0074155)
(-0.0168732 -0.0819642 0.039435)
(-0.0176393 -0.114652 0.0632588)
(-0.00465839 -0.0868702 0.0257968)
(0.000276572 -0.14506 0.0486413)
(-0.00995883 -0.058743 0.0222852)
(-0.00411468 -0.0896235 0.0255071)
(-0.00768503 -0.0636773 0.0142961)
(-0.00627661 -0.027594 0.00696345)
(-0.00541928 -0.0252446 0.00636224)
(-0.00574356 -0.0249239 0.00656755)
(-0.00603961 -0.0250357 0.00654641)
(-0.00622451 -0.027392 0.00673206)
(-0.00645743 -0.0266085 0.00692109)
(-0.00471715 -0.0213658 0.00592663)
(-0.00472223 -0.021161 0.00570648)
(-0.0048383 -0.0213975 0.00580341)
(-0.00439018 -0.0197513 0.00535924)
(-0.00465318 -0.0201358 0.00532227)
(-0.00466543 -0.0220996 0.00610662)
(-0.00435209 -0.0197961 0.00542783)
(-0.00374077 -0.0187274 0.00510818)
(-0.00418586 -0.0189825 0.00523354)
(-0.00424616 -0.0190867 0.00517485)
(-0.00398255 -0.0181298 0.00495432)
(-0.00452493 -0.0193492 0.00529052)
(-0.00370895 -0.0172352 0.00473729)
(-0.00384308 -0.0177156 0.00479665)
(-0.00340276 -0.0168807 0.00450988)
(-0.00366327 -0.017328 0.00485867)
(-0.00369715 -0.01769 0.00477109)
(-0.00373161 -0.0177756 0.00465105)
(-0.00469359 -0.0220635 0.00601869)
(-0.00514551 -0.0227892 0.00607429)
(-0.00444787 -0.0217513 0.00594886)
(-0.0049288 -0.0227535 0.00618594)
(-0.00583549 -0.0244782 0.00639531)
(-0.00521422 -0.0230765 0.00613821)
(-0.00441821 -0.0198043 0.00537786)
(-0.00499248 -0.0218544 0.00616548)
(-0.004554 -0.0203749 0.00554023)
(-0.00476265 -0.0210379 0.00584973)
(-0.00473903 -0.0204905 0.00542505)
(-0.00496522 -0.0217229 0.00635473)
(-0.00429444 -0.0194837 0.00491337)
(-0.0040565 -0.0194734 0.00492659)
(-0.00485963 -0.0204971 0.00628209)
(-0.00466888 -0.0208476 0.00539564)
(-0.00448049 -0.0195397 0.00540213)
(-0.00501021 -0.0221099 0.00577445)
(-0.00510227 -0.0215053 0.00602127)
(-0.00547255 -0.0232127 0.0065081)
(-0.005461 -0.024157 0.00584598)
(-0.0057163 -0.0247364 0.00652255)
(-0.00575394 -0.0227136 0.00671601)
(-0.00515265 -0.022139 0.00600224)
(-0.00688877 -0.0281167 0.00754659)
(-0.00613255 -0.0259267 0.00741089)
(-0.00832895 -0.0316427 0.00840206)
(-0.0125936 -0.0478571 0.0107811)
(-0.0072805 -0.0315565 0.00805014)
(-0.011352 -0.0408103 0.00982535)
(-0.00673574 -0.0330217 0.00780958)
(-0.00888162 -0.0396335 0.00901203)
(-0.00801489 -0.0358757 0.00840935)
(-0.00356829 -0.0175393 0.00464891)
(-0.00401353 -0.0169103 0.00469523)
(-0.00422259 -0.017666 0.00478363)
(-0.00409166 -0.0175534 0.00495461)
(-0.00343167 -0.017086 0.00473449)
(-0.00356042 -0.0164814 0.00443842)
(-0.00346121 -0.0155938 0.0044011)
(-0.00338543 -0.0150523 0.00409234)
(-0.00329719 -0.0154046 0.00415578)
(-0.00367516 -0.0158806 0.00439615)
(-0.00361559 -0.0159201 0.00420724)
(-0.00345968 -0.0157934 0.00434107)
(-0.00368973 -0.0159719 0.00442895)
(-0.00342091 -0.0157731 0.00426214)
(-0.00336006 -0.0156585 0.00428459)
(-0.0034702 -0.015808 0.00426944)
(-0.00332849 -0.0156498 0.00432398)
(-0.00361818 -0.0170284 0.00479131)
(-0.00414899 -0.0174854 0.00465411)
(-0.00369042 -0.0162229 0.00447583)
(-0.00377707 -0.0176374 0.00491138)
(-0.00389929 -0.0169526 0.00456747)
(-0.00359197 -0.0168821 0.00458352)
(-0.00352117 -0.0178032 0.00488894)
(-0.00348064 -0.0164817 0.00450809)
(-0.0033859 -0.016479 0.00454215)
(-0.00353039 -0.0167299 0.00449474)
(-0.00398692 -0.0174633 0.00477153)
(-0.00356561 -0.0174959 0.00476011)
(-0.00413921 -0.0178214 0.00471562)
(-0.0146209 -0.0532683 0.0115036)
(-0.0278179 -0.0765961 0.0160592)
(-0.022507 -0.0716784 0.0148577)
(-0.0130196 -0.0500913 0.0110334)
(-0.0098003 -0.0380515 0.00937868)
(-0.0493794 -0.111646 0.0139386)
(-0.00781953 -0.0300266 0.00830483)
(-0.00660188 -0.0263887 0.00715301)
(-0.00803305 -0.0318782 0.0085812)
(-0.00671881 -0.0269568 0.0070526)
(-0.00682739 -0.0273494 0.00717616)
(-0.00757895 -0.0291699 0.00828494)
(-0.0161867 -0.0514084 0.0148815)
(-0.0306966 -0.0811519 0.0186471)
(-0.0552704 -0.106808 0.0310652)
(-0.00950956 -0.0368391 0.0105805)
(-0.0101194 -0.0382773 0.0103075)
(-0.0267276 -0.0708606 0.0194363)
(-0.0179054 -0.0566787 0.0182619)
(-0.0044635 -0.0199546 0.00527632)
(-0.00388611 -0.01902 0.00509219)
(-0.00417766 -0.0190058 0.00518166)
(-0.0042427 -0.0187163 0.00520496)
(-0.00416717 -0.0189236 0.00526705)
(-0.00449687 -0.0195965 0.00529538)
(-0.0051992 -0.0235146 0.00617532)
(-0.00507436 -0.0236114 0.00601968)
(-0.00498085 -0.0244096 0.00628057)
(-0.00503408 -0.0218524 0.00591407)
(-0.00495194 -0.0217249 0.00589748)
(-0.00469808 -0.0221011 0.0060168)
(-0.00790343 -0.0349864 0.010584)
(-0.00735124 -0.0415864 0.0130687)
(-0.00824626 -0.0874649 0.035443)
(-0.0179319 -0.113071 0.0624313)
(-0.00389604 -0.119542 0.0552286)
(-0.00751575 -0.0339868 0.0101541)
(-0.00785669 -0.0338508 0.010919)
(-0.0111385 -0.0538661 0.0186815)
(-0.00931953 -0.0411795 0.0128071)
(-0.00947652 -0.0419138 0.0135898)
(-0.00743671 -0.0354342 0.0109488)
(-0.00347456 -0.015978 0.00444942)
(-0.00346536 -0.0161446 0.00440782)
(-0.00368819 -0.0165835 0.00449514)
(-0.00342823 -0.0160976 0.00461308)
(-0.00338929 -0.0161429 0.00441853)
(-0.00329015 -0.0158815 0.00454244)
(-0.00365321 -0.0163378 0.00428144)
(-0.00353383 -0.01645 0.00427901)
(-0.00372193 -0.0171949 0.00452546)
(-0.00356123 -0.0159534 0.00424283)
(-0.00351089 -0.0159612 0.0041055)
(-0.00357226 -0.0163039 0.00407378)
(-0.0357104 -0.118273 0.00480791)
(-0.0346811 -0.133731 0.00387226)
(-0.0201796 -0.0821732 0.0123134)
(-0.0226334 -0.111004 0.0124282)
(-0.0136664 -0.076176 0.0142774)
(-0.0389724 -0.170415 0.00987823)
(-0.0207615 -0.0729774 0.0142899)
(-0.00346224 -0.0159801 0.00437752)
(-0.00341164 -0.0156967 0.00428897)
(-0.00342372 -0.0158922 0.00439326)
(-0.00325046 -0.0154086 0.00410838)
(-0.00357025 -0.0163258 0.00452299)
(-0.00321759 -0.0157485 0.00431344)
(-0.00347591 -0.0162406 0.00439971)
(-0.0037038 -0.0166021 0.00462772)
(-0.00372195 -0.0161448 0.00450474)
(-0.00344101 -0.016141 0.00432833)
(-0.003652 -0.0169573 0.00464804)
(-0.00360613 -0.0162659 0.00444089)
(-0.00342979 -0.0155782 0.00437677)
(-0.00327345 -0.0159085 0.00425766)
(-0.00318804 -0.0148737 0.00402445)
(-0.00333955 -0.0155054 0.00429509)
(-0.00351799 -0.0160379 0.00434288)
(-0.00338073 -0.0160303 0.00418135)
(-0.0048709 -0.0233475 0.00681638)
(-0.00476327 -0.0216871 0.00610984)
(-0.00485619 -0.0223253 0.00635603)
(-0.00458789 -0.0214114 0.00614864)
(-0.00560817 -0.0234669 0.00639238)
(-0.00483597 -0.0218904 0.00617331)
(-0.00519573 -0.0235857 0.00695789)
(-0.00599571 -0.0254614 0.00722368)
(-0.00554192 -0.0238134 0.00691519)
(-0.0050426 -0.0227133 0.00676156)
(-0.00548307 -0.0248467 0.00741324)
(-0.00553408 -0.0235018 0.00671607)
(-0.00552244 -0.0240982 0.00691753)
(-0.00551619 -0.0260321 0.00760128)
(-0.00598457 -0.0252461 0.00718272)
(-0.004919 -0.0231097 0.00657672)
(-0.00548326 -0.0244473 0.00702408)
(-0.00511723 -0.02347 0.00685884)
(-0.00395101 -0.017563 0.00480807)
(-0.00384407 -0.0164952 0.00464126)
(-0.003451 -0.0156593 0.0040008)
(-0.00370296 -0.0169212 0.00390571)
(-0.00380433 -0.0163205 0.00509081)
(-0.00385001 -0.0164476 0.00436612)
(-0.0037442 -0.0152887 0.00440104)
(-0.00358192 -0.0158638 0.00407818)
(-0.00396265 -0.0161025 0.00480173)
(-0.00377673 -0.0162415 0.00455013)
(-0.00355482 -0.016068 0.00423912)
(-0.00364412 -0.0164646 0.00460168)
(-0.00387768 -0.0160763 0.0043457)
(-0.00373753 -0.0164331 0.00460935)
(-0.00361597 -0.0163127 0.00456337)
(-0.00381382 -0.0164461 0.00439908)
(-0.00372358 -0.0161859 0.00436413)
(-0.00375326 -0.0169491 0.00477146)
(-0.00386972 -0.0172685 0.00481911)
(-0.00375583 -0.0173222 0.00484144)
(-0.00365841 -0.0173909 0.00503208)
(-0.00385289 -0.0175668 0.0051123)
(-0.00412282 -0.0173836 0.00476551)
(-0.00404111 -0.0180234 0.0055332)
(-0.00417437 -0.0185959 0.0049543)
(-0.00379251 -0.0170565 0.00474611)
(-0.00416786 -0.0180618 0.00465406)
(-0.00428392 -0.0186648 0.00476188)
(-0.00388915 -0.0166384 0.00453627)
(-0.00402408 -0.0181187 0.00459879)
(-0.00466077 -0.0193698 0.0052438)
(-0.00402008 -0.017358 0.00527261)
(-0.00397804 -0.0181952 0.00521794)
(-0.00335483 -0.0157136 0.00413807)
(-0.00392971 -0.0160859 0.00463245)
(-0.00380481 -0.0162268 0.00442474)
(-0.0044482 -0.0173501 0.00504248)
(-0.00351809 -0.0157934 0.00418084)
(-0.00486254 -0.0225163 0.0065602)
(-0.00499903 -0.0225325 0.00648549)
(-0.00450147 -0.0212671 0.00588383)
(-0.00594543 -0.0266069 0.00804082)
(-0.00622474 -0.0271613 0.00799086)
(-0.00628342 -0.0262216 0.00745852)
(-0.00603733 -0.0269973 0.00801859)
(-0.00584395 -0.0255821 0.00753788)
(-0.00590675 -0.0259343 0.00763658)
(-0.00532463 -0.0225139 0.00610364)
(-0.00563168 -0.0246373 0.00737835)
(-0.00584618 -0.0248457 0.00726373)
(-0.00586724 -0.024233 0.00690595)
(-0.00453183 -0.0209601 0.00609836)
(-0.00480081 -0.0208425 0.00582764)
(-0.00468772 -0.0208952 0.00587918)
(-0.00559213 -0.0246375 0.00725886)
(-0.00463386 -0.0209147 0.00593424)
(-0.00478998 -0.021239 0.00607361)
(-0.004868 -0.0226743 0.00653515)
(-0.00492898 -0.0215726 0.00614074)
(-0.00351189 -0.0165768 0.00453565)
(-0.00354368 -0.0154919 0.00436869)
(-0.00380833 -0.0164899 0.00482188)
(-0.00364599 -0.0157074 0.00436268)
(-0.00367333 -0.0161725 0.0045812)
(-0.00387643 -0.0168808 0.00492548)
(-0.00933968 -0.0509766 0.0112967)
(-0.0253573 -0.103563 0.0123524)
(-0.00340797 -0.015429 0.004121)
(-0.00539432 -0.0284027 0.00747798)
(-0.00569162 -0.0301945 0.00864155)
(-0.00542564 -0.0275911 0.00725476)
(-0.00510057 -0.0275435 0.00777829)
(-0.00673617 -0.0365378 0.00928725)
(-0.00533349 -0.0280314 0.00777599)
(-0.00719871 -0.0363901 0.00823134)
(-0.00566604 -0.0301317 0.00818068)
(-0.00592308 -0.0319369 0.00907564)
(-0.00658366 -0.0341409 0.00830941)
(-0.00556278 -0.0295819 0.00826229)
(-0.00528232 -0.0281583 0.00781997)
(-0.00539788 -0.0268053 0.00731458)
(-0.00518767 -0.0259822 0.00742592)
(-0.00542651 -0.0249024 0.00630247)
(-0.00547428 -0.0265556 0.0068307)
(-0.00599196 -0.0277353 0.00693635)
(-0.00537355 -0.0276216 0.00770331)
(-0.0055175 -0.0257626 0.00656668)
(-0.00544213 -0.026105 0.0070259)
(-0.0103489 -0.0588305 0.0213888)
(-0.00497448 -0.0215246 0.00600275)
(-0.00516086 -0.0213905 0.00605473)
(-0.00440116 -0.0201602 0.00544221)
(-0.00416945 -0.0188188 0.00510168)
(-0.00457638 -0.019954 0.00558991)
(-0.00543368 -0.0231619 0.0061305)
(-0.00504433 -0.0228491 0.00603742)
(-0.00483897 -0.0217252 0.00581118)
(-0.00436915 -0.0203767 0.00566603)
(-0.00403643 -0.020976 0.00557464)
(-0.00439969 -0.0202675 0.00561444)
(-0.00447263 -0.0193919 0.00532418)
(-0.00434991 -0.0193474 0.00525602)
(-0.00455997 -0.0191611 0.00540682)
(-0.00418229 -0.0183887 0.00516984)
(-0.00465262 -0.0187437 0.00522873)
(-0.00426992 -0.0177471 0.00491777)
(-0.0044182 -0.0190946 0.0053192)
(-0.0042001 -0.0185507 0.0051458)
(-0.00415655 -0.0180879 0.00502434)
(-0.00671315 -0.0277382 0.00669019)
(-0.00698459 -0.028276 0.00733265)
(-0.00720827 -0.0288454 0.00809449)
(-0.00815643 -0.0314947 0.00814032)
(-0.00717544 -0.0278452 0.00754793)
(-0.00688714 -0.0274188 0.00727429)
(-0.0643464 -0.131923 0.030458)
(-0.00710989 -0.0308553 0.0079717)
(-0.00383651 -0.0164626 0.00450424)
(-0.00430998 -0.0181729 0.00488853)
(-0.00405589 -0.017985 0.00504533)
(-0.00335719 -0.0155097 0.00422001)
(-0.00362896 -0.0156342 0.00423012)
(-0.00360829 -0.0160957 0.00434933)
(-0.00306509 -0.0156154 0.00415391)
(-0.00367771 -0.0159116 0.00429202)
(-0.00348822 -0.0154491 0.00418596)
(-0.00340361 -0.0156681 0.00436771)
(-0.00351908 -0.0157492 0.00426116)
(-0.00310694 -0.0152569 0.0040147)
(-0.00340785 -0.0159707 0.00424389)
(-0.00398982 -0.0165601 0.00466858)
(-0.00334863 -0.0160029 0.00420674)
(-0.00328239 -0.0158602 0.00427266)
(-0.00352715 -0.0153973 0.0042661)
(-0.00352964 -0.0156925 0.00428125)
(-0.00334146 -0.0161189 0.00415274)
(-0.00371345 -0.0173158 0.00464772)
(-0.00354657 -0.0170222 0.0046848)
(-0.00356007 -0.0164825 0.00449297)
(-0.00350222 -0.0165247 0.00454581)
(-0.00356826 -0.0161504 0.00439594)
(-0.00357442 -0.0162565 0.00432837)
(-0.00364115 -0.0167814 0.00440214)
(-0.00377599 -0.0163675 0.00451839)
(-0.00341303 -0.0157681 0.00436973)
(-0.00372623 -0.0163286 0.00437585)
(-0.00361565 -0.0164803 0.0045165)
(-0.00342164 -0.0166565 0.00456501)
(-0.00341707 -0.0161651 0.00459389)
(-0.00366302 -0.0165396 0.00453328)
(-0.00356794 -0.0161774 0.00447127)
(-0.00381479 -0.0167392 0.00451437)
(-0.00381384 -0.0167109 0.00457968)
(-0.00362752 -0.0166339 0.00471945)
(-0.00417218 -0.0182096 0.00485743)
(-0.00424618 -0.0181277 0.00498642)
(-0.00394281 -0.0178036 0.00505069)
(-0.00380673 -0.0177353 0.00491311)
(-0.00398814 -0.017795 0.00489614)
(-0.00381435 -0.0179286 0.00484026)
(-0.00379366 -0.017949 0.0049869)
(-0.00385094 -0.0172792 0.00478559)
(-0.00357382 -0.0172134 0.00488814)
(-0.00388473 -0.0181366 0.00503104)
(-0.00399688 -0.0175136 0.00464401)
(-0.00371635 -0.0176209 0.00491598)
(-0.00438882 -0.0184539 0.00508252)
(-0.00391977 -0.017475 0.00483544)
(-0.00376707 -0.0170782 0.00469203)
(-0.00388277 -0.0176981 0.00489544)
(-0.00392055 -0.0170074 0.00432216)
(-0.00365831 -0.0164438 0.00436612)
(-0.00350994 -0.0169991 0.00483522)
(-0.00366037 -0.0172737 0.00473867)
(-0.00439982 -0.0181027 0.0046925)
(-0.00352207 -0.0164951 0.00469439)
(-0.00404687 -0.017558 0.00440878)
(-0.00364055 -0.0167539 0.00462889)
(-0.00367725 -0.0159052 0.0043373)
(-0.00352378 -0.0163609 0.0045347)
(-0.00372691 -0.0163467 0.00458995)
(-0.00324616 -0.0158657 0.00451127)
(-0.00360352 -0.016529 0.00460904)
(-0.00389112 -0.0160237 0.00432142)
(-0.0039744 -0.017306 0.00492412)
(-0.00377126 -0.0160616 0.00430316)
(-0.00414307 -0.0169833 0.00474165)
(-0.00382988 -0.0167182 0.00480423)
(-0.00371431 -0.0166803 0.00451729)
(-0.00388858 -0.0176835 0.00476048)
(-0.00370582 -0.0166947 0.0046696)
(-0.0038331 -0.0169099 0.0046061)
(-0.00965576 -0.0391696 0.00859244)
(-0.00738778 -0.0297833 0.00787669)
(-0.00832091 -0.0321819 0.00846727)
(-0.00753026 -0.0305608 0.00837588)
(-0.00806502 -0.0312699 0.00873162)
(-0.0063295 -0.0266764 0.00717849)
(-0.00569119 -0.0244752 0.00682099)
(-0.00453065 -0.0189654 0.00507117)
(-0.00501331 -0.0224932 0.00627072)
(-0.00516555 -0.0220405 0.0060418)
(-0.00429089 -0.0210462 0.00572628)
(-0.00396239 -0.0179616 0.00509725)
(-0.00384925 -0.017333 0.00489337)
(-0.00386452 -0.0175864 0.0048354)
(-0.00380502 -0.0173634 0.00465921)
(-0.00372395 -0.0184596 0.00486125)
(-0.00427286 -0.019723 0.00523883)
(-0.00418132 -0.0196444 0.00538323)
(-0.00439438 -0.0195064 0.00527893)
(-0.00391645 -0.0193184 0.00528516)
(-0.00541499 -0.0236009 0.00601954)
(-0.00535925 -0.0236416 0.00618074)
(-0.00445343 -0.0191211 0.00529349)
(-0.0037817 -0.0170995 0.00467364)
(-0.00368364 -0.0169453 0.00468883)
(-0.0040932 -0.0175782 0.00493167)
(-0.00377427 -0.0177813 0.00485726)
(-0.00464763 -0.0209369 0.00555578)
(-0.00445508 -0.0207033 0.00556366)
(-0.00427573 -0.0208253 0.00575478)
(-0.00453914 -0.0209878 0.00577491)
(-0.00445656 -0.0204716 0.00551429)
(-0.00431681 -0.0195219 0.00541703)
(-0.00494469 -0.0207583 0.00538291)
(-0.00499174 -0.0225405 0.00617665)
(-0.00469138 -0.021076 0.00571163)
(-0.00431843 -0.0216206 0.00595682)
(-0.00466612 -0.0217747 0.00577849)
(-0.00427409 -0.0208518 0.00567505)
(-0.00375823 -0.01839 0.00523798)
(-0.00433572 -0.02005 0.00537755)
(-0.00440992 -0.019566 0.00557146)
(-0.00420992 -0.0199157 0.00561636)
(-0.00430188 -0.0207603 0.005638)
(-0.0046966 -0.0209215 0.00543348)
(-0.00447416 -0.020261 0.00536117)
(-0.00477429 -0.0204072 0.00542241)
(-0.00421161 -0.0192433 0.00533897)
(-0.0040178 -0.0190555 0.00540918)
(-0.00398631 -0.0181567 0.00514643)
(-0.00468413 -0.0204181 0.00553844)
(-0.00398455 -0.0183523 0.00510353)
(-0.00395532 -0.0178747 0.00505367)
(-0.00396986 -0.0184521 0.00513277)
(-0.00552101 -0.0232414 0.00626754)
(-0.00691042 -0.0297226 0.00795419)
(-0.00615899 -0.0248259 0.00657935)
(-0.00572651 -0.0263222 0.00673875)
(-0.00684345 -0.0303624 0.007747)
(-0.00543068 -0.0256464 0.00638161)
(-0.00503507 -0.0240116 0.00624594)
(-0.00584767 -0.0263324 0.00673273)
(-0.00610861 -0.0251493 0.00665017)
(-0.00879717 -0.0421211 0.0103922)
(-0.0147018 -0.0556458 0.0117903)
(-0.00895094 -0.0420916 0.0100761)
(-0.00734338 -0.0345333 0.00894407)
(-0.00593306 -0.0264015 0.00718175)
(-0.00592239 -0.0325812 0.00813597)
(-0.00683175 -0.0291636 0.0072997)
(-0.00653387 -0.0303336 0.00770262)
(-0.00683432 -0.0351122 0.00890774)
(-0.00624612 -0.0282764 0.00723593)
(-0.00589237 -0.0269093 0.00699942)
(-0.00524804 -0.0253897 0.0068111)
(-0.00512569 -0.0233602 0.0060682)
(-0.00517001 -0.0242984 0.00644915)
(-0.00526578 -0.0242485 0.00661138)
(-0.00490476 -0.0217908 0.00558857)
(-0.00443264 -0.0194893 0.00540161)
(-0.0046331 -0.0204318 0.00515594)
(-0.00481512 -0.019885 0.0054206)
(-0.00469195 -0.0209126 0.00529148)
(-0.00514155 -0.0202506 0.0058952)
(-0.00475947 -0.0199981 0.00578404)
(-0.00497108 -0.0215328 0.00573932)
(-0.00504336 -0.0211554 0.00586557)
(-0.00545638 -0.0228628 0.00616182)
(-0.00503243 -0.021462 0.00578177)
(-0.00558063 -0.022795 0.00622089)
(-0.00557043 -0.0227061 0.0062511)
(-0.00411402 -0.0181779 0.00501313)
(-0.00413383 -0.0184168 0.00497348)
(-0.00433015 -0.0188707 0.00516778)
(-0.00378843 -0.0182388 0.0047423)
(-0.004048 -0.0178986 0.00505381)
(-0.0042578 -0.0189798 0.00487004)
(-0.00387891 -0.0178069 0.00458246)
(-0.00387193 -0.0187043 0.00459796)
(-0.00434598 -0.01939 0.0051483)
(-0.00441463 -0.019793 0.00560729)
(-0.00480171 -0.0201313 0.00596724)
(-0.00477479 -0.0205161 0.004841)
(-0.00423669 -0.0185678 0.00506846)
(-0.00454208 -0.0194193 0.00592346)
(-0.00437803 -0.0189972 0.00516319)
(-0.00455861 -0.0195893 0.00517322)
(-0.00441568 -0.0193038 0.00526991)
(-0.00448002 -0.0192505 0.0049668)
(-0.00446589 -0.0193535 0.00533336)
(-0.00427826 -0.0186728 0.00519811)
(-0.00773935 -0.0507291 0.017602)
(-0.00207965 -0.120401 0.0495577)
(-0.0168359 -0.0589383 0.0304759)
(-0.00310957 -0.067439 0.0137753)
(-0.00638548 -0.051554 0.0153356)
(-0.00464764 -0.120004 0.0536742)
(-0.0106394 -0.0552128 0.0201814)
(-0.0153963 -0.0803252 0.0329168)
(-0.0204626 -0.104281 0.0595039)
(-0.00782297 -0.0338449 0.0108255)
(-0.00596753 -0.0280003 0.00848966)
(-0.00670895 -0.0300819 0.0089073)
(-0.00517969 -0.0266279 0.00763593)
(-0.00529304 -0.0275018 0.00815347)
(-0.00625492 -0.0332679 0.0104747)
(-0.0173485 -0.073349 0.0317828)
(-0.027105 -0.102663 0.0535182)
(-0.0130088 -0.0540925 0.0186026)
(-0.00612266 -0.0283052 0.00827514)
(-0.00681763 -0.0307703 0.00933663)
(-0.00560572 -0.0247109 0.00701657)
(-0.00569434 -0.0258477 0.0077665)
(-0.00531112 -0.0252376 0.00717066)
(-0.00600009 -0.0336183 0.00858005)
(-0.00576721 -0.0309747 0.00820313)
(-0.00557148 -0.0274927 0.00717653)
(-0.00627123 -0.029694 0.00748687)
(-0.00680645 -0.0327279 0.00782645)
(-0.00505552 -0.0249047 0.00660597)
(-0.00481239 -0.0228171 0.00620034)
(-0.00505172 -0.023772 0.00615806)
(-0.00504885 -0.0249802 0.00683864)
(-0.00514417 -0.0250064 0.0065984)
(-0.00730752 -0.0432086 0.010958)
(-0.00723497 -0.0427189 0.0102452)
(-0.0038133 -0.140697 0.0180394)
(-0.00550502 -0.0290749 0.00772582)
(-0.00548926 -0.026356 0.00668236)
(-0.00510987 -0.0242435 0.00666582)
(-0.00560266 -0.0298361 0.0076844)
(-0.00605363 -0.0312516 0.00820204)
(-0.0061682 -0.0323744 0.00859406)
(-0.00358507 -0.0160015 0.00435064)
(-0.00362567 -0.0164094 0.00443807)
(-0.00369351 -0.016242 0.00438963)
(-0.00321366 -0.0152377 0.00421927)
(-0.0033367 -0.0152232 0.00414947)
(-0.00347997 -0.0158222 0.00428802)
(-0.00329433 -0.015302 0.00425076)
(-0.00367234 -0.0157925 0.00421494)
(-0.00362405 -0.0154798 0.00416634)
(-0.00368939 -0.0160434 0.0042717)
(-0.00343002 -0.0156243 0.00429885)
(-0.00355044 -0.0156352 0.00422947)
(-0.00335102 -0.0153743 0.00425022)
(-0.00330185 -0.0150799 0.0041177)
(-0.00351878 -0.0153336 0.00417882)
(-0.00341317 -0.0161191 0.00470102)
(-0.00355778 -0.0165947 0.00476273)
(-0.0037215 -0.0171183 0.00488152)
(-0.00352739 -0.0162889 0.00469817)
(-0.00363597 -0.016339 0.00439141)
(-0.00370522 -0.0166752 0.00449034)
(-0.00380689 -0.0171029 0.00471543)
(-0.00337105 -0.0158157 0.00430221)
(-0.00350231 -0.0163869 0.00446132)
(-0.00329603 -0.0162259 0.00490158)
(-0.00357791 -0.0164542 0.00436651)
(-0.00348559 -0.0169372 0.00470453)
(-0.00344568 -0.0160529 0.00422055)
(-0.00361965 -0.0164481 0.00464814)
(5.4798e-05 -0.11567 0.0357379)
(-0.00569116 -0.0293402 0.00773794)
(-0.00668817 -0.033637 0.00843219)
(-0.00656581 -0.0321815 0.00862806)
(-0.00736963 -0.0404651 0.0105654)
(-0.00827785 -0.0445404 0.0135062)
(-0.00670135 -0.0355273 0.00929355)
(-0.00650297 -0.0326884 0.00881373)
(-0.00551283 -0.0292594 0.00674654)
(-0.00605454 -0.0297766 0.0071917)
(-0.00535494 -0.0267553 0.00762252)
(-0.00530944 -0.025941 0.00768637)
(-0.00515551 -0.0256924 0.00692683)
(-0.00534906 -0.0258941 0.00684113)
(-0.00525852 -0.0254998 0.0070594)
(-0.00576717 -0.027807 0.00709366)
(-0.00466261 -0.0250847 0.00674914)
(-0.00493637 -0.0260347 0.00706166)
(-0.0050364 -0.0256585 0.00793333)
(-0.00490156 -0.0246014 0.0074691)
(-0.00874207 -0.129242 0.00862253)
(-0.0138987 -0.118609 0.00726945)
(-0.00784367 -0.0390672 0.00878243)
(-0.0148835 -0.0792652 0.0101699)
(-0.0098639 -0.0558864 0.0109856)
(-0.0170041 -0.0937401 0.0129645)
(-0.0277941 -0.148914 0.00525867)
(-0.019833 -0.128805 0.00469605)
(-0.00747979 -0.0344875 0.00834589)
(-0.0073108 -0.0326021 0.00823229)
(-0.0131992 -0.0519339 0.0114052)
(-0.0106969 -0.063805 0.0130166)
(-0.00964046 -0.0434396 0.0105405)
(-0.00995474 -0.0432852 0.00953678)
(-0.00871614 -0.0361482 0.00856994)
(-0.00790954 -0.035554 0.00872591)
(-0.00381174 -0.0174882 0.00486865)
(-0.00403212 -0.0175984 0.0047976)
(-0.00383487 -0.0178181 0.00491268)
(-0.00394598 -0.0172013 0.00469431)
(-0.00363342 -0.0171417 0.0047664)
(-0.00370187 -0.0170147 0.00475407)
(-0.00375287 -0.0167739 0.00461031)
(-0.00475033 -0.0200226 0.00566892)
(-0.00396551 -0.0179571 0.00508005)
(-0.003421 -0.0165982 0.00459513)
(-0.00367988 -0.017698 0.0048262)
(-0.00381242 -0.0177131 0.00493961)
(-0.00333065 -0.0166213 0.00442585)
(-0.00378177 -0.0171147 0.00470854)
(-0.00389484 -0.0169557 0.0046731)
(-0.00356932 -0.01699 0.00470805)
(-0.0035345 -0.0168347 0.00473685)
(-0.00364458 -0.016792 0.00466173)
(-0.00415427 -0.017442 0.00482812)
(-0.00342468 -0.0167984 0.00456609)
(-0.00364138 -0.0167717 0.00454237)
(-0.00370634 -0.016675 0.00450222)
(-0.00409812 -0.0174143 0.00492507)
(-0.00365841 -0.0174814 0.00478587)
(-0.00381606 -0.017252 0.00486202)
(-0.00376626 -0.0179267 0.0049896)
(-0.00419496 -0.017756 0.00506756)
(-0.00385891 -0.0182052 0.00500533)
(-0.00391352 -0.0189711 0.00522567)
(-0.00463643 -0.0191974 0.00596455)
(-0.00452613 -0.0186004 0.00549001)
(-0.00409634 -0.0177284 0.00522263)
(-0.00374806 -0.0167201 0.00462218)
(-0.00400222 -0.0174554 0.00485307)
(-0.00403999 -0.0175935 0.0049699)
(-0.00350828 -0.0166572 0.00431314)
(-0.00343918 -0.0158862 0.00423877)
(-0.00370157 -0.0161869 0.00459183)
(-0.00347456 -0.0169681 0.00443074)
(-0.00342372 -0.0161215 0.00439047)
(-0.00380553 -0.0168796 0.00508159)
(-0.00355677 -0.0169656 0.00447767)
(-0.00365055 -0.0163574 0.00443687)
(-0.00373981 -0.0172109 0.00458634)
(-0.00349219 -0.0157104 0.00415673)
(-0.00336152 -0.0160634 0.00408159)
(-0.00360346 -0.0166886 0.00424308)
(-0.00385077 -0.0167518 0.00486911)
(-0.00345037 -0.0171294 0.00445114)
(-0.0036564 -0.016319 0.00428145)
(-0.00375102 -0.0184557 0.00500361)
(-0.00398886 -0.0174942 0.00482349)
(-0.00370223 -0.0161338 0.00437647)
(-0.00346311 -0.0157136 0.00422179)
(-0.00367093 -0.016712 0.0045683)
(-0.00383811 -0.0164228 0.00461444)
(-0.00350799 -0.0157011 0.00435665)
(-0.00366115 -0.0157418 0.00436772)
(-0.00368767 -0.0164772 0.00462044)
(-0.00321115 -0.0156504 0.00444682)
(-0.00361066 -0.0164354 0.00458249)
(-0.00352868 -0.0158675 0.00440998)
(-0.00337717 -0.0157538 0.00444626)
(-0.00343791 -0.0162211 0.00449947)
(-0.00351315 -0.0157713 0.00436115)
(-0.00333129 -0.0154216 0.00421824)
(-0.0040749 -0.0187206 0.00508753)
(-0.00399622 -0.0189479 0.00524423)
(-0.00414048 -0.0198658 0.00578814)
(-0.00400833 -0.019342 0.00544644)
(-0.00413132 -0.0190854 0.00528864)
(-0.00421074 -0.0185 0.00491068)
(-0.00379532 -0.018116 0.00458059)
(-0.00405527 -0.0184219 0.00535517)
(-0.00429615 -0.0187372 0.00532504)
(-0.00366799 -0.0171407 0.00463788)
(-0.00360396 -0.0164302 0.00445791)
(-0.00364186 -0.0169643 0.00474065)
(-0.00373488 -0.0171594 0.00419197)
(-0.00371978 -0.0164967 0.0045695)
(-0.00359103 -0.0165091 0.0042157)
(-0.00413712 -0.0187658 0.00504002)
(-0.00404686 -0.0183205 0.00516728)
(-0.00401469 -0.0179808 0.00498033)
(-0.00413808 -0.0187023 0.00528718)
(-0.00441165 -0.0194396 0.00555789)
(-0.00415665 -0.0208171 0.00575245)
(-0.00418649 -0.0189188 0.00522528)
(-0.00637894 -0.0260108 0.00726547)
(-0.00583256 -0.0249058 0.00667325)
(-0.00596878 -0.0249155 0.00729062)
(-0.00633678 -0.0255634 0.00726319)
(-0.0068524 -0.0283446 0.00831678)
(-0.00809102 -0.0313403 0.00870691)
(-0.00545771 -0.0232896 0.00636107)
(-0.00539546 -0.0229722 0.00678489)
(-0.00852771 -0.0363042 0.0114242)
(-0.0073538 -0.0310547 0.00967357)
(-0.00636971 -0.0283061 0.00854519)
(-0.00768331 -0.030668 0.00896231)
(-0.00723834 -0.028602 0.00801451)
(-0.00618523 -0.0267539 0.00779197)
(-0.0065597 -0.026934 0.00766744)
(-0.00716586 -0.0291563 0.00828448)
(-0.0085169 -0.0333995 0.00980467)
(-0.00807628 -0.0317166 0.00928395)
(-0.00692165 -0.0289385 0.00827403)
(-0.00803717 -0.0341914 0.0108991)
(-0.00426156 -0.018838 0.00533791)
(-0.00427448 -0.0188542 0.00533083)
(-0.00416628 -0.020548 0.0058813)
(-0.00479247 -0.0205057 0.00551581)
(-0.00381363 -0.0184957 0.00553126)
(-0.00373439 -0.0171512 0.0047513)
(-0.00428562 -0.0193704 0.00551674)
(-0.00446225 -0.0188129 0.00499032)
(-0.0168041 -0.0675138 0.0263029)
(-0.0268168 -0.0871236 0.0373747)
(-0.00640781 -0.0285101 0.00836526)
(-0.0070353 -0.0312905 0.00963909)
(-0.00507836 -0.0246552 0.00701534)
(-0.00668262 -0.0284471 0.00880244)
(-0.00710185 -0.0318344 0.00984577)
(-0.00704369 -0.0308088 0.00947907)
(-0.00621183 -0.0286027 0.00845991)
(-0.00629511 -0.0280337 0.0085205)
(-0.0073483 -0.0304328 0.00930912)
(-0.00392727 -0.0204948 0.00547779)
(-0.00375962 -0.0199928 0.00536936)
(-0.0060023 -0.0263105 0.00770103)
(-0.00555604 -0.0250645 0.00728368)
(-0.00431437 -0.0201339 0.00570323)
(-0.00454391 -0.0211346 0.00599454)
(-0.004135 -0.0198741 0.00550449)
(-0.00480917 -0.0214768 0.00642661)
(-0.00420303 -0.020111 0.00569953)
(-0.00460795 -0.0225927 0.00659452)
(-0.00442272 -0.021682 0.00574167)
(-0.00494767 -0.0236139 0.00673529)
(-0.00485848 -0.0223044 0.00640163)
(-0.00464922 -0.0216592 0.00617495)
(-0.00464116 -0.0214392 0.00586786)
(-0.00480485 -0.0212617 0.00605916)
(-0.00465505 -0.0232444 0.00648413)
(-0.00535478 -0.0246551 0.00725286)
(-0.004802 -0.0239075 0.00676587)
(-0.00514702 -0.0227356 0.00669579)
(-0.00488003 -0.0223952 0.00659227)
(-0.00457054 -0.0203368 0.00542683)
(-0.00446238 -0.0202092 0.00563848)
(-0.00406789 -0.0191393 0.00536111)
(-0.00422982 -0.0191587 0.00516475)
(-0.00378738 -0.0166222 0.00452252)
(-0.00343854 -0.0152379 0.00451746)
(-0.00382779 -0.0163111 0.00462037)
(-0.0035879 -0.0158222 0.00427475)
(-0.00346394 -0.015528 0.00462661)
(-0.00371255 -0.0164578 0.00425498)
(-0.00363266 -0.0162495 0.00448077)
(-0.00350026 -0.0158184 0.00440687)
(-0.00383516 -0.0165091 0.00443977)
(-0.00366165 -0.0157465 0.0043463)
(-0.00362341 -0.0161347 0.00464128)
(-0.00387561 -0.016003 0.00405719)
(-0.0036037 -0.0155653 0.00425058)
(-0.00350613 -0.0165769 0.00489423)
(-0.00370069 -0.0170085 0.00467924)
(-0.00356566 -0.0166915 0.00462891)
(-0.00381595 -0.0164242 0.00425115)
(-0.00358979 -0.0160644 0.00413758)
(-0.00345849 -0.0151759 0.00407651)
(-0.00372808 -0.0160407 0.00435453)
(-0.00356604 -0.0161917 0.00430953)
(-0.00352515 -0.0162418 0.00447597)
(-0.00387428 -0.0166474 0.00460922)
(-0.00363016 -0.0165267 0.00480209)
(-0.00383918 -0.0168392 0.00437895)
(-0.0039499 -0.0168111 0.00458136)
(-0.0037768 -0.0162301 0.00436271)
(-0.00381557 -0.0167049 0.00435466)
(-0.00357443 -0.0157998 0.00445815)
(-0.00391391 -0.0164653 0.00413852)
(-0.00367339 -0.016093 0.00444838)
(-0.00358939 -0.0158364 0.00402709)
(-0.00416929 -0.0184037 0.00514717)
(-0.00347296 -0.0174189 0.00432714)
(-0.00353702 -0.0171473 0.00426141)
(-0.00327511 -0.016525 0.00395199)
(-0.00359255 -0.017054 0.004446)
(-0.00362045 -0.0168632 0.00440054)
(-0.00420113 -0.0174503 0.0050097)
(-0.0444922 -0.132548 0.0690756)
(-0.00679404 -0.0822936 0.0392444)
(-0.0334115 -0.136729 0.0743929)
(-0.0498823 -0.127013 0.0630481)
(-0.0390843 -0.12607 0.0646558)
(-0.047135 -0.110387 0.0542564)
(-0.0311812 -0.086045 0.0298905)
(-0.00369561 -0.0179325 0.00499188)
(-0.00383053 -0.018028 0.00492008)
(-0.00375427 -0.0179182 0.00500766)
(-0.00381856 -0.0172848 0.00449803)
(-0.00389175 -0.0171494 0.00473112)
(-0.00373824 -0.0170386 0.00483149)
(-0.00362103 -0.0167325 0.00446721)
(-0.00477914 -0.0243502 0.00687926)
(-0.00486214 -0.0239669 0.00624934)
(-0.00524432 -0.0249121 0.00712599)
(-0.00459107 -0.0217694 0.00629288)
(-0.00430868 -0.0201026 0.0056573)
(-0.004545 -0.0208109 0.00564786)
(-0.00497445 -0.0242578 0.00709304)
(-0.00491791 -0.0228765 0.00662104)
(-0.00448092 -0.0211947 0.00597175)
(-0.00476616 -0.0222065 0.00670389)
(-0.00407119 -0.0183973 0.00486221)
(-0.0042509 -0.0203377 0.00511725)
(-0.0043462 -0.0203643 0.00566744)
(-0.00401781 -0.0179508 0.00501776)
(-0.00424131 -0.0198774 0.00564018)
(-0.00402135 -0.0181351 0.00489487)
(-0.00393792 -0.0184059 0.0047236)
(-0.00407422 -0.0188827 0.00554948)
(-0.00417592 -0.0192445 0.0054104)
(-0.00429472 -0.0195871 0.00556068)
(-0.00419703 -0.0200419 0.00563231)
(-0.00427163 -0.0188583 0.00516619)
(-0.00405842 -0.0184766 0.00502845)
(-0.00376634 -0.0169491 0.00464932)
(-0.00389214 -0.0183887 0.00514498)
(-0.00409198 -0.0199928 0.00506277)
(-0.00412566 -0.0188656 0.00497067)
(-0.00425624 -0.0189434 0.00518578)
(-0.00438296 -0.0195822 0.00481241)
(-0.00456151 -0.0207542 0.00507589)
(-0.00468104 -0.0199355 0.00584966)
(-0.00498642 -0.0215637 0.0064094)
(-0.00470229 -0.022897 0.00656562)
(-0.00480635 -0.021209 0.00558037)
(-0.00439038 -0.0202831 0.00548383)
(-0.00422895 -0.0191469 0.00514983)
(-0.00414159 -0.0186224 0.00516391)
(-0.00412861 -0.0185765 0.00524916)
(-0.00414129 -0.0194648 0.00524111)
(-0.00414799 -0.0192397 0.00517227)
(-0.00418662 -0.019368 0.00530368)
(-0.00427773 -0.0195956 0.00515471)
(-0.00414731 -0.0197797 0.00540968)
(-0.00414864 -0.0197247 0.00542276)
(-0.00465249 -0.0206603 0.00623471)
(-0.00457906 -0.0197098 0.00512799)
(-0.00465279 -0.0207742 0.00592922)
(-0.00440401 -0.0194627 0.00539662)
(-0.00448262 -0.0200411 0.00553754)
(-0.00442948 -0.0194992 0.00536096)
(-0.00442107 -0.019945 0.00547094)
(-0.00450228 -0.0192812 0.00512315)
(-0.00441374 -0.0191324 0.00530073)
(-0.00442991 -0.0189536 0.00501113)
(-0.00440804 -0.0194001 0.00554281)
(-0.00390767 -0.0166435 0.00459058)
(-0.00348386 -0.0155893 0.00435817)
(-0.00333103 -0.0155892 0.00431818)
(-0.00352979 -0.0166755 0.00453335)
(-0.00356077 -0.0162073 0.0046132)
(-0.00359225 -0.0159592 0.00482225)
(-0.00398332 -0.0182642 0.00458705)
(-0.00397109 -0.0169312 0.00478818)
(-0.00329313 -0.0159756 0.00420424)
(-0.00334701 -0.0169723 0.00419884)
(-0.00378339 -0.0172651 0.00486065)
(-0.00386378 -0.0169629 0.00474057)
(-0.00394898 -0.0179201 0.0048134)
(-0.00380936 -0.0167146 0.00464099)
(-0.00371018 -0.0170621 0.0047157)
(-0.00401819 -0.0178445 0.005034)
(-0.00377801 -0.0171949 0.00498385)
(-0.00384288 -0.0174513 0.00489612)
(-0.0040817 -0.0182627 0.00563299)
(-0.00387675 -0.0177102 0.00505176)
(-0.00377089 -0.0168519 0.00479822)
(-0.00409561 -0.0174736 0.00492192)
(-0.00411479 -0.0172741 0.00457931)
(-0.00383223 -0.0171971 0.00481649)
(-0.00379674 -0.0176233 0.00501156)
(-0.0039546 -0.0176117 0.00511688)
(-0.00420421 -0.0180683 0.00524813)
(-0.0045912 -0.0203561 0.00579324)
(-0.00484014 -0.0223553 0.00650044)
(-0.00415616 -0.0213761 0.0060657)
(-0.0050843 -0.0213116 0.00596064)
(-0.00445605 -0.0206744 0.00547092)
(-0.00444236 -0.021682 0.00615171)
(-0.00465267 -0.0200438 0.00546851)
(-0.00404183 -0.0188164 0.00515087)
(-0.00456366 -0.0198191 0.00537533)
(-0.00405411 -0.0187025 0.00525553)
(-0.00399242 -0.0187155 0.005358)
(-0.00417499 -0.018686 0.00537729)
(-0.00393411 -0.0190307 0.00533403)
(-0.00425853 -0.0186282 0.00500499)
(-0.00371935 -0.0175578 0.00495967)
(-0.00376289 -0.017685 0.00496149)
(-0.00372192 -0.0181051 0.00511212)
(-0.00407127 -0.018236 0.00501522)
(-0.00385079 -0.0184727 0.00528555)
(-0.00391007 -0.0183422 0.00511719)
(-0.0039329 -0.0185488 0.0052329)
(-0.00415909 -0.0191038 0.0053193)
(-0.00867867 -0.0340524 0.00961972)
(-0.0303288 -0.0702058 0.0212459)
(-0.0121718 -0.0488101 0.0151683)
(-0.00972626 -0.0808781 0.0376204)
(-0.0154249 -0.0555469 0.0179155)
(-0.0068868 -0.0295222 0.00878085)
(-0.00662606 -0.030042 0.00910651)
(-0.00895687 -0.0373456 0.0118903)
(-0.00832554 -0.0334586 0.00994638)
(-0.00378343 -0.017866 0.00486994)
(-0.00421123 -0.0195247 0.00533388)
(-0.00343151 -0.0178809 0.00473195)
(-0.00450229 -0.019037 0.00526703)
(-0.00380756 -0.0174624 0.00468895)
(-0.00415413 -0.0178981 0.00505594)
(-0.00389867 -0.0177949 0.00499066)
(-0.00388271 -0.0188585 0.00521654)
(-0.00360733 -0.0183114 0.00500005)
(-0.00397395 -0.0179988 0.00503338)
(-0.00407518 -0.0174237 0.00516053)
(-0.00360619 -0.0171326 0.0047972)
(-0.00379051 -0.0178691 0.00541865)
(-0.00359113 -0.0174023 0.00450067)
(-0.00384482 -0.017007 0.00467766)
(-0.00366676 -0.0165196 0.0044533)
(-0.00376498 -0.017248 0.00461801)
(-0.00403103 -0.0173683 0.00464504)
(-0.00370229 -0.0169151 0.00471579)
(-0.00376934 -0.0169961 0.00486309)
(-0.00361281 -0.0166517 0.00454727)
(-0.00369394 -0.0175335 0.00489986)
(-0.0036879 -0.0175265 0.00490219)
(-0.00373473 -0.0174435 0.00485524)
(-0.00339929 -0.0154257 0.0043316)
(-0.00358811 -0.0158733 0.00443394)
(-0.00347189 -0.0165002 0.00465138)
(-0.00367909 -0.0166709 0.00474077)
(-0.00355955 -0.0156008 0.00440471)
(-0.00343348 -0.0163263 0.00460773)
(-0.00372936 -0.0161301 0.00449058)
(-0.00439586 -0.0178498 0.00519544)
(-0.00395197 -0.0176332 0.00474667)
(-0.00403597 -0.0175386 0.0048204)
(-0.00389246 -0.0168323 0.00472236)
(-0.00365433 -0.0171912 0.00488915)
(-0.00389685 -0.0175186 0.0047059)
(-0.0035861 -0.0171591 0.00457336)
(-0.00371126 -0.0166135 0.00423437)
(-0.00386111 -0.0168579 0.00439286)
(-0.00367541 -0.016919 0.00467983)
(-0.00371427 -0.017051 0.00466739)
(-0.00647136 -0.0336545 0.00924097)
(-0.00655138 -0.034117 0.00836591)
(-0.00713799 -0.0377611 0.00940754)
(-0.00661952 -0.089779 0.0171772)
(0.00266904 -0.111134 0.0248929)
(0.0015258 -0.082979 0.0294431)
(0.00410302 -0.138501 0.032911)
(-0.00476561 -0.0216664 0.00585173)
(-0.00485854 -0.0245193 0.00658826)
(-0.0050557 -0.0242274 0.00617598)
(-0.00489902 -0.0242393 0.00640358)
(-0.00512772 -0.0230288 0.00607031)
(-0.00515758 -0.0238286 0.00580226)
(-0.00479038 -0.0242956 0.00649162)
(-0.00443754 -0.0209925 0.00620226)
(-0.00598426 -0.0271309 0.00698848)
(-0.00573908 -0.0271777 0.00706062)
(-0.0049021 -0.023373 0.00634478)
(-0.00522301 -0.0241338 0.00640004)
(-0.00521801 -0.0246866 0.00656704)
(-0.00506641 -0.023449 0.00624003)
(-0.00528656 -0.0254071 0.00673942)
(-0.00555253 -0.025807 0.00678767)
(-0.00367048 -0.0168561 0.0043943)
(-0.0035581 -0.0160032 0.00426181)
(-0.00357922 -0.0164541 0.00442569)
(-0.00356746 -0.01705 0.00448105)
(-0.00373257 -0.0166416 0.00455659)
(-0.00375972 -0.0168489 0.00482488)
(-0.00389626 -0.0177455 0.00454871)
(-0.00410377 -0.0174384 0.00486107)
(-0.00403127 -0.0173116 0.00490756)
(-0.00357453 -0.0166066 0.00447623)
(-0.00386445 -0.0187213 0.00484808)
(-0.0042526 -0.0181687 0.0051957)
(-0.00672983 -0.0267986 0.00729213)
(-0.00597257 -0.0247156 0.00633045)
(-0.00570545 -0.0239766 0.00614277)
(-0.00642943 -0.0254481 0.00688454)
(-0.0058801 -0.0244688 0.00640205)
(-0.00589347 -0.0245456 0.0062909)
(-0.00658555 -0.0264811 0.00688789)
(-0.00602736 -0.0248159 0.0064236)
(-0.00579087 -0.0297773 0.00723328)
(-0.00613316 -0.0291626 0.00730214)
(-0.0062026 -0.0294546 0.00728531)
(-0.00662837 -0.0310184 0.00789407)
(-0.00517756 -0.0221238 0.00567353)
(-0.00509976 -0.0228256 0.00572483)
(-0.00623315 -0.0248917 0.00749415)
(-0.00573492 -0.0244303 0.0070689)
(-0.00589398 -0.0240456 0.005612)
(-0.00961278 -0.037343 0.0107385)
(-0.00963414 -0.0373786 0.0111018)
(-0.0149077 -0.0484702 0.0148468)
(-0.0158548 -0.0488619 0.0139003)
(-0.0616318 -0.137771 0.0610233)
(-0.0343889 -0.0888379 0.0343972)
(-0.0446824 -0.110411 0.00996213)
(-0.00914143 -0.0764315 0.00603836)
(-0.0036364 -0.0163144 0.00437491)
(-0.00349784 -0.0161163 0.00432131)
(-0.0034927 -0.0156891 0.00424894)
(-0.00355625 -0.0160386 0.00447539)
(-0.0529294 -0.114487 0.0183462)
(-0.00929908 -0.0399512 0.00910721)
(-0.00791352 -0.0326563 0.00902153)
(-0.0328634 -0.0824685 0.0175583)
(-0.00718495 -0.0291641 0.00791373)
(-0.00781686 -0.0303429 0.00808215)
(-0.0068214 -0.0285485 0.00768622)
(-0.0075458 -0.0315698 0.00966083)
(-0.00383991 -0.0184037 0.0050219)
(-0.00363283 -0.0184787 0.00468889)
(-0.00396455 -0.0183184 0.00490901)
(-0.00449385 -0.0204531 0.00556358)
(-0.00414884 -0.0195217 0.00532166)
(-0.00409046 -0.0197374 0.00531463)
(-0.00437645 -0.0203613 0.00556261)
(-0.0046518 -0.0219177 0.00562396)
(-0.00487455 -0.0219365 0.00569748)
(-0.00458474 -0.0213989 0.00567874)
(-0.00446922 -0.0193482 0.00541868)
(-0.00441044 -0.019174 0.00539286)
(-0.00441419 -0.0205937 0.00528283)
(-0.0044359 -0.0199931 0.00536703)
(-0.00316933 -0.0153692 0.00425336)
(-0.0034344 -0.0152558 0.00385648)
(-0.0034388 -0.0157116 0.00441074)
(-0.00348073 -0.0152673 0.003971)
(-0.00348616 -0.015214 0.0039055)
(-0.00334841 -0.0161852 0.00448734)
(-0.00355095 -0.0160458 0.00434277)
(-0.00343456 -0.0154139 0.00436638)
(-0.00339747 -0.0147984 0.00414424)
(-0.0036151 -0.0158218 0.00487574)
(-0.00331628 -0.0158739 0.00418609)
(-0.00373325 -0.0173081 0.00469326)
(-0.00313041 -0.0155188 0.004102)
(-0.0037472 -0.016288 0.00445199)
(-0.00370147 -0.0159313 0.00453404)
(-0.0038789 -0.016282 0.00445131)
(-0.00320698 -0.0146916 0.0040799)
(-0.00383807 -0.0159435 0.00442122)
(-0.00349659 -0.0152975 0.00415161)
(-0.00351514 -0.0155655 0.00418959)
(-0.00365633 -0.0156026 0.0043348)
(-0.00348989 -0.0157368 0.00419715)
(-0.003786 -0.0161233 0.00445655)
(-0.00368929 -0.0165978 0.00453465)
(-0.00357792 -0.0162219 0.00450068)
(-0.00354513 -0.0169486 0.00478722)
(-0.00360618 -0.0167194 0.0046923)
(-0.00365673 -0.0166495 0.0046017)
(-0.0034491 -0.0167601 0.00475548)
(-0.00352904 -0.0165016 0.00462184)
(-0.00406897 -0.0173059 0.0046788)
)
;
    }
    INLET
    {
        type            calculated;
        value           uniform (0 0 0);
    }
    OUTLET
    {
        type            calculated;
        value           nonuniform 0();
    }
    procBoundary10to9
    {
        type            processor;
        value           uniform (0 0 0);
    }
}


// ************************************************************************* //
