line_seg,node,x,y,z,s,g_max_plus,g_max_minus,g_avr_plus,g_avr_minus,av_max_plus,av_max_minus,av_avr_plus,av_avr_minus,r_avr
0,0,71.643,92.235,164.04,0,0,0,0,0,0,0,0,0,0.907537
0,1,71.5823,92.4275,164.271,0.30676,0.019953,0,0.0146142,0,0,-0.321775,0,-0.272792,0.845515
0,2,71.5226,92.6181,164.503,0.612902,7.64256,0,1.81177,0,0,-5.5424,0,-2.19472,1.17157
0,3,71.465,92.8048,164.737,0.917743,3.83619,0,0.367552,0,0,-4.38401,0,-1.27285,1.37198
0,4,71.4104,92.9855,164.975,1.22152,5.22011,-0.00528876,0.51252,-0.00528876,0,-4.64905,0,-1.27283,1.55672
0,5,71.3598,93.1585,165.217,1.52326,51.2693,-0.00528876,0.615745,-0.00528876,0,-14.3793,0,-1.0258,1.42797
0,6,71.3143,93.3217,165.466,1.82444,7.64256,-0.00528876,0.281424,-0.00528876,0,-5.5424,0,-0.847113,1.73649
0,7,71.2749,93.4732,165.722,2.1245,51.2693,0,0.695992,0,0,-14.3793,0,-1.13548,2.01779
0,8,71.2427,93.611,165.986,2.42403,27.5446,0,0.668173,0,0,-11.3349,0,-1.3561,2.14568
0,9,71.2185,93.7331,166.259,2.72408,27.5446,0,0.209097,0,0,-11.3349,0,-0.729624,2.11231
0,10,71.2034,93.8377,166.543,3.02711,0.28253,0,0.0565685,0,0,-1.29057,0,-0.545258,2.06719
0,11,71.1979,93.9234,166.838,3.33435,0.28253,-0.0380611,0.047358,-0.0380611,0,-1.29057,0,-0.494243,2.01102
0,12,71.2003,93.9921,167.144,3.64798,0.17819,-0.0380611,0.0442635,-0.0263783,0,-1.29057,0,-0.486877,1.95619
0,13,71.2081,94.0461,167.458,3.96668,0.175132,-0.0380611,0.048949,-0.0252031,0,-1.20554,0,-0.508329,1.89564
0,14,71.2191,94.088,167.778,4.2896,0.414922,-0.0742639,0.0733873,-0.0235279,0.0555301,-1.36032,0.0555301,-0.564041,1.81651
0,15,71.2309,94.1201,168.102,4.61541,0.216059,-0.113617,0.0669711,-0.0329209,0.124402,-1.26394,0.0937921,-0.533646,1.71378
0,16,71.2412,94.1451,168.429,4.94352,0.354359,-0.113617,0.0660658,-0.0309778,0.124402,-1.37212,0.0934284,-0.532457,1.59525
0,17,71.2477,94.1652,168.757,5.2722,0.354359,-0.158863,0.0555213,-0.0521368,0.0975834,-1.37212,0.077774,-0.489018,1.46696
0,18,71.248,94.1831,169.084,5.59969,0.0872036,-0.158863,0.0437026,-0.0345111,0.0480598,-0.750727,0.0480598,-0.48858,1.34006
0,19,71.2399,94.2011,169.408,5.92429,0.106707,-0.158863,0.0450064,-0.0348312,0.0480598,-0.869436,0.0480598,-0.495021,1.22551
0,20,71.2209,94.2217,169.727,6.24452,0.12476,-0.0363823,0.0559659,-0.0298868,0,-0.951978,0,-0.557267,1.12337
0,21,71.1897,94.247,170.04,6.56008,0.157921,-0.0363823,0.0619134,-0.0323486,0.0607642,-0.951978,0.0607642,-0.586729,1.02803
0,22,71.1479,94.2777,170.347,6.87143,0.157921,-0.149745,0.0667538,-0.0534256,0.0607642,-0.951978,0.0607642,-0.598141,0.951632
0,23,71.0982,94.314,170.65,7.18062,0.130577,-0.149745,0.0437812,-0.0469419,0.0607642,-0.911608,0.0607642,-0.549356,0.894657
0,24,71.0432,94.3562,170.947,7.48561,0.102163,-0.149745,0.0342527,-0.0708547,0,-0.911608,0,-0.51147,0.885493
0,25,70.9855,94.4046,171.241,7.78909,0.0956067,-0.142462,0.0388059,-0.0586833,0,-0.974903,0,-0.49738,0.873108
0,26,70.9278,94.4595,171.532,8.0908,0.322612,-0.142462,0.0641886,-0.0588679,0,-1.45343,0,-0.587694,0.928659
0,27,70.8727,94.5211,171.821,8.39138,0.322612,-0.142462,0.0701912,-0.0605872,0.326294,-1.45343,0.274128,-0.600348,0.945741
0,28,70.8227,94.5897,172.108,8.69068,0.462692,-0.037237,0.0836262,-0.0149509,0.326294,-1.69513,0.261086,-0.672851,1.02956
0,29,70.7806,94.6656,172.395,8.99052,0.462692,-0.037237,0.104687,-0.0157072,0.326294,-1.69513,0.326294,-0.733037,1.10706
0,30,70.7488,94.749,172.681,9.29012,0.26992,-0.0376672,0.0902619,-0.0149799,0,-1.57173,0,-0.71411,1.17683
0,31,70.7295,94.84,172.967,9.59086,0.172499,-0.0376672,0.0716233,-0.0182823,0,-1.84114,0,-0.654026,1.23237
0,32,70.7225,94.9376,173.254,9.89408,0.478779,-0.0376672,0.0737979,-0.0133278,0,-1.84114,0,-0.62749,1.30047
0,33,70.7269,95.0405,173.541,10.199,0.478779,-0.00813054,0.0862706,-0.00378929,0,-1.54646,0,-0.651131,1.35959
0,34,70.742,95.1473,173.828,10.5056,0.299185,-0.00813054,0.0907508,-0.00324579,0,-1.15003,0,-0.69245,1.41343
0,35,70.7669,95.2568,174.113,10.8119,0.299185,-0.00833813,0.0673827,-0.00413776,0.0815899,-1.15003,0.0815899,-0.622767,1.42467
0,36,70.8009,95.3677,174.398,11.1196,1.63523,-0.00833813,0.130032,-0.00405194,0.0927375,-2.72139,0.0879599,-0.711477,1.45985
0,37,70.8433,95.4787,174.681,11.4266,0.602828,-0.0205793,0.0892104,-0.00865993,0.0927375,-2.21319,0.0882784,-0.639262,1.47131
0,38,70.8931,95.5886,174.963,11.7333,0.350927,-0.0205793,0.0699487,-0.00911611,0.0927375,-2.21319,0.0927375,-0.595268,1.48692
0,39,70.9497,95.696,175.243,12.0385,0.32707,-0.00283102,0.0684585,-0.00283102,0,-1.62039,0,-0.649653,1.49282
0,40,71.0122,95.7997,175.52,12.3408,0.32707,-0.00379273,0.0682449,-0.00325845,0,-1.20367,0,-0.607323,1.49538
0,41,71.0797,95.8987,175.795,12.6408,0.171259,-0.015081,0.0618601,-0.00943685,0.192758,-1.10608,0.192758,-0.592436,1.49254
0,42,71.1507,95.9928,176.067,12.9372,0.186116,-0.015081,0.0592135,-0.00860673,0.192758,-1.28647,0.192758,-0.59764,1.4848
0,43,71.2234,96.0824,176.337,13.2308,0.27627,-0.015081,0.0566399,-0.00466574,0.192758,-1.28647,0.184891,-0.557601,1.4795
0,44,71.2961,96.1675,176.606,13.5222,0.27627,-0.0457142,0.0633456,-0.012412,0.17309,-1.08843,0.17309,-0.541488,1.47183
0,45,71.3672,96.2485,176.874,13.811,0.367393,-0.0457142,0.0730403,-0.018627,0.17309,-1.27886,0.17309,-0.55144,1.46673
0,46,71.435,96.3256,177.141,14.0971,0.218937,-0.0457142,0.0651877,-0.0226202,0.162131,-1.35131,0.162131,-0.566593,1.45256
0,47,71.4977,96.399,177.407,14.3801,0.197779,-0.0304628,0.0623751,-0.0145316,0.162131,-1.35131,0.162131,-0.559851,1.42284
0,48,71.5536,96.4688,177.673,14.6607,0.192204,-0.0273444,0.0556579,-0.0108688,0.162131,-1.04187,0.104563,-0.546137,1.41164
0,49,71.6011,96.5353,177.939,14.939,0.101554,-0.0273444,0.0407205,-0.011144,0.586987,-0.876713,0.413386,-0.499852,1.41943
0,50,71.6384,96.5988,178.205,15.215,0.116637,-0.00544063,0.0395923,-0.00341273,0.586987,-0.790627,0.274506,-0.48097,1.41022
0,51,71.6644,96.6594,178.473,15.491,0.216134,-0.00532744,0.0570072,-0.00292112,0.586987,-1.25114,0.586987,-0.566489,1.41134
0,52,71.6802,96.7176,178.742,15.7667,0.216134,-0.0177848,0.0611562,-0.00370268,0,-1.25114,0,-0.566768,1.41362
0,53,71.6874,96.7738,179.013,16.0435,0.402789,-0.0222201,0.0648801,-0.0129452,0,-2.19263,0,-0.557837,1.41703
0,54,71.6876,96.8285,179.287,16.3229,0.402789,-0.0222201,0.0628427,-0.0145113,0,-2.19263,0,-0.569312,1.40375
0,55,71.6824,96.882,179.564,16.6051,0.392776,-0.0222201,0.0587436,-0.0157022,0,-2.19263,0,-0.572438,1.41949
0,56,71.6735,96.935,179.845,16.8912,0.263069,-0.0222201,0.0550549,-0.0109676,0,-1.07613,0,-0.535178,1.42019
0,57,71.6625,96.9877,180.131,17.1822,0.244965,-0.0111188,0.0558435,-0.00848305,0.137875,-1.37368,0.137875,-0.560121,1.41265
0,58,71.651,97.0406,180.422,17.4782,0.24737,-0.0825187,0.0593806,-0.0291399,0.137875,-1.37368,0.137875,-0.569142,1.40492
0,59,71.6407,97.0942,180.719,17.7802,0.24737,-0.0825187,0.0499631,-0.0309292,0.137875,-1.35929,0.137875,-0.531026,1.40924
0,60,71.6331,97.1489,181.022,18.0882,0.151843,-0.0825187,0.0395895,-0.0298112,1.20947,-1.06835,1.20947,-0.495396,1.40441
0,61,71.6294,97.2051,181.332,18.4032,0.111922,-0.0307639,0.0379286,-0.0206608,1.20947,-0.736126,1.20947,-0.469546,1.40821
0,62,71.629,97.2625,181.647,18.7234,0.180295,-0.0232531,0.0466595,-0.0221781,1.20947,-1.26903,1.20947,-0.497839,1.43422
0,63,71.6308,97.3209,181.966,19.0477,0.275659,-0.0796983,0.0652291,-0.0796983,1.20947,-1.54785,1.20947,-0.616796,1.46256
0,64,71.6337,97.3799,182.287,19.3741,0.28006,-0.0796983,0.0649115,-0.0796983,0,-1.54785,0,-0.608018,1.48746
0,65,71.6365,97.4393,182.608,19.7006,0.28006,-0.0796983,0.0610904,-0.0796983,0,-1.12705,0,-0.582517,1.5019
0,66,71.6381,97.4987,182.929,20.027,0.177013,0,0.0534374,0,0,-1.00308,0,-0.572626,1.52323
0,67,71.6374,97.5578,183.246,20.3495,0.177013,-0.00781394,0.0412142,-0.00781394,0.0412662,-0.902283,0.0412662,-0.504192,1.51143
0,68,71.6334,97.6164,183.559,20.668,0.129342,-0.00781394,0.039055,-0.00757507,0.0412662,-1.55925,0.0412662,-0.505242,1.50703
0,69,71.6249,97.6742,183.866,20.9805,0.1438,-0.0238806,0.0384045,-0.0156482,0.0412662,-1.55925,0.0412662,-0.501797,1.48902
0,70,71.6107,97.7308,184.165,21.2851,0.1438,-0.0238806,0.0394529,-0.010087,0,-1.55925,0,-0.4817,1.51004
0,71,71.5902,97.786,184.456,21.582,0.109486,-0.0238806,0.0373401,-0.0099819,0,-1.21971,0,-0.458163,1.50201
0,72,71.5636,97.8398,184.737,21.8693,175.372,-0.0168275,1.40159,-0.00900965,0,-33.1823,0,-0.886538,1.519
0,73,71.5317,97.8925,185.012,22.1512,5.94075,-0.106701,0.138694,-0.0352172,0,-6.23869,0,-0.71821,1.52583
0,74,71.495,97.9442,185.279,22.4256,69.3629,-0.776681,0.837695,-0.199429,0,-16.8011,0,-1.03026,1.50149
0,75,71.4543,97.995,185.541,22.6955,35.6884,-0.776681,1.20908,-0.416726,0,-12.9549,0,-1.53514,1.37109
0,76,71.4103,98.0451,185.799,22.962,28.4373,-0.776681,1.12631,-0.229803,0,-12.7008,0,-1.68917,1.22623
0,77,71.3636,98.0946,186.052,23.224,175.372,-0.0804342,7.3149,-0.0656644,0,-33.1823,0,-3.61947,1.39018
0,78,71.3148,98.1436,186.303,23.4844,5.94075,0,2.57078,0,0,-6.23869,0,-3.9722,1.38474
0,79,71.2647,98.1924,186.552,23.743,0.0178127,0,0.0165155,0,0,-0.311716,0,-0.287232,0.529906
0,80,71.214,98.241,186.8,24.0008,0,0,0,0,0,0,0,0,0.700485
