line_seg,node,x,y,z,s,g_max_plus,g_max_minus,g_avr_plus,g_avr_minus,av_max_plus,av_max_minus,av_avr_plus,av_avr_minus,r_avr
0,0,71.643,92.235,164.04,0,0,0,0,0,0,0,0,0,0.731388
0,1,71.5823,92.4275,164.271,0.30676,10.2684,0,1.12458,0,0,-6.48101,0,-1.71233,1.14345
0,2,71.5226,92.6181,164.503,0.612902,3.85625,0,0.359823,0,0,-4.72004,0,-1.28037,1.45499
0,3,71.465,92.8048,164.737,0.917743,6.81339,-0.0437667,0.723735,-0.0336414,0,-5.57797,0,-1.42632,1.73549
0,4,71.4104,92.9855,164.975,1.22152,10.2684,-0.0437667,0.30054,-0.0347664,0,-6.48101,0,-0.915783,1.64738
0,5,71.3598,93.1585,165.217,1.52326,48.9841,-0.0167659,0.734383,-0.00899369,0,-14.4203,0,-1.02898,1.76054
0,6,71.3143,93.3217,165.466,1.82444,8.06059,-0.0167659,0.198055,-0.00463663,0,-6.47828,0,-0.701958,1.98326
0,7,71.2749,93.4732,165.722,2.1245,48.9841,-0.00946239,0.954001,-0.00946239,0,-14.4203,0,-1.28695,2.28753
0,8,71.2427,93.611,165.986,2.42403,9.91203,-0.00946239,0.64827,-0.00946239,0,-7.39853,0,-1.27795,2.38197
0,9,71.2185,93.7331,166.259,2.72408,0.24463,0,0.0512413,0,0,-0.999431,0,-0.551377,2.30128
0,10,71.2034,93.8377,166.543,3.02711,0.361591,0,0.0457732,0,0,-1.29186,0,-0.470142,2.24301
0,11,71.1979,93.9234,166.838,3.33435,0.361591,-0.0410918,0.0389355,-0.0410918,0,-1.29186,0,-0.441348,2.19333
0,12,71.2003,93.9921,167.144,3.64798,0.361591,-0.0410918,0.0411783,-0.0174592,0,-1.29186,0,-0.461015,2.14557
0,13,71.2081,94.0461,167.458,3.96668,0.184688,-0.0410918,0.0469457,-0.0162907,0,-1.05178,0,-0.511103,2.09218
0,14,71.2191,94.088,167.778,4.2896,0.447234,-0.0410918,0.069359,-0.00902678,0,-1.38819,0,-0.563207,2.02659
0,15,71.2309,94.1201,168.102,4.61541,0.447234,-0.11522,0.0715307,-0.0351306,0.121155,-1.38819,0.0958863,-0.536244,1.93143
0,16,71.2412,94.1451,168.429,4.94352,0.244848,-0.11522,0.0602782,-0.0391968,0.289311,-1.03146,0.126791,-0.512312,1.81617
0,17,71.2477,94.1652,168.757,5.2722,0.378938,-0.155422,0.0664127,-0.040181,0.289311,-1.35776,0.132529,-0.510938,1.68424
0,18,71.248,94.1831,169.084,5.59969,0.103534,-0.155422,0.0454545,-0.0277741,0.107194,-0.799058,0.0763674,-0.467448,1.54552
0,19,71.2399,94.2011,169.408,5.92429,0.101716,-0.155422,0.0457297,-0.0253655,0.0578716,-0.903118,0.0578716,-0.479112,1.42798
0,20,71.2209,94.2217,169.727,6.24452,0.19023,-0.0315491,0.0542426,-0.0212217,0,-1.10791,0,-0.541086,1.32858
0,21,71.1897,94.247,170.04,6.56008,0.251519,-0.0355938,0.0809583,-0.0277515,0,-1.2676,0,-0.647896,1.23616
0,22,71.1479,94.2777,170.347,6.87143,0.251519,-0.154122,0.0998828,-0.0456865,0,-1.2676,0,-0.698576,1.15952
0,23,71.0982,94.314,170.65,7.18062,0.251519,-0.154122,0.0701052,-0.0756828,0,-1.24106,0,-0.57364,1.09389
0,24,71.0432,94.3562,170.947,7.48561,0.132197,-0.177301,0.0432321,-0.0795023,0,-0.956481,0,-0.483203,1.06188
0,25,70.9855,94.4046,171.241,7.78909,0.0827937,-0.192666,0.0434201,-0.0645836,0,-0.888529,0,-0.464948,1.05528
0,26,70.9278,94.4595,171.532,8.0908,0.259267,-0.192666,0.0664035,-0.07085,0.0323749,-1.4307,0.0319441,-0.572131,1.11013
0,27,70.8727,94.5211,171.821,8.39138,0.259267,-0.192666,0.0740218,-0.0612062,0.194152,-1.4307,0.086109,-0.613024,1.15115
0,28,70.8227,94.5897,172.108,8.69068,0.65964,-0.0290437,0.118104,-0.0181381,0.194152,-1.88305,0.124819,-0.70153,1.24885
0,29,70.7806,94.6656,172.395,8.99052,0.65964,-0.0290437,0.105014,-0.0100098,0,-1.88305,0,-0.712057,1.33221
0,30,70.7488,94.749,172.681,9.29012,0.340679,-0.0469648,0.0844222,-0.0243308,0,-1.76986,0,-0.657033,1.39733
0,31,70.7295,94.84,172.967,9.59086,0.196879,-0.0469648,0.0617598,-0.0182459,0,-1.37314,0,-0.578656,1.45388
0,32,70.7225,94.9376,173.254,9.89408,0.268748,-0.0469648,0.0624576,-0.0162352,0,-1.37314,0,-0.562283,1.51337
0,33,70.7269,95.0405,173.541,10.199,0.326624,-0.0111481,0.0784587,-0.00675559,0,-1.17962,0,-0.606231,1.57592
0,34,70.742,95.1473,173.828,10.5056,0.326624,-0.00469782,0.0871695,-0.00455503,0,-1.17962,0,-0.652946,1.62759
0,35,70.7669,95.2568,174.113,10.8119,0.685012,-0.0055483,0.0783906,-0.00480255,0.127824,-1.66766,0.127824,-0.620223,1.63533
0,36,70.8009,95.3677,174.398,11.1196,2.05662,-0.00869604,0.15197,-0.00648386,0.127824,-3.10306,0.127824,-0.716261,1.6762
0,37,70.8433,95.4787,174.681,11.4266,0.32224,-0.0188437,0.0681114,-0.00947405,0.127824,-1.88197,0.101278,-0.552867,1.67973
0,38,70.8931,95.5886,174.963,11.7333,0.265633,-0.0188437,0.0555751,-0.00865546,0.0813691,-1.88197,0.0813691,-0.532042,1.67326
0,39,70.9497,95.696,175.243,12.0385,0.259,-0.0188437,0.0619178,-0.0104832,0,-1.34291,0,-0.581304,1.69221
0,40,71.0122,95.7997,175.52,12.3408,0.259,-0.0132408,0.0620076,-0.00583634,0,-1.08583,0,-0.565286,1.68969
0,41,71.0797,95.8987,175.795,12.6408,0.206169,-0.022199,0.0623052,-0.00588225,0.117832,-1.1022,0.117832,-0.566422,1.68638
0,42,71.1507,95.9928,176.067,12.9372,0.266111,-0.022199,0.0606955,-0.00746942,0.117832,-1.3046,0.117832,-0.58352,1.67941
0,43,71.2234,96.0824,176.337,13.2308,0.427265,-0.022199,0.0681718,-0.00611535,0.117832,-1.34584,0.0853464,-0.561696,1.67789
0,44,71.2961,96.1675,176.606,13.5222,0.427265,-0.0578814,0.0723937,-0.016404,0.0366176,-1.34584,0.0366176,-0.535584,1.66119
0,45,71.3672,96.2485,176.874,13.811,0.419224,-0.0578814,0.0837684,-0.0233809,0.0366176,-1.35722,0.0366176,-0.568177,1.65844
0,46,71.435,96.3256,177.141,14.0971,0.286241,-0.0578814,0.0646141,-0.0258529,0.159586,-1.26654,0.159586,-0.537022,1.63649
0,47,71.4977,96.399,177.407,14.3801,0.22564,-0.0372675,0.0652983,-0.021277,0.159586,-1.26654,0.159586,-0.541442,1.60609
0,48,71.5536,96.4688,177.673,14.6607,0.165186,-0.0372675,0.0452374,-0.0197576,0.159586,-1.02307,0.139936,-0.465096,1.60637
0,49,71.6011,96.5353,177.939,14.939,0.0916728,-0.0239399,0.0385744,-0.0121003,0.460274,-0.819245,0.349128,-0.475231,1.59031
0,50,71.6384,96.5988,178.205,15.215,0.0984875,-0.0158826,0.0389002,-0.00673532,0.460274,-0.864818,0.260211,-0.466881,1.58748
0,51,71.6644,96.6594,178.473,15.491,0.183217,-0.0083009,0.052395,-0.00602064,0.460274,-1.09563,0.460274,-0.523659,1.59634
0,52,71.6802,96.7176,178.742,15.7667,0.183217,-0.0083009,0.0611627,-0.00611681,0,-1.09563,0,-0.566053,1.59757
0,53,71.6874,96.7738,179.013,16.0435,0.447787,-0.0248667,0.0620086,-0.0123167,0.0103139,-1.39594,0.0103139,-0.534136,1.59279
0,54,71.6876,96.8285,179.287,16.3229,0.447787,-0.0248667,0.0668551,-0.0144451,0.0103139,-2.21095,0.0103139,-0.565123,1.58793
0,55,71.6824,96.882,179.564,16.6051,0.389805,-0.0248667,0.0607069,-0.013469,0.0103139,-2.21095,0.0103139,-0.563759,1.59984
0,56,71.6735,96.935,179.845,16.8912,0.227856,-0.0248667,0.0507978,-0.0100641,0,-1.13697,0,-0.501686,1.5836
0,57,71.6625,96.9877,180.131,17.1822,0.282947,-0.0154887,0.0659439,-0.00554431,0.151533,-1.4087,0.151533,-0.548466,1.5922
0,58,71.651,97.0406,180.422,17.4782,0.292842,-0.0683594,0.0695807,-0.0153174,0.151533,-1.41488,0.151533,-0.574319,1.5841
0,59,71.6407,97.0942,180.719,17.7802,0.292842,-0.0683594,0.0470671,-0.0300107,0.151533,-1.41488,0.151533,-0.500016,1.57897
0,60,71.6331,97.1489,181.022,18.0882,0.148007,-0.0683594,0.0395145,-0.0345471,1.08798,-1.058,1.08798,-0.462295,1.57377
0,61,71.6294,97.2051,181.332,18.4032,0.102152,-0.0464137,0.0353315,-0.0308208,1.08798,-0.727001,1.08798,-0.427419,1.56965
0,62,71.629,97.2625,181.647,18.7234,0.198722,-0.036749,0.0495253,-0.0234624,1.08798,-1.21393,1.08798,-0.479776,1.61783
0,63,71.6308,97.3209,181.966,19.0477,0.344922,-0.098715,0.0675794,-0.0407635,1.08798,-1.51651,1.08798,-0.597885,1.65086
0,64,71.6337,97.3799,182.287,19.3741,0.257498,-0.098715,0.0650927,-0.098715,0,-1.51651,0,-0.590715,1.66874
0,65,71.6365,97.4393,182.608,19.7006,0.257498,-0.098715,0.0623761,-0.098715,0,-1.03942,0,-0.573232,1.7074
0,66,71.6381,97.4987,182.929,20.027,0.153618,0,0.0535692,0,0,-0.865004,0,-0.556517,1.70903
0,67,71.6374,97.5578,183.246,20.3495,0.128446,-0.0095551,0.0385579,-0.0095551,0.0889533,-0.801603,0.0889533,-0.480488,1.69411
0,68,71.6334,97.6164,183.559,20.668,0.116349,-0.0095551,0.0393248,-0.00686336,0.0889533,-1.4502,0.0889533,-0.486672,1.68744
0,69,71.6249,97.6742,183.866,20.9805,0.116349,-0.0404994,0.0371541,-0.018804,0.0889533,-1.4502,0.0889533,-0.467915,1.66506
0,70,71.6107,97.7308,184.165,21.2851,0.133631,-0.0404994,0.0372309,-0.0159153,0,-1.4502,0,-0.452521,1.68082
0,71,71.5902,97.786,184.456,21.582,0.113806,-0.0404994,0.0327851,-0.0143883,0,-1.31114,0,-0.402245,1.67297
0,72,71.5636,97.8398,184.737,21.8693,0.174086,-0.0193548,0.0456113,-0.0129391,0,-1.31114,0,-0.494777,1.67806
0,73,71.5317,97.8925,185.012,22.1512,6.42677,-0.811544,0.142048,-0.0816897,0,-6.86469,0,-0.621491,1.72005
0,74,71.495,97.9442,185.279,22.4256,52.9618,-0.921207,0.740554,-0.163705,0,-14.9506,0,-0.851763,1.71363
0,75,71.4543,97.995,185.541,22.6955,35.439,-0.921207,0.682369,-0.280956,0,-12.1936,0,-1.08492,1.63482
0,76,71.4103,98.0451,185.799,22.962,23.2033,-0.921207,1.03827,-0.33083,0,-10.2522,0,-1.61044,1.51048
0,77,71.3636,98.0946,186.052,23.224,35.439,-0.126775,1.53861,-0.0368633,0,-12.1936,0,-1.90576,1.53362
0,78,71.3148,98.1436,186.303,23.4844,132.755,-0.0457175,6.31732,-0.0323079,0,-30.0604,0,-3.56803,1.64633
0,79,71.2647,98.1924,186.552,23.743,0.00421053,0,0.00363244,0,0,-0.155667,0,-0.136599,0.458798
0,80,71.214,98.241,186.8,24.0008,0,0,0,0,0,0,0,0,0.557934
