/*--------------------------------*- C++ -*----------------------------------*\
| =========                 |                                                 |
| \\      /  F ield         | OpenFOAM: The Open Source CFD Toolbox           |
|  \\    /   O peration     | Version:  v1612+                                |
|   \\  /    A nd           | Web:      www.OpenFOAM.com                      |
|    \\/     M anipulation  |                                                 |
\*---------------------------------------------------------------------------*/
FoamFile
{
    version     2.0;
    format      ascii;
    class       volVectorField;
    location    "100";
    object      wallShearStress;
}
// * * * * * * * * * * * * * * * * * * * * * * * * * * * * * * * * * * * * * //

dimensions      [0 2 -2 0 0 0 0];

internalField   uniform (0 0 0);

boundaryField
{
    WALL
    {
        type            calculated;
        value           nonuniform List<vector> 
1507
(
(-0.00168307 -0.012519 0.021301)
(0.0012637 -0.0139759 0.0217163)
(0.0034961 -0.00448194 0.00797782)
(0.00375215 -0.00500093 0.00862446)
(0.003694 -0.0062238 0.0109637)
(0.00342579 -0.00649578 0.0115356)
(0.00760494 -0.0112833 0.019228)
(0.00738725 -0.00950064 0.0170838)
(-0.00412126 -0.00296503 0.00299251)
(-0.00341645 -0.00306302 0.00308631)
(0.0036788 -0.00521377 0.00922134)
(0.0038321 -0.00523168 0.00930125)
(0.00588852 -0.00685424 0.0128122)
(0.00582764 -0.00803611 0.0139775)
(-0.000515906 -0.00315973 0.00358749)
(0.000238557 -0.00366873 0.00467689)
(0.00496194 -0.00605965 0.0110842)
(0.00489041 -0.00614227 0.011289)
(0.00498679 -0.0145704 0.0246078)
(0.00155092 -0.0139324 0.0231154)
(0.00433858 -0.00571134 0.0105272)
(0.00410197 -0.0055288 0.0101973)
(0.00544257 -0.011085 0.0175279)
(0.00636166 -0.0112529 0.0184584)
(0.000516151 -0.0010115 0.00152972)
(0.00116742 -0.000757558 0.00243658)
(-0.00131486 -0.00548768 0.0113438)
(0.000507048 -0.00701817 0.0169489)
(0.00492565 -0.00718289 0.0123862)
(0.00560662 -0.00841082 0.0138587)
(0.00535587 -0.0056158 0.0117335)
(0.00545229 -0.0056895 0.0120034)
(0.00622683 -0.00630807 0.0134631)
(0.00558583 -0.0058445 0.0121599)
(0.00518858 -0.0056926 0.0118952)
(0.00289878 -0.00492562 0.00803476)
(0.00289208 -0.00489565 0.00828247)
(0.00320791 -0.00506926 0.00861844)
(0.00312634 -0.00486307 0.00813069)
(0.00268352 -0.00479351 0.00798667)
(0.0030758 -0.00498096 0.00826547)
(0.000924084 -0.00460926 0.00874752)
(0.00135259 -0.00487753 0.00855954)
(0.00140702 -0.00478959 0.00928474)
(0.00109704 -0.00457958 0.00902102)
(0.00152606 -0.00495268 0.00891648)
(0.00114392 -0.00471246 0.00842736)
(-0.00893461 0.00572588 0.0210868)
(-0.0107899 0.0060044 0.0212608)
(-0.00895326 0.00560684 0.0196746)
(-0.0108755 0.00567747 0.020149)
(-0.00803157 0.00602274 0.0202334)
(-0.0120721 0.00588597 0.0212602)
(0.000630939 -0.00259926 0.0110878)
(0.000720427 -0.00228604 0.0107121)
(0.0013574 -0.00319787 0.011181)
(0.00105118 -0.00194839 0.0103144)
(0.00145399 -0.0026765 0.0107551)
(0.00169028 -0.00259539 0.0105452)
(0.00264404 -0.00478637 0.010862)
(0.00230936 -0.00458426 0.0108215)
(0.00275498 -0.00430579 0.0105735)
(0.0030654 -0.0046431 0.0107733)
(0.00295083 -0.00484578 0.0107964)
(0.00255533 -0.00434998 0.0107401)
(0.003534 -0.00356373 0.00942752)
(0.00366439 -0.00378326 0.0102014)
(0.00374736 -0.00416131 0.0103714)
(0.00343076 -0.00369396 0.0100528)
(0.00382428 -0.00390061 0.00999746)
(0.00333283 -0.00378777 0.010169)
(0.00526611 -0.00718654 0.0125863)
(0.0055115 -0.00653079 0.0123057)
(0.00604416 -0.00808445 0.013993)
(0.00579363 -0.00703704 0.012819)
(0.00518632 -0.00715498 0.0124661)
(-0.0020933 -0.0108353 0.0191732)
(0.00105045 -0.0117419 0.0194399)
(-0.000698616 -0.0103877 0.0190947)
(0.000107702 -0.0104339 0.017798)
(0.000648455 -0.0123419 0.0199571)
(1.86343e-05 -0.0141695 0.0239879)
(-0.00130001 -0.0123989 0.0211099)
(0.00150197 -0.0133323 0.0212099)
(0.00380107 -0.00532333 0.0105796)
(0.00351907 -0.00526435 0.0103514)
(0.00390098 -0.00542263 0.0106211)
(-0.00246745 0.00241731 0.00938593)
(-0.00117259 0.0019511 0.00846323)
(-0.000672683 0.00200018 0.0083735)
(-0.00101999 0.00252329 0.00827522)
(-0.00207572 0.00269053 0.00874068)
(-0.00171649 0.00174722 0.00921544)
(-0.00106771 -0.00364854 0.0135264)
(-0.00150672 -0.00160481 0.0124019)
(-0.000630476 -0.00272309 0.0121759)
(-0.000367128 -0.00245814 0.0122026)
(-0.00178603 -0.00333595 0.0138047)
(-0.00182806 -0.00255727 0.013219)
(-0.000529336 -0.00039043 0.0101711)
(1.21626e-05 1.8033e-05 0.0088121)
(-4.11651e-05 -0.00121154 0.0102295)
(0.000454297 -0.000760426 0.00958573)
(0.000496327 -0.000497775 0.00915506)
(-0.00116177 -0.000351145 0.0109081)
(0.00112222 0.000178633 0.00713533)
(0.000959506 -0.000174393 0.00757833)
(0.000843033 0.000854942 0.00593375)
(0.000202887 0.00113418 0.00781759)
(0.000117064 0.00165056 0.0070738)
(0.000522527 0.00159372 0.00614694)
(-0.00363757 0.00154777 0.0109228)
(-0.00442125 9.19347e-05 0.0130363)
(-0.00248502 0.000549281 0.0107246)
(-0.00334893 -0.000701149 0.0128161)
(-0.00442564 0.00109106 0.0118649)
(-0.00248701 -0.000193872 0.0116958)
(-0.00264722 0.00400111 0.00789398)
(-0.00201137 0.00435634 0.00698653)
(-0.00149483 0.00350013 0.00688093)
(-0.00137067 0.00391364 0.00683047)
(-0.00277983 0.00439502 0.00846204)
(1.39504e-05 0.00391446 0.00443053)
(0.000354561 0.00323043 0.00373953)
(-0.000403859 0.00408909 0.00559593)
(0.000222957 0.00290105 0.00386257)
(-0.000326002 0.00337693 0.00497315)
(0.000306378 0.00295758 0.00332893)
(-0.00520177 0.00266686 0.0113924)
(-0.0046681 0.00440058 0.0102424)
(-0.00419501 0.00301617 0.0105707)
(-0.00581672 0.00410813 0.0118103)
(-0.00600531 0.00328863 0.0116117)
(-0.00370696 0.00349376 0.00986922)
(0.00415651 -0.00456102 0.00893403)
(0.00414627 -0.00456831 0.00906864)
(0.00408359 -0.00450219 0.00888642)
(0.00412375 -0.00497576 0.00936873)
(0.00419742 -0.00471667 0.00915252)
(0.00418459 -0.00450007 0.00904913)
(0.00392099 -0.00440935 0.00890471)
(0.00403761 -0.00432155 0.00917149)
(0.00344719 -0.00470456 0.00840656)
(0.00373971 -0.00426609 0.00813958)
(0.00407896 -0.00412463 0.00854883)
(0.00385022 -0.00438631 0.00874987)
(0.00368053 -0.00453029 0.00847517)
(0.0038921 -0.00460398 0.0085107)
(0.00430076 -0.00617088 0.0109087)
(0.0050409 -0.00623137 0.0114681)
(0.00414517 -0.00633879 0.0107669)
(0.00502606 -0.00575145 0.0108416)
(0.00453581 -0.0061525 0.011046)
(0.00247977 -0.00251774 0.00530742)
(0.00290318 -0.00299072 0.0061997)
(0.00229159 -0.00258191 0.0050395)
(0.0026569 -0.00310333 0.00587701)
(0.00273673 -0.00261692 0.00596284)
(0.00243895 -0.00301417 0.00548569)
(0.00257388 -0.00162292 0.00617755)
(0.00241289 -0.00160259 0.00520774)
(0.00220682 -0.00107875 0.00473003)
(0.00261778 -0.00183038 0.00581202)
(0.00177725 -0.000519561 0.00410634)
(0.0023578 -0.000696149 0.00559946)
(0.000949136 0.00155211 0.00265785)
(0.000784025 0.00106028 0.00198018)
(0.0007485 0.000527502 0.00196732)
(0.000841156 0.00193145 0.00259004)
(0.000733278 0.000312923 0.00163466)
(0.000670773 0.000590475 0.00142123)
(0.000878154 0.000685709 0.00171005)
(0.000838466 0.000956543 0.0018697)
(0.000751751 0.000829621 0.00157698)
(0.000646974 -5.4282e-05 0.00120492)
(0.000727911 0.000231587 0.00135206)
(0.000753118 0.000328744 0.00157243)
(0.000899453 0.00158536 0.0031534)
(0.000770235 0.00195293 0.00234751)
(0.000947872 0.00123887 0.00224475)
(0.0011379 0.000880272 0.00279732)
(0.000788968 0.00196662 0.00331455)
(0.0039452 -0.00967536 0.0152938)
(0.00451615 -0.00907438 0.014619)
(0.005855 -0.00978331 0.0157316)
(0.00464213 -0.0102261 0.0163254)
(0.00484085 -0.00922446 0.014721)
(0.00395094 -0.0082205 0.0137732)
(0.00365865 -0.00832839 0.0142079)
(0.00363265 -0.00771808 0.0129718)
(0.00332514 -0.00730367 0.0125361)
(0.00312829 -0.00772364 0.013611)
(0.00295917 -0.00797599 0.0138408)
(0.00410305 -0.00654736 0.0113928)
(0.0040116 -0.00706732 0.0122154)
(0.00378174 -0.00742328 0.0125097)
(0.00399944 -0.00761386 0.012579)
(0.00413404 -0.00758183 0.0125436)
(0.00401148 -0.00709982 0.0118576)
(0.00348739 -0.00607965 0.0107845)
(0.00357435 -0.0067262 0.0118358)
(-0.0159789 -1.88306e-05 0.0144219)
(-0.0162805 0.00278107 0.0136317)
(-0.0151079 0.000739778 0.015328)
(-0.0148996 0.00239858 0.0143983)
(-0.0156505 0.00341596 0.014641)
(-0.0164792 0.00124707 0.0141441)
(-0.00850024 -0.00682285 0.0115403)
(-0.00923968 -0.00705805 0.0127848)
(-0.00767797 -0.00588614 0.00940662)
(-0.0105804 -0.00616137 0.0118576)
(-0.00997797 -0.00538495 0.00980638)
(-0.00832753 -0.00539135 0.00878863)
(-0.0043442 -0.00449974 0.00626087)
(-0.00538843 -0.00480974 0.00713099)
(-0.00988556 -0.00568778 0.018177)
(-0.00801874 -0.00515481 0.018161)
(-0.00895599 -0.00320867 0.016899)
(-0.0102662 -0.00251707 0.0168426)
(-0.0112201 -0.00367123 0.0173939)
(-0.0082283 -0.00628231 0.0188394)
(-0.00476992 -0.0105609 0.0205299)
(-0.00721502 -0.00895683 0.0189016)
(-0.00667433 -0.0110428 0.0216864)
(-0.00651455 -0.00909921 0.0200319)
(-0.00311595 -0.0114855 0.0214867)
(-0.00485657 -0.0116784 0.020276)
(-0.00505302 -0.0086869 0.0203147)
(-0.0045559 -0.00884227 0.0182389)
(-0.00365892 -0.0073584 0.0179421)
(-0.00592671 -0.00673155 0.0179224)
(-0.00347111 -0.00857486 0.0182182)
(0.00463846 -0.0147113 0.0234985)
(0.00763688 -0.0134045 0.0236491)
(0.0079952 -0.013191 0.0242701)
(0.00611151 -0.0136505 0.0224078)
(0.00654908 -0.0152707 0.0269274)
(-0.00450875 -0.0100449 0.0175618)
(-0.00729357 -0.00879227 0.0158644)
(-0.0065037 -0.00905206 0.0154905)
(-0.00269742 -0.0115903 0.0212393)
(-0.00454821 -0.01155 0.0208685)
(-0.00643556 -0.00965554 0.0185404)
(-0.00172758 -0.00254332 0.00336474)
(-0.00210911 -0.00413596 0.00822882)
(-0.00121341 -0.00277823 0.00690391)
(-0.00271014 -0.00398458 0.0060889)
(-0.00134514 -0.002189 0.00422236)
(-0.0023806 -0.00288565 0.00382024)
(7.25297e-05 -0.00117517 0.011769)
(1.76908e-05 -0.00223518 0.011265)
(-0.000696399 -0.00151844 0.00587509)
(-0.000424945 -0.000902474 0.00557538)
(-0.000647834 -0.000492327 0.00812495)
(-0.000289242 -0.00215235 0.0088774)
(-0.0154771 0.00594896 0.0142889)
(-0.016176 0.00521501 0.0150587)
(-0.0143559 0.0072079 0.0138359)
(-0.00176818 0.00221896 0.0119297)
(-0.000740828 0.000788206 0.0140678)
(-0.00115019 0.000640522 0.0107023)
(-0.00243685 0.00289154 0.0144048)
(-0.00161699 0.00216477 0.0172229)
(0.000274591 -0.00350636 0.0117629)
(0.000268629 -0.0048416 0.012561)
(0.00103576 -0.00397766 0.0119083)
(0.000231235 -0.00447967 0.0129126)
(0.00097116 -0.00493198 0.0121296)
(0.00110908 -0.00417434 0.0115316)
(0.00245332 -0.00695655 0.0133021)
(0.00126472 -0.0059732 0.0127703)
(0.000604624 -0.00699418 0.0143307)
(0.000356056 -0.00599335 0.0131204)
(0.00216047 -0.0073615 0.0135598)
(0.000918008 -0.00727761 0.0139133)
(0.00160541 -0.00641163 0.0129805)
(0.00508903 -0.00630785 0.0116682)
(0.00499178 -0.00627569 0.011443)
(0.00510641 -0.00650212 0.0118064)
(0.00526025 -0.00661462 0.0119217)
(0.00540261 -0.0061709 0.011809)
(0.00494965 -0.00628732 0.0115376)
(0.0097011 -0.00965777 0.0232491)
(0.00828768 -0.0129154 0.022439)
(0.00896999 -0.0102568 0.0216742)
(0.00945827 -0.0119609 0.0254607)
(0.0086842 -0.0126538 0.0239218)
(0.00840653 -0.0112884 0.021007)
(0.00293487 -0.0058086 0.0110123)
(0.00305891 -0.00627953 0.0115989)
(0.00254864 -0.006365 0.0118632)
(0.00274749 -0.00600462 0.0115816)
(0.00276938 -0.00659578 0.0118601)
(0.0026603 -0.00692295 0.0126788)
(0.00801238 -0.0104395 0.0185028)
(0.00764652 -0.00863348 0.0174612)
(0.00723756 -0.00885065 0.0165252)
(0.007322 -0.00856654 0.0168665)
(0.00731661 -0.00934983 0.0167756)
(0.00859395 -0.0115274 0.020756)
(0.00867428 -0.00964494 0.0189435)
(0.00721288 -0.0106816 0.0184269)
(-0.00365345 -0.00295631 0.00218308)
(-0.00296592 -0.00293615 0.00223341)
(-0.00290449 -0.00303728 0.0026766)
(-0.00159675 -0.00253268 0.00194028)
(-0.00214392 -0.00290712 0.00258784)
(-0.00411976 -0.00291784 0.00332075)
(-0.00166676 -0.0024487 0.0016343)
(-0.00242287 -0.00266254 0.0014906)
(-0.00149946 -0.00217685 0.000941055)
(-0.00205965 -0.00249323 0.00132218)
(-0.00173258 -0.00236783 0.00073234)
(-0.0025878 -0.00289131 0.00118116)
(-0.0013563 -0.00190486 0.000516479)
(-0.00303717 -0.00300147 0.00135043)
(-0.0166475 -0.00265546 0.0135353)
(-0.0201755 -0.00260592 0.0155887)
(-0.0167123 -0.00396163 0.0129525)
(-0.0184448 -0.001006 0.0132295)
(-0.0180688 -0.00365715 0.0122485)
(0.000595496 -0.000337899 0.00369745)
(-0.000449366 -0.00197645 0.00393263)
(6.5696e-05 -0.00107403 0.00425653)
(0.000675931 0.000535131 0.00424084)
(0.00050125 -9.48327e-05 0.00434349)
(-9.17636e-06 -0.00147623 0.00343051)
(-0.00322639 -0.00445151 0.00398092)
(-0.00140392 -0.00281226 0.00229879)
(-0.00407151 -0.00460048 0.00311615)
(-0.00279705 -0.00358345 0.00249265)
(-0.00174313 -0.00332683 0.00329814)
(-0.0018187 -0.00300614 0.00199412)
(-0.00288651 0.00812675 0.00918195)
(-0.0056047 0.00935006 0.0124017)
(-0.00605676 0.00938362 0.0108922)
(-0.00253871 0.00837798 0.00989176)
(-0.00373382 0.00849839 0.0111603)
(-0.00436164 0.0082107 0.0104841)
(0.00405057 -0.00387509 0.00866761)
(0.00391281 -0.00402983 0.0089059)
(0.00415191 -0.00406477 0.00901974)
(0.00435662 -0.00421976 0.00933613)
(0.00393474 -0.00389144 0.00855497)
(0.00131744 -0.00118259 0.00920077)
(0.00159569 -0.0010968 0.00809888)
(0.00184553 -0.00197335 0.00941304)
(0.00133173 -0.000988688 0.0086901)
(0.00210651 -0.00161325 0.00840291)
(0.00225738 -0.00192301 0.00937188)
(0.00321186 -0.00276331 0.0071009)
(0.00308414 -0.00211863 0.00745617)
(0.00298475 -0.00214093 0.00717175)
(0.00323516 -0.00296038 0.00706152)
(0.00300313 -0.00252434 0.00670831)
(0.00305037 -0.00250302 0.00755927)
(0.00330278 -0.00266315 0.00737664)
(0.00252983 -0.00245019 0.00978511)
(0.00312198 -0.00420419 0.0114608)
(0.00332692 -0.00357741 0.00989211)
(0.00274109 -0.00328077 0.0111448)
(0.00231084 -0.00274207 0.0103297)
(0.00332096 -0.00386343 0.010719)
(0.00304626 -0.00274091 0.00916846)
(0.00276216 -0.00204783 0.00807686)
(0.00272784 -0.00225392 0.00865126)
(0.00324135 -0.00280852 0.00883076)
(0.00305567 -0.00260061 0.00835582)
(0.00276821 -0.00245287 0.00877154)
(0.00409618 -0.00410167 0.00915795)
(0.00447602 -0.00441371 0.0102721)
(0.00395014 -0.00374802 0.00941775)
(0.00421685 -0.00471485 0.00966898)
(0.00370263 -0.00366885 0.0091465)
(0.00385985 -0.00363828 0.00880331)
(0.00407954 -0.00427947 0.010294)
(0.00359014 -0.00423034 0.0105529)
(0.00377048 -0.0043337 0.0101359)
(0.0038471 -0.00435426 0.0102268)
(0.00377465 -0.00437894 0.0104162)
(0.00402256 -0.00456805 0.0104245)
(0.00198487 -0.00412681 0.0118305)
(0.00243116 -0.00395376 0.011227)
(0.00247133 -0.00499912 0.0122132)
(0.00211116 -0.00399521 0.0110338)
(0.0018234 -0.00443916 0.0122377)
(0.002693 -0.00434933 0.011481)
(0.00329409 -0.00522967 0.0106588)
(0.00312871 -0.00485737 0.00993712)
(0.0031136 -0.00490907 0.0109603)
(0.00351489 -0.00524926 0.0108648)
(0.00309476 -0.00497579 0.0107058)
(0.00338745 -0.00513242 0.0105397)
(0.00199006 0.00110206 0.024944)
(0.0010574 0.000608097 0.0206331)
(0.00078925 0.000129511 0.0222237)
(-0.00531181 0.00437871 0.0171299)
(-0.00396886 0.00405497 0.0153046)
(-0.0129834 0.00547014 0.0212711)
(-0.0146551 0.00555299 0.0216519)
(-0.014078 0.00512559 0.020794)
(-0.0169508 0.0041234 0.0209834)
(-0.0168025 0.00507523 0.0211304)
(-0.0152301 0.00449639 0.0196112)
(0.000262737 -0.00282803 0.00310474)
(-0.000685362 -0.00305714 0.00316272)
(0.000435082 -0.00321466 0.00390622)
(-0.000884154 -0.00331206 0.00386777)
(0.000300389 -0.00324842 0.00409806)
(-0.000204046 -0.0027478 0.00276776)
(-0.000507554 -0.00157324 0.000596336)
(-4.4844e-05 -0.000979795 0.000624976)
(-0.000800769 -0.00162115 0.000548849)
(2.67141e-05 -0.000878448 0.000686246)
(-4.88759e-06 -0.00108591 0.0008787)
(-0.000230922 -0.00141613 0.000934602)
(-0.00224363 -0.00292899 0.00288714)
(-0.00175297 -0.00328214 0.00434113)
(-0.00256986 -0.0031223 0.00408347)
(-0.00134237 -0.00290919 0.00305294)
(-0.00271482 -0.00308871 0.00354849)
(-0.00144523 -0.00325016 0.00372684)
(0.00146924 -0.00448987 0.00717062)
(0.000847591 -0.00427065 0.00643894)
(0.00138194 -0.00459278 0.00758506)
(0.000771515 -0.00453922 0.00753265)
(0.00133226 -0.00428431 0.0066871)
(0.000691462 -0.00442465 0.00707494)
(0.00459525 -0.00137429 0.023436)
(0.00275646 -2.81446e-05 0.0266169)
(0.00199264 0.000985819 0.0257345)
(0.00599117 -0.00294868 0.0269565)
(0.00373837 -0.00179508 0.0254602)
(0.00456072 -0.00213806 0.0261744)
(0.000596432 -0.0035489 0.011885)
(0.00145358 -0.00401262 0.0120664)
(0.000886479 -0.00412434 0.0110687)
(0.00133173 -0.00430965 0.0117766)
(0.00091625 -0.00357891 0.012341)
(5.76996e-06 -0.00358968 0.010852)
(-0.00977712 -0.00154664 0.0104849)
(-0.0103326 -0.000925164 0.0119181)
(-0.0127727 -0.000379884 0.0141562)
(-0.012583 -0.000365485 0.011585)
(-0.011163 -0.0013619 0.0103264)
(-0.0117697 0.000222944 0.0130947)
(-0.00699085 5.77159e-05 0.0148262)
(-0.00957239 0.000684392 0.0140209)
(-0.0070348 -0.000417556 0.0128804)
(-0.0072671 -0.000714195 0.0115534)
(-0.0085383 0.000665549 0.0154598)
(-0.00940358 -0.000317105 0.0126835)
(-0.00525763 -0.00274148 0.00609821)
(-0.00421546 -0.00280534 0.00562202)
(-0.00532635 -0.00287085 0.00554905)
(-0.00369773 -0.00309806 0.00496816)
(-0.00427394 -0.00284656 0.00442925)
(-0.00387617 -0.00297336 0.00410064)
(0.00408064 -0.00443956 0.013292)
(0.00349275 -0.00440419 0.0130685)
(0.00346139 -0.00426232 0.0124427)
(0.00393838 -0.00431535 0.0141307)
(0.00387243 -0.00421406 0.0137058)
(0.0035203 -0.00428504 0.0132325)
(0.00761724 -0.00568407 0.0244929)
(0.00852719 -0.00585686 0.0232787)
(0.00694591 -0.00493412 0.0186096)
(0.00892092 -0.00666174 0.0223491)
(0.00735876 -0.00604834 0.0216386)
(0.00639466 -0.00392969 0.0228802)
(0.00205104 -0.00489192 0.00825011)
(0.00211458 -0.00517413 0.00890157)
(0.00250456 -0.00489566 0.00817227)
(0.00261629 -0.00492672 0.00849397)
(0.00197526 -0.00477304 0.00779434)
(0.00254867 -0.00514923 0.00903508)
(0.00416218 -0.00489686 0.00911394)
(0.00385649 -0.00509302 0.00918917)
(0.00390013 -0.00527233 0.0093455)
(0.00413007 -0.00499357 0.0092119)
(0.00387728 -0.00505022 0.00896379)
(0.00383174 -0.00495427 0.00890006)
(0.00360017 -0.00523412 0.0112615)
(0.00392942 -0.0051985 0.0109445)
(0.00357968 -0.00519628 0.0106914)
(0.00355917 -0.00519958 0.0105737)
(0.00329759 -0.00485443 0.0111581)
(0.00350196 -0.0052549 0.0110174)
(0.00237056 -0.00524673 0.00998264)
(0.00265741 -0.00501916 0.00984271)
(0.00290793 -0.00530034 0.0108778)
(0.00224645 -0.00518672 0.00957061)
(0.00260744 -0.00547834 0.0105872)
(0.00273981 -0.00509419 0.00971542)
(0.00292758 -0.00554957 0.010242)
(0.00371913 -0.00540226 0.00977775)
(0.00357423 -0.0051143 0.00953807)
(0.00350616 -0.00513138 0.0092139)
(0.00372697 -0.00570074 0.0103149)
(0.00337191 -0.00517784 0.00968664)
(0.00390998 -0.00532154 0.00962615)
(0.00392415 -0.00547949 0.0100735)
(0.00879942 -0.00721499 0.0193222)
(0.0091688 -0.00937028 0.0208689)
(0.00788615 -0.00707633 0.0173244)
(0.00931094 -0.0077354 0.0226075)
(0.00920176 -0.00643223 0.021087)
(0.00900433 -0.00898046 0.0217942)
(0.00591527 -0.00543739 0.0153951)
(0.0049696 -0.00497166 0.0132763)
(0.00558057 -0.00497808 0.0138045)
(0.00473088 -0.00483698 0.0131947)
(0.00482429 -0.00459034 0.0135196)
(0.00516153 -0.00480662 0.0134487)
(0.00427649 -0.00384596 0.0153752)
(0.0041718 -0.00376676 0.0156915)
(0.00582118 -0.00428478 0.0189624)
(0.00512276 -0.00364014 0.0163292)
(0.00494715 -0.0043784 0.0156367)
(0.00488363 -0.00421473 0.0167164)
(0.00537096 -0.00579413 0.0117677)
(0.005172 -0.00561391 0.0113135)
(0.00500191 -0.00560494 0.0112349)
(0.00511022 -0.00577523 0.0114516)
(0.00511671 -0.00557306 0.0114382)
(0.0051446 -0.00632054 0.0117145)
(0.00549367 -0.00642817 0.012305)
(0.00564889 -0.00658217 0.012546)
(0.00597705 -0.00629947 0.0130753)
(0.00548062 -0.00633716 0.0123307)
(0.00554723 -0.00650462 0.0126817)
(0.00545316 -0.00657513 0.0122669)
(0.00320013 -0.00518559 0.0118258)
(0.0027759 -0.00508102 0.0105845)
(0.00276031 -0.00472959 0.0113677)
(0.0029441 -0.00520478 0.0111523)
(0.00300539 -0.00508145 0.0108698)
(0.00301622 -0.00490165 0.0111501)
(0.00291244 -0.00503064 0.0122902)
(0.00330026 -0.00483405 0.0131194)
(0.00201548 -0.00426039 0.0122783)
(0.0026569 -0.00468613 0.0129519)
(0.00295218 -0.0048036 0.012215)
(0.00176521 -0.00442943 0.0122147)
(0.00436469 -0.00527992 0.0109953)
(0.00426189 -0.00499305 0.0103026)
(0.00397469 -0.00502127 0.0107108)
(0.00384469 -0.00512579 0.0107645)
(0.00393428 -0.00504726 0.0104823)
(0.00359064 -0.00521282 0.0106379)
(0.0041558 -0.0051157 0.0116128)
(0.00405828 -0.005196 0.0114439)
(0.00406351 -0.00505737 0.0115457)
(0.00418699 -0.00502455 0.0114144)
(0.00382594 -0.00498845 0.0113205)
(0.00394895 -0.00496438 0.0108971)
(0.00351633 -0.00466113 0.0120689)
(0.00328012 -0.00450031 0.0121923)
(0.00375083 -0.00483608 0.0118748)
(0.00283893 -0.00455308 0.0118379)
(0.00340732 -0.00469523 0.01127)
(0.00334761 -0.00486016 0.0115206)
(0.00485303 -0.00561892 0.0118228)
(0.00424189 -0.00497358 0.0112686)
(0.00452829 -0.00533453 0.0110401)
(0.00485074 -0.00551558 0.011583)
(0.00457713 -0.00499607 0.0113173)
(0.00451863 -0.00533182 0.011446)
(0.004186 -0.00478104 0.0117284)
(0.00469178 -0.00525281 0.0126362)
(0.00456315 -0.00501374 0.0123101)
(0.00435479 -0.0047363 0.0119813)
(0.00395083 -0.00471821 0.0122027)
(0.00421647 -0.00501778 0.0122145)
(0.00347862 -0.00541142 0.0096661)
(0.00335267 -0.00525868 0.00943891)
(0.00371931 -0.00525099 0.00925901)
(0.00356519 -0.00531479 0.00938577)
(0.00331352 -0.00539607 0.00934447)
(0.0035914 -0.0052964 0.00973003)
(0.0038012 -0.0052916 0.00958965)
(0.00359807 -0.00533295 0.00949585)
(-0.0042607 -0.00204421 0.0104635)
(-0.00377446 -0.00283442 0.0091361)
(-0.00427154 -0.00260299 0.00788536)
(-0.00573287 -0.00218647 0.00828529)
(-0.00602016 -0.00193264 0.00993905)
(-0.00570265 -0.00173171 0.0108694)
(-0.00261644 -0.00256967 0.0112644)
(-0.00288483 -0.00301434 0.010458)
(-0.00109303 -0.00347221 0.0102097)
(-0.000666096 -0.0033063 0.012482)
(-0.000857247 -0.0033299 0.0107248)
(-0.00183596 -0.00292358 0.0126804)
(0.00223458 -0.00364577 0.00586729)
(0.0026276 -0.0033929 0.00601173)
(0.00227659 -0.00362734 0.00588423)
(0.00273826 -0.00373819 0.00642974)
(0.00276539 -0.00404557 0.00657062)
(0.00245539 -0.00328469 0.00578924)
(-0.00933327 -0.00602506 0.00690709)
(-0.0080957 -0.00570375 0.00626729)
(-0.00574922 -0.00558626 0.00551885)
(-0.00642143 -0.00556811 0.00491303)
(-0.00871161 -0.00298511 0.00704455)
(-0.0099692 -0.0034274 0.00794407)
(-0.00916015 -0.00373052 0.00630962)
(-0.00768034 -0.0039361 0.00596283)
(-0.00814503 -0.00337718 0.00523632)
(-0.0100519 -0.00291142 0.00801498)
(0.00212446 -0.00170902 0.0207227)
(0.00178448 -0.00165049 0.0177083)
(0.00535362 -0.00713284 0.0249262)
(0.00438214 -0.00519871 0.0234093)
(0.00199629 -0.00345011 0.0179965)
(0.00365477 -0.00313511 0.0245277)
(0.0053056 -0.00445036 0.0254812)
(0.00418394 -0.00602033 0.0105472)
(0.00426798 -0.00582423 0.0107168)
(-0.0115861 -0.00221793 0.00979277)
(-0.00658704 -0.00395945 0.00420885)
(-0.00537176 -0.00421622 0.00308068)
(-0.00613618 -0.00404178 0.00395009)
(-0.000452448 -0.0040072 0.0094866)
(-0.00186617 -0.00346935 0.00828678)
(-0.00124013 -0.00371662 0.00928341)
(-0.00105017 -0.00243355 0.0142295)
(-0.000136881 -0.00294547 0.0143184)
(-0.000517734 -0.00281191 0.0124864)
(-0.00242404 -0.00333331 0.00833396)
(-0.00404575 -0.00310219 0.00695878)
(-0.00291887 -0.00310742 0.00929367)
(-0.0038517 -0.00186728 0.0111722)
(-0.00365848 -0.00163286 0.0127281)
(-0.00175978 -0.00242347 0.0132425)
(-0.00308008 -0.00166346 0.0136886)
(0.00441126 -0.00490084 0.0119399)
(0.00533178 -0.00573682 0.0120954)
(0.0049096 -0.00531974 0.0123199)
(0.00507769 -0.00556965 0.0124082)
(0.00387919 -0.00462107 0.012388)
(0.00404574 -0.00490406 0.0111561)
(0.00421325 -0.004989 0.0116909)
(0.00376599 -0.00476836 0.0115793)
(0.00425466 -0.00485813 0.010573)
(0.00419986 -0.00511555 0.0108669)
(0.00428184 -0.00471093 0.0110096)
(0.0031071 -0.004302 0.0122906)
(0.00256235 -0.00509833 0.0118913)
(0.00298622 -0.00477404 0.0122715)
(0.00472384 -0.00527364 0.0107696)
(0.00449408 -0.00490662 0.0108505)
(0.00459069 -0.00513187 0.0112469)
(0.00513766 -0.00608606 0.0115211)
(0.00473087 -0.00560568 0.0106989)
(0.0052071 -0.0057776 0.0111146)
(0.00496936 -0.00641776 0.0112347)
(0.00549961 -0.00636709 0.0121053)
(0.00462807 -0.00538075 0.0109485)
(0.00519337 -0.00581072 0.012205)
(0.00495484 -0.00593505 0.0113184)
(0.00478165 -0.00610512 0.0111935)
(0.00501055 -0.00574298 0.0113655)
(0.0047855 -0.00550102 0.0109554)
(0.00612369 -0.00664511 0.0132832)
(0.00584572 -0.0065446 0.0129518)
(0.00646845 -0.00737908 0.0139982)
(0.00477797 -0.00476841 0.0120989)
(0.0055354 -0.00570233 0.012962)
(0.00493843 -0.00474372 0.0131125)
(0.00517805 -0.00487591 0.0131133)
(0.004278 -0.0043891 0.0127983)
(0.00486171 -0.004912 0.0147446)
(0.00629168 -0.00636364 0.0139328)
(0.00702998 -0.00763308 0.0154813)
(0.00653135 -0.00649752 0.0143117)
(0.00690875 -0.007314 0.0149248)
(0.00742719 -0.0076795 0.0161653)
(0.00521576 -0.00496076 0.0127256)
(0.00569062 -0.00562621 0.0127412)
(0.00780233 -0.00791113 0.0171163)
(0.00812511 -0.00814899 0.0181149)
(0.00750016 -0.00577666 0.0175358)
(0.00605249 -0.00399077 0.0179256)
(0.00380239 -0.00529146 0.010078)
(0.00396126 -0.00543086 0.0100552)
(0.00347042 -0.00540383 0.00972999)
(0.00276038 -0.00513957 0.0108463)
(0.00299086 -0.00512505 0.00921524)
(0.00284866 -0.00496583 0.00917405)
(0.00294585 -0.00510249 0.00924682)
(0.0032216 -0.00532002 0.00942781)
(0.00349817 -0.00501628 0.0103227)
(0.00364283 -0.00527666 0.0109767)
(0.00375644 -0.00505223 0.0107406)
(0.00359689 -0.00483015 0.0114251)
(0.00317269 -0.00498745 0.0113646)
(0.00367102 -0.00520462 0.010761)
(0.00352384 -0.00517958 0.0100826)
(0.00313904 -0.00513532 0.0090122)
(0.00318583 -0.00515443 0.00898822)
(0.003134 -0.00525661 0.00919118)
(0.00337008 -0.00527318 0.00917745)
(0.00369408 -0.00513095 0.008923)
(0.00364949 -0.00535668 0.00933898)
(0.00331251 -0.00517936 0.00894099)
(0.00335678 -0.0050787 0.00880987)
(0.00370771 -0.00512184 0.00901097)
(0.00364908 -0.00537699 0.00919283)
(0.00283375 -0.00461906 0.00766346)
(0.00281302 -0.00438169 0.00722148)
(0.00287932 -0.00463158 0.00751694)
(0.00291914 -0.004387 0.00747002)
(0.00322753 -0.00393904 0.00730585)
(0.00320445 -0.00371099 0.00720571)
(0.00343159 -0.00391 0.00747176)
(0.00361694 -0.00492266 0.0087241)
(0.0036905 -0.00502847 0.00871499)
(0.00378895 -0.00528326 0.00903002)
(0.00401064 -0.00519457 0.00931044)
(0.00356103 -0.00498906 0.00872388)
(0.00339554 -0.00450301 0.00797977)
(0.00330677 -0.00462362 0.00808181)
(0.00355194 -0.00462291 0.00830745)
(0.00256334 -0.00452935 0.00731215)
(0.00255774 -0.00426443 0.00694214)
(0.00211431 -0.00422185 0.00653703)
(0.00190864 -0.00443022 0.0068032)
(0.00188454 -0.00508541 0.00915857)
(0.00302654 -0.0050131 0.00859042)
(0.00291156 -0.00525145 0.00895591)
(0.00255862 -0.00513276 0.00912826)
(0.0027966 -0.00517823 0.00918362)
(0.00241638 -0.00460473 0.00744033)
(0.00246144 -0.00474392 0.00767881)
(0.00193843 -0.00450604 0.00708612)
(0.00181324 -0.0046069 0.0073386)
(0.00344485 -0.00473093 0.00821431)
(0.00346709 -0.0048748 0.00839258)
(0.00397046 -0.0052841 0.00916415)
(0.00372521 -0.00500014 0.00873201)
(-0.00587466 -0.00245461 0.00761837)
(-0.00706714 -0.00163319 0.0101396)
(-0.00937834 -0.000847988 0.0109949)
(0.00149316 -0.00452391 0.0121889)
(-0.000340203 -0.00365227 0.0106793)
(-0.000396865 -0.00388497 0.00976057)
(0.00577983 -0.00463782 0.0197864)
(0.00957149 -0.00853992 0.025333)
(0.00879744 -0.00680838 0.0229655)
(0.00506924 -0.00288433 0.0231447)
(0.00376442 -0.00410747 0.014546)
(0.0026086 -0.00318592 0.0159871)
(0.00315069 -0.00386286 0.0140535)
(0.00221349 -0.00378511 0.0136896)
(0.00333859 -0.00462571 0.0130655)
(0.00153729 -0.00380898 0.0121856)
(0.00193191 -0.00364297 0.0132048)
(0.00217997 -0.00341424 0.0159569)
(0.000429835 -0.00280422 0.0146911)
(0.00150879 -0.00356739 0.0140182)
(0.00176106 -0.00328025 0.0138291)
(-0.000471169 -0.00241042 0.0152182)
(-6.45528e-05 -0.001267 0.0184664)
(-0.00427301 -0.000109298 0.015632)
(-0.00263631 -0.00116268 0.015079)
(-0.00160335 -0.00132708 0.0156287)
(-0.0021834 7.7266e-06 0.0180456)
(-0.00354164 0.000298474 0.0173423)
(-0.000792806 -0.00141945 0.0176033)
(0.00137093 -0.00174571 0.0202709)
(0.00454116 -0.00403992 0.0200599)
(0.00360091 -0.00152004 0.0205253)
(0.00190756 -0.00119701 0.0202199)
(0.00306732 -0.00149572 0.0227762)
(0.00220318 -0.00486643 0.0111855)
(0.00195722 -0.00502245 0.0106533)
(0.0014834 -0.00451358 0.0111735)
(0.000212315 -0.00425959 0.0100328)
(0.000766765 -0.00459794 0.0111366)
(0.00153434 -0.00478827 0.0114591)
(-0.00029937 -0.00413858 0.00870999)
(-0.00087292 -0.00385565 0.00646631)
(-0.000666769 -0.00407444 0.00815373)
(-0.00129393 -0.00389181 0.00787994)
(-0.000396059 -0.00420044 0.00750223)
(0.00146365 -0.00403463 0.00605707)
(0.00150272 -0.0043584 0.00656381)
(-4.62003e-05 -0.00435832 0.00791152)
(0.000183872 -0.00448175 0.00784649)
(7.1171e-06 -0.00422869 0.00685291)
(0.00156352 -0.00478731 0.00805201)
(0.000710622 -0.00451767 0.00788948)
(-8.77746e-05 -0.00411295 0.00633309)
(-0.000705827 -0.00400049 0.00607866)
(0.000895067 -0.00386091 0.00554833)
(0.000813615 -0.0039564 0.00585533)
(0.000221893 -0.00385645 0.00567817)
(-0.000892775 -0.00359133 0.0050528)
(-0.000819376 -0.00363016 0.00465543)
(-0.00149285 -0.00334896 0.00483822)
(-0.00274887 -0.0032899 0.00503482)
(-0.0033359 -0.00307308 0.00354861)
(0.000955903 -0.00351868 0.00463572)
(0.000938849 -0.00337111 0.00438875)
(0.000737696 -0.00361176 0.00489755)
(-4.30125e-06 -0.00376947 0.00525135)
(-0.00114932 -0.00288872 0.00278147)
(-0.0104583 0.00211381 0.0179229)
(-0.0116088 0.00109646 0.0144858)
(-0.0113888 0.00180745 0.0163035)
(-0.00501421 0.00528479 0.0227336)
(-0.00514667 0.0046601 0.0200942)
(-0.00619432 0.00509159 0.0191527)
(-0.00597449 0.00551181 0.0212927)
(-0.0121809 0.00346648 0.0196283)
(-0.0103456 0.0031225 0.0192843)
(-0.00901155 0.00330199 0.0206955)
(-0.00878379 0.00440021 0.021688)
(-0.0106571 0.00465892 0.0223279)
(-0.0118271 0.00443161 0.0204049)
(-0.0104882 0.00585565 0.0217073)
(-0.0075978 0.00566165 0.0216671)
(-0.0117188 0.00577407 0.0215164)
(-0.00839488 0.00476877 0.0226017)
(-0.00761774 0.00433772 0.0233475)
(-0.00738947 0.00490247 0.0238628)
(-0.00544607 0.00446354 0.0243517)
(-0.00125855 0.000207518 0.0206758)
(-0.000411972 0.000654515 0.0218184)
(-0.0035499 0.00359259 0.0243195)
(-0.00403447 0.00305673 0.0249498)
(-0.006055 0.00374128 0.0230995)
(-0.00294418 0.00182911 0.0219863)
(-0.00180372 0.00132052 0.0242878)
(0.00202661 -0.00102535 0.0232117)
(0.000275884 0.000209245 0.022872)
(-0.00089059 0.00167161 0.0234864)
(-0.0046975 -0.000542745 0.0148262)
(-0.00496975 -0.000848734 0.0128981)
(-0.00570218 -0.000934746 0.0122436)
(-0.00368546 0.00412657 0.0197605)
(-0.00338394 0.00380154 0.0172969)
(0.00892924 -0.00666764 0.0271808)
(0.00771186 -0.00568598 0.0256975)
(0.00711092 -0.00489583 0.0279756)
(0.00700613 -0.00415693 0.0271611)
(0.007751 -0.00454274 0.0272481)
(0.00664689 -0.00377665 0.0243243)
(-0.00197338 0.00300353 0.0204646)
(-0.00243741 0.00238651 0.0237336)
(0.00565674 -0.0036527 0.0279389)
(0.00366974 -0.0008439 0.0258493)
(-0.00109967 0.00265663 0.020856)
(0.00332972 -0.00533311 0.0105892)
(0.00295739 -0.00557582 0.0111772)
(0.0030919 -0.00591329 0.0114343)
(0.0031142 -0.00541078 0.010873)
(0.00372675 -0.0049826 0.0105879)
(0.0026229 -0.00540693 0.0111268)
(0.00242868 -0.00562775 0.0118588)
(0.00261712 -0.0054033 0.0111109)
(0.0030988 -0.00368886 0.010279)
(0.00292144 -0.00378843 0.0106829)
(0.002934 -0.00395215 0.0107785)
(0.0026149 -0.00380454 0.0109368)
(0.00388478 -0.00404059 0.00988359)
(0.00386969 -0.00400078 0.00954742)
(0.00354417 -0.00370008 0.00915601)
(0.00348028 -0.00443613 0.0107378)
(0.00338393 -0.00442343 0.0105678)
(0.00352961 -0.00415571 0.010571)
(0.00331251 -0.00391224 0.0103699)
(0.00345306 -0.00373473 0.01022)
(0.00391914 -0.00342771 0.00958377)
(0.00367074 -0.00358001 0.00922672)
(0.0022275 -0.003518 0.010922)
(0.00335744 -0.00309686 0.0100241)
(0.00317336 -0.0037882 0.0106745)
(0.00250151 -0.00116001 0.00777662)
(0.00277853 -0.00194771 0.00793727)
(0.00364578 -0.00323252 0.00856374)
(0.00323983 -0.0024572 0.00812639)
(0.00384652 -0.00348286 0.00877874)
(0.00350979 -0.00324059 0.00788968)
(0.0026121 -0.00254545 0.00953716)
(0.00226071 -0.00114958 0.00791296)
(0.00241574 -0.00157447 0.00826256)
(0.00205772 -0.00236946 0.00994796)
(0.00396817 -0.00389323 0.00941563)
(0.00386491 -0.00389018 0.00900227)
(0.00387371 -0.00399549 0.00903154)
(0.00388229 -0.00409648 0.00869916)
(0.00396966 -0.00434225 0.00884038)
(0.00381786 -0.00509863 0.0104212)
(0.00335522 -0.00469507 0.0102097)
(0.00344638 -0.00484947 0.0103364)
(0.00356647 -0.00496864 0.0100734)
(0.00381542 -0.005121 0.0102725)
(0.00345341 -0.00449217 0.0104084)
(0.00421954 -0.00517099 0.0110186)
(0.00347435 -0.00456495 0.0104892)
(0.00395096 -0.00507133 0.0104164)
(0.00369905 -0.00421665 0.0108753)
(0.00372926 -0.00444365 0.0102292)
(0.0032414 -0.00410636 0.00979923)
(0.00353034 -0.00431216 0.0105731)
(0.00422816 -0.00476188 0.0104173)
(0.00438151 -0.00480842 0.0106843)
(0.00448872 -0.00437335 0.00986543)
(0.00435968 -0.00498258 0.0103323)
(0.00418468 -0.00458925 0.00968464)
(0.0043834 -0.00504408 0.00997879)
(0.000416008 0.00435004 0.00761189)
(-0.000147754 0.00609877 0.00865375)
(-0.00204428 0.00736335 0.00878352)
(-0.00141818 0.00714201 0.00933527)
(-0.00111525 0.00765441 0.0099121)
(-0.000311376 0.00588824 0.00852257)
(-0.000747006 0.00661067 0.00761929)
(-0.000101592 0.00490012 0.0064119)
(0.00060319 0.00408544 0.00435176)
(0.000397924 0.00346804 0.00629405)
(0.000469553 0.00425084 0.00680956)
(0.000776521 0.0032797 0.00513002)
(-0.00360013 -0.00392709 0.00207559)
(-0.00497294 -0.00444202 0.00291705)
(-0.00578535 -0.00470069 0.00356574)
(-0.00538938 -0.00497466 0.00391901)
(-0.00124223 -0.00273979 0.00399207)
(-0.000469223 -0.00220414 0.00257579)
(0.000828036 0.00266588 0.005433)
(0.000946698 0.00177786 0.00448127)
(0.000717306 0.00122003 0.00471138)
(0.000851081 0.00185079 0.00549905)
(0.000606488 0.000332803 0.00498623)
(-0.0166944 0.00155118 0.0176824)
(-0.0172294 0.00301922 0.0191082)
(-0.0117691 -0.00224987 0.0096843)
(-0.0129215 -0.0016815 0.010352)
(-0.014292 -0.000440374 0.0145517)
(-0.0140025 -0.00130936 0.0140696)
(-0.0150889 -0.00477785 0.011428)
(-0.0161517 0.00035202 0.0156345)
(-0.0155641 -0.000679043 0.0144031)
(-0.018153 -0.000198968 0.0163772)
(-0.0146867 -0.00281193 0.0119557)
(-0.0152457 -0.00198135 0.013004)
(-0.0206692 -0.00157473 0.0175618)
(-0.0182086 0.00103098 0.0175345)
(-0.0216287 0.000659705 0.0189943)
(-0.018822 0.00242309 0.0196842)
(-0.00111475 -0.00211644 0.000998508)
(-0.00580895 -0.00386944 0.00345091)
(0.000220514 -0.00068163 0.000852587)
(0.000372299 -0.000292584 0.00108821)
(0.000109891 -0.000908822 0.000964514)
(-0.000942542 -0.00194197 0.000592703)
(-0.000471202 -0.0014896 0.000590447)
(-0.000209132 -0.00147617 0.00189458)
(-0.0013376 -0.00252713 0.0015505)
(-0.000751351 -0.00196089 0.00139961)
(8.79409e-05 -0.000937309 0.00101567)
(-0.000368785 -0.00146962 0.00123806)
(0.000392421 -0.000523011 0.00141678)
(0.000114017 -0.000921013 0.00156701)
(-0.00598329 -0.00342628 0.00340856)
(-0.00675471 -0.00317589 0.0042823)
(-0.00470867 -0.00298846 0.0043465)
(-0.00504517 -0.00326559 0.00311275)
(-0.00535703 -0.00305604 0.00317576)
(-0.00359744 -0.00298717 0.00186161)
(-0.00434909 -0.00313621 0.00204766)
(-0.0186256 0.00341588 0.0204514)
(-0.0179966 0.00447809 0.0209238)
(0.00316343 -0.00534835 0.0106049)
(0.0037813 -0.00605615 0.0110782)
(0.00325246 -0.00545808 0.0104873)
(0.00321046 -0.00550677 0.0103142)
(0.00340475 -0.00594831 0.0108898)
(0.00339244 -0.00589179 0.0110385)
(0.0031098 -0.00566382 0.010917)
(0.00326163 -0.00613564 0.0111242)
(0.00677978 -0.00716546 0.014397)
(0.0065554 -0.00728137 0.0146346)
(0.006753 -0.00888931 0.0156872)
(0.00657906 -0.00741145 0.01455)
(0.00939753 -0.00986962 0.022704)
(0.0103303 -0.00901153 0.0259861)
(0.00910005 -0.0103158 0.021319)
(0.00481734 -0.00591622 0.0109236)
(0.0051233 -0.00653642 0.0116418)
(0.00531454 -0.00647644 0.0118693)
(0.00505382 -0.00641509 0.0115994)
(0.00464969 -0.00635681 0.0112675)
(0.00549014 -0.00655991 0.0122919)
(0.0024652 -0.00559397 0.0117715)
(0.00285573 -0.006577 0.0128114)
(0.00283695 -0.0072608 0.0133439)
(0.00192995 -0.00493883 0.0122974)
(0.0022864 -0.00530801 0.0117933)
(0.00145283 -0.00444516 0.0119573)
(0.000825324 -0.00504688 0.0118928)
(0.00164557 -0.00367775 0.0119141)
(-4.56189e-05 0.000274976 0.0171721)
(0.000269577 -0.00185962 0.0143883)
(-0.0129595 0.00662914 0.0140556)
(-0.0110216 0.0106196 0.0138099)
(-0.0128238 0.00745432 0.0137123)
(-0.0116882 0.00862098 0.0135086)
(-0.0120203 0.00967968 0.0141532)
(-0.000701072 0.000573723 0.00839254)
(-0.000895179 -0.00196634 0.00413809)
(0.00107404 -0.00335274 0.0150442)
(-0.000777401 -0.00293028 0.00925569)
(0.000719875 -0.00493402 0.0154728)
(-0.000187732 -0.0046367 0.0123879)
(0.00220516 -0.00693895 0.019583)
(0.0047142 -0.0105529 0.0234589)
(0.00606703 -0.00980762 0.026138)
(0.00371404 -0.0075572 0.021824)
(0.00866964 -0.013023 0.0229892)
(0.00675543 -0.0118405 0.0269158)
(0.00873272 -0.0128958 0.027447)
(0.00831492 -0.0142349 0.0254677)
(0.00350287 -0.0143636 0.0252358)
(-0.00433574 -0.0132315 0.022527)
(-0.0013472 -0.00854826 0.0174068)
(-0.00204836 -0.0138789 0.0224724)
(-0.000330183 -0.0136911 0.0232186)
(0.00144968 -0.0146751 0.0239282)
(0.000641317 -0.00801447 0.0156049)
(-0.000359993 -0.00842395 0.0157197)
(0.00084482 -0.00785439 0.0142732)
(0.0066726 -0.0132265 0.022212)
(0.00212327 -0.0152366 0.0240059)
(0.003789 -0.0140566 0.0219469)
(0.0019244 -0.00889853 0.0157077)
(0.00281564 -0.0103174 0.0165902)
(0.00263136 -0.00854956 0.0145216)
(0.00240903 -0.00785715 0.0137355)
(0.00280907 -0.00982256 0.0159556)
(0.00395712 -0.0106636 0.0171623)
(0.00391057 -0.0136 0.0215866)
(0.00508882 -0.0126892 0.0200214)
(0.00377809 -0.0116054 0.0176831)
(0.00461776 -0.0124995 0.0190514)
(-0.00738656 -0.00776661 0.01924)
(-0.00824022 -0.00980015 0.0194502)
(-0.0137849 -0.00419708 0.013321)
(-0.00349296 -0.00455971 0.00747814)
(-0.013389 -0.00498154 0.012235)
(-0.0111989 -0.00583786 0.0127125)
(-0.00548558 -0.00657785 0.0100405)
(-0.00604156 -0.00591044 0.00959649)
(-0.00655137 -0.00730069 0.0131852)
(-0.00914723 -0.00799825 0.0149055)
(-0.0111309 -0.0047789 0.00955805)
(-0.0125785 -0.00451133 0.0104635)
(-0.0109499 -0.000939238 0.0164872)
(-0.012029 -0.00269969 0.0172141)
(-0.0115781 -9.03302e-05 0.0166392)
(-0.0128186 -0.000803686 0.0160625)
(-0.0134758 0.000234586 0.0159421)
(-0.0135051 0.00190069 0.0150834)
(-0.0148812 -0.000324071 0.0152192)
(-0.0169143 0.00386911 0.0144062)
(-0.0140271 0.00296982 0.0150771)
(-0.013774 0.00550945 0.0148735)
(-0.0151375 0.00499177 0.0141759)
(-0.0136231 0.00470094 0.0145985)
(-0.0158487 -0.00142779 0.0140774)
(-0.0168781 0.000648161 0.0129388)
(-0.0145542 -0.0029516 0.012336)
(-0.0155739 -0.00196483 0.0136801)
(-0.0166169 -0.000565126 0.0126009)
(0.00444885 -0.00656064 0.0114192)
(0.00454413 -0.00663866 0.0114701)
(0.00444488 -0.00613674 0.0110221)
(0.00423664 -0.00636258 0.0111596)
(0.0045544 -0.00630869 0.0114228)
(0.00456887 -0.00627157 0.0111525)
(0.00591156 -0.00852125 0.0144243)
(0.00672462 -0.00869274 0.0156236)
(0.00674961 -0.00935252 0.0162229)
(0.00621846 -0.00852217 0.0147083)
(0.00402177 -0.0062194 0.0111761)
(0.00403415 -0.00624857 0.0111794)
(0.00350721 -0.00605572 0.0109729)
(0.00377765 -0.00630163 0.0112493)
(0.0032236 -0.00698222 0.0122564)
(0.00586907 -0.00892576 0.015119)
(0.00608886 -0.00925657 0.0153814)
(0.00561041 -0.0116393 0.0181966)
(0.00332645 -0.00903421 0.01441)
(0.00467303 -0.00858616 0.0142024)
(0.00470611 -0.00769757 0.0129111)
(0.00473202 -0.00853681 0.0135525)
(0.00522596 -0.00898674 0.0146158)
(0.000578944 -0.000440927 0.00118351)
(0.00105291 0.000822906 0.00213129)
(0.000476782 9.5535e-05 0.00123721)
(0.00277237 -0.00331819 0.00619369)
(0.00282221 -0.00230097 0.00632211)
(0.00111843 0.000198283 0.00230463)
(0.00106045 0.000125396 0.00198398)
(0.000696635 -0.000169847 0.00139948)
(-0.000277243 -0.00184412 0.00136275)
(-0.00019808 -0.00248028 0.00241769)
(0.000696447 -0.000774865 0.00161396)
(0.000524728 -0.00160072 0.00192488)
(9.19339e-05 -0.00180674 0.00177936)
(0.00015822 -0.00228313 0.00218676)
(0.000700756 -0.00227373 0.00272171)
(0.00071389 -0.00284798 0.00323534)
(0.001259 -0.00303381 0.00422802)
(0.00119753 -0.00267529 0.00380182)
(0.00169032 -0.00311738 0.00466479)
(0.00230625 -0.00305432 0.00547119)
(0.00188646 -0.00294441 0.00475601)
(0.00133226 0.000464276 0.00308626)
(0.0013457 0.000595795 0.00336799)
(0.00172013 -0.000358457 0.00388059)
(0.00164758 -0.000195806 0.0037289)
(0.00139504 0.00012898 0.0038068)
(0.00161522 0.000661821 0.00440046)
(0.00156007 0.000512704 0.00446618)
(0.00360287 -0.00546387 0.0104378)
(0.00348458 -0.005483 0.0105737)
(0.00340835 -0.00507094 0.0100667)
(0.00456662 -0.00559639 0.0105928)
(0.00344769 -0.00569506 0.0103853)
(0.00414947 -0.00630372 0.0109248)
(0.00377067 -0.00616534 0.0109292)
(0.00418134 -0.00570959 0.0102198)
(0.00366047 -0.0056223 0.0106464)
(0.00370958 -0.00548958 0.0102595)
(0.0040729 -0.00578122 0.0109402)
(0.00372282 -0.00564751 0.0104468)
(0.00360654 -0.00547593 0.01032)
(0.00476146 -0.00579957 0.0107861)
(0.00415385 -0.00500332 0.00913308)
(0.00433533 -0.00428537 0.00934227)
(0.00410846 -0.0050308 0.0092765)
(0.00450477 -0.00465376 0.00996301)
(0.00450951 -0.00466365 0.00948121)
(0.0042402 -0.0052803 0.00933573)
(0.00728028 -0.00855146 0.0257922)
(0.00769528 -0.0103819 0.0269322)
(0.00860525 -0.0117318 0.0269243)
(0.00879653 -0.011419 0.0257985)
(0.00964004 -0.00989496 0.0274674)
(0.0078089 -0.00833073 0.0258372)
(-0.0106742 0.00883159 0.0136709)
(-0.007648 0.00845798 0.0118438)
(-0.0101012 0.00773133 0.01322)
(-0.0112042 0.00681927 0.0142167)
(-0.0090175 0.00794658 0.012911)
(0.000669045 0.00336482 0.00393183)
(0.000892794 0.00243664 0.00373522)
(0.000664208 0.00297336 0.0029601)
(-0.0041952 0.00487023 0.00924053)
(-0.00379056 0.00453052 0.00976842)
(-0.0049811 0.00557903 0.011161)
(-0.0043021 0.00631331 0.00942943)
(0.000403412 0.00355028 0.00472537)
(0.000518152 0.00325129 0.00491532)
(-0.000387852 0.00549974 0.00509321)
(-0.00459139 0.00816533 0.0100731)
(-0.00596472 0.00814845 0.0112226)
(-0.00454478 0.00677855 0.0103817)
(-0.0058621 0.00731202 0.0103063)
(-0.00235943 0.00706903 0.00795647)
(-0.00405382 0.00758183 0.00915351)
(-0.00369327 0.00735352 0.00969407)
(-0.000700678 0.00377592 0.00549744)
(-0.000236776 0.00303502 0.00552786)
(0.000433022 0.00238407 0.00381696)
(0.000443877 0.00259152 0.00476021)
(0.00112923 0.00056095 0.00421991)
(0.0012353 0.00109712 0.00451041)
(0.000603414 0.00180771 0.00453752)
(-0.0054637 0.00186817 0.0121625)
(0.000871333 0.00114481 0.004563)
(0.00113504 0.00087649 0.0047625)
(0.000723171 0.00157477 0.00583596)
(0.000822322 0.00132001 0.00587843)
(0.000826349 -0.000505532 0.00845471)
(0.000940704 -0.00142416 0.00973226)
(-0.00897673 0.00113118 0.0143043)
(-0.00942591 6.05599e-05 0.0158139)
(-0.00778418 0.00201596 0.0132339)
(-0.00671715 0.00122549 0.0129542)
(-0.00189693 -0.00665747 0.0150567)
(-0.00188011 -0.00656414 0.0163852)
(-0.00179461 -0.000719893 0.0119362)
(0.000329886 -0.00316797 0.0116759)
(-0.00011757 -0.00166353 0.0108025)
(-0.00121028 -0.0048926 0.0141208)
(-0.00122308 -0.00409506 0.0135437)
(-0.00230342 -0.00475826 0.0144435)
(-0.00196139 -0.00450059 0.0151382)
(-0.00344988 -0.00374279 0.0154029)
(-0.00409732 -0.00236918 0.0144071)
(-0.00357472 -0.00158097 0.013684)
(-0.00829503 -0.000715049 0.0149137)
(-0.00554757 -0.000739826 0.0137514)
(-0.0067873 0.000141667 0.0140966)
(-0.00559426 -0.00173429 0.0144178)
(-0.00832755 -0.00213226 0.0159588)
(-0.00607782 -0.00294114 0.0156128)
(-0.00314758 -0.0059881 0.0164588)
(-0.00416143 -0.0046184 0.0158256)
(-0.00569733 -0.00596309 0.0182564)
(-0.00580613 -0.00401404 0.0158275)
(-0.000201835 0.000767455 0.0081172)
(-0.00147507 0.000753397 0.0104258)
(-0.00338274 0.00218123 0.0101308)
(-0.00285248 0.00342292 0.00879983)
(-0.000315622 0.00282766 0.00674501)
(-0.000122109 0.00191472 0.00715492)
(0.000146357 0.00180279 0.00654731)
(-0.00104414 0.00301011 0.00710259)
(-0.00255637 0.00637219 0.00836431)
(-0.00188461 0.00610592 0.00822481)
(-0.000912063 0.00581223 0.00679659)
(-0.00191207 0.00476998 0.00767604)
(-0.00293797 0.0049049 0.00874965)
(-0.00244296 0.00564069 0.00798507)
(-0.00326643 0.00599256 0.00852425)
(-0.00150476 0.00542177 0.00688971)
(0.000133431 0.00421593 0.00543214)
(-0.000807551 0.00512004 0.00635701)
(-0.00117645 0.00441828 0.00666338)
(-0.00821648 0.00667463 0.011848)
(-0.0061206 0.00557131 0.0109192)
(-0.00678399 0.00654293 0.0116156)
(-0.00688538 0.00495435 0.0118342)
(-0.012082 0.00491054 0.0147957)
(-0.00881739 0.00513256 0.0124451)
(-0.0112289 0.0060913 0.0135612)
(-0.0091167 0.00596395 0.01329)
(-0.00637024 0.00411086 0.0118178)
(-0.00748835 0.00315412 0.0123511)
(-0.00782579 0.00345759 0.0135881)
(-0.0102653 0.00211006 0.0153309)
(-0.0095269 0.00333574 0.0138322)
(-0.0115181 0.00147154 0.01541)
(-0.00988846 0.00422952 0.0140842)
(-0.0124278 0.00256486 0.0153573)
(-0.0119954 0.00412314 0.0145506)
(0.000927143 -0.00226172 0.00286657)
(0.00178154 -0.00250326 0.00430184)
(0.00134657 -0.00214483 0.00340903)
(0.00127214 -0.00250692 0.00364588)
(0.00196317 -0.00238653 0.00440181)
(0.00187791 -0.00166081 0.00397956)
(0.00147063 -0.00164065 0.00328491)
(0.00132025 -0.000489339 0.00266368)
(0.000919306 -0.00158842 0.00235078)
(0.00126823 -0.00143387 0.00280545)
(0.00167656 -0.000655942 0.00343111)
(0.0018199 -0.000829714 0.00340048)
(0.00154572 -0.00137464 0.00321776)
(0.00199343 -0.00176646 0.00427212)
(0.00226859 -0.0021818 0.00493847)
(0.0018616 -0.000714643 0.00369248)
(0.000812001 0.00129373 0.00208094)
(0.000789784 0.00202771 0.00266146)
(0.000933882 0.0014027 0.00253005)
(0.000694765 0.00212346 0.00287564)
(-0.0116889 -0.00639854 0.0147964)
(-0.00972278 -0.00720524 0.0153349)
(-0.0101696 -0.00807679 0.0172546)
(-0.0124376 -0.00360785 0.0161506)
(-0.0144104 -0.00298218 0.0148667)
(-0.0141151 -0.0028608 0.0167218)
(-0.0123324 -0.00552917 0.0154351)
(-0.0138767 -0.00395857 0.0145175)
(-0.00920791 -0.00768744 0.0190835)
(-0.0111052 -0.0074137 0.0175747)
(-0.0123079 -0.00645947 0.0176992)
(-0.00994916 -0.00643656 0.0192509)
(-0.0121617 -0.00512633 0.0166221)
(0.000246378 -0.00979129 0.0173514)
(0.0010737 -0.00967456 0.016333)
(0.00202887 -0.0104602 0.0171213)
(0.00276716 -0.0130987 0.0202273)
(0.00276007 -0.0125221 0.0193471)
(0.00191195 -0.0110622 0.0176764)
(-0.00325151 -0.0106257 0.0209192)
(-0.0015386 -0.00928679 0.0181101)
(0.00279755 -0.0127052 0.0233049)
(0.00467761 -0.0145246 0.0261607)
(-0.000429711 -0.0132406 0.0225519)
(-0.0011647 -0.0126943 0.0214055)
(-0.00281573 -0.00596223 0.0109586)
(-0.00291909 -0.00893357 0.0162868)
(-0.00365636 -0.00647928 0.0121057)
(-0.00202581 -0.011204 0.0192874)
(-0.00183156 -0.00599157 0.0117282)
(-0.000540866 -0.00546759 0.0124846)
(0.00313899 -0.010391 0.022838)
(0.00237145 -0.0110074 0.0227812)
(0.00216593 -0.00872248 0.0209084)
(0.000374931 -0.0091714 0.0194685)
(-0.000765881 -0.0081012 0.0167885)
(-0.0146406 -0.00267292 0.0118712)
(-0.013936 -0.00367052 0.0107646)
(-0.015816 -0.00143627 0.0120052)
(0.00031432 -0.00593606 0.0140667)
(-2.7322e-05 -0.00695793 0.0146039)
(-0.000222303 -0.00659235 0.0150239)
(-0.000628069 -0.00564103 0.0143545)
(0.00516392 -0.00757586 0.0128364)
(0.004596 -0.00674803 0.0115856)
(0.00513687 -0.00710071 0.0124522)
(0.00456671 -0.0071751 0.0123029)
(0.00504249 -0.00703409 0.0121126)
(0.00569065 -0.00747793 0.0131345)
(0.00757582 -0.0129559 0.0208041)
(0.00589522 -0.0108252 0.0166521)
(0.00748058 -0.0116754 0.0198144)
(0.00680097 -0.0109727 0.0182029)
(-0.0208249 0.00181054 0.0194332)
(-0.0198508 0.0024002 0.0209297)
(-0.00188254 -0.00293629 0.00149145)
(-0.00266048 -0.00309331 0.00171393)
(-0.000561045 -0.00170552 0.000977744)
(-0.000359987 -0.00144994 0.00118931)
(-0.0011929 -0.00217784 0.00145569)
(-0.000758582 -0.00168899 0.00101887)
(-0.00127418 -0.0022255 0.0011066)
(-0.00172026 -0.00271377 0.00148044)
(-0.00419476 -0.00387834 0.0028686)
(-0.00317217 -0.00345688 0.00212746)
(-0.00477795 -0.00372885 0.0025535)
(-0.00259166 -0.00320735 0.00182359)
(-0.0041608 -0.00338402 0.00213594)
(-0.00313249 -0.00336204 0.00165117)
(-0.00444691 -0.00518658 0.00491125)
(-0.0095527 0.00973666 0.013002)
(-0.00778889 0.0092083 0.0126039)
(-0.00761327 0.0103987 0.0130085)
(-0.00949447 0.0104343 0.0140748)
(0.00065581 0.000117441 0.00290138)
(0.000827671 0.000918782 0.00312148)
(0.000467394 -0.000245296 0.00191021)
(0.000360414 -0.000657731 0.00226137)
(0.00108411 0.00227127 0.00395038)
(0.000915572 0.00153501 0.0028028)
(0.000770527 0.00033462 0.00236342)
(0.00204568 -0.00408181 0.00627133)
(0.0016202 -0.00400669 0.00592047)
(0.00152896 -0.00355074 0.00523073)
(0.00169836 -0.00366017 0.00528326)
(0.00160711 -0.000874049 0.00763949)
(0.00130189 0.000708326 0.00566633)
(0.0017873 -0.000350612 0.0061247)
(0.00197573 -0.000628907 0.0072492)
(0.00264782 -0.00161934 0.00673565)
(0.00244284 -0.000672868 0.0067068)
(0.00259304 -0.00127474 0.00743055)
(0.00191659 -0.000264217 0.0051062)
(0.00272749 -0.00395714 0.0107381)
(0.00264947 -0.00401815 0.0109889)
(0.00338841 -0.0047366 0.0111552)
(0.00293422 -0.00421389 0.0110642)
(0.00314653 -0.00466918 0.010645)
(0.00233894 -0.00533875 0.0123078)
(0.00202232 -0.00510123 0.0112998)
(0.00206056 -0.0046715 0.0111799)
(0.00277559 -0.00531919 0.0112629)
(0.00326374 -0.00548167 0.0110563)
(0.00263116 -0.00512511 0.0111692)
(0.00308587 -0.00488578 0.0111267)
(0.00296593 -0.00493357 0.0104453)
(-0.00114971 0.00170924 0.0257894)
(0.000254647 0.00148655 0.026506)
(0.0012571 0.000756958 0.0238736)
(-0.000572395 0.00205128 0.0246953)
(-0.00731721 0.00265352 0.0200419)
(-0.00502364 0.00146337 0.018563)
(-0.00620067 0.00253631 0.0220944)
(-0.00434839 0.00164422 0.0211782)
(-0.00619832 0.00041565 0.0156423)
(-0.00567264 0.000872466 0.0180581)
(-0.00870903 0.00173322 0.0169394)
(-0.0076509 0.00192086 0.0188203)
(-0.0135372 0.00593207 0.0209675)
(-0.0141637 0.00125802 0.015552)
(-0.0147003 0.000690988 0.0162526)
(-0.0132287 0.00212014 0.0170049)
(-0.0133488 0.00317984 0.0177697)
(-0.0155379 0.00213427 0.0171359)
(-0.0151854 0.00325831 0.0185788)
(-0.000697212 -0.00225092 0.00157213)
(-0.000848011 -0.00258701 0.0019202)
(-0.00128143 -0.00242049 0.00133193)
(-0.00127494 -0.00260973 0.0020508)
(-0.00273271 -0.00340664 0.00693639)
(-0.00168543 -0.00366992 0.00636723)
(-0.00185325 -0.00351482 0.00568883)
(-0.00277554 -0.00325115 0.00726065)
(-0.00187862 -0.00367427 0.00712459)
(-0.00276598 -0.00345026 0.00574386)
(0.00187818 -0.00483022 0.0101507)
(0.0018315 -0.00482704 0.00960656)
(0.00146187 -0.00457811 0.0101508)
(0.00026442 -0.00444555 0.00864216)
(0.000176052 -0.00436354 0.00906893)
(0.00030286 -0.0045669 0.00990381)
(0.00134673 -0.00468124 0.00991224)
(0.00221144 -0.0019891 0.0189697)
(0.00296894 -0.00234546 0.0189329)
(0.00426836 -0.00451985 0.0176283)
(0.00248814 -0.00308085 0.0163594)
(0.00083655 -0.00291643 0.0156507)
(0.00161718 -0.00307076 0.0164567)
(0.0022931 -0.00328286 0.0169078)
(0.000192655 -0.00239428 0.0155551)
(0.00156683 -0.00193513 0.0172084)
(0.0011977 -0.00256237 0.0173418)
(-0.00753448 -0.00174909 0.00879441)
(-0.00680425 -0.00247202 0.0081822)
(-0.0084883 -0.00154272 0.00911813)
(-0.00870159 -0.00230902 0.00630719)
(-0.00922886 -0.00213889 0.0088447)
(-0.00839767 -0.0017995 0.00777517)
(-0.00564692 -0.00299763 0.00448555)
(-0.0067723 -0.00286512 0.00479941)
(-0.00745053 -0.00263732 0.00606273)
(-0.00699566 -0.00237541 0.00667561)
(-0.00646428 -0.00256817 0.00679285)
(-0.00585794 -0.00296182 0.00628645)
(-0.00579233 -0.00273916 0.00448925)
(0.00373297 -0.00560539 0.010446)
(0.00338478 -0.00542036 0.0104022)
(0.00363415 -0.00540417 0.0106491)
(0.00349818 -0.00534402 0.0108109)
(0.00361761 -0.00536034 0.0106899)
(0.00301482 -0.005231 0.00963477)
(0.00335654 -0.00531172 0.00993542)
(0.00317098 -0.00538843 0.00970609)
(0.00320263 -0.00530623 0.0101296)
(0.0032178 -0.0051292 0.0105985)
(0.00295009 -0.0052034 0.0105916)
(0.00309186 -0.00512978 0.00985672)
(0.0031621 -0.00526995 0.0100411)
(0.00273826 -0.00514635 0.0106087)
(0.00303407 -0.00525471 0.0106253)
(0.0065554 -0.00545175 0.0168023)
(0.00605967 -0.00465672 0.0164703)
(0.0055647 -0.00493475 0.0157925)
(0.00634741 -0.00588843 0.0162819)
(0.00630855 -0.00562328 0.0143349)
(0.00548336 -0.00541009 0.013081)
(0.00632818 -0.00557435 0.0151058)
(0.0066112 -0.00607249 0.0155732)
(0.00727297 -0.00751184 0.0163464)
(0.00742099 -0.0066416 0.0162787)
(0.00728845 -0.00668858 0.0165927)
(0.00670244 -0.00630952 0.0149787)
(0.00712324 -0.00709692 0.0165387)
(0.00708047 -0.00649169 0.0171016)
(0.00505644 -0.00528313 0.0112538)
(0.00541455 -0.00552085 0.0122242)
(0.00460806 -0.00496643 0.010773)
(0.00508573 -0.00542535 0.0121653)
(0.00536822 -0.00566546 0.0123306)
(0.00524516 -0.00549084 0.0123819)
(0.00525623 -0.00584409 0.0119041)
(0.00558695 -0.00558543 0.013271)
(0.00582621 -0.00579031 0.0133976)
(0.00546505 -0.00584655 0.0127759)
(0.0055808 -0.00572518 0.0119917)
(0.00553719 -0.00610904 0.0125662)
(0.00584344 -0.00626664 0.0133809)
(0.00456334 -0.00551494 0.0109216)
(0.004193 -0.00491036 0.010764)
(0.00504873 -0.00590871 0.0118848)
(0.00368639 -0.00527758 0.0102069)
(0.00389765 -0.00526366 0.0104154)
(0.00383735 -0.00349915 0.008446)
(0.00396928 -0.00390495 0.00905616)
(0.003551 -0.00395826 0.00796212)
(0.00338039 -0.00424033 0.00745634)
(0.00329501 -0.00401834 0.00737842)
(0.00364936 -0.00392993 0.0080995)
(0.00320669 -0.00346673 0.0069402)
(0.00320085 -0.00418689 0.00747305)
(0.0033779 -0.00314897 0.00723443)
(0.00311433 -0.00296974 0.00659617)
(0.00323612 -0.00332562 0.0068853)
(0.00373872 -0.00329325 0.00785993)
(-0.0137393 -0.00330891 0.00817866)
(-0.0132094 -0.00458704 0.0106882)
(-0.0118308 -0.00541996 0.00811492)
(-0.0107066 -0.00581816 0.00835639)
(-0.00796078 -0.00450796 0.00434392)
(-0.00719311 -0.0048484 0.00467637)
(-0.00850811 -0.00523582 0.00561804)
(-0.0101088 -0.00522432 0.00696173)
(-0.0112199 -0.00324901 0.00859664)
(-0.0122379 -0.00407462 0.00815136)
(-0.00906747 -0.00418515 0.00572977)
(-0.0107461 -0.00463783 0.00652889)
)
;
    }
    INLET
    {
        type            calculated;
        value           nonuniform 0();
    }
    OUTLET
    {
        type            calculated;
        value           nonuniform 0();
    }
    procBoundary28to27
    {
        type            processor;
        value           uniform (0 0 0);
    }
    procBoundary28to29
    {
        type            processor;
        value           uniform (0 0 0);
    }
}


// ************************************************************************* //
