/*--------------------------------*- C++ -*----------------------------------*\
| =========                 |                                                 |
| \\      /  F ield         | OpenFOAM: The Open Source CFD Toolbox           |
|  \\    /   O peration     | Version:  v1612+                                |
|   \\  /    A nd           | Web:      www.OpenFOAM.com                      |
|    \\/     M anipulation  |                                                 |
\*---------------------------------------------------------------------------*/
FoamFile
{
    version     2.0;
    format      ascii;
    class       volVectorField;
    location    "100";
    object      wallShearStress;
}
// * * * * * * * * * * * * * * * * * * * * * * * * * * * * * * * * * * * * * //

dimensions      [0 2 -2 0 0 0 0];

internalField   uniform (0 0 0);

boundaryField
{
    WALL
    {
        type            calculated;
        value           nonuniform List<vector> 
1532
(
(0.00755526 -0.00899122 0.00788532)
(0.00579388 -0.00936181 0.00744215)
(0.00641023 -0.0151428 0.000655156)
(0.0109271 -0.00989047 0.00220526)
(0.0109658 -0.0108429 0.00181745)
(0.00554647 -0.00713685 0.00387109)
(0.00512644 -0.0071081 0.00471172)
(0.00933155 -0.0136212 0.00928413)
(0.00866495 -0.0140929 0.00964209)
(0.00419038 -0.00783657 0.00517463)
(0.00837619 -0.00762865 0.00379707)
(0.00806513 -0.00732003 0.00446099)
(0.0116955 -0.00983354 0.00247401)
(0.0119109 -0.010921 0.00242256)
(0.0116114 -0.0107788 0.00203128)
(0.0113951 -0.0122746 0.00178433)
(0.010862 -0.0119418 0.00136486)
(0.0102345 -0.0125594 0.00118412)
(0.00475466 -0.00790337 0.0054062)
(0.0050498 -0.00748901 0.00526193)
(0.00714273 -0.0144991 0.00965778)
(0.00641228 -0.0157168 0.00972138)
(0.00931298 -0.0141718 0.00884871)
(0.00805682 -0.014407 0.00924597)
(0.00838029 -0.0128674 0.00962671)
(0.00881161 -0.0129201 0.00924471)
(0.0102803 -0.00873097 0.00302689)
(0.0107462 -0.00954598 0.00237488)
(0.00930546 -0.0155041 0.00074325)
(0.00867181 -0.0153942 0.00150117)
(0.0109565 -0.0135377 0.00180573)
(0.0111731 -0.0124149 0.00193425)
(0.0110298 -0.0118219 0.00146681)
(0.011284 -0.0108999 0.00163903)
(0.0111189 -0.0119406 0.0014683)
(0.0107535 -0.0128568 0.00164145)
(0.00835725 -0.0138343 0.000796678)
(0.00990748 -0.0140952 0.000559623)
(0.00746656 -0.0116381 0.00930103)
(0.00784696 -0.00981985 0.00864579)
(0.00738587 -0.0100607 0.00165636)
(0.00785155 -0.0106082 0.00161899)
(0.00781994 -0.00985142 0.00183155)
(0.00779008 -0.00941679 0.00230012)
(0.00748278 -0.00913012 0.00245569)
(0.00735133 -0.00944244 0.002174)
(0.00287932 -0.0197324 0.00801937)
(0.00272684 -0.0184472 0.00564442)
(0.002352 -0.0184629 0.00624815)
(0.00253408 -0.0198985 0.00746512)
(0.00389911 -0.0192912 0.00793517)
(0.00399234 -0.0201955 0.0070718)
(0.0104158 -0.00824551 0.0035742)
(0.0106661 -0.00803614 0.00386902)
(0.0108142 -0.00840548 0.00325035)
(0.0104157 -0.00848784 0.00307966)
(0.0102433 -0.00776796 0.00387054)
(0.0107587 -0.00882521 0.00284677)
(0.0116633 -0.0069167 0.00461707)
(0.011173 -0.00704948 0.00430311)
(0.0111654 -0.00730509 0.00360988)
(0.0107422 -0.00663259 0.00467288)
(0.011304 -0.00708051 0.00376925)
(0.0115842 -0.00759743 0.00370444)
(0.00569609 -0.00878646 0.00695733)
(0.00461367 -0.0105494 0.00712315)
(0.00547976 -0.0103328 0.00741961)
(0.00531121 -0.0104599 0.00750483)
(0.0054302 -0.00961128 0.0074042)
(0.00565091 -0.0093531 0.00712673)
(0.00721829 -0.0161526 0.00084404)
(0.00570959 -0.0167555 -0.000193456)
(0.00668378 -0.0165559 0.00091989)
(0.00573787 -0.0175171 0.00128326)
(0.00518568 -0.0172586 0.000421266)
(0.00562446 -0.0175918 0.00129238)
(0.00562811 -0.0176089 0.0105284)
(0.00567332 -0.0165702 0.0101726)
(0.00520812 -0.0163744 0.0102456)
(0.00525665 -0.0165379 0.0107084)
(0.00671175 -0.0168585 0.0108083)
(0.00600544 -0.00770031 0.00371734)
(0.00524078 -0.00739693 0.00404191)
(0.00593982 -0.00745044 0.00372679)
(0.00522502 -0.00754765 0.00430505)
(0.00571383 -0.00758878 0.00444644)
(0.00567684 -0.00767765 0.00378652)
(0.00648006 -0.0113042 0.00102225)
(0.00656933 -0.0105536 0.00119235)
(0.00232246 -0.0160261 0.00378646)
(0.000893564 -0.0155988 0.00418293)
(0.00141718 -0.0167452 0.00558768)
(0.00173794 -0.0149442 0.00562682)
(0.0026752 -0.016516 0.00476011)
(0.00258482 -0.0151456 0.00533793)
(0.00617913 -0.0156837 0.00125288)
(0.00788754 -0.0155815 0.00252895)
(0.00612478 -0.0159188 0.00241746)
(0.00715962 -0.0154755 0.00104966)
(0.00710686 -0.0173682 0.00252298)
(0.00857081 -0.0166735 0.00456514)
(0.00898981 -0.0167464 0.00399811)
(0.00891905 -0.0151704 0.00397797)
(0.00763025 -0.0176038 0.00461212)
(0.00754558 -0.0153041 0.00448596)
(0.00841305 -0.0155486 0.00269191)
(0.00898325 -0.00808903 0.00834217)
(0.00885976 -0.00914745 0.00841587)
(0.00920704 -0.00828904 0.00867349)
(0.00920576 -0.00843227 0.00847418)
(0.00870133 -0.0097914 0.00924931)
(0.00884787 -0.00892477 0.00861585)
(0.00935765 -0.00833099 0.00868317)
(0.0100676 -0.00813191 0.00852753)
(0.00986619 -0.00735159 0.00809187)
(0.00873862 -0.00986437 0.00873801)
(0.00882729 -0.011066 0.00940886)
(0.0086089 -0.00902592 0.00867034)
(0.00819141 -0.0108662 0.00814992)
(0.00796301 -0.00969754 0.00864008)
(0.00849242 -0.0105349 0.0090568)
(0.00756429 -0.0100433 0.00829989)
(0.00854782 -0.0113677 0.00872827)
(0.00712062 -0.0100444 0.00823675)
(0.0105361 -0.00805814 0.00647647)
(0.0102557 -0.00802121 0.00701477)
(0.0105373 -0.00769879 0.00595926)
(0.0106721 -0.00756977 0.00596331)
(0.0105117 -0.00759503 0.00655069)
(0.0103337 -0.00807179 0.00713048)
(0.0105958 -0.00923138 0.00749206)
(0.0109323 -0.0089376 0.00705746)
(0.0106748 -0.00869613 0.00674639)
(0.00935753 -0.00900998 0.00829403)
(0.0101709 -0.00881289 0.00772371)
(0.0116097 -0.00750595 0.00513283)
(0.0116546 -0.00763836 0.00581111)
(0.0108924 -0.0074681 0.00655117)
(0.0110682 -0.00744461 0.00556731)
(0.0105086 -0.00688242 0.00594601)
(0.010788 -0.00738461 0.00621413)
(0.0110143 -0.00674749 0.00578373)
(0.0116722 -0.00678373 0.00557901)
(0.0112307 -0.00675076 0.00579665)
(0.0112313 -0.00671965 0.00476932)
(0.0109183 -0.00668732 0.00533852)
(0.0125422 -0.0084233 0.00381812)
(0.0122753 -0.00865131 0.00314573)
(0.0116243 -0.00740662 0.00411224)
(0.011928 -0.00774516 0.00452365)
(0.0121323 -0.00805772 0.0041823)
(0.0118337 -0.00827211 0.00345977)
(0.00946918 -0.0132822 0.00159057)
(0.00932387 -0.0130634 0.00187591)
(0.00787834 -0.0137883 0.00231649)
(0.00914749 -0.0144476 0.00250696)
(0.00919333 -0.0133473 0.0027435)
(0.00949936 -0.0131236 0.00233216)
(0.0119056 -0.00929466 0.00261152)
(0.0115758 -0.0100587 0.00210636)
(0.0112938 -0.0104665 0.00181272)
(0.0117707 -0.00938893 0.002409)
(0.0117179 -0.00981077 0.00246049)
(0.0116024 -0.0104636 0.00205942)
(0.0105039 -0.00935383 0.0072623)
(0.00902476 -0.00973093 0.00831768)
(0.00961035 -0.0103141 0.00864878)
(0.00958907 -0.0103296 0.00893435)
(0.0106218 -0.00946477 0.00793018)
(0.00956417 -0.00945181 0.00804612)
(0.00886418 -0.0161316 0.00022775)
(0.00873662 -0.0172527 0.000313406)
(0.0083388 -0.0176339 0.000469731)
(0.00862182 -0.0171796 0.000619629)
(0.00833219 -0.014807 0.000346194)
(0.009735 -0.0152236 0.0013461)
(0.0108988 -0.0123563 0.00121648)
(0.00990718 -0.0141178 0.000525414)
(0.0105116 -0.0123798 0.000965448)
(0.0109245 -0.0133802 0.00203593)
(0.0110573 -0.0123355 0.00143622)
(0.00819363 -0.0145322 0.00156665)
(0.00832421 -0.014467 0.00215947)
(0.00871085 -0.0144482 0.00185959)
(0.00968032 -0.0151442 0.00160921)
(0.00960514 -0.0149454 0.001414)
(0.00791212 -0.0135132 0.00102951)
(0.0107855 -0.013056 0.000795168)
(0.0100623 -0.0137101 0.000627438)
(0.010861 -0.0141122 0.00149396)
(0.0110468 -0.0125328 0.00151659)
(0.0107618 -0.0121977 0.00148716)
(0.00990305 -0.0143361 0.000525502)
(0.0105753 -0.0148581 0.000986157)
(0.00731992 -0.0140113 0.00620517)
(0.00782128 -0.0132092 0.00735773)
(0.00747219 -0.0143776 0.00510706)
(0.00769154 -0.0157103 0.0056577)
(0.00812645 -0.0149622 0.00742839)
(0.00823264 -0.0142871 0.0065182)
(0.0112815 -0.0136803 0.0026326)
(0.00991611 -0.0140545 0.00304182)
(0.0102737 -0.0136888 0.00292408)
(0.0100278 -0.0139122 0.00233635)
(0.0110583 -0.0144878 0.00212804)
(0.0109172 -0.0141892 0.00176035)
(0.0101706 -0.011857 0.00895248)
(0.00907227 -0.0104077 0.00856475)
(0.00844269 -0.0114917 0.00917025)
(0.00915499 -0.0122002 0.0095421)
(0.00906669 -0.0105121 0.00819506)
(0.00699705 -0.0140399 0.0101128)
(0.00670953 -0.0133823 0.010124)
(0.00663155 -0.0144237 0.00989894)
(0.00783454 -0.0131806 0.00983206)
(0.00787698 -0.0132464 0.0102021)
(0.00635487 -0.0135814 0.0097545)
(0.00577267 -0.0201946 0.00380004)
(0.00534112 -0.018612 0.0047202)
(0.00521781 -0.0190329 0.00528826)
(0.00433589 -0.0178923 0.00322201)
(0.00408028 -0.018349 0.00388936)
(0.00556967 -0.0196296 0.00389798)
(0.00539225 -0.0149669 0.00901171)
(0.0057467 -0.015731 0.0084645)
(0.00507567 -0.0140646 0.00856732)
(0.00527109 -0.0149041 0.00830082)
(0.00520238 -0.0159657 0.0078307)
(0.004472 -0.017006 0.00815224)
(0.00578335 -0.0188419 0.00358318)
(0.00573931 -0.0184631 0.00402759)
(0.00584127 -0.0191297 0.0053209)
(0.00520747 -0.0177679 0.00420199)
(0.0055007 -0.0191509 0.00505709)
(0.00638075 -0.0184266 0.00360033)
(0.0107124 -0.0146275 0.00239131)
(0.0100181 -0.016673 0.00207136)
(0.0109067 -0.0161444 0.00318447)
(0.0100894 -0.0149818 0.00194631)
(0.0109748 -0.0158147 0.00162591)
(0.00915039 -0.0142722 0.00170037)
(0.00664933 -0.014399 0.00629338)
(0.00756048 -0.0161122 0.00665578)
(0.00838064 -0.0153386 0.00502115)
(0.00687695 -0.0137667 0.0052772)
(0.00761761 -0.0176218 0.00478369)
(0.0077922 -0.0157889 0.00566009)
(0.0075185 -0.015752 0.00334185)
(0.00810889 -0.0149297 0.00340726)
(0.00877687 -0.0143188 0.00408541)
(0.0093618 -0.015608 0.00344254)
(0.00970485 -0.0150366 0.0040251)
(0.00889961 -0.0153863 0.00505132)
(0.00919941 -0.0155358 0.00123052)
(0.00884732 -0.0135088 0.000644273)
(0.00900867 -0.0166901 0.000363255)
(0.00881519 -0.013429 0.00107877)
(0.00657386 -0.0152225 0.000469096)
(0.00931847 -0.0163809 0.000531664)
(0.0073156 -0.014735 0.000471913)
(0.00758329 -0.0128659 0.000439496)
(0.00787373 -0.0147755 0.00131757)
(0.00767758 -0.0181263 0.00123732)
(0.00699982 -0.0178214 0.0024751)
(0.00803852 -0.0174622 0.000931798)
(0.00757201 -0.0169208 0.00224611)
(0.00672107 -0.0175714 0.00168791)
(0.00887271 -0.0173262 0.00171588)
(0.00604073 -0.018857 0.00237216)
(0.00642447 -0.0181436 0.00113344)
(0.00660499 -0.0188838 0.00193967)
(0.00637317 -0.016947 0.00193572)
(0.00694582 -0.0165692 0.00179271)
(0.00616263 -0.0196086 0.00243758)
(0.0100295 -0.0121388 0.00101464)
(0.0106741 -0.014187 0.00105901)
(0.00966443 -0.0145063 0.00126987)
(0.00966554 -0.0142146 0.00114342)
(0.0103107 -0.0129324 0.0013952)
(0.00991313 -0.0138053 0.00131616)
(0.00867195 -0.01146 0.00871754)
(0.00839922 -0.0121963 0.00951504)
(0.0101174 -0.0124921 0.00898503)
(0.00872616 -0.0122753 0.00952257)
(0.00920916 -0.0119935 0.00856374)
(0.00818159 -0.0134809 0.00999187)
(0.00832425 -0.0139914 0.0099913)
(0.00717412 -0.0132136 0.00993039)
(0.00535687 -0.014734 0.00984965)
(0.00514491 -0.0158709 0.00973881)
(0.00622052 -0.015687 0.0106427)
(0.00682431 -0.0151691 0.0103988)
(0.00574707 -0.0140626 0.00967142)
(0.00575497 -0.0157278 0.00997162)
(0.00937062 -0.0135516 0.00280071)
(0.0101779 -0.0134918 0.00251511)
(0.0104141 -0.0138798 0.00278394)
(0.0081934 -0.0145927 0.00361366)
(0.00847663 -0.0147438 0.0048168)
(0.007235 -0.0132384 0.00469574)
(0.00798988 -0.0145721 0.00377356)
(0.00834307 -0.014488 0.00348704)
(0.00696461 -0.013341 0.0036772)
(0.00723004 -0.0152982 0.00586559)
(0.00606098 -0.014174 0.00474577)
(0.00629717 -0.0120218 0.00638967)
(0.00623735 -0.0124418 0.00538435)
(0.00696872 -0.0149444 0.00715806)
(0.00683365 -0.0139195 0.00590407)
(0.00669267 -0.0100538 0.00789415)
(0.00673521 -0.00990141 0.00797208)
(0.0067209 -0.00888951 0.00772249)
(0.00607681 -0.00974082 0.00725674)
(0.00694337 -0.00901837 0.00738999)
(0.006817 -0.00872401 0.00744697)
(0.00718399 -0.0085409 0.00752019)
(0.00600735 -0.010035 0.00780153)
(0.0101224 -0.0171861 0.00106676)
(0.009919 -0.0161713 0.00159798)
(0.010484 -0.0158454 0.00174731)
(0.0101026 -0.0155154 0.00163203)
(0.0100643 -0.0174232 0.000930412)
(0.0109141 -0.0159517 0.00244143)
(0.00947272 -0.0148988 0.00874419)
(0.0105751 -0.0148566 0.00736939)
(0.0103685 -0.0146222 0.0075927)
(0.00186095 -0.0185542 0.00221661)
(0.00217964 -0.0184951 0.00288576)
(0.00149628 -0.018947 0.00215971)
(0.00173822 -0.0185242 0.00136429)
(0.00275713 -0.0204099 0.0012611)
(0.00271552 -0.0195264 0.0015554)
(0.00576344 -0.0181401 -0.000132016)
(0.00553322 -0.0175744 0.000333338)
(0.00523676 -0.0190563 0.0014863)
(0.00451813 -0.0201162 0.000337656)
(0.00404278 -0.020013 0.000455591)
(0.00456795 -0.018219 -0.0004073)
(0.00214785 -0.0161433 0.00481388)
(0.00327308 -0.0161061 0.0054834)
(0.0023159 -0.0151522 0.0054908)
(0.00357745 -0.0169517 0.00508074)
(0.00309113 -0.0157004 0.00625406)
(0.00278358 -0.0150038 0.006102)
(0.00106918 -0.0143332 0.00577576)
(0.00131576 -0.0157738 0.00568077)
(0.000211728 -0.0149345 0.00559706)
(0.000652701 -0.0136928 0.0060349)
(0.00141882 -0.0140858 0.00655716)
(0.00132762 -0.013625 0.00649428)
(0.00692791 -0.0102208 0.00123396)
(0.00727839 -0.00994705 0.00170551)
(0.00698477 -0.0110428 0.0010523)
(0.00701506 -0.0103028 0.00152978)
(0.00734254 -0.0117594 0.000872449)
(0.00695939 -0.00958139 0.00172171)
(0.00635324 -0.00852647 0.0024426)
(0.00639945 -0.0083711 0.0030204)
(0.00647046 -0.00917796 0.0021073)
(0.00594825 -0.00806884 0.00299981)
(0.00604667 -0.00872629 0.00194562)
(0.00584063 -0.00810959 0.00242096)
(0.00626213 -0.0131126 0.000890447)
(0.00501692 -0.0144118 4.69053e-05)
(0.002417 -0.0112067 0.0068799)
(0.00194903 -0.0126941 0.00701543)
(0.00193757 -0.0121916 0.00676815)
(0.00259688 -0.0107869 0.00637831)
(0.00288132 -0.0106518 0.00664316)
(0.00211538 -0.0113902 0.00659291)
(0.00319978 -0.00921693 0.00611306)
(0.00371774 -0.00864355 0.00573278)
(0.00398747 -0.00832625 0.00554048)
(0.00288095 -0.00964185 0.00634609)
(0.0107052 -0.0155585 0.00363988)
(0.0104869 -0.0171347 0.00268382)
(0.0103262 -0.0153038 0.00313881)
(0.00592799 -0.0148642 0.00991471)
(0.00769984 -0.0165034 0.0108532)
(0.00704384 -0.0168309 0.0105287)
(0.00613025 -0.0163256 0.0101321)
(0.00608982 -0.0144578 0.01005)
(0.00704293 -0.0151337 0.0101879)
(0.00855932 -0.0136971 0.00955762)
(0.00999057 -0.0132809 0.00856469)
(0.00924098 -0.0135215 0.00915751)
(0.00741442 -0.0135865 0.00935842)
(0.00791494 -0.014027 0.00985198)
(0.00841161 -0.0140343 0.00930683)
(0.0054197 -0.0182719 0.00208419)
(0.00667658 -0.0186873 0.00204813)
(0.00501856 -0.0178344 0.00173504)
(0.00503575 -0.0189559 0.00294767)
(0.00655405 -0.0194626 0.00351801)
(0.00631311 -0.0195755 0.00155653)
(0.00640558 -0.0131133 -3.72113e-06)
(0.0071015 -0.0170543 0.000426874)
(0.00599407 -0.0173002 1.80404e-05)
(0.00816109 -0.0164422 0.000845105)
(0.00649917 -0.0139901 0.000391291)
(0.00694688 -0.016042 0.00093892)
(0.0095972 -0.0167175 0.000831942)
(0.0105828 -0.0159198 0.000887847)
(0.00892762 -0.0170903 -0.000124369)
(0.0108718 -0.017037 0.000814254)
(0.0102455 -0.0154597 0.00125818)
(0.00966812 -0.0165631 0.000697085)
(0.00990181 -0.0169101 0.000131997)
(0.00837737 -0.0169725 -0.000775231)
(0.00834257 -0.0167637 -0.000348274)
(0.00911304 -0.0174611 -0.000242734)
(0.0092888 -0.0162664 -0.000239416)
(0.0102409 -0.0162301 0.000629245)
(0.00664486 -0.0171043 0.00148306)
(0.0069374 -0.017207 0.000998248)
(0.0056353 -0.0168937 0.00140345)
(0.00751089 -0.0177481 0.00120002)
(0.00702821 -0.0168688 0.00241015)
(0.00615508 -0.0164843 0.00255345)
(0.00925905 -0.0158099 0.000200439)
(0.00768622 -0.0154862 -0.00060016)
(0.00710774 -0.0156112 -2.4491e-05)
(0.00935285 -0.0157744 -0.000394508)
(0.0092983 -0.0175225 0.000819039)
(0.00910677 -0.0164058 -0.000339206)
(0.00460746 -0.0164481 0.00383718)
(0.00454984 -0.0167121 0.00214647)
(0.00409798 -0.016211 0.00265727)
(0.00511978 -0.017863 0.00308023)
(0.00300644 -0.0164011 0.00391334)
(0.00402643 -0.0180366 0.00404008)
(0.00424234 -0.015874 0.00303577)
(0.00590899 -0.0166843 0.00357629)
(0.00371964 -0.017101 0.00356572)
(0.00627886 -0.0165865 0.00490865)
(0.00574659 -0.0158391 0.0028693)
(0.00374151 -0.0166687 0.00422349)
(0.00346798 -0.0120373 0.00709912)
(0.00374942 -0.0114641 0.00720535)
(0.00302436 -0.0136029 0.00674173)
(0.00330093 -0.012634 0.006658)
(0.00359216 -0.0120475 0.00710369)
(0.00337759 -0.0133691 0.00703765)
(0.00627045 -0.00814971 0.00622614)
(0.00629697 -0.00844299 0.00672003)
(0.00638078 -0.00817019 0.00679985)
(0.00578308 -0.0083776 0.00641414)
(0.00614762 -0.00788435 0.00623835)
(0.00458918 -0.00980721 0.0069174)
(0.00506288 -0.00929864 0.00692109)
(0.0049588 -0.010045 0.00713878)
(0.00537798 -0.00910478 0.00676652)
(0.00563228 -0.0087313 0.00671433)
(0.0042875 -0.0104773 0.00707825)
(0.00498596 -0.0126119 0.00720433)
(0.00437777 -0.0122563 0.00736375)
(0.0040336 -0.0125177 0.00676048)
(0.0043667 -0.0110969 0.00697226)
(0.00305853 -0.0132132 0.00658146)
(0.00598295 -0.00771496 0.00590309)
(0.00540213 -0.00767661 0.0058296)
(0.0055038 -0.00779997 0.00580562)
(0.00504742 -0.00822985 0.00640765)
(0.00500337 -0.00827983 0.00642404)
(0.0117841 -0.0104232 0.00250249)
(0.0112985 -0.00821082 0.00302249)
(0.0116279 -0.00936915 0.00231254)
(0.0119971 -0.00940679 0.00270668)
(0.0118262 -0.0100808 0.00236537)
(0.0117359 -0.00870963 0.00288918)
(0.0103121 -0.00644779 0.00550325)
(0.00974987 -0.00687353 0.00566294)
(0.0112481 -0.00715835 0.00542647)
(0.0106023 -0.00717738 0.00508941)
(0.0107692 -0.00681783 0.00614571)
(0.0101523 -0.00704548 0.00618808)
(0.00923579 -0.00746363 0.00412104)
(0.0093358 -0.0073503 0.00444149)
(0.008297 -0.00694906 0.00492709)
(0.00877587 -0.00712728 0.00391912)
(0.00918697 -0.00753371 0.0046608)
(0.008813 -0.00714235 0.00492839)
(0.00945188 -0.00677718 0.00530992)
(0.00986635 -0.00696103 0.00490226)
(0.00914328 -0.00676932 0.00572981)
(0.0101513 -0.00719815 0.0045265)
(0.00980154 -0.00719224 0.00491938)
(0.00996783 -0.0074355 0.00558133)
(0.00945994 -0.00771287 0.00310837)
(0.00987325 -0.00864812 0.00301608)
(0.00999112 -0.00891722 0.0026965)
(0.00941273 -0.00790939 0.00369773)
(0.00956194 -0.00784333 0.00408944)
(0.0113699 -0.00933198 0.00296649)
(0.0112014 -0.0107279 0.00190846)
(0.0111645 -0.00941095 0.00233923)
(0.0112245 -0.010827 0.00209112)
(0.0110884 -0.0101489 0.00199539)
(0.0110618 -0.0096747 0.0023515)
(0.0105485 -0.00914851 0.00230861)
(0.0106319 -0.0101785 0.00198411)
(0.0111434 -0.00746939 0.00432834)
(0.010755 -0.00764459 0.00391991)
(0.0112749 -0.00786055 0.00374493)
(0.0109381 -0.00800147 0.00343717)
(0.0107494 -0.00741344 0.00425301)
(0.0113924 -0.00839463 0.00348072)
(0.00218297 -0.0186193 0.00728335)
(0.00242167 -0.0192072 0.00664397)
(0.0025335 -0.0201875 0.00844296)
(0.0023258 -0.0191412 0.00610045)
(0.00449174 -0.0173248 0.00955536)
(0.00453985 -0.0170286 0.0100715)
(0.00481432 -0.0187887 0.00984998)
(0.0035272 -0.018918 0.00920681)
(0.00392319 -0.0181407 0.0103945)
(0.00267254 -0.0178173 0.00839398)
(0.00898293 -0.0134461 0.00954012)
(0.0097491 -0.0132769 0.00870248)
(0.00944386 -0.0120439 0.00862605)
(0.00997116 -0.0121038 0.00751551)
(0.00996849 -0.0124574 0.00811505)
(0.005727 -0.0131498 0.00660419)
(0.00632209 -0.0151248 0.00605723)
(0.0055997 -0.014918 0.00583291)
(0.00639867 -0.0145095 0.00681887)
(0.00523714 -0.0155166 0.0055368)
(0.00485697 -0.0136452 0.00577651)
(0.00631591 -0.0146578 0.00701124)
(0.00515438 -0.0157056 0.00658534)
(0.00574521 -0.0173945 0.00794117)
(0.0070671 -0.0166494 0.00840396)
(0.0063314 -0.017783 0.00716827)
(0.00594925 -0.0182142 0.0070254)
(0.00710824 -0.018903 0.00734976)
(0.00616419 -0.0169332 0.00755723)
(0.00496431 -0.0172698 0.00715226)
(0.00589084 -0.0185464 0.00654749)
(0.00661461 -0.0167601 0.00808213)
(0.00475991 -0.0177238 0.00645781)
(0.0121579 -0.00942437 0.00266262)
(0.012223 -0.00907654 0.00281931)
(0.0118562 -0.0101137 0.00218305)
(0.00699713 -0.00840213 0.0028885)
(0.0073054 -0.00899908 0.00270584)
(0.00664772 -0.00817117 0.00322051)
(0.00640824 -0.00790827 0.0029291)
(0.00717112 -0.00844611 0.00341512)
(0.00686374 -0.00859344 0.00260922)
(0.00711353 -0.00782858 0.00310756)
(0.0070015 -0.00793621 0.00352442)
(0.00725334 -0.00790986 0.00357735)
(0.00750449 -0.00840609 0.0029386)
(0.00678629 -0.00762249 0.00370158)
(0.00723228 -0.00824127 0.00308222)
(0.00867304 -0.010086 0.00224573)
(0.00776804 -0.00851867 0.00281978)
(0.00788451 -0.00931819 0.00206107)
(0.00755974 -0.00865487 0.0025516)
(0.00776179 -0.00888727 0.00229895)
(0.0073108 -0.00863748 0.00285756)
(0.00685415 -0.00783877 0.00364189)
(0.00709147 -0.0115659 0.000750683)
(0.00774272 -0.0121721 0.00111407)
(0.00705735 -0.0142904 0.000505627)
(0.00773383 -0.0137276 0.000866119)
(0.00667709 -0.013166 0.000911374)
(0.00700728 -0.0124051 0.000757348)
(0.0115619 -0.0109807 0.00240742)
(0.0119265 -0.012215 0.00273042)
(0.00564916 -0.0164551 0.00568587)
(0.0107141 -0.0128281 0.00721546)
(0.010688 -0.0136137 0.00809924)
(0.0118562 -0.0136333 0.00585273)
(0.011155 -0.01322 0.00735301)
(0.0114275 -0.0132351 0.00591827)
(0.0108354 -0.0132533 0.00734467)
(0.0110936 -0.013486 0.00694002)
(0.00443737 -0.00755742 0.00472002)
(0.00441846 -0.00818138 0.00540719)
(0.00941829 -0.00743848 0.00537778)
(0.0088771 -0.00730994 0.00721733)
(0.00847672 -0.00724368 0.00679964)
(0.00869095 -0.0074832 0.00714273)
(0.00925224 -0.00729284 0.00720348)
(0.00957978 -0.00705907 0.00699708)
(0.00887168 -0.00682948 0.00599593)
(0.00892223 -0.00697674 0.00631722)
(0.00950463 -0.00708732 0.0067489)
(0.00911748 -0.00670642 0.00560225)
(0.0103902 -0.00708799 0.00463218)
(0.00835537 -0.00714306 0.00575791)
(0.0077904 -0.00698134 0.00570315)
(0.00852048 -0.00680572 0.00609034)
(0.00942383 -0.00727276 0.00629679)
(0.0088143 -0.00747136 0.00627347)
(0.00769683 -0.00729055 0.00647984)
(0.00771239 -0.00817822 0.00731086)
(0.00788609 -0.00720487 0.00664524)
(0.00861692 -0.00727071 0.00645111)
(0.00810154 -0.00759473 0.00677946)
(0.00729248 -0.00804839 0.00742445)
(0.00773263 -0.00782307 0.00729089)
(0.00810479 -0.0102834 0.00124122)
(0.00885802 -0.0115035 0.00128613)
(0.00862925 -0.0113807 0.00156199)
(0.009286 -0.0120165 0.000576939)
(0.00985252 -0.0112411 0.00182962)
(0.00964592 -0.0114882 0.00164009)
(0.00821772 -0.00914556 0.00249472)
(0.00836966 -0.00857057 0.00277417)
(0.00864213 -0.00902668 0.00340796)
(0.00851154 -0.00814952 0.00332732)
(0.00811633 -0.00797859 0.00365008)
(0.00883297 -0.0078094 0.00398936)
(0.0115268 -0.00911679 0.00285252)
(0.0118848 -0.00965214 0.00247668)
(0.0114429 -0.0102955 0.00209013)
(0.00844555 -0.00808923 0.00428847)
(0.00725082 -0.00753914 0.00482889)
(0.00778201 -0.00757029 0.00493394)
(0.0087476 -0.00785953 0.00454324)
(0.00839659 -0.00792924 0.00419019)
(0.0074247 -0.00723718 0.00440255)
(0.00648292 -0.00713112 0.00523597)
(0.00696399 -0.00762614 0.00497007)
(0.00738467 -0.00790221 0.00379619)
(0.00714096 -0.0078026 0.00440162)
(0.00786355 -0.00805988 0.00373652)
(0.00711878 -0.00757436 0.00468428)
(0.0072845 -0.00747522 0.00448936)
(0.00796305 -0.00787227 0.00420882)
(0.00643727 -0.00730649 0.00414019)
(0.00649989 -0.00734995 0.00388347)
(0.00537023 -0.0108666 0.00729682)
(0.00533763 -0.0134086 0.00759832)
(0.00560439 -0.0116562 0.00734295)
(0.00735251 -0.00719871 0.00632736)
(0.00786886 -0.00735393 0.00614992)
(0.00650853 -0.00824207 0.00687461)
(0.0072797 -0.00785663 0.00663799)
(0.00737754 -0.00743905 0.00632353)
(0.00591123 -0.00833025 0.00693855)
(0.00416332 -0.0117924 0.00751734)
(0.00523133 -0.0123745 0.00767838)
(0.00467486 -0.0105967 0.00732313)
(0.00562396 -0.00946347 0.00736356)
(0.00608863 -0.00862023 0.00693475)
(0.00653745 -0.00826794 0.00688121)
(0.00688497 -0.0078086 0.00663949)
(0.00579429 -0.0080851 0.00660132)
(0.00534609 -0.00803942 0.00661761)
(0.0049508 -0.00881679 0.00675996)
(0.0055899 -0.00825495 0.00624611)
(0.00635451 -0.00738451 0.00550638)
(0.00663195 -0.00797089 0.00642444)
(0.00740262 -0.00729613 0.00600301)
(0.00703973 -0.00777831 0.00645163)
(0.00780102 -0.00755705 0.0061383)
(0.00686113 -0.00758638 0.00576481)
(0.00718355 -0.00747205 0.00581136)
(0.0062832 -0.00740915 0.00608037)
(0.00827646 -0.00716203 0.005568)
(0.00798721 -0.00724346 0.00576515)
(0.00770803 -0.00746443 0.00505503)
(0.00721655 -0.00735059 0.00572159)
(0.00696369 -0.00732782 0.00543174)
(0.00831244 -0.00750969 0.00561)
(0.00885848 -0.00760492 0.00505331)
(0.00767586 -0.0072796 0.00515162)
(0.00869854 -0.00772961 0.0045835)
(0.00781052 -0.00727248 0.0046459)
(0.00390353 -0.0130993 0.00646593)
(0.0040816 -0.0103927 0.00711916)
(0.00405834 -0.0118094 0.00739723)
(0.00372709 -0.0149171 0.0063026)
(0.00360761 -0.0142489 0.00526962)
(0.00318523 -0.0153611 0.0061928)
(0.0043829 -0.0165789 0.00561235)
(0.0043771 -0.0168021 0.00448389)
(0.00692221 -0.00794122 0.00405163)
(0.00625311 -0.00782565 0.00411779)
(0.00629236 -0.00730126 0.0042989)
(0.0062559 -0.00752415 0.0047243)
(0.00572878 -0.00761152 0.00482187)
(0.00567637 -0.0177805 0.00343352)
(0.00480096 -0.0170602 0.00147122)
(0.00577749 -0.0170973 0.00192466)
(0.00648035 -0.0177717 0.00140106)
(0.00500118 -0.0183326 0.000551416)
(0.00703051 -0.0182022 2.06057e-05)
(0.00764482 -0.0176935 0.000886194)
(0.00993404 -0.0158508 0.000536809)
(0.00700706 -0.0162935 -2.95089e-05)
(0.00822712 -0.0177023 -0.000381182)
(0.0110696 -0.0172399 0.00113889)
(0.00613373 -0.0163529 -0.000151884)
(0.00598718 -0.0187621 0.000407331)
(0.00636277 -0.0186844 -0.000576737)
(0.00749067 -0.0174393 0.000258404)
(0.00852825 -0.0189836 0.000704339)
(0.00896763 -0.0169374 0.000479753)
(0.00834207 -0.0191102 0.000165874)
(0.00810601 -0.0180028 -0.000400441)
(0.00957442 -0.0175251 0.000180164)
(0.00826052 -0.0173997 5.82714e-05)
(0.00866996 -0.0179608 -0.000429617)
(0.00620244 -0.0173939 -0.000436262)
(0.00712598 -0.0183666 -0.000665062)
(0.00836252 -0.017686 7.96789e-05)
(0.0072544 -0.0195864 -0.000478604)
(0.00819382 -0.0196953 0.00045898)
(0.00530106 -0.0165762 0.00266458)
(0.0050311 -0.0135131 0.0080469)
(0.00348164 -0.0136324 0.00612862)
(0.00484792 -0.0130639 0.00681954)
(0.00517597 -0.0127203 0.00711123)
(0.00441272 -0.0129929 0.00696442)
(0.00493016 -0.0138686 0.00680916)
(0.00525448 -0.0143662 0.00639485)
(0.00362105 -0.0151755 0.00463014)
(0.00473296 -0.0165127 0.00585868)
(0.0052683 -0.0148358 0.00474101)
(0.00488967 -0.0165915 0.00589897)
(0.00405232 -0.0142957 0.00615829)
(0.00486502 -0.0143569 0.00674631)
(0.00419659 -0.0137884 0.00543237)
(0.0108337 -0.0153388 0.000609148)
(0.0113109 -0.0133409 0.00280859)
(0.0111284 -0.0136711 0.00203647)
(0.0109206 -0.0147037 0.00127222)
(0.0108202 -0.0149691 0.00133446)
(0.0109738 -0.0153388 0.00164331)
(0.010491 -0.0131496 0.00253246)
(0.0111319 -0.0150534 0.00236131)
(0.0107958 -0.01423 0.00205418)
(0.0105874 -0.0147904 0.00156623)
(0.0112029 -0.0137491 0.00234939)
(0.0114668 -0.0137972 0.00258241)
(0.0108762 -0.0129723 0.00275111)
(0.0107707 -0.0119538 0.00624958)
(0.011266 -0.0130014 0.00314268)
(0.0116732 -0.0130099 0.00480499)
(0.0115818 -0.0129962 0.00550147)
(0.0112513 -0.0128586 0.00388749)
(0.0108623 -0.0119087 0.0042242)
(0.0116275 -0.0131658 0.00363741)
(0.0108674 -0.0123592 0.00297311)
(0.011049 -0.011608 0.00474536)
(0.00375479 -0.0171497 0.0091992)
(0.00296392 -0.0191388 0.00874582)
(0.00887035 -0.0133031 0.00931567)
(0.00506716 -0.0163208 0.00922072)
(0.00552243 -0.0179403 0.0104751)
(0.00520948 -0.00895437 0.00669246)
(0.00541066 -0.00732104 0.00458689)
(0.00478992 -0.00776837 0.00506131)
(0.00518419 -0.00754601 0.0050416)
(0.00484309 -0.00788717 0.00536852)
(0.00458773 -0.00799805 0.00536412)
(0.0044117 -0.00794478 0.00541318)
(0.00583729 -0.00721864 0.00490118)
(0.00543966 -0.00722459 0.00509643)
(0.00557638 -0.00720705 0.00489917)
(0.00581527 -0.00710778 0.00472168)
(0.00488489 -0.00814236 0.00595186)
(0.00492662 -0.00780211 0.00568902)
(0.00517513 -0.00733407 0.00529774)
(0.00560643 -0.00738597 0.00504426)
(0.00485065 -0.00783361 0.00561743)
(0.00460215 -0.00803807 0.0056247)
(0.0051609 -0.00763398 0.00550861)
(0.00482257 -0.00750334 0.00508639)
(0.00459109 -0.00790091 0.00572478)
(0.00404875 -0.00858039 0.00586195)
(0.0033876 -0.00982427 0.00637013)
(0.0025954 -0.0100882 0.00628292)
(0.00448376 -0.00912343 0.00659401)
(0.00435987 -0.00836697 0.00608712)
(0.00385596 -0.00855492 0.0061295)
(0.00425636 -0.00835299 0.00599517)
(0.00356226 -0.00927125 0.00638423)
(0.00242074 -0.0111905 0.00679776)
(0.00245716 -0.0127814 0.00694694)
(0.00200063 -0.0123466 0.00653106)
(0.00613598 -0.0136665 0.000400224)
(0.00596208 -0.00762622 0.00326697)
(0.00708213 -0.0158576 0.000496704)
(0.0061953 -0.0131027 9.67191e-05)
(0.00722126 -0.0107264 0.00122541)
(0.00706164 -0.00898541 0.00210989)
(0.00652254 -0.0097998 0.00152429)
(0.0067947 -0.00890573 0.00214765)
(0.00709349 -0.0129671 0.00123242)
(0.0069499 -0.0117517 0.0011329)
(0.00721766 -0.0138144 0.000327412)
(0.00682001 -0.0121536 0.000539182)
(0.00560186 -0.00771247 0.00358709)
(0.00526528 -0.0165361 0.000447503)
(0.00241167 -0.018681 0.00443733)
(0.00279818 -0.0207011 0.00362297)
(0.00277951 -0.0202488 0.00550436)
(0.0118261 -0.00822512 0.00322509)
(0.0114175 -0.00858485 0.00273942)
(0.0120517 -0.00844124 0.00306813)
(0.0116966 -0.0091748 0.00253526)
(0.0119123 -0.0103038 0.00220487)
(0.00470043 -0.0184574 0.000774309)
(0.00572181 -0.0188909 0.00015513)
(0.00582444 -0.0191299 -0.000540263)
(0.00463066 -0.0185134 0.00135389)
(0.00487123 -0.0191875 0.00110188)
(0.00297901 -0.0190808 0.003615)
(0.00343754 -0.0176678 0.00253263)
(0.00481863 -0.0188979 0.00275311)
(0.00517117 -0.0168897 0.00118463)
(0.00511392 -0.0172633 0.00269852)
(0.0034405 -0.0182707 0.00189015)
(0.00308761 -0.0184659 0.00215426)
(0.00468292 -0.0192377 0.00167507)
(0.00463303 -0.0193294 0.00176713)
(0.00407208 -0.0192234 0.00241434)
(0.00356881 -0.010171 0.00714568)
(0.0033199 -0.00981812 0.00662391)
(0.0029252 -0.0106532 0.0068708)
(0.00295784 -0.011625 0.00703708)
(0.00348062 -0.0111184 0.00701163)
(0.00356037 -0.0114189 0.00711768)
(0.0029558 -0.0116094 0.00692203)
(0.00386874 -0.0106801 0.00728556)
(0.00237071 -0.0120352 0.00671879)
(0.00220832 -0.0128206 0.00667377)
(0.00240764 -0.0129172 0.00683)
(0.00233017 -0.0124897 0.00686865)
(0.00209855 -0.01397 0.00653543)
(0.00148029 -0.0121105 0.00639618)
(0.00150001 -0.0135322 0.00648988)
(0.00143256 -0.0130151 0.00658113)
(0.00275429 -0.0189011 0.00208808)
(0.0015367 -0.0137327 0.00574678)
(0.00154785 -0.0164 0.00489123)
(0.000590495 -0.0153849 0.00489353)
(0.000707426 -0.0150239 0.00563392)
(0.00202546 -0.0183223 0.00454786)
(0.00369663 -0.0165471 0.00306642)
(0.0040758 -0.0182108 0.00409528)
(0.00206438 -0.0163199 0.00358974)
(0.00261143 -0.0131005 0.00655553)
(0.00331019 -0.0133518 0.00706819)
(0.00312974 -0.0133458 0.00643996)
(0.00209911 -0.0144013 0.00643164)
(0.00347223 -0.01792 0.000891751)
(0.00291508 -0.019256 0.00144887)
(0.00324277 -0.0187736 0.000705856)
(0.00112266 -0.0172209 0.00338047)
(0.00160343 -0.01872 0.0029788)
(0.00363638 -0.0184264 0.00246877)
(0.00317633 -0.0181923 0.00151954)
(0.00355964 -0.0185977 0.0035399)
(0.00308045 -0.0198919 0.00110256)
(0.00695758 -0.0182958 -5.23835e-05)
(0.00657948 -0.0204749 0.000316215)
(0.00729733 -0.0156859 0.0101173)
(0.00734288 -0.0147101 0.00964871)
(0.0071159 -0.0147105 0.00966672)
(0.00861886 -0.0149284 0.00932827)
(0.00878618 -0.0151329 0.0099638)
(0.010539 -0.0147669 0.00863742)
(0.00939548 -0.0141514 0.00839693)
(0.00851913 -0.0139452 0.00899439)
(0.010167 -0.0148199 0.00876238)
(0.0106044 -0.0142865 0.00808301)
(0.0102258 -0.0138068 0.00816823)
(0.00946192 -0.0154571 0.00980377)
(0.0113806 -0.0146086 0.00725381)
(0.0114007 -0.0137175 0.00623246)
(0.0115388 -0.0145728 0.0067157)
(0.0105691 -0.0142304 0.00754831)
(0.00744046 -0.0164989 0.0038375)
(0.00572054 -0.016664 0.00342187)
(0.00481802 -0.0152285 0.0035152)
(0.00603093 -0.0143538 0.00503341)
(0.00600154 -0.0169664 0.00481761)
(0.00749765 -0.0143654 0.00430995)
(0.00843288 -0.016394 0.00433678)
(0.0053139 -0.0140873 0.00462393)
(0.00646092 -0.0171147 0.00505699)
(0.00663563 -0.0158157 0.00350319)
(0.00583808 -0.0148549 0.00261215)
(0.0062223 -0.0147724 0.00376078)
(0.00732914 -0.0141637 0.00434974)
(0.00947731 -0.0184943 0.000963711)
(0.00871541 -0.0194391 0.00100545)
(0.0104032 -0.0152836 0.0014434)
(0.00945244 -0.0188097 0.000339417)
(0.00839764 -0.0182687 -0.000252188)
(0.00947845 -0.0178718 0.00100256)
(0.00951249 -0.0165974 0.00116234)
(0.0109275 -0.0147813 0.00217401)
(0.0109385 -0.0150814 0.00212718)
(0.0116486 -0.0142791 0.00510854)
(0.0113145 -0.0142917 0.00345841)
(0.0108676 -0.0139423 0.0028814)
(0.0110961 -0.0137445 0.00331269)
(0.0113861 -0.0135252 0.00465373)
(0.0113338 -0.0137405 0.00435137)
(0.0109349 -0.0128624 0.00387314)
(0.011047 -0.0142417 0.00326626)
(0.0107213 -0.0147727 0.00272115)
(0.0108181 -0.0145179 0.00276832)
(0.0109212 -0.0145003 0.00702056)
(0.0114933 -0.0158538 0.00640903)
(0.0109713 -0.0147569 0.00534289)
(0.0108291 -0.0142706 0.00581414)
(0.0112283 -0.0156245 0.00394537)
(0.0114117 -0.0160046 0.00437727)
(0.0105022 -0.0156924 0.00210815)
(0.0105144 -0.0145605 0.00374457)
(0.0105369 -0.0149647 0.00281832)
(0.0107442 -0.0146205 0.00332112)
(0.0115082 -0.0142403 0.00477143)
(0.010548 -0.0138258 0.00417731)
(0.0112599 -0.0143027 0.00385385)
(0.0109089 -0.0142747 0.00382886)
(0.0111514 -0.0142023 0.00505713)
(0.0111347 -0.0140868 0.00570293)
(0.00789202 -0.00772343 0.00726814)
(0.00726501 -0.00795778 0.00735307)
(0.00527707 -0.0109015 0.00788285)
(0.00803752 -0.00805403 0.00742208)
(0.00824551 -0.00795034 0.00768669)
(0.00863056 -0.00791036 0.00763687)
(0.00589741 -0.0113842 0.00775684)
(0.00587948 -0.0118708 0.00777612)
(0.00553141 -0.0135913 0.00759396)
(0.00562987 -0.0111855 0.00678122)
(0.010495 -0.00645138 0.00511486)
(0.00991123 -0.00646578 0.00632148)
(0.0100417 -0.00670319 0.00659066)
(0.00766898 -0.015879 0.0053312)
(0.00679359 -0.0154174 0.00435465)
(0.00744162 -0.0150726 0.00600931)
(0.00651377 -0.0132627 0.00753339)
(0.00583487 -0.0144004 0.00668941)
(0.00589821 -0.0119483 0.00624247)
(0.00616723 -0.0134456 0.00753094)
(0.00623758 -0.0111572 0.00686789)
(0.00767223 -0.0117177 0.00648784)
(0.00691011 -0.0136595 0.00631539)
(0.0078636 -0.0154297 0.00613001)
(0.0067581 -0.0151091 0.00463918)
(0.00544884 -0.0156904 0.0096203)
(0.00537743 -0.0178573 0.0102643)
(0.004315 -0.0178828 0.00877431)
(0.00427022 -0.0162666 0.00888902)
(0.00445852 -0.0156553 0.00927824)
(0.00352263 -0.017228 0.00812099)
(0.00465367 -0.0178693 0.0101099)
(0.00399985 -0.0167216 0.00867561)
(0.00409809 -0.0186453 0.00901964)
(0.00451379 -0.01851 0.00925927)
(0.00503551 -0.0149889 0.00926643)
(0.00401263 -0.0165611 0.0080807)
(0.00489959 -0.0162827 0.00910198)
(0.00410471 -0.0167584 0.00874925)
(0.00595361 -0.0172004 0.0096682)
(0.00406351 -0.0155342 0.00844432)
(0.00476248 -0.0158603 0.00955861)
(0.00586534 -0.0144939 0.00976001)
(0.00640547 -0.0146684 0.0101026)
(0.00570673 -0.0148365 0.00981482)
(0.00626341 -0.0135441 0.00969775)
(0.00664185 -0.0147648 0.0104047)
(0.00650951 -0.0139052 0.0100809)
(0.00841889 -0.0141658 0.0101093)
(0.00780642 -0.0134832 0.00953122)
(0.00833511 -0.0128424 0.00926553)
(0.00642696 -0.0130658 0.0098661)
(0.00985095 -0.0112646 0.00753404)
(0.0100944 -0.0108755 0.00760959)
(0.00996847 -0.0116073 0.00814756)
(0.0110003 -0.0127722 0.00162592)
(0.0112192 -0.0117618 0.00174252)
(0.0107443 -0.0125491 0.00107968)
(0.0103327 -0.0118665 0.00165689)
(0.00861796 -0.00823757 0.00306687)
(0.00930826 -0.00853784 0.00366446)
(0.0097827 -0.0101431 0.00191923)
(0.0105206 -0.0117688 0.00120463)
(0.0101747 -0.0112544 0.00160296)
(0.00945558 -0.00868979 0.00267028)
(0.00998076 -0.00980358 0.00213357)
(0.0100228 -0.0100609 0.00200821)
(0.0107379 -0.0112524 0.00155323)
(0.0103449 -0.00972471 0.00219162)
(0.0105909 -0.0110629 0.00161169)
(0.00554185 -0.0171346 0.000542302)
(0.00729563 -0.0172138 0.001323)
(0.00863957 -0.0171161 0.00183815)
(0.00925082 -0.0132204 0.0009346)
(0.00969438 -0.0131643 0.0013352)
(0.00881573 -0.0159617 0.00117895)
(0.00804546 -0.0114795 0.00129017)
(0.00837316 -0.0124 0.00072365)
(0.00820225 -0.0111471 0.00112757)
(0.00823749 -0.0104569 0.00135724)
(0.00824352 -0.011973 0.00138507)
(0.00926143 -0.0134862 0.000858889)
(0.0088362 -0.0133024 0.000859735)
(0.00802201 -0.0127849 0.00130053)
(0.0087281 -0.015309 0.00128681)
(0.00817064 -0.0144884 0.000302817)
(0.0076208 -0.012353 0.000481246)
(0.00937163 -0.0110969 0.00157603)
(0.00939301 -0.010144 0.00221808)
(0.00933115 -0.00954283 0.00208089)
(0.0109906 -0.0144474 0.00119385)
(0.00822575 -0.0170402 0.00372964)
(0.00668555 -0.0170117 0.00337913)
(0.0110176 -0.0142472 0.00146144)
(0.00950449 -0.0132079 0.00172725)
(0.010275 -0.0146776 0.00144407)
(0.0104519 -0.0152061 0.00253183)
(0.00968053 -0.0153741 0.00128511)
(0.00853057 -0.0152062 0.00204018)
(0.00901355 -0.0163934 0.00300636)
(0.00955638 -0.0160747 0.00154244)
(0.00579425 -0.0174902 0.00517534)
(0.0069967 -0.018748 0.00257405)
(0.00779481 -0.0173941 0.00513089)
(0.00673135 -0.0166474 0.00566976)
(0.00626995 -0.0153745 0.00572163)
(0.00639652 -0.0181397 0.00382631)
(0.00677885 -0.0169307 0.00507262)
(0.00564035 -0.0189231 0.00492)
(0.00624176 -0.0191725 0.00428532)
(0.00815659 -0.0165989 0.00180099)
(0.0100241 -0.0155064 0.00162916)
(0.00837608 -0.0159215 0.00162747)
(0.00876521 -0.0160038 0.00163722)
(0.0095313 -0.0157739 0.00162116)
(0.00829727 -0.0157936 0.000822398)
(0.0062189 -0.0160467 0.00859086)
(0.00535489 -0.0159657 0.00766584)
(0.00645877 -0.0152446 0.00878392)
(0.00617745 -0.0128646 0.00839457)
(0.0060457 -0.0134686 0.0077033)
(0.00616843 -0.0166149 0.00571695)
(0.00712295 -0.0168536 0.00577062)
(0.00833778 -0.0169198 0.00681289)
(0.00578848 -0.0157649 0.00607884)
(0.00639149 -0.013543 0.00771965)
(0.00731178 -0.0158277 0.00950092)
(0.00697988 -0.0158359 0.00953324)
(0.00621986 -0.0134588 0.00802733)
(0.00634933 -0.0152414 0.00832907)
(0.00687927 -0.0160299 0.00700781)
(0.00729321 -0.0155118 0.00761089)
(0.00631006 -0.0157809 0.00832414)
(0.00492116 -0.0174724 0.00576851)
(0.00369598 -0.0191503 0.0030532)
(0.00513519 -0.0175956 0.00774725)
(0.00627231 -0.0154389 0.00882637)
(0.00577233 -0.0158876 0.00854317)
(0.00341774 -0.0190766 0.00393693)
(0.00416723 -0.0196583 0.00806733)
(0.00303929 -0.0204115 0.0064118)
(0.00335006 -0.017967 0.00677321)
(0.0031324 -0.0172756 0.00739827)
(0.00432324 -0.0187345 0.00498754)
(0.00360183 -0.019523 0.00455489)
(0.00255213 -0.0179782 0.00517655)
(0.00543469 -0.018451 0.00317141)
(0.00499274 -0.0183873 0.00229906)
(0.0084628 -0.0108267 0.00896327)
(0.00539264 -0.013772 0.00901837)
(0.00655765 -0.0152612 0.00958213)
(0.00591157 -0.0144113 0.00939376)
(0.00659257 -0.0147027 0.0100238)
(0.00697444 -0.0146314 0.00953838)
(0.00611952 -0.0129526 0.00827132)
(0.00608759 -0.0121868 0.00872268)
(0.00690573 -0.0129661 0.00960419)
(0.00829278 -0.0111411 0.00911315)
(0.00829686 -0.0130706 0.00974878)
(0.00858004 -0.0116071 0.00923764)
(0.0101621 -0.01115 0.00827202)
(0.00991699 -0.0107783 0.00779548)
(0.00812509 -0.0127203 0.0101306)
(0.00837271 -0.0105329 0.00875952)
(0.00887459 -0.0104959 0.00898872)
(0.00807226 -0.0114507 0.00898468)
(0.00789954 -0.0116376 0.00919494)
(0.0111656 -0.0116402 0.00506397)
(0.0107003 -0.0117358 0.00625505)
(0.0103794 -0.0117467 0.00729824)
(0.00990397 -0.0109973 0.00709982)
(0.0111241 -0.0122311 0.0070442)
(0.0115306 -0.0120147 0.00597843)
(0.0108282 -0.0105159 0.00642618)
(0.0109828 -0.0108189 0.00753599)
(0.0109471 -0.0106107 0.00618382)
(0.0107612 -0.0110798 0.00664264)
(0.0108016 -0.011111 0.00650443)
(0.00660677 -0.0140999 0.00776161)
(0.00688783 -0.015154 0.00712652)
(0.00634118 -0.0150964 0.00733162)
(0.00823014 -0.0145746 0.00816658)
(0.00734402 -0.0131745 0.00810236)
(0.00708623 -0.0132634 0.0083847)
(0.00736428 -0.0126125 0.00846096)
(0.0114324 -0.0119101 0.00193089)
(0.0115469 -0.0113922 0.00238325)
(0.010975 -0.0107482 0.00182507)
(0.0101302 -0.0143469 0.00306224)
(0.0108131 -0.0130973 0.00158402)
(0.0105824 -0.0127871 0.00232688)
(0.010918 -0.0123498 0.00195231)
(0.0118311 -0.0112748 0.00206409)
(0.0117369 -0.0130453 0.00217246)
(0.0104788 -0.0118959 0.00221781)
(0.0115195 -0.0114823 0.00279538)
(0.0116146 -0.0129252 0.00300528)
(0.0103506 -0.0124662 0.00277626)
(0.0112191 -0.0112748 0.00201473)
(0.0117705 -0.0119081 0.00225232)
(0.0109547 -0.0148926 0.00266187)
(0.00989959 -0.0133322 0.0046448)
(0.00884284 -0.0137716 0.0026931)
(0.00954772 -0.0142962 0.00239546)
(0.00888488 -0.0141148 0.00429308)
(0.009779 -0.0150894 0.00381676)
(0.00959072 -0.0154365 0.00320532)
(0.00777056 -0.0138456 0.00725895)
(0.00775905 -0.0158724 0.00706515)
(0.00905839 -0.0145706 0.00477683)
(0.00808327 -0.0148787 0.00478421)
(0.00807334 -0.0157026 0.00580267)
(0.00740365 -0.0143042 0.00743749)
(0.00808443 -0.0124641 0.00744943)
(0.0111625 -0.0117829 0.00169474)
(0.011211 -0.0111064 0.002047)
(0.0116553 -0.0113631 0.00210525)
(0.011485 -0.0116318 0.00197529)
(0.00697203 -0.0157225 0.0021971)
(0.00766932 -0.0155152 0.00149911)
(0.00779928 -0.0162411 0.00229249)
(0.00887982 -0.016339 0.00137454)
(0.00881049 -0.0148723 0.000907653)
(0.00920895 -0.015039 0.000683113)
(0.00731174 -0.0150551 0.00282536)
(0.0082499 -0.014939 0.00135661)
(0.00807534 -0.0152515 0.00285737)
(0.00752396 -0.0156381 0.00221655)
(0.00689315 -0.0156262 0.00250671)
(0.00778061 -0.0146813 0.00159624)
(0.0116131 -0.0106587 0.00214544)
(0.0114058 -0.00989714 0.00208785)
(0.0108816 -0.0112613 0.00142294)
(0.0118103 -0.0105158 0.00217816)
(0.0114728 -0.0102083 0.00214366)
(0.0116128 -0.00915915 0.00275627)
(0.0117364 -0.0091001 0.00333806)
(0.0119457 -0.00944966 0.00326873)
(0.0116229 -0.00975389 0.0024083)
(0.01203 -0.0102256 0.00272467)
(0.011763 -0.0112683 0.00191741)
(0.0113586 -0.0115788 0.00131532)
(0.0110796 -0.011113 0.00164184)
(0.0110629 -0.012109 0.00136628)
(0.00905972 -0.0139408 0.000764678)
(0.00914709 -0.0144847 0.000645691)
(0.00963499 -0.0128763 0.001616)
(0.0103079 -0.0137539 0.000659838)
(0.0114585 -0.0122363 0.00156221)
(0.0107442 -0.0129505 0.00048253)
(0.00738974 -0.0163874 0.00154862)
(0.00798212 -0.0162575 0.000801894)
(0.0110582 -0.01407 0.001131)
(0.010378 -0.0143922 0.000607518)
(0.00729625 -0.0157995 0.000257181)
(0.00901875 -0.0139524 0.00025317)
(0.0115873 -0.0100376 0.0042769)
(0.0107174 -0.00900291 0.00587751)
(0.010735 -0.00915358 0.00488489)
(0.0107643 -0.00896164 0.00513767)
(0.00860451 -0.015313 0.00103772)
(0.00813605 -0.0154918 0.00129871)
(0.01052 -0.0165434 0.000838678)
(0.00787473 -0.0161028 0.000100971)
(0.00850962 -0.0158631 0.000106143)
(0.0104361 -0.0168484 0.000766724)
(0.0099312 -0.0159276 0.00057114)
(0.00891156 -0.0129256 0.000201282)
(0.00987424 -0.0141356 0.000468)
(0.010133 -0.014167 6.65761e-05)
(0.0111313 -0.0134536 0.00187185)
(0.0109484 -0.0149536 0.00100569)
(0.00988055 -0.0145299 9.22635e-05)
(0.0105178 -0.0141605 0.000758323)
(0.0111312 -0.0138574 0.00064677)
(0.0114515 -0.0133862 0.00139083)
(0.0113914 -0.0106352 0.00325807)
(0.01175 -0.0104286 0.00402343)
(0.0115366 -0.0124731 0.00175225)
(0.0113647 -0.0110124 0.0028821)
(0.0112936 -0.0118923 0.00175231)
(0.0111807 -0.0120752 0.00353755)
(0.0111795 -0.0123694 0.0029739)
(0.0114549 -0.0119344 0.00411364)
(0.010854 -0.0110128 0.00586384)
(0.011301 -0.0116146 0.00563089)
(0.0115136 -0.0120141 0.00425848)
(0.01178 -0.0139614 0.00182726)
(0.0115756 -0.014146 0.00117339)
(0.0111582 -0.0131045 0.00189785)
(0.0111277 -0.0115788 0.00374297)
(0.0113323 -0.0122697 0.00306376)
(0.0113151 -0.0123598 0.00245795)
(0.0114889 -0.0119364 0.00283727)
(0.0113727 -0.0121641 0.00242099)
(0.0115022 -0.0122748 0.00302638)
(0.011047 -0.00987275 0.00586593)
(0.010213 -0.0102039 0.00765946)
(0.0100346 -0.00883964 0.00597305)
(0.0103458 -0.00969623 0.00691518)
(0.0113518 -0.010952 0.00699195)
(0.0107863 -0.0123399 0.00111122)
(0.0115047 -0.0110667 0.00178752)
(0.0118645 -0.00957866 0.00276469)
(0.0116481 -0.0105126 0.00202076)
(0.00945094 -0.0128414 0.00187588)
(0.00973417 -0.0123451 0.000840696)
(0.0103055 -0.0131884 0.00237821)
(0.00916352 -0.0136036 0.00316544)
(0.00790569 -0.0149321 0.00246787)
(0.00822865 -0.0140669 0.00361904)
(0.00834552 -0.0144475 0.00341701)
(0.00878323 -0.0149726 0.00235568)
(0.0100133 -0.0114247 0.00253677)
(0.0125678 -0.00912808 0.00362775)
(0.0121499 -0.00908423 0.00298523)
(0.0119393 -0.0081698 0.00327052)
(0.00591413 -0.0150382 0.000248181)
(0.00553645 -0.0159718 0.000133213)
(0.00595646 -0.0153365 0.000490162)
(0.0060099 -0.0171008 0.00082546)
(0.00494586 -0.0162997 0.000639914)
(0.00436178 -0.0173571 0.00136872)
(0.0051333 -0.0169168 0.000834725)
(0.00427069 -0.0186451 0.00191396)
(0.00386455 -0.0183233 0.00280751)
(0.00302173 -0.0193897 0.003165)
(0.00430996 -0.0177829 0.00181141)
(0.00493509 -0.0175791 0.00116582)
(0.00499495 -0.0182145 0.00160961)
(0.00491891 -0.01724 0.00103562)
(0.0023902 -0.0193062 0.0025402)
(0.0039353 -0.0190555 0.00214005)
(0.00410994 -0.0179982 0.00214469)
(0.00305474 -0.0188236 0.00216034)
(0.0038004 -0.0191271 0.00368067)
(0.0036489 -0.0188252 0.00276613)
(0.0116144 -0.00706587 0.00444109)
(0.0107752 -0.0068199 0.00610344)
(0.0111846 -0.00706435 0.00500206)
(0.0119126 -0.00791546 0.00510707)
(0.0113042 -0.00853993 0.00541651)
(0.0104211 -0.00841715 0.00603998)
(0.0108617 -0.00872033 0.00613575)
(0.0102716 -0.00863166 0.00623587)
(0.00980808 -0.00843332 0.00736129)
(0.0105209 -0.00819134 0.00630797)
(0.0114916 -0.00870705 0.00593477)
(0.0106255 -0.00774713 0.00680313)
(0.0109426 -0.00742214 0.00541485)
(0.0116424 -0.00774718 0.00418507)
(0.011139 -0.00766453 0.00475105)
(0.0111209 -0.00777091 0.00456644)
(0.011758 -0.00882922 0.00447058)
(0.011287 -0.00829322 0.00507535)
(0.0111761 -0.0080029 0.00547407)
(0.0114112 -0.00829452 0.00401541)
(0.0114884 -0.00853891 0.00382911)
(0.00729665 -0.012909 0.0089619)
(0.00682419 -0.0121832 0.00861193)
(0.00975093 -0.00950079 0.00841504)
(0.00791627 -0.0102728 0.00858203)
(0.00896509 -0.00995781 0.00903787)
(0.00834807 -0.00965128 0.00845372)
(0.00964378 -0.00951796 0.00837694)
(0.00938707 -0.00857027 0.00787721)
(0.00941901 -0.00899918 0.00860423)
(0.00948148 -0.00872556 0.00818821)
(0.0101187 -0.00844338 0.00797589)
(0.010735 -0.00685519 0.00663644)
(0.0108203 -0.00698681 0.0068025)
(0.0110823 -0.00667177 0.00629242)
(0.00777707 -0.0103824 0.00826655)
(0.00775853 -0.0112573 0.00921391)
(0.0104976 -0.00723305 0.00769207)
(0.0107172 -0.00717506 0.0074998)
(0.0071565 -0.0121661 0.00855989)
(0.00791323 -0.011268 0.00907415)
(0.00794736 -0.0103352 0.00864571)
(0.00705915 -0.0120799 0.00880002)
(0.00905176 -0.00942714 0.00897863)
(0.00868769 -0.00979649 0.00914312)
(0.0104289 -0.00789639 0.00744605)
(0.0101382 -0.00842003 0.00790677)
(0.00993589 -0.00892375 0.00868089)
(0.0103808 -0.0072402 0.0071333)
(0.0103671 -0.00727848 0.0069948)
(0.0103949 -0.00799653 0.00759716)
(0.00809812 -0.0146373 0.00998436)
(0.00751028 -0.0137488 0.00968045)
(0.00736796 -0.0141657 0.0102175)
(0.00678404 -0.0139942 0.00979925)
(0.00805797 -0.0150569 0.0101959)
(0.00853015 -0.00970419 0.00892782)
(0.00739978 -0.00934862 0.00848606)
(0.00960939 -0.0079836 0.00806093)
(0.00956092 -0.0088239 0.0085988)
(0.00892271 -0.00908886 0.00888648)
(0.00940557 -0.00901494 0.00894487)
(0.00862823 -0.0101879 0.00893193)
(0.00796553 -0.009974 0.00917705)
(0.00996301 -0.00809248 0.00861957)
(0.0101256 -0.00765282 0.00811434)
(0.00957649 -0.00799063 0.00823372)
(0.0102463 -0.00750942 0.00788083)
(0.00891267 -0.0103002 0.00919187)
(0.00734828 -0.0101586 0.00858751)
(0.0085553 -0.00965648 0.00876153)
(0.00843959 -0.0102079 0.00900879)
(0.00921057 -0.0108797 0.00943031)
(0.00895796 -0.00994019 0.00895924)
(0.00826858 -0.0108502 0.00892784)
(0.00799679 -0.0108245 0.00887769)
(0.00712856 -0.0120742 0.0089832)
(0.0085098 -0.0112159 0.00934999)
(0.00807955 -0.0147565 0.00992967)
(0.00781252 -0.0117282 0.00847387)
(0.00750187 -0.0104618 0.00852993)
(0.00719715 -0.0125326 0.00827656)
(0.00731322 -0.0112395 0.00849294)
(0.00744637 -0.0113671 0.00918046)
(0.0114127 -0.00803703 0.00348365)
(0.0115449 -0.00877222 0.00316628)
(0.0111515 -0.00809414 0.00336091)
(0.0118175 -0.00848254 0.00348632)
(0.0112361 -0.00865572 0.0026966)
(0.0105511 -0.01327 0.00182399)
(0.0108681 -0.0122263 0.00137221)
(0.0115631 -0.011679 0.00205467)
(0.00990879 -0.012874 0.00102107)
(0.0110551 -0.0110459 0.00194922)
(0.0114895 -0.0120337 0.0028268)
(0.0104857 -0.0129339 0.00156451)
(0.0101376 -0.0127971 0.00169829)
(0.0108816 -0.0107615 0.00181706)
(0.0107677 -0.0114734 0.00199479)
(0.0117729 -0.0113883 0.00374424)
(0.0116059 -0.011371 0.00319883)
(0.0113444 -0.0101944 0.0055417)
(0.0113042 -0.0101566 0.00462815)
(0.0111696 -0.0103141 0.00434994)
(0.0109617 -0.0102661 0.00545327)
(0.0113986 -0.0103036 0.00549663)
(0.0115733 -0.0107935 0.00516302)
(0.0113296 -0.0109791 0.00497408)
(0.0112839 -0.0109569 0.00521864)
(0.0114204 -0.0113901 0.00422518)
(0.011129 -0.0111399 0.00344186)
(0.011408 -0.0110486 0.00381855)
(0.0114673 -0.010814 0.0043864)
(0.00763246 -0.0114655 0.00776818)
(0.00826323 -0.0129802 0.00891456)
(0.00757846 -0.0138022 0.00870291)
(0.00682037 -0.0127923 0.00754862)
(0.00831179 -0.0142378 0.00848854)
(0.00728422 -0.0144992 0.00817489)
(0.00851057 -0.0147603 0.00421324)
(0.008092 -0.0148575 0.00406011)
(0.00935021 -0.0153332 0.00526179)
(0.00748163 -0.0128681 0.00914933)
(0.00610263 -0.0124959 0.00892776)
(0.00645251 -0.0119503 0.00911297)
(0.00736367 -0.011817 0.00939802)
(0.00682827 -0.011646 0.00912836)
(0.00549327 -0.0178178 0.00669577)
(0.00479312 -0.0177434 0.00762067)
(0.00512224 -0.0165426 0.00814791)
(0.00477871 -0.0180222 0.00822766)
(0.00449043 -0.0181344 0.00589658)
(0.00457194 -0.0192302 0.00806501)
(0.00324405 -0.0190448 0.00753069)
(0.00449481 -0.0166942 0.00671818)
(0.00457772 -0.0193025 0.006248)
(0.00383923 -0.0178435 0.00641906)
(0.00413349 -0.0192754 0.00652402)
(0.00667098 -0.0161305 0.00286442)
(0.00767123 -0.0169167 0.00194577)
(0.00801387 -0.0171529 0.00237433)
(0.0059856 -0.0167713 0.00454654)
(0.00604831 -0.0192919 0.00504192)
(0.00703319 -0.0169996 0.00377937)
(0.00666773 -0.0183835 0.00474119)
(0.00640857 -0.0173133 0.00266512)
(0.00701306 -0.0182692 0.00386829)
(0.00643707 -0.0186101 0.00334482)
(0.00713849 -0.0177712 0.00215104)
(0.00852828 -0.0158976 0.00259408)
(0.00944219 -0.0158299 0.00276637)
(0.00911098 -0.01662 0.00208335)
(0.0085678 -0.0143913 0.00325354)
(0.00790517 -0.0174672 0.00394526)
(0.00821 -0.0171356 0.00287669)
(0.00783558 -0.0181571 0.00306428)
(0.00724487 -0.0163462 0.00384738)
(0.0069213 -0.0161253 0.00457395)
(0.00695833 -0.0129993 0.0054467)
(0.00731426 -0.0143059 0.00654268)
(0.00835281 -0.0129552 0.00466789)
(0.00648699 -0.0116258 0.00780822)
(0.00717111 -0.0101842 0.00779701)
(0.00722601 -0.0109739 0.00778834)
(0.00755493 -0.00877978 0.00773456)
(0.00793565 -0.00842192 0.00772642)
(0.00752511 -0.00979577 0.0079366)
(0.00592544 -0.0103391 0.00721666)
(0.00690452 -0.011106 0.00765971)
(0.00652285 -0.010894 0.00692474)
(0.00722196 -0.00994875 0.00753599)
(0.00623578 -0.0102094 0.00788525)
(0.00690159 -0.0095142 0.00764128)
(0.00733291 -0.00859378 0.00766502)
(0.00721296 -0.00903342 0.00788319)
(0.000929035 -0.0164696 0.0037651)
(0.0011262 -0.0166927 0.00466637)
(0.0010189 -0.0175071 0.00491533)
(0.000455475 -0.0174182 0.00412122)
(0.00156552 -0.0187223 0.00303188)
(0.00179111 -0.0181908 0.00380509)
(0.000616602 -0.0186593 0.00350912)
(0.00161842 -0.0158686 0.00550494)
(0.00207072 -0.014693 0.00607373)
(0.00187268 -0.0150288 0.00639274)
(0.0018098 -0.0139615 0.00639059)
(0.00206042 -0.0174811 0.00464289)
(0.00238238 -0.0139944 0.00543294)
(0.0017577 -0.0184587 0.00447788)
(0.00259774 -0.018507 0.00335588)
(0.00169135 -0.017432 0.00215511)
(0.00205592 -0.0165705 0.00321877)
(0.00441514 -0.0176437 0.000941217)
(0.0045321 -0.0166334 0.000346508)
(0.00267969 -0.0106022 0.00664514)
(0.00317443 -0.00977504 0.0066017)
(0.00255449 -0.0111196 0.00670918)
(0.00295125 -0.0107841 0.0067981)
(0.00406815 -0.00835627 0.00589259)
(0.00394013 -0.00868931 0.00616798)
(0.00349086 -0.00936592 0.00648162)
(0.00305383 -0.00971298 0.00651931)
(0.00376854 -0.00872747 0.00613625)
(0.00355606 -0.00932733 0.00632867)
(0.00448656 -0.0173839 0.00986526)
(0.00532618 -0.0168333 0.0104267)
(0.00482931 -0.0150324 0.00979862)
(0.00497066 -0.0168744 0.0106076)
(0.006132 -0.0170205 0.0107195)
(0.00649707 -0.0148575 0.00974417)
(0.00591057 -0.0159353 0.0106541)
(0.00711049 -0.0158735 0.0106231)
(0.00661759 -0.0157808 0.00074304)
(0.00764888 -0.0159972 0.000702146)
(0.00620883 -0.01678 0.00113019)
(0.00730896 -0.0175354 0.00174178)
(0.00407598 -0.0185125 6.46177e-06)
(0.0045441 -0.0197122 0.000711988)
(0.00642518 -0.0178662 6.96176e-05)
(0.00598897 -0.0183755 2.54976e-05)
(0.0048063 -0.0193557 0.000932473)
(0.00585162 -0.0183803 -0.00036435)
(0.00551152 -0.0201569 -0.000150396)
(0.00830472 -0.0164337 5.47723e-05)
(0.00693454 -0.0171166 0.000477801)
(0.00303116 -0.0147062 0.00556156)
(0.00283874 -0.0161539 0.00535643)
(0.00251959 -0.0167448 0.00476956)
(0.00287334 -0.0137057 0.0059596)
(0.00452866 -0.00874432 0.00671861)
(0.00460666 -0.00914648 0.00681426)
(0.00388134 -0.010026 0.00674208)
(0.00437345 -0.00990534 0.00698134)
(0.00410338 -0.00892792 0.0069572)
(0.00412601 -0.00963896 0.00693767)
(0.0107303 -0.00693722 0.00465624)
(0.0115958 -0.0079641 0.00345682)
(0.0100913 -0.00755136 0.00458105)
(0.0100638 -0.00805315 0.00359567)
(0.0104497 -0.00884555 0.00270073)
(0.0105605 -0.0101626 0.00189761)
(0.0104673 -0.00754479 0.0041735)
(0.0111566 -0.00865052 0.00296527)
(0.00361121 -0.0193354 0.00504094)
(0.0033059 -0.0198175 0.00637102)
(0.00257372 -0.0194661 0.00381186)
(0.00323549 -0.0202075 0.00504737)
(0.0029891 -0.0212478 0.00493643)
(0.00210839 -0.0194202 0.00511808)
(0.00256425 -0.0203427 0.00647559)
(0.00453259 -0.0192639 0.00956034)
(0.00321788 -0.0187902 0.00862477)
(0.00310634 -0.0188154 0.00808095)
(0.0117145 -0.0104623 0.00257879)
(0.011692 -0.0101539 0.00264203)
(0.0116355 -0.00875364 0.00428655)
(0.0111631 -0.00850422 0.00492964)
(0.011562 -0.00935796 0.00332834)
(0.011625 -0.00914587 0.00402005)
(0.0110225 -0.00882714 0.00511934)
(0.0112358 -0.00911449 0.00503439)
(0.0109914 -0.00865158 0.00458383)
(0.0117631 -0.00952439 0.00405742)
(0.0112696 -0.0102807 0.00251376)
(0.0115259 -0.010102 0.00320939)
(0.0115593 -0.0105727 0.00299455)
(0.0113957 -0.00942924 0.00404733)
(0.0112931 -0.00975967 0.00356766)
(0.0115028 -0.00954321 0.00341495)
)
;
    }
    INLET
    {
        type            calculated;
        value           nonuniform 0();
    }
    OUTLET
    {
        type            calculated;
        value           nonuniform 0();
    }
    procBoundary3to0
    {
        type            processor;
        value           uniform (0 0 0);
    }
    procBoundary3to2
    {
        type            processor;
        value           uniform (0 0 0);
    }
}


// ************************************************************************* //
