/*--------------------------------*- C++ -*----------------------------------*\
| =========                 |                                                 |
| \\      /  F ield         | OpenFOAM: The Open Source CFD Toolbox           |
|  \\    /   O peration     | Version:  v1612+                                |
|   \\  /    A nd           | Web:      www.OpenFOAM.com                      |
|    \\/     M anipulation  |                                                 |
\*---------------------------------------------------------------------------*/
FoamFile
{
    version     2.0;
    format      ascii;
    class       volVectorField;
    location    "100";
    object      wallShearStress;
}
// * * * * * * * * * * * * * * * * * * * * * * * * * * * * * * * * * * * * * //

dimensions      [0 2 -2 0 0 0 0];

internalField   uniform (0 0 0);

boundaryField
{
    WALL
    {
        type            calculated;
        value           nonuniform List<vector> 
1549
(
(-0.0087189 -0.0207993 0.0166502)
(-0.00807131 -0.0195685 0.0195181)
(-0.00404632 -0.00601196 0.00995899)
(0.00528988 -0.00911625 0.0307862)
(0.00248224 -0.00746817 0.030232)
(0.00064058 -0.011335 0.0217825)
(0.00287507 -0.0132475 0.0206599)
(-0.0146294 -0.0062046 0.00298714)
(-0.0158722 -0.00737346 0.00407337)
(-0.0134259 -0.00773613 0.00219681)
(-0.0131462 -0.00707841 0.0033839)
(-0.00119241 -0.0173224 0.0077755)
(-0.00122543 -0.0195203 0.0100314)
(0.00590107 -0.0209737 0.0201)
(0.00693324 -0.0197568 0.0233324)
(-0.0199592 -0.016028 0.00563421)
(0.00480489 -0.0163372 0.0267605)
(0.00570349 -0.0177676 0.0245431)
(-0.00181487 -0.0194337 0.0189628)
(-0.000899944 -0.0192848 0.0152655)
(-0.0154992 -0.00795396 0.00895876)
(-0.0156742 -0.0072519 0.00683281)
(0.00462725 -0.0184234 0.0197067)
(0.00392035 -0.0182264 0.0228974)
(0.000256711 -0.0140184 0.0158949)
(0.00182409 -0.0137979 0.0161827)
(-0.0204319 -0.0151076 0.001008)
(-0.0222223 -0.0159145 0.002915)
(-0.0214222 -0.0172238 0.00814537)
(-0.0202846 -0.0168325 0.00988024)
(-0.0205241 -0.0171282 0.0113721)
(-0.0194545 -0.0159984 0.0075902)
(-0.00284425 -0.016041 0.00250879)
(-0.00286192 -0.0152864 0.00206608)
(-0.00336858 -0.0127039 0.0024794)
(-0.003026 -0.0123563 0.0041037)
(0.0035323 -0.017554 0.0109468)
(0.00420098 -0.0173772 0.0115542)
(-0.00892931 -0.0101015 0.00196209)
(-0.0074711 -0.0108628 0.00213667)
(-0.00659716 -0.0202539 0.0112136)
(-0.00722968 -0.0202883 0.00843918)
(-0.0110983 -0.0204716 0.0104087)
(-0.0121234 -0.0204735 0.00825091)
(-0.0141997 -0.00904079 0.0110804)
(-0.0142027 -0.00803532 0.0108616)
(-0.0156886 -0.00614495 0.00753742)
(-0.0149855 -0.00613984 0.00583286)
(-0.0115988 -0.00696596 0.0135376)
(-0.0123586 -0.006611 0.013515)
(-0.00421599 -0.0197557 0.0119941)
(-0.00486307 -0.018955 0.0119992)
(-0.00532676 -0.017242 0.0033092)
(-0.00666755 -0.0183375 0.00347391)
(0.00679708 -0.0121278 0.0227218)
(0.00457172 -0.01055 0.0244096)
(-0.00294561 -0.0119574 0.0155377)
(-0.00144899 -0.0132162 0.0132044)
(-0.00856236 -0.0161187 -0.00107351)
(-0.00895191 -0.0170571 -0.00098279)
(0.00159494 -0.0176936 0.0242073)
(0.0024878 -0.018401 0.0202764)
(-0.0119932 -0.0130677 0.0133591)
(-0.00817512 -0.0107464 0.00869642)
(-0.00832349 -0.010513 0.0102931)
(-0.00960421 -0.0119119 0.0123417)
(-0.0105053 -0.0112712 0.010258)
(-0.00987118 -0.0120307 0.00913358)
(-0.0086585 -0.00955994 0.014234)
(-0.0084944 -0.010883 0.0126808)
(-0.00743362 -0.00987557 0.0144699)
(-0.00926809 -0.00996228 0.0137084)
(-0.00688139 -0.0106405 0.012527)
(-0.00679863 -0.0106403 0.0134794)
(-0.0149176 -0.0204351 0.0139072)
(-0.0160792 -0.0185823 0.0155593)
(-0.0159253 -0.0205101 0.0149049)
(-0.0136631 -0.0192952 0.0148764)
(-0.0154749 -0.019163 0.0138514)
(0.00298952 -0.019358 0.0184888)
(0.00314585 -0.0201435 0.0179847)
(0.00490919 -0.020012 0.0199367)
(0.00402529 -0.019157 0.0216865)
(0.00316159 -0.0189532 0.0221389)
(0.00658716 -0.0120097 0.0249449)
(0.00480828 -0.0104457 0.0254851)
(0.00859721 -0.0137007 0.0231326)
(0.0085924 -0.0137631 0.0211982)
(0.00764091 -0.0120633 0.023894)
(0.00697491 -0.0142309 0.0214836)
(-0.017993 -0.0179832 0.0186798)
(-0.0181705 -0.0173181 0.018701)
(-0.0177216 -0.0157686 0.0157681)
(-0.0195342 -0.0179917 0.0168074)
(-0.0166065 -0.0166265 0.0195956)
(-0.0193298 -0.0172742 0.0155347)
(-0.00685097 -0.0200952 0.0155803)
(-0.00873849 -0.0194757 0.0182769)
(-0.00675174 -0.0208057 0.018763)
(-0.00451103 -0.0202762 0.0152963)
(-0.0053073 -0.020146 0.0152556)
(-0.00447894 -0.0191515 0.0173316)
(-0.00757672 -0.0204024 0.0181364)
(-0.00602101 -0.019893 0.0161029)
(-0.00124897 -0.0149945 0.00570317)
(-0.000936292 -0.015391 0.0072789)
(-0.000204772 -0.0153078 0.00734641)
(-0.001059 -0.0156444 0.00530062)
(-0.000198894 -0.0151871 0.00818497)
(-0.000636465 -0.0157363 0.0060234)
(-0.00194511 -0.00980429 0.00357662)
(-0.00310471 -0.0117254 0.00366498)
(-0.000440548 -0.0104363 0.00344917)
(-0.00063859 -0.00924401 0.0031058)
(-0.00135637 -0.0117589 0.00392429)
(-0.00291915 -0.0131177 0.00383297)
(-0.00248437 -0.0161251 0.00590558)
(-0.00265986 -0.0164847 0.0068255)
(-0.00179238 -0.0161298 0.00624699)
(-0.000958884 -0.0171437 0.00820577)
(-0.00376571 -0.0156537 0.00576775)
(-0.00204731 -0.0195024 0.00915649)
(-0.00862419 -0.0178373 -0.000594269)
(-0.00902661 -0.0168634 -0.00128383)
(-0.00834636 -0.0181843 0.000395787)
(-0.00792369 -0.0180874 0.000911235)
(-0.00826558 -0.018562 0.000785493)
(-0.0135336 -0.00625736 0.00548957)
(-0.0139403 -0.00662084 0.00750955)
(-0.0133841 -0.00671482 0.00475618)
(-0.0130043 -0.00648364 0.00486482)
(-0.0136726 -0.00643384 0.00644023)
(-0.0148589 -0.00658811 0.00806739)
(0.00041592 -0.00693225 0.0286678)
(-0.00304175 -0.00601317 0.0264313)
(-0.00357799 -0.00591673 0.0267636)
(-0.00303465 -0.00735337 0.0286919)
(-0.000607155 -0.00642488 0.0285447)
(-0.000997759 -0.00683732 0.0280158)
(-0.00949848 -0.0199082 0.0034034)
(-0.0113419 -0.0206291 0.00487184)
(-0.0106473 -0.0207125 0.00480009)
(-0.00445329 -0.008223 0.0198925)
(-0.00484643 -0.00930744 0.0224262)
(-0.00245706 -0.0105023 0.0254513)
(-0.00388927 -0.0100908 0.0250268)
(-0.00246326 -0.00452016 0.00579231)
(-0.00284441 -0.00518028 0.00747392)
(-0.00419071 -0.00684325 0.013431)
(-0.0085825 -0.00474783 0.0182568)
(-0.00879343 -0.00540149 0.0176965)
(-0.00657444 -0.00705202 0.0195622)
(-0.0064045 -0.00660277 0.0196763)
(-0.00749115 -0.00597535 0.0192949)
(-0.00842284 -0.00703362 0.0183808)
(-0.00355775 -0.0090284 0.0211012)
(-0.00356781 -0.00846276 0.0214799)
(-0.000681972 -0.0105183 0.0220321)
(-0.00229759 -0.00963532 0.0224419)
(-0.000553847 -0.0106841 0.0207008)
(-0.00192698 -0.00964272 0.0209635)
(-0.0030946 -0.00710583 0.0231173)
(-0.00333285 -0.00790772 0.0223777)
(-0.00568926 -0.00588104 0.0206939)
(-0.00431322 -0.00594105 0.0226439)
(-0.00514927 -0.00720213 0.0211554)
(-0.00566773 -0.0052889 0.0216004)
(-0.007586 -0.010965 0.0111863)
(-0.00695969 -0.0123688 0.0108795)
(-0.00558422 -0.0117713 0.0097093)
(-4.82604e-05 -0.0148186 0.0108553)
(-0.000694673 -0.014565 0.00926673)
(0.000351256 -0.0135817 0.0125059)
(-0.000537591 -0.0133204 0.0132907)
(-0.00114523 -0.0140342 0.0123433)
(-0.000677939 -0.0136481 0.0103216)
(-0.00137166 -0.0123714 0.0176282)
(0.000244723 -0.0120468 0.0185015)
(-0.00132142 -0.0119027 0.0188076)
(-0.000178215 -0.012485 0.0165464)
(0.000997902 -0.0141151 0.0142886)
(0.000493865 -0.0137795 0.0172561)
(-0.0104195 -0.00743439 0.0179481)
(-0.00994994 -0.0107037 0.0197547)
(-0.0104236 -0.0082713 0.0197884)
(-0.00921085 -0.00758795 0.0214828)
(-0.00946922 -0.00790212 0.0163445)
(-0.00924045 -0.00603086 0.0208165)
(-0.00965716 -0.00475192 0.0182029)
(-0.0107203 -0.0050669 0.0179671)
(-0.00974535 -0.00539264 0.0191615)
(-0.00857033 -0.00451775 0.0198453)
(-0.0104218 -0.00458313 0.017374)
(-0.00883064 -0.00497325 0.0200767)
(-0.0108691 -0.00557814 0.0171593)
(-0.0113428 -0.00535067 0.0136301)
(-0.0120354 -0.00602055 0.0143347)
(-0.0106502 -0.00513155 0.0172491)
(-0.0105575 -0.00405804 0.0150718)
(-0.0110825 -0.00508209 0.0158643)
(0.00576779 -0.00953121 0.0259188)
(0.00329149 -0.0081646 0.0276851)
(0.00421358 -0.00972686 0.0261159)
(0.00468856 -0.0101452 0.0282512)
(0.00307956 -0.00807844 0.0266396)
(0.00230208 -0.00759749 0.0284471)
(0.00556003 -0.00844373 0.0289536)
(0.00596139 -0.009957 0.0277082)
(0.00737893 -0.0111027 0.0268092)
(0.00353416 -0.00828056 0.030301)
(0.00775776 -0.0105934 0.0281428)
(0.00817746 -0.0106567 0.0256418)
(0.00658746 -0.00859218 0.0284425)
(0.00374163 -0.00731793 0.0289664)
(-0.00615032 -0.0051471 0.0241169)
(-0.00799576 -0.00653867 0.022543)
(-0.00677268 -0.0060601 0.0243185)
(-0.00907576 -0.00584067 0.0205237)
(-0.00781269 -0.00646367 0.0219567)
(-0.00908651 -0.00587877 0.0204654)
(0.00162542 -0.0126133 0.0210815)
(-0.000684007 -0.00961311 0.0231598)
(-0.000952369 -0.00909496 0.0231062)
(0.00153843 -0.00854679 0.0240754)
(0.000407206 -0.0108961 0.0226193)
(0.00302123 -0.0124334 0.0216387)
(0.00210751 -0.011 0.0227327)
(0.00185565 -0.0105349 0.0233926)
(-0.0158914 -0.00727697 0.00430493)
(-0.0160742 -0.00668625 0.00387955)
(-0.0164272 -0.00739093 0.00623411)
(-0.0147398 -0.00717366 0.000789091)
(-0.014423 -0.00750724 0.00155405)
(-0.0155158 -0.00744452 0.00201132)
(-0.0160237 -0.007268 0.00414754)
(-0.0140761 -0.00856034 -7.54484e-05)
(-0.0146438 -0.0084676 0.000158717)
(-0.0150689 -0.00639582 0.00344062)
(-0.0150117 -0.0067174 0.00248946)
(-0.0157026 -0.00843612 -0.000763525)
(-0.0129841 -0.00943255 -0.00215071)
(-0.0152304 -0.00857087 -0.000659774)
(-0.0145344 -0.00915851 -0.00146846)
(-0.0144872 -0.00940572 -0.00202338)
(-0.00846272 -0.0109155 0.000974516)
(-0.00959848 -0.00979585 0.00106252)
(-0.00873045 -0.0120069 0.00159669)
(-0.00834413 -0.0128107 0.00149774)
(-0.010615 -0.00981794 0.00198628)
(-0.0111056 -0.00953842 0.00198037)
(-0.00680021 -0.0168473 0.00161965)
(-0.00598788 -0.016906 0.00262468)
(-0.00457619 -0.0173143 0.00477153)
(-0.00626464 -0.0153212 0.00130391)
(-0.00623933 -0.0155131 0.00173027)
(-0.00626275 -0.0169613 0.00280473)
(-0.00551374 -0.015549 0.00213034)
(-0.00788527 -0.0143759 0.00087345)
(-0.00554662 -0.0146395 0.00198871)
(-0.00697769 -0.0149602 0.000999982)
(-0.00738516 -0.0141492 0.000960017)
(-0.00563462 -0.0139536 0.00173894)
(-0.0032538 -0.0162581 0.00487937)
(-0.00493696 -0.0166161 0.00342508)
(-0.0027012 -0.0163049 0.00515981)
(-0.00423673 -0.0155174 0.00404879)
(-0.00461403 -0.0153203 0.00274868)
(-0.00488345 -0.0143552 0.0025489)
(-0.00291415 -0.0192393 0.00911764)
(-0.00152808 -0.0187857 0.0110786)
(-0.00199787 -0.0191877 0.0113497)
(-0.00243772 -0.0182968 0.00757342)
(-0.00255479 -0.0177687 0.00747305)
(-0.00143774 -0.0182287 0.00970382)
(-0.0139327 -0.00626665 0.0103533)
(-0.012713 -0.00630105 0.0129417)
(-0.0146648 -0.00646056 0.0107288)
(-0.0132246 -0.00631622 0.013412)
(-0.0135849 -0.00580528 0.0113652)
(-0.0125411 -0.0054908 0.0116762)
(-0.0122038 -0.00732693 0.0030418)
(-0.0128244 -0.00752774 0.00295883)
(-0.0120221 -0.00734785 0.00210405)
(-0.0119644 -0.00868096 0.00154279)
(-0.011589 -0.00923937 0.00127211)
(-0.0118427 -0.007763 0.00237177)
(-0.01359 -0.00631199 0.00434451)
(-0.0139778 -0.00640111 0.0040739)
(-0.0140948 -0.00596991 0.00570686)
(-0.0150023 -0.00618796 0.00680477)
(-0.0145296 -0.00615213 0.00645139)
(-0.0139952 -0.00590948 0.00466981)
(-0.0136417 -0.00640635 0.00309303)
(-0.0129815 -0.00817321 0.00205154)
(-0.00945231 -0.0146248 -0.00260188)
(-0.00977791 -0.0127869 -0.00280225)
(-0.00898278 -0.0148494 -0.00199608)
(-0.01016 -0.0147963 -0.00242715)
(-0.00999886 -0.0141762 -0.00314706)
(-0.00963849 -0.0157809 -0.00262445)
(-0.00954061 -0.0166013 -0.0025391)
(-0.0137962 -0.00613642 0.00983962)
(-0.014564 -0.00585306 0.00937549)
(-0.0154544 -0.0069294 0.0082524)
(-0.0146391 -0.00707854 0.00923702)
(-0.0147964 -0.00612698 0.00697182)
(-0.00719916 -0.0202661 0.00639314)
(-0.00733432 -0.0200604 0.00619389)
(-0.00826422 -0.0207818 0.00897361)
(-0.00740145 -0.0201442 0.00714747)
(-0.00768631 -0.0201232 0.00918835)
(-0.00922873 -0.0139139 0.010866)
(-0.00678716 -0.0166437 0.00994816)
(-0.00640294 -0.0173952 0.0103211)
(-0.00679762 -0.0161198 0.0106524)
(-0.00805707 -0.0138847 0.0094454)
(-0.00785074 -0.0148347 0.0108442)
(-0.00989485 -0.00996473 0.00508898)
(-0.0097463 -0.010824 0.00577156)
(-0.0107937 -0.0105833 0.00612492)
(-0.00992241 -0.0116946 0.00576967)
(-0.00879218 -0.0124364 0.00491196)
(-0.00780991 -0.0113577 0.00426383)
(-0.00777153 -0.00952691 0.00243492)
(-0.00907218 -0.00886919 0.00341562)
(-0.00731658 -0.0102743 0.00289722)
(-0.00861275 -0.00950148 0.00267944)
(-0.00950207 -0.00981858 0.00391216)
(-0.00896755 -0.0114339 0.00375787)
(-0.0116856 -0.00747317 0.006888)
(-0.0112368 -0.00850937 0.00560548)
(-0.0113602 -0.00565876 0.00625401)
(-0.0115742 -0.00636613 0.00739551)
(-0.0110823 -0.00762766 0.00542856)
(-0.0120918 -0.0058266 0.00772018)
(-0.0102694 -0.00781516 0.0032543)
(-0.0110639 -0.00806282 0.00343327)
(-0.0113385 -0.00662043 0.00457808)
(-0.0105533 -0.00666672 0.00405897)
(-0.0112715 -0.00632577 0.00483523)
(-0.00426169 -0.0133185 0.00284479)
(-0.00648747 -0.0121719 0.0017282)
(-0.00568365 -0.0131141 0.00205814)
(-0.00451556 -0.0133003 0.00307792)
(-0.00544116 -0.0118436 0.00249452)
(0.00192386 -0.0165353 0.00764661)
(0.00209801 -0.0176001 0.00868422)
(0.00410347 -0.017089 0.0127275)
(0.00358834 -0.0173169 0.0102619)
(0.00126176 -0.0171625 0.00728518)
(0.00261619 -0.0164687 0.00914353)
(0.001409 -0.00844144 0.00505693)
(0.00234404 -0.00865766 0.00552858)
(0.00374942 -0.0117506 0.00804176)
(0.00176424 -0.010259 0.00553254)
(0.00179615 -0.0111152 0.00641781)
(0.00357469 -0.0119224 0.00737989)
(0.00341565 -0.00964254 0.00671489)
(0.000355199 -0.00696844 0.0033322)
(-0.000344429 -0.00937481 0.00434251)
(-0.000726738 -0.00792002 0.00366557)
(0.000573782 -0.00740448 0.00376022)
(0.000612626 -0.00872812 0.00418417)
(-3.89164e-05 -0.00697212 0.00322403)
(-0.00329471 -0.0126866 0.00494403)
(-0.00317035 -0.0124014 0.00630815)
(-0.0024302 -0.0126002 0.00754165)
(-0.00240153 -0.0127018 0.00526475)
(-0.00247888 -0.0130533 0.00665007)
(-0.00179147 -0.0178215 0.00346808)
(-0.00114108 -0.0154801 0.00440996)
(-0.0020399 -0.016087 0.00235769)
(-0.00183455 -0.015667 0.00395437)
(-0.00195524 -0.0157792 0.00359526)
(-0.00158015 -0.0163039 0.00398869)
(-0.021126 -0.0163262 0.00934366)
(-0.0213013 -0.0168506 0.00621877)
(-0.0202453 -0.0157646 0.0066715)
(-0.0223663 -0.0177358 0.00550168)
(-0.0172764 -0.0155227 0.000114713)
(-0.0150473 -0.0151799 -0.000182527)
(-0.0188929 -0.0167975 0.00257865)
(-0.0217043 -0.0168258 0.00310062)
(-0.0182896 -0.0146018 0.00140417)
(-0.0165101 -0.0163493 0.00106281)
(-0.00291593 -0.0114357 0.00337073)
(-0.00341784 -0.0122941 0.00265593)
(-0.00350137 -0.0117522 0.00171874)
(-0.00500314 -0.0140655 0.00312735)
(-0.00843484 -0.0152887 0.00326286)
(-0.00439927 -0.0141066 0.00278921)
(-0.00720361 -0.0148445 0.00241253)
(-0.0066357 -0.0136305 0.00345927)
(-0.00510692 -0.015053 0.00241566)
(-0.00601901 -0.0146613 0.00093568)
(-0.00435337 -0.0164249 0.00141531)
(-0.0059903 -0.0170573 0.00170982)
(-0.00420379 -0.0166059 0.00192563)
(-0.00615094 -0.0166333 0.000842726)
(-0.00421806 -0.0124578 -0.000174494)
(-0.00394472 -0.011933 0.000308632)
(-0.00397434 -0.0121234 -0.000615754)
(-0.0180878 -0.0139454 -0.00225644)
(-0.0144735 -0.0131799 -0.00307952)
(-0.0168078 -0.0128305 -0.00185483)
(-0.0153988 -0.012946 -0.00220405)
(-0.0155304 -0.0132748 -0.00364579)
(-0.0168278 -0.0127632 -0.00286024)
(-0.0170273 -0.0151652 0.0111599)
(-0.0165361 -0.0159054 0.00713778)
(-0.0156543 -0.0147094 0.00745688)
(-0.0174649 -0.0167137 0.0097326)
(-0.0187878 -0.0163955 0.0114221)
(-0.0182282 -0.0161295 0.0088327)
(-0.0139667 -0.0191458 0.0190629)
(-0.0133839 -0.0193912 0.0219283)
(-0.0148718 -0.0183758 0.0193208)
(-0.0118007 -0.0189097 0.0196762)
(-0.010836 -0.0181373 0.0208283)
(-0.0140159 -0.0174685 0.0209893)
(-0.0207351 -0.0169635 0.00725378)
(-0.0214296 -0.0181965 0.00689724)
(-0.0220176 -0.0171563 0.0043451)
(-0.0200679 -0.0146849 0.00357713)
(-0.021168 -0.0161677 0.00496091)
(-0.0209048 -0.0164936 0.00657084)
(-0.0213342 -0.0180105 0.0101098)
(-0.0205246 -0.0181805 0.0107933)
(-0.0212772 -0.0165226 0.00736529)
(-0.0208411 -0.0192483 0.0098783)
(-0.0200298 -0.016932 0.00875069)
(-0.0222382 -0.0182443 0.00784901)
(-0.0208128 -0.0183951 0.00676292)
(-0.0197095 -0.0185312 0.00747014)
(-0.0189402 -0.0192617 0.00769353)
(-0.00233545 -0.00752178 0.00348957)
(-0.000886207 -0.00654637 0.00316178)
(-0.00151853 -0.00646242 0.00328125)
(-0.00173466 -0.00700395 0.00299386)
(-0.00149006 -0.00759325 0.00332955)
(-0.000935418 -0.00562892 0.00280288)
(-0.0118587 -0.00565762 0.0145642)
(-0.010547 -0.00670849 0.0165483)
(-0.0110699 -0.0056824 0.0145674)
(-0.0119467 -0.00609516 0.0138894)
(-0.0100874 -0.00557876 0.0154114)
(-0.0100577 -0.0064496 0.0166373)
(-0.0119245 -0.00491736 0.011181)
(-0.011584 -0.00487476 0.0127182)
(-0.0119242 -0.00413296 0.0121512)
(-0.0112745 -0.00449267 0.012657)
(-0.0121709 -0.00491002 0.0106457)
(-0.0117577 -0.004592 0.0101138)
(-0.012815 -0.00545164 0.00787852)
(-0.0119391 -0.00408662 0.00897755)
(-0.0112692 -0.00378187 0.00895244)
(-0.0116517 -0.00528816 0.00791624)
(-0.0121772 -0.00537945 0.0067272)
(-0.0115249 -0.00558826 0.00640748)
(0.00449031 -0.0153975 0.0160455)
(0.00351391 -0.0157528 0.014616)
(0.00363089 -0.0162135 0.011888)
(0.00448144 -0.0164414 0.0134714)
(0.00458213 -0.0158358 0.0148441)
(0.002478 -0.0167753 0.0126538)
(-0.0100869 -0.0121897 0.0201099)
(-0.0102772 -0.0148558 0.019843)
(-0.0106564 -0.0155536 0.0182207)
(-0.0107008 -0.0145595 0.0177475)
(-0.0107251 -0.0108973 0.0177711)
(-0.010667 -0.0108674 0.0197725)
(0.00610289 -0.0108737 0.00981955)
(0.00639155 -0.0121391 0.0108205)
(0.00756575 -0.0131796 0.0135098)
(0.00925237 -0.0124717 0.014658)
(0.00994941 -0.0131265 0.0222916)
(0.00956786 -0.0133987 0.0201509)
(0.0100725 -0.012185 0.0208982)
(0.0107167 -0.012826 0.0189978)
(0.00996136 -0.0148019 0.0186789)
(0.00921123 -0.0140521 0.017336)
(-0.00707271 -0.0178952 0.0138565)
(-0.00901474 -0.0155628 0.0144027)
(-0.00883213 -0.0195483 0.0168587)
(-0.00836501 -0.0168906 0.0134211)
(-0.00955169 -0.0161054 0.016085)
(-0.00874212 -0.015979 0.0131872)
(0.00105242 -0.0217034 0.0147916)
(0.000947997 -0.0216306 0.0148732)
(-0.00059709 -0.0211824 0.0133729)
(0.000502162 -0.0196973 0.0125865)
(0.00212782 -0.021518 0.0153404)
(-0.000509749 -0.0212008 0.0138175)
(-0.00189117 -0.0114418 0.0278596)
(0.000308829 -0.013551 0.0294248)
(0.00159129 -0.0142944 0.0300551)
(0.000792819 -0.0137302 0.0295782)
(-0.00058693 -0.0131376 0.0303834)
(-0.00165535 -0.0136437 0.0289314)
(0.0013352 -0.0158302 0.0277084)
(0.00317743 -0.0184829 0.0252068)
(0.00268768 -0.0162055 0.0276213)
(0.00354425 -0.0171474 0.0265949)
(0.00267302 -0.0171172 0.025174)
(0.00150524 -0.0170618 0.0273491)
(-0.00760124 -0.0110129 0.0235871)
(-0.00780811 -0.0130665 0.0255976)
(-0.00474161 -0.0127643 0.0277263)
(-0.00618112 -0.0106955 0.0244175)
(-0.00513775 -0.0112795 0.0264207)
(-0.00613396 -0.012695 0.0269228)
(-0.00115919 -0.0146573 0.0283983)
(-0.00260513 -0.0146516 0.029709)
(-0.00323492 -0.0167332 0.028285)
(-7.82217e-05 -0.0150954 0.0285818)
(-0.00283082 -0.0135733 0.0280978)
(-0.0160787 -0.0173108 0.0214938)
(-0.0147505 -0.0170115 0.022097)
(-0.0114659 -0.016536 0.0238545)
(-0.0136203 -0.018744 0.0232771)
(-0.0122098 -0.0152732 0.0233164)
(-0.0136889 -0.0156753 0.0207466)
(-0.00922039 -0.0203076 0.0220471)
(-0.00601078 -0.0180092 0.02335)
(-0.0083706 -0.0185714 0.0246104)
(-0.00636859 -0.0190352 0.0211153)
(-0.00543914 -0.0192325 0.0208937)
(-0.00923695 -0.0179616 0.0232843)
(-0.00970308 -0.0101046 0.0125251)
(-0.0122437 -0.0089772 0.0124241)
(-0.0114708 -0.010389 0.0130974)
(-0.00321652 -0.0183674 0.0218244)
(-0.00285526 -0.0190586 0.0200584)
(-0.00215054 -0.0191374 0.0222512)
(-6.58272e-05 -0.018068 0.0205349)
(-0.000554947 -0.0192946 0.0186632)
(0.000527929 -0.0171445 0.00935532)
(0.00074261 -0.0189613 0.0118354)
(0.000966743 -0.019233 0.0116195)
(0.000378739 -0.0192802 0.0130143)
(0.000960892 -0.0189662 0.0151877)
(-0.00114795 -0.0176923 0.0082163)
(0.000925049 -0.0203994 0.015231)
(0.00135018 -0.0193547 0.0132866)
(0.00337526 -0.0166076 0.0290464)
(0.00523775 -0.0157577 0.0293513)
(0.00379594 -0.0148839 0.0290296)
(0.00624754 -0.0164185 0.0283985)
(0.00605368 -0.0176022 0.0273936)
(0.00424136 -0.0210498 0.0171375)
(0.00386733 -0.020147 0.015773)
(0.00323128 -0.0211991 0.0158928)
(0.00593025 -0.0206173 0.0218655)
(0.00630458 -0.0212287 0.0227819)
(0.00484362 -0.0213139 0.0189636)
(0.00477962 -0.0207977 0.0177251)
(0.00537768 -0.0203387 0.0193194)
(-0.0156222 -0.0185183 0.0166774)
(-0.018064 -0.0195496 0.0176653)
(-0.0178582 -0.0179509 0.0153532)
(-0.0175551 -0.0189188 0.0157798)
(-0.0176284 -0.0168841 0.0164964)
(-0.0151992 -0.0179551 0.0177249)
(-0.013226 -0.0193772 0.0163286)
(-0.0123373 -0.0199553 0.0157948)
(-0.0100278 -0.0196769 0.0168442)
(-0.0124183 -0.0208162 0.0179634)
(-0.0127596 -0.0188564 0.0177468)
(-0.0106355 -0.0198317 0.0155136)
(-0.0123146 -0.0151316 -0.00132423)
(-0.0107247 -0.0145538 -0.00249845)
(-0.0138885 -0.0160242 -0.00206609)
(-0.0115458 -0.0141503 -0.0024425)
(-0.00997282 -0.0155792 -0.00159038)
(-0.00922723 -0.0150854 -0.0019357)
(-0.00545207 -0.0145486 -0.000774927)
(-0.00392711 -0.0158113 0.000454962)
(-0.00404192 -0.0161022 0.000926444)
(-0.00481894 -0.015073 -0.000170619)
(-0.00770664 -0.0163034 -0.000960972)
(-0.00598549 -0.0158668 1.34453e-05)
(-0.00454426 -0.0134414 -0.000244518)
(-0.0036917 -0.0135196 0.00027698)
(-0.00455662 -0.013623 -0.00107689)
(-0.00518655 -0.013473 -0.00136443)
(-0.00512641 -0.0140808 -0.000543385)
(-0.00423036 -0.0127334 -0.000767272)
(-0.00811869 -0.0145424 0.00815564)
(-0.00551757 -0.0159517 0.00790199)
(-0.00803485 -0.0152364 0.00849617)
(-0.00684731 -0.0148421 0.0070242)
(-0.00501297 -0.0154568 0.00697205)
(-0.00712155 -0.0157455 0.00876748)
(-0.00401981 -0.0149129 0.00584141)
(-0.00596153 -0.016104 0.00691975)
(-0.00520845 -0.0143859 0.0050626)
(-0.00620941 -0.0150147 0.00515782)
(-0.00667556 -0.0132067 0.00528992)
(-0.00655438 -0.0139964 0.00578183)
(-0.00749409 -0.014496 2.24055e-05)
(-0.00855031 -0.0136565 -0.000910636)
(-0.00758042 -0.0150054 0.000179343)
(-0.00834209 -0.0138439 -0.000892348)
(-0.00758106 -0.013717 -0.000367743)
(-0.00798328 -0.0156207 2.5807e-05)
(-0.012007 -0.0121782 -0.00291732)
(-0.0129955 -0.0104388 -0.00171495)
(-0.0127939 -0.010621 -0.00165767)
(-0.0111835 -0.0104451 -0.00128406)
(-0.0100978 -0.0132997 -0.00214412)
(-0.010187 -0.0124132 -0.00159689)
(-0.0109395 -0.0130619 -0.00214575)
(-0.0135343 -0.00769521 0.00122834)
(-0.0141617 -0.00822741 0.00108526)
(-0.0131311 -0.00853092 -0.000100006)
(-0.0130565 -0.00944661 0.000161286)
(-0.0127695 -0.0089209 -4.95059e-05)
(-0.0132684 -0.00750413 0.00115687)
(-0.00512291 -0.0100579 0.00538634)
(-0.00739461 -0.0115138 0.00633926)
(-0.00345788 -0.00944279 0.00406991)
(-0.0047375 -0.0112853 0.00413542)
(-0.00360048 -0.0084077 0.00418466)
(-0.00609584 -0.0117415 0.00471647)
(-0.0136814 -0.0147057 0.00876946)
(-0.00932339 -0.0132212 0.0054003)
(-0.0126713 -0.0152812 0.00630047)
(-0.0109207 -0.0128604 0.00782872)
(-0.0107297 -0.0148768 0.00503244)
(-0.00980749 -0.0129879 0.00660917)
(-0.013579 -0.0131729 0.0155777)
(-0.0133723 -0.01416 0.0121611)
(-0.0171852 -0.0163305 0.0175436)
(-0.0169828 -0.0152364 0.0145269)
(-0.0153801 -0.0149962 0.0178274)
(-0.0166608 -0.0159658 0.0132153)
(-0.00374197 -0.00805091 0.00544581)
(-0.00501925 -0.00776232 0.00797356)
(-0.0025185 -0.00606338 0.00444765)
(-0.00297101 -0.00585734 0.00550166)
(-0.00295696 -0.00785985 0.00419938)
(-0.00355972 -0.00625828 0.00650326)
(-0.0161454 -0.0156729 0.0103461)
(-0.00776906 -0.0133879 0.00472666)
(-0.00270254 -0.00739341 0.00354564)
(-0.0135458 -0.00875651 -0.000403992)
(-0.0119065 -0.0105306 -0.00104069)
(-0.0106281 -0.0114186 -0.000865364)
(-0.0113849 -0.0101741 -0.000320382)
(-0.0117114 -0.00946109 -2.79799e-05)
(-0.00990812 -0.0117918 -0.00107184)
(-0.00981385 -0.0131163 -0.0015058)
(-0.00728612 -0.0144511 0.000402688)
(-0.00735708 -0.0135263 0.000298007)
(-0.00873765 -0.0136132 -0.000352503)
(-0.00893315 -0.0131094 -0.000586486)
(-0.0121408 -0.00914502 0.000610354)
(-0.0101581 -0.0110487 0.0111249)
(-0.00938004 -0.0128623 0.0104715)
(-0.0111472 -0.010074 0.0112438)
(-0.0111146 -0.00967724 0.0117234)
(-0.0110541 -0.00921925 0.0115194)
(-0.00778244 -0.0120693 0.0053947)
(-0.0112077 -0.00966588 0.00782202)
(-0.0111966 -0.00811932 0.00886065)
(-0.00996433 -0.00938329 0.00659326)
(-0.011647 -0.00894293 0.00970502)
(-0.0124244 -0.00930266 0.0112105)
(-0.011036 -0.00983134 0.0101287)
(-0.00474777 -0.0171863 0.00708317)
(-0.00912031 -0.013318 0.00931596)
(-0.00824451 -0.0135948 0.00881922)
(-0.0144387 -0.0202282 0.0107967)
(-0.0183434 -0.018342 0.0139339)
(-0.0205346 -0.0190448 0.0137323)
(-0.0166081 -0.0210412 0.011579)
(-0.0186723 -0.019225 0.0130536)
(-0.0200125 -0.0194061 0.0118197)
(-0.0194491 -0.018271 0.0123628)
(-0.0180288 -0.0191284 0.0116827)
(-0.0170379 -0.0198377 0.0107989)
(-0.0187973 -0.0201967 0.011008)
(0.00263333 -0.0215691 0.016483)
(0.0044715 -0.0178535 0.0257341)
(-0.00178188 -0.0198859 0.0169533)
(0.00128811 -0.019555 0.0126725)
(-0.00365303 -0.01875 0.0200418)
(-0.0114988 -0.0181806 0.0222718)
(-0.0161976 -0.0160025 0.0185988)
(-0.00504195 -0.0187578 0.0237974)
(-0.00172985 -0.0172765 0.0238893)
(0.000313411 -0.019034 0.0207755)
(5.38526e-05 -0.0160028 0.0261915)
(6.92562e-05 -0.0187396 0.0229175)
(-0.00073479 -0.0180568 0.0246771)
(-0.000996199 -0.0173014 0.0258231)
(0.000381457 -0.0174123 0.0252885)
(-0.0141684 -0.0145764 0.0198041)
(-0.0120396 -0.0144717 0.0226182)
(-0.0112683 -0.0139836 0.0241768)
(-0.0123196 -0.0135514 0.0196594)
(-0.00319583 -0.0137661 0.0290094)
(-0.0105569 -0.0133345 0.0227206)
(-0.0095687 -0.0137525 0.0255103)
(-0.0104587 -0.0126049 0.02056)
(-0.00887234 -0.0113306 0.0209728)
(-0.00827818 -0.0098434 0.018054)
(0.00663342 -0.0186976 0.0243383)
(0.00502781 -0.0201221 0.0204852)
(0.00610294 -0.0192656 0.0220918)
(0.00665607 -0.0178013 0.0252434)
(0.00110027 -0.0195284 0.0173983)
(0.000735912 -0.0196395 0.0192187)
(0.0011157 -0.0204269 0.0132246)
(0.00256737 -0.0203486 0.0144681)
(0.00230604 -0.0203924 0.0139294)
(0.00335709 -0.0211355 0.0169913)
(0.00499238 -0.02031 0.0182651)
(0.00265838 -0.0202104 0.0139705)
(-0.000321631 -0.0163052 0.0289982)
(0.00247015 -0.0149241 0.0284851)
(0.00221573 -0.0146175 0.0297635)
(0.00195144 -0.0184452 0.0116693)
(0.00122327 -0.0198659 0.0121863)
(0.00254696 -0.020117 0.0140988)
(-0.00136889 -0.0211162 0.0135572)
(-0.00239551 -0.0208653 0.0131975)
(0.00433834 -0.0128635 0.0227043)
(0.0101266 -0.0100818 0.0257613)
(0.00947742 -0.0151058 0.0198915)
(0.00928928 -0.0130695 0.0255673)
(0.0096455 -0.0129782 0.0232312)
(0.0104374 -0.0139645 0.0218455)
(0.0103736 -0.0130439 0.0249199)
(0.00950031 -0.0129078 0.0245835)
(0.0100213 -0.0111331 0.0217532)
(0.00944066 -0.014557 0.0192811)
(-0.0106163 -0.016384 0.0181788)
(0.00180355 -0.012586 0.0195853)
(0.00451253 -0.0127667 0.0212201)
(0.00509186 -0.0146959 0.0202316)
(0.0058203 -0.0146318 0.0189152)
(0.00347416 -0.0143471 0.0189242)
(0.00459359 -0.0146924 0.0179148)
(0.00139975 -0.0151066 0.0117711)
(0.00307871 -0.0142661 0.0169773)
(0.00283085 -0.0155222 0.0153778)
(0.00226774 -0.0151363 0.0135058)
(0.00250182 -0.0136689 0.0181917)
(0.00155746 -0.0145432 0.0143942)
(-0.0088133 -0.00796795 0.0173216)
(-0.00920303 -0.00868857 0.0168654)
(-0.00715863 -0.0101581 0.0153457)
(-0.0074775 -0.00855098 0.016417)
(-0.00813563 -0.0092705 0.0159251)
(-0.0121414 -0.00532977 0.00852373)
(-0.0119031 -0.00420867 0.0123142)
(-0.0118476 -0.0049351 0.0107051)
(-0.00966772 -0.00670496 0.0168834)
(-0.00913439 -0.00637251 0.0168143)
(-0.0109797 -0.00464377 0.0152063)
(-0.0101429 -0.00501502 0.0162839)
(-0.00196163 -0.0188751 0.0167285)
(-0.00337914 -0.0194672 0.0181309)
(-0.00191053 -0.0159784 0.00569103)
(-0.0015726 -0.0163078 0.00672855)
(-0.00141869 -0.0168609 0.0069252)
(-0.000703546 -0.0185233 0.0100908)
(-0.00152298 -0.0176203 0.00793239)
(-0.0171247 -0.0204154 0.00975918)
(-0.0204076 -0.0172834 0.00601485)
(-0.0154796 -0.0202033 0.00932447)
(-0.0145516 -0.0205744 0.00959137)
(-0.0154537 -0.0204312 0.0180902)
(-0.0193525 -0.0180109 0.0143737)
(-0.0196333 -0.0169342 0.0135651)
(-0.00996018 -0.0133631 -0.00290073)
(-0.0119188 -0.0129057 -0.00333529)
(-0.0133307 -0.013729 -0.00300232)
(-0.0117489 -0.013486 -0.00275757)
(-0.00712703 -0.0132158 -0.00238584)
(-0.00546032 -0.0126238 -0.00196764)
(-0.00546746 -0.012733 -0.0019375)
(-0.00352996 -0.0140474 0.00110073)
(-0.00307084 -0.0141863 0.00186455)
(-0.00288977 -0.0129707 0.001673)
(-0.0050043 -0.011965 -0.0016349)
(-0.00441427 -0.0125161 -0.000972929)
(-0.0034634 -0.012594 0.00115513)
(-0.00378826 -0.0126048 0.000366591)
(-0.00363088 -0.0148489 0.00119014)
(-0.00408026 -0.014965 0.000400027)
(-0.017706 -0.016207 0.0055798)
(-0.0188733 -0.0158 0.00676461)
(-0.0204204 -0.0169131 0.00943234)
(-0.0193105 -0.0154831 0.010476)
(-0.011141 -0.0172421 0.000253155)
(-0.0163827 -0.0166359 0.00339029)
(-0.014696 -0.0168905 0.00230674)
(-0.0131908 -0.0159082 0.000932176)
(-0.00432561 -0.0120898 0.00369047)
(-0.010247 -0.0150713 0.00369348)
(-0.0133721 -0.0152898 0.00288585)
(-0.0119438 -0.0160714 0.00349)
(-0.0131108 -0.0152995 0.00426658)
(-0.0153579 -0.0161947 0.00660356)
(-0.0152978 -0.0153788 0.00504632)
(-0.0145561 -0.0157913 0.00425981)
(-0.00719151 -0.0148781 0.00103882)
(-0.00938752 -0.0166838 0.00196368)
(-0.0106575 -0.0167463 0.00141487)
(-0.0114234 -0.015504 0.00243653)
(-0.010151 -0.0150386 0.00240105)
(-0.00323793 -0.0123931 0.00169406)
(-0.00378979 -0.0122597 0.00115761)
(-0.0204099 -0.0155965 0.00631901)
(-0.0209615 -0.0141431 0.00162308)
(-0.0141134 -0.0129217 -0.00236339)
(-0.0208089 -0.0154612 0.00365603)
(-0.017308 -0.013789 -0.00113594)
(-0.0163945 -0.0140786 -0.00181475)
(-0.0146183 -0.0139157 -0.00186767)
(-0.0127334 -0.0141506 -0.00245703)
(-0.0186663 -0.0136327 -0.000763588)
(-0.0191444 -0.0139645 -8.46246e-06)
(-0.0208771 -0.0139785 0.000777366)
(-0.0188185 -0.013389 -0.000880971)
(-0.0228131 -0.0173126 0.00516788)
(-0.019329 -0.0141314 0.0011704)
(-0.0204508 -0.0145821 0.00403843)
(-0.0190748 -0.0146941 -3.24297e-05)
(-0.0198862 -0.0153338 0.0024564)
(-0.0166608 -0.0145509 -0.000912805)
(-0.0176585 -0.0143757 -0.00025427)
(-0.0190453 -0.0157564 0.000770136)
(-0.0185071 -0.0171789 0.00330778)
(-0.012077 -0.0157419 -0.000485443)
(-0.0146112 -0.0164666 0.000746319)
(-0.0157648 -0.0151181 0.00171534)
(-0.0145339 -0.0148654 -0.00120008)
(-0.0139527 -0.0158143 -0.000792922)
(-0.0215533 -0.0165318 0.00544823)
(-0.0202068 -0.0153249 0.00421098)
(-0.0195344 -0.0145267 0.00412423)
(-0.0202504 -0.0173713 0.0121119)
(-0.0200505 -0.0167303 0.00981693)
(-0.0220927 -0.0183683 0.0113957)
(-0.0207407 -0.0184042 0.0115118)
(-0.0216566 -0.0177083 0.00841931)
(-0.0214423 -0.0168006 0.0083306)
(-0.0196073 -0.0170494 0.00610244)
(-0.0193403 -0.0157021 0.00484774)
(-0.0173437 -0.0148036 0.0042735)
(-0.00241297 -0.0144653 0.00297323)
(-0.00190796 -0.0141638 0.00742981)
(-0.00224838 -0.0143358 0.00514746)
(-0.0010633 -0.013629 0.00688054)
(-0.00294647 -0.0129067 0.00233467)
(-0.00245419 -0.0146296 0.0044996)
(-0.00216043 -0.0138979 0.00339699)
(-0.00221562 -0.0151312 0.00307878)
(-0.00179729 -0.0140587 0.00440786)
(-0.00200338 -0.0145423 0.00353034)
(-0.00289912 -0.0154832 0.00168845)
(0.0016629 -0.0152407 0.0108036)
(0.00249167 -0.0150948 0.0118246)
(0.00114628 -0.0153238 0.00784214)
(0.000670041 -0.0153179 0.0086816)
(-0.000519936 -0.0158134 0.00570827)
(0.000310812 -0.0157733 0.00659173)
(0.00222338 -0.016582 0.00960397)
(0.0019883 -0.0163378 0.0109776)
(-0.00396542 -0.0175655 0.0016521)
(-0.00163312 -0.0127729 0.00519076)
(-0.00219752 -0.0124805 0.00455859)
(-0.00289441 -0.0124878 0.00316339)
(-0.00192463 -0.0129446 0.00735353)
(-0.00234261 -0.0138457 0.00613989)
(-0.00318644 -0.0122143 0.00300319)
(-9.06064e-05 -0.0163617 0.00617217)
(-0.000844927 -0.0171056 0.00517221)
(-0.000386215 -0.0171844 0.00521295)
(-0.00117256 -0.0164248 0.00426764)
(-0.00186233 -0.0177449 0.00381361)
(-0.000646687 -0.0158309 0.00408359)
(-0.00394652 -0.0158474 0.00180473)
(-0.0025678 -0.0164965 0.0030117)
(-0.00434603 -0.0154185 0.00216828)
(-0.00192458 -0.0164651 0.00293262)
(-0.000721191 -0.0166355 0.00366815)
(-0.00318713 -0.0162058 0.00256924)
(-0.00823222 -0.01492 -0.00113692)
(-0.0106987 -0.0169373 -0.000996833)
(-0.00794061 -0.0167285 3.10826e-05)
(-0.00937645 -0.0161368 -5.5571e-05)
(-0.000145586 -0.00598521 0.0027606)
(0.00136252 -0.0134545 0.00628079)
(-8.87466e-05 -0.0111334 0.00406499)
(0.000103541 -0.011073 0.00439312)
(0.00060847 -0.0117749 0.00533113)
(0.00124879 -0.0121912 0.00593274)
(-0.00365084 -0.0149155 0.00334167)
(-0.00247177 -0.0161602 0.00288976)
(-0.00271716 -0.0168572 0.00283323)
(-0.00174558 -0.0170854 0.00369539)
(-0.00289209 -0.0149739 0.00331434)
(-0.00138651 -0.0173874 0.0049623)
(-0.00161023 -0.015495 0.00438766)
(-0.000781428 -0.0154532 0.00485748)
(-0.000914224 -0.0134955 0.00464913)
(0.000363854 -0.0124414 0.00461218)
(0.000249971 -0.0152708 0.00590138)
(0.000703062 -0.0139752 0.00560138)
(0.00492371 -0.0103356 0.00811194)
(0.00197487 -0.0121288 0.00647787)
(0.000991248 -0.0103706 0.00512539)
(0.000814724 -0.00765483 0.00420043)
(0.00673323 -0.0165997 0.0154097)
(0.00884976 -0.0159244 0.0166952)
(0.00717288 -0.0158065 0.0142287)
(0.00151719 -0.0169218 0.00894707)
(0.000581438 -0.0166687 0.00723989)
(-0.000863058 -0.0167815 0.00500811)
(0.000394334 -0.0159031 0.0055612)
(0.000672827 -0.016504 0.00660623)
(0.00252236 -0.016492 0.0100332)
(0.000448826 -0.0167806 0.00587162)
(0.000150553 -0.0179864 0.00607088)
(0.00503239 -0.01605 0.0168724)
(0.006839 -0.0155387 0.0159517)
(0.00544899 -0.0163475 0.013006)
(0.00529998 -0.0172748 0.0145435)
(0.00420019 -0.01625 0.01063)
(0.00570698 -0.0151988 0.0111662)
(0.0060037 -0.0161141 0.0125275)
(0.000826537 -0.0166459 0.00707029)
(0.000970724 -0.0153976 0.00668687)
(0.00229168 -0.0163894 0.00792892)
(0.00307829 -0.0162973 0.00922506)
(0.00195996 -0.0142601 0.00722415)
(0.00226792 -0.0155761 0.0077219)
(0.00448064 -0.0156163 0.0100043)
(0.00341895 -0.0153908 0.00858901)
(0.00940137 -0.0143448 0.0160323)
(0.008834 -0.0155133 0.0174435)
(0.00728006 -0.0160137 0.0136975)
(0.00817201 -0.0156082 0.0153075)
(0.00829128 -0.0146388 0.0141588)
(0.00658644 -0.0149332 0.0123952)
(0.00707976 -0.0133742 0.0124226)
(0.00564981 -0.0125773 0.00990865)
(0.00873196 -0.0141367 0.0150785)
(0.00596928 -0.0137904 0.0110225)
(-0.00103925 -0.0172163 0.00693085)
(-0.00245894 -0.0153469 0.00484485)
(-0.0108828 -0.00530011 0.00561165)
(-0.00993055 -0.00760224 0.00397402)
(-0.00645114 -0.0123787 0.00315358)
(-0.00245154 -0.0168135 0.00613097)
(-0.00213141 -0.0160361 0.00596011)
(-0.00301668 -0.0154432 0.00473476)
(-0.00398612 -0.01439 0.00381044)
(-0.00337953 -0.0177631 0.00751759)
(-0.00243197 -0.0186906 0.00828723)
(-0.00081413 -0.0172248 0.00811197)
(2.0723e-05 -0.0177212 0.0096821)
(0.000288192 -0.019858 0.01169)
(-0.000834335 -0.0192882 0.0103897)
(-0.00478449 -0.013933 0.00390693)
(-0.00572117 -0.0136892 0.0036431)
(-0.00416096 -0.0156625 0.00501228)
(-0.00411482 -0.0157299 0.00530757)
(-0.00500505 -0.0159058 0.00554956)
(-0.00488879 -0.01573 0.0053309)
(-0.00245096 -0.0164459 0.00725614)
(-0.00268007 -0.016148 0.00696424)
(-0.000903267 -0.0166664 0.0084163)
(-0.00234851 -0.0161324 0.00767419)
(-0.00433081 -0.0180769 0.00912505)
(-0.00173093 -0.0189721 0.00965634)
(-0.00754727 -0.0141722 0.00518876)
(-0.00553056 -0.0130065 0.00420678)
(-0.00718685 -0.0121038 0.00352102)
(-0.00662605 -0.0123229 0.00360081)
(-0.0102603 -0.0087506 0.00494879)
(-0.00330101 -0.0187239 0.00943005)
(-0.00239929 -0.0186417 0.0106541)
(-0.00331661 -0.0205813 0.0128504)
(-0.0018648 -0.0194379 0.0117848)
(-0.0100774 -0.013147 0.0113664)
(-0.00565729 -0.0189522 0.012647)
(-0.00718894 -0.0167231 0.0120111)
(-0.00407139 -0.0180982 0.0109098)
(-0.00381946 -0.017431 0.009138)
(-0.00525783 -0.016511 0.00869424)
(-0.00396456 -0.017638 0.00969631)
(-0.00518214 -0.0175629 0.010432)
(-0.011881 -0.00597553 0.00913195)
(-0.0106343 -0.00831662 0.00662243)
(-0.0111632 -0.00898124 0.00773123)
(-0.0113845 -0.00779587 0.00681208)
(-0.0119569 -0.00647421 0.00928894)
(-0.0114313 -0.00628756 0.00819394)
(-0.0115991 -0.00726432 0.00871119)
(-0.011604 -0.0055541 0.0107641)
(-0.0112273 -0.00455589 0.0115062)
(-0.0121931 -0.00597641 0.0114222)
(-0.0124298 -0.00743266 0.0104639)
(-0.0119021 -0.00831201 0.0100449)
(-0.0105752 -0.0107112 0.0163211)
(-0.0101071 -0.0117184 0.0121081)
(-0.0106833 -0.0105558 0.0146418)
(-0.0107858 -0.0127701 0.0133248)
(-0.0112272 -0.0118348 0.0136824)
(-0.0106478 -0.0105287 0.0141111)
(-0.00922704 -0.0119625 0.0122051)
(-0.0089652 -0.0150184 0.0126074)
(-0.0102541 -0.0126666 0.0142689)
(-0.00967919 -0.0140186 0.0147948)
(-0.00626252 -0.018667 0.00374222)
(-0.006476 -0.0201802 0.0113165)
(-0.00770706 -0.0200063 0.0145177)
(-0.00763614 -0.0213057 0.0134738)
(-0.00840338 -0.0202276 0.0136381)
(-0.0101443 -0.020671 0.0141534)
(-0.00643891 -0.0193875 0.0058339)
(-0.00646849 -0.019255 0.00445004)
(-0.00822624 -0.0210942 0.0117927)
(-0.00906224 -0.0211552 0.0110321)
(-0.00648496 -0.020226 0.0088493)
(-0.012137 -0.0202645 0.00918024)
(-0.0137241 -0.0206333 0.010477)
(-0.00950862 -0.0196379 0.0089289)
(-0.0100503 -0.020689 0.00756038)
(-0.00937003 -0.0207397 0.00899989)
(-0.0124514 -0.0212122 0.0113261)
(-0.0141217 -0.0213368 0.0120773)
(-0.0104462 -0.0206805 0.010789)
(-0.0110088 -0.0211211 0.0136119)
(-0.0110082 -0.0199218 0.0116423)
(-0.00943228 -0.0203599 0.0119469)
(-0.0149892 -0.00558524 0.00456655)
(-0.0161387 -0.00710973 0.00666416)
(-0.0109625 -0.00971588 0.0134266)
(-0.0137325 -0.00922974 0.0120562)
(-0.0151869 -0.00681491 0.00895601)
(-0.0160183 -0.00675875 0.00587138)
(-0.0151032 -0.00762685 0.0105783)
(-0.0145159 -0.00725889 0.0105333)
(-0.0152062 -0.006322 0.00658681)
(-0.0160275 -0.00596062 0.00658984)
(-0.0158632 -0.00739332 0.0079127)
(-0.0101784 -0.00740341 0.0158881)
(-0.0132982 -0.00721825 0.0111848)
(-0.0130354 -0.0064192 0.012112)
(-0.0114695 -0.00664542 0.0142395)
(-0.0106323 -0.00761792 0.0159893)
(-0.0095724 -0.0086536 0.0157107)
(-0.0128948 -0.0073883 0.011993)
(-0.0129578 -0.00847297 0.0125307)
(-0.0135876 -0.00759583 0.0119912)
(-0.011694 -0.0088456 0.0134206)
(-0.0106124 -0.00825813 0.0137899)
(-0.0104963 -0.00981311 0.0150077)
(-0.00935944 -0.00950374 0.0152486)
(-0.0103026 -0.00950508 0.0146886)
(-0.0117647 -0.00842257 0.0143735)
(-0.012536 -0.00895722 0.0137587)
(-0.0101049 -0.0140011 -0.00229416)
(-0.00921535 -0.0156159 -0.00136121)
(-0.0076431 -0.0165817 0.000484007)
(-0.00893102 -0.0151025 -0.00136032)
(-0.00900551 -0.0143028 -0.00130058)
(-0.00853122 -0.016188 -0.000268334)
(-0.00694514 -0.0183247 0.00200847)
(-0.00741083 -0.0185056 0.00333932)
(-0.00718006 -0.0173625 0.00157488)
(-0.00768962 -0.0194875 0.00244682)
(-0.00607946 -0.0178487 0.0046921)
(-0.00677627 -0.0182273 0.00359369)
(-0.00811447 -0.019586 0.00698113)
(-0.00837021 -0.019768 0.00555648)
(-0.0084948 -0.020584 0.00397309)
(-0.00841868 -0.0199012 0.0059198)
(-0.0097025 -0.0208642 0.00594956)
(-0.0105324 -0.0212183 0.00482507)
(-0.00731689 -0.0196193 0.00571519)
(-0.00883154 -0.0211041 0.00434133)
(-0.009343 -0.0202186 0.00321242)
(-0.00947255 -0.0199155 0.00321797)
(-0.007921 -0.0181544 0.00216817)
(-0.0147495 -0.00581736 0.00677206)
(-0.014723 -0.00541707 0.00806923)
(-0.014425 -0.00584027 0.00964486)
(-0.014647 -0.00566635 0.00902779)
(-0.0124169 -0.00794467 0.00128416)
(-0.0152748 -0.0067585 0.00495296)
(-0.0121866 -0.00871819 0.000840002)
(-0.0119584 -0.00744264 0.00166921)
(-0.0117149 -0.00614252 0.00510712)
(-0.0120111 -0.0060466 0.00504928)
(-0.0121459 -0.00725454 0.00381277)
(-0.0111241 -0.00839025 0.00316065)
(-0.0120699 -0.00732207 0.00358883)
(-0.0116072 -0.00796706 0.00239178)
(-0.0117837 -0.00460973 0.0132302)
(-0.0113144 -0.00405452 0.0115267)
(-0.0132596 -0.00548639 0.0104036)
(-0.0126919 -0.00546467 0.00976312)
(-0.0125319 -0.00487673 0.013828)
(-0.0132406 -0.00539269 0.0118642)
(-0.0124691 -0.00516268 0.00832604)
(-0.0122184 -0.00584114 0.00711728)
(-0.0122547 -0.00604819 0.0055288)
(-0.0115571 -0.00592732 0.0145075)
(-0.0112419 -0.00700602 0.0155586)
(-0.0110328 -0.00661286 0.0154163)
(-0.0128713 -0.00581055 0.011825)
(-0.012231 -0.00645619 0.0139297)
(-0.0135937 -0.00592808 0.011635)
(-0.01276 -0.00528639 0.0113132)
(-0.0122435 -0.0049319 0.012509)
(-0.0138764 -0.00564281 0.00891025)
(-0.0133004 -0.00568402 0.0107134)
(-0.000937442 -0.0172905 0.0080816)
(-0.00107889 -0.0184406 0.00967369)
(-0.00129362 -0.018863 0.0131212)
(-0.0027864 -0.0190058 0.0140837)
(-0.00177811 -0.0190948 0.0145247)
(-0.00349472 -0.0200553 0.0123944)
(-0.00321706 -0.0149374 0.00400039)
(-0.0018588 -0.0156403 0.00558401)
(-0.00240482 -0.0168719 0.00614855)
(-0.00357271 -0.0155504 0.00429462)
(-0.00273962 -0.0167106 0.00562008)
(-0.0020862 -0.0173606 0.00653434)
(-0.00522271 -0.0165744 0.00349039)
(-0.00710747 -0.0145574 0.000939854)
(-0.00371698 -0.018403 0.00833508)
(-0.00290167 -0.0186489 0.0101154)
(-0.00550699 -0.0190374 0.00664748)
(-0.00594797 -0.0191729 0.00546208)
(-0.00580892 -0.0195618 0.00805088)
(-0.00543993 -0.0193571 0.00854788)
(-0.00348748 -0.0190651 0.00999824)
(-0.00673791 -0.0208995 0.0102786)
(-0.00546983 -0.014408 0.00205605)
(-0.00496503 -0.0142394 0.00238394)
(-0.00600416 -0.0130627 0.00148959)
(-0.00689086 -0.0126685 0.000957915)
(-0.00664262 -0.0138408 0.00163071)
(-0.0131945 -0.0088831 -0.00136709)
(-0.00218292 -0.0083642 0.0236921)
(-0.0018367 -0.00798103 0.0304466)
(-0.00302064 -0.00499965 0.0251599)
(-0.0048472 -0.00615263 0.0258314)
(-0.00581595 -0.00431691 0.0235814)
(-0.00105708 -0.00889024 0.029287)
(0.00236916 -0.00895976 0.031193)
(0.00169396 -0.00907082 0.0312658)
(0.00447118 -0.00930728 0.0306187)
(0.00583492 -0.00932666 0.0298467)
(-0.00716166 -0.00513462 0.0223325)
(-0.00985077 -0.00498502 0.0187608)
(-0.00238948 -0.0072425 0.0258884)
(0.00102039 -0.00855129 0.026877)
(-0.000593449 -0.00702109 0.0263869)
(-0.000721596 -0.00643855 0.0239765)
(-0.00120073 -0.00691258 0.0258514)
(0.00393133 -0.00999366 0.0257961)
(0.00192949 -0.00866654 0.025627)
(0.000809704 -0.00796202 0.0259434)
(0.00274771 -0.0110444 0.0247654)
(0.00349386 -0.0109646 0.023241)
(-0.000312301 -0.0093347 0.0248397)
(0.000972046 -0.00906911 0.0246153)
(-0.00988454 -0.00471823 0.0189918)
(-0.010228 -0.00388221 0.0141078)
(-0.00928546 -0.00438846 0.0181492)
(-0.0105864 -0.00470184 0.0161198)
(-0.00752816 -0.00533714 0.0213849)
(-0.00853198 -0.00451535 0.0194711)
(-0.00856132 -0.00446536 0.0197299)
(-0.0122279 -0.00578317 0.0131478)
(-0.0113875 -0.00528992 0.0162547)
(-0.0116904 -0.00583278 0.0144581)
(-0.0116786 -0.00800227 0.0112775)
(-0.0120005 -0.00731538 0.0114655)
(-0.0118877 -0.00646235 0.012611)
(-0.0102673 -0.00579464 0.0194146)
(-0.010416 -0.00861401 0.0130425)
(-0.0116989 -0.00963917 0.0151475)
(-0.00448046 -0.00971504 0.031021)
(-0.00514298 -0.00817424 0.0295721)
(-0.0109091 -0.0129306 0.0242922)
(-0.0101763 -0.0115028 0.0254667)
(-0.00800865 -0.0108445 0.0289828)
(-0.00884461 -0.00966052 0.0257812)
(-0.00819596 -0.0118375 0.0263157)
(-0.01132 -0.00929927 0.0181866)
(-0.0104993 -0.00693619 0.0206661)
(-0.00771268 -0.00754055 0.0255761)
(-0.00665444 -0.00511848 0.0237143)
(-0.0086383 -0.00690799 0.0228394)
(-0.00944949 -0.0124532 0.0223251)
(-0.00904337 -0.00952155 0.0234813)
(-0.0100437 -0.0105452 0.0202214)
(-0.0113114 -0.00945224 0.0158715)
(-0.0098018 -0.00884731 0.0154422)
(-0.0108376 -0.0090457 0.0166175)
(-0.0104507 -0.00935401 0.0148139)
(-0.00698796 -0.00809681 0.0175937)
(0.000460894 -0.0116832 0.0198701)
(-0.00669828 -0.0102273 0.0166855)
(-0.00658852 -0.0097185 0.0170909)
(-0.00463992 -0.00947942 0.0175707)
(-0.005671 -0.0112662 0.0143454)
(-0.00843887 -0.0105867 0.01478)
(-0.00731849 -0.0111296 0.0150719)
(-0.00538099 -0.0106942 0.0156933)
(-0.00520909 -0.0103139 0.0164718)
(-0.00322656 -0.0118634 0.00980886)
(-0.00309316 -0.0131227 0.00909839)
(-0.00429143 -0.0123981 0.0110322)
(-0.0044817 -0.0114508 0.0147097)
(-0.00475445 -0.0119147 0.0136359)
(-0.0039844 -0.0124041 0.0122959)
(-0.00129403 -0.0137554 0.00943599)
(-0.000266167 -0.0142866 0.00810026)
(0.000591336 -0.0149087 0.0100374)
(0.00115329 -0.0148948 0.013613)
(-0.00470535 -0.0113287 0.0118083)
(-0.0059575 -0.0117027 0.013203)
(-0.00514215 -0.0116299 0.0109553)
(-0.00647311 -0.011823 0.0116177)
(-0.00906481 -0.0114564 0.0122049)
(-0.00373008 -0.0118649 0.00870806)
(-0.00488328 -0.0123418 0.00949529)
(-0.00366207 -0.012667 0.0041987)
(-0.00380941 -0.0125262 0.00724455)
(-0.00421636 -0.0129234 0.00665783)
(-0.00333294 -0.0116057 0.00522376)
(-0.0043097 -0.012062 0.00750581)
(-0.00526593 -0.0128268 0.00882873)
(-0.00218698 -0.00894337 0.0226054)
(-0.00509394 -0.00764451 0.0213154)
(-0.00743439 -0.00537605 0.0202265)
(-0.00857828 -0.00712013 0.0179281)
(-0.00661736 -0.00762357 0.018439)
(-0.00770323 -0.00737572 0.0193374)
(-0.00874176 -0.00799648 0.0189569)
(-0.00526301 -0.00795541 0.0200857)
(-0.00210515 -0.0104018 0.0197636)
(-0.00669269 -0.00886415 0.0193668)
(-0.00519225 -0.00896071 0.0199366)
(-0.00517006 -0.00800565 0.018943)
(-0.00473773 -0.00937216 0.0184507)
(-0.0036587 -0.0101506 0.0199691)
(-0.00344993 -0.010546 0.0186924)
(-0.00567952 -0.00806371 0.0124147)
(-0.0046609 -0.00647543 0.00971353)
(-0.00372952 -0.0114931 0.0274248)
(-0.00591394 -0.00784078 0.0154709)
(-0.00674116 -0.00893638 0.0189705)
(-0.00608048 -0.00948353 0.0219951)
(-0.0050214 -0.0069728 0.0165631)
(-0.000467142 -0.0119111 0.0279543)
(-0.0104085 -0.0204244 0.00557976)
(-0.0122124 -0.0208908 0.00600557)
(-0.0126928 -0.0203576 0.00623809)
(-0.0162885 -0.0192057 0.00815086)
(-0.0157788 -0.0207545 0.0088983)
(-0.0145535 -0.0201514 0.0076477)
(-0.0158193 -0.0194555 0.00879724)
(-0.0158871 -0.020228 0.00816848)
(-0.0140205 -0.0206326 0.0071455)
(-0.013826 -0.0200908 0.00805652)
(-0.0156891 -0.0214199 0.00695732)
(-0.0164841 -0.0204968 0.00697784)
(-0.00237216 -0.0134431 0.00891638)
(-0.00268807 -0.0124266 0.012632)
(-0.00195398 -0.0129961 0.0116603)
(-0.00324982 -0.0128085 0.0114329)
(-0.00282193 -0.0129054 0.0097959)
(-0.00178071 -0.0136145 0.0103183)
(-0.00437442 -0.0114005 0.0171559)
(-0.00436739 -0.0119592 0.0167425)
(-0.00327553 -0.0119869 0.0141362)
(-0.00237144 -0.0132749 0.0149504)
(-0.00221615 -0.01101 0.017987)
(-0.002487 -0.0114428 0.0170945)
(-0.00216553 -0.0128566 0.0158536)
(-0.000534348 -0.0125778 0.0152262)
(-0.0106386 -0.00742013 0.0140787)
(-0.0108572 -0.00510591 0.0182219)
(-0.010985 -0.00781363 0.0170602)
(-0.0116905 -0.0074722 0.0129906)
(-0.0118193 -0.00747307 0.0146974)
(-0.0116797 -0.00824847 0.0132707)
(-0.0115785 -0.00646259 0.0142765)
(-0.0113207 -0.00651369 0.0165295)
(-0.0114341 -0.00769198 0.015867)
(-0.00251906 -0.0064156 0.0240323)
(-0.00335003 -0.00697926 0.0243596)
(-0.00477734 -0.00605209 0.0234658)
(-0.00660317 -0.00542171 0.0232712)
(-0.00773376 -0.00524164 0.0212622)
(-0.00522288 -0.00613648 0.0241558)
(-0.00488633 -0.00608964 0.0243647)
(-0.00901281 -0.00489202 0.020779)
(-0.00766175 -0.00542366 0.0209286)
(-0.00630719 -0.00570619 0.022895)
(-0.00873976 -0.00476717 0.0194482)
(-0.0076228 -0.00536217 0.0211799)
(-0.00588795 -0.00543445 0.0223162)
(0.00228265 -0.00768621 0.0286096)
(-0.00377096 -0.00616595 0.0258307)
(-0.00119031 -0.00628941 0.0263569)
(-4.32979e-05 -0.00653018 0.0270193)
(-0.00135599 -0.00817256 0.0300188)
(0.000803335 -0.00638672 0.0293838)
(-0.0042531 -0.00500979 0.0254731)
(-0.00394211 -0.00640807 0.0267428)
(-0.00249736 -0.00600827 0.0274863)
(-0.00611245 -0.00651066 0.0258936)
(-0.00555519 -0.00654108 0.0262443)
(-0.0152735 -0.00776403 0.000680847)
(-0.0167011 -0.00807426 0.00177981)
(-0.0154902 -0.0065182 0.00187859)
(-0.0160105 -0.0069237 0.00286458)
(-0.0161278 -0.00615561 0.0058105)
(-0.0156629 -0.00667706 0.00412375)
(-0.0135564 -0.00691177 0.00247228)
(-0.0142746 -0.00716259 0.00168906)
(-0.0147488 -0.00700736 0.00345479)
(-0.0148029 -0.00694651 0.00342921)
(-0.0122902 -0.00908525 -0.00264625)
(-0.00999063 -0.01157 -0.00297237)
(-0.0123189 -0.0116172 -0.00266714)
(-0.00754825 -0.0121632 0.000636961)
(-0.0113223 -0.00869707 0.000863896)
(-0.0101991 -0.00918922 0.000942666)
(-0.0100803 -0.0106617 -0.000393976)
(-0.00853359 -0.0124578 0.000174682)
(-0.00918505 -0.0122404 -9.84428e-05)
(-0.00953005 -0.0114373 0.000325833)
(-0.0108285 -0.0103368 0.00026894)
(-0.00986572 -0.0103957 0.000335875)
(-0.0075858 -0.0166173 0.00034502)
(-0.00655213 -0.0162332 0.00143114)
(-0.00770669 -0.0162521 0.0011148)
(-0.00623689 -0.0165197 0.00207193)
(-0.00468223 -0.020039 0.00813318)
(-0.00568567 -0.0194061 0.00738637)
(-0.00580503 -0.0158763 0.00235816)
(-0.00564107 -0.0191134 0.00543825)
(-0.0057366 -0.016677 0.00392108)
(-0.00437569 -0.0200198 0.0072385)
(-0.00435295 -0.0177991 0.0054114)
(-0.00436716 -0.0186909 0.00618953)
(-0.00312002 -0.0178899 0.00595223)
(-0.00493698 -0.0182472 0.004735)
(-0.0138588 -0.00515343 0.00977705)
(-0.0130733 -0.00537537 0.00816418)
(-0.0132074 -0.00485807 0.00920156)
(-0.0123037 -0.00684142 0.00400147)
(-0.0128652 -0.00629033 0.0057072)
(-0.0133776 -0.00618993 0.00669106)
(-0.0122442 -0.00634527 0.00424203)
(-0.013258 -0.00697993 0.00358748)
(-0.0136327 -0.00505189 0.00900016)
(-0.0137361 -0.00504266 0.00834)
(-0.0102444 -0.0198422 0.000404942)
(-0.00857582 -0.0170674 -0.000663848)
(-0.00941607 -0.0201868 0.000995822)
(-0.00885452 -0.0190644 0.0026966)
(-0.00875706 -0.0197772 0.00315047)
(-0.00782864 -0.0186872 0.00293345)
(-0.00943454 -0.0194887 0.0014068)
(-0.00829029 -0.0165271 -0.000137796)
(-0.00836519 -0.0174314 0.000159474)
(-0.00796885 -0.018991 0.00256102)
(-0.00941557 -0.0161645 -0.00153646)
(-0.00953369 -0.0153184 -0.0024571)
(-0.00976651 -0.0171696 -0.0017886)
(-9.8783e-05 -0.0190225 0.010839)
(0.000782762 -0.0195266 0.0123986)
(0.00118423 -0.0194395 0.0122708)
(-0.00114955 -0.0183245 0.0102508)
(0.00022933 -0.0198758 0.0121129)
(-0.00189493 -0.0182792 0.00964085)
(-0.000578037 -0.0192874 0.0102524)
(-2.59098e-05 -0.018577 0.00989339)
(0.00105478 -0.0200154 0.011609)
(0.000375586 -0.0189207 0.0102031)
(-0.000310848 -0.0193159 0.00962757)
(-0.0087476 -0.0103236 0.00204864)
(-0.00995053 -0.00920568 0.00287984)
(-0.00676978 -0.011021 0.00187091)
(0.00290305 -0.0125385 0.00718582)
(0.00314402 -0.0133159 0.00769859)
(0.00532942 -0.0142592 0.0103769)
(0.00401088 -0.0128013 0.0082555)
(0.00483729 -0.0131477 0.00913229)
(0.00423548 -0.014572 0.00918685)
(-0.00208578 -0.00827828 0.00326095)
(-0.00104455 -0.00763371 0.00320822)
(-0.0224767 -0.0157861 0.00253171)
(-0.021323 -0.0154931 0.00235871)
(-0.0109539 -0.0127334 -0.00357552)
(-0.00761069 -0.012375 -0.00263194)
(-0.00856006 -0.0126517 -0.00295159)
(-0.00703958 -0.0127086 -0.00277811)
(-0.00979383 -0.0211619 0.0160249)
(-0.0111753 -0.0203516 0.0188313)
(-0.0103227 -0.0200955 0.021155)
(-0.00411177 -0.0192878 0.0131363)
(-0.00544603 -0.0201327 0.0103529)
(-0.00688296 -0.0209639 0.0133677)
(-0.0184547 -0.0167804 0.0142315)
(-0.0192405 -0.0159033 0.0141515)
(-0.0215671 -0.0181478 0.0132302)
(-0.0198999 -0.0172075 0.0129794)
(-0.0207489 -0.0190682 0.016349)
(-0.0170611 -0.018808 0.0187926)
(-0.0160743 -0.0182447 0.021105)
(-0.013805 -0.0212977 0.00784913)
(-0.0120201 -0.0203157 0.00680001)
(-0.0133505 -0.0206626 0.00874752)
(-0.0114113 -0.0207473 0.00728254)
(-0.0121395 -0.0216027 0.00652369)
(-0.0103313 -0.0207587 0.00720345)
(-0.0189556 -0.0187643 0.0103407)
(-0.0204786 -0.0177197 0.00881754)
(-0.0176284 -0.019889 0.00899851)
(-0.0175678 -0.0191811 0.00970606)
(-0.0191942 -0.0195133 0.0100133)
(-0.0194854 -0.0180846 0.00920799)
(-0.0194654 -0.0174972 0.00769832)
(-0.0175094 -0.0193223 0.00780834)
(-0.0177586 -0.0185663 0.00866186)
(-0.0197209 -0.0190146 0.00834846)
(-0.00156735 -0.00544558 0.00336075)
(-0.00224658 -0.00471963 0.00477619)
(-0.00106804 -0.00438979 0.00279204)
(-0.00142196 -0.00408751 0.0030473)
(-0.00958479 -0.00455098 0.0174399)
(-0.0109217 -0.00455456 0.0153933)
(-0.00979259 -0.00458843 0.0178808)
(-0.0113619 -0.0045454 0.0139466)
(-0.0115014 -0.00420444 0.0145524)
(-0.0105171 -0.00442405 0.0163305)
(0.00144366 -0.00867723 0.0315686)
(-0.000714598 -0.00953615 0.0317376)
(0.00861122 -0.0105608 0.027503)
(0.00820642 -0.0104306 0.0285807)
(0.00932542 -0.0103656 0.0272406)
(0.00985262 -0.0118527 0.026879)
(0.00941312 -0.0117603 0.0255663)
(0.00783788 -0.0103988 0.0298466)
(0.0056123 -0.0130194 0.0223157)
(0.00640145 -0.0137352 0.0203142)
(0.00541916 -0.0124347 0.0238016)
(0.009381 -0.0147312 0.0180402)
(0.00954286 -0.0158597 0.0212523)
(0.00873162 -0.0137894 0.0220045)
(0.00727935 -0.0119201 0.0263046)
(0.00859548 -0.0133351 0.0237512)
(0.00787064 -0.0118603 0.025284)
(0.00756105 -0.0162396 0.0176881)
(0.00877153 -0.0147414 0.0193059)
(0.00743612 -0.0165017 0.018852)
(0.00682289 -0.0140411 0.0194127)
(-0.00323116 -0.0210843 0.0137476)
(-0.00523783 -0.0202892 0.013641)
(-0.00633733 -0.0205804 0.0149171)
(0.00270597 -0.0180683 0.0238525)
(0.000735127 -0.0193237 0.0226584)
(0.00504117 -0.0194122 0.0235298)
(0.00368059 -0.0196626 0.0150842)
(0.00383341 -0.020189 0.0170335)
(0.00538413 -0.0196227 0.0215214)
(0.00253906 -0.0190606 0.0144561)
(0.00385111 -0.0198544 0.0160126)
(0.00269571 -0.0202672 0.0146668)
(0.00127172 -0.0200653 0.0187474)
(0.00244381 -0.0195149 0.0173309)
(0.0028875 -0.0196629 0.0168236)
(0.00294309 -0.0195039 0.0203458)
(-0.0107865 -0.0162313 0.0267493)
(-0.00921197 -0.0151352 0.0266218)
(-0.00291632 -0.0170282 0.0264861)
(-0.00552522 -0.0143928 0.0270672)
(-0.00724595 -0.0154962 0.0275986)
(-0.00630426 -0.0169605 0.0269772)
(-0.00383723 -0.0156856 0.0261042)
(-0.00608948 -0.018291 0.024972)
(-0.00393403 -0.0179118 0.0252186)
(-0.00879021 -0.018054 0.0251795)
(-0.00911284 -0.0159952 0.0251225)
(-0.0061531 -0.0165017 0.0261444)
(-0.00777265 -0.0167125 0.0259945)
(-0.00938584 -0.0162732 0.0269583)
(-0.0151665 -0.0070015 0.00814236)
(-0.0128506 -0.00941683 0.0118837)
(-0.0149199 -0.00840158 0.0105754)
(-0.0160065 -0.00821665 0.00860005)
(0.000270951 -0.019667 0.0138458)
(-0.000462003 -0.0184145 0.0117846)
(-0.00110482 -0.0193893 0.0133456)
(-0.0001921 -0.0194037 0.0120945)
(0.000808455 -0.0189115 0.0174037)
(-0.000332529 -0.0200835 0.0153648)
(0.00674167 -0.0197719 0.0254069)
(-0.0159448 -0.0202048 0.0126263)
(-0.0146881 -0.0205877 0.0124245)
(-0.0169625 -0.0193597 0.0126626)
(-0.0174192 -0.0203156 0.0122713)
(-0.0181743 -0.0198205 0.0152482)
(-0.015284 -0.0198212 0.0162627)
(-0.0129504 -0.0207957 0.0133271)
(-0.0138087 -0.0199713 0.0135754)
(-0.0120459 -0.0202812 0.0140264)
(-0.0137287 -0.020774 0.0147405)
(-0.00660017 -0.0143222 -0.00174251)
(-0.00738574 -0.01524 -0.00164441)
(-0.00733364 -0.0131331 -0.00234639)
(-0.00832622 -0.0132435 -0.00252034)
(-0.00837329 -0.0137095 0.00689037)
(-0.011187 -0.0115239 0.00902596)
(-0.00839123 -0.0127263 0.00647692)
(-0.00970346 -0.0105113 0.00694902)
(-0.00924623 -0.0130099 0.0071355)
(-0.00895508 -0.0118848 0.00794505)
(-0.0100452 -0.0126218 0.00947839)
(-0.00952932 -0.0116635 0.00766811)
(-0.0106736 -0.0101042 0.00937704)
(-0.0109545 -0.0125672 0.00875469)
(-0.0108253 -0.0106314 0.00984603)
(-0.00881474 -0.0118296 0.00706837)
(-0.0113745 -0.0127238 0.0095917)
(-0.00604686 -0.00962542 0.00704711)
(-0.0119115 -0.0117236 0.0149477)
(-0.0128274 -0.0132769 0.0179878)
(-0.0114891 -0.0125226 0.0187473)
(-0.00805819 -0.00966858 0.015166)
(-0.00687073 -0.00902225 0.0102736)
(-0.00695004 -0.00873266 0.0126145)
(-0.0099745 -0.0109754 0.0162551)
)
;
    }
    INLET
    {
        type            calculated;
        value           nonuniform 0();
    }
    OUTLET
    {
        type            calculated;
        value           nonuniform 0();
    }
    procBoundary25to22
    {
        type            processor;
        value           uniform (0 0 0);
    }
    procBoundary25to26
    {
        type            processor;
        value           uniform (0 0 0);
    }
}


// ************************************************************************* //
