/*--------------------------------*- C++ -*----------------------------------*\
| =========                 |                                                 |
| \\      /  F ield         | OpenFOAM: The Open Source CFD Toolbox           |
|  \\    /   O peration     | Version:  v1612+                                |
|   \\  /    A nd           | Web:      www.OpenFOAM.com                      |
|    \\/     M anipulation  |                                                 |
\*---------------------------------------------------------------------------*/
FoamFile
{
    version     2.0;
    format      ascii;
    class       volVectorField;
    location    "100";
    object      wallShearStress;
}
// * * * * * * * * * * * * * * * * * * * * * * * * * * * * * * * * * * * * * //

dimensions      [0 2 -2 0 0 0 0];

internalField   uniform (0 0 0);

boundaryField
{
    WALL
    {
        type            calculated;
        value           nonuniform List<vector> 
1537
(
(-0.0222336 -0.0151942 0.00494)
(-0.0244884 -0.0150793 0.00609268)
(-0.0197426 -0.00493575 -0.00714782)
(-0.0190236 -0.004557 -0.00775601)
(-0.0207903 -0.014506 0.00256792)
(-0.0211389 -0.0144196 0.00257627)
(-0.0102613 -0.00476912 -0.00720708)
(-0.00968051 -0.00481309 -0.00606423)
(-0.0263957 -0.0121646 -0.0127716)
(-0.0277337 -0.0125865 -0.011798)
(-0.0201256 -0.0190292 0.0137397)
(-0.0220393 -0.0180143 0.0158129)
(-0.0122939 -0.0066064 0.000795806)
(-0.0212299 0.00122633 0.00602619)
(-0.0087399 -0.0103071 0.00492633)
(-0.00888553 -0.00844444 0.00449448)
(-0.0101934 -0.00600468 -0.00320204)
(-0.0104819 -0.00592519 -0.00466505)
(-0.00940912 -0.00818888 0.00255242)
(-0.00944812 -0.00941029 0.00248383)
(-0.00856355 -0.0126082 0.00306486)
(-0.00777621 -0.0136321 0.00253563)
(-0.0079339 -0.00397887 -0.00528985)
(-0.0233728 -0.00960196 -0.0136156)
(-0.0242316 -0.0108634 -0.0129339)
(-0.0131825 0.00119141 -0.00381873)
(-0.010887 9.89971e-05 -0.00269042)
(-0.0215602 -0.0162662 0.00507479)
(-0.0220492 -0.0158169 0.00681422)
(-0.0278119 -0.00681725 -0.0046136)
(-0.0314022 -0.00630485 -0.00300054)
(-0.0239279 -0.0129748 -0.00143098)
(-0.0227362 -0.0117697 -0.0032373)
(-0.0170808 0.00252631 -0.00224444)
(-0.0173782 0.0023573 -0.00384417)
(-0.015421 0.00222712 0.0133388)
(-0.0134795 0.000510641 0.0143587)
(-0.0135793 -0.00580197 -0.00822201)
(-0.012423 -0.0054973 -0.00804252)
(-0.0245866 -0.0113593 -0.00805556)
(-0.0229781 -0.0106602 -0.00782537)
(-0.0221355 -0.00941575 -0.0115838)
(-0.0219607 -0.00737758 -0.0131261)
(-0.00872603 -0.00447395 -0.0048639)
(-0.00789384 -0.0038791 -0.00348608)
(-0.00898994 -0.00476256 -0.00409113)
(-0.00864479 -0.00421637 -0.00511666)
(-0.00835136 -0.00426942 -0.00363905)
(-0.00823185 -0.00411905 -0.00411495)
(-0.0204227 -0.00420624 -0.0106854)
(-0.0184529 -0.00329367 -0.00947562)
(-0.0197949 -0.00460457 -0.00889018)
(-0.0213285 -0.00561593 -0.00971044)
(-0.0187128 -0.00356083 -0.00878751)
(-0.0208236 -0.00527601 -0.00983285)
(-0.0071477 -0.0142838 0.00112237)
(-0.00945945 -0.0133639 -0.00163701)
(-0.00908832 -0.0140687 0.000719966)
(-0.00768956 -0.0126224 -7.11317e-05)
(-0.00774934 -0.0127814 -0.00109428)
(-0.0075334 -0.0124749 -0.000595124)
(-0.00678379 -0.0136398 0.000458588)
(-0.00893422 -0.00282392 0.00559823)
(-0.00879617 -0.00190367 0.00617899)
(-0.00883579 -0.00293942 0.00686701)
(-0.0102716 -0.00254916 0.00815247)
(-0.00997702 -0.00134059 0.00725313)
(-0.0107712 -0.00123465 0.00872528)
(-0.0111356 -0.00930463 -0.00188871)
(-0.0125339 -0.00919943 -0.00385607)
(-0.0126747 -0.00881774 -0.00406341)
(-0.0114009 -0.00976579 -0.00170714)
(-0.0121012 -0.00958263 -0.00258257)
(-0.0112134 -0.00883515 -0.00286867)
(-0.0197151 -0.00654413 -0.00275386)
(-0.0210659 -0.00972722 -0.00255598)
(-0.0196318 -0.00859974 -0.00274228)
(-0.0199171 -0.0105073 -0.0010194)
(-0.0191805 -0.00765411 -0.00212138)
(-0.0191378 -0.0113368 -0.000646131)
(-0.0181706 0.00427915 0.0018363)
(-0.0184186 0.00336925 -0.000150471)
(-0.0188891 0.00407687 0.0011343)
(-0.0177658 0.00387066 -0.000522027)
(-0.0175879 0.00346206 -0.000380891)
(-0.0176661 0.00476182 0.00242703)
(-0.019203 0.00272382 0.00642456)
(-0.01847 0.00307519 0.00506654)
(-0.0187026 0.00240794 0.0046354)
(-0.0194182 0.00407499 0.0086249)
(-0.0185638 0.00440326 0.00856633)
(-0.0187285 0.00417469 0.00711098)
(-0.0140142 0.0011903 0.0112009)
(-0.0142807 0.00242347 0.010713)
(-0.0150513 0.00263457 0.0115358)
(-0.0141241 0.00161549 0.0120335)
(-0.015416 0.00332681 0.0101548)
(-0.0150995 0.00314293 0.010034)
(-0.0312763 -0.0117434 -0.00722032)
(-0.0318693 -0.0121772 -0.00865447)
(-0.0311674 -0.0111987 -0.00774186)
(-0.034338 -0.0111496 -0.00790148)
(-0.0332321 -0.0106401 -0.00688648)
(-0.0313878 -0.010865 -0.00657698)
(-0.00906467 -0.000362873 -0.00172141)
(-0.00780509 -0.00144911 -0.002257)
(-0.0083048 -0.00100186 -0.00187085)
(-0.0102751 -0.00061344 -0.00269446)
(-0.0237369 -0.00630341 -0.0120649)
(-0.0205564 -0.00497301 -0.0108758)
(-0.0231906 -0.00569946 -0.0120478)
(-0.0251377 -0.00450015 -0.0125498)
(-0.0234149 -0.00436746 -0.0124857)
(-0.00683959 -0.00167309 -0.00105182)
(-0.00663491 -0.00189018 -0.00127002)
(-0.00694044 -0.00158211 -0.000496394)
(-0.00710206 -0.00198121 -0.000692755)
(-0.00702492 -0.00215857 -0.000934281)
(-0.00683456 -0.00223325 -0.00141156)
(-0.0215296 -0.0137408 0.00050513)
(-0.0223095 -0.0135076 0.000500166)
(-0.0230214 -0.014363 0.00211824)
(-0.0248364 -0.0160645 0.00593892)
(-0.0219367 -0.0137275 0.0029587)
(-0.0213883 -0.0135176 0.000627867)
(-0.0206912 -0.0132059 0.000254854)
(-0.0253131 -0.0148362 0.00390798)
(-0.0113534 -0.00245905 0.0126532)
(-0.0127918 -0.000708702 0.0119498)
(-0.0128159 -0.000490768 0.0124486)
(-0.0116612 -0.00160003 0.0117094)
(-0.0112593 -0.00250484 0.012121)
(-0.0122487 -0.00148628 0.0128699)
(-0.0149568 -0.00116775 0.0173135)
(-0.0127663 -0.00225394 0.0179689)
(-0.0116829 -0.00301813 0.0193049)
(-0.00829033 -0.00794545 0.0104742)
(-0.00890456 -0.00720642 0.0112359)
(-0.00936404 -0.00660425 0.0125199)
(-0.00829651 -0.00799789 0.0120545)
(-0.00768797 -0.00828027 0.0107888)
(-0.0089902 -0.00681147 0.0123139)
(-0.00883414 -0.00515469 0.0104514)
(-0.00910919 -0.00600337 0.0114287)
(-0.0105135 -0.0056906 0.0120058)
(-0.00981197 -0.00425183 0.0106992)
(-0.00979147 -0.00405833 0.0122986)
(-0.00851024 -0.00702181 0.00536923)
(-0.00902447 -0.00719652 0.00458191)
(-0.00862565 -0.00646284 0.0056903)
(-0.00863523 -0.00634671 0.00466103)
(-0.00876775 -0.00750734 0.00475336)
(-0.00895291 -0.00610116 0.00499137)
(-0.00859782 -0.0103723 0.00496097)
(-0.00876962 -0.00895193 0.00554208)
(-0.00873953 -0.0105362 0.00413868)
(-0.00829779 -0.00998181 0.00578793)
(-0.00837007 -0.00938334 0.00611297)
(-0.00858735 -0.00922569 0.00506957)
(-0.0105681 -0.00447588 0.0137537)
(-0.0112408 -0.00333559 0.0137736)
(-0.010515 -0.0043185 0.0142902)
(-0.0120596 -0.00164083 0.0150279)
(-0.0114647 -0.00298628 0.0153055)
(-0.0115687 -0.00209386 0.0140233)
(-0.00756372 -0.0101366 0.012801)
(-0.00804703 -0.00994115 0.0122735)
(-0.00726728 -0.0109677 0.0102035)
(-0.00755369 -0.0111146 0.010234)
(-0.0068018 -0.0105743 0.0118839)
(-0.00705676 -0.00966966 0.0105631)
(-0.00505207 -0.0138533 0.00777185)
(-0.00590691 -0.0130726 0.00644875)
(-0.00596329 -0.0134125 0.00762407)
(-0.00630706 -0.0135019 0.00601545)
(-0.00632919 -0.0139934 0.00590452)
(-0.00529372 -0.0135328 0.00802084)
(-0.00586849 -0.0115926 0.00975412)
(-0.00646331 -0.0118442 0.011284)
(-0.00615043 -0.0128533 0.00938354)
(-0.00593417 -0.012146 0.0117938)
(-0.0057824 -0.0126966 0.0110335)
(-0.00579053 -0.0129249 0.00962011)
(-0.0339301 -0.00441021 -0.0117887)
(-0.0329105 -0.00312858 -0.00800727)
(-0.0349188 -0.00464231 -0.0106833)
(-0.0335067 -0.00294945 -0.0102178)
(-0.035468 -0.00377697 -0.00986488)
(-0.0271857 -0.00744449 -0.00317135)
(-0.0290021 -0.00709636 -0.00150484)
(-0.0249324 -0.00837563 -0.00383951)
(-0.0259192 -0.00646517 -0.000325727)
(-0.0218649 -0.00787542 -0.00269867)
(-0.0239875 -0.00734649 -0.00134878)
(-0.0179633 -0.00182894 -0.00480441)
(-0.0193602 -0.00359576 -0.00490902)
(-0.0193524 -0.00371511 -0.00508975)
(-0.0182858 -0.00264195 -0.00534512)
(-0.0182183 -0.00284821 -0.00429844)
(-0.018109 -0.0017524 -0.00427611)
(-0.0194549 -0.00571225 -0.00600932)
(-0.0207086 -0.00809829 -0.00567653)
(-0.0191697 -0.00858756 -0.00411881)
(-0.0186859 -0.00623258 -0.00486068)
(-0.0190219 -0.00495424 -0.00598434)
(-0.0192176 -0.00939443 -0.00412615)
(-0.0189069 -0.00589812 -0.00771086)
(-0.0209337 -0.00710844 -0.007061)
(-0.018548 -0.00344762 -0.0073479)
(-0.0204368 -0.00725434 -0.00797478)
(-0.0216608 -0.00840851 -0.00821532)
(-0.020969 -0.00938362 -0.00582167)
(-0.0202045 -0.0092972 -0.00584138)
(-0.0198458 -0.00683038 -0.00688147)
(-0.0208145 -0.0158873 0.00387835)
(-0.020523 -0.0169002 0.00511184)
(-0.0206616 -0.0175033 0.00677818)
(-0.0196334 -0.0157556 0.00444367)
(-0.0214659 -0.0139577 0.00207848)
(-0.0203785 -0.0179548 0.00752211)
(-0.0209001 -0.0181645 0.00678417)
(-0.021146 -0.0161545 0.00403812)
(-0.0201371 -0.0126061 -0.000132633)
(-0.0207101 -0.013008 0.00014903)
(-0.0207708 -0.0132228 -1.33596e-05)
(-0.0199824 -0.0133075 0.0021087)
(-0.0205291 -0.0134981 0.000245565)
(-0.0214262 -0.0139502 0.00153754)
(-0.0194239 -0.000259897 -0.0126899)
(-0.0197515 -0.00146657 -0.0135923)
(-0.0200659 -0.00279671 -0.0134115)
(-0.0195637 -0.00150146 -0.0126668)
(-0.0209062 -0.00370345 -0.0138677)
(-0.0202651 -0.00200029 -0.0144033)
(-0.0197986 0.00141221 -0.0155839)
(-0.00782114 -0.00395657 -0.00480397)
(-0.00863945 -0.00426674 -0.0057937)
(-0.00614725 -0.00195256 -0.00177925)
(-0.00608704 -0.00236611 -0.00231758)
(-0.00625498 -0.00233299 -0.00238893)
(-0.00657025 -0.00234134 -0.00195974)
(-0.00628718 -0.00245549 -0.00215661)
(-0.00611318 -0.00203262 -0.00200979)
(-0.00804595 -0.00248481 0.00166434)
(-0.0075862 -0.00244872 0.00100953)
(-0.00802615 -0.00153812 0.00227471)
(-0.00795363 -0.00201835 0.00220013)
(-0.00794085 -0.0016816 0.00162204)
(-0.00725643 -0.00184125 0.00122302)
(-0.00966515 -0.0048973 -0.0049918)
(-0.0105184 -0.00556859 -0.00513372)
(-0.0107361 -0.00543605 -0.0060507)
(-0.00990347 -0.00536936 -0.0046821)
(-0.0108402 -0.00487797 -0.00744735)
(-0.0100182 -0.00499674 -0.00587281)
(-0.0114284 -0.00531335 -0.00716021)
(-0.00959206 -0.00465963 -0.00667468)
(-0.00842202 -0.0035966 0.00149829)
(-0.00834236 -0.00398165 0.00123734)
(-0.00874099 -0.00451778 0.000886357)
(-0.00873709 -0.00425978 0.000418759)
(-0.00851241 -0.00361406 0.00102247)
(-0.00805219 -0.00362698 0.000767291)
(-0.00914578 -0.00540543 -2.23365e-05)
(-0.00929445 -0.0050508 -0.000531784)
(-0.00965309 -0.00569734 -0.00150642)
(-0.0091873 -0.00554048 -0.000683298)
(-0.00983567 -0.00603504 -0.00125959)
(-0.00898612 -0.0050905 -0.00101913)
(-0.0200564 -0.0189394 0.0095732)
(-0.0201167 -0.0185934 0.00775814)
(-0.0199499 -0.0182475 0.00681753)
(-0.0192368 -0.0011933 -0.00831266)
(-0.0181816 -0.00021378 -0.00680145)
(-0.0177184 0.00148166 -0.00655908)
(-0.0185105 -0.00105869 -0.00780304)
(-0.0198923 0.000325279 -0.00894172)
(-0.0176262 0.00128621 -0.00730016)
(-0.0186367 0.00593332 -0.00355134)
(-0.016875 0.00433025 -0.00367766)
(-0.018063 0.00394981 -0.00536138)
(-0.0181844 0.00419695 -0.005221)
(-0.0175869 0.00399067 -0.00368494)
(-0.0189653 0.0028837 -0.00607759)
(-0.0157765 0.00440435 -0.000806644)
(-0.0174867 0.00337647 -0.00289427)
(-0.0188299 0.00160736 -0.00271012)
(-0.0163069 0.0038018 -0.00283941)
(-0.0174218 0.00411465 -0.000831585)
(-0.0304994 -0.0126942 -0.00237399)
(-0.0292432 -0.0113926 -4.84649e-05)
(-0.027556 -0.0124798 -0.00138512)
(-0.0301964 -0.0125297 0.000834127)
(-0.0275511 -0.0123751 -0.000279062)
(-0.0270378 -0.0126768 -0.00209094)
(-0.023635 -0.0109078 -0.00645574)
(-0.0241524 -0.0119049 -0.00432833)
(-0.0267643 -0.0126261 -0.00400191)
(-0.0263492 -0.0121974 -0.00579095)
(-0.0248371 -0.011469 -0.00669653)
(-0.0256404 -0.0123324 -0.00423734)
(-0.0215721 -0.010555 -0.0049525)
(-0.0207043 -0.0109425 -0.00377552)
(-0.0208599 -0.00955085 -0.00519888)
(-0.0214039 -0.0106051 -0.00411149)
(-0.021948 -0.0115406 -0.00269303)
(-0.0217754 -0.0125737 -0.000658405)
(-0.0335018 -0.0112821 -0.00185416)
(-0.0342967 -0.00925967 -0.000854342)
(-0.035023 -0.0106809 -0.00160329)
(-0.03388 -0.0113871 -0.0020963)
(-0.0353475 -0.00970671 -0.00221521)
(-0.0328784 -0.0101011 -0.00166582)
(-0.035508 -0.00507443 -0.00761165)
(-0.035025 -0.00554072 -0.00581918)
(-0.0373439 -0.00564846 -0.00661331)
(-0.0356398 -0.0057307 -0.00871266)
(-0.0323181 -0.00547128 -0.00687457)
(-0.0347356 -0.00554627 -0.00503378)
(-0.027023 -0.0085791 0.0074268)
(-0.0236072 -0.00740566 0.00453414)
(-0.0237313 -0.00694411 0.00572401)
(-0.0205421 -0.00725754 0.0040341)
(-0.0237427 -0.00829544 0.00762311)
(-0.0212178 -0.00728402 0.00601834)
(-0.0248392 -0.0074987 0.00322912)
(-0.0262252 -0.00732139 0.000910998)
(-0.0288308 -0.00793321 0.00265247)
(-0.021282 -0.00735093 0.000398223)
(-0.0227007 -0.00742931 0.00187737)
(-0.0243177 -0.00754943 7.18722e-06)
(-0.0326346 -0.0128442 0.00930368)
(-0.0301596 -0.0126709 0.00860115)
(-0.0280679 -0.0118755 0.0102508)
(-0.0249207 -0.0154685 0.00806808)
(-0.0262843 -0.0138511 0.0109324)
(-0.0257073 -0.015109 0.0115418)
(-0.0257341 -0.0148589 0.00887933)
(-0.0289727 -0.0147338 0.00876158)
(-0.0235691 -0.0150039 0.0100032)
(-0.0246986 -0.0168797 0.0161429)
(-0.0249049 -0.0154273 0.0163771)
(-0.0235359 -0.0130908 0.0159979)
(-0.0227009 -0.0144831 0.0155779)
(-0.0237894 -0.0162748 0.0167265)
(-0.0248693 -0.0144501 0.016029)
(-0.0177345 -0.00653921 -0.0103998)
(-0.0173012 -0.00575964 -0.0107105)
(-0.0162289 -0.00616612 -0.00973306)
(-0.0195662 -0.00654948 -0.0110187)
(-0.0203122 -0.0046331 -0.0121579)
(-0.0209373 -0.00475273 -0.0129779)
(-0.0183385 -0.00823594 -0.00891102)
(-0.0181541 -0.00773938 -0.00939949)
(-0.0146818 -0.00882782 -0.00622381)
(-0.0159046 -0.00811782 -0.00705546)
(-0.0177123 -0.00846807 -0.00778965)
(-0.0166318 -0.00743177 -0.00871893)
(-0.0249074 -0.0071169 -0.0104163)
(-0.0218755 -0.0067178 -0.0099784)
(-0.0245368 -0.00766421 -0.0102395)
(-0.0275317 -0.00516146 -0.0114142)
(-0.0236125 -0.00492706 -0.0102222)
(-0.020203 -0.00667422 -0.00901003)
(-0.024269 -0.00979093 0.0119994)
(-0.0200226 -0.00781409 0.00864169)
(-0.0216376 -0.00791485 0.00866382)
(-0.0223414 -0.00946083 0.0107129)
(-0.0220812 -0.00824657 0.0101066)
(-0.0229602 -0.00995334 0.012149)
(-0.0211204 0.00547255 -0.0139357)
(-0.0207359 0.00510279 -0.0128104)
(-0.021519 0.00311429 -0.0153607)
(-0.0201763 0.00409584 -0.0136282)
(-0.0206482 0.00516683 -0.012674)
(-0.0137454 0.00206467 -0.00410836)
(-0.0124516 0.00113098 -0.0033022)
(-0.0118364 0.000393988 -0.00329998)
(-0.0153179 0.00385122 -0.00376852)
(-0.0135178 0.00247704 -0.00322338)
(-0.0169596 0.00418349 -0.00560437)
(-0.0163436 0.00463952 -0.00452825)
(-0.015392 0.00288731 -0.00482098)
(-0.0144697 0.00213049 -0.00390718)
(-0.0193512 0.00263025 -0.0102555)
(-0.0189577 0.000977294 -0.0113853)
(-0.0184988 0.00331839 -0.00965221)
(-0.0193465 0.000554793 -0.0108879)
(-0.0190377 0.00305178 -0.0101665)
(-0.0193836 0.00170501 -0.0118634)
(-0.018762 0.00406908 -0.00772374)
(-0.0177827 0.00632996 -0.00493699)
(-0.0182137 0.00664109 -0.00642374)
(-0.0176707 0.00692684 -0.00414619)
(-0.0204581 0.0053363 -0.00671879)
(-0.019344 0.00548805 -0.00806308)
(-0.0158033 0.00454367 -0.00386511)
(-0.015763 0.00592979 -0.00277076)
(-0.0168923 0.0059782 -0.00573631)
(-0.0174872 0.00654748 -0.0062232)
(-0.0174927 0.00554866 -0.00565571)
(-0.0178307 0.0060152 -0.00443383)
(-0.0367199 -0.00557691 -0.00849755)
(-0.0374338 -0.00636457 -0.00727867)
(-0.037045 -0.00513154 -0.00906146)
(-0.0338422 -0.00468634 -0.00679738)
(-0.035315 -0.00638712 -0.00535754)
(-0.0374712 -0.00585892 -0.00700302)
(-0.0378576 -0.00758546 -0.00754106)
(-0.022349 -0.00760357 -0.0108348)
(-0.0216 -0.00860353 -0.00859758)
(-0.0236191 -0.00984877 -0.00973154)
(-0.0218555 -0.00731524 -0.0106298)
(-0.022414 -0.00992763 -0.00813992)
(-0.0287748 -0.0117699 -0.00650955)
(-0.0287733 -0.0120255 -0.00661985)
(-0.0271157 -0.0122091 -0.00874847)
(-0.0279007 -0.012262 -0.0087656)
(-0.0291309 -0.0124733 -0.00812293)
(-0.0274576 -0.0118883 -0.00739115)
(-0.0211907 -0.00458388 -0.0159585)
(-0.0224745 -0.00638184 -0.0170173)
(-0.0220835 -0.00619833 -0.0169843)
(-0.0208627 -0.00240087 -0.0168409)
(-0.0208931 -0.00453362 -0.016437)
(-0.0220387 -0.00358359 -0.0165603)
(-0.0227859 -0.00527413 -0.0184338)
(-0.0237352 -0.00988346 -0.0110785)
(-0.0237941 -0.0105474 -0.0120316)
(-0.0255064 -0.0113706 -0.0103098)
(-0.0242963 -0.0106762 -0.010448)
(-0.0219839 -0.00774525 -0.0131219)
(-0.021936 -0.00566221 -0.0144531)
(-0.0195438 -0.00569277 -0.0140166)
(-0.0208265 -0.00747225 -0.0132323)
(-0.0213735 -0.00671313 -0.0152536)
(-0.0194579 -0.00461822 -0.0135981)
(-0.0255663 -0.0119873 -0.0138567)
(-0.0280969 -0.0127879 -0.0118945)
(-0.0241669 -0.010893 -0.0146533)
(-0.033767 -0.00264789 -0.010709)
(-0.0358669 -0.00323834 -0.0119028)
(-0.0348472 -0.00239438 -0.0143056)
(-0.0331544 -0.00228639 -0.0113957)
(-0.0336987 -0.00291977 -0.01278)
(-0.0329899 -0.00317021 -0.0132013)
(-0.0294268 -0.000808763 -0.0138665)
(-0.0329999 -0.00150187 -0.0124847)
(-0.0321042 -0.00146651 -0.0136855)
(-0.0332637 -0.0048035 -0.00968428)
(-0.0327363 -0.00423246 -0.0104019)
(-0.0338591 -0.00289082 -0.0115727)
(-0.0347374 -0.00533527 -0.01046)
(-0.0356098 -0.00474599 -0.0120912)
(-0.0338605 -0.0034147 -0.0115187)
(-0.0322321 -0.00765131 -0.00844214)
(-0.0333338 -0.00898585 -0.00921385)
(-0.0353965 -0.00743674 -0.00872101)
(-0.0340967 -0.00653697 -0.00893978)
(-0.0345875 -0.00710851 -0.00951928)
(-0.0330786 -0.00796393 -0.00771066)
(-0.0158203 -0.0121385 -0.00561875)
(-0.0163089 -0.0122805 -0.00509868)
(-0.014547 -0.0116036 -0.00467682)
(-0.0137996 -0.0111522 -0.00340013)
(-0.0107469 -0.0124442 -0.00235648)
(-0.013446 -0.0125667 -0.00281181)
(-0.00830373 -0.011269 0.00344079)
(-0.00905306 -0.0109376 0.00328493)
(-0.00934845 -0.0126539 0.00268492)
(-0.00913756 -0.0126008 0.00171699)
(-0.00961103 -0.0112079 0.00214692)
(-0.0100844 -0.0118756 0.00127486)
(-0.0113144 -0.0110144 -0.00265381)
(-0.0129384 -0.011779 -0.00260343)
(-0.0104341 -0.0122904 -0.000457624)
(-0.0116223 -0.0131922 -0.0016241)
(-0.0105273 -0.011876 -0.000215641)
(-0.011055 -0.0120823 -0.00111744)
(-0.0051938 -0.0148798 0.0045992)
(-0.00545863 -0.0144514 0.00412749)
(-0.00553214 -0.0138118 0.00257619)
(-0.00596082 -0.0143673 0.0028335)
(-0.00559472 -0.0151866 0.00413186)
(-0.00625147 -0.0143526 0.00201223)
(-0.00953018 -0.010252 -0.00209392)
(-0.0100485 -0.0101974 -0.00248728)
(-0.00845283 -0.0105521 -0.00171873)
(-0.007285 -0.011846 -0.0012671)
(-0.00601698 -0.0131089 0.000324202)
(-0.00590318 -0.0109886 -0.000854392)
(-0.00607253 -0.0117895 -0.000479815)
(-0.00549891 -0.0126139 -0.00020368)
(-0.00559003 -0.0129681 0.00070082)
(-0.0170537 -0.00797671 -0.00228452)
(-0.0189661 -0.00739262 -0.00132671)
(-0.0132899 -0.00826286 -0.00163926)
(-0.0148048 -0.00741857 -0.00115041)
(-0.0151596 -0.00920895 -0.0023856)
(-0.0168851 -0.00734465 -0.00114571)
(-0.0162019 0.00391328 0.0113585)
(-0.0168247 0.00425861 0.00977371)
(-0.0168862 0.00391722 0.00968227)
(-0.0169088 0.00438412 0.0080426)
(-0.016494 0.00407287 0.011453)
(-0.0166189 0.00416518 0.00775351)
(-0.0180884 0.00433708 0.00433963)
(-0.0180049 0.00392461 0.00302643)
(-0.0174024 0.00532832 0.00628208)
(-0.018494 0.00361701 0.0025395)
(-0.0179573 0.00370307 0.00405566)
(-0.0182811 0.0041939 0.00550634)
(-0.0211812 -0.0187513 0.00975876)
(-0.0217722 -0.0191256 0.0121879)
(-0.0223991 -0.0195166 0.0152711)
(-0.0232393 -0.0181001 0.0142143)
(-0.0212328 -0.0182235 0.0118816)
(-0.0206805 -0.0178262 0.0103658)
(-0.0201908 -0.0189304 0.0106729)
(-0.0205424 -0.0175772 0.0125386)
(-0.00878316 -0.00668211 -0.000504883)
(-0.0135948 -0.00629515 0.00204432)
(-0.0101243 -0.0065868 4.68234e-05)
(-0.0134837 -0.00852704 -0.00576868)
(-0.0143255 -0.00684286 -0.00768233)
(-0.0139089 -0.00744716 -0.00701044)
(-0.0125727 -0.00781863 -0.00522264)
(-0.0116997 -0.00699082 -0.00469414)
(-0.0125556 -0.00692974 -0.00613944)
(-0.00960693 -0.00618862 0.000258947)
(-0.00908868 -0.00534575 0.00138807)
(-0.00876048 -0.00530466 0.000855427)
(-0.00966021 -0.00677386 0.0014638)
(-0.00953353 -0.00689071 0.00078743)
(-0.00922445 -0.00590332 0.00164858)
(-0.0106157 -0.00828774 -0.000577891)
(-0.0102041 -0.00914979 0.000133059)
(-0.00968894 -0.00753782 0.00120493)
(-0.0099497 -0.00777054 0.000298385)
(-0.0102902 -0.00902979 0.00097317)
(-0.0130766 0.000191311 0.0110564)
(-0.0127699 -0.000303863 0.00990226)
(-0.0123917 -0.00121809 0.0103333)
(-0.0139588 0.00083748 0.010113)
(-0.012322 -0.00100577 0.0107029)
(-0.0137828 0.000692313 0.00992507)
(-0.00847618 -0.00382485 0.00435061)
(-0.00850383 -0.00507769 0.00416284)
(-0.0081704 -0.00401786 0.00387806)
(-0.0085706 -0.00478619 0.00487663)
(-0.0087291 -0.00487378 0.00381988)
(-0.00829223 -0.00400883 0.00518938)
(-0.0356399 -0.00407748 -0.00940167)
(-0.034146 -0.00516729 -0.00903527)
(-0.0356731 -0.00642437 -0.00917563)
(-0.0369609 -0.00430877 -0.0103883)
(-0.03606 -0.00470291 -0.00872538)
(-0.0358369 -0.00548013 -0.00816412)
(-0.00727513 -0.00347615 -0.00357919)
(-0.00768096 -0.00356382 -0.00311663)
(-0.00647074 -0.00283222 -0.00288266)
(-0.00681874 -0.00303631 -0.00252198)
(-0.00689463 -0.00313136 -0.0038191)
(-0.0142194 0.00151172 0.0089445)
(-0.0155652 0.00311949 0.00735457)
(-0.0144091 0.00240992 0.00785185)
(-0.0170873 0.00494666 0.006544)
(-0.0175929 0.00516403 0.0054655)
(-0.0161394 0.00430966 0.00747517)
(-0.0152947 0.00311082 0.00733661)
(-0.0148708 0.00279286 0.00903718)
(-0.014217 0.00155927 0.0088708)
(-0.0144152 0.002438 0.00840139)
(-0.0164554 0.00561078 0.00111766)
(-0.0174598 0.00523888 0.00104394)
(-0.0172966 0.00545098 0.00371212)
(-0.0141562 0.00238875 0.00776157)
(-0.0133093 0.00244519 0.00690136)
(-0.0123967 0.00148015 0.00741832)
(-0.0127783 0.00174199 0.00819614)
(-0.0111264 0.000375005 0.00675503)
(-0.00847978 -0.00447898 0.00158567)
(-0.00991807 -0.00742247 0.000315677)
(-0.00925652 -0.00611389 -0.000455853)
(-0.0100997 -0.00751699 -0.000574513)
(-0.0101145 -0.0071307 -0.00095242)
(-0.0110179 -0.00743086 -0.00278461)
(-0.0100155 -0.00692751 -0.00174335)
(-0.0111871 -0.00689009 -0.00404919)
(-0.0128625 -0.0113172 -0.00304663)
(-0.011401 -0.0120131 -0.00138074)
(-0.0108722 -0.011005 -0.00108452)
(-0.0106345 -0.0111688 7.60646e-05)
(-0.00972543 -0.00967137 0.00163585)
(-0.00999183 -0.00992297 0.000827756)
(-0.00949916 -0.0104016 0.00119475)
(-0.00929138 -0.0100323 0.00258706)
(-0.00983469 -0.0108813 0.002081)
(-0.0103568 -0.00736837 -0.000558833)
(-0.0188994 -0.0151479 0.00377032)
(-0.0180583 -0.0134477 0.00221312)
(-0.0190539 -0.0104003 -0.000277664)
(-0.0215083 -0.00981868 -0.000126022)
(-0.0206056 -0.0114588 0.000643961)
(-0.0205101 -0.013399 0.00150977)
(-0.0194512 -0.0113013 0.000323941)
(-0.0204753 -0.00761018 -0.00111334)
(-0.0212532 -0.00827018 -0.00127922)
(-0.0199436 -0.00697689 -0.00182503)
(-0.0190347 -0.00444568 -0.00284343)
(-0.0201452 -0.00291265 -0.00328415)
(-0.0200393 -0.00442964 -0.00382629)
(-0.0180774 0.00498003 0.00299171)
(-0.0179088 0.00569214 0.00155294)
(-0.0186383 0.00535837 0.00266767)
(-0.0190968 -0.00198838 -0.00302681)
(-0.0188713 -0.000491011 -0.00309841)
(-0.0185078 0.00331886 0.00114985)
(-0.0179775 0.00496456 0.00487971)
(-0.0179704 0.00485316 0.00370549)
(-0.0181011 0.0052465 0.00591309)
(-0.0172725 0.00477307 0.00527069)
(-0.0177763 0.00494512 0.00408155)
(-0.0176112 0.00502499 0.00449151)
(-0.0172778 0.00483084 0.00569823)
(-0.0154948 0.00356367 0.0085013)
(-0.0157596 0.00470014 0.00783288)
(-0.0167565 0.00501955 0.00700452)
(-0.0170219 0.00454406 0.00676916)
(-0.023031 -0.00371354 0.00261524)
(-0.0213014 0.000314193 0.0035324)
(-0.0221635 -0.00102744 0.00352935)
(-0.0209434 0.00284632 0.008283)
(-0.0197655 0.00211156 0.00472865)
(-0.0197135 0.00194512 0.00474692)
(-0.0202131 0.00187041 0.00579128)
(-0.0191987 0.00340463 0.00833484)
(-0.018249 0.0027731 0.00976431)
(-0.0203674 0.00316238 0.00987847)
(-0.0184523 0.00363935 0.00919931)
(-0.0184656 0.00255524 0.00978347)
(-0.0199422 1.67304e-05 0.00243908)
(-0.020452 0.00148145 0.00333498)
(-0.0213939 0.002099 0.00336996)
(-0.0179633 0.00343513 0.00385049)
(-0.0171501 0.00472907 0.0067049)
(-0.0163877 0.00522646 0.00679108)
(-0.0180964 0.00496841 0.00759102)
(-0.0223685 -0.00154075 0.000666304)
(-0.0213872 -0.00396824 0.00055662)
(-0.0214739 -0.00450326 0.000777464)
(-0.0207248 -0.00625051 -0.000495275)
(-0.0208406 -0.00653981 -0.000310899)
(-0.0188258 0.00255477 0.0002358)
(-0.0189479 0.00132664 -0.00124121)
(-0.0190756 9.78847e-05 -0.00184359)
(-0.019958 0.00220972 0.00220194)
(-0.0188127 0.00331865 0.00281771)
(-0.0189606 0.00259732 0.00178437)
(-0.0181007 0.00183479 0.000327629)
(-0.0209682 -0.00496367 -0.00102575)
(-0.0218122 -0.00242486 0.00064582)
(-0.0187159 0.0010826 0.000914557)
(-0.0190332 -0.00481684 -0.00168707)
(-0.019438 -0.00276451 -0.00223163)
(-0.0194586 0.000424101 -0.000344503)
(-0.0191193 -0.000886367 -0.00195916)
(-0.0192615 -4.28205e-06 -0.000438651)
(-0.0205642 -0.00243912 -0.00119149)
(-0.0173074 -0.00864836 -0.00328922)
(-0.0174573 -0.00910173 -0.00439965)
(-0.0193698 -0.00909263 -0.00437488)
(-0.0204605 -0.00958801 -0.00577929)
(-0.022772 -0.00845796 -0.00568643)
(-0.0126427 -0.00784144 -0.00146595)
(-0.00633345 -0.0101133 -0.00113486)
(-0.013787 -0.00938783 -0.00303024)
(-0.0132074 -0.00900019 -0.00259236)
(-0.0110207 -0.00980484 -0.00217612)
(-0.00750277 -0.0103247 -0.00170209)
(-0.00556078 -0.0131467 0.00155359)
(-0.0152569 -0.011473 -0.00419992)
(-0.0131602 -0.011091 -0.00322467)
(-0.00991782 -0.0119738 0.00043569)
(-0.013335 -0.0112324 -0.00352913)
(-0.0141552 -0.0113214 -0.00471242)
(-0.0139971 -0.0102444 -0.00328571)
(-0.0117969 -0.0107697 -0.00309339)
(-0.0180455 -0.0099579 -0.00542882)
(-0.0101367 -0.0137987 -0.000859426)
(-0.0100865 -0.0134632 2.36612e-05)
(-0.00913849 -0.0135522 0.00108595)
(-0.0104514 -0.0124779 0.000473661)
(-0.00908593 -0.0129716 0.000645551)
(-0.00741227 -0.0138804 0.00225242)
(-0.0087166 -0.0128853 0.00211736)
(-0.00775023 -0.0130957 0.00347406)
(-0.00803909 -0.0131261 0.00466509)
(-0.0342406 -0.00674646 -0.00781738)
(-0.0351288 -0.00566865 -0.00972998)
(-0.0330116 -0.00587532 -0.00904115)
(-0.0295775 -0.0122738 -0.00964287)
(-0.0303714 -0.0130426 -0.0115819)
(-0.0327072 -0.010752 -0.00863212)
(-0.0299663 -0.0110131 -0.00804557)
(-0.0308678 -0.0118457 -0.00947867)
(-0.0344861 -0.00921974 -0.00829377)
(-0.0316694 -0.00977431 -0.00793534)
(-0.024946 -0.00136882 -0.0141134)
(-0.0236799 -0.000535803 -0.0144567)
(-0.0239087 -0.0010582 -0.0140075)
(-0.0295688 6.91883e-05 -0.0143994)
(-0.0269352 -0.000229828 -0.013866)
(-0.0174179 -0.00338102 -0.0130944)
(-0.0167217 -0.00385703 -0.0117539)
(-0.0153538 -0.00263172 -0.0120489)
(-0.014765 -0.00466936 -0.010183)
(-0.0309674 -0.00086386 -0.0128745)
(-0.0358991 -0.00148679 -0.0123336)
(-0.0352901 -0.00310858 -0.0103688)
(-0.0367856 -0.00292321 -0.0102236)
(-0.0309944 -0.00187505 -0.0144081)
(-0.0276382 -0.00233388 -0.0143393)
(-0.0296867 -0.00208244 -0.0164999)
(-0.0293644 -0.00180245 -0.013797)
(-0.0318959 -0.00291111 -0.0138028)
(-0.0103513 -0.00407745 -0.00843541)
(-0.0111596 -0.00371972 -0.00936248)
(-0.0089847 -0.00428027 -0.00633885)
(-0.0131023 -0.00507505 -0.00942965)
(-0.012762 -0.00433049 -0.0102599)
(-0.0143468 -0.00385953 -0.0110701)
(-0.0122157 -0.00447444 -0.00897796)
(-0.01316 -0.00465599 -0.00947236)
(-0.0141236 -0.00443675 -0.0111477)
(-0.0284631 -0.0122805 -0.0100983)
(-0.0280541 -0.0126481 -0.0104856)
(-0.0265575 -0.0119757 -0.0103822)
(-0.0284197 -0.0123959 -0.00401386)
(-0.0282872 -0.0124794 -0.00542782)
(-0.0308004 -0.0126481 -0.0055843)
(-0.0280214 -0.0119517 -0.00586034)
(-0.0297957 -0.0118642 -0.00546177)
(-0.0265678 -0.0119092 -0.0100427)
(-0.0267105 -0.012012 -0.00996212)
(-0.0277536 -0.0122599 -0.00910145)
(-0.028018 -0.0121259 -0.0106854)
(-0.0342044 -0.00858083 -0.0075014)
(-0.0353103 -0.0078049 -0.0075297)
(-0.0350265 -0.0069997 -0.00700447)
(-0.0384002 -0.00626528 -0.00734507)
(-0.0375598 -0.00903772 -0.00844926)
(-0.0318373 -0.0113859 0.00548749)
(-0.022914 -0.010453 -0.00707381)
(-0.0222964 -0.00835578 -0.00891333)
(-0.0180806 0.00537982 -0.00706349)
(-0.018421 0.00363073 -0.00929463)
(-0.0189553 0.0047765 -0.00794078)
(-0.0186263 0.00362949 -0.00828627)
(-0.0197947 0.00287003 -0.00903453)
(-0.0178791 0.000899592 -0.00844566)
(-0.0186791 0.00117964 -0.00931319)
(-0.0197869 0.00384978 -0.00840355)
(-0.0192782 0.00235689 -0.00835873)
(-0.0190601 0.00480765 -0.00833903)
(-0.018558 0.00461933 -0.00641395)
(-0.0159985 0.00263673 -0.00528535)
(-0.0176072 0.0054089 -0.00633413)
(-0.0202211 0.00513296 -0.00879212)
(-0.0176194 0.00346446 -0.00777925)
(-0.0163844 0.00318846 -0.00625459)
(-0.0202506 0.00405928 -0.0104549)
(-0.0188208 0.00464796 -0.00953461)
(-0.0193347 0.00360316 -0.0113255)
(-0.0197872 0.00558085 -0.0110156)
(-0.0183417 0.00425439 -0.00989063)
(-0.0201635 0.00414776 -0.0117193)
(-0.0126511 0.00230224 -0.00149725)
(-0.0139707 0.00276936 -0.00224425)
(-0.0143802 0.00372088 -0.00312294)
(-0.0124931 0.00157364 -0.00234342)
(-0.0121089 0.00111388 -0.00202914)
(-0.0108756 0.000254788 -0.00215992)
(-0.0120577 0.000337305 -0.00298883)
(-0.0107327 -0.000345648 -0.00206668)
(-0.00718744 -0.00176238 -0.0021353)
(-0.0187771 -0.00946503 -0.00810684)
(-0.0160852 -0.0100254 -0.00585227)
(-0.0165602 -0.0088886 -0.00709499)
(-0.0273656 -0.00511885 -0.0110713)
(-0.0175215 -0.00295192 -0.0119097)
(-0.0169532 -0.00355746 -0.0116039)
(-0.0163331 -0.00573782 -0.0107429)
(-0.01672 -0.00690809 -0.00901657)
(-0.0153731 -0.0063294 -0.00937172)
(-0.0212555 -0.00374669 -0.0139445)
(-0.0226002 -0.00445376 -0.0140662)
(-0.0295974 -0.00370847 -0.0117221)
(-0.0298072 -0.00251937 -0.0121472)
(-0.0315979 -0.00262977 -0.0113376)
(-0.0323474 -0.00240341 -0.0120773)
(-0.0305851 -0.00372498 -0.0117064)
(-0.0243009 -0.0123484 0.0145496)
(-0.0250666 -0.0119754 0.0139722)
(-0.0238292 -0.0179939 0.0170843)
(-0.0242684 -0.01142 0.0135322)
(-0.0225796 -0.017658 0.0122854)
(-0.0242732 -0.0179089 0.0114659)
(-0.0232643 -0.0160594 0.0112717)
(-0.0242046 -0.0164767 0.0102097)
(-0.0235989 -0.0101019 0.0131473)
(-0.0242444 -0.0101115 0.012415)
(-0.0305773 -0.0110047 0.00735947)
(-0.0300463 -0.0118862 0.00772615)
(-0.0297338 -0.0125816 0.00770499)
(-0.0278584 -0.0130352 0.00971473)
(-0.0269949 -0.0103696 0.0113024)
(-0.022233 -0.0166546 0.0132746)
(-0.0213867 -0.016138 0.014431)
(-0.019423 -0.00793436 -0.000481686)
(-0.0327126 -0.00804129 0.00299799)
(-0.0124342 -0.00667713 0.000100849)
(-0.0139636 -0.0077983 -0.000777895)
(-0.0168456 -0.00756484 0.000221574)
(-0.019075 -0.00784363 0.0069843)
(-0.0160836 -0.00654579 0.00486607)
(-0.0142263 -0.00684996 0.000789875)
(-0.0163166 -0.00676035 0.00323376)
(-0.0179989 -0.00682865 0.00516591)
(-0.01924 -0.00679525 0.00673756)
(-0.0257183 -0.0100167 0.0104324)
(-0.0288037 -0.0102535 0.0107777)
(-0.02356 -0.00853376 0.00965815)
(-0.0182488 -0.00666158 0.00187144)
(-0.0182423 -0.0071572 0.00273174)
(-0.0157432 -0.00641314 0.00157966)
(-0.0207308 -0.00656143 0.00298483)
(-0.0332652 -0.0108794 0.00714179)
(-0.0310281 -0.00908297 0.00664835)
(-0.0323514 -0.0104869 0.00800741)
(-0.0316786 -0.0108028 0.00857687)
(-0.0290258 -0.0109712 0.0105777)
(-0.0286178 -0.0098075 0.00883737)
(-0.026523 -0.00864688 0.00867619)
(-0.0289953 -0.00893075 0.0082474)
(-0.0262365 -0.00739918 0.00567036)
(-0.0283511 -0.00806547 0.00664413)
(-0.031176 -0.00861531 0.00568045)
(-0.0296956 -0.00761801 0.00395717)
(-0.0318129 -0.00600592 -0.00495111)
(-0.0375081 -0.0064964 -0.00442321)
(-0.0347344 -0.0063935 -0.00334292)
(-0.0342146 -0.00629894 -0.00401596)
(-0.0346885 -0.00762385 -0.00228274)
(-0.0331489 -0.00716904 0.00196588)
(-0.0365069 -0.00784691 -0.00277712)
(-0.0352856 -0.00786348 0.00050868)
(-0.0335597 -0.00684636 -0.000800386)
(-0.0315773 -0.0100991 0.00519195)
(-0.0332176 -0.0105693 0.00366422)
(-0.0376518 -0.00510361 -0.00896063)
(-0.0361575 -0.00801759 -0.00174585)
(-0.033158 -0.00970555 0.00284342)
(-0.036909 -0.00859714 0.000114619)
(-0.0344982 -0.00896615 0.00247479)
(-0.0337643 -0.00826694 0.00131556)
(-0.0336212 -0.012272 -0.00591128)
(-0.0335763 -0.0101943 -0.00439257)
(-0.0366812 -0.00799678 -0.00609068)
(-0.0364888 -0.00905266 -0.00581982)
(-0.0319536 -0.0113594 -0.00360185)
(-0.0329515 -0.0108053 -0.00402347)
(-0.0369897 -0.00941246 0.000111418)
(-0.0369316 -0.0103616 0.00101001)
(-0.0318444 -0.0107141 0.00218345)
(-0.0346466 -0.0106097 0.00141772)
(-0.0318666 -0.0114226 0.000241704)
(-0.0348099 -0.00811673 -0.00397281)
(-0.0363948 -0.00952152 -0.00440822)
(-0.0386851 -0.0095833 -0.00187464)
(-0.034919 -0.00883467 -0.00274565)
(-0.0376407 -0.00851559 -0.00373353)
(-0.0363204 -0.00644688 -0.00348148)
(-0.0397743 -0.00807411 -0.00297404)
(-0.0366861 -0.00771606 -0.00172511)
(-0.0358805 -0.00579068 -0.00545269)
(-0.0360728 -0.00689664 -0.0035059)
(-0.0382548 -0.00675101 -0.00470225)
(-0.0371975 -0.00757662 -0.00504864)
(-0.0237413 -0.0136913 0.000461638)
(-0.02482 -0.0137262 0.000680298)
(-0.0240658 -0.0133915 0.00278929)
(-0.0225999 -0.0133441 0.000226286)
(-0.0234286 -0.0139044 0.00283579)
(-0.0228124 -0.0136315 0.00138465)
(-0.0338616 -0.0123948 0.00131946)
(-0.0318129 -0.0112563 0.00350957)
(-0.0292218 -0.0123476 0.00656233)
(-0.0310194 -0.0121487 0.00442849)
(-0.0301566 -0.0116874 0.00543878)
(-0.0293148 -0.01244 0.00373945)
(-0.0226842 -0.0101035 -0.00733942)
(-0.0227839 -0.0094978 -0.0080607)
(-0.0225876 -0.0107545 -0.00589497)
(-0.0216161 -0.0113678 -0.00389289)
(-0.0229749 -0.0108499 -0.00576377)
(-0.0276234 -0.0126285 -0.00380916)
(-0.0302141 -0.0129409 0.00203885)
(-0.0302611 -0.0120666 0.00227667)
(-0.023941 -0.0120043 -0.0044365)
(-0.0250748 -0.0123266 -0.00221065)
(-0.0174558 0.00476415 -0.000510153)
(-0.0177126 0.0050857 -0.00068714)
(-0.0171273 0.00585777 0.000458853)
(-0.0177592 0.00617967 0.000406633)
(-0.0192686 0.0053125 -0.0017982)
(-0.019775 -0.000532157 -0.00899219)
(-0.0185317 0.00196763 -0.00759502)
(-0.0104093 -0.00630941 -0.00232924)
(-0.00871706 -0.00463659 -0.00137655)
(-0.00849623 -0.0042442 -0.00100179)
(-0.00850062 -0.00395926 -0.00046736)
(-0.0087269 -0.00487781 0.000473115)
(-0.00866821 -0.00438594 -0.00015522)
(-0.00895214 -0.00486634 -0.00193711)
(-0.00945652 -0.00521733 -0.00273683)
(-0.00956794 -0.00566413 -0.0022115)
(-0.0103496 -0.00629547 -0.00311202)
(-0.00639669 -0.00267515 -0.0028164)
(-0.0104504 -0.00605065 -0.00398109)
(-0.00924055 -0.00506984 -0.00344929)
(-0.00971969 -0.00557841 -0.00354871)
(-0.0160385 0.00504106 0.00315259)
(-0.014826 0.00404258 0.00526158)
(-0.0155272 0.00454491 0.00392716)
(-0.0187146 0.0050782 -0.00171435)
(-0.0179143 0.00625315 0.00117535)
(-0.0180096 0.00655689 0.000247724)
(-0.0167597 0.00541461 0.00164865)
(-0.0174766 0.00579087 -0.0043592)
(-0.0172237 0.00613832 -0.0023893)
(-0.0171846 0.00596785 -0.00255005)
(-0.0155119 0.00455127 0.00381957)
(-0.0157888 0.00512461 0.00263945)
(-0.017285 0.0055923 0.0016789)
(-0.016117 0.00516523 0.00251818)
(-0.0172592 0.00593406 -0.000846751)
(-0.00882299 -0.00156507 0.0038292)
(-0.00826438 -0.00204829 0.00302764)
(-0.0143054 0.00471366 0.00188352)
(-0.0126731 0.00186488 0.00593124)
(-0.0137197 0.00298527 0.00556793)
(-0.00916829 -0.00083798 0.00432636)
(-0.0107554 -0.000151885 0.0054007)
(-0.011549 0.000963069 0.00556798)
(-0.00894857 -0.00105798 0.00328062)
(-0.0138649 0.0034786 0.00229261)
(-0.0143657 0.00425308 0.00309825)
(-0.012178 0.00252997 0.00242456)
(-0.0101752 -0.000459404 -0.00210278)
(-0.0107197 0.000447558 -0.00175775)
(-0.0116671 0.00182359 0.00152876)
(-0.0149776 0.00519603 0.000339903)
(-0.0139663 0.00402194 0.00106815)
(-0.0125748 0.00288793 0.00116508)
(-0.00786482 -0.000839007 -0.00139618)
(-0.00900315 -0.000710075 -0.00166402)
(-0.00889261 -0.00048159 -0.00116194)
(-0.00841601 -0.00349685 -0.000492537)
(-0.0079234 -0.00310325 0.000174438)
(-0.00720182 -0.00143033 0.000763816)
(-0.00743246 -0.00222773 0.000162216)
(-0.00750321 -0.0026411 0.00047889)
(-0.00746612 -0.00264406 0.00113356)
(-0.00723718 -0.00179932 0.00072427)
(-0.00784795 -0.000786019 0.000685193)
(-0.0104577 0.00106726 0.00136912)
(-0.010189 0.000807299 0.000744239)
(-0.00848834 -0.000244995 0.000946078)
(-0.00973898 0.000353042 0.00136074)
(-0.00824087 -0.000675645 8.19053e-05)
(-0.00887568 -0.000374604 -0.000420943)
(-0.0087268 9.3832e-05 0.000568184)
(-0.00805619 -0.0038529 -0.00305826)
(-0.00833198 -0.00393582 -0.00131667)
(-0.00689436 -0.00154328 -0.00172477)
(-0.00730152 -0.00123438 -0.00149073)
(-0.00807261 -0.000740642 -0.000648121)
(-0.00819563 -0.000829056 -0.000981804)
(-0.00711747 -0.00110588 -0.00110855)
(-0.0076594 -0.00320849 -0.00163185)
(-0.00788158 -0.00344955 -0.00113255)
(-0.00776436 -0.00309988 -0.000691895)
(-0.00730166 -0.00301595 -0.00200652)
(-0.00695441 -0.00293225 -0.0025558)
(-0.0065315 -0.00170998 -0.00175156)
(-0.00646392 -0.00190544 -0.00191228)
(-0.00753054 -0.00332756 -0.00186758)
(-0.00775832 -0.00359093 -0.00256487)
(-0.00772493 -0.00343846 -0.00180893)
(-0.00882669 -0.00456396 -0.00217775)
(-0.00803954 -0.00388971 -0.00236925)
(-0.00849167 -0.0041948 -0.00184364)
(-0.00842989 -0.00399943 -0.00225619)
(-0.00805762 -0.00307018 0.00192067)
(-0.00808959 -0.00276558 0.00181239)
(-0.00858326 -0.00452148 0.00293264)
(-0.00847015 -0.00398387 0.00321897)
(-0.00813698 -0.00361858 0.00256337)
(-0.00890191 -0.00490586 0.00256262)
(-0.00867893 -0.00439534 0.00220383)
(-0.00839222 -0.00341068 0.00232779)
(-0.00780943 -0.00260661 0.00255576)
(-0.00823675 -0.00250592 0.00273802)
(-0.00847641 -0.00350439 0.0029732)
(-0.0080128 -0.0039962 -0.00416206)
(-0.0170443 0.00350815 -0.00690467)
(-0.0169801 0.00405416 -0.00772539)
(-0.0223123 0.00331159 -0.0151755)
(-0.0193169 0.00206621 -0.0146147)
(-0.0206241 0.00385374 -0.0141902)
(-0.0203388 0.00114945 -0.0164583)
(-0.0219852 -0.0063991 -0.0108754)
(-0.0196575 0.00283582 -0.0130977)
(-0.018843 0.00353575 -0.0134464)
(-0.0181563 0.00316037 -0.0120499)
(-0.0196179 0.0016933 -0.0133327)
(-0.020927 -0.00051822 -0.0157935)
(-0.0198387 0.00199133 -0.0154882)
(-0.0214214 0.000323015 -0.0164494)
(-0.0209913 0.00102669 -0.0161185)
(-0.0188245 -0.00124708 -0.0143933)
(-0.0182949 -0.00052335 -0.0137064)
(-0.0187312 -0.00050006 -0.0129626)
(-0.0200509 0.00286276 -0.0124997)
(-0.0193127 0.00193048 -0.0128289)
(-0.0202761 0.00080024 -0.0124432)
(-0.0198747 -0.0019515 -0.0148949)
(-0.0206747 -0.00608911 -0.0117692)
(-0.0209502 -0.00705601 -0.0121486)
(-0.0228029 -0.00572273 -0.0148107)
(-0.020416 -0.00370173 -0.0125728)
(-0.0192928 -0.000651231 -0.0118574)
(-0.0200483 -0.0057487 -0.0107746)
(-0.0213472 -0.00435685 -0.0124851)
(-0.0202786 -0.00473994 -0.0105495)
(-0.0205246 -0.00211014 -0.0121026)
(-0.0192085 -0.00105258 -0.00990029)
(-0.0194281 2.06576e-05 -0.00989923)
(-0.0204279 -0.00211095 -0.0112296)
(-0.0206853 -0.00196562 -0.0112848)
(-0.0191405 -0.000550667 -0.0108192)
(-0.019973 -0.00126255 -0.0116842)
(-0.0227153 -0.0131259 -0.00106581)
(-0.0195063 -0.0157081 0.00413434)
(-0.0211667 -0.0145973 0.0024407)
(-0.021306 -0.0159292 0.00562956)
(-0.0207596 -0.0149774 0.0033704)
(-0.0221663 -0.017044 0.00912121)
(-0.0209163 -0.0161547 0.00519514)
(-0.0226251 -0.0167254 0.00737089)
(-0.0271004 -0.013231 0.00318688)
(-0.0255781 -0.0135317 0.00345977)
(-0.0284066 -0.0127006 0.00531466)
(-0.0281514 -0.0130346 0.00417529)
(-0.0288588 -0.0131105 0.00698928)
(-0.0286642 -0.0140645 0.00754449)
(-0.0280879 -0.0136452 0.00668655)
(-0.0257613 -0.0131103 0.00492426)
(-0.0196995 -0.0173439 0.005359)
(-0.0198072 -0.0135808 0.00224486)
(-0.0184996 -0.00240201 -0.00657532)
(-0.0194184 -0.00313716 -0.008386)
(-0.0175499 -0.00182872 -0.00698332)
(-0.0205091 -0.0120305 -0.000675274)
(-0.0221127 -0.0124656 -0.0013213)
(-0.0203499 -0.00970436 -0.00291618)
(-0.0194557 -0.00842864 -0.00373979)
(-0.020255 -0.00965934 -0.00450072)
(-0.0200434 -0.0106527 -0.00243873)
(-0.0216267 -0.0109684 -0.003104)
(-0.0198558 -0.0095939 -0.00363075)
(-0.0202883 -0.00841756 -0.00553995)
(-0.0184112 -0.00356104 -0.00619134)
(-0.019339 -0.00412631 -0.00695863)
(-0.0183449 -0.00246704 -0.00584927)
(-0.017685 -0.000367544 -0.00545703)
(-0.018585 -0.00388116 -0.00570588)
(-0.0195862 -0.00756525 -0.00412268)
(-0.0197937 -0.00610861 -0.00496067)
(-0.0199863 -0.00640911 -0.0043859)
(-0.0180828 -0.00122581 -0.00498817)
(-0.0197178 -0.000372259 -0.00396237)
(-0.017794 -0.000307591 -0.00348577)
(-0.0191659 0.000177946 -0.00356866)
(-0.0181803 -0.00501766 -0.00397276)
(-0.0183585 -0.0014843 -0.00401492)
(-0.0186222 -0.00360759 -0.00375086)
(-0.0277012 -0.0064576 -0.00643139)
(-0.0311367 -0.00588544 -0.00726962)
(-0.0264883 -0.00785556 -0.0070472)
(-0.0193039 -0.00872613 -0.0031591)
(-0.0214669 -0.00700816 -0.000956436)
(-0.0316412 -0.00715278 -0.00617619)
(-0.0310861 -0.00692757 -0.00367946)
(-0.0221216 -0.00795067 -0.00402456)
(-0.0251775 -0.00795639 -0.00514903)
(-0.0349559 -0.00837793 0.00326099)
(-0.0324978 -0.00957006 0.00619661)
(-0.034084 -0.00939256 0.00566632)
(-0.0325965 -0.00832398 0.00399545)
(-0.0324464 -0.00837591 0.00401025)
(-0.0342338 -0.00986575 0.00458645)
(-0.0312535 -0.00694415 -0.000533735)
(-0.0329514 -0.00692006 0.00152642)
(-0.0298267 -0.00685108 0.00163431)
(-0.0294946 -0.00718264 0.000799522)
(-0.029797 -0.00679036 -0.00866015)
(-0.0286496 -0.00662803 -0.0103954)
(-0.0332365 -0.00608864 -0.0103549)
(-0.0323091 -0.00539466 -0.00952209)
(-0.028745 -0.0051203 -0.00985246)
(-0.0307907 -0.0051604 -0.0109206)
(-0.0310275 -0.00364799 -0.00976559)
(-0.0357057 -0.00418294 -0.0102015)
(-0.0337754 -0.00375305 -0.00906235)
(-0.0330987 -0.00391406 -0.0110969)
(-0.00799848 -0.0121547 0.00429501)
(-0.00716667 -0.0141016 0.00385522)
(-0.00632908 -0.0136166 0.0043158)
(-0.00581153 -0.0140243 0.00473784)
(-0.00613531 -0.0130785 0.00810109)
(-0.00643502 -0.0112125 0.00938927)
(-0.00601475 -0.0106387 0.0120601)
(-0.00683475 -0.0106184 0.0135522)
(-0.00541658 -0.0134185 0.0089437)
(-0.00793792 -0.00983582 0.00655236)
(-0.00852834 -0.0115795 0.00520105)
(-0.0077866 -0.0120976 0.00483164)
(-0.00806124 -0.0100764 0.00572019)
(-0.0082354 -0.011032 0.0043229)
(-0.00888083 -0.00890721 0.00406715)
(-0.00942399 -0.00992565 0.00338612)
(-0.00808397 -0.00755875 0.00579491)
(-0.00818498 -0.00927859 0.00721925)
(-0.00852373 -0.00912932 0.0068869)
(-0.00883783 -0.0050295 0.00600217)
(-0.0083528 -0.00517297 0.00526213)
(-0.0100839 -0.0055202 0.0128591)
(-0.00949107 -0.00724281 0.0110233)
(-0.00717952 -0.00907544 0.00849583)
(-0.00760363 -0.0091758 0.00997412)
(-0.00805321 -0.00835819 0.00903746)
(-0.00780955 -0.00874303 0.00816857)
(-0.0105098 -0.00269108 0.0104417)
(-0.00904344 -0.00417623 0.0091147)
(-0.0100489 -0.00367894 0.010103)
(-0.0102549 -0.00359439 0.0110415)
(-0.0111728 -0.00358689 0.0125847)
(-0.0115328 -0.00185957 0.0108486)
(-0.00989535 -0.00512662 0.0141531)
(-0.00925395 -0.00464374 0.0154927)
(-0.0107006 -0.0039966 0.0160695)
(-0.0111958 -0.00251054 0.0163218)
(-0.0111112 -0.00365481 0.0171976)
(-0.010092 -0.00464859 0.0183716)
(-0.010938 -0.00214124 0.01779)
(-0.0100882 -0.00502857 0.0170824)
(-0.019487 0.00331802 0.00935393)
(-0.0175786 0.00381869 0.00962403)
(-0.0179516 0.00306824 0.0106706)
(-0.0171039 0.00377624 0.0114376)
(-0.0181177 0.00180749 0.0165297)
(-0.0178047 0.00250607 0.0134483)
(-0.0159645 0.00281205 0.0136882)
(-0.0166503 0.00378967 0.0129932)
(-0.0175553 0.00254767 0.0118801)
(-0.0125896 -0.00119913 0.0135865)
(-0.0129434 3.1069e-05 0.013662)
(-0.0121384 -0.000118759 0.0151987)
(-0.0139199 0.00102204 0.013172)
(-0.015532 0.00279334 0.011735)
(-0.0134881 0.000601883 0.0123777)
(-0.0147022 0.00208271 0.01304)
(-0.0142969 0.00177288 0.0144916)
(-0.0157497 0.00342802 0.0120609)
(-0.016308 0.00236586 0.0133621)
(-0.0148623 0.00213607 0.0149211)
(-0.0163378 0.00333159 0.0125287)
(-0.0139457 -0.0014916 0.0174139)
(-0.0132744 3.49378e-06 0.0159444)
(-0.0162359 0.00100433 0.0150826)
(-0.0149663 0.00130282 0.0153369)
(-0.0130968 -0.00127989 0.017371)
(-0.0143306 0.000221784 0.0178626)
(-0.0140378 0.00158459 0.0161701)
(-0.00799114 -0.00698977 0.0091736)
(-0.00849045 -0.00746879 0.0064748)
(-0.00871445 -0.00816836 0.00839081)
(-0.00807572 -0.00806716 0.00721007)
(-0.00899313 -0.00502342 0.00820444)
(-0.00852473 -0.00547701 0.00881818)
(-0.00840297 -0.00527463 0.00714013)
(-0.0085862 -0.00646993 0.00830123)
(-0.00857164 -0.00609631 0.00660273)
(-0.0081421 -0.006509 0.00694313)
(-0.00807341 -0.0126867 0.00612527)
(-0.00754773 -0.0127524 0.00584009)
(-0.00780433 -0.0105535 0.00789872)
(-0.00725267 -0.0114105 0.00897318)
(-0.00805778 -0.0121692 0.00688794)
(-0.00708522 -0.010558 0.00703715)
(-0.00622232 -0.0111518 0.00806466)
(-0.00698761 -0.0116787 0.00843643)
(-0.00773764 -0.0118364 0.00692438)
(-0.00655735 -0.0122772 0.00739529)
(-0.00611816 -0.0134102 0.00646757)
(-0.00718986 -0.0137761 0.00511833)
(-0.00693534 -0.0121433 0.00535738)
(-0.00771334 -0.0136038 0.00460693)
(-0.00692156 -0.0118552 0.0061085)
(-0.00620523 -0.0127271 0.00679261)
(-0.0262425 -0.0140644 0.00750537)
(-0.0264576 -0.0143934 0.0055487)
(-0.0238506 -0.0139177 0.00471082)
(-0.0273736 -0.0153429 0.00692914)
(-0.0238714 -0.0158134 0.00370152)
(-0.0236056 -0.0158888 0.0072039)
(-0.0210174 -0.0157323 0.0084281)
(-0.0222917 -0.0162203 0.00578874)
(-0.0221743 -0.00212061 -0.0183402)
(-0.00737383 -0.00284221 -0.0014181)
(-0.00727056 -0.00277967 -0.00168324)
(-0.00679981 -0.00243214 -0.00161251)
(-0.0075485 -0.00106117 -0.000560426)
(-0.00751837 -0.000966417 -0.000200472)
(-0.00725891 -0.00232927 -0.000559646)
(-0.00721416 -0.00251094 -0.000956906)
(-0.00734389 -0.0025191 -0.000448208)
(-0.00702304 -0.00187725 -0.00030692)
(-0.00719003 -0.00157615 6.13947e-05)
(-0.00749565 -0.00136637 -0.000291963)
(-0.00753392 -0.00120152 0.000159911)
(-0.0069538 -0.00150836 -0.00137491)
(-0.00699328 -0.00140577 -0.000877888)
(-0.00663153 -0.00195226 -0.00159452)
(-0.00655261 -0.00160594 -0.0014306)
(-0.0107854 0.00154049 0.000469205)
(-0.0122654 0.00214021 0.000271395)
(-0.00962384 0.000381443 -0.00038507)
(-0.0106455 0.00107279 -0.000267703)
(-0.0118013 0.00182508 -0.000525458)
(-0.00969479 -4.86511e-05 -0.00107398)
(-0.0119705 0.00140121 -0.00121532)
(-0.0103184 0.000755191 -0.00102712)
(-0.0149951 0.00442575 -0.000443986)
(-0.0131532 0.0032762 1.56206e-05)
(-0.0136696 0.00285936 -0.000701132)
(-0.0158925 0.00480926 -0.00200194)
(-0.0143714 0.00380282 -0.00145)
(-0.0157633 0.00556095 -0.00116837)
(-0.0132827 0.00238542 0.00471882)
(-0.0133429 0.00303619 0.00356565)
(-0.0137207 0.00376463 0.00442165)
(-0.0114998 0.00149688 0.00262999)
(-0.00997191 0.000672138 0.00227109)
(-0.0120281 0.00204329 0.00337895)
(-0.0109951 0.000513601 0.00462348)
(-0.00946025 -0.000294229 0.00374839)
(-0.011018 0.00103443 0.00357074)
(-0.0117085 0.00160919 0.00468921)
(-0.00959549 0.000205255 0.00288535)
(-0.00903445 -0.000657723 0.00250741)
(-0.00792121 -0.00102016 0.0019272)
(-0.0093105 -0.000154785 0.00194753)
(-0.00803989 -0.00057334 0.00142303)
(-0.00774795 -0.00108663 0.00130624)
(-0.0169932 0.00582541 0.00040112)
(-0.0170905 0.00550744 -0.000532377)
(-0.0185957 0.00546528 -0.00672949)
(-0.0181444 0.00416833 -0.00681421)
(-0.0157894 0.00500062 0.00076752)
(-0.0164127 0.00553807 -0.000807575)
(-0.0168769 0.00588552 -0.00174943)
(-0.0169786 0.0057333 5.04717e-05)
(-0.0162646 0.00569106 0.00134675)
(-0.0164744 0.00613871 -0.00125451)
(-0.017299 0.00565424 -0.00400338)
(-0.0174031 0.00582946 -0.0024356)
(-0.0180688 0.00559885 -0.00282556)
(-0.0182506 0.00490995 -0.00547839)
(-0.0178102 0.00605811 -0.00331147)
(-0.0186531 0.00638889 -0.00356241)
(-0.019903 0.00500329 -0.00669455)
(-0.0185249 0.00601927 -0.00444461)
(-0.01492 -0.00529878 -0.0096591)
(-0.015398 -0.0060331 -0.0097653)
(-0.0141993 -0.0044265 -0.00948211)
(-0.0115185 -0.00696225 -0.00443352)
(-0.0109144 -0.00608193 -0.00531415)
(-0.0117544 -0.00539505 -0.00717795)
(-0.0129898 -0.00649689 -0.00716094)
(-0.0115676 -0.00660401 -0.00584764)
(-0.0134512 -0.00560479 -0.00842224)
(-0.017857 0.00358356 -0.00567376)
(-0.0177319 0.00432799 -0.00217615)
(-0.0182163 0.00478968 -0.00254929)
(-0.0183524 0.00371504 -0.00482798)
(-0.017226 0.00438398 -0.00359809)
(-0.01878 0.000544849 -0.0059146)
(-0.0181404 0.00240512 -0.00499265)
(-0.0192886 4.89643e-05 -0.00642216)
(-0.0176567 0.00145915 -0.00594954)
(-0.0191141 0.00355506 -0.00319093)
(-0.0172655 0.00102006 -0.00458373)
(-0.0182587 0.000728569 -0.00426244)
(-0.0178013 0.00220869 -0.00455034)
(-0.0223814 -0.0117969 -0.0014696)
(-0.0247527 -0.0124185 -0.00262142)
(-0.0224093 -0.011603 -0.00337044)
(-0.0239402 -0.0121404 -0.00322122)
(-0.0272818 -0.0135448 0.00167104)
(-0.0281142 -0.0129814 0.00148938)
(-0.0256435 -0.0132637 0.000852981)
(-0.0254659 -0.0131852 -0.000553421)
(-0.0250352 -0.0125073 -0.000658349)
(-0.028208 -0.0132538 -0.000313022)
(-0.0296344 -0.0129024 0.0132098)
(-0.0273623 -0.0126294 0.0122774)
(-0.0234024 -0.0117896 0.0146666)
(-0.0234302 -0.0125027 0.0144458)
(-0.0255905 -0.0166877 0.0128869)
(-0.0238074 -0.0160751 0.0131356)
(-0.0240585 -0.0153765 0.0148368)
(-0.0261435 -0.0146237 0.0134367)
(-0.0263853 -0.0127693 0.0122324)
(-0.027868 -0.0133304 0.0118455)
(-0.0252496 -0.015032 0.0126419)
(-0.0272095 -0.0144873 0.0132506)
(-0.0231386 -0.00475015 -0.0132009)
(-0.0282589 -0.00213445 -0.0135903)
(-0.0274316 -0.00295336 -0.0143162)
(-0.0287153 -0.00371822 -0.0124054)
(-0.026472 -0.00374878 -0.0110657)
(-0.0250183 -0.00394819 -0.0122474)
(-0.022385 -0.00489027 -0.0126312)
(-0.0196085 -0.0065199 -0.0106541)
(-0.0252577 -0.00571425 -0.0114811)
(-0.0214045 -0.00715133 -0.0102399)
(-0.017944 0.00608128 -0.00795237)
(-0.018631 0.00597663 -0.00870172)
(-0.0199812 0.00478585 -0.0117986)
(-0.0189075 0.00588819 -0.0104648)
(-0.0184022 0.00567902 -0.00872435)
(-0.0187007 0.00461912 -0.0112141)
(-0.0189694 0.00416837 -0.011088)
(-0.0190921 0.00532619 -0.00936945)
(-0.0195019 0.00526296 -0.0102369)
(-0.0193865 0.0043774 -0.011097)
(-0.0345617 -0.0094925 -0.00486124)
(-0.0353988 -0.0105961 -0.00468311)
(-0.0306751 -0.0108632 -0.00515725)
(-0.0315815 -0.0104578 -0.00424209)
(-0.0291737 -0.0113512 -0.00519786)
(-0.028836 -0.0122356 -0.00829047)
(-0.0350223 -0.00963686 -0.00745262)
(-0.0324484 -0.00995555 -0.00701678)
(-0.0358246 -0.0105433 -0.00812822)
(-0.0342321 -0.00875494 -0.00639627)
(-0.0304788 -0.0126169 -0.0101585)
(-0.0301325 -0.0123224 -0.00783978)
(-0.0288548 -0.0116902 -0.00878339)
(-0.0311549 -0.0117041 -0.00830679)
(-0.0255117 -0.0114748 -0.00605791)
(-0.0248857 -0.0113664 -0.00771081)
(-0.0271345 -0.0121171 -0.00714837)
(-0.0261103 -0.0117507 -0.00803929)
(-0.0216029 -0.00614401 -0.0122083)
(-0.0243462 -0.0108184 -0.00937019)
(-0.022874 -0.010573 -0.00767117)
(-0.0232377 -0.00889439 -0.0116191)
(-0.0228653 -0.00767054 -0.0121671)
(-0.0230802 -0.00964012 -0.00950664)
(-0.0240558 -0.00928114 -0.013433)
(-0.024655 -0.010303 -0.0111967)
(-0.0223839 -0.008131 -0.0119581)
(-0.0253481 -0.0115067 -0.00890858)
(-0.0265263 -0.0120041 -0.00909214)
(-0.0248146 -0.0109481 -0.00940467)
(-0.0301191 -0.0112442 -0.00171869)
(-0.0308177 -0.0124348 -0.00428599)
(-0.0282371 -0.0120962 -0.00308779)
(-0.0299461 -0.0117925 -0.00297361)
(-0.0306633 -0.0117193 -0.0038901)
(-0.0225307 -0.00838461 -0.0162611)
(-0.0252074 -0.0115723 -0.011027)
(-0.0264096 -0.0120623 -0.011558)
(-0.0265527 -0.0122605 -0.012978)
(-0.0250888 -0.0113516 -0.0121783)
(-0.0238896 -0.00948969 -0.0158417)
(-0.0241798 -0.0108541 -0.0142672)
(-0.0249249 -0.0113736 -0.0132538)
(-0.0229312 -0.00995489 -0.0120774)
(-0.0234516 -0.00957441 -0.0140071)
(-0.0232963 -0.00903784 -0.0154998)
(-0.0226074 -0.00746743 -0.0158289)
(-0.0224573 -0.00174849 -0.014402)
(-0.0194257 -0.00312768 -0.012993)
(-0.0182811 -0.00353837 -0.0131976)
(-0.0316031 -0.0116864 -0.00970018)
(-0.0318465 -0.0104757 -0.00893161)
(-0.0311971 -0.00958096 -0.00835044)
(-0.0161685 -0.010455 -0.0056319)
(-0.0153149 -0.00977163 -0.004771)
(-0.0165685 -0.0100096 -0.00551467)
(-0.0220159 -0.00878048 -0.00834115)
(-0.0177805 -0.0107116 -0.00701405)
(-0.0217954 -0.00948346 -0.00712311)
(-0.0214823 -0.00817721 -0.00787631)
(-0.0248305 -0.00755949 -0.00860212)
(-0.0174868 -0.00888895 -0.00621337)
(-0.026698 -0.00706942 -0.00827833)
(-0.0227258 -0.00782296 -0.00681521)
(-0.00416359 -0.0137369 0.00537618)
(-0.00712528 -0.00845652 -0.00119525)
(-0.00799288 -0.00959856 -0.00165148)
(-0.00949324 -0.00829478 -0.0013387)
(-0.00800146 -0.00847776 -0.0013808)
(-0.00968183 -0.00837256 -0.00140462)
(-0.0112559 -0.00837209 -0.00145627)
(-0.0214866 -0.0133637 0.00188228)
(-0.0212105 -0.0109379 0.000750219)
(-0.0197202 -0.00800536 0.000449015)
(-0.0233351 -0.00752228 0.00114967)
(-0.0158093 0.00416821 0.00957402)
(-0.0169953 0.00406962 0.0077996)
(-0.0168009 0.00467643 0.00848825)
(-0.0155982 0.00394139 0.00900212)
(-0.0130956 0.000427526 0.0113877)
(-0.0142554 0.00194548 0.00997452)
(-0.018908 0.00123444 -0.00367487)
(-0.0202876 0.00454953 0.000147256)
(-0.0177568 0.00133815 -0.00233963)
(-0.0191485 0.00235228 -0.00223024)
(-0.0189945 0.00185494 -0.00122806)
(-0.0179567 0.00106066 -0.00219741)
(-0.0190255 -0.0118046 -2.35606e-05)
(-0.0189192 -0.0122617 0.000510939)
(-0.0202601 -0.0123035 -0.000511325)
(-0.0192431 -0.0128697 0.000778011)
(-0.0199487 -0.00982034 -0.00190956)
(-0.019904 -0.00722762 -0.003271)
(-0.0185043 -0.0078902 -0.00322291)
(-0.0200898 -0.00842106 -0.00346688)
(-0.0187935 -0.0162656 0.00713657)
(-0.0221672 -0.0177046 0.00830173)
(-0.0106689 -0.009985 -0.000467155)
(-0.0110467 -0.00976804 -0.00061406)
(-0.0112093 -0.010168 -0.00120078)
(-0.0133171 -0.0106553 -0.00342689)
(-0.0135637 -0.0102718 -0.00451609)
(-0.0141365 -0.00953665 -0.00503943)
(-0.0119605 -0.010142 -0.00246508)
(-0.0138201 -0.00900916 -0.00544737)
(-0.010192 -0.00747231 -0.00122897)
(-0.0103238 -0.00823876 -0.00130223)
(-0.0121468 -0.00790142 -0.00374191)
(-0.010871 -0.00782579 -0.00208943)
(-0.00844111 -0.00506544 0.00361366)
(-0.00914863 -0.00557849 0.00224235)
(-0.00866759 -0.00559472 0.00328146)
(-0.00891658 -0.00598416 0.00285586)
(-0.00869587 -0.00611661 0.00360921)
(-0.00883315 -0.0058208 0.00389202)
(-0.00901107 -0.00656192 0.00256219)
(-0.00949006 -0.00720236 0.0020531)
(-0.0088776 -0.0072181 0.00291209)
(-0.00929179 -0.00713037 0.00338421)
(-0.00913264 -0.00754321 0.00392149)
(-0.00927335 -0.00832201 0.00354988)
(-0.00925398 -0.00809103 0.00166325)
(-0.00923401 -0.00868638 0.00286293)
(-0.0123176 0.000635886 0.00842056)
(-0.0127582 0.000830152 0.00917532)
(-0.0123172 -0.000516523 0.00928968)
(-0.00910685 -0.00129196 0.00506621)
(-0.0105427 -0.000202977 0.00771192)
(-0.0100542 -0.000579023 0.00625384)
(-0.00886245 -0.00423321 0.00645755)
(-0.00919253 -0.00387774 0.00833189)
(-0.0102009 -0.00307894 0.00888308)
(-0.0108798 -0.00241453 0.00926055)
(-0.00821814 -0.00244383 0.00375653)
(-0.00828549 -0.00298728 0.00377748)
(-0.00865648 -0.0019994 0.00468579)
(-0.00817046 -0.00308403 0.00467594)
(-0.00922479 -0.0039292 0.00628506)
(-0.0153814 0.00412651 0.00654925)
(-0.0162044 0.00443139 0.00577453)
(-0.0176804 0.00569769 0.00196409)
(-0.0174477 0.00537752 0.00206816)
(-0.0170939 0.0053499 0.00359914)
(-0.0162786 0.00523258 0.00453174)
(-0.0157398 0.00522645 0.00362099)
(-0.0162377 0.00513141 0.00248155)
(-0.0163892 0.00523582 0.00441938)
(-0.0169731 0.0056633 0.00305038)
(-0.0157321 0.00451986 0.00479084)
(-0.0151846 0.00395415 0.00604872)
(-0.01441 0.00336113 0.00666223)
(-0.0146919 0.00337599 0.00662181)
(-0.0159302 0.00446989 0.00465383)
(-0.0150395 0.00409372 0.00554928)
(-0.0101749 -0.0120142 -0.00238558)
(-0.010684 -0.011824 -0.00276952)
(-0.00749053 -0.0119044 -0.00115411)
(-0.00627437 -0.013643 0.00100253)
(-0.00741489 -0.0142297 0.00310428)
(-0.00644369 -0.0140603 0.00236549)
(-0.00678351 -0.0136107 0.00327398)
(-0.006979 -0.0133626 0.00225954)
(-0.00868592 -0.00457888 -0.00269722)
(-0.00885875 -0.00472155 -0.00322139)
(-0.00919353 -0.0049211 -0.0040411)
(-0.00861441 -0.00432354 -0.00297788)
(-0.0100688 -0.0065597 0.0152783)
(-0.00955186 -0.00632177 0.0159469)
(-0.00783574 -0.00744419 0.0157701)
(-0.00873364 -0.00752437 0.0156763)
(-0.00747083 -0.00883814 0.015347)
(-0.0071329 -0.00940096 0.0139769)
(-0.0077376 -0.00932203 0.0137911)
(-0.00841786 -0.00834018 0.0143525)
(-0.00799716 -0.00842779 0.0127926)
(-0.00849733 -0.00609643 0.0135337)
(-0.0085981 -0.0070097 0.0147248)
(-0.00899704 -0.00833275 0.0141659)
)
;
    }
    INLET
    {
        type            calculated;
        value           nonuniform 0();
    }
    OUTLET
    {
        type            calculated;
        value           nonuniform 0();
    }
    procBoundary6to5
    {
        type            processor;
        value           uniform (0 0 0);
    }
    procBoundary6to8
    {
        type            processor;
        value           uniform (0 0 0);
    }
}


// ************************************************************************* //
